step_arrived;step_collisions;step_duration;step_ended;step_halting;step_inserted;step_loaded;step_meanSpeed;step_meanSpeedRelative;step_meanTravelTime;step_meanWaitingTime;step_running;step_teleports;step_time;step_waiting
0;0;621757709;0;1;86;245;16.29;1.15;-1.00;0.00;86;0;0.00;159
0;0;621757736;0;0;96;245;15.60;1.09;-1.00;0.10;96;0;1.00;149
0;0;621757737;0;1;116;245;14.77;1.01;-1.00;0.43;116;0;2.00;129
0;0;621757738;0;2;129;245;13.97;0.95;-1.00;0.69;129;0;3.00;116
0;0;621757739;0;3;147;245;12.86;0.86;-1.00;1.10;147;0;4.00;98
0;0;621757741;0;5;155;245;11.84;0.79;-1.00;1.30;155;0;5.00;90
0;0;621757742;0;7;167;245;10.97;0.73;-1.00;1.63;167;0;6.00;78
0;0;621757744;0;10;178;245;10.36;0.69;-1.00;1.97;178;0;7.00;67
0;0;621757746;0;19;184;246;9.88;0.65;-1.00;2.16;184;0;8.00;62
0;0;621757747;0;21;191;247;9.31;0.62;-1.00;2.41;191;0;9.00;56
0;0;621757750;0;24;199;247;8.97;0.59;-1.00;2.72;199;0;10.00;48
0;0;621757752;0;25;201;248;8.81;0.58;-1.00;2.75;201;0;11.00;47
1;0;621757754;1;28;207;248;8.70;0.57;12.00;3.02;206;0;12.00;41
1;0;621757756;1;33;210;248;8.60;0.56;12.00;3.16;209;0;13.00;38
2;0;621757758;2;40;214;248;8.52;0.55;13.00;3.36;212;0;14.00;34
2;0;621757761;2;40;222;252;8.35;0.54;13.00;3.66;220;0;15.00;30
2;0;621757764;2;44;223;252;8.41;0.54;13.00;3.71;221;0;16.00;29
2;0;621757766;2;49;226;252;8.41;0.54;13.00;3.89;224;0;17.00;26
2;0;621757769;2;57;230;255;8.41;0.53;13.00;4.10;228;0;18.00;25
3;0;621757772;3;59;231;255;8.60;0.54;15.00;4.11;228;0;19.00;24
4;0;621757774;4;64;234;255;8.74;0.55;16.25;4.24;230;0;20.00;21
4;0;621757777;4;70;240;259;8.89;0.56;16.25;4.32;236;0;21.00;19
5;0;621757780;5;73;242;260;9.06;0.57;17.40;4.38;237;0;22.00;18
5;0;621757783;5;78;243;260;9.02;0.57;17.40;4.46;238;0;23.00;17
6;0;621757786;6;79;249;264;8.91;0.56;18.33;4.58;243;0;24.00;15
7;0;621757789;7;86;250;264;8.77;0.55;19.29;4.66;243;0;25.00;14
7;0;621757792;7;86;253;264;8.73;0.55;19.29;4.82;246;0;26.00;11
7;0;621757795;7;90;254;265;8.70;0.54;19.29;4.91;247;0;27.00;11
7;0;621757798;7;93;255;265;8.72;0.54;19.29;4.93;248;0;28.00;10
7;0;621757801;7;95;262;271;8.61;0.53;19.29;5.04;255;0;29.00;9
7;0;621757806;7;100;264;271;8.49;0.53;19.29;5.23;257;0;30.00;7
7;0;621757809;7;100;265;272;8.37;0.52;19.29;5.21;258;0;31.00;7
9;0;621757812;9;103;267;272;8.13;0.50;21.78;5.27;258;0;32.00;5
9;0;621757815;9;108;268;272;8.07;0.50;21.78;5.31;259;0;33.00;4
10;0;621757818;10;110;268;272;8.15;0.51;23.00;5.31;258;0;34.00;4
11;0;621757821;11;113;269;272;8.17;0.51;23.55;5.32;258;0;35.00;3
11;0;621757824;11;116;280;284;8.55;0.53;23.55;5.11;269;0;36.00;4
11;0;621757828;11;118;281;284;8.54;0.53;23.55;5.10;270;0;37.00;3
12;0;621757831;12;120;281;284;8.47;0.52;24.42;5.10;269;0;38.00;3
12;0;621757834;12;122;281;284;8.39;0.52;24.42;5.10;269;0;39.00;3
12;0;621757837;12;122;281;284;8.30;0.51;24.42;5.10;269;0;40.00;3
12;0;621757840;12;124;281;284;8.13;0.51;24.42;5.10;269;0;41.00;3
15;0;621757843;15;129;285;288;8.02;0.50;26.20;5.04;270;0;42.00;3
16;0;621757847;16;129;285;288;7.81;0.48;26.94;5.04;269;0;43.00;3
17;0;621757850;17;133;289;292;7.79;0.48;27.94;4.98;272;0;44.00;3
19;0;621757853;19;139;291;294;7.67;0.48;29.05;4.95;272;0;45.00;3
19;0;621757856;19;141;291;294;7.56;0.47;29.05;4.95;272;0;46.00;3
19;0;621757859;19;139;291;294;7.51;0.47;29.05;4.95;272;0;47.00;3
19;0;621757862;19;140;302;307;7.76;0.48;29.05;4.77;283;0;48.00;5
19;0;621757865;19;142;302;307;7.61;0.47;29.05;4.77;283;0;49.00;5
19;0;621757868;19;145;302;307;7.57;0.47;29.05;4.77;283;0;50.00;5
19;0;621757871;19;146;303;308;7.65;0.48;29.05;4.76;284;0;51.00;5
19;0;621757874;19;148;304;309;7.58;0.48;29.05;4.74;285;0;52.00;5
21;0;621757876;21;150;304;309;7.51;0.47;31.10;4.74;283;0;53.00;5
23;0;621757879;23;153;306;312;7.47;0.46;31.52;4.71;283;0;54.00;6
23;0;621757882;23;155;306;312;7.37;0.46;31.52;4.71;283;0;55.00;6
23;0;621757885;23;144;307;312;7.34;0.45;31.52;4.70;284;0;56.00;5
25;0;621757888;25;143;307;312;7.27;0.45;32.56;4.70;282;0;57.00;5
26;0;621757890;26;142;312;318;7.33;0.45;33.46;4.64;286;0;58.00;6
27;0;621757894;27;141;312;318;7.29;0.45;34.41;4.64;285;0;59.00;6
28;0;621757898;28;145;312;318;7.31;0.45;35.32;4.64;284;0;60.00;6
30;0;621757901;30;147;313;318;7.18;0.44;36.13;4.64;283;0;61.00;5
30;0;621757904;30;149;317;322;7.29;0.45;36.13;4.60;287;0;62.00;5
30;0;621757907;30;152;318;323;7.43;0.46;36.13;4.58;288;0;63.00;5
31;0;621757910;31;154;318;323;7.52;0.46;36.84;4.58;287;0;64.00;5
32;0;621757913;32;153;319;324;7.71;0.47;37.50;4.57;287;0;65.00;5
33;0;621757916;33;154;319;324;7.74;0.47;37.09;4.57;286;0;66.00;5
34;0;621757919;34;142;319;324;7.81;0.48;37.85;4.57;285;0;67.00;5
34;0;621757922;34;138;319;324;7.88;0.48;37.85;4.57;285;0;68.00;5
34;0;621757925;34;134;319;324;7.91;0.48;37.85;4.57;285;0;69.00;5
34;0;621757928;34;131;319;324;7.98;0.49;37.85;4.57;285;0;70.00;5
35;0;621757931;35;130;319;324;8.05;0.49;38.80;4.57;284;0;71.00;5
35;0;621757934;35;133;352;394;8.23;0.51;38.80;4.14;317;0;72.00;42
36;0;621757946;36;128;353;395;8.38;0.51;39.17;4.13;317;0;73.00;42
36;0;621757950;36;122;360;395;8.68;0.53;39.17;4.09;324;0;74.00;35
36;0;621757953;36;123;362;395;8.87;0.54;39.17;4.09;326;0;75.00;33
37;0;621757956;37;119;364;395;9.06;0.55;40.16;4.09;327;0;76.00;31
37;0;621757965;37;119;365;395;9.16;0.56;40.16;4.09;328;0;77.00;30
37;0;621757970;37;121;369;395;9.33;0.57;40.16;4.11;332;0;78.00;26
37;0;621757973;37;122;370;395;9.20;0.56;40.16;4.12;333;0;79.00;25
38;0;621757977;38;123;373;396;9.18;0.56;40.66;4.15;335;0;80.00;23
38;0;621757981;38;123;377;397;9.14;0.56;40.66;4.20;339;0;81.00;20
40;0;621757984;40;124;380;397;9.15;0.56;42.73;4.22;340;0;82.00;17
40;0;621757988;40;127;386;401;8.98;0.55;42.73;4.20;346;0;83.00;15
42;0;621757992;42;132;386;401;8.91;0.54;44.57;4.20;344;0;84.00;15
42;0;621757995;42;131;386;401;8.81;0.53;44.57;4.20;344;0;85.00;15
42;0;621757999;42;133;386;401;8.71;0.53;44.57;4.20;344;0;86.00;15
42;0;621758002;42;134;391;407;8.68;0.53;44.57;4.16;349;0;87.00;16
43;0;621758006;43;136;391;407;8.55;0.52;45.56;4.16;348;0;88.00;16
43;0;621758010;43;137;391;407;8.46;0.51;45.56;4.16;348;0;89.00;16
47;0;621758016;47;138;395;413;8.22;0.50;49.15;4.12;348;0;90.00;18
47;0;621758020;47;136;395;413;8.08;0.49;49.15;4.12;348;0;91.00;18
48;0;621758024;48;133;397;413;8.03;0.49;50.04;4.11;349;0;92.00;16
50;0;621758027;50;135;398;414;7.96;0.48;50.32;4.10;348;0;93.00;16
51;0;621758031;51;135;399;415;8.01;0.49;51.18;4.10;348;0;94.00;16
54;0;621758034;54;133;399;415;8.04;0.49;53.50;4.10;345;0;95.00;16
56;0;621758038;56;135;410;428;8.08;0.49;55.02;3.99;354;0;96.00;18
58;0;621758042;58;132;410;428;8.13;0.50;56.45;3.99;352;0;97.00;18
58;0;621758046;58;133;410;428;8.21;0.50;56.45;3.99;352;0;98.00;18
61;0;621758049;61;132;411;429;8.32;0.51;58.54;3.98;350;0;99.00;18
62;0;621758055;62;129;411;429;8.43;0.52;59.21;3.98;349;0;100.00;18
63;0;621758065;63;126;414;433;8.60;0.53;59.76;3.95;351;0;101.00;19
64;0;621758069;64;119;414;433;8.71;0.53;60.39;3.95;350;0;102.00;19
65;0;621758073;65;114;418;437;8.72;0.53;60.98;3.93;353;0;103.00;19
66;0;621758077;66;110;418;437;8.90;0.54;61.61;3.93;352;0;104.00;19
66;0;621758082;66;104;420;437;8.99;0.55;61.61;4.06;354;0;105.00;17
67;0;621758093;67;97;420;437;9.15;0.56;62.24;4.06;353;0;106.00;17
67;0;621758098;67;93;420;437;9.23;0.56;62.24;4.06;353;0;107.00;17
67;0;621758102;67;85;430;449;9.46;0.58;62.24;3.97;363;0;108.00;19
67;0;621758107;67;79;431;449;9.55;0.58;62.24;3.96;364;0;109.00;18
68;0;621758111;68;78;432;449;9.58;0.59;62.94;3.96;364;0;110.00;17
68;0;621758115;68;74;432;449;9.73;0.60;62.94;3.96;364;0;111.00;17
68;0;621758119;68;75;432;449;9.81;0.60;62.94;3.96;364;0;112.00;17
69;0;621758124;69;74;432;449;9.93;0.61;63.67;3.96;363;0;113.00;17
69;0;621758129;69;72;433;450;10.08;0.62;63.67;3.95;364;0;114.00;17
70;0;621758134;70;70;433;450;10.24;0.63;64.36;3.95;363;0;115.00;17
70;0;621758139;70;67;438;456;10.54;0.65;64.36;3.92;368;0;116.00;18
71;0;621758144;71;68;438;457;10.61;0.65;65.04;3.92;367;0;117.00;19
73;0;621758149;73;69;440;457;10.66;0.65;66.49;4.17;367;0;118.00;17
73;0;621758154;73;73;440;457;10.77;0.66;66.49;4.17;367;0;119.00;17
75;1;621758161;75;74;445;462;10.87;0.67;67.83;4.39;370;1;120.00;17
75;1;621758179;75;76;447;462;10.93;0.67;67.83;4.59;372;1;121.00;15
78;1;621758184;78;77;447;462;10.98;0.67;69.83;4.59;369;1;122.00;15
78;1;621758190;78;77;449;463;11.02;0.67;69.83;4.85;371;1;123.00;14
78;1;621758195;78;77;455;467;11.03;0.67;69.83;5.02;377;1;124.00;12
81;1;621758201;81;80;456;467;11.11;0.68;71.75;5.18;375;1;125.00;11
83;1;621758207;83;83;460;470;11.23;0.68;72.89;5.37;377;1;126.00;10
84;1;621758213;84;85;462;470;11.37;0.69;73.11;5.52;378;1;127.00;8
85;1;621758219;85;85;464;470;11.57;0.70;73.71;5.65;379;1;128.00;6
86;1;621758225;86;84;466;470;11.64;0.71;74.19;5.77;380;1;129.00;4
87;1;621758231;87;85;470;474;11.83;0.72;74.41;5.86;383;1;130.00;4
88;2;621758237;88;85;471;474;11.94;0.73;75.06;5.85;383;2;131.00;3
89;2;621758255;89;85;472;474;11.98;0.73;74.89;5.91;383;2;132.00;2
90;2;621758261;90;88;472;474;12.05;0.74;75.51;5.91;382;2;133.00;2
91;2;621758267;91;88;473;475;12.06;0.74;75.89;5.90;382;2;134.00;2
91;2;621758273;91;91;476;477;11.94;0.73;75.89;5.95;385;2;135.00;1
91;2;621758279;91;92;476;477;11.90;0.73;75.89;5.95;385;2;136.00;1
91;2;621758285;91;93;478;478;11.78;0.72;75.89;5.96;387;2;137.00;0
94;2;621758291;94;94;478;478;11.64;0.71;77.11;5.96;384;2;138.00;0
99;2;621758297;99;95;478;478;11.47;0.70;78.66;5.96;379;2;139.00;0
100;2;621758303;100;98;478;478;11.37;0.70;79.25;5.96;378;2;140.00;0
104;2;621758309;104;97;478;478;11.19;0.69;80.52;5.96;374;2;141.00;0
105;2;621758315;105;98;478;478;11.10;0.68;81.10;5.96;373;2;142.00;0
106;2;621758320;106;99;478;478;11.07;0.68;81.49;5.96;372;2;143.00;0
106;2;621758325;106;122;552;605;10.89;0.69;81.49;5.16;446;2;144.00;53
107;2;621758343;107;116;559;606;10.83;0.68;81.64;5.11;452;2;145.00;47
108;2;621758350;108;116;565;606;10.86;0.68;82.19;5.08;457;2;146.00;41
111;2;621758357;111;116;569;606;10.67;0.67;83.51;5.07;458;2;147.00;37
112;2;621758363;112;120;573;606;10.60;0.67;84.09;5.06;461;2;148.00;33
114;2;621758370;114;121;574;606;10.45;0.66;83.89;5.06;460;2;149.00;32
117;2;621758377;117;121;578;611;10.34;0.65;85.49;5.04;461;2;150.00;33
119;2;621758388;119;118;580;611;10.35;0.65;86.45;5.05;461;2;151.00;31
119;2;621758396;119;119;582;612;10.48;0.65;86.45;5.06;463;2;152.00;30
121;2;621758403;121;120;585;613;10.56;0.66;87.16;5.08;464;2;153.00;28
121;2;621758410;121;124;587;613;10.66;0.66;87.16;5.10;466;2;154.00;26
124;2;621758416;124;129;590;614;10.58;0.66;86.88;5.10;466;2;155.00;24
127;2;621758423;127;129;595;614;10.45;0.65;87.37;5.15;468;2;156.00;19
127;2;621758429;127;130;597;614;10.38;0.65;87.37;5.17;470;2;157.00;17
129;2;621758436;129;132;598;614;10.37;0.65;88.43;5.19;469;2;158.00;16
131;2;621758444;131;138;603;618;10.28;0.64;89.32;5.20;472;2;159.00;15
132;2;621758461;132;145;604;618;10.13;0.63;89.86;5.22;472;2;160.00;14
134;2;621758468;134;147;606;618;10.01;0.62;90.84;5.26;472;2;161.00;12
136;2;621758478;136;147;608;621;9.76;0.60;91.70;5.30;472;2;162.00;13
138;2;621758489;138;149;610;621;9.63;0.60;92.69;5.34;472;2;163.00;11
138;2;621758497;138;151;612;621;9.63;0.60;92.69;5.38;474;2;164.00;9
140;2;621758503;140;153;617;625;9.49;0.59;93.01;5.39;477;2;165.00;8
141;2;621758510;141;154;620;626;9.37;0.58;93.47;5.42;479;2;166.00;6
144;2;621758517;144;154;622;626;9.23;0.57;93.44;5.42;478;2;167.00;4
145;2;621758522;145;156;626;630;9.14;0.56;93.13;5.42;481;2;168.00;4
147;2;621758528;147;160;627;630;8.99;0.56;93.54;5.41;480;2;169.00;3
149;2;621758534;149;147;628;630;8.99;0.56;93.89;5.42;479;2;170.00;2
150;2;621758540;150;140;629;631;8.93;0.55;94.34;5.41;479;2;171.00;2
154;2;621758546;154;136;629;631;8.84;0.54;95.99;5.41;475;2;172.00;2
155;2;621758552;155;133;635;637;8.99;0.55;96.01;5.37;480;2;173.00;2
155;2;621758558;155;132;635;637;8.96;0.55;96.01;5.37;480;2;174.00;2
155;2;621758564;155;136;638;638;9.00;0.55;96.01;5.40;483;2;175.00;0
156;2;621758570;156;134;638;638;9.04;0.55;95.72;5.40;482;2;176.00;0
156;2;621758576;156;134;638;638;9.12;0.56;95.72;5.40;482;2;177.00;0
157;2;621758583;157;133;638;638;9.14;0.56;96.24;5.40;481;2;178.00;0
157;2;621758588;157;131;638;638;9.22;0.56;96.24;5.40;481;2;179.00;0
157;2;621758596;157;131;669;672;9.36;0.58;96.24;5.15;512;2;180.00;3
157;2;621758605;157;133;670;672;9.41;0.58;96.24;5.14;513;2;181.00;2
158;2;621758611;158;132;671;672;9.45;0.59;96.77;5.14;513;2;182.00;1
160;2;621758617;160;130;672;672;9.42;0.58;96.99;5.14;512;2;183.00;0
160;2;621758624;160;133;672;672;9.47;0.59;96.99;5.14;512;2;184.00;0
163;2;621758630;163;137;672;672;9.61;0.59;98.04;5.14;509;2;185.00;0
164;2;621758636;164;140;676;676;9.60;0.59;98.28;5.11;512;2;186.00;0
165;2;621758644;165;145;676;676;9.65;0.60;98.53;5.11;511;2;187.00;0
166;2;621758657;166;150;680;680;9.67;0.60;99.02;5.09;514;2;188.00;0
169;2;621758664;169;156;681;681;9.65;0.60;98.77;5.08;512;2;189.00;0
172;2;621758671;172;164;681;681;9.60;0.59;99.28;5.08;509;2;190.00;0
176;2;621758677;176;168;681;681;9.48;0.58;99.45;5.08;505;2;191.00;0
176;2;621758684;176;175;694;694;9.50;0.59;99.45;4.99;518;2;192.00;0
179;2;621758691;179;175;694;694;9.37;0.58;99.68;4.99;515;2;193.00;0
180;2;621758697;180;179;694;694;9.37;0.58;99.81;4.99;514;2;194.00;0
183;2;621758704;183;178;695;695;9.28;0.57;99.91;4.98;512;2;195.00;0
185;2;621758710;185;181;696;696;9.20;0.57;100.17;4.97;511;2;196.00;0
187;2;621758717;187;189;696;696;9.10;0.56;100.05;4.97;509;2;197.00;0
192;2;621758724;192;193;698;699;8.96;0.55;100.64;4.96;506;2;198.00;1
193;2;621758730;193;200;698;699;8.85;0.54;100.65;4.96;505;2;199.00;1
198;2;621758737;198;203;699;699;8.63;0.53;100.40;4.96;501;2;200.00;0
200;2;621758748;200;207;699;699;8.36;0.51;100.41;4.96;499;2;201.00;0
203;2;621758754;203;213;705;705;8.14;0.50;100.20;4.92;502;2;202.00;0
204;2;621758760;204;217;705;705;7.90;0.48;100.00;4.92;501;2;203.00;0
206;2;621758766;206;224;705;705;7.61;0.47;99.61;4.92;499;2;204.00;0
207;2;621758772;207;228;705;705;7.39;0.45;99.25;4.92;498;2;205.00;0
208;2;621758777;208;235;709;709;7.29;0.45;99.67;4.90;501;2;206.00;0
211;2;621758783;211;240;710;710;7.17;0.44;99.45;4.89;499;2;207.00;0
213;2;621758791;213;243;710;710;6.97;0.43;99.77;4.89;497;2;208.00;0
214;2;621758796;214;249;711;711;6.89;0.42;99.92;4.89;497;2;209.00;0
214;2;621758804;214;254;711;711;6.81;0.42;99.92;4.89;497;2;210.00;0
215;2;621758809;215;264;711;711;6.64;0.41;100.39;4.89;496;2;211.00;0
215;2;621758815;215;269;711;711;6.48;0.40;100.39;4.89;496;2;212.00;0
218;2;621758820;218;269;711;711;6.31;0.39;101.03;4.89;493;2;213.00;0
218;2;621758825;218;273;711;711;6.17;0.38;101.03;4.89;493;2;214.00;0
220;2;621758831;220;279;711;711;6.06;0.37;101.41;4.89;491;2;215.00;0
221;2;621758837;221;297;755;781;6.39;0.40;101.89;4.60;534;2;216.00;26
222;2;621758849;222;283;757;782;6.46;0.40;102.06;4.59;535;2;217.00;25
223;2;621758855;223;272;763;782;6.59;0.41;102.39;4.57;540;2;218.00;19
223;2;621758861;223;255;764;782;6.69;0.41;102.39;4.57;541;2;219.00;18
225;2;621758868;225;245;768;782;6.84;0.42;102.75;4.57;543;2;220.00;14
226;2;621758875;226;238;768;782;7.06;0.43;103.27;4.57;542;2;221.00;14
228;2;621758881;228;235;771;782;7.24;0.44;103.89;4.57;543;2;222.00;11
228;2;621758888;228;229;772;782;7.40;0.45;103.89;4.58;544;2;223.00;10
230;2;621758895;230;228;775;783;7.49;0.46;104.92;4.59;545;2;224.00;8
231;2;621758903;231;229;781;785;7.51;0.46;105.41;4.60;550;2;225.00;4
231;2;621758916;231;211;783;785;7.58;0.46;105.41;4.61;552;2;226.00;2
231;2;621758924;231;204;789;789;7.72;0.47;105.41;4.60;558;2;227.00;0
232;2;621758931;232;195;789;789;7.87;0.48;105.93;4.60;557;2;228.00;0
233;2;621758938;233;189;789;789;8.08;0.50;106.10;4.60;556;2;229.00;0
235;2;621758946;235;184;789;789;8.24;0.51;105.53;4.60;554;2;230.00;0
236;2;621758953;236;182;795;795;8.48;0.52;105.63;4.58;559;2;231.00;0
236;2;621758962;236;172;795;795;8.67;0.53;105.63;4.58;559;2;232.00;0
238;2;621758970;238;172;795;795;8.81;0.54;106.45;4.58;557;2;233.00;0
239;2;621758977;239;164;797;798;8.96;0.55;106.38;4.56;558;2;234.00;1
241;2;621758985;241;162;797;798;9.02;0.55;107.02;4.56;556;2;235.00;1
243;2;621758992;243;161;798;798;9.11;0.56;108.01;4.56;555;2;236.00;0
244;2;621759000;244;153;799;799;9.16;0.56;108.03;4.56;555;2;237.00;0
245;2;621759007;245;143;800;800;9.26;0.57;108.37;4.55;555;2;238.00;0
249;2;621759015;249;139;800;800;9.32;0.57;110.07;4.55;551;2;239.00;0
249;2;621759024;249;141;824;826;9.32;0.57;110.07;4.42;575;2;240.00;2
251;2;621759033;251;133;824;826;9.39;0.57;110.25;4.42;573;2;241.00;2
252;2;621759040;252;129;826;826;9.56;0.58;110.21;4.41;574;2;242.00;0
255;2;621759047;255;131;827;827;9.72;0.59;109.79;4.41;572;2;243.00;0
256;2;621759055;256;129;827;827;9.88;0.60;109.67;4.41;571;2;244.00;0
260;2;621759062;260;127;831;831;9.97;0.61;111.18;4.39;571;2;245.00;0
264;2;621759069;264;127;831;831;10.06;0.61;112.61;4.39;567;2;246.00;0
267;2;621759076;267;128;835;835;10.02;0.61;113.61;4.38;568;2;247.00;0
268;2;621759084;268;126;835;835;10.00;0.61;113.57;4.38;567;2;248.00;0
269;2;621759091;269;126;835;835;10.02;0.61;114.07;4.38;566;2;249.00;0
272;3;621759098;272;125;835;835;9.97;0.60;114.73;4.38;563;3;250.00;0
274;3;621759117;274;129;835;835;10.00;0.61;115.16;4.38;561;3;251.00;0
275;3;621759125;275;127;846;847;10.05;0.61;115.66;4.32;571;3;252.00;1
276;3;621759132;276;129;846;847;9.99;0.61;115.63;4.32;570;3;253.00;1
278;3;621759140;278;130;847;847;9.95;0.60;116.60;4.32;569;3;254.00;0
279;3;621759147;279;136;847;847;9.88;0.60;116.58;4.32;568;3;255.00;0
279;3;621759154;279;137;847;847;9.92;0.60;116.58;4.32;568;3;256.00;0
279;3;621759161;279;141;847;847;9.93;0.60;116.58;4.32;568;3;257.00;0
279;3;621759173;279;145;848;848;9.93;0.60;116.58;4.31;569;3;258.00;0
282;3;621759180;282;150;848;848;9.87;0.60;117.43;4.31;566;3;259.00;0
283;3;621759186;283;147;854;854;9.85;0.60;117.42;4.29;571;3;260.00;0
284;3;621759194;284;145;855;855;9.84;0.60;117.42;4.28;571;3;261.00;0
284;3;621759200;284;144;855;855;9.83;0.60;117.42;4.28;571;3;262.00;0
287;3;621759206;287;143;855;855;9.85;0.60;117.90;4.28;568;3;263.00;0
289;3;621759212;289;143;859;859;9.81;0.59;117.79;4.26;570;3;264.00;0
292;3;621759220;292;145;859;859;9.80;0.59;118.75;4.26;567;3;265.00;0
292;3;621759227;292;142;859;859;9.85;0.60;118.75;4.26;567;3;266.00;0
293;3;621759233;293;141;860;860;9.95;0.60;118.80;4.26;567;3;267.00;0
295;3;621759240;295;136;864;864;9.95;0.60;118.67;4.25;569;3;268.00;0
298;3;621759247;298;130;864;864;10.03;0.61;119.74;4.25;566;3;269.00;0
301;3;621759255;301;125;868;870;10.14;0.61;120.66;4.23;567;3;270.00;2
305;3;621759262;305;124;869;870;10.15;0.61;121.70;4.22;564;3;271.00;1
307;3;621759269;307;117;870;870;10.25;0.62;122.00;4.22;563;3;272.00;0
310;3;621759275;310;113;870;870;10.23;0.62;122.16;4.22;560;3;273.00;0
310;3;621759282;310;110;874;874;10.39;0.63;122.16;4.20;564;3;274.00;0
312;3;621759290;312;109;874;874;10.42;0.63;122.28;4.20;562;3;275.00;0
315;3;621759297;315;104;874;874;10.43;0.63;122.60;4.20;559;3;276.00;0
316;3;621759303;316;105;874;874;10.54;0.64;122.86;4.20;558;3;277.00;0
320;3;621759311;320;94;875;875;10.57;0.64;122.89;4.20;555;3;278.00;0
323;3;621759318;323;87;876;876;10.68;0.65;123.26;4.20;553;3;279.00;0
326;3;621759325;326;82;876;876;10.66;0.65;123.30;4.20;550;3;280.00;0
327;3;621759332;327;81;877;877;10.75;0.65;123.40;4.19;550;3;281.00;0
330;3;621759340;330;82;877;877;10.78;0.65;123.18;4.19;547;3;282.00;0
330;3;621759347;330;80;877;877;10.86;0.66;123.18;4.19;547;3;283.00;0
333;3;621759354;333;82;877;877;10.87;0.66;123.23;4.19;544;3;284.00;0
333;3;621759366;333;88;877;877;10.91;0.66;123.23;4.19;544;3;285.00;0
336;3;621759380;336;86;877;877;11.02;0.67;123.68;4.19;541;3;286.00;0
339;3;621759394;339;85;877;877;11.19;0.68;124.14;4.19;538;3;287.00;0
339;3;621759405;339;101;948;1004;10.87;0.67;124.14;3.88;609;3;288.00;56
340;3;621759429;340;95;952;1005;10.97;0.68;124.21;3.87;612;3;289.00;53
341;3;621759441;341;90;959;1005;11.05;0.68;124.34;3.86;618;3;290.00;46
342;3;621759451;342;87;961;1005;11.07;0.68;124.78;3.85;619;3;291.00;44
343;3;621759463;343;91;968;1005;11.11;0.69;124.73;3.86;625;3;292.00;37
346;3;621759477;346;89;970;1005;11.15;0.69;125.91;3.86;624;3;293.00;35
347;3;621759487;347;89;973;1005;11.14;0.69;126.24;3.86;626;3;294.00;32
348;3;621759496;348;88;976;1005;11.24;0.69;126.30;3.87;628;3;295.00;29
349;3;621759505;349;93;979;1006;11.30;0.69;126.65;3.89;630;3;296.00;27
350;3;621759515;350;94;984;1007;11.27;0.69;126.72;3.91;634;3;297.00;23
352;3;621759524;352;95;985;1007;11.29;0.69;126.33;3.92;633;3;298.00;22
355;3;621759533;355;97;986;1008;11.21;0.69;126.74;3.93;631;3;299.00;22
356;3;621759545;356;97;992;1014;11.07;0.68;127.15;3.95;636;3;300.00;22
357;3;621759559;357;101;994;1014;10.94;0.67;127.04;3.97;637;3;301.00;20
360;3;621759569;360;106;996;1014;10.85;0.67;127.96;3.99;636;3;302.00;18
361;3;621759586;361;108;1000;1018;10.77;0.66;128.25;4.00;639;3;303.00;18
361;3;621759596;361;114;1003;1018;10.73;0.66;128.25;4.03;642;3;304.00;15
364;3;621759605;364;120;1007;1018;10.68;0.66;128.77;4.05;643;3;305.00;11
364;3;621759623;364;125;1011;1021;10.66;0.66;128.77;4.06;647;3;306.00;10
366;3;621759635;366;133;1011;1021;10.65;0.66;129.26;4.06;645;3;307.00;10
369;3;621759645;369;137;1011;1021;10.72;0.66;129.33;4.06;642;3;308.00;10
371;3;621759654;371;142;1016;1025;10.55;0.65;129.81;4.08;645;3;309.00;9
373;3;621759664;373;146;1017;1026;10.48;0.65;129.49;4.08;644;3;310.00;9
376;3;621759673;376;149;1018;1026;10.34;0.64;130.27;4.09;642;3;311.00;8
377;3;621759683;377;154;1024;1030;10.23;0.63;130.70;4.09;647;3;312.00;6
378;3;621759692;378;154;1025;1030;10.05;0.62;131.17;4.09;647;3;313.00;5
382;3;621759707;382;163;1027;1030;9.93;0.61;131.91;4.12;645;3;314.00;3
387;3;621759716;387;169;1028;1032;9.85;0.60;132.56;4.12;641;3;315.00;4
388;3;621759731;388;175;1030;1032;9.74;0.60;132.64;4.14;642;3;316.00;2
392;3;621759739;392;176;1036;1038;9.61;0.59;133.19;4.12;644;3;317.00;2
393;3;621759747;393;181;1036;1038;9.49;0.58;133.11;4.12;643;3;318.00;2
399;3;621759755;399;179;1037;1039;9.23;0.56;134.62;4.11;638;3;319.00;2
399;3;621759764;399;184;1038;1039;9.13;0.56;134.62;4.14;639;3;320.00;1
401;3;621759772;401;184;1038;1039;9.03;0.55;134.81;4.14;637;3;321.00;1
404;3;621759779;404;190;1039;1039;8.88;0.54;134.56;4.15;635;3;322.00;0
404;3;621759786;404;195;1039;1039;8.85;0.54;134.56;4.15;635;3;323.00;0
406;3;621759794;406;199;1050;1051;8.87;0.54;134.71;4.11;644;3;324.00;1
407;3;621759803;407;200;1050;1051;8.90;0.55;134.74;4.11;643;3;325.00;1
411;3;621759810;411;205;1051;1051;8.93;0.54;135.17;4.11;640;3;326.00;0
412;3;621759818;412;205;1051;1051;8.98;0.55;135.62;4.11;639;3;327.00;0
413;3;621759827;413;214;1051;1051;9.05;0.55;135.67;4.11;638;3;328.00;0
415;3;621759834;415;216;1051;1051;9.06;0.55;136.17;4.11;636;3;329.00;0
417;3;621759843;417;217;1055;1055;9.02;0.55;136.52;4.09;638;3;330.00;0
417;3;621759851;417;221;1055;1055;9.03;0.55;136.52;4.09;638;3;331.00;0
418;3;621759858;418;223;1059;1059;8.94;0.55;136.67;4.08;641;3;332.00;0
422;3;621759865;422;226;1060;1060;8.76;0.53;136.72;4.08;638;3;333.00;0
428;3;621759872;428;225;1060;1060;8.59;0.52;137.88;4.08;632;3;334.00;0
433;3;621759879;433;225;1060;1060;8.40;0.51;138.55;4.08;627;3;335.00;0
436;3;621759887;436;230;1073;1073;8.19;0.50;139.46;4.03;637;3;336.00;0
439;3;621759896;439;234;1073;1073;8.04;0.49;140.32;4.03;634;3;337.00;0
440;3;621759903;440;241;1073;1073;7.93;0.48;140.17;4.03;633;3;338.00;0
444;3;621759909;444;245;1074;1074;7.82;0.48;140.98;4.03;630;3;339.00;0
446;3;621759916;446;235;1075;1075;7.71;0.47;141.52;4.02;629;3;340.00;0
448;3;621759923;448;229;1075;1075;7.62;0.46;142.25;4.02;627;3;341.00;0
450;3;621759931;450;225;1078;1078;7.61;0.47;142.81;4.01;628;3;342.00;0
454;3;621759939;454;224;1078;1078;7.55;0.46;143.86;4.01;624;3;343.00;0
458;3;621759945;458;222;1078;1078;7.54;0.46;144.43;4.01;620;3;344.00;0
460;3;621759953;460;222;1078;1078;7.52;0.46;144.55;4.01;618;3;345.00;0
461;3;621759960;461;221;1084;1084;7.61;0.47;144.94;4.00;623;3;346.00;0
462;3;621759967;462;216;1084;1084;7.63;0.47;145.27;4.00;622;3;347.00;0
465;3;621759975;465;210;1084;1084;7.59;0.47;145.08;4.00;619;3;348.00;0
468;3;621759982;468;211;1084;1084;7.53;0.46;145.11;4.00;616;3;349.00;0
471;3;621759989;471;212;1088;1088;7.54;0.46;145.30;3.98;617;3;350.00;0
474;3;621759996;474;211;1089;1089;7.59;0.47;145.58;3.98;615;3;351.00;0
475;3;621760004;475;213;1089;1089;7.61;0.47;145.65;3.98;614;3;352.00;0
477;3;621760013;477;220;1090;1090;7.58;0.47;145.60;3.98;613;3;353.00;0
477;3;621760020;477;218;1090;1090;7.61;0.47;145.60;3.98;613;3;354.00;0
483;3;621760026;483;228;1090;1090;7.58;0.47;145.81;3.98;607;3;355.00;0
485;3;621760033;485;234;1090;1090;7.53;0.46;145.68;3.98;605;3;356.00;0
491;3;621760041;491;235;1090;1090;7.43;0.46;145.46;3.98;599;3;357.00;0
492;3;621760048;492;233;1090;1090;7.46;0.46;145.45;3.98;598;3;358.00;0
494;3;621760055;494;237;1090;1090;7.39;0.46;145.36;3.98;596;3;359.00;0
501;3;621760063;501;251;1157;1215;7.75;0.48;145.22;3.75;656;3;360.00;58
501;3;621760081;501;248;1164;1216;7.72;0.48;145.22;3.73;663;3;361.00;52
502;3;621760089;502;250;1177;1216;7.80;0.49;145.46;3.71;675;3;362.00;39
505;3;621760096;505;252;1180;1216;7.75;0.48;145.74;3.71;675;3;363.00;36
506;3;621760104;506;255;1185;1216;7.65;0.48;145.60;3.71;679;3;364.00;31
507;3;621760112;507;259;1187;1216;7.61;0.47;146.03;3.71;680;3;365.00;29
509;3;621760120;509;259;1192;1216;7.48;0.47;145.88;3.72;683;3;366.00;24
510;3;621760127;510;263;1196;1216;7.37;0.46;146.30;3.73;686;3;367.00;20
512;3;621760135;512;268;1201;1217;7.24;0.45;146.84;3.75;689;3;368.00;16
514;3;621760143;514;273;1206;1218;7.10;0.44;146.94;3.77;692;3;369.00;12
516;3;621760151;516;277;1210;1218;7.00;0.44;147.01;3.79;694;3;370.00;8
517;3;621760159;517;270;1217;1222;6.90;0.43;146.88;3.80;700;3;371.00;5
520;3;621760167;520;275;1219;1222;6.82;0.42;146.84;3.80;699;3;372.00;3
525;3;621760175;525;272;1219;1222;6.76;0.42;147.28;3.80;694;3;373.00;3
528;3;621760190;528;278;1220;1222;6.72;0.41;147.38;3.81;692;3;374.00;2
529;3;621760198;529;275;1227;1228;6.69;0.41;147.74;3.81;698;3;375.00;1
532;3;621760207;532;270;1227;1228;6.75;0.41;147.89;3.81;695;3;376.00;1
532;3;621760215;532;271;1227;1228;6.76;0.42;147.89;3.81;695;3;377.00;1
532;3;621760235;532;273;1231;1231;6.77;0.42;147.89;3.81;699;3;378.00;0
534;3;621760244;534;276;1231;1231;6.79;0.42;147.87;3.81;697;3;379.00;0
534;3;621760253;534;274;1231;1231;6.87;0.42;147.87;3.81;697;3;380.00;0
534;3;621760261;534;274;1232;1232;6.92;0.42;147.87;3.81;698;3;381.00;0
535;3;621760277;535;273;1233;1233;7.00;0.43;147.89;3.80;698;3;382.00;0
536;3;621760285;536;271;1233;1233;7.04;0.43;147.71;3.80;697;3;383.00;0
536;3;621760293;536;273;1245;1246;7.12;0.44;147.71;3.77;709;3;384.00;1
537;3;621760303;537;279;1246;1246;7.10;0.44;147.66;3.77;709;3;385.00;0
539;3;621760313;539;283;1246;1246;7.04;0.43;147.60;3.77;707;3;386.00;0
543;3;621760323;543;270;1247;1247;7.02;0.43;147.43;3.76;704;3;387.00;0
544;3;621760334;544;267;1247;1247;7.11;0.43;147.22;3.76;703;3;388.00;0
546;3;621760343;546;263;1251;1251;7.19;0.44;147.66;3.75;705;3;389.00;0
546;3;621760356;546;265;1251;1251;7.32;0.45;147.66;3.75;705;3;390.00;0
548;3;621760370;548;265;1255;1255;7.37;0.45;148.30;3.75;707;3;391.00;0
548;3;621760381;548;270;1255;1255;7.46;0.45;148.30;3.75;707;3;392.00;0
549;3;621760391;549;267;1255;1255;7.56;0.46;148.22;3.75;706;3;393.00;0
551;3;621760400;551;271;1255;1255;7.60;0.46;148.65;3.75;704;3;394.00;0
554;3;621760409;554;272;1255;1255;7.69;0.47;148.88;3.75;701;3;395.00;0
557;3;621760418;557;260;1266;1267;7.78;0.48;148.72;3.71;709;3;396.00;1
559;3;621760428;559;246;1267;1267;7.87;0.48;148.86;3.71;708;3;397.00;0
559;3;621760442;559;243;1267;1267;7.92;0.48;148.86;3.71;708;3;398.00;0
562;3;621760451;562;239;1267;1267;7.98;0.49;149.49;3.71;705;3;399.00;0
562;3;621760461;562;236;1267;1267;8.11;0.50;149.49;3.71;705;3;400.00;0
563;3;621760473;563;232;1267;1267;8.21;0.50;149.71;3.71;704;3;401.00;0
565;3;621760484;565;226;1268;1268;8.29;0.51;150.36;3.71;703;3;402.00;0
566;3;621760493;566;220;1268;1268;8.42;0.52;150.55;3.71;702;3;403.00;0
572;3;621760501;572;221;1274;1274;8.44;0.52;151.12;3.70;702;3;404.00;0
575;3;621760511;575;221;1276;1276;8.51;0.52;151.99;3.69;701;3;405.00;0
578;3;621760520;578;223;1276;1276;8.62;0.53;152.43;3.69;698;3;406.00;0
581;3;621760529;581;215;1276;1276;8.74;0.54;153.38;3.69;695;3;407.00;0
584;3;621760537;584;212;1280;1280;8.84;0.54;153.77;3.68;696;3;408.00;0
588;3;621760546;588;203;1280;1280;8.94;0.55;155.19;3.68;692;3;409.00;0
591;3;621760556;591;202;1280;1280;9.00;0.55;155.44;3.68;689;3;410.00;0
593;3;621760564;593;196;1281;1281;9.09;0.56;155.45;3.68;688;3;411.00;0
595;3;621760572;595;190;1285;1285;9.10;0.56;155.70;3.67;690;3;412.00;0
598;3;621760582;598;186;1285;1285;9.14;0.56;156.88;3.67;687;3;413.00;0
602;3;621760590;602;182;1287;1288;9.23;0.57;157.41;3.66;685;3;414.00;1
606;3;621760600;606;177;1287;1288;9.38;0.57;157.49;3.66;681;3;415.00;1
609;3;621760609;609;177;1288;1288;9.49;0.58;158.36;3.66;679;3;416.00;0
611;3;621760617;611;175;1288;1288;9.59;0.59;158.68;3.66;677;3;417.00;0
614;3;621760626;614;175;1292;1292;9.66;0.59;159.21;3.65;678;3;418.00;0
618;3;621760635;618;175;1292;1292;9.69;0.59;159.76;3.65;674;3;419.00;0
620;3;621760645;620;174;1292;1292;9.68;0.59;160.58;3.65;672;3;420.00;0
622;3;621760654;622;172;1292;1292;9.73;0.59;160.92;3.65;670;3;421.00;0
628;3;621760662;628;173;1293;1293;9.70;0.59;161.97;3.65;665;3;422.00;0
632;3;621760670;632;172;1294;1294;9.72;0.59;162.43;3.65;662;3;423.00;0
634;3;621760679;634;171;1294;1294;9.67;0.59;162.89;3.65;660;3;424.00;0
636;3;621760687;636;170;1295;1295;9.64;0.58;163.43;3.65;659;3;425.00;0
638;3;621760701;638;173;1295;1295;9.59;0.58;163.52;3.65;657;3;426.00;0
640;3;621760710;640;175;1295;1295;9.52;0.58;164.18;3.65;655;3;427.00;0
641;3;621760718;641;176;1295;1295;9.48;0.58;164.26;3.65;654;3;428.00;0
642;3;621760726;642;179;1295;1295;9.46;0.58;164.39;3.65;653;3;429.00;0
646;3;621760736;646;170;1295;1295;9.53;0.58;164.22;3.65;649;3;430.00;0
646;3;621760745;646;168;1295;1295;9.63;0.58;164.22;3.65;649;3;431.00;0
649;3;621760753;649;193;1374;1422;9.23;0.57;164.18;3.44;725;3;432.00;48
649;3;621760772;649;175;1374;1423;9.32;0.58;164.18;3.44;725;3;433.00;49
652;4;621760781;652;153;1379;1423;9.56;0.59;164.49;3.43;727;4;434.00;44
653;4;621760801;653;147;1379;1423;9.63;0.59;164.66;3.43;726;4;435.00;44
658;4;621760810;658;144;1385;1423;9.75;0.60;165.64;3.44;727;4;436.00;38
660;4;621760819;660;141;1386;1423;9.81;0.60;165.59;3.44;726;4;437.00;37
662;4;621760827;662;145;1388;1423;9.90;0.61;165.64;3.44;726;4;438.00;35
667;4;621760835;667;149;1389;1423;9.88;0.61;166.32;3.44;722;4;439.00;34
671;4;621760844;671;146;1392;1424;9.95;0.61;166.96;3.45;721;4;440.00;32
674;4;621760853;674;143;1395;1425;9.95;0.61;167.38;3.46;721;4;441.00;30
677;4;621760862;677;136;1399;1425;9.97;0.61;167.77;3.48;722;4;442.00;26
681;4;621760870;681;130;1404;1426;9.94;0.61;168.21;3.51;723;4;443.00;22
684;4;621760879;684;128;1407;1426;9.92;0.61;168.69;3.53;723;4;444.00;19
685;4;621760888;685;123;1413;1426;9.86;0.60;168.67;3.57;728;4;445.00;13
688;4;621760897;688;116;1415;1426;9.80;0.60;168.91;3.58;727;4;446.00;11
690;4;621760906;690;117;1418;1430;9.84;0.60;169.57;3.59;728;4;447.00;12
690;4;621760915;690;117;1421;1430;9.86;0.60;169.57;3.60;731;4;448.00;9
694;4;621760924;694;125;1422;1430;9.87;0.60;170.00;3.60;728;4;449.00;8
697;4;621760942;697;120;1426;1436;9.97;0.61;170.41;3.60;729;4;450.00;10
700;4;621760951;700;121;1427;1436;10.02;0.61;170.53;3.61;727;4;451.00;9
703;4;621760960;703;123;1429;1436;10.11;0.62;170.42;3.62;726;4;452.00;7
704;4;621760971;704;125;1433;1440;10.11;0.62;170.69;3.63;729;4;453.00;7
707;4;621760980;707;126;1434;1441;10.24;0.62;170.46;3.62;727;4;454.00;7
708;4;621760994;708;124;1436;1441;10.28;0.63;170.75;3.63;728;4;455.00;5
713;4;621761003;713;127;1438;1445;10.30;0.63;171.32;3.62;725;4;456.00;7
716;4;621761013;716;127;1439;1445;10.30;0.63;170.81;3.62;723;4;457.00;6
719;4;621761022;719;130;1439;1445;10.31;0.63;171.49;3.62;720;4;458.00;6
722;4;621761031;722;132;1440;1446;10.22;0.62;171.62;3.62;718;4;459.00;6
724;4;621761041;724;133;1440;1446;10.17;0.62;171.48;3.62;716;4;460.00;6
725;4;621761049;725;133;1446;1452;10.12;0.62;171.69;3.64;721;4;461.00;6
728;4;621761059;728;135;1446;1452;10.01;0.61;172.24;3.64;718;4;462.00;6
732;4;621761068;732;133;1448;1453;9.86;0.60;172.70;3.67;716;4;463.00;5
735;4;621761077;735;137;1448;1453;9.80;0.60;173.18;3.67;713;4;464.00;5
737;4;621761086;737;138;1448;1453;9.72;0.59;173.10;3.67;711;4;465.00;5
740;4;621761095;740;139;1449;1453;9.70;0.59;173.76;3.67;709;4;466.00;4
742;4;621761104;742;144;1449;1453;9.70;0.59;173.87;3.67;707;4;467.00;4
743;4;621761112;743;151;1458;1465;9.78;0.60;174.25;3.65;715;4;468.00;7
746;4;621761122;746;149;1459;1465;9.74;0.59;174.81;3.66;713;4;469.00;6
750;4;621761131;750;150;1461;1465;9.82;0.60;175.17;3.66;711;4;470.00;4
750;4;621761140;750;153;1462;1465;9.88;0.60;175.17;3.67;712;4;471.00;3
753;4;621761149;753;157;1462;1465;9.94;0.61;175.66;3.67;709;4;472.00;3
758;4;621761157;758;159;1464;1465;10.00;0.61;175.95;3.68;706;4;473.00;1
759;4;621761166;759;160;1467;1469;9.94;0.61;175.92;3.67;708;4;474.00;2
763;4;621761175;763;166;1468;1469;9.93;0.61;176.15;3.67;705;4;475.00;1
764;4;621761184;764;170;1473;1473;9.98;0.61;176.16;3.67;709;4;476.00;0
767;4;621761193;767;172;1474;1474;9.90;0.61;176.27;3.66;707;4;477.00;0
770;4;621761202;770;179;1474;1474;9.81;0.60;176.25;3.66;704;4;478.00;0
773;4;621761211;773;181;1474;1474;9.69;0.59;176.04;3.66;701;4;479.00;0
774;4;621761222;774;191;1494;1500;9.57;0.59;176.15;3.61;720;4;480.00;6
778;4;621761232;778;189;1496;1500;9.48;0.58;176.16;3.61;718;4;481.00;4
779;4;621761241;779;195;1499;1500;9.49;0.58;176.30;3.61;720;4;482.00;1
780;4;621761250;780;200;1501;1501;9.45;0.58;176.23;3.61;721;4;483.00;0
780;4;621761258;780;211;1502;1502;9.33;0.57;176.23;3.60;722;4;484.00;0
780;4;621761267;780;214;1502;1502;9.27;0.57;176.23;3.60;722;4;485.00;0
781;4;621761276;781;216;1504;1505;9.19;0.57;176.17;3.60;723;4;486.00;1
782;4;621761284;782;223;1504;1505;9.06;0.56;176.29;3.60;722;4;487.00;1
783;4;621761292;783;228;1505;1505;8.93;0.55;176.22;3.60;722;4;488.00;0
785;4;621761300;785;229;1505;1505;8.90;0.55;176.01;3.60;720;4;489.00;0
785;4;621761308;785;232;1510;1511;8.92;0.55;176.01;3.59;725;4;490.00;1
789;4;621761317;789;237;1510;1511;8.86;0.54;176.37;3.59;721;4;491.00;1
792;4;621761325;792;238;1511;1511;8.80;0.54;176.11;3.59;719;4;492.00;0
792;4;621761334;792;241;1511;1511;8.74;0.54;176.11;3.59;719;4;493.00;0
793;4;621761341;793;243;1515;1515;8.71;0.53;176.05;3.58;722;4;494.00;0
796;4;621761350;796;247;1517;1517;8.69;0.53;175.94;3.58;721;4;495.00;0
803;4;621761358;803;247;1517;1517;8.61;0.53;175.47;3.58;714;4;496.00;0
803;4;621761371;803;249;1518;1518;8.67;0.53;175.47;3.58;715;4;497.00;0
807;4;621761385;807;254;1518;1518;8.71;0.53;175.34;3.58;711;4;498.00;0
808;4;621761401;808;258;1518;1518;8.72;0.53;175.30;3.58;710;4;499.00;0
811;4;621761420;811;258;1518;1518;8.65;0.53;175.08;3.58;707;4;500.00;0
813;4;621761442;813;259;1518;1518;8.55;0.52;175.33;3.58;705;4;501.00;0
816;4;621761456;816;265;1518;1518;8.44;0.51;175.06;3.58;702;4;502.00;0
820;4;621761466;820;269;1518;1518;8.27;0.50;175.37;3.58;698;4;503.00;0
825;4;621761478;825;277;1562;1588;8.30;0.51;175.59;3.48;737;4;504.00;26
829;4;621761493;829;277;1565;1589;8.19;0.50;175.66;3.47;736;4;505.00;24
834;4;621761502;834;272;1572;1589;8.06;0.49;176.33;3.46;738;4;506.00;17
836;4;621761513;836;274;1573;1589;7.98;0.49;176.43;3.46;737;4;507.00;16
840;4;621761522;840;279;1575;1589;7.87;0.48;177.24;3.46;735;4;508.00;14
843;4;621761530;843;282;1579;1589;7.79;0.48;177.65;3.47;736;4;509.00;10
845;4;621761540;845;275;1582;1589;7.75;0.47;177.58;3.47;737;4;510.00;7
847;4;621761548;847;266;1584;1589;7.69;0.47;178.20;3.48;737;4;511.00;5
850;4;621761557;850;263;1585;1590;7.73;0.47;178.43;3.48;735;4;512.00;5
851;4;621761566;851;257;1587;1591;7.71;0.47;178.24;3.49;736;4;513.00;4
852;4;621761574;852;256;1590;1591;7.68;0.47;178.55;3.49;738;4;514.00;1
854;4;621761584;854;260;1594;1595;7.69;0.47;178.49;3.49;740;4;515.00;1
855;4;621761594;855;264;1594;1595;7.66;0.47;178.70;3.49;739;4;516.00;1
857;4;621761606;857;264;1594;1595;7.60;0.46;179.30;3.49;737;4;517.00;1
859;4;621761614;859;269;1595;1595;7.54;0.46;179.83;3.49;736;4;518.00;0
860;4;621761623;860;266;1600;1601;7.53;0.46;179.88;3.48;740;4;519.00;1
860;4;621761632;860;267;1601;1601;7.53;0.46;179.88;3.48;741;4;520.00;0
860;4;621761639;860;267;1601;1601;7.48;0.46;179.88;3.48;741;4;521.00;0
862;4;621761649;862;266;1603;1604;7.48;0.46;180.56;3.48;741;4;522.00;1
864;4;621761659;864;257;1604;1604;7.37;0.45;180.49;3.48;740;4;523.00;0
867;4;621761669;867;246;1604;1604;7.25;0.45;181.29;3.48;737;4;524.00;0
869;4;621761686;869;243;1605;1605;7.24;0.45;181.59;3.47;736;4;525.00;0
872;4;621761698;872;244;1606;1606;7.27;0.45;181.68;3.47;734;4;526.00;0
875;4;621761711;875;246;1606;1606;7.30;0.45;181.74;3.47;731;4;527.00;0
880;4;621761724;880;247;1619;1619;7.40;0.45;181.85;3.44;739;4;528.00;0
881;4;621761742;881;245;1619;1619;7.46;0.46;181.91;3.44;738;4;529.00;0
887;4;621761753;887;243;1619;1619;7.42;0.45;182.01;3.44;732;4;530.00;0
889;4;621761762;889;245;1620;1620;7.48;0.46;181.81;3.44;731;4;531.00;0
894;4;621761772;894;253;1620;1620;7.51;0.46;181.82;3.44;726;4;532.00;0
899;4;621761788;899;251;1624;1624;7.53;0.46;182.56;3.44;725;4;533.00;0
901;4;621761798;901;255;1624;1624;7.58;0.46;182.89;3.44;723;4;534.00;0
902;4;621761808;902;255;1628;1628;7.67;0.47;183.12;3.43;726;4;535.00;0
906;4;621761817;906;251;1628;1628;7.69;0.47;183.88;3.43;722;4;536.00;0
908;4;621761827;908;249;1628;1628;7.69;0.47;184.10;3.43;720;4;537.00;0
911;4;621761836;911;248;1628;1628;7.67;0.47;184.06;3.43;717;4;538.00;0
917;4;621761845;917;252;1628;1628;7.57;0.46;184.05;3.43;711;4;539.00;0
919;4;621761856;919;252;1658;1662;7.65;0.47;184.31;3.37;739;4;540.00;4
921;4;621761869;921;251;1659;1662;7.65;0.47;184.58;3.37;738;4;541.00;3
921;4;621761878;921;249;1661;1662;7.69;0.47;184.58;3.36;740;4;542.00;1
922;4;621761888;922;251;1661;1662;7.72;0.47;184.69;3.36;739;4;543.00;1
927;4;621761897;927;249;1662;1662;7.73;0.47;184.71;3.37;735;4;544.00;0
931;4;621761907;931;246;1662;1662;7.67;0.47;185.10;3.37;731;4;545.00;0
935;4;621761918;935;247;1663;1663;7.73;0.47;185.18;3.36;728;4;546.00;0
939;4;621761928;939;249;1663;1663;7.78;0.48;185.45;3.36;724;4;547.00;0
940;4;621761938;940;251;1669;1669;7.83;0.48;185.27;3.36;729;4;548.00;0
942;4;621761948;942;252;1670;1670;7.89;0.48;185.19;3.35;728;4;549.00;0
944;4;621761957;944;256;1670;1670;7.88;0.48;185.48;3.35;726;4;550.00;0
944;4;621761967;944;259;1670;1670;7.89;0.48;185.48;3.35;726;4;551.00;0
947;4;621761976;947;259;1674;1674;7.80;0.48;185.51;3.35;727;4;552.00;0
948;4;621761985;948;261;1674;1674;7.74;0.47;185.49;3.35;726;4;553.00;0
950;4;621761994;950;262;1674;1674;7.65;0.47;185.66;3.35;724;4;554.00;0
952;4;621762003;952;266;1675;1675;7.56;0.46;185.82;3.34;723;4;555.00;0
953;4;621762013;953;268;1679;1679;7.51;0.46;185.82;3.34;726;4;556.00;0
954;4;621762022;954;262;1679;1679;7.52;0.46;185.95;3.34;725;4;557.00;0
957;4;621762031;957;252;1681;1682;7.53;0.46;185.88;3.33;724;4;558.00;1
960;4;621762047;960;247;1681;1682;7.55;0.46;186.05;3.33;721;4;559.00;1
963;4;621762057;963;241;1682;1682;7.58;0.46;186.05;3.33;719;4;560.00;0
965;4;621762066;965;242;1682;1682;7.61;0.46;186.21;3.33;717;4;561.00;0
967;4;621762075;967;240;1686;1686;7.66;0.47;186.20;3.33;719;4;562.00;0
968;4;621762085;968;235;1686;1686;7.77;0.47;186.25;3.33;718;4;563.00;0
974;4;621762095;974;233;1686;1686;7.82;0.48;186.59;3.33;712;4;564.00;0
975;4;621762106;975;236;1686;1686;7.91;0.48;186.54;3.33;711;4;565.00;0
978;4;621762122;978;228;1687;1687;7.92;0.48;186.70;3.33;709;4;566.00;0
980;4;621762132;980;217;1688;1688;8.01;0.49;186.85;3.32;708;4;567.00;0
982;4;621762142;982;219;1688;1688;8.09;0.49;187.04;3.32;706;4;568.00;0
985;4;621762152;985;214;1689;1689;8.21;0.50;187.34;3.32;704;4;569.00;0
989;4;621762164;989;211;1689;1689;8.24;0.50;187.96;3.32;700;4;570.00;0
991;4;621762174;991;207;1689;1689;8.31;0.50;188.36;3.32;698;4;571.00;0
994;4;621762184;994;209;1689;1689;8.34;0.51;188.60;3.32;695;4;572.00;0
997;4;621762193;997;205;1689;1689;8.40;0.51;189.26;3.32;692;4;573.00;0
1000;4;621762203;1000;207;1689;1689;8.48;0.51;189.60;3.32;689;4;574.00;0
1001;4;621762212;1001;211;1689;1689;8.55;0.52;189.84;3.32;688;4;575.00;0
1004;4;621762222;1004;239;1770;1816;8.57;0.53;190.42;3.17;766;4;576.00;46
1006;4;621762244;1006;221;1773;1817;8.63;0.53;190.54;3.17;767;4;577.00;44
1007;4;621762255;1007;206;1779;1817;8.69;0.54;190.73;3.17;772;4;578.00;38
1008;4;621762265;1008;199;1781;1817;8.81;0.54;190.84;3.17;773;4;579.00;36
1011;4;621762275;1011;192;1785;1817;8.74;0.54;191.25;3.17;774;4;580.00;32
1013;4;621762285;1013;187;1787;1817;8.66;0.53;191.70;3.17;774;4;581.00;30
1014;4;621762295;1014;189;1788;1817;8.65;0.53;191.70;3.17;774;4;582.00;29
1017;4;621762313;1017;187;1790;1817;8.59;0.53;192.10;3.17;773;4;583.00;27
1020;4;621762323;1020;192;1792;1818;8.54;0.52;192.46;3.18;772;4;584.00;26
1023;4;621762334;1023;194;1795;1820;8.52;0.52;192.54;3.18;772;4;585.00;25
1024;4;621762348;1024;196;1799;1820;8.50;0.52;192.64;3.20;775;4;586.00;21
1027;4;621762363;1027;199;1802;1821;8.50;0.52;192.90;3.21;775;4;587.00;19
1029;4;621762376;1029;198;1805;1821;8.56;0.52;193.21;3.22;776;4;588.00;16
1030;4;621762387;1030;210;1806;1821;8.62;0.53;193.19;3.23;776;4;589.00;15
1035;4;621762397;1035;211;1807;1821;8.65;0.53;193.71;3.23;772;4;590.00;14
1037;4;621762408;1037;215;1811;1825;8.79;0.54;193.72;3.24;774;4;591.00;14
1039;4;621762419;1039;217;1813;1825;8.79;0.54;193.73;3.25;774;4;592.00;12
1040;4;621762428;1040;227;1816;1825;8.87;0.54;193.68;3.27;776;4;593.00;9
1042;4;621762444;1042;230;1817;1828;8.93;0.54;193.79;3.28;775;4;594.00;11
1044;4;621762455;1044;235;1820;1828;8.93;0.54;194.01;3.31;776;4;595.00;8
1046;4;621762465;1046;236;1821;1828;8.95;0.54;194.36;3.32;775;4;596.00;7
1048;4;621762475;1048;233;1828;1832;8.99;0.55;194.79;3.33;780;4;597.00;4
1050;4;621762485;1050;228;1830;1833;9.06;0.55;195.01;3.33;780;4;598.00;3
1051;4;621762495;1051;231;1832;1833;9.14;0.56;195.11;3.34;781;4;599.00;1
1051;4;621762507;1051;237;1842;1859;9.17;0.56;195.11;3.32;791;4;600.00;17
1054;4;621762525;1054;224;1844;1859;9.22;0.56;195.50;3.32;790;4;601.00;15
1058;4;621762535;1058;220;1845;1859;9.33;0.57;195.46;3.32;787;4;602.00;14
1060;4;621762545;1060;215;1846;1860;9.36;0.57;195.71;3.31;786;4;603.00;14
1061;4;621762555;1061;216;1848;1860;9.34;0.57;195.68;3.32;787;4;604.00;12
1064;4;621762566;1064;214;1852;1866;9.35;0.57;195.72;3.31;788;4;605.00;14
1066;4;621762581;1066;213;1854;1866;9.32;0.57;196.19;3.31;788;4;606.00;12
1070;4;621762592;1070;207;1856;1867;9.35;0.57;196.69;3.31;786;4;607.00;11
1073;4;621762602;1073;209;1857;1867;9.38;0.57;197.10;3.31;784;4;608.00;10
1075;4;621762611;1075;203;1857;1867;9.42;0.57;197.35;3.31;782;4;609.00;10
1079;4;621762621;1079;200;1857;1867;9.36;0.57;197.65;3.31;778;4;610.00;10
1080;4;621762631;1080;196;1857;1867;9.38;0.57;197.53;3.31;777;4;611.00;10
1084;4;621762646;1084;193;1867;1879;9.39;0.57;198.15;3.31;783;4;612.00;12
1086;4;621762656;1086;182;1868;1879;9.35;0.57;198.54;3.31;782;4;613.00;11
1090;4;621762666;1090;177;1869;1879;9.33;0.57;199.01;3.31;779;4;614.00;10
1093;4;621762676;1093;177;1871;1879;9.28;0.56;199.16;3.31;778;4;615.00;8
1094;4;621762685;1094;178;1871;1879;9.30;0.57;199.17;3.31;777;4;616.00;8
1099;4;621762694;1099;178;1871;1879;9.29;0.56;199.15;3.31;772;4;617.00;8
1100;4;621762704;1100;174;1875;1883;9.33;0.57;199.21;3.32;775;4;618.00;8
1103;4;621762714;1103;174;1875;1883;9.35;0.57;199.51;3.32;772;4;619.00;8
1106;4;621762723;1106;171;1879;1887;9.39;0.57;199.64;3.32;773;4;620.00;8
1108;4;621762733;1108;170;1881;1888;9.41;0.57;199.86;3.32;773;4;621.00;7
1111;4;621762743;1111;163;1881;1888;9.39;0.57;200.04;3.32;770;4;622.00;7
1116;4;621762752;1116;164;1881;1888;9.36;0.57;200.25;3.32;765;4;623.00;7
1117;4;621762762;1117;165;1890;1901;9.29;0.56;200.52;3.32;773;4;624.00;11
1120;4;621762777;1120;163;1890;1901;9.31;0.57;200.90;3.32;770;4;625.00;11
1123;4;621762788;1123;170;1890;1901;9.27;0.56;201.15;3.32;767;4;626.00;11
1126;4;621762797;1126;175;1892;1902;9.27;0.57;201.41;3.33;766;4;627.00;10
1127;4;621762807;1127;172;1892;1903;9.32;0.57;201.47;3.33;765;4;628.00;11
1129;4;621762816;1129;180;1894;1903;9.28;0.57;201.78;3.35;765;4;629.00;9
1130;4;621762827;1130;181;1898;1909;9.33;0.57;201.73;3.34;768;4;630.00;11
1134;4;621762837;1134;176;1900;1909;9.27;0.56;202.10;3.34;766;4;631.00;9
1136;4;621762846;1136;181;1902;1909;9.24;0.56;202.16;3.36;766;4;632.00;7
1141;4;621762855;1141;185;1902;1909;9.23;0.56;202.14;3.36;761;4;633.00;7
1141;4;621762864;1141;184;1907;1915;9.31;0.57;202.14;3.35;766;4;634.00;8
1141;4;621762874;1141;189;1907;1915;9.39;0.57;202.14;3.35;766;4;635.00;8
1143;4;621762883;1143;192;1907;1915;9.41;0.57;202.13;3.35;764;4;636.00;8
1146;4;621762892;1146;195;1909;1915;9.34;0.57;201.79;3.37;763;4;637.00;6
1149;4;621762902;1149;197;1912;1919;9.29;0.56;201.89;3.37;763;4;638.00;7
1151;4;621762911;1151;205;1915;1920;9.17;0.56;202.13;3.37;764;4;639.00;5
1152;4;621762920;1152;210;1916;1920;9.13;0.55;202.07;3.38;764;4;640.00;4
1153;4;621762930;1153;221;1917;1921;9.05;0.55;202.01;3.38;764;4;641.00;4
1154;4;621762939;1154;223;1917;1921;8.98;0.55;201.90;3.38;763;4;642.00;4
1156;4;621762948;1156;226;1918;1921;8.90;0.54;201.80;3.39;762;4;643.00;3
1156;4;621762958;1156;234;1918;1921;8.88;0.54;201.80;3.39;762;4;644.00;3
1156;4;621762967;1156;238;1919;1921;8.88;0.54;201.80;3.40;763;4;645.00;2
1156;4;621762976;1156;241;1920;1921;8.83;0.54;201.80;3.41;764;4;646.00;1
1159;4;621762984;1159;244;1921;1921;8.71;0.53;201.47;3.41;762;4;647.00;0
1161;4;621762993;1161;257;1959;1991;8.76;0.54;201.41;3.35;798;4;648.00;32
1163;4;621763007;1163;259;1960;1992;8.65;0.53;201.30;3.34;797;4;649.00;32
1164;4;621763016;1164;258;1970;1992;8.60;0.53;201.19;3.34;806;4;650.00;22
1166;4;621763024;1166;264;1975;1992;8.52;0.52;201.09;3.34;809;4;651.00;17
1167;4;621763033;1167;265;1978;1992;8.43;0.52;201.17;3.34;811;4;652.00;14
1167;4;621763041;1167;268;1982;1992;8.41;0.52;201.17;3.34;815;4;653.00;10
1169;4;621763050;1169;271;1985;1992;8.32;0.51;201.11;3.35;816;4;654.00;7
1172;4;621763058;1172;273;1988;1992;8.26;0.51;201.03;3.35;816;4;655.00;4
1175;4;621763067;1175;278;1988;1993;8.20;0.50;200.70;3.35;813;4;656.00;5
1176;4;621763075;1176;281;1991;1994;8.11;0.50;200.78;3.36;815;4;657.00;3
1178;4;621763084;1178;290;1992;1994;7.93;0.49;200.66;3.36;814;4;658.00;2
1181;4;621763093;1181;286;1997;1998;7.72;0.47;200.52;3.36;816;4;659.00;1
1186;4;621763103;1186;290;1998;1998;7.52;0.46;200.22;3.36;812;4;660.00;0
1186;4;621763112;1186;289;1998;1998;7.41;0.45;200.22;3.36;812;4;661.00;0
1187;4;621763120;1187;294;1998;1998;7.29;0.45;200.31;3.36;811;4;662.00;0
1188;4;621763128;1188;296;2004;2004;7.25;0.44;200.24;3.35;816;4;663.00;0
1189;4;621763137;1189;300;2004;2004;7.15;0.44;200.27;3.35;815;4;664.00;0
1189;4;621763145;1189;301;2004;2004;7.06;0.43;200.27;3.35;815;4;665.00;0
1195;4;621763152;1195;310;2007;2007;6.96;0.42;200.28;3.35;812;4;666.00;0
1196;5;621763161;1196;313;2007;2007;6.94;0.42;200.19;3.35;811;5;667.00;0
1199;5;621763181;1199;318;2007;2007;6.90;0.42;200.12;3.35;808;5;668.00;0
1200;5;621763190;1200;324;2008;2008;6.85;0.42;200.11;3.34;808;5;669.00;0
1201;5;621763202;1201;321;2009;2009;6.81;0.42;200.05;3.34;808;5;670.00;0
1201;5;621763210;1201;323;2009;2009;6.73;0.41;200.05;3.34;808;5;671.00;0
1205;5;621763217;1205;331;2022;2022;6.64;0.40;200.37;3.32;817;5;672.00;0
1208;5;621763226;1208;336;2022;2022;6.55;0.40;200.09;3.32;814;5;673.00;0
1212;5;621763233;1212;345;2022;2022;6.47;0.39;200.15;3.32;810;5;674.00;0
1214;5;621763241;1214;333;2024;2024;6.42;0.39;200.30;3.32;810;5;675.00;0
1217;5;621763249;1217;325;2024;2024;6.38;0.39;200.30;3.32;807;5;676.00;0
1221;5;621763257;1221;322;2028;2028;6.38;0.39;200.38;3.31;807;5;677.00;0
1222;5;621763265;1222;319;2028;2028;6.46;0.39;200.52;3.31;806;5;678.00;0
1226;5;621763273;1226;315;2032;2032;6.50;0.40;200.58;3.31;806;5;679.00;0
1233;5;621763280;1233;297;2032;2032;6.53;0.40;200.68;3.31;799;5;680.00;0
1235;5;621763289;1235;290;2032;2032;6.61;0.40;200.70;3.31;797;5;681.00;0
1237;5;621763302;1237;278;2032;2032;6.61;0.40;200.82;3.31;795;5;682.00;0
1240;5;621763311;1240;273;2032;2032;6.64;0.40;201.17;3.31;792;5;683.00;0
1241;5;621763319;1241;270;2042;2044;6.79;0.41;201.33;3.29;801;5;684.00;2
1244;5;621763334;1244;263;2042;2044;6.90;0.42;201.61;3.29;798;5;685.00;2
1246;6;621763343;1246;263;2044;2044;7.01;0.43;201.97;3.29;798;6;686.00;0
1249;6;621763358;1249;253;2044;2044;7.05;0.43;201.85;3.29;795;6;687.00;0
1251;6;621763371;1251;245;2044;2044;7.08;0.43;201.99;3.29;793;6;688.00;0
1252;6;621763397;1252;237;2044;2044;7.09;0.43;202.18;3.29;792;6;689.00;0
1253;6;621763412;1253;235;2045;2045;7.10;0.43;202.36;3.29;792;6;690.00;0
1254;6;621763435;1254;234;2045;2045;7.13;0.44;202.55;3.29;791;6;691.00;0
1256;6;621763449;1256;230;2051;2051;7.22;0.44;202.75;3.28;795;6;692.00;0
1259;6;621763465;1259;232;2052;2052;7.24;0.44;203.00;3.28;793;6;693.00;0
1261;6;621763480;1261;229;2052;2052;7.27;0.44;203.18;3.28;791;6;694.00;0
1265;6;621763491;1265;231;2052;2052;7.29;0.45;203.38;3.28;787;6;695.00;0
1267;6;621763501;1267;231;2056;2056;7.33;0.45;203.50;3.28;789;6;696.00;0
1271;6;621763512;1271;234;2056;2056;7.28;0.44;203.63;3.28;785;6;697.00;0
1275;6;621763523;1275;233;2056;2056;7.29;0.45;203.43;3.28;781;6;698.00;0
1280;6;621763532;1280;231;2057;2057;7.28;0.44;203.53;3.28;777;6;699.00;0
1281;6;621763543;1281;226;2061;2061;7.36;0.45;203.89;3.27;780;6;700.00;0
1284;6;621763558;1284;229;2061;2061;7.44;0.45;204.04;3.27;777;6;701.00;0
1287;6;621763568;1287;233;2063;2064;7.46;0.46;204.42;3.27;776;6;702.00;1
1291;6;621763579;1291;222;2063;2064;7.52;0.46;204.79;3.27;772;6;703.00;1
1296;6;621763590;1296;225;2064;2064;7.55;0.46;205.11;3.27;768;6;704.00;0
1300;6;621763607;1300;223;2064;2064;7.61;0.47;205.27;3.27;764;6;705.00;0
1304;6;621763618;1304;230;2068;2068;7.71;0.47;205.63;3.26;764;6;706.00;0
1309;6;621763629;1309;226;2068;2068;7.74;0.47;206.21;3.26;759;6;707.00;0
1315;6;621763638;1315;227;2068;2068;7.69;0.47;206.09;3.26;753;6;708.00;0
1319;6;621763647;1319;227;2068;2068;7.70;0.47;206.50;3.26;749;6;709.00;0
1323;6;621763657;1323;228;2069;2069;7.73;0.47;206.66;3.26;746;6;710.00;0
1326;6;621763667;1326;227;2070;2070;7.72;0.47;207.19;3.26;744;6;711.00;0
1328;6;621763678;1328;226;2070;2070;7.79;0.47;207.41;3.26;742;6;712.00;0
1334;6;621763688;1334;224;2071;2071;7.86;0.48;208.26;3.26;737;6;713.00;0
1338;6;621763699;1338;227;2071;2071;7.88;0.48;208.63;3.26;733;6;714.00;0
1345;6;621763709;1345;226;2071;2071;7.83;0.48;208.81;3.26;726;6;715.00;0
1349;6;621763720;1349;225;2071;2071;7.87;0.48;209.14;3.26;722;6;716.00;0
1352;6;621763730;1352;221;2071;2071;7.83;0.48;209.65;3.26;719;6;717.00;0
1355;6;621763740;1355;219;2071;2071;7.89;0.48;209.65;3.26;716;6;718.00;0
1358;6;621763750;1358;216;2071;2071;7.90;0.48;209.97;3.26;713;6;719.00;0
1362;6;621763762;1362;266;2205;2301;7.96;0.50;210.27;3.06;843;6;720.00;96
1363;6;621763791;1363;254;2215;2302;7.97;0.50;210.37;3.05;852;6;721.00;87
1365;6;621763802;1365;242;2225;2302;7.94;0.50;210.44;3.05;860;6;722.00;77
1367;6;621763813;1367;241;2235;2302;7.91;0.50;210.68;3.05;868;6;723.00;67
1368;6;621763823;1368;237;2243;2302;7.78;0.49;210.94;3.05;875;6;724.00;59
1370;6;621763835;1370;243;2247;2302;7.71;0.48;211.01;3.05;877;6;725.00;55
1375;6;621763852;1375;241;2253;2302;7.57;0.47;211.22;3.06;878;6;726.00;49
1377;6;621763864;1377;242;2255;2302;7.48;0.47;211.15;3.07;878;6;727.00;47
1380;6;621763875;1380;244;2263;2303;7.39;0.46;211.46;3.08;883;6;728.00;40
1381;6;621763886;1381;242;2263;2304;7.35;0.46;211.73;3.08;882;6;729.00;41
1384;6;621763897;1384;242;2267;2304;7.36;0.46;211.85;3.10;883;6;730.00;37
1387;7;621763909;1387;251;2272;2305;7.23;0.45;211.67;3.11;885;7;731.00;33
1388;7;621763928;1388;249;2273;2305;7.21;0.45;211.73;3.11;885;7;732.00;32
1390;7;621763940;1390;256;2275;2305;7.16;0.44;211.96;3.12;885;7;733.00;30
1391;7;621763952;1391;268;2275;2305;7.19;0.44;211.93;3.12;884;7;734.00;30
1392;7;621763963;1392;267;2278;2309;7.24;0.45;211.86;3.12;886;7;735.00;31
1394;7;621763986;1394;268;2280;2309;7.27;0.45;211.68;3.14;886;7;736.00;29
1397;7;621764004;1397;267;2281;2309;7.33;0.45;211.62;3.14;884;7;737.00;28
1400;7;621764028;1400;265;2281;2312;7.35;0.45;211.62;3.14;881;7;738.00;31
1404;7;621764041;1404;272;2281;2312;7.35;0.45;211.58;3.14;877;7;739.00;31
1407;7;621764052;1407;269;2284;2312;7.37;0.45;211.84;3.16;877;7;740.00;28
1407;7;621764063;1407;274;2289;2316;7.47;0.46;211.84;3.17;882;7;741.00;27
1410;7;621764081;1410;275;2289;2317;7.49;0.46;211.99;3.17;879;7;742.00;28
1413;7;621764094;1413;277;2293;2317;7.46;0.46;212.17;3.19;880;7;743.00;24
1415;7;621764105;1415;279;2296;2321;7.52;0.46;212.23;3.20;881;7;744.00;25
1417;7;621764118;1417;283;2298;2321;7.49;0.46;212.40;3.21;881;7;745.00;23
1419;7;621764129;1419;283;2299;2321;7.48;0.45;212.56;3.21;880;7;746.00;22
1420;7;621764140;1420;281;2300;2322;7.51;0.46;212.63;3.23;880;7;747.00;22
1423;7;621764152;1423;282;2303;2322;7.48;0.46;212.62;3.23;880;7;748.00;19
1425;7;621764162;1425;282;2309;2328;7.58;0.46;212.87;3.23;884;7;749.00;19
1426;7;621764177;1426;284;2311;2328;7.59;0.46;213.04;3.25;885;7;750.00;17
1427;7;621764188;1427;279;2313;2329;7.62;0.46;213.09;3.26;886;7;751.00;16
1428;7;621764205;1428;274;2314;2329;7.66;0.47;213.14;3.27;886;7;752.00;15
1430;7;621764216;1430;273;2315;2329;7.67;0.47;213.38;3.29;885;7;753.00;14
1432;7;621764230;1432;271;2316;2329;7.73;0.47;213.64;3.30;884;7;754.00;13
1434;7;621764241;1434;271;2316;2329;7.83;0.48;213.80;3.30;882;7;755.00;13
1437;7;621764254;1437;271;2327;2341;7.85;0.48;214.12;3.29;890;7;756.00;14
1441;7;621764267;1441;274;2328;2341;7.88;0.48;214.31;3.30;887;7;757.00;13
1443;7;621764279;1443;277;2330;2341;7.90;0.48;214.45;3.31;887;7;758.00;11
1445;7;621764297;1445;275;2331;2341;8.01;0.49;214.49;3.31;886;7;759.00;10
1448;7;621764310;1448;269;2332;2341;8.08;0.49;214.57;3.31;884;7;760.00;9
1448;7;621764322;1448;269;2332;2341;8.16;0.50;214.57;3.31;884;7;761.00;9
1450;7;621764333;1450;268;2336;2345;8.15;0.50;214.68;3.30;886;7;762.00;9
1453;7;621764345;1453;274;2336;2345;8.19;0.50;214.71;3.30;883;7;763.00;9
1453;7;621764356;1453;271;2340;2349;8.25;0.50;214.71;3.30;887;7;764.00;9
1455;7;621764369;1455;280;2342;2351;8.25;0.50;214.83;3.30;887;7;765.00;9
1456;7;621764380;1456;277;2342;2351;8.25;0.50;214.86;3.30;886;7;766.00;9
1457;7;621764391;1457;283;2342;2351;8.17;0.50;214.95;3.30;885;7;767.00;9
1458;7;621764402;1458;289;2352;2364;8.16;0.50;215.03;3.28;894;7;768.00;12
1459;7;621764414;1459;291;2352;2364;8.11;0.49;215.01;3.28;893;7;769.00;12
1461;7;621764424;1461;290;2352;2364;8.08;0.49;215.07;3.28;891;7;770.00;12
1466;7;621764434;1466;291;2353;2365;8.00;0.49;215.14;3.28;887;7;771.00;12
1468;7;621764445;1468;287;2353;2366;7.96;0.49;215.18;3.28;885;7;772.00;13
1470;7;621764458;1470;281;2353;2366;7.95;0.48;215.38;3.28;883;7;773.00;13
1473;7;621764468;1473;281;2355;2369;7.91;0.48;215.55;3.28;882;7;774.00;14
1474;7;621764484;1474;274;2355;2369;7.82;0.48;215.60;3.28;881;7;775.00;14
1476;7;621764494;1476;276;2356;2369;7.72;0.47;215.75;3.28;880;7;776.00;13
1479;7;621764503;1479;281;2356;2369;7.70;0.47;215.95;3.28;877;7;777.00;13
1482;7;621764513;1482;281;2361;2375;7.68;0.47;216.24;3.27;879;7;778.00;14
1486;7;621764524;1486;276;2361;2375;7.63;0.46;216.37;3.27;875;7;779.00;14
1489;7;621764535;1489;270;2361;2375;7.53;0.46;216.62;3.27;872;7;780.00;14
1491;7;621764544;1491;276;2361;2375;7.43;0.45;216.78;3.27;870;7;781.00;14
1494;7;621764554;1494;260;2364;2379;7.35;0.45;216.99;3.27;870;7;782.00;15
1497;7;621764563;1497;259;2365;2380;7.34;0.45;217.36;3.27;868;7;783.00;15
1498;7;621764573;1498;253;2365;2380;7.29;0.44;217.26;3.27;867;7;784.00;15
1502;7;621764583;1502;256;2368;2381;7.19;0.44;217.43;3.28;866;7;785.00;13
1505;7;621764593;1505;253;2368;2381;7.15;0.44;217.80;3.28;863;7;786.00;13
1508;7;621764602;1508;252;2368;2381;7.15;0.44;218.11;3.28;860;7;787.00;13
1511;7;621764612;1511;248;2368;2381;7.16;0.44;218.43;3.28;857;7;788.00;13
1515;7;621764621;1515;245;2368;2381;7.16;0.44;218.73;3.28;853;7;789.00;13
1517;7;621764631;1517;245;2368;2381;7.15;0.44;218.61;3.28;851;7;790.00;13
1517;7;621764641;1517;245;2368;2381;7.18;0.44;218.61;3.28;851;7;791.00;13
1517;7;621764650;1517;254;2401;2451;7.29;0.45;218.61;3.23;884;7;792.00;50
1518;7;621764665;1518;247;2402;2452;7.30;0.45;218.64;3.23;884;7;793.00;50
1519;7;621764675;1519;249;2410;2452;7.34;0.45;218.54;3.23;891;7;794.00;42
1520;7;621764685;1520;255;2413;2452;7.34;0.45;218.47;3.23;893;7;795.00;39
1524;7;621764694;1524;258;2415;2452;7.32;0.45;218.50;3.23;891;7;796.00;37
1528;7;621764704;1528;272;2418;2452;7.31;0.45;218.47;3.26;890;7;797.00;34
1529;7;621764714;1529;267;2421;2452;7.34;0.45;218.38;3.26;892;7;798.00;31
1529;7;621764724;1529;273;2425;2452;7.35;0.45;218.38;3.27;896;7;799.00;27
1530;7;621764733;1530;276;2429;2453;7.34;0.45;218.43;3.31;899;7;800.00;24
1531;7;621764747;1531;284;2433;2454;7.26;0.44;218.44;3.31;902;7;801.00;21
1534;7;621764757;1534;282;2434;2454;7.20;0.44;218.25;3.32;900;7;802.00;20
1536;7;621764767;1536;287;2439;2458;7.13;0.43;218.26;3.35;903;7;803.00;19
1537;7;621764777;1537;289;2441;2458;7.09;0.43;218.17;3.35;904;7;804.00;17
1537;7;621764786;1537;301;2441;2458;7.07;0.43;218.17;3.35;904;7;805.00;17
1541;7;621764796;1541;301;2442;2458;6.96;0.42;218.13;3.39;901;7;806.00;16
1543;7;621764806;1543;302;2447;2464;6.96;0.42;217.95;3.38;904;7;807.00;17
1544;7;621764818;1544;312;2447;2464;6.95;0.42;217.84;3.38;903;7;808.00;17
1545;7;621764829;1545;317;2448;2464;6.88;0.42;217.94;3.42;903;7;809.00;16
1549;7;621764842;1549;326;2454;2470;6.86;0.42;217.80;3.43;905;7;810.00;16
1552;7;621764853;1552;328;2454;2470;6.80;0.41;217.50;3.43;902;7;811.00;16
1552;7;621764864;1552;334;2458;2470;6.79;0.41;217.50;3.48;906;7;812.00;12
1555;7;621764874;1555;337;2459;2471;6.73;0.41;217.46;3.51;904;7;813.00;12
1557;7;621764885;1557;344;2461;2472;6.69;0.41;217.34;3.52;904;7;814.00;11
1558;7;621764896;1558;347;2464;2472;6.59;0.40;217.44;3.57;906;7;815.00;8
1559;7;621764906;1559;357;2472;2485;6.50;0.40;217.32;3.56;913;7;816.00;13
1560;7;621764916;1560;358;2473;2485;6.47;0.40;217.33;3.55;913;7;817.00;12
1563;7;621764926;1563;365;2475;2485;6.40;0.39;217.23;3.60;912;7;818.00;10
1563;7;621764935;1563;375;2477;2486;6.40;0.39;217.23;3.61;914;7;819.00;9
1565;7;621764945;1565;379;2480;2486;6.40;0.39;217.06;3.63;915;7;820.00;6
1568;7;621764954;1568;381;2485;2490;6.43;0.39;216.92;3.64;917;7;821.00;5
1571;7;621764965;1571;380;2487;2490;6.45;0.40;216.90;3.65;916;7;822.00;3
1575;7;621764974;1575;385;2491;2494;6.43;0.39;216.71;3.65;916;7;823.00;3
1576;7;621764984;1576;395;2492;2494;6.38;0.39;216.67;3.66;916;7;824.00;2
1577;7;621764993;1577;397;2492;2494;6.27;0.38;216.61;3.66;915;7;825.00;2
1580;7;621765001;1580;400;2493;2494;6.14;0.38;216.47;3.66;913;7;826.00;1
1581;7;621765010;1581;391;2493;2494;6.06;0.37;216.49;3.66;912;7;827.00;1
1581;7;621765020;1581;387;2505;2506;6.08;0.37;216.49;3.65;924;7;828.00;1
1585;7;621765030;1585;381;2506;2506;6.13;0.38;216.39;3.65;921;7;829.00;0
1585;7;621765039;1585;376;2506;2506;6.16;0.38;216.39;3.65;921;7;830.00;0
1586;8;621765049;1586;372;2506;2506;6.19;0.38;216.39;3.65;920;8;831.00;0
1586;8;621765065;1586;361;2506;2506;6.20;0.38;216.39;3.65;920;8;832.00;0
1587;8;621765079;1587;353;2506;2506;6.22;0.38;216.36;3.65;919;8;833.00;0
1588;8;621765094;1588;349;2507;2507;6.23;0.38;216.36;3.65;919;8;834.00;0
1588;8;621765104;1588;346;2507;2507;6.27;0.38;216.36;3.65;919;8;835.00;0
1588;8;621765114;1588;347;2513;2513;6.38;0.39;216.36;3.64;925;8;836.00;0
1589;8;621765129;1589;346;2514;2514;6.40;0.39;216.30;3.64;925;8;837.00;0
1590;8;621765139;1590;345;2514;2514;6.49;0.40;216.24;3.64;924;8;838.00;0
1592;8;621765149;1592;339;2514;2514;6.55;0.40;216.29;3.64;922;8;839.00;0
1593;8;621765159;1593;338;2519;2519;6.55;0.40;216.36;3.63;926;8;840.00;0
1594;8;621765169;1594;341;2519;2519;6.57;0.40;216.24;3.63;925;8;841.00;0
1597;8;621765185;1597;337;2519;2519;6.58;0.40;216.53;3.63;922;8;842.00;0
1600;8;621765195;1600;342;2520;2520;6.55;0.40;216.70;3.63;920;8;843.00;0
1604;8;621765204;1604;333;2524;2524;6.49;0.40;216.79;3.63;920;8;844.00;0
1607;8;621765220;1607;338;2524;2524;6.49;0.40;216.87;3.63;917;8;845.00;0
1611;8;621765230;1611;339;2526;2527;6.44;0.39;216.87;3.63;915;8;846.00;1
1616;8;621765239;1616;336;2527;2527;6.35;0.39;216.99;3.62;911;8;847.00;0
1619;8;621765250;1619;333;2527;2527;6.31;0.38;217.17;3.62;908;8;848.00;0
1621;8;621765259;1621;334;2527;2527;6.23;0.38;217.24;3.62;906;8;849.00;0
1623;8;621765268;1623;318;2531;2531;6.25;0.38;217.21;3.62;908;8;850.00;0
1629;8;621765277;1629;312;2531;2531;6.23;0.38;217.47;3.62;902;8;851.00;0
1633;8;621765287;1633;309;2531;2531;6.17;0.38;217.59;3.62;898;8;852.00;0
1636;8;621765296;1636;306;2531;2531;6.18;0.38;217.65;3.62;895;8;853.00;0
1640;8;621765305;1640;306;2532;2532;6.19;0.38;217.68;3.62;892;8;854.00;0
1641;8;621765316;1641;303;2534;2534;6.27;0.38;217.63;3.62;893;8;855.00;0
1645;8;621765325;1645;303;2534;2534;6.32;0.39;217.73;3.62;889;8;856.00;0
1650;8;621765334;1650;291;2535;2535;6.39;0.39;218.16;3.62;885;8;857.00;0
1651;8;621765345;1651;283;2535;2535;6.51;0.40;218.33;3.62;884;8;858.00;0
1654;8;621765354;1654;274;2535;2535;6.60;0.41;218.43;3.62;881;8;859.00;0
1658;8;621765364;1658;271;2535;2535;6.67;0.41;218.62;3.62;877;8;860.00;0
1661;8;621765378;1661;260;2535;2535;6.75;0.41;218.54;3.62;874;8;861.00;0
1665;8;621765394;1665;254;2535;2535;6.74;0.41;219.13;3.62;870;8;862.00;0
1667;8;621765412;1667;249;2535;2535;6.81;0.42;219.19;3.62;868;8;863.00;0
1670;8;621765431;1670;254;2620;2662;7.07;0.44;219.73;3.50;950;8;864.00;42
1672;8;621765460;1672;249;2624;2663;7.13;0.44;219.93;3.50;952;8;865.00;39
1676;8;621765477;1676;259;2630;2663;7.21;0.45;220.45;3.49;954;8;866.00;33
1682;8;621765493;1682;251;2630;2663;7.24;0.45;220.84;3.49;948;8;867.00;33
1688;8;621765505;1688;250;2633;2663;7.29;0.45;221.24;3.49;945;8;868.00;30
1691;8;621765518;1691;252;2636;2663;7.28;0.45;221.33;3.49;945;8;869.00;27
1694;8;621765531;1694;252;2637;2663;7.31;0.45;221.57;3.50;943;8;870.00;26
1700;8;621765544;1700;254;2639;2663;7.26;0.45;221.66;3.50;939;8;871.00;24
1705;8;621765562;1705;253;2640;2664;7.25;0.45;221.96;3.50;935;8;872.00;24
1712;8;621765575;1712;256;2643;2665;7.18;0.44;222.65;3.51;931;8;873.00;22
1714;8;621765587;1714;261;2644;2665;7.22;0.44;222.82;3.51;930;8;874.00;21
1718;8;621765600;1718;267;2646;2666;7.20;0.44;222.96;3.51;928;8;875.00;20
1725;8;621765612;1725;269;2648;2666;7.10;0.43;224.14;3.52;923;8;876.00;18
1727;8;621765625;1727;272;2649;2666;7.13;0.44;224.30;3.52;922;8;877.00;17
1732;8;621765636;1732;282;2649;2666;7.11;0.44;225.10;3.52;917;8;878.00;17
1737;8;621765649;1737;280;2653;2670;7.09;0.43;225.49;3.53;916;8;879.00;17
1741;8;621765662;1741;282;2654;2670;7.05;0.43;225.65;3.53;913;8;880.00;16
1744;8;621765673;1744;281;2654;2670;7.06;0.43;225.91;3.53;910;8;881.00;16
1748;8;621765685;1748;278;2656;2673;7.14;0.44;226.05;3.53;908;8;882.00;17
1751;8;621765697;1751;272;2657;2673;7.20;0.44;226.34;3.54;906;8;883.00;16
1754;8;621765709;1754;271;2658;2673;7.18;0.44;226.86;3.54;904;8;884.00;15
1758;8;621765721;1758;264;2663;2677;7.18;0.44;226.93;3.55;905;8;885.00;14
1759;8;621765733;1759;270;2664;2678;7.29;0.44;227.06;3.55;905;8;886.00;14
1762;8;621765745;1762;268;2664;2678;7.34;0.45;227.13;3.55;902;8;887.00;14
1765;8;621765756;1765;270;2667;2682;7.40;0.45;227.42;3.55;902;8;888.00;15
1768;8;621765768;1768;268;2667;2682;7.47;0.46;227.46;3.55;899;8;889.00;15
1774;8;621765780;1774;274;2667;2682;7.53;0.46;227.87;3.55;893;8;890.00;15
1778;8;621765791;1778;274;2669;2683;7.59;0.46;228.09;3.55;891;8;891.00;14
1780;8;621765804;1780;267;2669;2683;7.61;0.46;228.16;3.55;889;8;892.00;14
1784;8;621765814;1784;267;2674;2689;7.56;0.46;228.60;3.55;890;8;893.00;15
1787;8;621765827;1787;272;2677;2689;7.46;0.45;228.88;3.58;890;8;894.00;12
1791;8;621765839;1791;283;2678;2690;7.39;0.45;229.16;3.58;887;8;895.00;12
1795;8;621765851;1795;288;2678;2690;7.30;0.44;229.75;3.58;883;8;896.00;12
1797;8;621765862;1797;282;2679;2690;7.28;0.44;229.90;3.59;882;8;897.00;11
1804;8;621765873;1804;278;2679;2690;7.23;0.44;229.96;3.59;875;8;898.00;11
1805;8;621765884;1805;275;2679;2690;7.30;0.44;230.13;3.59;874;8;899.00;11
1809;8;621765898;1809;271;2708;2736;7.34;0.45;230.88;3.56;899;8;900.00;28
1814;8;621765921;1814;265;2708;2736;7.43;0.46;231.12;3.56;894;8;901.00;28
1817;8;621765933;1817;262;2715;2736;7.56;0.46;231.28;3.60;898;8;902.00;21
1819;8;621765945;1819;262;2715;2736;7.72;0.47;231.54;3.60;896;8;903.00;21
1824;8;621765957;1824;264;2717;2736;7.80;0.48;231.85;3.60;893;8;904.00;19
1826;8;621765970;1826;260;2719;2736;7.82;0.48;232.02;3.61;893;8;905.00;17
1830;8;621765981;1830;250;2726;2740;7.85;0.48;231.97;3.63;896;8;906.00;14
1833;8;621765995;1833;245;2727;2740;7.93;0.48;232.40;3.63;894;8;907.00;13
1836;8;621766007;1836;239;2731;2744;7.95;0.49;232.53;3.64;895;8;908.00;13
1838;8;621766020;1838;243;2733;2745;7.91;0.48;232.72;3.64;895;8;909.00;12
1840;8;621766032;1840;241;2734;2745;7.89;0.48;232.99;3.65;894;8;910.00;11
1845;8;621766045;1845;244;2736;2745;7.84;0.48;233.55;3.65;891;8;911.00;9
1847;8;621766058;1847;239;2747;2758;7.86;0.48;233.61;3.64;900;8;912.00;11
1849;8;621766072;1849;248;2749;2758;7.85;0.48;233.69;3.65;900;8;913.00;9
1853;8;621766084;1853;252;2750;2758;7.80;0.48;234.11;3.65;897;8;914.00;8
1854;8;621766097;1854;253;2750;2759;7.86;0.48;234.20;3.65;896;8;915.00;9
1858;8;621766109;1858;258;2752;2760;7.86;0.48;234.37;3.65;894;8;916.00;8
1860;8;621766121;1860;262;2754;2760;7.86;0.48;234.52;3.66;894;8;917.00;6
1864;8;621766133;1864;260;2756;2763;7.88;0.48;234.71;3.65;892;8;918.00;7
1866;8;621766146;1866;256;2757;2763;7.88;0.48;234.99;3.65;891;8;919.00;6
1869;8;621766158;1869;259;2759;2763;7.83;0.48;235.31;3.66;890;8;920.00;4
1873;8;621766169;1873;253;2759;2763;7.84;0.48;235.58;3.66;886;8;921.00;4
1875;8;621766181;1875;254;2764;2769;7.82;0.48;235.66;3.65;889;8;922.00;5
1879;8;621766195;1879;251;2765;2769;7.80;0.48;236.01;3.66;886;8;923.00;4
1882;8;621766206;1882;247;2765;2769;7.82;0.48;235.87;3.66;883;8;924.00;4
1886;8;621766218;1886;253;2765;2769;7.77;0.47;236.18;3.66;879;8;925.00;4
1888;8;621766235;1888;258;2772;2773;7.77;0.47;236.19;3.68;884;8;926.00;1
1891;8;621766247;1891;259;2773;2774;7.80;0.47;236.26;3.67;882;8;927.00;1
1892;8;621766259;1892;262;2773;2774;7.73;0.47;236.24;3.67;881;8;928.00;1
1894;8;621766271;1894;263;2775;2775;7.67;0.46;236.17;3.67;881;8;929.00;0
1896;8;621766292;1896;266;2775;2775;7.67;0.46;236.17;3.67;879;8;930.00;0
1897;8;621766303;1897;275;2775;2775;7.64;0.46;236.22;3.67;878;8;931.00;0
1897;8;621766314;1897;269;2775;2775;7.65;0.46;236.22;3.67;878;8;932.00;0
1897;8;621766325;1897;272;2775;2775;7.60;0.46;236.22;3.67;878;8;933.00;0
1900;8;621766335;1900;283;2775;2775;7.57;0.46;236.19;3.67;875;8;934.00;0
1900;8;621766347;1900;285;2775;2775;7.53;0.45;236.19;3.67;875;8;935.00;0
1901;8;621766357;1901;299;2814;2845;7.43;0.45;236.21;3.62;913;8;936.00;31
1901;8;621766374;1901;296;2814;2846;7.43;0.45;236.21;3.62;913;8;937.00;32
1901;8;621766386;1901;300;2821;2846;7.45;0.45;236.21;3.62;920;8;938.00;25
1901;8;621766398;1901;303;2823;2846;7.47;0.45;236.21;3.62;922;8;939.00;23
1901;8;621766408;1901;304;2827;2846;7.51;0.46;236.21;3.62;926;8;940.00;19
1903;8;621766420;1903;301;2829;2846;7.50;0.46;236.34;3.62;926;8;941.00;17
1905;8;621766431;1905;298;2832;2846;7.52;0.46;236.35;3.62;927;8;942.00;14
1908;8;621766441;1908;302;2835;2846;7.50;0.46;236.31;3.63;927;8;943.00;11
1909;8;621766457;1909;300;2838;2847;7.49;0.46;236.41;3.63;929;8;944.00;9
1915;8;621766468;1915;296;2841;2849;7.42;0.45;236.57;3.63;926;8;945.00;8
1918;8;621766479;1918;298;2842;2849;7.39;0.45;236.55;3.63;924;8;946.00;7
1920;8;621766489;1920;295;2846;2853;7.37;0.45;236.79;3.63;926;8;947.00;7
1921;8;621766500;1921;294;2846;2853;7.32;0.44;236.78;3.63;925;8;948.00;7
1923;8;621766510;1923;303;2846;2853;7.25;0.44;236.93;3.63;923;8;949.00;7
1925;8;621766520;1925;303;2846;2853;7.19;0.44;236.95;3.63;921;8;950.00;7
1931;8;621766530;1931;305;2850;2859;7.13;0.43;237.26;3.63;919;8;951.00;9
1933;8;621766540;1933;300;2850;2859;7.08;0.43;237.43;3.63;917;8;952.00;9
1936;8;621766550;1936;298;2850;2859;7.01;0.42;237.49;3.63;914;8;953.00;9
1938;8;621766560;1938;301;2852;2862;6.97;0.42;237.63;3.62;914;8;954.00;10
1939;8;621766570;1939;301;2856;2862;6.90;0.42;237.77;3.64;917;8;955.00;6
1942;8;621766579;1942;303;2857;2862;6.82;0.41;237.66;3.64;915;8;956.00;5
1947;8;621766589;1947;302;2857;2863;6.74;0.41;237.78;3.64;910;8;957.00;6
1949;8;621766599;1949;312;2858;2864;6.74;0.41;237.65;3.64;909;8;958.00;6
1951;8;621766608;1951;309;2858;2864;6.71;0.41;237.58;3.64;907;8;959.00;6
1952;8;621766619;1952;304;2876;2890;6.77;0.41;237.55;3.62;924;8;960.00;14
1956;8;621766631;1956;303;2877;2890;6.69;0.41;237.43;3.62;921;8;961.00;13
1961;8;621766640;1961;303;2880;2890;6.72;0.41;237.18;3.62;919;8;962.00;10
1962;8;621766650;1962;307;2882;2891;6.74;0.41;237.07;3.62;920;8;963.00;9
1964;8;621766660;1964;311;2882;2891;6.73;0.41;236.97;3.62;918;8;964.00;9
1967;8;621766670;1967;312;2885;2895;6.77;0.41;236.71;3.62;918;8;965.00;10
1971;8;621766680;1971;313;2885;2895;6.78;0.41;236.57;3.62;914;8;966.00;10
1971;8;621766690;1971;318;2889;2899;6.79;0.41;236.57;3.62;918;8;967.00;10
1973;8;621766699;1973;316;2889;2899;6.82;0.42;236.50;3.62;916;8;968.00;10
1975;8;621766709;1975;319;2889;2899;6.84;0.42;236.33;3.62;914;8;969.00;10
1976;8;621766719;1976;317;2890;2899;6.85;0.42;236.35;3.62;914;8;970.00;9
1976;8;621766729;1976;318;2891;2899;6.85;0.42;236.35;3.63;915;8;971.00;8
1976;8;621766738;1976;323;2903;2911;6.85;0.42;236.35;3.63;927;8;972.00;8
1978;8;621766748;1978;323;2904;2911;6.81;0.41;236.27;3.63;926;8;973.00;7
1978;8;621766758;1978;330;2906;2911;6.73;0.41;236.27;3.64;928;8;974.00;5
1978;8;621766767;1978;335;2906;2911;6.68;0.41;236.27;3.64;928;8;975.00;5
1980;8;621766776;1980;336;2906;2911;6.63;0.40;236.29;3.64;926;8;976.00;5
1982;8;621766786;1982;343;2906;2911;6.59;0.40;236.22;3.64;924;8;977.00;5
1984;8;621766796;1984;344;2906;2912;6.55;0.40;236.23;3.64;922;8;978.00;6
1984;8;621766806;1984;338;2906;2912;6.55;0.40;236.23;3.64;922;8;979.00;6
1985;8;621766815;1985;331;2913;2918;6.64;0.40;236.24;3.65;928;8;980.00;5
1985;8;621766826;1985;333;2914;2919;6.64;0.41;236.24;3.65;929;8;981.00;5
1986;8;621766836;1986;329;2914;2919;6.70;0.41;236.13;3.65;928;8;982.00;5
1987;8;621766852;1987;328;2916;2919;6.72;0.41;236.07;3.66;929;8;983.00;3
1990;8;621766862;1990;321;2919;2923;6.79;0.41;236.08;3.66;929;8;984.00;4
1991;8;621766873;1991;320;2921;2923;6.82;0.42;235.97;3.66;930;8;985.00;2
1992;8;621766883;1992;324;2921;2923;6.86;0.42;235.97;3.66;929;8;986.00;2
1993;8;621766893;1993;328;2922;2924;6.89;0.42;235.87;3.66;929;8;987.00;2
1995;8;621766903;1995;328;2927;2928;6.84;0.42;235.93;3.66;932;8;988.00;1
1998;8;621766913;1998;331;2927;2928;6.83;0.42;235.88;3.66;929;8;989.00;1
1998;8;621766925;1998;330;2932;2934;6.87;0.42;235.88;3.66;934;8;990.00;2
2001;8;621766936;2001;328;2933;2934;6.80;0.42;236.08;3.65;932;8;991.00;1
2003;8;621766946;2003;327;2934;2934;6.80;0.42;236.16;3.65;931;8;992.00;0
2005;8;621766955;2005;329;2934;2934;6.70;0.41;236.17;3.65;929;8;993.00;0
2006;8;621766965;2006;327;2938;2938;6.71;0.41;236.11;3.65;932;8;994.00;0
2008;8;621766975;2008;328;2938;2938;6.61;0.40;236.10;3.65;930;8;995.00;0
2009;8;621766985;2009;325;2938;2938;6.54;0.40;236.07;3.65;929;8;996.00;0
2011;8;621766994;2011;331;2938;2938;6.50;0.40;235.99;3.65;927;8;997.00;0
2011;8;621767003;2011;336;2939;2939;6.45;0.40;235.99;3.65;928;8;998.00;0
2013;8;621767013;2013;333;2940;2940;6.42;0.39;235.96;3.65;927;8;999.00;0
2016;8;621767023;2016;329;2940;2940;6.33;0.39;235.81;3.65;924;8;1000.00;0
2019;8;621767036;2019;326;2941;2941;6.35;0.39;235.68;3.65;922;8;1001.00;0
2024;8;621767046;2024;320;2941;2941;6.30;0.39;235.70;3.65;917;8;1002.00;0
2025;8;621767056;2025;308;2941;2941;6.33;0.39;235.72;3.65;916;8;1003.00;0
2026;8;621767065;2026;303;2941;2941;6.39;0.39;235.67;3.65;915;8;1004.00;0
2028;8;621767074;2028;298;2941;2941;6.44;0.39;235.59;3.65;913;8;1005.00;0
2030;8;621767084;2030;294;2941;2941;6.49;0.40;235.78;3.65;911;8;1006.00;0
2033;8;621767094;2033;288;2941;2941;6.54;0.40;235.98;3.65;908;8;1007.00;0
2034;8;621767103;2034;309;3014;3068;6.81;0.42;236.10;3.56;980;8;1008.00;54
2035;8;621767122;2035;294;3019;3069;6.86;0.43;236.28;3.56;984;8;1009.00;50
2037;8;621767133;2037;292;3026;3069;6.92;0.43;236.30;3.55;989;8;1010.00;43
2038;8;621767143;2038;289;3034;3069;6.98;0.43;236.40;3.55;996;8;1011.00;35
2042;8;621767153;2042;292;3039;3069;6.96;0.43;236.49;3.55;997;8;1012.00;30
2046;8;621767163;2046;290;3042;3069;6.88;0.43;236.54;3.55;996;8;1013.00;27
2050;8;621767172;2050;290;3044;3069;6.86;0.42;236.58;3.55;994;8;1014.00;25
2055;8;621767183;2055;286;3048;3069;6.78;0.42;236.67;3.56;993;8;1015.00;21
2059;8;621767199;2059;285;3048;3070;6.72;0.41;236.73;3.56;989;8;1016.00;22
2061;8;621767209;2061;292;3049;3071;6.70;0.41;236.70;3.56;988;8;1017.00;22
2065;8;621767220;2065;296;3050;3071;6.64;0.41;236.64;3.56;985;8;1018.00;21
2068;8;621767230;2068;304;3052;3072;6.56;0.40;236.63;3.56;984;8;1019.00;20
2069;8;621767241;2069;296;3055;3072;6.57;0.41;236.80;3.57;986;8;1020.00;17
2073;8;621767257;2073;297;3059;3072;6.52;0.40;236.92;3.59;986;8;1021.00;13
2077;8;621767268;2077;291;3059;3072;6.48;0.40;237.14;3.59;982;8;1022.00;13
2080;8;621767278;2080;288;3063;3076;6.55;0.40;237.09;3.59;983;8;1023.00;13
2086;8;621767289;2086;285;3064;3076;6.57;0.41;237.32;3.59;978;8;1024.00;12
2090;8;621767300;2090;289;3065;3076;6.64;0.41;237.36;3.60;975;8;1025.00;11
2092;8;621767311;2092;297;3068;3079;6.67;0.41;237.42;3.61;976;8;1026.00;11
2094;8;621767322;2094;286;3069;3079;6.75;0.41;237.38;3.62;975;8;1027.00;10
2097;8;621767333;2097;284;3069;3079;6.84;0.42;237.71;3.62;972;8;1028.00;10
2103;8;621767344;2103;278;3075;3083;6.86;0.42;237.92;3.63;972;8;1029.00;8
2105;8;621767361;2105;275;3076;3084;6.92;0.42;238.08;3.63;971;8;1030.00;8
2110;8;621767375;2110;273;3076;3084;6.97;0.43;238.38;3.63;966;8;1031.00;8
2114;8;621767392;2114;267;3080;3088;6.98;0.43;238.77;3.63;966;8;1032.00;8
2115;8;621767410;2115;262;3080;3088;7.02;0.43;238.83;3.63;965;8;1033.00;8
2118;8;621767429;2118;256;3080;3088;7.02;0.43;239.13;3.63;962;8;1034.00;8
2123;8;621767455;2123;254;3083;3090;7.05;0.43;239.21;3.63;960;8;1035.00;7
2128;8;621767472;2128;252;3083;3090;7.09;0.43;239.51;3.63;955;8;1036.00;7
2132;8;621767488;2132;251;3087;3096;7.15;0.44;239.73;3.63;955;8;1037.00;9
2138;8;621767502;2138;249;3088;3096;7.15;0.44;240.07;3.63;950;8;1038.00;8
2142;8;621767515;2142;246;3089;3097;7.18;0.44;240.25;3.62;947;8;1039.00;8
2149;8;621767528;2149;254;3089;3097;7.23;0.44;240.72;3.62;940;8;1040.00;8
2153;8;621767541;2153;258;3090;3097;7.27;0.45;241.02;3.63;937;8;1041.00;7
2156;8;621767562;2156;262;3090;3097;7.28;0.45;241.22;3.63;934;8;1042.00;7
2160;8;621767574;2160;268;3090;3097;7.34;0.45;241.51;3.63;930;8;1043.00;7
2166;8;621767587;2166;266;3097;3109;7.37;0.45;241.82;3.63;931;8;1044.00;12
2171;8;621767603;2171;262;3098;3109;7.31;0.45;241.90;3.63;927;8;1045.00;11
2173;8;621767615;2173;264;3100;3109;7.25;0.44;242.16;3.63;927;8;1046.00;9
2182;8;621767627;2182;266;3102;3109;7.22;0.44;242.43;3.65;920;8;1047.00;7
2190;8;621767640;2190;272;3103;3109;7.15;0.44;242.54;3.65;913;8;1048.00;6
2192;8;621767652;2192;268;3103;3109;7.19;0.44;242.65;3.65;911;8;1049.00;6
2194;8;621767667;2194;274;3110;3115;7.24;0.44;242.71;3.65;916;8;1050.00;5
2197;8;621767679;2197;272;3111;3115;7.29;0.44;242.66;3.65;914;8;1051.00;4
2201;8;621767691;2201;271;3115;3119;7.32;0.44;242.96;3.66;914;8;1052.00;4
2204;8;621767704;2204;272;3117;3120;7.34;0.45;242.97;3.66;913;8;1053.00;3
2209;8;621767716;2209;272;3118;3120;7.40;0.45;243.26;3.66;909;8;1054.00;2
2211;8;621767730;2211;270;3118;3120;7.50;0.46;243.24;3.66;907;8;1055.00;2
2217;8;621767744;2217;276;3131;3133;7.55;0.46;243.47;3.65;914;8;1056.00;2
2220;8;621767758;2220;277;3131;3133;7.62;0.46;243.54;3.65;911;8;1057.00;2
2222;8;621767772;2222;270;3133;3133;7.69;0.47;243.42;3.65;911;8;1058.00;0
2224;8;621767784;2224;276;3133;3134;7.70;0.47;243.65;3.65;909;8;1059.00;1
2228;8;621767796;2228;280;3135;3135;7.64;0.46;243.86;3.65;907;8;1060.00;0
2229;8;621767810;2229;271;3135;3135;7.62;0.46;243.93;3.65;906;8;1061.00;0
2231;8;621767821;2231;271;3136;3138;7.61;0.46;244.20;3.65;905;8;1062.00;2
2233;8;621767833;2233;277;3137;3138;7.61;0.46;244.22;3.64;904;8;1063.00;1
2235;8;621767845;2235;285;3138;3138;7.55;0.46;244.34;3.64;903;8;1064.00;0
2239;8;621767857;2239;288;3138;3138;7.47;0.45;244.42;3.64;899;8;1065.00;0
2241;8;621767869;2241;298;3144;3144;7.39;0.45;244.63;3.64;903;8;1066.00;0
2246;8;621767882;2246;291;3144;3144;7.31;0.44;244.66;3.64;898;8;1067.00;0
2249;8;621767894;2249;297;3144;3144;7.23;0.44;244.83;3.64;895;8;1068.00;0
2253;8;621767905;2253;303;3144;3144;7.09;0.43;245.35;3.64;891;8;1069.00;0
2255;8;621767926;2255;300;3147;3148;7.01;0.43;245.62;3.64;892;8;1070.00;1
2259;8;621767938;2259;306;3148;3149;6.91;0.42;245.81;3.64;889;8;1071.00;1
2263;8;621767950;2263;299;3149;3149;6.80;0.41;245.82;3.63;886;8;1072.00;0
2266;8;621767963;2266;308;3150;3150;6.76;0.41;245.92;3.63;884;8;1073.00;0
2271;8;621767974;2271;310;3150;3150;6.72;0.41;246.19;3.63;879;8;1074.00;0
2273;8;621767986;2273;312;3150;3150;6.72;0.41;246.07;3.63;877;8;1075.00;0
2274;8;621767996;2274;300;3150;3150;6.78;0.41;246.04;3.63;876;8;1076.00;0
2274;8;621768007;2274;291;3150;3150;6.83;0.42;246.04;3.63;876;8;1077.00;0
2276;8;621768018;2276;283;3150;3150;6.90;0.42;246.06;3.63;874;8;1078.00;0
2277;8;621768028;2277;281;3150;3150;6.95;0.43;246.11;3.63;873;8;1079.00;0
2281;8;621768047;2281;302;3229;3275;7.09;0.44;246.35;3.55;948;8;1080.00;46
2283;8;621768068;2283;302;3235;3276;7.09;0.44;246.39;3.54;952;8;1081.00;41
2285;8;621768080;2285;292;3242;3276;7.22;0.45;246.69;3.54;957;8;1082.00;34
2287;8;621768093;2287;290;3243;3276;7.30;0.45;246.92;3.54;956;8;1083.00;33
2289;8;621768105;2289;289;3249;3276;7.39;0.46;247.07;3.54;960;8;1084.00;27
2293;9;621768116;2293;297;3252;3276;7.46;0.46;247.55;3.54;959;9;1085.00;24
2295;9;621768142;2295;299;3257;3276;7.53;0.46;247.59;3.54;962;9;1086.00;19
2297;9;621768155;2297;300;3261;3276;7.52;0.46;247.64;3.55;964;9;1087.00;15
2299;9;621768167;2299;297;3265;3277;7.51;0.46;247.73;3.55;966;9;1088.00;12
2302;9;621768180;2302;306;3270;3278;7.43;0.46;248.06;3.56;968;9;1089.00;8
2306;9;621768193;2306;305;3273;3278;7.34;0.45;248.43;3.56;967;9;1090.00;5
2309;9;621768206;2309;304;3279;3282;7.23;0.44;248.51;3.56;970;9;1091.00;3
2313;9;621768219;2313;307;3279;3282;7.13;0.44;248.76;3.56;966;9;1092.00;3
2315;9;621768232;2315;312;3280;3282;7.07;0.43;248.93;3.57;965;9;1093.00;2
2317;9;621768244;2317;313;3280;3282;7.03;0.43;249.14;3.57;963;9;1094.00;2
2320;9;621768257;2320;321;3287;3288;6.98;0.43;249.47;3.56;967;9;1095.00;1
2324;9;621768270;2324;327;3287;3288;6.98;0.43;249.47;3.56;963;9;1096.00;1
2326;9;621768282;2326;327;3287;3288;7.02;0.43;249.64;3.56;961;9;1097.00;1
2332;9;621768294;2332;339;3290;3291;6.95;0.42;250.05;3.57;958;9;1098.00;1
2334;9;621768307;2334;330;3290;3291;6.98;0.43;250.09;3.57;956;9;1099.00;1
2337;9;621768327;2337;333;3290;3291;6.94;0.42;250.34;3.57;953;9;1100.00;1
2339;10;621768343;2339;343;3291;3292;6.86;0.42;250.29;3.57;952;10;1101.00;1
2340;10;621768373;2340;343;3293;3293;6.83;0.42;250.36;3.57;953;10;1102.00;0
2342;10;621768385;2342;344;3293;3293;6.82;0.42;250.59;3.57;951;10;1103.00;0
2342;10;621768397;2342;350;3303;3306;6.77;0.42;250.59;3.55;961;10;1104.00;3
2346;10;621768409;2346;350;3303;3306;6.73;0.41;250.66;3.55;957;10;1105.00;3
2347;10;621768420;2347;351;3303;3306;6.79;0.42;250.89;3.55;956;10;1106.00;3
2351;10;621768431;2351;354;3304;3307;6.80;0.42;250.85;3.55;953;10;1107.00;3
2354;10;621768442;2354;354;3304;3307;6.80;0.42;250.90;3.55;950;10;1108.00;3
2356;10;621768452;2356;355;3308;3311;6.85;0.42;250.90;3.55;952;10;1109.00;3
2357;10;621768464;2357;349;3308;3311;6.83;0.42;251.02;3.55;951;10;1110.00;3
2359;10;621768475;2359;345;3311;3315;6.89;0.42;251.01;3.55;952;10;1111.00;4
2360;10;621768485;2360;341;3312;3315;6.98;0.43;251.01;3.55;952;10;1112.00;3
2364;10;621768496;2364;338;3312;3315;7.02;0.43;250.96;3.55;948;10;1113.00;3
2368;10;621768506;2368;336;3312;3315;7.04;0.43;250.82;3.55;944;10;1114.00;3
2372;10;621768516;2372;334;3312;3315;7.00;0.43;250.74;3.55;940;10;1115.00;3
2374;10;621768526;2374;332;3323;3327;7.02;0.43;250.71;3.54;949;10;1116.00;4
2378;10;621768537;2378;337;3323;3327;6.98;0.43;250.70;3.54;945;10;1117.00;4
2382;10;621768547;2382;333;3323;3327;6.91;0.42;250.41;3.54;941;10;1118.00;4
2386;10;621768557;2386;332;3323;3327;6.89;0.42;250.53;3.54;937;10;1119.00;4
2387;10;621768567;2387;326;3323;3327;6.83;0.42;250.59;3.54;936;10;1120.00;4
2391;10;621768577;2391;330;3323;3327;6.80;0.41;250.71;3.54;932;10;1121.00;4
2395;10;621768587;2395;326;3323;3328;6.70;0.41;250.74;3.54;928;10;1122.00;5
2396;10;621768596;2396;321;3323;3328;6.65;0.40;250.85;3.54;927;10;1123.00;5
2397;10;621768612;2397;319;3328;3334;6.64;0.40;250.98;3.53;931;10;1124.00;6
2398;10;621768622;2398;317;3332;3336;6.61;0.40;251.04;3.54;934;10;1125.00;4
2398;10;621768632;2398;317;3332;3336;6.61;0.40;251.04;3.54;934;10;1126.00;4
2401;10;621768642;2401;313;3332;3336;6.61;0.40;250.95;3.54;931;10;1127.00;4
2403;10;621768652;2403;309;3335;3340;6.64;0.40;251.00;3.54;932;10;1128.00;5
2408;10;621768662;2408;315;3335;3340;6.53;0.40;250.96;3.54;927;10;1129.00;5
2412;10;621768671;2412;313;3335;3340;6.49;0.40;251.01;3.54;923;10;1130.00;5
2413;10;621768681;2413;301;3336;3341;6.50;0.40;250.96;3.54;923;10;1131.00;5
2414;10;621768694;2414;288;3339;3345;6.50;0.40;250.93;3.54;925;10;1132.00;6
2415;11;621768710;2415;282;3339;3345;6.56;0.40;250.84;3.54;924;11;1133.00;6
2417;11;621768731;2417;270;3341;3348;6.64;0.40;250.88;3.53;924;11;1134.00;7
2420;11;621768742;2420;268;3342;3348;6.73;0.41;250.75;3.53;922;11;1135.00;6
2423;11;621768751;2423;264;3342;3348;6.78;0.41;250.63;3.53;919;11;1136.00;6
2424;11;621768766;2424;261;3342;3348;6.83;0.42;250.70;3.53;918;11;1137.00;6
2425;11;621768781;2425;256;3346;3352;6.91;0.42;250.68;3.53;921;11;1138.00;6
2425;11;621768792;2425;255;3346;3352;6.95;0.42;250.68;3.53;921;11;1139.00;6
2425;11;621768804;2425;251;3346;3352;7.01;0.43;250.68;3.53;921;11;1140.00;6
2426;11;621768814;2426;249;3346;3352;7.11;0.43;250.67;3.53;920;11;1141.00;6
2426;11;621768824;2426;252;3346;3353;7.15;0.44;250.67;3.53;920;11;1142.00;7
2427;11;621768834;2427;248;3347;3354;7.23;0.44;250.60;3.53;920;11;1143.00;7
2427;11;621768846;2427;244;3347;3354;7.31;0.45;250.60;3.53;920;11;1144.00;7
2427;12;621768858;2427;241;3348;3355;7.36;0.45;250.60;3.53;921;12;1145.00;7
2431;12;621768882;2431;239;3348;3355;7.37;0.45;250.68;3.53;917;12;1146.00;7
2431;12;621768892;2431;237;3348;3355;7.41;0.45;250.68;3.53;917;12;1147.00;7
2432;12;621768909;2432;235;3348;3355;7.41;0.45;250.67;3.53;916;12;1148.00;7
2434;12;621768920;2434;238;3348;3355;7.48;0.46;250.55;3.53;914;12;1149.00;7
2437;12;621768933;2437;240;3350;3355;7.51;0.46;250.43;3.55;913;12;1150.00;5
2438;12;621768944;2438;239;3350;3355;7.58;0.46;250.41;3.55;912;12;1151.00;5
2442;12;621768958;2442;258;3415;3482;7.75;0.48;250.52;3.48;973;12;1152.00;67
2443;12;621768979;2443;257;3421;3483;7.77;0.48;250.58;3.49;978;12;1153.00;62
2447;12;621768991;2447;249;3431;3483;7.80;0.48;250.88;3.48;984;12;1154.00;52
2448;12;621769002;2448;246;3435;3483;7.79;0.48;250.89;3.48;987;12;1155.00;48
2452;12;621769012;2452;249;3443;3483;7.80;0.48;250.86;3.49;991;12;1156.00;40
2454;12;621769023;2454;250;3443;3483;7.75;0.48;250.94;3.49;989;12;1157.00;40
2458;12;621769033;2458;257;3447;3483;7.71;0.48;251.08;3.49;989;12;1158.00;36
2460;12;621769044;2460;262;3451;3483;7.73;0.48;251.26;3.51;991;12;1159.00;32
2465;12;621769061;2465;262;3456;3484;7.66;0.47;251.38;3.52;991;12;1160.00;28
2467;12;621769077;2467;265;3461;3485;7.58;0.47;251.65;3.53;994;12;1161.00;24
2470;12;621769088;2470;265;3465;3485;7.51;0.46;251.79;3.54;995;12;1162.00;20
2474;12;621769099;2474;264;3468;3486;7.44;0.46;251.60;3.54;994;12;1163.00;18
2477;12;621769109;2477;267;3474;3486;7.36;0.45;251.82;3.56;997;12;1164.00;12
2478;12;621769120;2478;269;3478;3486;7.32;0.45;251.81;3.57;1000;12;1165.00;8
2481;12;621769130;2481;273;3479;3486;7.24;0.45;251.92;3.57;998;12;1166.00;7
2482;12;621769141;2482;283;3484;3490;7.15;0.44;252.01;3.57;1002;12;1167.00;6
2486;12;621769152;2486;293;3485;3490;7.05;0.43;251.92;3.57;999;12;1168.00;5
2486;12;621769163;2486;292;3486;3490;7.00;0.43;251.92;3.57;1000;12;1169.00;4
2489;12;621769174;2489;293;3490;3496;6.95;0.43;251.95;3.57;1001;12;1170.00;6
2492;12;621769187;2492;291;3491;3496;6.90;0.42;251.99;3.57;999;12;1171.00;5
2495;12;621769197;2495;294;3493;3496;6.80;0.42;252.26;3.58;998;12;1172.00;3
2499;12;621769208;2499;302;3498;3500;6.75;0.41;252.28;3.58;999;12;1173.00;2
2502;12;621769220;2502;301;3499;3501;6.72;0.41;252.53;3.58;997;12;1174.00;2
2507;12;621769231;2507;301;3501;3501;6.74;0.41;252.61;3.58;994;12;1175.00;0
2508;12;621769242;2508;299;3505;3505;6.77;0.41;252.54;3.58;997;12;1176.00;0
2510;12;621769253;2510;294;3505;3505;6.80;0.42;252.86;3.58;995;12;1177.00;0
2513;12;621769264;2513;295;3505;3505;6.82;0.42;252.74;3.58;992;12;1178.00;0
2514;12;621769275;2514;290;3506;3506;6.87;0.42;252.73;3.58;992;12;1179.00;0
2516;12;621769286;2516;293;3506;3506;6.93;0.42;252.80;3.58;990;12;1180.00;0
2519;12;621769296;2519;300;3512;3512;6.91;0.42;252.91;3.57;993;12;1181.00;0
2522;12;621769306;2522;299;3512;3512;6.89;0.42;252.91;3.57;990;12;1182.00;0
2523;12;621769317;2523;306;3513;3513;6.88;0.42;252.86;3.57;990;12;1183.00;0
2529;12;621769327;2529;300;3513;3513;6.84;0.42;253.11;3.57;984;12;1184.00;0
2532;12;621769338;2532;302;3513;3513;6.83;0.42;252.93;3.57;981;12;1185.00;0
2538;12;621769348;2538;302;3513;3513;6.78;0.41;253.18;3.57;975;12;1186.00;0
2544;12;621769359;2544;309;3513;3513;6.70;0.41;253.29;3.57;969;12;1187.00;0
2546;12;621769369;2546;306;3525;3525;6.67;0.41;253.32;3.56;979;12;1188.00;0
2551;12;621769385;2551;304;3525;3525;6.65;0.41;253.31;3.56;974;12;1189.00;0
2555;12;621769402;2555;296;3525;3525;6.67;0.41;253.44;3.56;970;12;1190.00;0
2559;12;621769418;2559;292;3525;3525;6.70;0.41;253.39;3.56;966;12;1191.00;0
2564;12;621769436;2564;285;3525;3525;6.66;0.41;253.37;3.56;961;12;1192.00;0
2568;12;621769453;2568;278;3525;3525;6.66;0.41;253.50;3.56;957;12;1193.00;0
2571;12;621769470;2571;278;3529;3529;6.65;0.41;253.47;3.56;958;12;1194.00;0
2574;12;621769490;2574;281;3529;3529;6.66;0.41;253.48;3.56;955;12;1195.00;0
2577;12;621769504;2577;279;3533;3533;6.74;0.41;253.62;3.56;956;12;1196.00;0
2581;12;621769517;2581;276;3534;3534;6.83;0.42;253.77;3.55;953;12;1197.00;0
2584;12;621769530;2584;269;3534;3534;6.85;0.42;253.99;3.55;950;12;1198.00;0
2589;12;621769542;2589;267;3534;3534;6.91;0.42;254.18;3.55;945;12;1199.00;0
2592;12;621769557;2592;276;3560;3575;6.97;0.43;254.38;3.53;968;12;1200.00;15
2597;12;621769582;2597;266;3561;3575;6.99;0.43;254.53;3.53;964;12;1201.00;14
2600;12;621769596;2600;266;3564;3575;6.98;0.43;254.61;3.53;964;12;1202.00;11
2604;12;621769608;2604;266;3566;3576;7.03;0.43;254.85;3.53;962;12;1203.00;10
2608;12;621769620;2608;271;3568;3577;7.01;0.43;254.98;3.52;960;12;1204.00;9
2611;12;621769632;2611;271;3569;3577;7.01;0.43;255.18;3.53;958;12;1205.00;8
2615;12;621769644;2615;271;3572;3580;7.02;0.43;255.37;3.52;957;12;1206.00;8
2618;12;621769656;2618;281;3572;3580;6.98;0.43;255.42;3.52;954;12;1207.00;8
2622;12;621769668;2622;283;3574;3580;6.93;0.42;255.42;3.52;952;12;1208.00;6
2627;12;621769679;2627;284;3576;3580;6.81;0.42;255.56;3.53;949;12;1209.00;4
2631;12;621769691;2631;282;3582;3586;6.79;0.42;255.60;3.52;951;12;1210.00;4
2634;12;621769703;2634;290;3582;3586;6.76;0.41;255.57;3.52;948;12;1211.00;4
2638;12;621769715;2638;294;3582;3586;6.74;0.41;255.69;3.52;944;12;1212.00;4
2642;12;621769726;2642;298;3582;3586;6.74;0.41;256.02;3.52;940;12;1213.00;4
2644;12;621769738;2644;297;3586;3590;6.78;0.42;256.25;3.52;942;12;1214.00;4
2645;12;621769750;2645;304;3589;3592;6.83;0.42;256.17;3.52;944;12;1215.00;3
2649;12;621769763;2649;308;3589;3592;6.91;0.42;256.32;3.52;940;12;1216.00;3
2653;12;621769774;2653;311;3590;3593;6.90;0.42;256.56;3.52;937;12;1217.00;3
2658;12;621769787;2658;315;3590;3593;6.87;0.42;256.92;3.52;932;12;1218.00;3
2659;12;621769799;2659;314;3590;3593;6.91;0.43;257.01;3.52;931;12;1219.00;3
2663;12;621769811;2663;315;3590;3593;6.85;0.42;257.34;3.52;927;12;1220.00;3
2668;12;621769822;2668;323;3591;3593;6.75;0.42;257.37;3.53;923;12;1221.00;2
2673;12;621769834;2673;324;3591;3593;6.70;0.41;257.61;3.53;918;12;1222.00;2
2679;12;621769845;2679;329;3591;3593;6.60;0.41;257.75;3.53;912;12;1223.00;2
2682;12;621769859;2682;345;3629;3663;6.59;0.41;258.03;3.49;947;12;1224.00;34
2687;12;621769876;2687;334;3631;3664;6.62;0.41;258.33;3.49;944;12;1225.00;33
2689;12;621769887;2689;337;3639;3664;6.77;0.42;258.45;3.49;950;12;1226.00;25
2694;12;621769899;2694;335;3639;3664;6.76;0.42;258.66;3.49;945;12;1227.00;25
2701;12;621769910;2701;336;3642;3666;6.77;0.41;258.60;3.49;941;12;1228.00;24
2704;12;621769924;2704;336;3643;3666;6.74;0.41;258.79;3.49;939;12;1229.00;23
2706;12;621769937;2706;345;3645;3666;6.71;0.41;258.69;3.49;939;12;1230.00;21
2710;12;621769948;2710;346;3650;3666;6.61;0.40;259.12;3.50;940;12;1231.00;16
2716;12;621769959;2716;352;3654;3667;6.50;0.40;259.34;3.51;938;12;1232.00;13
2717;12;621769971;2717;364;3656;3668;6.50;0.40;259.47;3.51;939;12;1233.00;12
2721;12;621769983;2721;372;3659;3668;6.40;0.39;259.70;3.52;938;12;1234.00;9
2725;12;621769996;2725;390;3665;3672;6.39;0.39;259.82;3.52;940;12;1235.00;7
2727;12;621770008;2727;397;3665;3672;6.40;0.39;259.71;3.52;938;12;1236.00;7
2729;12;621770020;2729;397;3668;3672;6.44;0.39;259.90;3.52;939;12;1237.00;4
2730;12;621770031;2730;391;3671;3672;6.53;0.40;260.05;3.53;941;12;1238.00;1
2732;12;621770042;2732;391;3677;3678;6.62;0.41;260.07;3.53;945;12;1239.00;1
2735;12;621770054;2735;391;3678;3678;6.69;0.41;260.26;3.53;943;12;1240.00;0
2737;12;621770066;2737;390;3678;3678;6.73;0.41;260.35;3.53;941;12;1241.00;0
2741;12;621770078;2741;384;3680;3681;6.79;0.41;260.36;3.53;939;12;1242.00;1
2742;12;621770091;2742;389;3680;3681;6.78;0.41;260.27;3.53;938;12;1243.00;1
2744;12;621770103;2744;395;3681;3681;6.77;0.41;260.39;3.53;937;12;1244.00;0
2747;12;621770115;2747;394;3682;3682;6.70;0.41;260.61;3.53;935;12;1245.00;0
2748;12;621770127;2748;383;3683;3683;6.66;0.41;260.71;3.53;935;12;1246.00;0
2753;12;621770141;2753;377;3683;3683;6.58;0.40;260.97;3.53;930;12;1247.00;0
2758;12;621770153;2758;383;3696;3696;6.69;0.41;261.09;3.51;938;12;1248.00;0
2763;12;621770166;2763;383;3696;3696;6.69;0.41;261.16;3.51;933;12;1249.00;0
2766;12;621770177;2766;376;3696;3696;6.72;0.41;261.04;3.51;930;12;1250.00;0
2770;12;621770189;2770;380;3697;3697;6.74;0.41;261.21;3.51;927;12;1251.00;0
2771;12;621770201;2771;376;3697;3697;6.74;0.41;261.24;3.51;926;12;1252.00;0
2774;12;621770213;2774;375;3701;3701;6.80;0.41;261.39;3.51;927;12;1253.00;0
2775;12;621770226;2775;375;3701;3701;6.84;0.42;261.48;3.51;926;12;1254.00;0
2778;12;621770238;2778;376;3705;3705;6.90;0.42;261.79;3.51;927;12;1255.00;0
2782;12;621770250;2782;376;3705;3705;6.84;0.42;261.99;3.51;923;12;1256.00;0
2784;12;621770262;2784;372;3705;3705;6.78;0.41;262.12;3.51;921;12;1257.00;0
2787;12;621770274;2787;364;3705;3705;6.75;0.41;262.22;3.51;918;12;1258.00;0
2788;12;621770287;2788;367;3705;3705;6.73;0.41;262.22;3.51;917;12;1259.00;0
2791;12;621770300;2791;371;3734;3739;6.77;0.41;262.24;3.48;943;12;1260.00;5
2792;12;621770316;2792;364;3734;3739;6.78;0.42;262.17;3.48;942;12;1261.00;5
2795;12;621770328;2795;366;3737;3739;6.89;0.42;262.01;3.48;942;12;1262.00;2
2799;12;621770340;2799;370;3737;3739;6.84;0.42;261.84;3.48;938;12;1263.00;2
2801;13;621770351;2801;370;3738;3739;6.86;0.42;261.81;3.48;937;13;1264.00;1
2804;13;621770378;2804;377;3738;3739;6.86;0.42;261.72;3.48;934;13;1265.00;1
2804;13;621770391;2804;380;3738;3740;6.87;0.42;261.72;3.48;934;13;1266.00;2
2804;13;621770402;2804;379;3738;3740;6.90;0.42;261.72;3.48;934;13;1267.00;2
2806;13;621770414;2806;380;3743;3746;6.84;0.42;261.87;3.48;937;13;1268.00;3
2807;13;621770426;2807;377;3744;3747;6.80;0.41;261.89;3.47;937;13;1269.00;3
2811;13;621770438;2811;382;3744;3747;6.64;0.40;261.78;3.47;933;13;1270.00;3
2815;13;621770454;2815;379;3744;3747;6.57;0.40;261.75;3.47;929;13;1271.00;3
2817;13;621770465;2817;391;3747;3751;6.51;0.39;261.70;3.47;930;13;1272.00;4
2819;13;621770475;2819;388;3747;3751;6.50;0.39;261.66;3.47;928;13;1273.00;4
2819;13;621770485;2819;386;3747;3751;6.50;0.39;261.66;3.47;928;13;1274.00;4
2820;13;621770495;2820;392;3748;3752;6.43;0.39;261.68;3.47;928;13;1275.00;4
2821;13;621770505;2821;391;3751;3756;6.39;0.39;261.65;3.47;930;13;1276.00;5
2822;13;621770516;2822;391;3751;3756;6.36;0.38;261.70;3.47;929;13;1277.00;5
2824;13;621770526;2824;394;3753;3759;6.33;0.38;261.55;3.47;929;13;1278.00;6
2824;13;621770537;2824;394;3753;3759;6.31;0.38;261.55;3.47;929;13;1279.00;6
2824;13;621770546;2824;391;3754;3759;6.31;0.38;261.55;3.47;930;13;1280.00;5
2826;13;621770556;2826;389;3754;3759;6.27;0.38;261.57;3.47;928;13;1281.00;5
2826;13;621770565;2826;380;3758;3763;6.30;0.38;261.57;3.46;932;13;1282.00;5
2827;13;621770575;2827;360;3758;3763;6.27;0.38;261.62;3.46;931;13;1283.00;5
2829;13;621770585;2829;348;3758;3763;6.26;0.38;261.74;3.46;929;13;1284.00;5
2832;13;621770595;2832;339;3758;3763;6.26;0.38;261.84;3.46;926;13;1285.00;5
2833;13;621770605;2833;324;3758;3764;6.32;0.38;261.84;3.46;925;13;1286.00;6
2835;13;621770615;2835;321;3759;3765;6.38;0.39;261.92;3.46;924;13;1287.00;6
2835;13;621770625;2835;309;3759;3765;6.40;0.39;261.92;3.46;924;13;1288.00;6
2838;13;621770646;2838;305;3760;3766;6.42;0.39;262.06;3.46;922;13;1289.00;6
2839;13;621770665;2839;294;3760;3766;6.48;0.39;262.11;3.46;921;13;1290.00;6
2840;14;621770675;2840;286;3760;3766;6.52;0.39;262.12;3.46;920;14;1291.00;6
2843;14;621770696;2843;278;3760;3766;6.57;0.40;262.17;3.46;917;14;1292.00;6
2843;14;621770706;2843;268;3760;3766;6.66;0.40;262.17;3.46;917;14;1293.00;6
2843;14;621770716;2843;260;3761;3766;6.77;0.41;262.17;3.47;918;14;1294.00;5
2846;15;621770726;2846;253;3761;3766;6.80;0.41;262.35;3.47;915;15;1295.00;5
2847;15;621770742;2847;263;3824;3893;7.00;0.43;262.39;3.42;977;15;1296.00;69
2849;15;621770762;2849;252;3824;3894;7.06;0.43;262.49;3.42;975;15;1297.00;70
2853;15;621770779;2853;239;3833;3894;7.13;0.44;262.42;3.42;980;15;1298.00;61
2856;15;621770789;2856;243;3836;3894;7.13;0.44;262.43;3.42;980;15;1299.00;58
2857;15;621770800;2857;236;3842;3894;7.18;0.44;262.41;3.42;985;15;1300.00;52
2859;15;621770814;2859;226;3845;3894;7.21;0.44;262.37;3.42;986;15;1301.00;49
2860;15;621770829;2860;216;3848;3894;7.29;0.44;262.46;3.42;988;15;1302.00;46
2860;15;621770840;2860;218;3850;3894;7.32;0.45;262.46;3.42;990;15;1303.00;44
2866;15;621770850;2866;213;3854;3895;7.31;0.44;262.57;3.43;988;15;1304.00;41
2867;15;621770861;2867;206;3860;3897;7.33;0.45;262.69;3.44;993;15;1305.00;37
2871;15;621770872;2871;201;3863;3897;7.38;0.45;262.54;3.44;992;15;1306.00;34
2873;15;621770883;2873;195;3867;3898;7.40;0.45;262.64;3.45;994;15;1307.00;31
2876;15;621770895;2876;195;3869;3898;7.38;0.45;262.94;3.45;993;15;1308.00;29
2879;15;621770911;2879;192;3872;3898;7.37;0.45;263.00;3.46;993;15;1309.00;26
2881;15;621770923;2881;192;3877;3898;7.30;0.44;262.89;3.47;996;15;1310.00;21
2883;15;621770934;2883;190;3881;3902;7.30;0.44;263.07;3.47;998;15;1311.00;21
2887;15;621770947;2887;196;3881;3902;7.31;0.45;263.17;3.47;994;15;1312.00;21
2888;15;621770958;2888;202;3884;3902;7.31;0.45;263.08;3.48;996;15;1313.00;18
2889;15;621770969;2889;204;3887;3905;7.39;0.45;263.20;3.50;998;15;1314.00;18
2891;15;621770980;2891;205;3888;3905;7.43;0.45;263.19;3.50;997;15;1315.00;17
2894;15;621770998;2894;213;3892;3905;7.47;0.45;263.21;3.51;998;15;1316.00;13
2896;15;621771009;2896;208;3895;3909;7.54;0.46;263.28;3.51;999;15;1317.00;14
2899;15;621771020;2899;212;3897;3910;7.61;0.46;263.35;3.51;998;15;1318.00;13
2900;15;621771031;2900;213;3899;3910;7.69;0.47;263.32;3.52;999;15;1319.00;11
2903;15;621771044;2903;214;3903;3915;7.72;0.47;263.35;3.52;1000;15;1320.00;12
2905;15;621771056;2905;212;3903;3915;7.71;0.47;263.66;3.52;998;15;1321.00;12
2906;15;621771068;2906;211;3905;3915;7.73;0.47;263.67;3.53;999;15;1322.00;10
2909;15;621771079;2909;216;3906;3916;7.70;0.47;263.99;3.53;997;15;1323.00;10
2910;15;621771090;2910;225;3907;3916;7.62;0.46;263.96;3.54;997;15;1324.00;9
2913;15;621771103;2913;225;3913;3922;7.61;0.46;264.13;3.54;1000;15;1325.00;9
2914;15;621771115;2914;227;3913;3922;7.62;0.46;264.24;3.54;999;15;1326.00;9
2918;15;621771126;2918;233;3914;3923;7.56;0.46;264.60;3.55;996;15;1327.00;9
2922;15;621771137;2922;241;3915;3923;7.54;0.46;264.57;3.55;993;15;1328.00;8
2926;15;621771149;2926;245;3916;3923;7.52;0.46;264.44;3.56;990;15;1329.00;7
2930;15;621771160;2930;248;3918;3923;7.50;0.45;264.45;3.58;988;15;1330.00;5
2933;15;621771171;2933;250;3921;3923;7.42;0.45;264.50;3.59;988;15;1331.00;2
2934;15;621771183;2934;255;3931;3935;7.50;0.46;264.54;3.58;997;15;1332.00;4
2937;15;621771195;2937;258;3932;3935;7.53;0.46;264.56;3.59;995;15;1333.00;3
2939;15;621771206;2939;258;3934;3935;7.50;0.46;264.57;3.59;995;15;1334.00;1
2941;15;621771222;2941;259;3934;3935;7.49;0.46;264.48;3.59;993;15;1335.00;1
2943;15;621771234;2943;262;3935;3935;7.44;0.45;264.66;3.59;992;15;1336.00;0
2945;15;621771244;2945;262;3935;3935;7.38;0.45;264.70;3.59;990;15;1337.00;0
2945;15;621771256;2945;266;3939;3939;7.33;0.45;264.70;3.58;994;15;1338.00;0
2947;15;621771266;2947;263;3939;3939;7.31;0.45;264.82;3.58;992;15;1339.00;0
2949;15;621771277;2949;264;3943;3943;7.33;0.45;264.87;3.58;994;15;1340.00;0
2951;15;621771289;2951;264;3944;3944;7.29;0.45;264.98;3.58;993;15;1341.00;0
2951;15;621771300;2951;264;3944;3944;7.29;0.45;264.98;3.58;993;15;1342.00;0
2956;15;621771310;2956;264;3944;3944;7.27;0.45;265.14;3.58;988;15;1343.00;0
2959;15;621771321;2959;260;3957;3957;7.31;0.45;265.32;3.57;998;15;1344.00;0
2961;15;621771333;2961;260;3957;3957;7.28;0.45;265.23;3.57;996;15;1345.00;0
2964;15;621771344;2964;255;3957;3957;7.31;0.45;265.41;3.57;993;15;1346.00;0
2967;15;621771354;2967;257;3958;3958;7.33;0.45;265.44;3.57;991;15;1347.00;0
2967;15;621771365;2967;257;3959;3959;7.38;0.45;265.44;3.57;992;15;1348.00;0
2970;15;621771376;2970;259;3959;3959;7.39;0.45;265.59;3.57;989;15;1349.00;0
2973;15;621771394;2973;266;3966;3968;7.37;0.45;265.59;3.56;993;15;1350.00;2
2974;15;621771418;2974;265;3966;3968;7.37;0.45;265.52;3.56;992;15;1351.00;2
2976;15;621771436;2976;267;3967;3968;7.34;0.45;265.57;3.56;991;15;1352.00;1
2981;15;621771452;2981;268;3967;3968;7.28;0.44;265.78;3.56;986;15;1353.00;1
2983;15;621771468;2983;272;3973;3974;7.31;0.45;265.77;3.56;990;15;1354.00;1
2988;15;621771484;2988;275;3974;3974;7.24;0.44;265.76;3.56;986;15;1355.00;0
2994;15;621771498;2994;271;3974;3974;7.17;0.44;265.76;3.56;980;15;1356.00;0
2996;15;621771510;2996;278;3974;3974;7.07;0.43;265.65;3.56;978;15;1357.00;0
2999;15;621771528;2999;282;3978;3978;6.94;0.43;265.72;3.56;979;15;1358.00;0
3004;15;621771540;3004;291;3979;3979;6.85;0.42;265.74;3.55;975;15;1359.00;0
3006;15;621771551;3006;277;3979;3979;6.80;0.42;265.79;3.55;973;15;1360.00;0
3010;15;621771563;3010;276;3980;3980;6.78;0.42;265.69;3.55;970;15;1361.00;0
3014;15;621771574;3014;276;3980;3980;6.78;0.42;265.62;3.55;966;15;1362.00;0
3017;15;621771586;3017;265;3980;3980;6.79;0.42;265.56;3.55;963;15;1363.00;0
3024;15;621771597;3024;265;3980;3980;6.73;0.41;265.52;3.55;956;15;1364.00;0
3027;15;621771608;3027;263;3980;3980;6.70;0.41;265.62;3.55;953;15;1365.00;0
3034;15;621771621;3034;262;3980;3980;6.71;0.41;265.71;3.55;946;15;1366.00;0
3036;15;621771633;3036;257;3980;3980;6.76;0.41;265.75;3.55;944;15;1367.00;0
3039;15;621771644;3039;259;4019;4050;6.93;0.43;265.87;3.52;980;15;1368.00;31
3044;15;621771675;3044;250;4023;4051;6.95;0.43;266.00;3.52;979;15;1369.00;28
3050;15;621771686;3050;255;4029;4051;7.03;0.43;266.38;3.51;979;15;1370.00;22
3051;15;621771699;3051;251;4029;4051;7.06;0.43;266.41;3.51;978;15;1371.00;22
3055;15;621771710;3055;260;4032;4051;7.05;0.43;266.48;3.51;977;15;1372.00;19
3057;15;621771722;3057;266;4033;4051;7.04;0.43;266.47;3.52;976;15;1373.00;18
3062;15;621771733;3062;272;4036;4051;7.01;0.43;266.72;3.52;974;15;1374.00;15
3065;15;621771744;3065;278;4039;4051;6.95;0.43;266.67;3.52;974;15;1375.00;12
3070;15;621771755;3070;285;4042;4052;6.87;0.42;266.91;3.52;972;15;1376.00;10
3078;15;621771767;3078;292;4044;4053;6.74;0.41;267.09;3.53;966;15;1377.00;9
3080;15;621771779;3080;291;4047;4053;6.72;0.41;267.13;3.53;967;15;1378.00;6
3086;15;621771790;3086;309;4053;4057;6.67;0.41;267.12;3.53;967;15;1379.00;4
3091;15;621771803;3091;311;4054;4057;6.68;0.41;267.33;3.53;963;15;1380.00;3
3094;15;621771814;3094;316;4054;4057;6.71;0.41;267.54;3.53;960;15;1381.00;3
3098;15;621771826;3098;318;4054;4057;6.67;0.41;267.79;3.53;956;15;1382.00;3
3104;15;621771838;3104;320;4060;4063;6.69;0.41;268.00;3.53;956;15;1383.00;3
3106;15;621771850;3106;323;4060;4063;6.77;0.42;268.01;3.53;954;15;1384.00;3
3111;15;621771861;3111;326;4061;4063;6.61;0.41;268.29;3.53;950;15;1385.00;2
3121;15;621771873;3121;332;4064;4066;6.52;0.40;268.78;3.53;943;15;1386.00;2
3123;15;621771885;3123;337;4065;4066;6.45;0.39;268.75;3.53;942;15;1387.00;1
3127;15;621771895;3127;340;4066;4066;6.41;0.39;269.07;3.53;939;15;1388.00;0
3133;15;621771907;3133;345;4067;4067;6.30;0.39;269.41;3.53;934;15;1389.00;0
3136;15;621771919;3136;348;4068;4068;6.25;0.38;269.40;3.53;932;15;1390.00;0
3141;15;621771930;3141;347;4068;4068;6.15;0.38;269.63;3.53;927;15;1391.00;0
3147;15;621771941;3147;355;4080;4081;6.15;0.38;269.95;3.52;933;15;1392.00;1
3152;15;621771953;3152;359;4081;4081;6.11;0.37;270.06;3.52;929;15;1393.00;0
3156;15;621771964;3156;366;4081;4081;6.08;0.37;270.15;3.52;925;15;1394.00;0
3162;15;621771976;3162;370;4083;4083;6.05;0.37;270.24;3.52;921;15;1395.00;0
3163;15;621771988;3163;370;4083;4083;6.01;0.37;270.32;3.52;920;15;1396.00;0
3166;15;621771999;3166;379;4087;4087;5.99;0.37;270.44;3.52;921;15;1397.00;0
3167;15;621772010;3167;388;4087;4087;5.96;0.37;270.42;3.52;920;15;1398.00;0
3171;15;621772021;3171;392;4091;4091;5.92;0.36;270.39;3.52;920;15;1399.00;0
3173;15;621772032;3173;397;4091;4091;5.88;0.36;270.38;3.52;918;15;1400.00;0
3175;15;621772046;3175;405;4091;4091;5.84;0.36;270.38;3.52;916;15;1401.00;0
3175;15;621772058;3175;409;4091;4091;5.77;0.35;270.38;3.52;916;15;1402.00;0
3179;15;621772068;3179;421;4091;4091;5.66;0.35;270.25;3.52;912;15;1403.00;0
3181;15;621772078;3181;429;4101;4103;5.68;0.35;270.26;3.51;920;15;1404.00;2
3182;15;621772090;3182;431;4101;4103;5.61;0.34;270.24;3.51;919;15;1405.00;2
3182;15;621772100;3182;438;4103;4103;5.58;0.34;270.24;3.51;921;15;1406.00;0
3185;15;621772110;3185;429;4103;4103;5.56;0.34;270.15;3.51;918;15;1407.00;0
3189;15;621772121;3189;429;4103;4103;5.52;0.34;269.94;3.51;914;15;1408.00;0
3190;15;621772132;3190;427;4103;4103;5.55;0.34;269.89;3.51;913;15;1409.00;0
3192;15;621772144;3192;419;4104;4104;5.56;0.34;269.84;3.51;912;15;1410.00;0
3194;15;621772155;3194;419;4104;4104;5.63;0.35;269.80;3.51;910;15;1411.00;0
3196;15;621772165;3196;418;4110;4110;5.65;0.35;269.67;3.50;914;15;1412.00;0
3197;15;621772176;3197;416;4111;4111;5.66;0.35;269.66;3.50;914;15;1413.00;0
3198;15;621772194;3198;415;4111;4111;5.70;0.35;269.65;3.50;913;15;1414.00;0
3199;15;621772205;3199;414;4111;4111;5.71;0.35;269.68;3.50;912;15;1415.00;0
3200;15;621772215;3200;405;4115;4115;5.79;0.36;269.62;3.50;915;15;1416.00;0
3202;15;621772226;3202;392;4115;4115;5.82;0.36;269.59;3.50;913;15;1417.00;0
3208;15;621772237;3208;388;4115;4115;5.78;0.35;269.45;3.50;907;15;1418.00;0
3211;15;621772254;3211;383;4116;4116;5.81;0.35;269.43;3.50;905;15;1419.00;0
3215;15;621772266;3215;386;4120;4120;5.80;0.35;269.40;3.49;905;15;1420.00;0
3216;15;621772276;3216;382;4120;4120;5.87;0.36;269.42;3.49;904;15;1421.00;0
3216;15;621772293;3216;379;4122;4123;5.94;0.36;269.42;3.49;906;15;1422.00;1
3217;15;621772304;3217;384;4122;4123;5.99;0.36;269.48;3.49;905;15;1423.00;1
3218;15;621772315;3218;385;4123;4123;6.03;0.37;269.59;3.49;905;15;1424.00;0
3220;15;621772326;3220;390;4123;4123;6.12;0.37;269.63;3.49;903;15;1425.00;0
3220;15;621772336;3220;393;4127;4127;6.29;0.38;269.63;3.49;907;15;1426.00;0
3221;15;621772348;3221;388;4127;4127;6.39;0.39;269.63;3.49;906;15;1427.00;0
3224;15;621772359;3224;392;4127;4127;6.41;0.39;269.67;3.49;903;15;1428.00;0
3224;15;621772371;3224;384;4127;4127;6.44;0.39;269.67;3.49;903;15;1429.00;0
3224;15;621772383;3224;386;4128;4128;6.45;0.39;269.67;3.49;904;15;1430.00;0
3224;15;621772394;3224;383;4129;4129;6.45;0.39;269.67;3.49;905;15;1431.00;0
3226;15;621772405;3226;388;4129;4129;6.43;0.39;269.68;3.49;903;15;1432.00;0
3228;15;621772416;3228;387;4130;4130;6.43;0.39;269.74;3.49;902;15;1433.00;0
3230;15;621772428;3230;388;4130;4130;6.39;0.39;269.82;3.49;900;15;1434.00;0
3232;15;621772438;3232;379;4130;4130;6.36;0.38;269.86;3.49;898;15;1435.00;0
3234;15;621772448;3234;370;4130;4130;6.42;0.39;269.93;3.49;896;15;1436.00;0
3236;15;621772458;3236;363;4130;4130;6.48;0.39;269.90;3.49;894;15;1437.00;0
3236;15;621772469;3236;360;4130;4130;6.54;0.40;269.90;3.49;894;15;1438.00;0
3236;15;621772479;3236;349;4130;4130;6.60;0.40;269.90;3.49;894;15;1439.00;0
3238;15;621772491;3238;402;4258;4360;6.76;0.42;269.97;3.38;1020;15;1440.00;102
3239;15;621772521;3239;386;4261;4361;6.85;0.43;270.01;3.38;1022;15;1441.00;100
3242;15;621772543;3242;364;4271;4361;6.96;0.43;270.12;3.38;1029;15;1442.00;90
3242;15;621772559;3242;354;4277;4361;7.03;0.44;270.12;3.38;1035;15;1443.00;84
3243;15;621772571;3243;350;4283;4361;7.11;0.44;270.08;3.38;1040;15;1444.00;78
3244;15;621772582;3244;347;4287;4361;7.14;0.44;270.00;3.38;1043;15;1445.00;74
3244;15;621772593;3244;343;4292;4361;7.19;0.44;270.00;3.38;1048;15;1446.00;69
3248;15;621772605;3248;338;4296;4361;7.22;0.45;270.07;3.39;1048;15;1447.00;65
3248;15;621772616;3248;350;4302;4362;7.25;0.45;270.07;3.39;1054;15;1448.00;60
3250;15;621772627;3250;349;4306;4363;7.18;0.44;270.19;3.40;1056;15;1449.00;57
3250;15;621772639;3250;338;4310;4363;7.12;0.44;270.19;3.41;1060;15;1450.00;53
3252;15;621772651;3252;342;4313;4364;7.03;0.43;270.20;3.41;1061;15;1451.00;51
3253;15;621772663;3253;343;4315;4364;6.96;0.43;270.21;3.41;1062;15;1452.00;49
3253;15;621772674;3253;336;4318;4364;6.93;0.43;270.21;3.42;1065;15;1453.00;46
3255;15;621772686;3255;337;4321;4364;6.90;0.42;270.22;3.43;1066;15;1454.00;43
3255;15;621772698;3255;333;4323;4368;6.88;0.42;270.22;3.43;1068;15;1455.00;45
3256;15;621772710;3256;326;4325;4368;6.92;0.42;270.31;3.43;1069;15;1456.00;43
3259;15;621772722;3259;329;4326;4368;6.95;0.42;270.56;3.43;1067;15;1457.00;42
3260;15;621772733;3260;327;4327;4371;7.00;0.43;270.62;3.43;1067;15;1458.00;44
3261;15;621772745;3261;327;4328;4371;6.98;0.43;270.69;3.44;1067;15;1459.00;43
3263;16;621772757;3263;327;4330;4371;6.98;0.43;270.67;3.45;1067;16;1460.00;41
3267;16;621772786;3267;322;4333;4375;6.98;0.43;270.79;3.44;1066;16;1461.00;42
3272;16;621772799;3272;314;4334;4376;6.95;0.42;270.85;3.44;1062;16;1462.00;42
3276;16;621772811;3276;312;4337;4376;6.92;0.42;270.98;3.46;1061;16;1463.00;39
3281;16;621772823;3281;313;4341;4380;6.93;0.42;271.14;3.46;1060;16;1464.00;39
3283;16;621772841;3283;305;4343;4380;6.96;0.43;271.35;3.47;1060;16;1465.00;37
3287;16;621772853;3287;299;4344;4380;7.02;0.43;271.54;3.48;1057;16;1466.00;36
3291;16;621772865;3291;295;4344;4381;7.07;0.43;271.82;3.48;1053;16;1467.00;37
3292;16;621772878;3292;288;4345;4381;7.14;0.44;271.81;3.48;1053;16;1468.00;36
3292;16;621772890;3292;283;4349;4387;7.22;0.44;271.81;3.49;1057;16;1469.00;38
3299;16;621772904;3299;273;4349;4387;7.27;0.44;271.93;3.49;1050;16;1470.00;38
3301;16;621772922;3301;269;4349;4388;7.33;0.45;271.94;3.49;1048;16;1471.00;39
3304;16;621772945;3304;262;4350;4388;7.35;0.45;271.80;3.49;1046;16;1472.00;38
3306;16;621772957;3306;266;4351;4388;7.40;0.45;271.78;3.50;1045;16;1473.00;37
3311;16;621772970;3311;269;4351;4388;7.46;0.45;271.77;3.50;1040;16;1474.00;37
3313;16;621772982;3313;267;4353;4388;7.49;0.45;271.75;3.51;1040;16;1475.00;35
3316;16;621773000;3316;260;4362;4400;7.52;0.46;271.72;3.51;1046;16;1476.00;38
3317;16;621773020;3317;265;4364;4400;7.55;0.46;271.74;3.52;1047;16;1477.00;36
3318;16;621773036;3318;267;4364;4400;7.55;0.46;271.73;3.52;1046;16;1478.00;36
3319;16;621773048;3319;264;4365;4400;7.58;0.46;271.86;3.53;1046;16;1479.00;35
3320;16;621773061;3320;267;4367;4400;7.57;0.46;271.93;3.54;1047;16;1480.00;33
3322;16;621773073;3322;264;4371;4400;7.55;0.46;272.05;3.57;1049;16;1481.00;29
3325;16;621773086;3325;267;4375;4404;7.47;0.45;272.20;3.58;1050;16;1482.00;29
3327;16;621773100;3327;270;4377;4404;7.54;0.46;272.25;3.58;1050;16;1483.00;27
3330;16;621773112;3330;266;4383;4408;7.59;0.46;272.30;3.60;1053;16;1484.00;25
3333;16;621773125;3333;268;4386;4410;7.62;0.46;272.53;3.60;1053;16;1485.00;24
3335;16;621773137;3335;266;4388;4410;7.64;0.46;272.60;3.61;1053;16;1486.00;22
3339;16;621773149;3339;265;4389;4410;7.66;0.46;272.74;3.62;1050;16;1487.00;21
3339;16;621773162;3339;271;4398;4423;7.64;0.46;272.74;3.61;1059;16;1488.00;25
3341;16;621773175;3341;272;4400;4423;7.61;0.46;272.84;3.62;1059;16;1489.00;23
3343;16;621773187;3343;280;4402;4423;7.59;0.46;272.88;3.64;1059;16;1490.00;21
3344;16;621773199;3344;282;4405;4424;7.62;0.46;272.80;3.67;1061;16;1491.00;19
3349;16;621773212;3349;286;4405;4425;7.59;0.46;272.98;3.67;1056;16;1492.00;20
3350;16;621773224;3350;296;4406;4425;7.59;0.46;272.96;3.67;1056;16;1493.00;19
3352;16;621773236;3352;300;4410;4428;7.56;0.46;273.14;3.70;1058;16;1494.00;18
3354;16;621773248;3354;308;4410;4428;7.61;0.46;273.20;3.70;1056;16;1495.00;18
3355;16;621773261;3355;313;4415;4428;7.60;0.46;273.15;3.74;1060;16;1496.00;13
3359;16;621773273;3359;321;4415;4428;7.54;0.46;273.28;3.74;1056;16;1497.00;13
3363;16;621773285;3363;327;4423;4434;7.54;0.46;273.23;3.76;1060;16;1498.00;11
3367;16;621773298;3367;328;4424;4434;7.52;0.46;273.23;3.76;1057;16;1499.00;10
3369;16;621773313;3369;332;4430;4453;7.46;0.45;273.33;3.77;1061;16;1500.00;23
3370;16;621773338;3370;331;4432;4453;7.42;0.45;273.28;3.79;1062;16;1501.00;21
3373;16;621773350;3373;339;4435;4457;7.33;0.45;273.39;3.78;1062;16;1502.00;22
3374;16;621773363;3374;339;4438;4458;7.28;0.44;273.52;3.79;1064;16;1503.00;20
3379;16;621773374;3379;341;4438;4458;7.21;0.44;273.51;3.79;1059;16;1504.00;20
3383;16;621773392;3383;344;4441;4459;7.16;0.44;273.35;3.79;1058;16;1505.00;18
3385;16;621773419;3385;344;4444;4459;7.12;0.43;273.40;3.80;1059;16;1506.00;15
3387;16;621773441;3387;349;4444;4459;7.09;0.43;273.43;3.80;1057;16;1507.00;15
3390;16;621773462;3390;347;4446;4459;7.07;0.43;273.55;3.80;1056;16;1508.00;13
3394;16;621773479;3394;346;4447;4459;7.04;0.43;273.54;3.80;1053;16;1509.00;12
3399;16;621773497;3399;341;4449;4459;7.00;0.43;273.81;3.81;1050;16;1510.00;10
3403;16;621773513;3403;338;4450;4459;6.95;0.42;273.59;3.81;1047;16;1511.00;9
3405;16;621773526;3405;346;4493;4529;6.89;0.42;273.76;3.77;1088;16;1512.00;36
3408;16;621773545;3408;345;4496;4530;6.84;0.42;274.00;3.77;1088;16;1513.00;34
3409;16;621773565;3409;341;4502;4530;6.88;0.42;273.99;3.77;1093;16;1514.00;28
3412;16;621773579;3412;340;4504;4530;6.89;0.42;274.18;3.77;1092;16;1515.00;26
3413;16;621773592;3413;339;4507;4530;6.95;0.43;274.32;3.77;1094;16;1516.00;23
3418;16;621773605;3418;342;4509;4530;6.98;0.43;274.33;3.78;1091;16;1517.00;21
3419;16;621773619;3419;337;4510;4530;7.05;0.43;274.30;3.78;1091;16;1518.00;20
3421;16;621773631;3421;351;4511;4530;7.15;0.44;274.26;3.78;1090;16;1519.00;19
3424;16;621773643;3424;359;4513;4531;7.17;0.44;274.33;3.78;1089;16;1520.00;18
3426;16;621773656;3426;359;4514;4532;7.14;0.44;274.34;3.78;1088;16;1521.00;18
3429;16;621773669;3429;358;4516;4532;7.10;0.43;274.36;3.79;1087;16;1522.00;16
3432;16;621773681;3432;363;4521;4536;7.03;0.43;274.41;3.79;1089;16;1523.00;15
3434;16;621773695;3434;362;4521;4536;7.00;0.43;274.44;3.79;1087;16;1524.00;15
3442;16;621773707;3442;366;4521;4536;6.86;0.42;274.64;3.79;1079;16;1525.00;15
3448;16;621773721;3448;370;4521;4536;6.73;0.41;274.65;3.79;1073;16;1526.00;15
3449;16;621773740;3449;382;4525;4542;6.68;0.41;274.66;3.79;1076;16;1527.00;17
3453;16;621773752;3453;399;4527;4542;6.55;0.40;274.90;3.80;1074;16;1528.00;15
3456;16;621773764;3456;399;4527;4542;6.41;0.39;275.02;3.80;1071;16;1529.00;15
3462;16;621773777;3462;393;4529;4548;6.27;0.38;275.04;3.80;1067;16;1530.00;19
3465;16;621773790;3465;392;4531;4548;6.21;0.38;275.11;3.80;1066;16;1531.00;17
3469;16;621773802;3469;399;4533;4548;6.17;0.38;275.11;3.81;1064;16;1532.00;15
3471;16;621773814;3471;400;4536;4549;6.11;0.37;275.12;3.82;1065;16;1533.00;13
3475;16;621773826;3475;406;4537;4550;6.10;0.37;275.16;3.82;1062;16;1534.00;13
3480;16;621773840;3480;405;4538;4550;6.04;0.37;275.24;3.82;1058;16;1535.00;12
3483;16;621773852;3483;406;4549;4563;6.06;0.37;275.22;3.81;1066;16;1536.00;14
3486;16;621773866;3486;405;4551;4563;6.07;0.37;275.26;3.81;1065;16;1537.00;12
3491;16;621773879;3491;398;4553;4563;6.08;0.37;275.22;3.82;1062;16;1538.00;10
3494;16;621773891;3494;391;4556;4564;6.09;0.37;275.34;3.84;1062;16;1539.00;8
3498;16;621773903;3498;386;4558;4564;5.99;0.37;275.55;3.84;1060;16;1540.00;6
3500;16;621773915;3500;389;4562;4568;5.98;0.37;275.64;3.84;1062;16;1541.00;6
3504;16;621773929;3504;392;4565;4568;5.88;0.36;275.68;3.85;1061;16;1542.00;3
3509;16;621773941;3509;387;4570;4572;5.76;0.35;275.71;3.85;1061;16;1543.00;2
3513;16;621773954;3513;397;4570;4572;5.60;0.34;275.93;3.85;1057;16;1544.00;2
3517;16;621773965;3517;408;4571;4572;5.49;0.34;276.01;3.85;1054;16;1545.00;1
3523;16;621773977;3523;414;4572;4572;5.45;0.33;276.13;3.85;1049;16;1546.00;0
3528;16;621773989;3528;421;4572;4572;5.37;0.33;276.15;3.85;1044;16;1547.00;0
3531;16;621774000;3531;423;4583;4584;5.42;0.33;276.13;3.84;1052;16;1548.00;1
3536;16;621774014;3536;421;4584;4584;5.38;0.33;276.30;3.84;1048;16;1549.00;0
3537;16;621774025;3537;423;4584;4584;5.36;0.33;276.37;3.84;1047;16;1550.00;0
3538;16;621774036;3538;434;4584;4584;5.36;0.33;276.41;3.84;1046;16;1551.00;0
3543;16;621774048;3543;433;4584;4584;5.30;0.33;276.43;3.84;1041;16;1552.00;0
3546;16;621774060;3546;434;4584;4584;5.24;0.32;276.38;3.84;1038;16;1553.00;0
3548;16;621774072;3548;440;4585;4585;5.20;0.32;276.47;3.84;1037;16;1554.00;0
3552;16;621774083;3552;439;4587;4587;5.18;0.32;276.39;3.84;1035;16;1555.00;0
3555;16;621774095;3555;445;4591;4593;5.13;0.32;276.30;3.84;1036;16;1556.00;2
3561;16;621774107;3561;444;4594;4594;5.08;0.31;276.65;3.83;1033;16;1557.00;0
3565;16;621774118;3565;446;4594;4594;5.03;0.31;276.61;3.83;1029;16;1558.00;0
3567;16;621774129;3567;453;4594;4594;5.02;0.31;276.64;3.83;1027;16;1559.00;0
3573;16;621774142;3573;462;4599;4599;4.96;0.31;276.57;3.83;1026;16;1560.00;0
3574;16;621774153;3574;467;4599;4599;4.97;0.31;276.55;3.83;1025;16;1561.00;0
3578;16;621774165;3578;475;4599;4599;4.97;0.31;276.51;3.83;1021;16;1562.00;0
3583;16;621774176;3583;481;4600;4600;4.91;0.30;276.29;3.83;1017;16;1563.00;0
3586;16;621774187;3586;485;4604;4604;4.97;0.31;276.37;3.83;1018;16;1564.00;0
3588;16;621774198;3588;487;4604;4604;4.98;0.31;276.44;3.83;1016;16;1565.00;0
3595;16;621774209;3595;490;4606;4607;4.94;0.30;276.34;3.83;1011;16;1566.00;1
3595;16;621774221;3595;484;4606;4607;4.98;0.31;276.34;3.83;1011;16;1567.00;1
3600;16;621774232;3600;483;4607;4607;4.98;0.31;276.23;3.82;1007;16;1568.00;0
3604;16;621774243;3604;488;4607;4607;4.95;0.30;276.26;3.82;1003;16;1569.00;0
3607;16;621774254;3607;487;4611;4611;4.94;0.30;276.32;3.82;1004;16;1570.00;0
3610;16;621774266;3610;496;4611;4611;4.93;0.30;276.33;3.82;1001;16;1571.00;0
3612;16;621774277;3612;494;4611;4611;4.93;0.30;276.19;3.82;999;16;1572.00;0
3615;16;621774287;3615;499;4611;4611;4.88;0.30;276.22;3.82;996;16;1573.00;0
3620;16;621774297;3620;499;4612;4612;4.79;0.29;276.07;3.82;992;16;1574.00;0
3622;16;621774309;3622;504;4614;4614;4.77;0.29;276.14;3.82;992;16;1575.00;0
3626;16;621774320;3626;493;4614;4614;4.70;0.29;275.96;3.82;988;16;1576.00;0
3626;16;621774331;3626;491;4615;4615;4.73;0.29;275.96;3.82;989;16;1577.00;0
3627;16;621774342;3627;484;4615;4615;4.73;0.29;275.92;3.82;988;16;1578.00;0
3629;16;621774353;3629;479;4615;4615;4.74;0.29;276.09;3.82;986;16;1579.00;0
3633;16;621774364;3633;478;4615;4615;4.76;0.29;276.15;3.82;982;16;1580.00;0
3637;16;621774398;3637;476;4615;4615;4.77;0.29;276.26;3.82;978;16;1581.00;0
3637;16;621774409;3637;478;4615;4615;4.83;0.30;276.26;3.82;978;16;1582.00;0
3639;16;621774420;3639;476;4615;4615;4.92;0.30;276.27;3.82;976;16;1583.00;0
3640;16;621774431;3640;496;4689;4742;5.34;0.33;276.23;3.76;1049;16;1584.00;53
3642;16;621774451;3642;485;4692;4743;5.44;0.34;276.30;3.76;1050;16;1585.00;51
3644;16;621774462;3644;466;4701;4743;5.64;0.35;276.23;3.75;1057;16;1586.00;42
3646;16;621774474;3646;440;4703;4743;5.76;0.36;276.24;3.75;1057;16;1587.00;40
3648;16;621774486;3648;421;4708;4743;5.88;0.36;276.27;3.75;1060;16;1588.00;35
3650;16;621774498;3650;401;4710;4743;5.94;0.37;276.23;3.76;1060;16;1589.00;33
3653;16;621774517;3653;389;4711;4743;5.98;0.37;276.17;3.76;1058;16;1590.00;32
3653;16;621774529;3653;393;4713;4743;6.12;0.38;276.17;3.76;1060;16;1591.00;30
3653;16;621774541;3653;384;4714;4744;6.20;0.38;276.17;3.76;1061;16;1592.00;30
3654;16;621774559;3654;379;4717;4745;6.29;0.39;276.21;3.76;1063;16;1593.00;28
3657;16;621774577;3657;385;4719;4745;6.35;0.39;276.29;3.76;1062;16;1594.00;26
3657;16;621774589;3657;384;4722;4746;6.43;0.39;276.29;3.77;1065;16;1595.00;24
3657;16;621774602;3657;381;4724;4746;6.56;0.40;276.29;3.77;1067;16;1596.00;22
3658;16;621774614;3658;381;4730;4746;6.60;0.41;276.25;3.78;1072;16;1597.00;16
3659;16;621774633;3659;381;4733;4746;6.67;0.41;276.30;3.79;1074;16;1598.00;13
3661;16;621774646;3661;384;4737;4750;6.70;0.41;276.33;3.79;1076;16;1599.00;13
3662;16;621774660;3662;387;4741;4750;6.73;0.41;276.35;3.80;1079;16;1600.00;9
3662;16;621774676;3662;391;4742;4750;6.78;0.42;276.35;3.80;1080;16;1601.00;8
3665;16;621774689;3665;389;4745;4753;6.80;0.42;276.42;3.80;1080;16;1602.00;8
3667;16;621774703;3667;382;4745;4753;6.84;0.42;276.39;3.80;1078;16;1603.00;8
3667;16;621774715;3667;381;4746;4753;6.90;0.42;276.39;3.80;1079;16;1604.00;7
3668;16;621774728;3668;380;4749;4757;6.93;0.42;276.42;3.80;1081;16;1605.00;8
3672;16;621774742;3672;382;4752;4758;6.98;0.43;276.52;3.81;1080;16;1606.00;6
3672;16;621774755;3672;378;4753;4758;7.04;0.43;276.52;3.81;1081;16;1607.00;5
3674;16;621774768;3674;369;4756;4762;7.05;0.43;276.60;3.81;1082;16;1608.00;6
3677;16;621774780;3677;366;4756;4762;7.10;0.43;276.56;3.81;1079;16;1609.00;6
3678;16;621774794;3678;364;4756;4762;7.10;0.43;276.67;3.81;1078;16;1610.00;6
3680;16;621774807;3680;360;4757;4763;7.13;0.43;276.62;3.80;1077;16;1611.00;6
3682;16;621774819;3682;362;4757;4763;7.14;0.43;276.74;3.80;1075;16;1612.00;6
3684;16;621774833;3684;363;4762;4769;7.14;0.43;276.86;3.80;1078;16;1613.00;7
3686;16;621774846;3686;365;4762;4769;7.15;0.44;276.99;3.80;1076;16;1614.00;7
3690;16;621774859;3690;364;4762;4770;7.12;0.43;277.18;3.80;1072;16;1615.00;8
3694;16;621774871;3694;373;4762;4770;7.06;0.43;277.42;3.80;1068;16;1616.00;8
3695;16;621774884;3695;370;4762;4770;7.02;0.43;277.56;3.80;1067;16;1617.00;8
3700;16;621774896;3700;375;4762;4770;6.96;0.42;277.75;3.80;1062;16;1618.00;8
3702;16;621774909;3702;372;4762;4770;6.93;0.42;277.78;3.80;1060;16;1619.00;8
3709;16;621774923;3709;377;4790;4806;6.91;0.42;277.93;3.78;1081;16;1620.00;16
3710;16;621774939;3710;366;4791;4806;6.94;0.42;278.07;3.78;1081;16;1621.00;15
3715;16;621774952;3715;358;4793;4806;6.96;0.42;278.36;3.78;1078;16;1622.00;13
3719;16;621774965;3719;353;4794;4806;6.99;0.43;278.65;3.78;1075;16;1623.00;12
3721;16;621774978;3721;347;4795;4806;6.99;0.42;278.77;3.78;1074;16;1624.00;11
3725;16;621774990;3725;343;4795;4806;7.02;0.43;278.94;3.78;1070;16;1625.00;11
3728;16;621775003;3728;341;4798;4810;7.08;0.43;279.10;3.78;1070;16;1626.00;12
3729;16;621775016;3729;343;4798;4810;7.17;0.43;279.13;3.78;1069;16;1627.00;12
3732;16;621775028;3732;344;4802;4814;7.23;0.44;279.23;3.77;1070;16;1628.00;12
3735;16;621775047;3735;341;4803;4815;7.25;0.44;279.53;3.77;1068;16;1629.00;12
3742;16;621775060;3742;333;4803;4815;7.25;0.44;279.78;3.77;1061;16;1630.00;12
3744;16;621775073;3744;323;4803;4815;7.20;0.44;279.78;3.77;1059;16;1631.00;12
3744;16;621775085;3744;316;4814;4828;7.18;0.43;279.78;3.76;1070;16;1632.00;14
3745;16;621775098;3745;310;4814;4828;7.15;0.43;279.75;3.76;1069;16;1633.00;14
3749;16;621775110;3749;308;4814;4828;7.14;0.43;279.90;3.76;1065;16;1634.00;14
3752;16;621775123;3752;307;4816;4829;7.13;0.43;280.06;3.77;1064;16;1635.00;13
3757;16;621775136;3757;303;4816;4830;7.12;0.43;280.00;3.77;1059;16;1636.00;14
3757;16;621775148;3757;307;4816;4830;7.13;0.43;280.00;3.77;1059;16;1637.00;14
3759;16;621775161;3759;306;4818;4833;7.20;0.44;280.08;3.77;1059;16;1638.00;15
3767;16;621775173;3767;301;4819;4833;7.21;0.44;280.03;3.77;1052;16;1639.00;14
3771;16;621775186;3771;301;4819;4833;7.21;0.44;280.02;3.77;1048;16;1640.00;14
3772;16;621775198;3772;299;4819;4833;7.20;0.43;280.00;3.77;1047;16;1641.00;14
3775;16;621775211;3775;286;4824;4839;7.25;0.44;279.91;3.77;1049;16;1642.00;15
3777;16;621775223;3777;292;4824;4839;7.20;0.43;279.84;3.77;1047;16;1643.00;15
3778;16;621775235;3778;290;4824;4839;7.18;0.43;279.82;3.77;1046;16;1644.00;15
3779;16;621775252;3779;290;4824;4839;7.15;0.43;279.90;3.77;1045;16;1645.00;15
3782;16;621775264;3782;288;4827;4843;7.07;0.43;279.93;3.77;1045;16;1646.00;16
3783;16;621775276;3783;286;4828;4844;7.04;0.43;279.92;3.77;1045;16;1647.00;16
3786;16;621775288;3786;292;4828;4844;6.96;0.42;279.87;3.77;1042;16;1648.00;16
3789;16;621775300;3789;296;4829;4845;7.00;0.42;279.94;3.77;1040;16;1649.00;16
3789;16;621775314;3789;295;4829;4845;6.99;0.42;279.94;3.77;1040;16;1650.00;16
3789;16;621775326;3789;300;4830;4845;7.05;0.43;279.94;3.78;1041;16;1651.00;15
3790;16;621775338;3790;294;4830;4845;7.10;0.43;279.93;3.78;1040;16;1652.00;15
3790;16;621775349;3790;292;4830;4845;7.10;0.43;279.93;3.78;1040;16;1653.00;15
3793;16;621775361;3793;288;4830;4845;7.05;0.43;280.05;3.78;1037;16;1654.00;15
3794;16;621775373;3794;289;4830;4845;7.06;0.43;280.15;3.78;1036;16;1655.00;15
3798;16;621775387;3798;301;4868;4915;7.15;0.44;280.13;3.76;1070;16;1656.00;47
3800;16;621775420;3800;296;4870;4916;7.12;0.43;280.16;3.76;1070;16;1657.00;46
3801;16;621775439;3801;290;4876;4916;7.08;0.43;280.28;3.76;1075;16;1658.00;40
3805;16;621775460;3805;296;4876;4916;7.07;0.43;280.28;3.76;1071;16;1659.00;40
3808;16;621775480;3808;297;4881;4916;7.06;0.43;280.50;3.78;1073;16;1660.00;35
3810;16;621775498;3810;303;4882;4916;7.06;0.43;280.72;3.78;1072;16;1661.00;34
3810;16;621775519;3810;303;4884;4916;7.17;0.44;280.72;3.78;1074;16;1662.00;32
3813;16;621775532;3813;304;4888;4916;7.20;0.44;280.65;3.80;1075;16;1663.00;28
3816;16;621775551;3816;306;4890;4917;7.17;0.44;280.66;3.81;1074;16;1664.00;27
3819;16;621775572;3819;303;4893;4919;7.20;0.44;280.68;3.82;1074;16;1665.00;26
3821;16;621775586;3821;302;4895;4919;7.22;0.44;280.80;3.83;1074;16;1666.00;24
3824;16;621775600;3824;303;4901;4923;7.20;0.44;280.81;3.84;1077;16;1667.00;22
3826;16;621775614;3826;302;4905;4923;7.18;0.44;280.76;3.85;1079;16;1668.00;18
3828;16;621775628;3828;311;4908;4923;7.19;0.44;281.00;3.85;1080;16;1669.00;15
3832;16;621775641;3832;315;4911;4923;7.16;0.44;281.16;3.87;1079;16;1670.00;12
3835;16;621775653;3835;322;4917;4929;7.14;0.43;281.27;3.87;1082;16;1671.00;12
3838;16;621775666;3838;319;4919;4929;7.11;0.43;281.42;3.87;1081;16;1672.00;10
3841;16;621775679;3841;321;4919;4929;7.04;0.43;281.56;3.87;1078;16;1673.00;10
3846;16;621775692;3846;327;4921;4932;7.03;0.43;281.70;3.87;1075;16;1674.00;11
3848;16;621775705;3848;336;4921;4932;6.95;0.42;281.77;3.87;1073;16;1675.00;11
3851;16;621775718;3851;335;4926;4932;6.85;0.42;281.74;3.90;1075;16;1676.00;6
3854;16;621775730;3854;342;4926;4933;6.78;0.41;281.83;3.90;1072;16;1677.00;7
3856;16;621775744;3856;343;4929;4934;6.65;0.41;281.85;3.91;1073;16;1678.00;5
3857;16;621775756;3857;344;4929;4934;6.57;0.40;281.89;3.91;1072;16;1679.00;5
3860;16;621775769;3860;353;4947;4960;6.48;0.40;281.86;3.89;1087;16;1680.00;13
3864;16;621775783;3864;345;4950;4960;6.44;0.39;281.82;3.90;1086;16;1681.00;10
3864;16;621775794;3864;347;4954;4960;6.48;0.40;281.82;3.90;1090;16;1682.00;6
3869;16;621775806;3869;344;4957;4961;6.47;0.40;282.00;3.90;1088;16;1683.00;4
3873;16;621775819;3873;338;4957;4961;6.48;0.40;282.06;3.90;1084;16;1684.00;4
3875;16;621775831;3875;342;4963;4965;6.56;0.40;282.18;3.90;1088;16;1685.00;2
3876;16;621775842;3876;338;4963;4965;6.61;0.40;282.26;3.90;1087;16;1686.00;2
3879;16;621775860;3879;345;4967;4969;6.56;0.40;282.41;3.90;1088;16;1687.00;2
3884;16;621775872;3884;348;4967;4969;6.51;0.40;282.42;3.90;1083;16;1688.00;2
3884;16;621775883;3884;349;4968;4969;6.48;0.40;282.42;3.90;1084;16;1689.00;1
3888;16;621775894;3888;347;4969;4969;6.38;0.39;282.48;3.90;1081;16;1690.00;0
3893;16;621775905;3893;354;4969;4969;6.33;0.39;282.61;3.90;1076;16;1691.00;0
3894;16;621775917;3894;358;4980;4981;6.36;0.39;282.58;3.89;1086;16;1692.00;1
3901;16;621775930;3901;360;4980;4981;6.28;0.38;282.66;3.89;1079;16;1693.00;1
3904;16;621775941;3904;364;4981;4981;6.23;0.38;282.92;3.89;1077;16;1694.00;0
3909;16;621775952;3909;371;4981;4981;6.13;0.37;283.13;3.89;1072;16;1695.00;0
3911;16;621775962;3911;375;4981;4981;6.03;0.37;283.17;3.89;1070;16;1696.00;0
3914;16;621775974;3914;375;4981;4981;5.91;0.36;283.20;3.89;1067;16;1697.00;0
3917;16;621775985;3917;383;4982;4982;5.77;0.35;283.36;3.89;1065;16;1698.00;0
3922;16;621775995;3922;394;4982;4982;5.61;0.34;283.41;3.89;1060;16;1699.00;0
3929;16;621776006;3929;390;4988;4988;5.53;0.34;283.43;3.89;1059;16;1700.00;0
3931;16;621776023;3931;385;4989;4989;5.48;0.34;283.59;3.89;1058;16;1701.00;0
3936;16;621776033;3936;384;4989;4989;5.44;0.33;283.69;3.89;1053;16;1702.00;0
3939;16;621776045;3939;376;4989;4989;5.48;0.33;283.73;3.89;1050;16;1703.00;0
3943;16;621776057;3943;379;4993;4993;5.48;0.33;283.80;3.89;1050;16;1704.00;0
3947;16;621776068;3947;381;4993;4993;5.43;0.33;283.71;3.89;1046;16;1705.00;0
3949;16;621776079;3949;379;4993;4993;5.46;0.33;283.70;3.89;1044;16;1706.00;0
3951;16;621776090;3951;381;4994;4994;5.50;0.34;283.67;3.89;1043;16;1707.00;0
3953;16;621776101;3953;380;4998;4998;5.59;0.34;283.76;3.88;1045;16;1708.00;0
3957;16;621776113;3957;380;4998;4998;5.60;0.34;283.67;3.88;1041;16;1709.00;0
3960;16;621776126;3960;378;5002;5004;5.60;0.34;283.70;3.88;1042;16;1710.00;2
3962;16;621776139;3962;382;5002;5004;5.55;0.34;283.68;3.88;1040;16;1711.00;2
3965;16;621776150;3965;378;5004;5004;5.50;0.33;283.78;3.88;1039;16;1712.00;0
3967;16;621776161;3967;385;5004;5004;5.48;0.33;283.86;3.88;1037;16;1713.00;0
3968;16;621776172;3968;386;5008;5008;5.57;0.34;283.84;3.88;1040;16;1714.00;0
3974;16;621776183;3974;389;5008;5008;5.52;0.34;283.69;3.88;1034;16;1715.00;0
3976;16;621776195;3976;396;5008;5008;5.50;0.33;283.73;3.88;1032;16;1716.00;0
3977;16;621776206;3977;401;5008;5008;5.48;0.33;283.67;3.88;1031;16;1717.00;0
3979;16;621776217;3979;409;5009;5009;5.41;0.33;283.65;3.88;1030;16;1718.00;0
3982;16;621776228;3982;408;5010;5010;5.37;0.33;283.57;3.88;1028;16;1719.00;0
3986;16;621776239;3986;411;5010;5010;5.29;0.32;283.53;3.88;1024;16;1720.00;0
3990;16;621776251;3990;412;5011;5011;5.24;0.32;283.39;3.88;1021;16;1721.00;0
3994;16;621776262;3994;420;5011;5011;5.20;0.32;283.33;3.88;1017;16;1722.00;0
3998;16;621776273;3998;421;5011;5011;5.11;0.31;283.29;3.88;1013;16;1723.00;0
4003;16;621776284;4003;431;5011;5011;4.95;0.30;283.28;3.88;1008;16;1724.00;0
4005;16;621776295;4005;441;5011;5011;4.90;0.30;283.26;3.88;1006;16;1725.00;0
4009;16;621776305;4009;445;5011;5011;4.83;0.30;283.28;3.88;1002;16;1726.00;0
4012;16;621776316;4012;456;5011;5011;4.77;0.29;283.20;3.88;999;16;1727.00;0
4015;16;621776326;4015;474;5085;5138;5.16;0.32;283.33;3.82;1070;16;1728.00;53
4022;16;621776348;4022;468;5093;5139;5.11;0.32;283.18;3.82;1071;16;1729.00;46
4025;16;621776360;4025;467;5099;5139;5.15;0.32;283.15;3.81;1074;16;1730.00;40
4027;16;621776372;4027;473;5103;5139;5.17;0.32;283.25;3.81;1076;16;1731.00;36
4032;16;621776389;4032;481;5108;5139;5.12;0.32;283.12;3.81;1076;16;1732.00;31
4035;16;621776401;4035;480;5110;5139;5.11;0.32;283.08;3.81;1075;16;1733.00;29
4037;16;621776412;4037;482;5112;5139;5.14;0.32;283.21;3.81;1075;16;1734.00;27
4040;16;621776425;4040;495;5114;5139;5.16;0.32;283.27;3.82;1074;16;1735.00;25
4042;16;621776435;4042;501;5116;5140;5.10;0.32;283.35;3.82;1074;16;1736.00;24
4046;16;621776446;4046;509;5121;5141;5.06;0.31;283.48;3.82;1075;16;1737.00;20
4048;16;621776457;4048;509;5123;5141;5.00;0.31;283.54;3.82;1075;16;1738.00;18
4051;16;621776468;4051;507;5125;5142;4.92;0.30;283.51;3.83;1074;16;1739.00;17
4053;16;621776481;4053;509;5127;5142;4.85;0.30;283.57;3.83;1074;16;1740.00;15
4056;16;621776492;4056;506;5129;5142;4.85;0.30;283.64;3.83;1073;16;1741.00;13
4059;16;621776503;4059;506;5133;5142;4.84;0.30;283.70;3.84;1074;16;1742.00;9
4060;16;621776520;4060;504;5136;5146;4.90;0.30;283.73;3.84;1076;16;1743.00;10
4064;16;621776531;4064;504;5139;5146;4.91;0.30;283.86;3.84;1075;16;1744.00;7
4066;16;621776542;4066;493;5140;5146;4.87;0.30;283.78;3.85;1074;16;1745.00;6
4067;16;621776565;4067;488;5143;5149;4.93;0.30;283.83;3.85;1076;16;1746.00;6
4070;16;621776576;4070;473;5143;5149;4.93;0.30;284.01;3.85;1073;16;1747.00;6
4071;16;621776588;4071;471;5143;5149;4.99;0.31;283.95;3.85;1072;16;1748.00;6
4073;16;621776600;4073;463;5148;5153;5.11;0.31;283.89;3.85;1075;16;1749.00;5
4076;16;621776611;4076;459;5149;5154;5.23;0.32;283.99;3.85;1073;16;1750.00;5
4078;16;621776623;4078;454;5150;5154;5.33;0.33;284.02;3.85;1072;16;1751.00;4
4078;16;621776635;4078;453;5153;5158;5.49;0.34;284.02;3.85;1075;16;1752.00;5
4079;16;621776647;4079;455;5153;5158;5.61;0.34;284.02;3.85;1074;16;1753.00;5
4081;16;621776659;4081;460;5153;5158;5.66;0.35;284.06;3.85;1072;16;1754.00;5
4085;16;621776671;4085;455;5155;5160;5.72;0.35;284.00;3.85;1070;16;1755.00;5
4088;16;621776683;4088;444;5155;5160;5.72;0.35;283.91;3.85;1067;16;1756.00;5
4088;16;621776695;4088;433;5160;5166;5.71;0.35;283.91;3.84;1072;16;1757.00;6
4089;16;621776713;4089;423;5160;5166;5.75;0.35;283.96;3.84;1071;16;1758.00;6
4091;16;621776725;4091;418;5160;5167;5.79;0.35;283.97;3.84;1069;16;1759.00;7
4093;16;621776737;4093;412;5160;5167;5.80;0.35;283.98;3.84;1067;16;1760.00;7
4093;16;621776749;4093;411;5160;5167;5.90;0.36;283.98;3.84;1067;16;1761.00;7
4096;16;621776761;4096;407;5160;5167;5.95;0.36;284.15;3.84;1064;16;1762.00;7
4098;16;621776779;4098;405;5160;5167;6.02;0.37;284.12;3.84;1062;16;1763.00;7
4100;16;621776791;4100;402;5170;5179;6.12;0.37;284.12;3.84;1070;16;1764.00;9
4101;16;621776805;4101;402;5170;5179;6.12;0.37;284.08;3.84;1069;16;1765.00;9
4104;16;621776817;4104;404;5171;5179;6.08;0.37;284.07;3.84;1067;16;1766.00;8
4105;16;621776829;4105;392;5171;5179;6.12;0.37;284.07;3.84;1066;16;1767.00;8
4107;16;621776842;4107;387;5171;5179;6.16;0.37;284.16;3.84;1064;16;1768.00;8
4109;16;621776854;4109;382;5171;5179;6.19;0.38;284.30;3.84;1062;16;1769.00;8
4116;16;621776867;4116;380;5174;5183;6.17;0.37;284.55;3.83;1058;16;1770.00;9
4116;16;621776880;4116;377;5174;5183;6.24;0.38;284.55;3.83;1058;16;1771.00;9
4120;16;621776893;4120;379;5178;5187;6.28;0.38;284.73;3.83;1058;16;1772.00;9
4120;16;621776906;4120;371;5179;5188;6.37;0.39;284.73;3.83;1059;16;1773.00;9
4121;16;621776918;4121;370;5179;5188;6.41;0.39;284.81;3.83;1058;16;1774.00;9
4123;16;621776930;4123;366;5179;5188;6.45;0.39;284.91;3.83;1056;16;1775.00;9
4124;16;621776942;4124;370;5190;5201;6.58;0.40;284.92;3.82;1066;16;1776.00;11
4126;16;621776956;4126;366;5190;5201;6.62;0.40;285.12;3.82;1064;16;1777.00;11
4129;16;621776968;4129;376;5190;5201;6.62;0.40;285.27;3.82;1061;16;1778.00;11
4132;16;621776981;4132;371;5191;5202;6.66;0.40;285.39;3.82;1059;16;1779.00;11
4137;16;621776993;4137;378;5191;5203;6.68;0.41;285.48;3.82;1054;16;1780.00;12
4139;16;621777006;4139;375;5191;5203;6.70;0.41;285.58;3.82;1052;16;1781.00;12
4141;16;621777018;4141;383;5193;5206;6.69;0.41;285.65;3.82;1052;16;1782.00;13
4143;16;621777030;4143;380;5193;5206;6.66;0.40;285.79;3.82;1050;16;1783.00;13
4145;16;621777043;4145;380;5194;5206;6.62;0.40;285.86;3.82;1049;16;1784.00;12
4148;16;621777055;4148;387;5194;5206;6.57;0.40;285.91;3.82;1046;16;1785.00;12
4150;16;621777067;4150;389;5199;5212;6.57;0.40;286.06;3.82;1049;16;1786.00;13
4150;16;621777080;4150;392;5199;5212;6.51;0.40;286.06;3.82;1049;16;1787.00;13
4154;16;621777092;4154;397;5199;5212;6.44;0.39;286.16;3.82;1045;16;1788.00;13
4158;16;621777104;4158;401;5199;5212;6.38;0.39;286.53;3.82;1041;16;1789.00;13
4159;16;621777118;4159;398;5202;5216;6.35;0.38;286.57;3.82;1043;16;1790.00;14
4162;16;621777130;4162;389;5203;5217;6.33;0.38;286.64;3.82;1041;16;1791.00;14
4165;16;621777146;4165;384;5203;5217;6.36;0.39;286.61;3.82;1038;16;1792.00;14
4166;16;621777159;4166;383;5204;5218;6.40;0.39;286.58;3.82;1038;16;1793.00;14
4167;16;621777171;4167;375;5204;5218;6.49;0.39;286.71;3.82;1037;16;1794.00;14
4170;16;621777184;4170;369;5204;5218;6.51;0.40;286.65;3.82;1034;16;1795.00;14
4172;16;621777198;4172;367;5204;5218;6.56;0.40;286.76;3.82;1032;16;1796.00;14
4176;16;621777210;4176;363;5204;5218;6.59;0.40;286.88;3.82;1028;16;1797.00;14
4179;16;621777222;4179;358;5204;5218;6.62;0.40;287.00;3.82;1025;16;1798.00;14
4182;16;621777234;4182;354;5204;5218;6.63;0.40;287.05;3.82;1022;16;1799.00;14
4184;16;621777248;4184;373;5271;5356;6.61;0.41;287.15;3.77;1087;16;1800.00;85
4186;16;621777275;4186;350;5272;5357;6.62;0.41;287.15;3.77;1086;16;1801.00;85
4188;16;621777288;4188;339;5281;5357;6.65;0.41;287.23;3.76;1093;16;1802.00;76
4190;16;621777300;4190;329;5284;5357;6.68;0.41;287.28;3.76;1094;16;1803.00;73
4195;16;621777312;4195;324;5290;5357;6.67;0.41;287.41;3.76;1095;16;1804.00;67
4199;16;621777324;4199;327;5294;5357;6.67;0.41;287.55;3.79;1095;16;1805.00;63
4201;16;621777338;4201;328;5302;5357;6.71;0.41;287.70;3.79;1101;16;1806.00;55
4205;16;621777356;4205;321;5306;5357;6.75;0.41;287.83;3.80;1101;16;1807.00;51
4207;16;621777368;4207;316;5312;5358;6.80;0.42;287.88;3.80;1105;16;1808.00;46
4211;16;621777387;4211;313;5317;5359;6.84;0.42;288.05;3.81;1106;16;1809.00;42
4213;16;621777406;4213;307;5321;5359;6.83;0.42;287.96;3.81;1108;16;1810.00;38
4215;16;621777427;4215;307;5325;5363;6.86;0.42;288.13;3.81;1110;16;1811.00;38
4219;16;621777448;4219;301;5328;5363;6.85;0.42;288.09;3.81;1109;16;1812.00;35
4224;16;621777467;4224;294;5328;5363;6.86;0.42;288.44;3.81;1104;16;1813.00;35
4226;16;621777487;4226;291;5330;5363;6.83;0.42;288.37;3.82;1104;16;1814.00;33
4230;16;621777507;4230;292;5334;5369;6.81;0.41;288.47;3.81;1104;16;1815.00;35
4230;16;621777523;4230;296;5335;5369;6.84;0.42;288.47;3.82;1105;16;1816.00;34
4231;16;621777548;4231;301;5335;5369;6.83;0.42;288.59;3.82;1104;16;1817.00;34
4235;16;621777562;4235;305;5337;5372;6.79;0.41;288.79;3.82;1102;16;1818.00;35
4238;16;621777576;4238;315;5338;5372;6.76;0.41;288.70;3.82;1100;16;1819.00;34
4240;16;621777591;4240;319;5340;5372;6.73;0.41;288.76;3.82;1100;16;1820.00;32
4242;16;621777605;4242;315;5340;5373;6.75;0.41;288.87;3.82;1098;16;1821.00;33
4244;16;621777626;4244;312;5343;5374;6.78;0.41;288.90;3.83;1099;16;1822.00;31
4247;16;621777639;4247;312;5343;5374;6.75;0.41;289.09;3.83;1096;16;1823.00;31
4249;16;621777653;4249;315;5352;5387;6.77;0.41;289.17;3.83;1103;16;1824.00;35
4251;16;621777667;4251;316;5354;5387;6.76;0.41;289.15;3.84;1103;16;1825.00;33
4256;16;621777681;4256;315;5357;5387;6.75;0.41;289.27;3.84;1101;16;1826.00;30
4257;16;621777701;4257;316;5359;5388;6.76;0.41;289.25;3.84;1102;16;1827.00;29
4261;16;621777714;4261;311;5360;5388;6.72;0.41;289.25;3.84;1099;16;1828.00;28
4263;16;621777728;4263;318;5364;5392;6.72;0.41;289.24;3.85;1101;16;1829.00;28
4265;16;621777743;4265;318;5366;5392;6.68;0.41;289.29;3.88;1101;16;1830.00;26
4266;16;621777762;4266;325;5369;5396;6.73;0.41;289.40;3.88;1103;16;1831.00;27
4268;16;621777776;4268;327;5371;5396;6.75;0.41;289.52;3.90;1103;16;1832.00;25
4271;16;621777789;4271;324;5371;5396;6.76;0.41;289.54;3.90;1100;16;1833.00;25
4273;16;621777803;4273;321;5371;5396;6.79;0.42;289.62;3.90;1098;16;1834.00;25
4275;16;621777818;4275;320;5373;5396;6.86;0.42;289.86;3.92;1098;16;1835.00;23
4278;16;621777830;4278;329;5384;5408;6.89;0.42;289.97;3.92;1106;16;1836.00;24
4281;16;621777844;4281;327;5384;5408;6.89;0.42;290.06;3.92;1103;16;1837.00;24
4285;16;621777856;4285;333;5388;5408;6.89;0.42;290.31;3.95;1103;16;1838.00;20
4291;16;621777869;4291;337;5388;5408;6.82;0.42;290.41;3.95;1097;16;1839.00;20
4294;16;621777882;4294;355;5390;5408;6.74;0.41;290.38;3.97;1096;16;1840.00;18
4297;16;621777895;4297;358;5390;5408;6.68;0.41;290.60;3.97;1093;16;1841.00;18
4300;16;621777906;4300;369;5392;5409;6.61;0.41;290.65;3.99;1092;16;1842.00;17
4304;16;621777919;4304;376;5392;5409;6.48;0.40;290.67;3.99;1088;16;1843.00;17
4306;16;621777932;4306;380;5399;5415;6.48;0.40;290.66;4.00;1093;16;1844.00;16
4310;16;621777952;4310;381;5401;5417;6.37;0.39;290.74;4.00;1091;16;1845.00;16
4312;16;621777964;4312;387;5401;5417;6.25;0.38;290.73;4.00;1089;16;1846.00;16
4314;16;621777977;4314;393;5403;5417;6.15;0.38;290.82;4.01;1089;16;1847.00;14
4320;16;621777989;4320;407;5406;5421;6.03;0.37;290.94;4.01;1086;16;1848.00;15
4322;16;621778002;4322;407;5406;5421;5.94;0.36;291.02;4.01;1084;16;1849.00;15
4325;16;621778015;4325;407;5408;5421;5.84;0.36;291.01;4.03;1083;16;1850.00;13
4326;16;621778027;4326;411;5409;5422;5.82;0.36;291.15;4.03;1083;16;1851.00;13
4329;16;621778039;4329;409;5412;5426;5.79;0.36;291.09;4.03;1083;16;1852.00;14
4332;16;621778051;4332;406;5414;5426;5.82;0.36;291.27;4.04;1082;16;1853.00;12
4334;16;621778063;4334;413;5416;5429;5.91;0.36;291.19;4.04;1082;16;1854.00;13
4336;16;621778075;4336;409;5417;5429;5.96;0.37;291.26;4.04;1081;16;1855.00;12
4340;16;621778087;4340;406;5417;5429;5.95;0.37;291.21;4.04;1077;16;1856.00;12
4342;16;621778099;4342;406;5420;5429;6.01;0.37;291.29;4.06;1078;16;1857.00;9
4343;16;621778110;4343;400;5424;5433;6.10;0.38;291.25;4.06;1081;16;1858.00;9
4347;16;621778122;4347;402;5425;5433;6.03;0.37;291.30;4.07;1078;16;1859.00;8
4348;16;621778135;4348;400;5426;5433;6.02;0.37;291.32;4.07;1078;16;1860.00;7
4351;16;621778149;4351;404;5426;5433;5.94;0.37;291.48;4.07;1075;16;1861.00;7
4354;16;621778160;4354;409;5426;5434;5.86;0.36;291.53;4.07;1072;16;1862.00;8
4361;16;621778173;4361;413;5427;5435;5.78;0.36;291.60;4.07;1066;16;1863.00;8
4363;16;621778184;4363;416;5427;5435;5.77;0.36;291.60;4.07;1064;16;1864.00;8
4369;16;621778194;4369;419;5429;5436;5.69;0.35;291.45;4.08;1060;16;1865.00;7
4374;16;621778205;4374;421;5429;5436;5.59;0.35;291.31;4.08;1055;16;1866.00;7
4377;16;621778216;4377;429;5429;5436;5.51;0.34;291.38;4.08;1052;16;1867.00;7
4378;16;621778225;4378;433;5429;5436;5.41;0.33;291.42;4.08;1051;16;1868.00;7
4382;16;621778235;4382;441;5429;5436;5.35;0.33;291.44;4.08;1047;16;1869.00;7
4385;16;621778245;4385;433;5429;5436;5.30;0.33;291.48;4.08;1044;16;1870.00;7
4391;16;621778255;4391;434;5429;5436;5.24;0.32;291.65;4.08;1038;16;1871.00;7
4393;16;621778266;4393;453;5495;5563;5.59;0.35;291.63;4.03;1102;16;1872.00;68
4399;16;621778286;4399;442;5497;5564;5.53;0.34;291.60;4.03;1098;16;1873.00;67
4401;16;621778297;4401;434;5506;5564;5.60;0.35;291.55;4.02;1105;16;1874.00;58
4404;16;621778309;4404;441;5508;5564;5.61;0.35;291.45;4.02;1104;16;1875.00;56
4406;16;621778320;4406;444;5516;5564;5.63;0.35;291.43;4.02;1110;16;1876.00;48
4408;16;621778331;4408;443;5518;5564;5.57;0.35;291.43;4.02;1110;16;1877.00;46
4409;16;621778342;4409;442;5523;5564;5.60;0.35;291.44;4.03;1114;16;1878.00;41
4412;16;621778354;4412;440;5525;5564;5.56;0.34;291.41;4.03;1113;16;1879.00;39
4413;16;621778366;4413;437;5528;5565;5.51;0.34;291.40;4.03;1115;16;1880.00;37
4420;16;621778377;4420;443;5531;5566;5.40;0.33;291.38;4.03;1111;16;1881.00;35
4421;16;621778390;4421;442;5537;5568;5.34;0.33;291.34;4.03;1116;16;1882.00;31
4423;16;621778402;4423;454;5539;5569;5.23;0.32;291.32;4.04;1116;16;1883.00;30
4425;16;621778414;4425;463;5543;5569;5.13;0.32;291.36;4.04;1118;16;1884.00;26
4429;16;621778425;4429;466;5543;5569;5.04;0.31;291.24;4.04;1114;16;1885.00;26
4430;16;621778437;4430;478;5545;5569;4.99;0.31;291.25;4.05;1115;16;1886.00;24
4432;16;621778447;4432;482;5550;5573;4.93;0.30;291.22;4.05;1118;16;1887.00;23
4436;16;621778458;4436;494;5550;5573;4.83;0.30;291.27;4.05;1114;16;1888.00;23
4437;16;621778469;4437;493;5550;5573;4.78;0.30;291.24;4.05;1113;16;1889.00;23
4440;16;621778481;4440;498;5554;5579;4.76;0.29;291.21;4.05;1114;16;1890.00;25
4446;16;621778492;4446;482;5555;5579;4.75;0.29;291.30;4.05;1109;16;1891.00;24
4450;16;621778504;4450;480;5556;5579;4.81;0.30;291.34;4.05;1106;16;1892.00;23
4453;16;621778515;4453;475;5559;5583;4.85;0.30;291.31;4.05;1106;16;1893.00;24
4457;16;621778527;4457;467;5560;5584;4.87;0.30;291.19;4.05;1103;16;1894.00;24
4461;16;621778539;4461;465;5561;5584;4.85;0.30;291.10;4.05;1100;16;1895.00;23
4463;16;621778550;4463;461;5564;5588;4.86;0.30;291.18;4.05;1101;16;1896.00;24
4466;16;621778562;4466;462;5564;5588;4.86;0.30;291.19;4.05;1098;16;1897.00;24
4470;16;621778573;4470;465;5564;5588;4.86;0.30;291.13;4.05;1094;16;1898.00;24
4473;16;621778584;4473;460;5565;5589;4.87;0.30;291.14;4.05;1092;16;1899.00;24
4477;16;621778596;4477;463;5565;5589;4.94;0.30;291.27;4.05;1088;16;1900.00;24
4482;16;621778611;4482;469;5569;5595;4.93;0.30;291.15;4.05;1087;16;1901.00;26
4485;16;621778623;4485;466;5569;5595;4.92;0.30;291.19;4.05;1084;16;1902.00;26
4489;16;621778634;4489;463;5569;5596;4.90;0.30;291.18;4.05;1080;16;1903.00;27
4493;16;621778646;4493;465;5570;5596;4.93;0.30;291.16;4.06;1077;16;1904.00;26
4495;16;621778657;4495;472;5570;5596;5.01;0.31;291.17;4.06;1075;16;1905.00;26
4498;16;621778668;4498;471;5571;5596;5.06;0.31;291.29;4.06;1073;16;1906.00;25
4504;16;621778679;4504;471;5572;5596;5.09;0.31;291.29;4.06;1068;16;1907.00;24
4504;16;621778690;4504;476;5582;5608;5.33;0.33;291.29;4.06;1078;16;1908.00;26
4507;16;621778701;4507;479;5582;5608;5.41;0.33;291.32;4.06;1075;16;1909.00;26
4510;16;621778713;4510;482;5583;5608;5.47;0.33;291.40;4.06;1073;16;1910.00;25
4513;16;621778724;4513;485;5584;5608;5.48;0.34;291.41;4.06;1071;16;1911.00;24
4518;16;621778736;4518;488;5586;5608;5.49;0.34;291.58;4.08;1068;16;1912.00;22
4521;16;621778748;4521;487;5586;5608;5.47;0.33;291.54;4.08;1065;16;1913.00;22
4526;16;621778760;4526;486;5590;5612;5.43;0.33;291.71;4.08;1064;16;1914.00;22
4529;16;621778772;4529;486;5590;5612;5.42;0.33;291.77;4.08;1061;16;1915.00;22
4532;16;621778783;4532;495;5594;5616;5.37;0.33;292.02;4.08;1062;16;1916.00;22
4536;16;621778795;4536;486;5594;5617;5.37;0.33;291.99;4.08;1058;16;1917.00;23
4538;16;621778807;4538;488;5596;5617;5.39;0.33;292.06;4.08;1058;16;1918.00;21
4542;16;621778818;4542;489;5596;5617;5.40;0.33;291.96;4.08;1054;16;1919.00;21
4543;16;621778832;4543;494;5620;5646;5.51;0.34;291.99;4.06;1077;16;1920.00;26
4546;16;621778847;4546;494;5620;5646;5.53;0.34;292.10;4.06;1074;16;1921.00;26
4548;16;621778859;4548;494;5621;5646;5.54;0.34;292.26;4.06;1073;16;1922.00;25
4550;16;621778871;4550;496;5623;5647;5.57;0.34;292.25;4.06;1073;16;1923.00;24
4552;16;621778883;4552;502;5623;5648;5.64;0.34;292.30;4.06;1071;16;1924.00;25
4556;16;621778895;4556;498;5623;5648;5.69;0.35;292.40;4.06;1067;16;1925.00;25
4561;16;621778912;4561;485;5626;5651;5.68;0.35;292.34;4.06;1065;16;1926.00;25
4562;16;621778925;4562;474;5626;5651;5.70;0.35;292.33;4.06;1064;16;1927.00;25
4565;16;621778937;4565;469;5626;5651;5.66;0.34;292.53;4.06;1061;16;1928.00;25
4568;16;621778948;4568;457;5626;5651;5.63;0.34;292.64;4.06;1058;16;1929.00;25
4568;16;621778960;4568;457;5631;5657;5.74;0.35;292.64;4.06;1063;16;1930.00;26
4572;16;621778973;4572;448;5631;5657;5.75;0.35;292.74;4.06;1059;16;1931.00;26
4572;16;621778986;4572;450;5632;5657;5.79;0.35;292.74;4.06;1060;16;1932.00;25
4574;16;621778997;4574;447;5632;5657;5.80;0.35;292.89;4.06;1058;16;1933.00;25
4576;16;621779009;4576;438;5635;5661;5.83;0.36;293.00;4.06;1059;16;1934.00;26
4581;16;621779021;4581;441;5637;5663;5.85;0.36;293.20;4.06;1056;16;1935.00;26
4585;16;621779034;4585;445;5637;5663;5.85;0.36;293.44;4.06;1052;16;1936.00;26
4588;16;621779046;4588;441;5638;5664;5.84;0.35;293.57;4.06;1050;16;1937.00;26
4592;16;621779058;4592;437;5638;5664;5.84;0.35;293.73;4.06;1046;16;1938.00;26
4596;16;621779070;4596;431;5638;5664;5.82;0.35;293.80;4.06;1042;16;1939.00;26
4599;16;621779082;4599;422;5638;5664;5.81;0.35;293.99;4.06;1039;16;1940.00;26
4601;16;621779094;4601;415;5638;5664;5.82;0.35;294.17;4.06;1037;16;1941.00;26
4603;16;621779106;4603;412;5638;5664;5.84;0.35;294.23;4.06;1035;16;1942.00;26
4605;16;621779117;4605;411;5638;5664;5.89;0.36;294.31;4.06;1033;16;1943.00;26
4607;16;621779128;4607;429;5680;5734;5.86;0.36;294.52;4.03;1073;16;1944.00;54
4608;16;621779146;4608;418;5680;5735;5.96;0.36;294.53;4.03;1072;16;1945.00;55
4613;16;621779157;4613;410;5685;5735;6.05;0.37;294.61;4.02;1072;16;1946.00;50
4614;16;621779169;4614;416;5686;5735;6.07;0.37;294.60;4.02;1072;16;1947.00;49
4617;16;621779181;4617;415;5688;5735;6.08;0.37;294.59;4.02;1071;16;1948.00;47
4618;16;621779194;4618;417;5689;5735;6.09;0.37;294.60;4.02;1071;16;1949.00;46
4621;16;621779208;4621;425;5693;5737;6.06;0.37;294.65;4.02;1072;16;1950.00;44
4623;16;621779221;4623;426;5695;5737;6.06;0.37;294.59;4.02;1072;16;1951.00;42
4625;16;621779232;4625;430;5696;5738;6.05;0.37;294.67;4.02;1071;16;1952.00;42
4627;16;621779244;4627;438;5698;5739;6.06;0.37;294.70;4.03;1071;16;1953.00;41
4628;16;621779256;4628;444;5699;5739;6.06;0.37;294.77;4.03;1071;16;1954.00;40
4629;16;621779268;4629;447;5705;5743;6.08;0.37;294.72;4.03;1076;16;1955.00;38
4629;16;621779280;4629;453;5708;5743;6.13;0.37;294.72;4.03;1079;16;1956.00;35
4631;16;621779291;4631;461;5710;5743;6.11;0.37;294.75;4.04;1079;16;1957.00;33
4632;16;621779303;4632;460;5712;5743;6.08;0.37;294.75;4.04;1080;16;1958.00;31
4634;16;621779315;4634;464;5717;5749;6.05;0.37;294.83;4.03;1083;16;1959.00;32
4635;16;621779332;4635;461;5717;5749;6.05;0.37;294.88;4.03;1082;16;1960.00;32
4636;16;621779345;4636;456;5717;5749;6.04;0.37;294.93;4.03;1081;16;1961.00;32
4639;16;621779357;4639;452;5719;5752;6.04;0.37;294.84;4.03;1080;16;1962.00;33
4642;16;621779369;4642;446;5719;5752;6.02;0.37;294.85;4.03;1077;16;1963.00;33
4642;16;621779381;4642;440;5720;5752;6.07;0.37;294.85;4.03;1078;16;1964.00;32
4645;16;621779395;4645;433;5720;5753;6.05;0.37;294.95;4.03;1075;16;1965.00;33
4646;16;621779414;4646;432;5721;5754;6.05;0.37;294.98;4.03;1075;16;1966.00;33
4648;16;621779432;4648;426;5721;5754;6.01;0.36;294.98;4.03;1073;16;1967.00;33
4651;16;621779450;4651;424;5730;5767;5.98;0.36;295.08;4.03;1079;16;1968.00;37
4651;16;621779475;4651;416;5731;5767;5.95;0.36;295.08;4.03;1080;16;1969.00;36
4653;16;621779492;4653;417;5731;5767;5.91;0.36;295.15;4.03;1078;16;1970.00;36
4655;16;621779507;4655;421;5732;5768;5.83;0.35;295.15;4.02;1077;16;1971.00;36
4659;16;621779521;4659;415;5732;5768;5.78;0.35;295.25;4.02;1073;16;1972.00;36
4660;16;621779533;4660;409;5735;5772;5.84;0.35;295.32;4.02;1075;16;1973.00;37
4662;16;621779546;4662;408;5738;5772;5.82;0.35;295.33;4.05;1076;16;1974.00;34
4662;16;621779561;4662;398;5741;5776;5.91;0.36;295.33;4.04;1079;16;1975.00;35
4663;16;621779574;4663;392;5742;5776;5.99;0.36;295.36;4.07;1079;16;1976.00;34
4666;16;621779586;4666;390;5742;5776;6.06;0.37;295.56;4.07;1076;16;1977.00;34
4666;16;621779614;4666;382;5742;5776;6.13;0.37;295.56;4.07;1076;16;1978.00;34
4671;16;621779646;4671;376;5742;5776;6.09;0.37;295.81;4.07;1071;16;1979.00;34
4674;16;621779682;4674;373;5765;5810;6.17;0.38;295.81;4.05;1091;16;1980.00;45
4676;16;621779708;4676;366;5766;5810;6.18;0.38;295.83;4.05;1090;16;1981.00;44
4681;16;621779724;4681;364;5767;5810;6.16;0.38;295.90;4.05;1086;16;1982.00;43
4681;16;621779740;4681;364;5767;5810;6.17;0.38;295.90;4.05;1086;16;1983.00;43
4683;16;621779754;4683;369;5768;5810;6.19;0.38;295.94;4.05;1085;16;1984.00;42
4686;16;621779769;4686;367;5768;5810;6.22;0.38;296.06;4.05;1082;16;1985.00;42
4688;16;621779785;4688;365;5768;5811;6.25;0.38;296.11;4.05;1080;16;1986.00;43
4690;16;621779801;4690;366;5768;5811;6.29;0.38;296.23;4.05;1078;16;1987.00;43
4696;16;621779816;4696;362;5773;5817;6.32;0.39;296.25;4.05;1077;16;1988.00;44
4699;16;621779833;4699;361;5774;5818;6.33;0.39;296.33;4.05;1075;16;1989.00;44
4701;16;621779851;4701;363;5775;5818;6.29;0.38;296.32;4.05;1074;16;1990.00;43
4704;16;621779867;4704;362;5776;5818;6.24;0.38;296.50;4.05;1072;16;1991.00;42
4709;16;621779883;4709;358;5779;5822;6.24;0.38;296.62;4.05;1070;16;1992.00;43
4712;16;621779899;4712;360;5781;5822;6.14;0.37;296.68;4.05;1069;16;1993.00;41
4715;16;621779915;4715;364;5781;5822;6.10;0.37;296.83;4.05;1066;16;1994.00;41
4717;16;621779931;4717;368;5783;5823;6.13;0.37;297.06;4.08;1066;16;1995.00;40
4718;16;621779947;4718;373;5787;5827;6.15;0.37;297.12;4.08;1069;16;1996.00;40
4721;16;621779961;4721;372;5788;5827;6.13;0.37;297.16;4.10;1067;16;1997.00;39
4723;16;621779976;4723;371;5790;5830;6.18;0.37;297.21;4.10;1067;16;1998.00;40
4725;16;621779999;4725;372;5792;5830;6.20;0.38;297.29;4.12;1067;16;1999.00;38
4725;16;621780022;4725;375;5792;5830;6.15;0.37;297.29;4.12;1067;16;2000.00;38
4729;16;621780054;4729;379;5792;5830;6.16;0.38;297.57;4.12;1063;16;2001.00;38
4731;16;621780071;4731;386;5797;5834;6.16;0.37;297.52;4.15;1066;16;2002.00;37
4734;16;621780086;4734;404;5797;5834;6.13;0.37;297.58;4.15;1063;16;2003.00;37
4737;16;621780102;4737;412;5797;5834;6.12;0.37;297.61;4.15;1060;16;2004.00;37
4737;16;621780116;4737;418;5798;5834;6.09;0.37;297.61;4.17;1061;16;2005.00;36
4741;16;621780130;4741;419;5798;5835;5.98;0.36;297.76;4.17;1057;16;2006.00;37
4742;16;621780145;4742;428;5799;5836;5.92;0.36;297.73;4.17;1057;16;2007.00;37
4744;16;621780161;4744;435;5800;5836;5.84;0.36;297.81;4.19;1056;16;2008.00;36
4745;16;621780176;4745;448;5801;5837;5.80;0.35;297.83;4.19;1056;16;2009.00;36
4747;16;621780193;4747;450;5802;5837;5.78;0.35;298.08;4.21;1055;16;2010.00;35
4747;16;621780209;4747;457;5802;5837;5.83;0.36;298.08;4.21;1055;16;2011.00;35
4752;16;621780224;4752;465;5803;5837;5.72;0.35;298.14;4.24;1051;16;2012.00;34
4757;16;621780239;4757;466;5804;5837;5.68;0.35;298.02;4.26;1047;16;2013.00;33
4759;16;621780253;4759;462;5804;5837;5.65;0.35;297.97;4.26;1045;16;2014.00;33
4761;16;621780267;4761;467;5804;5837;5.59;0.34;298.00;4.26;1043;16;2015.00;33
4762;16;621780280;4762;487;5871;5964;5.85;0.36;298.02;4.24;1109;16;2016.00;93
4763;16;621780307;4763;484;5872;5965;5.81;0.36;297.97;4.24;1109;16;2017.00;93
4765;16;621780322;4765;484;5882;5965;5.87;0.36;297.89;4.26;1117;16;2018.00;83
4765;16;621780336;4765;482;5886;5965;5.85;0.36;297.89;4.25;1121;16;2019.00;79
4766;16;621780350;4766;478;5897;5965;5.84;0.36;297.85;4.30;1131;16;2020.00;68
4771;16;621780362;4771;479;5901;5965;5.73;0.35;297.85;4.32;1130;16;2021.00;64
4774;16;621780378;4774;473;5905;5965;5.68;0.35;297.77;4.34;1131;16;2022.00;60
4777;16;621780396;4777;477;5908;5965;5.68;0.35;297.81;4.35;1131;16;2023.00;57
4780;16;621780418;4780;473;5912;5966;5.69;0.35;297.74;4.39;1132;16;2024.00;54
4783;16;621780432;4783;482;5917;5968;5.65;0.35;297.70;4.39;1134;16;2025.00;51
4785;16;621780448;4785;467;5921;5968;5.68;0.35;297.71;4.43;1136;16;2026.00;47
4786;16;621780460;4786;467;5924;5969;5.70;0.35;297.66;4.43;1138;16;2027.00;45
4787;16;621780480;4787;476;5926;5969;5.71;0.35;297.60;4.43;1139;16;2028.00;43
4789;16;621780493;4789;477;5929;5969;5.68;0.35;297.55;4.47;1140;16;2029.00;40
4790;16;621780506;4790;481;5932;5969;5.66;0.35;297.54;4.48;1142;16;2030.00;37
4793;16;621780519;4793;494;5936;5973;5.60;0.34;297.59;4.48;1143;16;2031.00;37
4798;16;621780533;4798;501;5940;5973;5.47;0.34;297.55;4.51;1142;16;2032.00;33
4799;16;621780546;4799;504;5940;5973;5.33;0.33;297.53;4.51;1141;16;2033.00;33
4800;16;621780557;4800;513;5944;5976;5.22;0.32;297.57;4.54;1144;16;2034.00;32
4803;16;621780571;4803;509;5946;5976;5.07;0.31;297.54;4.56;1143;16;2035.00;30
4807;16;621780583;4807;519;5946;5976;4.93;0.30;297.58;4.56;1139;16;2036.00;30
4810;16;621780595;4810;528;5952;5980;4.80;0.30;297.54;4.58;1142;16;2037.00;28
4813;16;621780608;4813;539;5953;5981;4.69;0.29;297.55;4.58;1140;16;2038.00;28
4815;16;621780620;4815;542;5957;5981;4.60;0.29;297.59;4.61;1142;16;2039.00;24
4819;16;621780634;4819;531;5962;5986;4.54;0.28;297.47;4.61;1143;16;2040.00;24
4823;16;621780648;4823;525;5962;5986;4.49;0.28;297.35;4.61;1139;16;2041.00;24
4823;16;621780661;4823;527;5964;5986;4.49;0.28;297.35;4.63;1141;16;2042.00;22
4828;16;621780673;4828;510;5965;5987;4.47;0.28;297.28;4.63;1137;16;2043.00;22
4831;16;621780690;4831;497;5965;5987;4.48;0.27;297.33;4.63;1134;16;2044.00;22
4831;16;621780704;4831;495;5972;5993;4.62;0.28;297.33;4.65;1141;16;2045.00;21
4834;16;621780719;4834;492;5972;5993;4.66;0.29;297.23;4.65;1138;16;2046.00;21
4837;16;621780732;4837;488;5972;5994;4.71;0.29;297.20;4.65;1135;16;2047.00;22
4838;16;621780745;4838;484;5972;5994;4.75;0.29;297.19;4.65;1134;16;2048.00;22
4840;16;621780758;4840;475;5972;5994;4.82;0.30;297.12;4.65;1132;16;2049.00;22
4843;16;621780771;4843;474;5972;5994;4.85;0.30;297.08;4.65;1129;16;2050.00;22
4846;16;621780785;4846;473;5972;5994;4.92;0.30;297.00;4.65;1126;16;2051.00;22
4848;16;621780799;4848;464;5981;6006;5.03;0.31;297.02;4.64;1133;16;2052.00;25
4853;16;621780812;4853;462;5981;6006;5.05;0.31;297.00;4.64;1128;16;2053.00;25
4857;16;621780826;4857;458;5983;6006;5.11;0.31;296.97;4.64;1126;16;2054.00;23
4858;16;621780840;4858;461;5983;6006;5.13;0.31;297.00;4.64;1125;16;2055.00;23
4861;16;621780854;4861;463;5983;6006;5.16;0.31;297.00;4.64;1122;16;2056.00;23
4861;16;621780876;4861;464;5983;6006;5.16;0.31;297.00;4.64;1122;16;2057.00;23
4865;16;621780890;4865;460;5986;6010;5.23;0.32;296.91;4.64;1121;16;2058.00;24
4868;16;621780907;4868;455;5986;6010;5.24;0.32;296.92;4.64;1118;16;2059.00;24
4869;16;621780922;4869;456;5990;6014;5.30;0.32;296.95;4.64;1121;16;2060.00;24
4873;16;621780941;4873;459;5991;6015;5.30;0.32;297.03;4.64;1118;16;2061.00;24
4875;16;621780958;4875;457;5991;6015;5.26;0.32;297.04;4.64;1116;16;2062.00;24
4877;16;621780977;4877;454;5991;6015;5.24;0.32;297.04;4.64;1114;16;2063.00;24
4881;16;621780992;4881;451;6002;6028;5.24;0.32;297.36;4.63;1121;16;2064.00;26
4884;16;621781007;4884;450;6002;6028;5.21;0.32;297.31;4.63;1118;16;2065.00;26
4890;16;621781021;4890;449;6002;6028;5.20;0.32;297.28;4.63;1112;16;2066.00;26
4894;16;621781035;4894;443;6003;6029;5.22;0.32;297.43;4.63;1109;16;2067.00;26
4897;16;621781049;4897;439;6003;6030;5.23;0.32;297.46;4.63;1106;16;2068.00;27
4900;16;621781062;4900;442;6003;6030;5.27;0.32;297.46;4.63;1103;16;2069.00;27
4904;16;621781080;4904;438;6007;6036;5.36;0.33;297.65;4.63;1103;16;2070.00;29
4906;16;621781095;4906;445;6008;6036;5.40;0.33;297.65;4.63;1102;16;2071.00;28
4910;16;621781110;4910;447;6009;6036;5.46;0.33;297.76;4.63;1099;16;2072.00;27
4917;16;621781125;4917;452;6009;6036;5.43;0.33;297.74;4.63;1092;16;2073.00;27
4920;16;621781141;4920;450;6014;6042;5.50;0.33;297.76;4.62;1094;16;2074.00;28
4921;16;621781156;4921;456;6014;6042;5.56;0.34;297.79;4.62;1093;16;2075.00;28
4925;16;621781170;4925;459;6014;6042;5.59;0.34;297.94;4.62;1089;16;2076.00;28
4929;16;621781189;4929;462;6014;6042;5.63;0.34;297.99;4.62;1085;16;2077.00;28
4931;16;621781203;4931;468;6017;6046;5.69;0.35;298.05;4.62;1086;16;2078.00;29
4934;16;621781217;4934;467;6018;6047;5.68;0.34;298.07;4.62;1084;16;2079.00;29
4939;16;621781232;4939;471;6018;6047;5.61;0.34;298.06;4.62;1079;16;2080.00;29
4944;16;621781247;4944;471;6019;6048;5.52;0.33;298.26;4.62;1075;16;2081.00;29
4946;16;621781260;4946;475;6019;6048;5.43;0.33;298.23;4.62;1073;16;2082.00;29
4949;16;621781272;4949;484;6019;6048;5.33;0.32;298.29;4.62;1070;16;2083.00;29
4951;16;621781284;4951;487;6019;6048;5.27;0.32;298.28;4.62;1068;16;2084.00;29
4951;16;621781299;4951;488;6019;6048;5.26;0.32;298.28;4.62;1068;16;2085.00;29
4953;16;621781312;4953;491;6019;6048;5.23;0.32;298.27;4.62;1066;16;2086.00;29
4956;16;621781326;4956;482;6019;6048;5.23;0.32;298.34;4.62;1063;16;2087.00;29
4957;16;621781341;4957;493;6067;6118;5.24;0.32;298.45;4.58;1110;16;2088.00;51
4960;16;621781361;4960;488;6068;6119;5.24;0.32;298.54;4.58;1108;16;2089.00;51
4962;16;621781376;4962;475;6072;6119;5.32;0.32;298.71;4.58;1110;16;2090.00;47
4964;16;621781391;4964;473;6073;6119;5.39;0.33;298.70;4.58;1109;16;2091.00;46
4966;16;621781412;4966;475;6074;6119;5.51;0.34;298.74;4.58;1108;16;2092.00;45
4967;16;621781437;4967;476;6077;6119;5.57;0.34;298.75;4.58;1110;16;2093.00;42
4969;16;621781465;4969;485;6078;6119;5.63;0.34;298.87;4.58;1109;16;2094.00;41
4973;16;621781487;4973;487;6079;6119;5.70;0.35;299.04;4.58;1106;16;2095.00;40
4974;16;621781511;4974;479;6081;6120;5.73;0.35;299.14;4.58;1107;16;2096.00;39
4976;16;621781529;4976;467;6082;6121;5.74;0.35;299.33;4.58;1106;16;2097.00;39
4978;16;621781555;4978;457;6083;6121;5.72;0.35;299.49;4.58;1105;16;2098.00;38
4979;16;621781574;4979;451;6090;6125;5.72;0.35;299.55;4.58;1111;16;2099.00;35
4980;16;621781602;4980;458;6095;6140;5.65;0.34;299.68;4.58;1115;16;2100.00;45
4981;16;621781646;4981;455;6095;6140;5.67;0.34;299.80;4.58;1114;16;2101.00;45
4982;16;621781667;4982;453;6095;6140;5.74;0.35;299.81;4.58;1113;16;2102.00;45
4985;16;621781682;4985;465;6099;6146;5.77;0.35;299.93;4.58;1114;16;2103.00;47
4989;16;621781712;4989;469;6099;6146;5.74;0.35;300.16;4.58;1110;16;2104.00;47
4989;16;621781736;4989;474;6100;6146;5.76;0.35;300.16;4.58;1111;16;2105.00;46
4994;16;621781754;4994;479;6103;6149;5.74;0.35;300.25;4.58;1109;16;2106.00;46
4996;16;621781772;4996;465;6103;6149;5.77;0.35;300.31;4.58;1107;16;2107.00;46
4998;16;621781789;4998;467;6104;6149;5.84;0.35;300.37;4.58;1106;16;2108.00;45
5001;16;621781805;5001;461;6104;6150;5.86;0.35;300.39;4.58;1103;16;2109.00;46
5005;16;621781824;5005;458;6105;6151;5.88;0.36;300.58;4.58;1100;16;2110.00;46
5007;16;621781844;5007;459;6107;6151;5.89;0.36;300.55;4.58;1100;16;2111.00;44
5008;16;621781864;5008;458;6116;6164;5.93;0.36;300.57;4.57;1108;16;2112.00;48
5011;17;621781887;5011;446;6116;6164;5.94;0.36;300.70;4.57;1105;17;2113.00;48
5013;17;621781923;5013;455;6117;6164;5.99;0.36;300.83;4.57;1104;17;2114.00;47
5016;17;621781939;5016;452;6119;6166;6.04;0.37;301.02;4.57;1103;17;2115.00;47
5018;17;621781958;5018;447;6119;6166;6.06;0.37;301.03;4.57;1101;17;2116.00;47
5020;17;621781975;5020;446;6124;6170;6.06;0.37;301.06;4.57;1104;17;2117.00;46
5024;17;621781994;5024;446;6124;6170;5.98;0.36;301.31;4.57;1100;17;2118.00;46
5025;17;621782009;5025;447;6127;6174;5.93;0.36;301.37;4.57;1102;17;2119.00;47
5029;17;621782025;5029;439;6127;6174;5.88;0.36;301.48;4.57;1098;17;2120.00;47
5033;17;621782040;5033;437;6127;6174;5.83;0.35;301.49;4.57;1094;17;2121.00;47
5038;17;621782056;5038;438;6127;6174;5.78;0.35;301.74;4.57;1089;17;2122.00;47
5041;17;621782073;5041;440;6129;6174;5.74;0.35;301.83;4.58;1088;17;2123.00;45
5041;17;621782091;5041;434;6137;6186;5.79;0.35;301.83;4.57;1096;17;2124.00;49
5043;17;621782107;5043;435;6137;6186;5.82;0.35;301.84;4.57;1094;17;2125.00;49
5045;17;621782122;5045;433;6141;6186;5.89;0.36;301.97;4.57;1096;17;2126.00;45
5048;17;621782139;5048;432;6141;6186;5.91;0.36;302.04;4.57;1093;17;2127.00;45
5048;17;621782155;5048;430;6141;6186;5.95;0.36;302.04;4.57;1093;17;2128.00;45
5050;17;621782173;5050;428;6143;6186;5.94;0.36;302.15;4.58;1093;17;2129.00;43
5051;17;621782193;5051;421;6143;6187;5.95;0.36;302.17;4.58;1092;17;2130.00;44
5053;17;621782211;5053;415;6144;6187;5.99;0.36;302.21;4.58;1091;17;2131.00;43
5056;17;621782231;5056;406;6149;6193;6.00;0.36;302.33;4.58;1093;17;2132.00;44
5058;17;621782248;5058;405;6150;6194;5.98;0.36;302.41;4.58;1092;17;2133.00;44
5059;17;621782268;5059;403;6150;6194;5.95;0.36;302.48;4.58;1091;17;2134.00;44
5060;17;621782283;5060;391;6150;6194;5.91;0.36;302.47;4.58;1090;17;2135.00;44
5062;17;621782301;5062;393;6153;6198;5.92;0.36;302.57;4.57;1091;17;2136.00;45
5065;17;621782317;5065;390;6153;6198;5.90;0.36;302.60;4.57;1088;17;2137.00;45
5065;17;621782341;5065;387;6153;6198;5.86;0.36;302.60;4.57;1088;17;2138.00;45
5066;17;621782357;5066;382;6154;6199;5.87;0.36;302.59;4.57;1088;17;2139.00;45
5069;17;621782372;5069;372;6157;6203;5.84;0.35;302.63;4.57;1088;17;2140.00;46
5072;17;621782388;5072;375;6157;6203;5.79;0.35;302.73;4.57;1085;17;2141.00;46
5074;17;621782405;5074;366;6159;6206;5.75;0.35;302.71;4.57;1085;17;2142.00;47
5077;17;621782421;5077;369;6160;6206;5.70;0.35;302.75;4.57;1083;17;2143.00;46
5080;17;621782435;5080;365;6160;6206;5.69;0.35;302.88;4.57;1080;17;2144.00;46
5081;17;621782450;5081;367;6162;6206;5.72;0.35;302.86;4.62;1081;17;2145.00;44
5086;17;621782465;5086;368;6166;6210;5.74;0.35;302.96;4.62;1080;17;2146.00;44
5087;17;621782483;5087;364;6166;6210;5.75;0.35;302.96;4.62;1079;17;2147.00;44
5093;17;621782498;5093;361;6166;6210;5.77;0.35;302.92;4.62;1073;17;2148.00;44
5095;17;621782512;5095;359;6166;6210;5.82;0.35;302.94;4.62;1071;17;2149.00;44
5097;17;621782526;5097;355;6166;6211;5.85;0.36;302.95;4.62;1069;17;2150.00;45
5101;17;621782540;5101;353;6167;6212;5.85;0.36;303.15;4.62;1066;17;2151.00;45
5102;17;621782555;5102;353;6167;6212;5.92;0.36;303.11;4.62;1065;17;2152.00;45
5103;17;621782569;5103;355;6168;6213;5.93;0.36;303.09;4.62;1065;17;2153.00;45
5105;17;621782584;5105;346;6168;6213;5.92;0.36;303.06;4.62;1063;17;2154.00;45
5107;17;621782597;5107;343;6168;6213;5.93;0.36;303.07;4.62;1061;17;2155.00;45
5110;17;621782610;5110;344;6168;6213;5.87;0.36;303.08;4.62;1058;17;2156.00;45
5115;17;621782623;5115;341;6168;6213;5.82;0.35;303.14;4.62;1053;17;2157.00;45
5118;17;621782637;5118;334;6168;6213;5.77;0.35;303.31;4.62;1050;17;2158.00;45
5121;17;621782650;5121;333;6168;6213;5.77;0.35;303.40;4.62;1047;17;2159.00;45
5122;17;621782666;5122;371;6268;6443;6.13;0.38;303.36;4.55;1146;17;2160.00;175
5126;17;621782701;5126;365;6274;6444;6.14;0.38;303.38;4.54;1148;17;2161.00;170
5128;17;621782719;5128;361;6287;6444;6.25;0.39;303.42;4.54;1159;17;2162.00;157
5129;17;621782733;5129;353;6292;6444;6.23;0.39;303.39;4.54;1163;17;2163.00;152
5131;17;621782754;5131;347;6302;6444;6.21;0.39;303.36;4.54;1171;17;2164.00;142
5134;17;621782767;5134;345;6310;6444;6.21;0.39;303.46;4.54;1176;17;2165.00;134
5135;17;621782782;5135;341;6317;6444;6.21;0.39;303.41;4.54;1182;17;2166.00;127
5136;17;621782796;5136;338;6326;6444;6.16;0.38;303.37;4.54;1190;17;2167.00;118
5136;17;621782817;5136;343;6332;6445;6.16;0.38;303.37;4.54;1196;17;2168.00;113
5138;17;621782836;5138;344;6337;6446;6.12;0.38;303.31;4.55;1199;17;2169.00;109
5140;17;621782851;5140;349;6344;6446;6.03;0.38;303.28;4.55;1204;17;2170.00;102
5142;17;621782866;5142;357;6349;6447;5.93;0.37;303.20;4.59;1207;17;2171.00;98
5143;17;621782881;5143;366;6352;6447;5.87;0.36;303.22;4.59;1209;17;2172.00;95
5145;17;621782897;5145;375;6354;6447;5.76;0.36;303.16;4.62;1209;17;2173.00;93
5146;17;621782912;5146;391;6359;6447;5.63;0.35;303.17;4.63;1213;17;2174.00;88
5147;17;621782929;5147;386;6362;6451;5.53;0.34;303.18;4.63;1215;17;2175.00;89
5149;17;621782944;5149;394;6365;6451;5.45;0.34;303.12;4.64;1216;17;2176.00;86
5152;17;621782965;5152;410;6375;6451;5.39;0.34;303.04;4.76;1223;17;2177.00;76
5156;17;621782982;5156;411;6378;6454;5.33;0.33;302.95;4.76;1222;17;2178.00;76
5159;17;621782997;5159;415;6380;6454;5.24;0.33;302.95;4.79;1221;17;2179.00;74
5160;17;621783014;5160;429;6381;6454;5.18;0.32;302.91;4.79;1221;17;2180.00;73
5163;17;621783030;5163;433;6385;6458;5.10;0.32;302.88;4.79;1222;17;2181.00;73
5163;17;621783045;5163;443;6390;6459;5.00;0.31;302.88;4.83;1227;17;2182.00;69
5164;17;621783060;5164;444;6393;6459;4.93;0.31;302.85;4.83;1229;17;2183.00;66
5167;17;621783075;5167;459;6398;6463;4.89;0.30;302.80;4.89;1231;17;2184.00;65
5170;17;621783091;5170;462;6402;6463;4.88;0.30;302.82;4.92;1232;17;2185.00;61
5174;17;621783106;5174;467;6404;6463;4.83;0.30;302.76;4.95;1230;17;2186.00;59
5177;17;621783126;5177;471;6404;6464;4.81;0.30;302.63;4.95;1227;17;2187.00;60
5180;17;621783143;5180;475;6408;6464;4.77;0.29;302.58;5.00;1228;17;2188.00;56
5181;17;621783157;5181;483;6412;6470;4.84;0.30;302.60;5.00;1231;17;2189.00;58
5183;17;621783174;5183;487;6416;6470;4.81;0.30;302.66;5.06;1233;17;2190.00;54
5183;17;621783190;5183;483;6416;6471;4.79;0.29;302.66;5.06;1233;17;2191.00;55
5186;17;621783206;5186;491;6417;6471;4.75;0.29;302.53;5.06;1231;17;2192.00;54
5187;17;621783220;5187;493;6420;6471;4.77;0.29;302.56;5.11;1233;17;2193.00;51
5189;17;621783233;5189;500;6421;6471;4.77;0.29;302.59;5.11;1232;17;2194.00;50
5190;17;621783251;5190;487;6424;6471;4.78;0.29;302.57;5.16;1234;17;2195.00;47
5192;17;621783263;5192;473;6434;6483;4.87;0.30;302.49;5.15;1242;17;2196.00;49
5194;17;621783276;5194;470;6435;6483;4.89;0.30;302.45;5.15;1241;17;2197.00;48
5198;17;621783289;5198;469;6438;6483;4.90;0.30;302.39;5.19;1240;17;2198.00;45
5198;17;621783301;5198;468;6438;6483;4.95;0.30;302.39;5.19;1240;17;2199.00;45
5199;17;621783314;5199;468;6438;6483;4.96;0.30;302.43;5.19;1239;17;2200.00;45
5200;17;621783330;5200;472;6440;6483;4.94;0.30;302.37;5.24;1240;17;2201.00;43
5203;17;621783348;5203;486;6443;6487;4.92;0.30;302.40;5.23;1240;17;2202.00;44
5206;17;621783360;5206;486;6445;6487;4.88;0.30;302.27;5.27;1239;17;2203.00;42
5208;17;621783372;5208;484;6449;6491;4.88;0.30;302.22;5.27;1241;17;2204.00;42
5212;17;621783391;5212;498;6451;6493;4.85;0.30;302.19;5.27;1239;17;2205.00;42
5214;17;621783410;5214;499;6453;6493;4.81;0.30;302.12;5.31;1239;17;2206.00;40
5216;17;621783431;5216;507;6453;6493;4.76;0.29;302.12;5.31;1237;17;2207.00;40
5219;17;621783460;5219;512;6464;6506;4.68;0.29;302.06;5.30;1245;17;2208.00;42
5221;17;621783480;5221;513;6466;6506;4.63;0.29;302.05;5.33;1245;17;2209.00;40
5222;17;621783500;5222;507;6468;6508;4.62;0.29;302.05;5.33;1246;17;2210.00;40
5223;17;621783523;5223;498;6471;6509;4.60;0.28;302.08;5.37;1248;17;2211.00;38
5225;17;621783542;5225;485;6471;6510;4.61;0.28;302.09;5.37;1246;17;2212.00;39
5230;17;621783565;5230;477;6471;6510;4.62;0.29;302.11;5.37;1241;17;2213.00;39
5233;17;621783582;5233;476;6473;6513;4.65;0.29;302.06;5.36;1240;17;2214.00;40
5238;17;621783603;5238;471;6473;6513;4.67;0.29;302.16;5.36;1235;17;2215.00;40
5242;17;621783617;5242;461;6473;6513;4.69;0.29;302.16;5.36;1231;17;2216.00;40
5243;17;621783630;5243;455;6473;6513;4.74;0.29;302.17;5.36;1230;17;2217.00;40
5247;17;621783644;5247;452;6477;6519;4.84;0.30;302.40;5.36;1230;17;2218.00;42
5249;17;621783658;5249;447;6477;6519;4.89;0.30;302.39;5.36;1228;17;2219.00;42
5251;17;621783673;5251;439;6477;6519;4.92;0.30;302.38;5.36;1226;17;2220.00;42
5253;17;621783687;5253;425;6477;6519;4.89;0.30;302.45;5.36;1224;17;2221.00;42
5256;17;621783700;5256;420;6480;6523;4.90;0.30;302.55;5.36;1224;17;2222.00;43
5259;17;621783714;5259;414;6481;6524;4.95;0.30;302.71;5.36;1222;17;2223.00;43
5262;17;621783729;5262;412;6481;6524;5.01;0.31;302.73;5.36;1219;17;2224.00;43
5268;17;621783743;5268;418;6482;6525;5.07;0.31;302.64;5.36;1214;17;2225.00;43
5270;17;621783756;5270;412;6482;6525;5.21;0.32;302.63;5.36;1212;17;2226.00;43
5273;17;621783770;5273;414;6482;6525;5.32;0.33;302.84;5.36;1209;17;2227.00;43
5279;17;621783784;5279;408;6482;6525;5.37;0.33;303.06;5.36;1203;17;2228.00;43
5281;17;621783797;5281;403;6482;6525;5.47;0.33;303.03;5.36;1201;17;2229.00;43
5284;17;621783811;5284;408;6482;6525;5.49;0.34;303.06;5.36;1198;17;2230.00;43
5288;17;621783825;5288;404;6482;6525;5.50;0.34;303.16;5.36;1194;17;2231.00;43
5292;17;621783840;5292;406;6518;6595;5.64;0.35;303.11;5.33;1226;17;2232.00;77
5297;17;621783859;5297;398;6520;6596;5.67;0.35;303.12;5.33;1223;17;2233.00;76
5302;17;621783875;5302;400;6522;6596;5.69;0.35;303.26;5.33;1220;17;2234.00;74
5307;17;621783889;5307;398;6526;6596;5.69;0.35;303.34;5.34;1219;17;2235.00;70
5312;17;621783903;5312;395;6528;6596;5.67;0.35;303.54;5.33;1216;17;2236.00;68
5316;17;621783919;5316;401;6529;6596;5.64;0.34;303.66;5.33;1213;17;2237.00;67
5319;17;621783935;5319;398;6529;6596;5.64;0.34;303.67;5.33;1210;17;2238.00;67
5324;17;621783949;5324;409;6529;6596;5.61;0.34;303.81;5.33;1205;17;2239.00;67
5333;17;621783963;5333;409;6532;6597;5.49;0.33;303.84;5.34;1199;17;2240.00;65
5334;17;621783979;5334;404;6533;6598;5.50;0.34;303.87;5.34;1199;17;2241.00;65
5337;17;621783993;5337;410;6534;6598;5.50;0.34;304.04;5.34;1197;17;2242.00;64
5339;17;621784013;5339;409;6538;6602;5.51;0.34;304.09;5.34;1199;17;2243.00;64
5342;17;621784027;5342;406;6539;6602;5.51;0.34;304.25;5.34;1197;17;2244.00;63
5347;17;621784041;5347;409;6541;6602;5.50;0.34;304.21;5.34;1194;17;2245.00;61
5349;17;621784055;5349;404;6543;6602;5.55;0.34;304.21;5.35;1194;17;2246.00;59
5353;17;621784069;5353;408;6547;6608;5.58;0.34;304.31;5.35;1194;17;2247.00;61
5356;17;621784084;5356;414;6547;6608;5.61;0.34;304.47;5.35;1191;17;2248.00;61
5359;17;621784098;5359;420;6549;6608;5.61;0.34;304.46;5.35;1190;17;2249.00;59
5362;17;621784114;5362;427;6553;6614;5.62;0.34;304.44;5.35;1191;17;2250.00;61
5365;17;621784128;5365;428;6554;6614;5.64;0.34;304.55;5.35;1189;17;2251.00;60
5368;17;621784142;5368;429;6555;6614;5.64;0.34;304.52;5.35;1187;17;2252.00;59
5370;17;621784155;5370;431;6556;6615;5.62;0.34;304.54;5.35;1186;17;2253.00;59
5373;17;621784169;5373;433;6557;6616;5.59;0.34;304.57;5.36;1184;17;2254.00;59
5376;17;621784182;5376;428;6558;6616;5.57;0.34;304.58;5.36;1182;17;2255.00;58
5376;17;621784196;5376;436;6564;6629;5.58;0.34;304.58;5.35;1188;17;2256.00;65
5378;17;621784210;5378;434;6566;6629;5.56;0.34;304.64;5.36;1188;17;2257.00;63
5382;17;621784224;5382;429;6569;6629;5.52;0.33;304.82;5.36;1187;17;2258.00;60
5385;17;621784239;5385;428;6572;6630;5.53;0.34;305.12;5.36;1187;17;2259.00;58
5386;17;621784253;5386;428;6573;6630;5.49;0.33;305.12;5.37;1187;17;2260.00;57
5391;17;621784267;5391;424;6578;6634;5.49;0.33;305.40;5.36;1187;17;2261.00;56
5392;17;621784281;5392;433;6579;6634;5.47;0.33;305.53;5.38;1187;17;2262.00;55
5393;17;621784294;5393;434;6583;6638;5.55;0.34;305.64;5.38;1190;17;2263.00;55
5397;17;621784308;5397;439;6584;6638;5.58;0.34;305.79;5.38;1187;17;2264.00;54
5398;17;621784323;5398;440;6585;6638;5.63;0.34;305.89;5.38;1187;17;2265.00;53
5401;17;621784342;5401;436;6585;6638;5.67;0.34;306.08;5.38;1184;17;2266.00;53
5402;17;621784356;5402;426;6585;6638;5.72;0.35;306.19;5.38;1183;17;2267.00;53
5403;17;621784376;5403;429;6592;6650;5.79;0.35;306.18;5.37;1189;17;2268.00;58
5407;17;621784392;5407;429;6593;6650;5.84;0.36;306.27;5.37;1186;17;2269.00;57
5411;17;621784407;5411;433;6594;6650;5.90;0.36;306.42;5.37;1183;17;2270.00;56
5411;17;621784422;5411;431;6594;6650;5.98;0.36;306.42;5.37;1183;17;2271.00;56
5414;17;621784436;5414;433;6595;6650;5.96;0.36;306.60;5.38;1181;17;2272.00;55
5415;17;621784452;5415;438;6595;6650;6.00;0.37;306.66;5.38;1180;17;2273.00;55
5421;17;621784466;5421;443;6595;6651;5.98;0.36;306.74;5.38;1174;17;2274.00;56
5423;17;621784480;5423;441;6596;6651;5.94;0.36;306.82;5.38;1173;18;2275.00;55
5426;17;621784503;5426;443;6601;6657;5.94;0.36;306.76;5.38;1175;18;2276.00;56
5427;17;621784518;5427;439;6605;6658;5.93;0.36;306.84;5.38;1178;18;2277.00;53
5431;17;621784532;5431;432;6605;6658;5.86;0.36;307.00;5.38;1174;18;2278.00;53
5432;17;621784546;5432;435;6606;6658;5.85;0.36;307.11;5.39;1174;18;2279.00;52
5435;17;621784561;5435;432;6610;6663;5.84;0.35;307.27;5.39;1175;18;2280.00;53
5439;17;621784575;5439;433;6610;6663;5.84;0.35;307.56;5.39;1171;18;2281.00;53
5440;17;621784588;5440;438;6610;6663;5.84;0.35;307.56;5.39;1170;18;2282.00;53
5443;17;621784602;5443;437;6611;6664;5.85;0.36;307.84;5.39;1168;18;2283.00;53
5446;17;621784615;5446;438;6614;6668;5.84;0.35;307.94;5.39;1168;18;2284.00;54
5448;17;621784629;5448;441;6614;6668;5.83;0.35;307.99;5.39;1166;18;2285.00;54
5452;17;621784642;5452;444;6616;6671;5.81;0.35;308.22;5.39;1164;18;2286.00;55
5455;17;621784656;5455;441;6616;6671;5.77;0.35;308.33;5.39;1161;18;2287.00;55
5460;17;621784669;5460;443;6617;6671;5.71;0.35;308.42;5.39;1157;18;2288.00;54
5465;17;621784682;5465;445;6617;6671;5.62;0.34;308.65;5.39;1152;18;2289.00;54
5468;17;621784694;5468;442;6621;6675;5.60;0.34;308.84;5.38;1153;18;2290.00;54
5471;17;621784707;5471;441;6621;6675;5.56;0.34;309.08;5.38;1150;18;2291.00;54
5473;17;621784719;5473;445;6621;6675;5.57;0.34;309.14;5.38;1148;18;2292.00;54
5476;17;621784731;5476;449;6621;6675;5.53;0.33;309.32;5.38;1145;18;2293.00;54
5479;17;621784743;5479;452;6621;6676;5.48;0.33;309.46;5.38;1142;18;2294.00;55
5480;17;621784756;5480;448;6624;6678;5.48;0.33;309.56;5.40;1144;18;2295.00;54
5484;17;621784768;5484;450;6624;6678;5.45;0.33;309.72;5.40;1140;18;2296.00;54
5486;17;621784781;5486;456;6625;6679;5.46;0.33;309.86;5.40;1139;18;2297.00;54
5488;17;621784793;5488;459;6625;6679;5.44;0.33;309.89;5.40;1137;18;2298.00;54
5491;17;621784807;5491;462;6625;6679;5.38;0.33;309.97;5.40;1134;18;2299.00;54
5494;17;621784821;5494;460;6625;6679;5.37;0.33;310.03;5.40;1131;18;2300.00;54
5498;17;621784836;5498;455;6625;6679;5.32;0.32;310.12;5.40;1127;18;2301.00;54
5499;17;621784848;5499;455;6625;6679;5.31;0.32;310.16;5.40;1126;18;2302.00;54
5501;17;621784860;5501;455;6625;6679;5.30;0.32;310.15;5.40;1124;18;2303.00;54
5503;17;621784871;5503;479;6697;6806;5.38;0.33;310.23;5.34;1194;18;2304.00;109
5504;17;621784893;5504;471;6697;6807;5.39;0.33;310.24;5.34;1193;18;2305.00;110
5509;17;621784905;5509;464;6704;6807;5.47;0.34;310.21;5.34;1195;18;2306.00;103
5510;17;621784918;5510;454;6704;6807;5.44;0.34;310.20;5.34;1194;18;2307.00;103
5512;17;621784936;5512;458;6711;6807;5.51;0.34;310.20;5.34;1199;18;2308.00;96
5512;17;621784949;5512;453;6715;6807;5.53;0.34;310.20;5.34;1203;18;2309.00;92
5514;17;621784964;5514;455;6719;6807;5.50;0.34;310.21;5.34;1205;18;2310.00;88
5516;17;621784978;5516;451;6721;6807;5.45;0.33;310.15;5.34;1205;18;2311.00;86
5519;17;621784991;5519;455;6724;6808;5.41;0.33;310.23;5.35;1205;18;2312.00;84
5520;18;621785005;5520;455;6727;6809;5.42;0.33;310.19;5.35;1207;19;2313.00;82
5520;18;621785025;5520;459;6730;6809;5.44;0.33;310.19;5.36;1210;19;2314.00;79
5522;18;621785038;5522;463;6734;6810;5.43;0.33;310.25;5.42;1212;19;2315.00;76
5524;18;621785052;5524;466;6736;6810;5.41;0.33;310.22;5.42;1212;19;2316.00;74
5527;18;621785064;5527;463;6739;6810;5.36;0.33;310.21;5.42;1212;19;2317.00;71
5529;18;621785077;5529;468;6740;6810;5.32;0.33;310.27;5.42;1211;19;2318.00;70
5531;18;621785089;5531;469;6745;6814;5.30;0.33;310.22;5.42;1214;19;2319.00;69
5532;18;621785102;5532;465;6746;6814;5.26;0.32;310.24;5.42;1214;19;2320.00;68
5535;18;621785115;5535;456;6746;6814;5.26;0.32;310.12;5.42;1211;19;2321.00;68
5538;18;621785128;5538;456;6749;6817;5.29;0.33;310.09;5.42;1211;19;2322.00;68
5540;18;621785140;5540;463;6749;6817;5.28;0.32;310.02;5.42;1209;19;2323.00;68
5543;18;621785153;5543;469;6751;6817;5.26;0.32;309.90;5.43;1208;19;2324.00;66
5547;18;621785164;5547;476;6756;6821;5.24;0.32;309.84;5.43;1209;19;2325.00;65
5551;18;621785178;5551;475;6758;6822;5.20;0.32;309.87;5.43;1207;19;2326.00;64
5552;18;621785190;5552;476;6758;6822;5.18;0.32;309.83;5.43;1206;19;2327.00;64
5554;18;621785203;5554;477;6761;6826;5.14;0.31;309.81;5.43;1207;19;2328.00;65
5555;18;621785215;5555;482;6762;6826;5.12;0.31;309.77;5.43;1207;19;2329.00;64
5557;18;621785227;5557;486;6762;6826;5.13;0.31;309.72;5.43;1205;19;2330.00;64
5558;18;621785240;5558;490;6763;6827;5.10;0.31;309.66;5.43;1205;19;2331.00;64
5561;18;621785252;5561;496;6763;6827;5.02;0.31;309.80;5.43;1202;19;2332.00;64
5565;18;621785264;5565;498;6768;6833;4.99;0.31;309.76;5.43;1203;19;2333.00;65
5566;18;621785277;5566;505;6768;6833;4.95;0.30;309.75;5.43;1202;19;2334.00;65
5566;18;621785289;5566;506;6768;6834;4.89;0.30;309.75;5.43;1202;19;2335.00;66
5570;18;621785301;5570;510;6768;6834;4.85;0.30;309.92;5.43;1198;19;2336.00;66
5571;18;621785314;5571;511;6768;6834;4.82;0.30;309.90;5.43;1197;19;2337.00;66
5571;18;621785326;5571;521;6768;6834;4.82;0.30;309.90;5.43;1197;19;2338.00;66
5571;18;621785341;5571;525;6768;6834;4.81;0.30;309.90;5.43;1197;19;2339.00;66
5573;18;621785355;5573;533;6790;6870;4.94;0.31;309.83;5.44;1217;19;2340.00;80
5574;18;621785371;5574;540;6792;6870;4.93;0.30;309.80;5.44;1218;19;2341.00;78
5578;18;621785390;5578;546;6796;6870;4.92;0.30;309.71;5.44;1218;19;2342.00;74
5579;18;621785411;5579;562;6798;6870;4.90;0.30;309.73;5.51;1219;19;2343.00;72
5582;18;621785431;5582;561;6799;6870;4.87;0.30;309.73;5.51;1217;19;2344.00;71
5584;18;621785450;5584;566;6799;6870;4.80;0.29;309.73;5.51;1215;19;2345.00;71
5584;18;621785471;5584;567;6803;6874;4.79;0.29;309.73;5.50;1219;19;2346.00;71
5585;18;621785489;5585;562;6803;6874;4.79;0.29;309.68;5.50;1218;19;2347.00;71
5587;18;621785519;5587;552;6809;6878;4.80;0.29;309.65;5.57;1222;19;2348.00;69
5588;18;621785534;5588;548;6813;6879;4.80;0.29;309.64;5.66;1225;19;2349.00;66
5588;18;621785548;5588;548;6813;6879;4.80;0.29;309.64;5.66;1225;19;2350.00;66
5590;18;621785562;5590;535;6814;6879;4.75;0.29;309.65;5.69;1224;19;2351.00;65
5591;18;621785576;5591;529;6825;6892;4.78;0.29;309.59;5.77;1234;19;2352.00;67
5596;18;621785591;5596;527;6825;6892;4.76;0.29;309.53;5.77;1229;19;2353.00;67
5597;18;621785605;5597;523;6828;6892;4.78;0.29;309.50;5.83;1231;19;2354.00;64
5598;18;621785618;5598;522;6829;6893;4.81;0.29;309.50;5.83;1231;19;2355.00;64
5600;19;621785642;5600;521;6830;6894;4.80;0.29;309.62;5.86;1230;20;2356.00;64
5604;19;621785664;5604;527;6832;6894;4.76;0.29;309.56;5.91;1228;20;2357.00;62
5604;19;621785678;5604;534;6834;6897;4.75;0.29;309.56;5.91;1230;20;2358.00;63
5604;19;621785698;5604;531;6836;6897;4.74;0.29;309.56;5.97;1232;20;2359.00;61
5605;19;621785712;5605;530;6837;6897;4.76;0.29;309.53;5.97;1232;20;2360.00;60
5606;19;621785725;5606;525;6838;6897;4.77;0.29;309.50;5.99;1232;20;2361.00;59
5608;19;621785738;5608;521;6843;6903;4.88;0.30;309.46;5.99;1235;20;2362.00;60
5609;19;621785756;5609;509;6844;6903;4.92;0.30;309.41;6.02;1235;20;2363.00;59
5611;19;621785771;5611;506;6845;6903;4.91;0.30;309.38;6.05;1234;20;2364.00;58
5611;19;621785784;5611;502;6846;6903;4.96;0.30;309.38;6.08;1235;20;2365.00;57
5612;19;621785796;5612;495;6849;6907;5.01;0.30;309.34;6.07;1237;20;2366.00;58
5614;19;621785810;5614;485;6852;6908;5.05;0.31;309.31;6.13;1238;20;2367.00;56
5615;19;621785824;5615;477;6852;6908;5.11;0.31;309.27;6.13;1237;20;2368.00;56
5618;19;621785838;5618;474;6853;6909;5.12;0.31;309.38;6.13;1235;20;2369.00;56
5619;19;621785854;5619;472;6854;6909;5.16;0.31;309.34;6.15;1235;20;2370.00;55
5620;19;621785874;5620;473;6855;6909;5.12;0.31;309.37;6.18;1235;20;2371.00;54
5624;19;621785887;5624;471;6856;6909;5.12;0.31;309.35;6.21;1232;20;2372.00;53
5627;19;621785900;5627;472;6857;6909;5.11;0.31;309.44;6.23;1230;20;2373.00;52
5629;19;621785913;5629;475;6857;6909;5.11;0.31;309.52;6.23;1228;20;2374.00;52
5632;19;621785926;5632;465;6858;6909;5.06;0.31;309.54;6.25;1226;20;2375.00;51
5638;19;621785939;5638;482;6902;6979;5.09;0.31;309.66;6.23;1264;20;2376.00;77
5640;19;621785957;5640;483;6905;6980;5.04;0.31;309.69;6.26;1265;20;2377.00;75
5644;19;621785971;5644;470;6910;6980;4.95;0.30;309.84;6.25;1266;20;2378.00;70
5648;19;621785984;5648;479;6911;6980;4.92;0.30;309.89;6.26;1263;20;2379.00;69
5649;19;621785997;5649;468;6914;6980;4.92;0.30;309.87;6.29;1265;20;2380.00;66
5653;19;621786011;5653;462;6915;6980;4.87;0.30;309.91;6.29;1262;20;2381.00;65
5655;19;621786024;5655;455;6915;6980;4.87;0.30;309.96;6.29;1260;20;2382.00;65
5659;19;621786036;5659;451;6916;6980;4.85;0.30;310.07;6.29;1257;20;2383.00;64
5662;19;621786049;5662;459;6916;6981;4.86;0.30;310.17;6.29;1254;20;2384.00;65
5663;19;621786063;5663;460;6918;6983;4.90;0.30;310.15;6.29;1255;20;2385.00;65
5668;19;621786077;5668;469;6918;6983;4.90;0.30;310.23;6.29;1250;20;2386.00;65
5672;19;621786099;5672;467;6923;6987;4.95;0.30;310.25;6.29;1251;20;2387.00;64
5674;19;621786113;5674;459;6924;6987;5.00;0.31;310.28;6.29;1250;20;2388.00;63
5679;19;621786143;5679;455;6924;6987;5.05;0.31;310.29;6.29;1245;20;2389.00;63
5682;19;621786158;5682;447;6926;6987;5.10;0.31;310.40;6.29;1244;20;2390.00;61
5687;19;621786173;5687;436;6930;6993;5.09;0.31;310.61;6.29;1243;20;2391.00;63
5691;19;621786189;5691;437;6931;6993;5.09;0.31;310.61;6.29;1240;20;2392.00;62
5694;19;621786210;5694;429;6931;6993;5.12;0.31;310.77;6.29;1237;20;2393.00;62
5699;19;621786225;5699;420;6931;6996;5.13;0.31;311.09;6.29;1232;20;2394.00;65
5701;19;621786246;5701;418;6931;6996;5.23;0.32;311.16;6.29;1230;20;2395.00;65
5706;19;621786261;5706;414;6931;6996;5.28;0.32;311.42;6.29;1225;20;2396.00;65
5710;19;621786276;5710;420;6931;6997;5.35;0.33;311.57;6.29;1221;20;2397.00;66
5714;19;621786291;5714;416;6931;6998;5.39;0.33;311.74;6.29;1217;20;2398.00;67
5719;19;621786307;5719;419;6931;6998;5.44;0.33;311.86;6.29;1212;20;2399.00;67
5722;19;621786326;5722;425;6948;7057;5.52;0.34;311.94;6.28;1226;20;2400.00;109
5727;19;621786355;5727;413;6949;7057;5.55;0.34;312.06;6.28;1222;20;2401.00;108
5730;19;621786371;5730;416;6952;7057;5.65;0.35;312.18;6.28;1222;20;2402.00;105
5737;19;621786387;5737;417;6953;7058;5.69;0.35;312.36;6.27;1216;20;2403.00;105
5742;19;621786405;5742;409;6957;7058;5.69;0.35;312.43;6.27;1215;20;2404.00;101
5748;19;621786421;5748;407;6958;7062;5.71;0.35;312.52;6.27;1210;20;2405.00;104
5753;19;621786439;5753;407;6961;7062;5.69;0.35;312.66;6.27;1208;20;2406.00;101
5754;19;621786455;5754;406;6964;7066;5.74;0.35;312.64;6.27;1210;20;2407.00;102
5758;19;621786472;5758;407;6966;7066;5.76;0.35;312.76;6.27;1208;20;2408.00;100
5762;19;621786487;5762;404;6969;7066;5.76;0.35;312.78;6.27;1207;20;2409.00;97
5764;19;621786502;5764;402;6969;7066;5.77;0.35;312.91;6.27;1205;20;2410.00;97
5770;19;621786517;5770;397;6969;7066;5.81;0.36;313.10;6.27;1199;20;2411.00;97
5776;19;621786530;5776;399;6976;7078;5.78;0.35;313.13;6.30;1200;20;2412.00;102
5780;19;621786545;5780;402;6977;7078;5.78;0.35;313.23;6.30;1197;20;2413.00;101
5782;19;621786559;5782;405;6980;7078;5.76;0.35;313.29;6.31;1198;20;2414.00;98
5789;19;621786572;5789;408;6981;7078;5.70;0.35;313.43;6.30;1192;20;2415.00;97
5794;19;621786586;5794;404;6983;7078;5.72;0.35;313.46;6.31;1189;20;2416.00;95
5800;19;621786600;5800;407;6985;7078;5.75;0.35;313.69;6.31;1185;20;2417.00;93
5803;19;621786614;5803;414;6988;7079;5.73;0.35;313.72;6.31;1185;20;2418.00;91
5805;19;621786628;5805;420;6991;7079;5.71;0.35;313.75;6.31;1186;20;2419.00;88
5809;19;621786641;5809;426;6995;7085;5.67;0.35;313.76;6.32;1186;20;2420.00;90
5811;19;621786655;5811;428;6997;7086;5.66;0.35;313.73;6.31;1186;20;2421.00;89
5814;19;621786669;5814;434;7000;7086;5.66;0.34;313.72;6.34;1186;20;2422.00;86
5817;19;621786682;5817;442;7001;7086;5.63;0.34;313.79;6.34;1184;20;2423.00;85
5821;19;621786695;5821;445;7005;7090;5.58;0.34;313.76;6.35;1184;20;2424.00;85
5823;19;621786709;5823;451;7006;7090;5.52;0.34;313.76;6.35;1183;20;2425.00;84
5826;19;621786723;5826;451;7008;7090;5.50;0.33;313.80;6.35;1182;20;2426.00;82
5828;19;621786736;5828;445;7011;7091;5.53;0.34;313.79;6.37;1183;20;2427.00;80
5831;19;621786750;5831;444;7014;7095;5.53;0.34;313.94;6.36;1183;20;2428.00;81
5835;19;621786763;5835;443;7015;7095;5.48;0.33;314.07;6.37;1180;20;2429.00;80
5836;19;621786779;5836;449;7020;7101;5.52;0.34;314.06;6.37;1184;20;2430.00;81
5842;19;621786793;5842;455;7024;7101;5.44;0.33;314.25;6.39;1182;20;2431.00;77
5846;19;621786807;5846;452;7025;7101;5.38;0.33;314.31;6.39;1179;20;2432.00;76
5849;19;621786820;5849;460;7025;7101;5.36;0.33;314.52;6.39;1176;20;2433.00;76
5851;19;621786834;5851;465;7029;7105;5.34;0.33;314.69;6.39;1178;20;2434.00;76
5853;19;621786847;5853;465;7030;7105;5.34;0.33;314.73;6.40;1177;20;2435.00;75
5857;19;621786860;5857;459;7030;7105;5.33;0.33;314.92;6.40;1173;20;2436.00;75
5860;19;621786874;5860;458;7032;7105;5.31;0.32;314.95;6.41;1172;20;2437.00;73
5861;19;621786887;5861;452;7033;7106;5.27;0.32;315.01;6.42;1172;20;2438.00;73
5866;19;621786900;5866;456;7035;7107;5.18;0.32;315.02;6.43;1169;20;2439.00;72
5868;19;621786913;5868;467;7035;7107;5.17;0.32;315.08;6.43;1167;20;2440.00;72
5871;19;621786927;5871;469;7036;7108;5.18;0.32;315.15;6.43;1165;20;2441.00;72
5876;19;621786940;5876;478;7040;7108;5.15;0.31;315.36;6.45;1164;20;2442.00;68
5877;19;621786954;5877;476;7040;7108;5.18;0.32;315.38;6.45;1163;20;2443.00;68
5879;19;621786966;5879;480;7042;7108;5.17;0.32;315.47;6.46;1163;20;2444.00;66
5879;19;621786979;5879;484;7043;7108;5.20;0.32;315.47;6.46;1164;20;2445.00;65
5884;19;621786991;5884;485;7044;7108;5.14;0.31;315.81;6.47;1160;20;2446.00;64
5886;19;621787004;5886;484;7044;7108;5.10;0.31;315.97;6.47;1158;20;2447.00;64
5890;19;621787017;5890;498;7106;7235;5.23;0.32;315.98;6.42;1216;20;2448.00;129
5894;19;621787040;5894;489;7107;7236;5.16;0.32;316.15;6.42;1213;20;2449.00;129
5896;19;621787053;5896;487;7114;7236;5.20;0.32;316.28;6.41;1218;20;2450.00;122
5899;19;621787067;5899;488;7115;7236;5.18;0.32;316.38;6.41;1216;20;2451.00;121
5903;19;621787079;5903;488;7121;7236;5.19;0.32;316.65;6.41;1218;20;2452.00;115
5906;19;621787093;5906;489;7122;7236;5.20;0.32;316.63;6.41;1216;20;2453.00;114
5910;19;621787106;5910;490;7129;7236;5.24;0.32;316.92;6.42;1219;20;2454.00;107
5913;19;621787119;5913;489;7133;7236;5.33;0.33;317.04;6.42;1220;20;2455.00;103
5917;19;621787132;5917;495;7137;7237;5.35;0.33;317.12;6.42;1220;20;2456.00;100
5920;19;621787145;5920;494;7142;7238;5.37;0.33;317.24;6.42;1222;20;2457.00;96
5921;19;621787159;5921;495;7148;7238;5.38;0.33;317.36;6.43;1227;20;2458.00;90
5924;19;621787172;5924;496;7151;7239;5.34;0.33;317.34;6.43;1227;20;2459.00;88
5924;19;621787187;5924;507;7153;7239;5.30;0.33;317.34;6.44;1229;20;2460.00;86
5925;19;621787201;5925;509;7156;7239;5.25;0.32;317.34;6.44;1231;20;2461.00;83
5928;19;621787214;5928;523;7158;7239;5.15;0.32;317.46;6.44;1230;20;2462.00;81
5930;19;621787233;5930;531;7163;7243;5.10;0.31;317.57;6.44;1233;20;2463.00;80
5935;19;621787247;5935;542;7164;7243;5.01;0.31;317.71;6.44;1229;20;2464.00;79
5935;19;621787261;5935;542;7164;7243;4.98;0.31;317.71;6.44;1229;20;2465.00;79
5936;19;621787273;5936;547;7168;7246;4.91;0.30;317.67;6.46;1232;20;2466.00;78
5939;19;621787292;5939;554;7168;7246;4.89;0.30;317.73;6.46;1229;20;2467.00;78
5940;19;621787305;5940;563;7171;7246;4.86;0.30;317.73;6.46;1231;20;2468.00;75
5942;19;621787318;5942;572;7176;7250;4.85;0.30;317.70;6.46;1234;20;2469.00;74
5943;19;621787331;5943;565;7178;7251;4.85;0.30;317.71;6.46;1235;20;2470.00;73
5943;19;621787344;5943;569;7178;7251;4.87;0.30;317.71;6.46;1235;20;2471.00;73
5945;19;621787357;5945;570;7180;7255;4.86;0.30;317.63;6.46;1235;20;2472.00;75
5947;19;621787370;5947;567;7181;7255;4.88;0.30;317.67;6.46;1234;20;2473.00;74
5950;19;621787383;5950;569;7181;7255;4.86;0.30;317.59;6.46;1231;20;2474.00;74
5952;19;621787396;5952;565;7183;7257;4.85;0.30;317.53;6.46;1231;20;2475.00;74
5954;19;621787415;5954;563;7183;7257;4.86;0.30;317.64;6.46;1229;20;2476.00;74
5958;19;621787436;5958;565;7188;7263;4.82;0.30;317.67;6.45;1230;20;2477.00;75
5963;19;621787458;5963;562;7188;7263;4.74;0.29;317.67;6.45;1225;20;2478.00;75
5966;19;621787477;5966;552;7188;7264;4.69;0.29;317.61;6.45;1222;20;2479.00;76
5970;19;621787496;5970;552;7188;7264;4.61;0.28;317.67;6.45;1218;20;2480.00;76
5972;19;621787513;5972;553;7188;7264;4.53;0.28;317.69;6.45;1216;20;2481.00;76
5975;19;621787527;5975;556;7188;7264;4.45;0.27;317.67;6.45;1213;20;2482.00;76
5979;19;621787541;5979;542;7188;7264;4.40;0.27;317.67;6.45;1209;20;2483.00;76
5980;19;621787554;5980;540;7197;7276;4.43;0.27;317.63;6.45;1217;20;2484.00;79
5981;19;621787568;5981;542;7199;7276;4.44;0.27;317.74;6.48;1218;20;2485.00;77
5987;19;621787583;5987;534;7200;7276;4.41;0.27;317.64;6.48;1213;20;2486.00;76
5987;19;621787598;5987;547;7200;7276;4.45;0.27;317.64;6.48;1213;20;2487.00;76
5991;19;621787610;5991;549;7200;7276;4.44;0.27;317.60;6.48;1209;20;2488.00;76
5993;19;621787623;5993;547;7200;7276;4.45;0.27;317.50;6.48;1207;20;2489.00;76
5996;19;621787638;5996;551;7204;7280;4.47;0.27;317.42;6.51;1208;20;2490.00;76
5998;19;621787651;5998;551;7204;7280;4.44;0.27;317.39;6.51;1206;20;2491.00;76
5998;19;621787670;5998;547;7208;7284;4.47;0.27;317.39;6.51;1210;20;2492.00;76
6000;19;621787683;6000;557;7208;7285;4.45;0.27;317.43;6.51;1208;20;2493.00;77
6001;19;621787695;6001;556;7209;7285;4.43;0.27;317.38;6.51;1208;20;2494.00;76
6002;19;621787708;6002;556;7209;7285;4.44;0.27;317.38;6.51;1207;20;2495.00;76
6003;19;621787721;6003;564;7219;7298;4.45;0.27;317.37;6.51;1216;20;2496.00;79
6005;19;621787735;6005;567;7219;7298;4.43;0.27;317.35;6.51;1214;20;2497.00;79
6009;19;621787748;6009;566;7219;7298;4.43;0.27;317.26;6.51;1210;20;2498.00;79
6010;19;621787761;6010;553;7220;7299;4.45;0.27;317.26;6.51;1210;20;2499.00;79
6012;19;621787776;6012;542;7220;7300;4.48;0.27;317.25;6.51;1208;20;2500.00;80
6015;19;621787794;6015;535;7222;7300;4.53;0.27;317.23;6.53;1207;20;2501.00;78
6016;19;621787807;6016;531;7224;7303;4.61;0.28;317.21;6.53;1208;20;2502.00;79
6018;19;621787822;6018;526;7226;7303;4.65;0.28;317.18;6.54;1208;20;2503.00;77
6020;19;621787835;6020;525;7226;7303;4.70;0.28;317.32;6.54;1206;20;2504.00;77
6020;19;621787849;6020;520;7227;7303;4.74;0.29;317.32;6.54;1207;20;2505.00;76
6022;19;621787867;6022;523;7234;7309;4.85;0.29;317.35;6.55;1212;20;2506.00;75
6022;19;621787881;6022;525;7235;7309;4.86;0.29;317.35;6.59;1213;20;2507.00;74
6023;19;621787895;6023;522;7235;7309;4.88;0.30;317.47;6.59;1212;20;2508.00;74
6024;19;621787909;6024;516;7235;7309;4.85;0.29;317.44;6.59;1211;20;2509.00;74
6025;20;621787922;6025;518;7241;7313;4.82;0.29;317.48;6.63;1216;21;2510.00;72
6025;20;621787952;6025;515;7242;7314;4.80;0.29;317.48;6.63;1217;21;2511.00;72
6025;20;621787965;6025;519;7243;7314;4.77;0.29;317.48;6.67;1218;21;2512.00;71
6025;20;621787979;6025;521;7244;7315;4.77;0.29;317.48;6.67;1219;21;2513.00;71
6027;20;621787997;6027;518;7244;7315;4.78;0.29;317.40;6.67;1217;21;2514.00;71
6028;20;621788011;6028;518;7245;7315;4.77;0.29;317.41;6.70;1217;21;2515.00;70
6031;20;621788025;6031;517;7245;7315;4.78;0.29;317.40;6.70;1214;21;2516.00;70
6031;20;621788038;6031;517;7245;7315;4.82;0.29;317.40;6.70;1214;21;2517.00;70
6032;20;621788051;6032;512;7245;7315;4.86;0.30;317.37;6.70;1213;21;2518.00;70
6034;20;621788064;6034;512;7245;7315;4.89;0.30;317.31;6.70;1211;21;2519.00;70
6036;20;621788078;6036;522;7308;7440;5.16;0.32;317.26;6.65;1272;21;2520.00;132
6037;20;621788102;6037;520;7311;7441;5.17;0.32;317.22;6.72;1274;21;2521.00;130
6040;20;621788117;6040;514;7321;7441;5.18;0.32;317.16;6.71;1281;21;2522.00;120
6041;20;621788130;6041;516;7330;7441;5.20;0.32;317.24;6.75;1289;21;2523.00;111
6045;20;621788143;6045;514;7336;7441;5.15;0.32;317.26;6.74;1291;21;2524.00;105
6045;20;621788156;6045;515;7339;7441;5.12;0.31;317.26;6.78;1294;21;2525.00;102
6046;20;621788170;6046;521;7344;7441;5.07;0.31;317.23;6.78;1298;21;2526.00;97
6047;20;621788183;6047;524;7348;7441;5.03;0.31;317.33;6.78;1301;21;2527.00;93
6051;20;621788197;6051;523;7354;7442;4.96;0.30;317.32;6.78;1303;21;2528.00;88
6053;20;621788211;6053;531;7356;7443;4.89;0.30;317.43;6.82;1303;21;2529.00;87
6053;20;621788224;6053;523;7360;7443;4.84;0.30;317.43;6.82;1307;21;2530.00;83
6056;20;621788237;6056;526;7366;7447;4.78;0.29;317.68;6.89;1310;21;2531.00;81
6061;20;621788251;6061;522;7367;7447;4.72;0.29;317.70;6.89;1306;21;2532.00;80
6063;20;621788265;6063;527;7369;7447;4.70;0.29;317.69;6.89;1306;21;2533.00;78
6064;20;621788279;6064;522;7371;7447;4.69;0.29;317.81;6.96;1307;21;2534.00;76
6067;20;621788298;6067;521;7376;7453;4.69;0.29;317.90;6.95;1309;21;2535.00;77
6068;20;621788312;6068;523;7378;7453;4.75;0.29;317.87;7.02;1310;21;2536.00;75
6070;20;621788327;6070;516;7379;7455;4.78;0.29;318.08;7.02;1309;21;2537.00;76
6071;20;621788347;6071;522;7382;7458;4.80;0.29;318.08;7.05;1311;21;2538.00;76
6073;21;621788361;6073;519;7383;7458;4.78;0.29;318.05;7.08;1310;22;2539.00;75
6075;21;621788394;6075;519;7383;7458;4.77;0.29;318.00;7.08;1308;22;2540.00;75
6079;21;621788410;6079;523;7385;7459;4.69;0.29;318.14;7.14;1306;22;2541.00;74
6080;21;621788425;6080;527;7386;7460;4.66;0.28;318.15;7.14;1306;22;2542.00;74
6083;21;621788439;6083;528;7387;7460;4.64;0.28;318.23;7.14;1304;22;2543.00;73
6085;21;621788453;6085;527;7395;7473;4.64;0.28;318.28;7.13;1310;22;2544.00;78
6086;21;621788468;6086;528;7396;7473;4.66;0.28;318.34;7.13;1310;22;2545.00;77
6090;21;621788481;6090;529;7396;7473;4.60;0.28;318.42;7.13;1306;22;2546.00;77
6090;21;621788494;6090;532;7397;7474;4.60;0.28;318.42;7.13;1307;22;2547.00;77
6093;21;621788512;6093;530;7397;7474;4.60;0.28;318.36;7.13;1304;22;2548.00;77
6095;21;621788525;6095;532;7401;7478;4.63;0.28;318.40;7.13;1306;22;2549.00;77
6099;21;621788540;6099;516;7403;7481;4.61;0.28;318.56;7.13;1304;22;2550.00;78
6103;21;621788554;6103;512;7407;7485;4.60;0.28;318.70;7.12;1304;22;2551.00;78
6106;21;621788567;6106;500;7408;7485;4.64;0.29;318.77;7.12;1302;22;2552.00;77
6110;21;621788580;6110;498;7408;7485;4.66;0.29;318.75;7.12;1298;22;2553.00;77
6114;21;621788593;6114;494;7408;7485;4.65;0.29;318.70;7.12;1294;22;2554.00;77
6115;21;621788607;6115;491;7408;7485;4.70;0.29;318.69;7.12;1293;22;2555.00;77
6116;21;621788620;6116;490;7415;7497;4.81;0.30;318.72;7.12;1299;22;2556.00;82
6120;21;621788634;6120;487;7417;7497;4.87;0.30;318.75;7.12;1297;22;2557.00;80
6124;21;621788649;6124;479;7417;7497;4.91;0.30;318.96;7.12;1293;22;2558.00;80
6127;21;621788662;6127;465;7417;7497;4.94;0.30;318.95;7.12;1290;22;2559.00;80
6130;21;621788678;6130;461;7417;7497;4.98;0.31;318.96;7.12;1287;22;2560.00;80
6132;21;621788695;6132;459;7417;7497;5.01;0.31;319.02;7.12;1285;22;2561.00;80
6133;21;621788710;6133;449;7417;7498;5.07;0.31;319.06;7.12;1284;22;2562.00;81
6138;21;621788724;6138;450;7417;7498;5.07;0.31;319.12;7.12;1279;22;2563.00;81
6142;21;621788739;6142;447;7422;7504;5.17;0.32;319.22;7.11;1280;22;2564.00;82
6145;21;621788753;6145;452;7424;7506;5.21;0.32;319.27;7.11;1279;22;2565.00;82
6147;21;621788778;6147;445;7424;7506;5.26;0.32;319.35;7.11;1277;22;2566.00;82
6150;21;621788792;6150;434;7424;7506;5.29;0.32;319.41;7.11;1274;22;2567.00;82
6157;21;621788805;6157;438;7427;7510;5.31;0.32;319.46;7.11;1270;22;2568.00;83
6163;21;621788821;6163;427;7427;7510;5.32;0.32;319.69;7.11;1264;22;2569.00;83
6168;21;621788835;6168;423;7427;7510;5.31;0.32;319.71;7.11;1259;22;2570.00;83
6171;21;621788850;6171;420;7428;7511;5.34;0.33;319.93;7.11;1257;22;2571.00;83
6174;21;621788869;6174;418;7431;7515;5.37;0.33;320.14;7.10;1257;22;2572.00;84
6178;21;621788883;6178;414;7431;7515;5.39;0.33;320.11;7.10;1253;22;2573.00;84
6181;21;621788898;6181;413;7434;7518;5.45;0.33;320.16;7.10;1253;22;2574.00;84
6188;21;621788912;6188;400;7434;7518;5.42;0.33;320.30;7.10;1246;22;2575.00;84
6193;21;621788926;6193;398;7434;7518;5.42;0.33;320.35;7.10;1241;22;2576.00;84
6197;21;621788940;6197;395;7434;7518;5.39;0.33;320.30;7.10;1237;22;2577.00;84
6202;22;621788954;6202;398;7438;7522;5.34;0.33;320.53;7.10;1236;23;2578.00;84
6206;22;621788975;6206;404;7438;7522;5.28;0.32;320.57;7.10;1232;23;2579.00;84
6213;22;621788991;6213;403;7438;7522;5.24;0.32;320.59;7.10;1225;23;2580.00;84
6214;22;621789004;6214;401;7440;7522;5.28;0.32;320.72;7.11;1226;23;2581.00;82
6217;22;621789021;6217;405;7440;7523;5.29;0.32;320.85;7.11;1223;23;2582.00;83
6228;22;621789036;6228;411;7441;7524;5.26;0.32;320.78;7.11;1213;23;2583.00;83
6230;22;621789050;6230;417;7442;7524;5.28;0.32;321.02;7.12;1212;23;2584.00;82
6233;22;621789064;6233;425;7443;7525;5.33;0.32;321.06;7.12;1210;23;2585.00;82
6235;22;621789077;6235;426;7443;7525;5.31;0.32;321.11;7.12;1208;23;2586.00;82
6238;22;621789091;6238;437;7444;7525;5.28;0.32;321.22;7.12;1206;23;2587.00;81
6241;22;621789104;6241;437;7444;7525;5.30;0.32;321.39;7.12;1203;23;2588.00;81
6245;22;621789117;6245;439;7446;7525;5.27;0.32;321.59;7.14;1201;23;2589.00;79
6250;22;621789130;6250;445;7447;7525;5.19;0.32;321.55;7.14;1197;23;2590.00;78
6251;22;621789144;6251;448;7447;7525;5.15;0.31;321.67;7.14;1196;23;2591.00;78
6253;22;621789156;6253;470;7509;7652;5.28;0.33;321.66;7.08;1256;23;2592.00;143
6259;22;621789178;6259;460;7514;7653;5.23;0.32;321.86;7.08;1255;23;2593.00;139
6265;22;621789192;6265;464;7519;7653;5.21;0.32;321.88;7.08;1254;23;2594.00;134
6269;22;621789205;6269;475;7523;7653;5.22;0.32;321.96;7.08;1254;23;2595.00;130
6272;22;621789218;6272;474;7527;7653;5.23;0.32;321.99;7.07;1255;23;2596.00;126
6278;22;621789231;6278;467;7530;7653;5.21;0.32;322.20;7.07;1252;23;2597.00;123
6281;22;621789246;6281;474;7535;7653;5.19;0.32;322.38;7.07;1254;23;2598.00;118
6283;22;621789260;6283;475;7538;7653;5.15;0.32;322.53;7.07;1255;23;2599.00;115
6286;22;621789274;6286;473;7540;7654;5.13;0.32;322.56;7.07;1254;23;2600.00;114
6289;22;621789292;6289;474;7542;7655;5.17;0.32;322.68;7.07;1253;23;2601.00;113
6291;22;621789305;6291;486;7546;7655;5.24;0.32;322.67;7.08;1255;23;2602.00;109
6294;22;621789319;6294;486;7548;7656;5.25;0.32;322.77;7.08;1254;23;2603.00;108
6296;22;621789333;6296;492;7550;7656;5.22;0.32;322.86;7.08;1254;23;2604.00;106
6300;22;621789346;6300;502;7554;7656;5.21;0.32;323.05;7.08;1254;23;2605.00;102
6301;22;621789361;6301;507;7558;7656;5.26;0.32;323.03;7.08;1257;23;2606.00;98
6306;22;621789375;6306;505;7562;7660;5.31;0.33;323.22;7.08;1256;23;2607.00;98
6309;22;621789389;6309;511;7565;7660;5.30;0.33;323.18;7.09;1256;23;2608.00;95
6311;22;621789416;6311;511;7565;7660;5.27;0.32;323.24;7.09;1254;23;2609.00;95
6314;22;621789449;6314;515;7569;7666;5.31;0.33;323.32;7.08;1255;23;2610.00;97
6318;22;621789474;6318;515;7571;7666;5.32;0.33;323.37;7.09;1253;23;2611.00;95
6320;22;621789495;6320;525;7574;7666;5.33;0.33;323.30;7.10;1254;23;2612.00;92
6323;22;621789517;6323;529;7578;7670;5.34;0.33;323.42;7.09;1255;23;2613.00;92
6326;22;621789536;6326;532;7581;7671;5.33;0.33;323.59;7.10;1255;23;2614.00;90
6328;22;621789559;6328;535;7581;7671;5.25;0.32;323.55;7.10;1253;23;2615.00;90
6329;22;621789576;6329;536;7584;7675;5.25;0.32;323.60;7.10;1255;24;2616.00;91
6333;22;621789605;6333;539;7586;7675;5.23;0.32;323.59;7.10;1253;24;2617.00;89
6333;22;621789621;6333;535;7586;7675;5.22;0.32;323.59;7.10;1253;24;2618.00;89
6335;22;621789636;6335;535;7587;7676;5.25;0.32;323.65;7.10;1252;24;2619.00;89
6336;22;621789652;6336;537;7587;7676;5.26;0.32;323.62;7.10;1251;24;2620.00;89
6338;22;621789667;6338;532;7592;7682;5.26;0.32;323.66;7.09;1254;24;2621.00;90
6340;22;621789682;6340;532;7592;7682;5.25;0.32;323.80;7.09;1252;24;2622.00;90
6341;22;621789697;6341;529;7592;7683;5.27;0.32;323.82;7.09;1251;24;2623.00;91
6342;22;621789711;6342;539;7593;7683;5.21;0.32;323.81;7.10;1251;24;2624.00;90
6346;22;621789725;6346;538;7593;7683;5.10;0.31;323.74;7.10;1247;24;2625.00;90
6349;22;621789739;6349;544;7594;7683;5.03;0.31;323.78;7.11;1245;24;2626.00;89
6350;22;621789754;6350;547;7594;7683;4.98;0.30;323.78;7.11;1244;24;2627.00;89
6350;22;621789768;6350;553;7603;7695;5.01;0.31;323.78;7.10;1253;24;2628.00;92
6356;22;621789782;6356;559;7605;7695;4.94;0.30;323.77;7.10;1249;24;2629.00;90
6358;22;621789797;6358;562;7606;7695;4.95;0.30;323.78;7.10;1248;24;2630.00;89
6359;22;621789811;6359;567;7606;7695;4.90;0.30;323.78;7.10;1247;24;2631.00;89
6361;22;621789824;6361;575;7606;7695;4.86;0.30;323.86;7.10;1245;24;2632.00;89
6365;22;621789845;6365;577;7606;7695;4.82;0.30;323.89;7.10;1241;24;2633.00;89
6368;22;621789859;6368;583;7609;7699;4.78;0.29;323.78;7.10;1241;24;2634.00;90
6369;22;621789879;6369;591;7609;7699;4.75;0.29;323.74;7.10;1240;24;2635.00;90
6370;22;621789893;6370;589;7613;7703;4.71;0.29;323.69;7.10;1243;24;2636.00;90
6371;22;621789907;6371;597;7613;7704;4.65;0.28;323.70;7.10;1242;24;2637.00;91
6375;22;621789920;6375;600;7614;7704;4.61;0.28;323.80;7.10;1239;24;2638.00;90
6377;22;621789934;6377;601;7614;7704;4.55;0.28;323.79;7.10;1237;24;2639.00;90
6378;22;621789949;6378;604;7638;7733;4.54;0.28;323.77;7.07;1260;24;2640.00;95
6379;22;621789966;6379;600;7638;7733;4.53;0.28;323.77;7.07;1259;24;2641.00;95
6379;22;621789980;6379;594;7640;7733;4.58;0.28;323.77;7.07;1261;24;2642.00;93
6381;22;621789994;6381;593;7642;7734;4.60;0.28;323.77;7.07;1261;24;2643.00;92
6385;22;621790007;6385;592;7642;7735;4.61;0.28;323.64;7.07;1257;24;2644.00;93
6387;22;621790021;6387;593;7642;7735;4.60;0.28;323.77;7.07;1255;24;2645.00;93
6389;22;621790035;6389;594;7644;7738;4.60;0.28;323.76;7.07;1255;24;2646.00;94
6390;22;621790049;6390;593;7644;7738;4.60;0.28;323.73;7.07;1254;24;2647.00;94
6392;22;621790062;6392;596;7645;7738;4.59;0.28;323.73;7.07;1253;24;2648.00;93
6393;22;621790076;6393;593;7645;7738;4.58;0.28;323.70;7.07;1252;24;2649.00;93
6395;22;621790089;6395;588;7650;7744;4.58;0.28;323.72;7.06;1255;24;2650.00;94
6397;22;621790103;6397;566;7650;7744;4.57;0.28;323.74;7.06;1253;24;2651.00;94
6398;22;621790116;6398;551;7650;7744;4.56;0.28;323.82;7.06;1252;24;2652.00;94
6402;22;621790129;6402;544;7650;7744;4.53;0.28;323.91;7.06;1248;24;2653.00;94
6405;22;621790143;6405;536;7653;7748;4.55;0.28;323.90;7.06;1248;24;2654.00;95
6406;22;621790157;6406;533;7657;7750;4.59;0.28;323.92;7.14;1251;24;2655.00;93
6411;22;621790173;6411;528;7657;7750;4.61;0.28;324.15;7.14;1246;24;2656.00;93
6412;22;621790187;6412;519;7658;7751;4.72;0.29;324.15;7.14;1246;24;2657.00;93
6415;22;621790207;6415;510;7658;7751;4.80;0.29;324.16;7.14;1243;24;2658.00;93
6417;22;621790222;6417;506;7658;7751;4.89;0.30;324.08;7.14;1241;24;2659.00;93
6419;22;621790236;6419;506;7658;7751;4.93;0.30;324.03;7.14;1239;24;2660.00;93
6420;22;621790250;6420;500;7658;7751;4.98;0.30;324.03;7.14;1238;24;2661.00;93
6422;22;621790264;6422;496;7658;7751;5.05;0.31;324.01;7.14;1236;24;2662.00;93
6423;22;621790278;6423;492;7658;7751;5.14;0.31;324.03;7.14;1235;24;2663.00;93
6426;22;621790292;6426;492;7692;7821;5.37;0.33;323.99;7.11;1266;24;2664.00;129
6428;22;621790320;6428;495;7695;7822;5.39;0.33;323.97;7.11;1267;24;2665.00;127
6430;22;621790334;6430;487;7703;7822;5.40;0.33;323.88;7.10;1273;24;2666.00;119
6431;22;621790348;6431;481;7706;7822;5.38;0.33;323.85;7.10;1275;24;2667.00;116
6433;22;621790362;6433;477;7710;7822;5.41;0.33;323.85;7.10;1277;24;2668.00;112
6434;22;621790376;6434;479;7715;7822;5.45;0.33;323.81;7.10;1281;24;2669.00;107
6435;22;621790393;6435;472;7717;7822;5.49;0.33;323.82;7.09;1282;24;2670.00;105
6438;22;621790414;6438;483;7719;7822;5.51;0.33;323.80;7.09;1281;24;2671.00;103
6439;22;621790431;6439;471;7720;7823;5.53;0.34;323.76;7.10;1281;24;2672.00;103
6440;22;621790445;6440;472;7722;7824;5.52;0.34;323.79;7.10;1282;24;2673.00;102
6443;22;621790459;6443;476;7725;7824;5.51;0.34;323.90;7.10;1282;24;2674.00;99
6446;22;621790473;6446;468;7729;7828;5.49;0.33;323.89;7.09;1283;24;2675.00;99
6447;22;621790488;6447;471;7730;7828;5.50;0.33;324.01;7.09;1283;24;2676.00;98
6450;22;621790501;6450;470;7730;7828;5.49;0.33;324.10;7.09;1280;24;2677.00;98
6452;22;621790515;6452;472;7730;7828;5.49;0.33;324.27;7.09;1278;24;2678.00;98
6455;22;621790529;6455;467;7735;7834;5.53;0.34;324.36;7.09;1280;24;2679.00;99
6458;22;621790543;6458;465;7735;7834;5.58;0.34;324.35;7.09;1277;24;2680.00;99
6459;22;621790557;6459;475;7735;7834;5.55;0.34;324.33;7.09;1276;24;2681.00;99
6462;22;621790571;6462;478;7738;7837;5.61;0.34;324.46;7.14;1276;24;2682.00;99
6465;22;621790585;6465;487;7739;7837;5.63;0.34;324.57;7.13;1274;24;2683.00;98
6471;22;621790599;6471;487;7739;7837;5.59;0.34;324.80;7.13;1268;24;2684.00;98
6472;22;621790613;6472;504;7740;7838;5.56;0.34;324.80;7.18;1268;24;2685.00;98
6474;22;621790626;6474;508;7741;7839;5.48;0.33;325.01;7.18;1267;24;2686.00;98
6476;22;621790640;6476;508;7741;7839;5.42;0.33;325.06;7.18;1265;24;2687.00;98
6478;22;621790655;6478;518;7754;7852;5.38;0.33;325.09;7.27;1276;24;2688.00;98
6481;22;621790669;6481;521;7754;7852;5.33;0.32;325.11;7.27;1273;24;2689.00;98
6484;22;621790683;6484;524;7755;7852;5.28;0.32;325.24;7.31;1271;24;2690.00;97
6484;22;621790697;6484;515;7756;7853;5.28;0.32;325.24;7.31;1272;24;2691.00;97
6486;22;621790710;6486;516;7757;7853;5.23;0.32;325.42;7.36;1271;24;2692.00;96
6489;22;621790730;6489;520;7762;7857;5.25;0.32;325.50;7.40;1273;24;2693.00;95
6490;22;621790758;6490;515;7763;7857;5.25;0.32;325.48;7.45;1273;24;2694.00;94
6492;22;621790772;6492;516;7766;7861;5.22;0.32;325.64;7.44;1274;24;2695.00;95
6492;22;621790786;6492;515;7767;7861;5.24;0.32;325.64;7.49;1275;24;2696.00;94
6496;22;621790799;6496;518;7767;7861;5.26;0.32;325.61;7.49;1271;24;2697.00;94
6497;22;621790812;6497;526;7767;7861;5.29;0.32;325.58;7.49;1270;24;2698.00;94
6500;22;621790825;6500;517;7768;7861;5.31;0.32;325.54;7.53;1268;24;2699.00;93
6502;22;621790841;6502;515;7795;7910;5.40;0.33;325.58;7.51;1293;24;2700.00;115
6503;22;621790863;6503;518;7798;7910;5.45;0.33;325.68;7.51;1295;24;2701.00;112
6506;22;621790876;6506;507;7802;7910;5.46;0.34;325.82;7.59;1296;24;2702.00;108
6508;22;621790890;6508;504;7802;7910;5.51;0.34;325.95;7.59;1294;24;2703.00;108
6510;22;621790904;6510;502;7806;7910;5.52;0.34;325.92;7.68;1296;24;2704.00;104
6514;22;621790917;6514;501;7806;7910;5.53;0.34;326.05;7.68;1292;25;2705.00;104
6518;22;621790937;6518;497;7807;7911;5.52;0.34;326.25;7.68;1289;25;2706.00;104
6521;22;621790951;6521;493;7811;7911;5.49;0.34;326.21;7.77;1290;25;2707.00;100
6523;22;621790966;6523;487;7815;7917;5.56;0.34;326.36;7.77;1292;25;2708.00;102
6525;22;621790979;6525;496;7818;7918;5.56;0.34;326.41;7.85;1293;25;2709.00;100
6528;22;621790993;6528;495;7818;7918;5.55;0.34;326.41;7.85;1290;25;2710.00;100
6532;22;621791006;6532;495;7819;7918;5.50;0.33;326.57;7.89;1287;25;2711.00;99
6537;22;621791020;6537;501;7823;7922;5.42;0.33;326.79;7.89;1286;25;2712.00;99
6540;22;621791033;6540;501;7825;7922;5.35;0.33;326.79;7.93;1285;25;2713.00;97
6543;22;621791047;6543;507;7826;7922;5.31;0.32;326.94;7.97;1283;25;2714.00;96
6546;22;621791064;6546;515;7828;7923;5.30;0.32;327.01;8.01;1282;25;2715.00;95
6552;22;621791079;6552;518;7831;7927;5.23;0.32;327.01;8.00;1279;25;2716.00;96
6553;22;621791093;6553;521;7832;7927;5.21;0.32;327.09;8.01;1279;25;2717.00;95
6559;22;621791106;6559;529;7835;7930;5.15;0.32;327.19;8.01;1276;25;2718.00;95
6562;22;621791120;6562;534;7835;7930;5.08;0.31;327.40;8.01;1273;25;2719.00;95
6564;22;621791132;6564;530;7836;7930;5.03;0.31;327.36;8.00;1272;25;2720.00;94
6568;22;621791146;6568;521;7836;7930;4.95;0.30;327.38;8.00;1268;25;2721.00;94
6570;22;621791158;6570;513;7839;7934;4.94;0.30;327.55;8.00;1269;25;2722.00;95
6574;22;621791172;6574;504;7840;7934;4.96;0.30;327.53;8.00;1266;25;2723.00;94
6576;22;621791185;6576;505;7841;7934;4.95;0.30;327.58;8.01;1265;25;2724.00;93
6582;22;621791198;6582;501;7841;7934;4.96;0.30;327.60;8.01;1259;25;2725.00;93
6589;22;621791212;6589;506;7841;7935;4.99;0.30;327.73;8.01;1252;25;2726.00;94
6592;22;621791226;6592;496;7842;7936;4.99;0.30;327.76;8.00;1250;25;2727.00;94
6594;22;621791240;6594;495;7842;7936;5.06;0.31;327.80;8.00;1248;25;2728.00;94
6597;22;621791253;6597;483;7843;7937;5.13;0.31;327.82;8.00;1246;25;2729.00;94
6602;22;621791268;6602;482;7843;7937;5.17;0.32;327.97;8.00;1241;25;2730.00;94
6605;22;621791282;6605;478;7844;7937;5.21;0.32;328.11;8.01;1239;25;2731.00;93
6611;22;621791295;6611;476;7844;7937;5.21;0.32;328.30;8.01;1233;25;2732.00;93
6615;22;621791309;6615;472;7844;7937;5.24;0.32;328.30;8.01;1229;25;2733.00;93
6620;22;621791322;6620;472;7844;7937;5.27;0.32;328.53;8.01;1224;25;2734.00;93
6623;22;621791336;6623;472;7844;7937;5.29;0.32;328.55;8.01;1221;25;2735.00;93
6626;22;621791350;6626;478;7904;8064;5.44;0.34;328.61;7.95;1278;25;2736.00;160
6632;22;621791372;6632;474;7909;8065;5.45;0.34;328.63;7.95;1277;25;2737.00;156
6636;22;621791387;6636;471;7913;8065;5.51;0.34;328.71;7.94;1277;25;2738.00;152
6639;22;621791400;6639;472;7915;8065;5.53;0.34;328.70;7.95;1276;25;2739.00;150
6643;22;621791420;6643;473;7918;8065;5.52;0.34;328.82;7.95;1275;25;2740.00;147
6647;22;621791443;6647;473;7918;8065;5.43;0.34;328.87;7.95;1271;25;2741.00;147
6649;22;621791466;6649;490;7922;8065;5.38;0.33;328.94;7.94;1273;25;2742.00;143
6654;22;621791487;6654;490;7923;8065;5.25;0.32;329.05;7.94;1269;25;2743.00;142
6658;22;621791507;6658;492;7928;8066;5.20;0.32;329.23;7.94;1270;25;2744.00;138
6661;22;621791528;6661;498;7931;8068;5.17;0.32;329.33;7.94;1270;25;2745.00;137
6666;22;621791544;6666;504;7934;8068;5.12;0.32;329.51;7.94;1268;25;2746.00;134
6671;22;621791559;6671;505;7937;8069;5.10;0.32;329.46;7.95;1266;25;2747.00;132
6676;22;621791574;6676;515;7941;8069;5.09;0.31;329.61;7.95;1265;25;2748.00;128
6679;22;621791599;6679;519;7944;8069;5.08;0.31;329.81;7.95;1265;25;2749.00;125
6681;22;621791614;6681;523;7947;8069;5.07;0.31;329.81;7.96;1266;25;2750.00;122
6684;22;621791632;6684;529;7951;8073;5.03;0.31;329.90;7.96;1267;25;2751.00;122
6689;22;621791649;6689;530;7953;8073;4.99;0.31;329.87;7.96;1264;25;2752.00;120
6693;22;621791665;6693;534;7954;8073;4.99;0.31;329.92;7.96;1261;25;2753.00;119
6695;22;621791680;6695;538;7959;8076;5.04;0.31;330.06;7.96;1264;25;2754.00;117
6700;22;621791696;6700;534;7960;8076;5.04;0.31;330.24;7.97;1260;25;2755.00;116
6702;22;621791711;6702;542;7962;8076;5.05;0.31;330.16;7.97;1260;25;2756.00;114
6707;22;621791726;6707;546;7966;8080;5.04;0.31;330.21;7.96;1259;25;2757.00;114
6711;22;621791740;6711;551;7967;8081;5.01;0.31;330.34;7.96;1256;25;2758.00;114
6716;22;621791755;6716;552;7972;8081;4.94;0.30;330.34;7.97;1256;25;2759.00;109
6719;22;621791771;6719;559;7976;8086;4.87;0.30;330.37;7.97;1257;25;2760.00;110
6727;22;621791786;6727;568;7978;8086;4.79;0.29;330.38;7.97;1251;25;2761.00;108
6729;22;621791801;6729;578;7979;8086;4.78;0.29;330.39;7.97;1250;25;2762.00;107
6734;22;621791815;6734;587;7981;8087;4.70;0.29;330.55;7.97;1247;25;2763.00;106
6738;22;621791829;6738;596;7982;8087;4.66;0.28;330.61;7.97;1244;25;2764.00;105
6741;22;621791843;6741;602;7986;8093;4.60;0.28;330.67;7.97;1245;25;2765.00;107
6745;22;621791857;6745;615;7988;8093;4.58;0.28;330.84;7.97;1243;25;2766.00;105
6752;22;621791871;6752;605;7988;8094;4.49;0.27;330.91;7.97;1236;25;2767.00;106
6752;22;621791886;6752;597;7988;8094;4.47;0.27;330.91;7.97;1236;25;2768.00;106
6755;22;621791900;6755;596;7990;8094;4.42;0.27;330.97;7.98;1235;25;2769.00;104
6755;22;621791914;6755;596;7990;8094;4.45;0.27;330.97;7.98;1235;25;2770.00;104
6760;22;621791928;6760;601;7990;8094;4.41;0.27;330.88;7.98;1230;25;2771.00;104
6763;22;621791942;6763;600;7999;8106;4.49;0.27;330.92;7.97;1236;25;2772.00;107
6765;22;621791958;6765;604;8000;8106;4.52;0.27;330.91;7.97;1235;25;2773.00;106
6768;22;621791972;6768;606;8001;8106;4.50;0.27;330.84;7.97;1233;25;2774.00;105
6768;22;621791986;6768;605;8001;8106;4.51;0.28;330.84;7.97;1233;25;2775.00;105
6770;22;621792000;6770;587;8001;8106;4.54;0.28;330.88;7.97;1231;25;2776.00;105
6771;22;621792014;6771;578;8001;8106;4.60;0.28;330.89;7.97;1230;25;2777.00;105
6773;22;621792029;6773;572;8004;8110;4.66;0.29;330.98;7.96;1231;25;2778.00;106
6775;22;621792043;6775;568;8004;8110;4.71;0.29;330.91;7.96;1229;25;2779.00;106
6776;22;621792057;6776;566;8008;8114;4.78;0.29;330.95;7.96;1232;25;2780.00;106
6778;22;621792071;6778;558;8009;8115;4.83;0.30;330.93;7.96;1231;25;2781.00;106
6781;22;621792087;6781;550;8009;8115;4.84;0.30;331.00;7.96;1228;25;2782.00;106
6786;22;621792102;6786;553;8009;8115;4.80;0.29;331.03;7.96;1223;25;2783.00;106
6787;22;621792117;6787;556;8020;8128;4.91;0.30;331.05;7.95;1233;25;2784.00;108
6791;22;621792134;6791;564;8020;8128;4.88;0.30;331.05;7.95;1229;25;2785.00;108
6794;22;621792148;6794;564;8020;8128;4.87;0.30;330.99;7.95;1226;25;2786.00;108
6798;22;621792162;6798;563;8021;8129;4.90;0.30;330.96;7.95;1223;25;2787.00;108
6802;22;621792176;6802;558;8021;8130;4.89;0.30;330.96;7.95;1219;25;2788.00;109
6802;22;621792190;6802;558;8021;8130;4.93;0.30;330.96;7.95;1219;25;2789.00;109
6803;22;621792206;6803;557;8025;8136;4.96;0.30;330.96;7.94;1222;25;2790.00;111
6804;22;621792221;6804;553;8025;8136;4.96;0.30;330.97;7.94;1221;25;2791.00;111
6806;22;621792236;6806;550;8027;8136;4.94;0.30;331.00;7.94;1221;25;2792.00;109
6809;22;621792250;6809;553;8028;8136;4.87;0.29;330.93;7.95;1219;25;2793.00;108
6810;22;621792264;6810;557;8033;8142;4.87;0.29;330.89;7.94;1223;25;2794.00;109
6814;22;621792278;6814;555;8033;8142;4.81;0.29;330.87;7.94;1219;25;2795.00;109
6817;22;621792293;6817;564;8033;8142;4.76;0.29;330.87;7.94;1216;25;2796.00;109
6818;22;621792305;6818;565;8033;8142;4.72;0.29;330.87;7.94;1215;25;2797.00;109
6819;22;621792319;6819;565;8036;8146;4.64;0.28;330.86;7.94;1217;25;2798.00;110
6820;22;621792333;6820;569;8037;8147;4.64;0.28;330.83;7.94;1217;25;2799.00;110
6823;22;621792347;6823;568;8037;8147;4.61;0.28;330.77;7.94;1214;25;2800.00;110
6824;22;621792366;6824;574;8038;8148;4.59;0.28;330.78;7.94;1214;25;2801.00;110
6825;22;621792381;6825;571;8038;8148;4.54;0.28;330.77;7.94;1213;25;2802.00;110
6825;22;621792395;6825;561;8038;8148;4.52;0.27;330.77;7.94;1213;25;2803.00;110
6826;22;621792415;6826;547;8038;8148;4.54;0.28;330.81;7.94;1212;25;2804.00;110
6826;22;621792430;6826;541;8038;8148;4.56;0.28;330.81;7.94;1212;25;2805.00;110
6827;22;621792445;6827;533;8038;8148;4.56;0.28;330.79;7.94;1211;25;2806.00;110
6828;22;621792459;6828;524;8038;8148;4.58;0.28;330.77;7.94;1210;25;2807.00;110
6828;22;621792472;6828;529;8073;8218;4.67;0.29;330.77;7.91;1245;25;2808.00;145
6830;22;621792491;6830;520;8074;8219;4.68;0.29;330.81;7.91;1244;25;2809.00;145
6832;22;621792504;6832;506;8081;8219;4.78;0.29;330.81;7.91;1249;25;2810.00;138
6833;22;621792518;6833;498;8083;8219;4.81;0.29;330.82;7.91;1250;25;2811.00;136
6834;22;621792532;6834;493;8087;8219;4.88;0.30;330.82;7.91;1253;25;2812.00;132
6835;22;621792551;6835;484;8089;8219;4.96;0.30;330.82;7.90;1254;25;2813.00;130
6836;22;621792564;6836;475;8092;8219;5.05;0.31;330.83;7.90;1256;25;2814.00;127
6841;22;621792577;6841;465;8095;8219;5.13;0.31;330.90;7.90;1254;25;2815.00;124
6843;22;621792591;6843;457;8097;8220;5.18;0.31;330.88;7.90;1254;25;2816.00;123
6845;22;621792605;6845;456;8100;8221;5.20;0.32;330.90;7.90;1255;25;2817.00;121
6847;22;621792619;6847;454;8103;8221;5.24;0.32;330.92;7.90;1256;25;2818.00;118
6849;22;621792632;6849;448;8107;8225;5.24;0.32;330.92;7.90;1258;25;2819.00;118
6850;22;621792647;6850;452;8107;8225;5.28;0.32;330.92;7.90;1257;25;2820.00;118
6853;22;621792660;6853;453;8107;8225;5.25;0.32;330.93;7.90;1254;25;2821.00;118
6853;22;621792673;6853;452;8107;8225;5.27;0.32;330.93;7.90;1254;25;2822.00;118
6854;22;621792686;6854;447;8111;8231;5.30;0.32;330.99;7.90;1257;25;2823.00;120
6856;22;621792700;6856;439;8112;8231;5.34;0.32;331.11;7.90;1256;25;2824.00;119
6858;22;621792713;6858;429;8114;8231;5.41;0.33;331.14;8.00;1256;25;2825.00;117
6859;22;621792728;6859;426;8116;8234;5.48;0.33;331.15;8.00;1257;25;2826.00;118
6861;22;621792743;6861;423;8117;8234;5.52;0.33;331.29;8.00;1256;25;2827.00;117
6865;22;621792757;6865;420;8117;8234;5.53;0.33;331.32;8.00;1252;25;2828.00;117
6870;22;621792775;6870;413;8117;8235;5.49;0.33;331.32;8.00;1247;25;2829.00;118
6874;22;621792789;6874;415;8118;8236;5.52;0.33;331.38;8.00;1244;25;2830.00;118
6875;22;621792802;6875;414;8118;8236;5.55;0.34;331.38;8.00;1243;25;2831.00;118
6879;22;621792815;6879;417;8127;8249;5.58;0.34;331.62;7.99;1248;25;2832.00;122
6881;22;621792829;6881;415;8128;8249;5.58;0.34;331.59;7.99;1247;25;2833.00;121
6883;22;621792843;6883;412;8129;8249;5.66;0.34;331.62;7.99;1246;25;2834.00;120
6885;22;621792856;6885;409;8131;8251;5.72;0.35;331.57;7.99;1246;25;2835.00;120
6888;22;621792869;6888;408;8131;8251;5.75;0.35;331.57;7.99;1243;25;2836.00;120
6890;22;621792882;6890;406;8136;8255;5.81;0.35;331.55;7.99;1246;25;2837.00;119
6894;22;621792896;6894;410;8136;8255;5.85;0.35;331.57;7.99;1242;25;2838.00;119
6896;22;621792910;6896;418;8139;8259;5.82;0.35;331.61;7.99;1243;25;2839.00;120
6897;22;621792923;6897;421;8141;8259;5.82;0.35;331.62;7.99;1244;25;2840.00;118
6898;22;621792936;6898;414;8141;8259;5.79;0.35;331.64;7.99;1243;25;2841.00;118
6899;22;621792950;6899;415;8141;8259;5.79;0.35;331.66;7.99;1242;25;2842.00;118
6902;22;621792964;6902;420;8142;8259;5.73;0.35;331.68;7.99;1240;25;2843.00;117
6904;22;621792977;6904;422;8152;8271;5.72;0.35;331.68;7.98;1248;25;2844.00;119
6904;22;621792991;6904;424;8153;8271;5.72;0.35;331.68;7.98;1249;25;2845.00;118
6907;22;621793004;6907;427;8153;8271;5.68;0.35;331.71;7.98;1246;25;2846.00;118
6910;22;621793017;6910;423;8153;8271;5.70;0.35;331.70;7.98;1243;25;2847.00;118
6910;22;621793031;6910;433;8153;8271;5.79;0.35;331.70;7.98;1243;25;2848.00;118
6913;22;621793044;6913;431;8153;8271;5.77;0.35;331.71;7.98;1240;25;2849.00;118
6914;22;621793059;6914;436;8157;8274;5.75;0.35;331.75;8.09;1243;25;2850.00;117
6916;22;621793078;6916;430;8157;8274;5.75;0.35;331.70;8.09;1241;25;2851.00;117
6916;22;621793091;6916;434;8162;8280;5.77;0.35;331.70;8.08;1246;25;2852.00;118
6918;22;621793106;6918;440;8163;8281;5.78;0.35;331.70;8.08;1245;25;2853.00;118
6919;22;621793119;6919;443;8164;8281;5.79;0.35;331.65;8.14;1245;25;2854.00;117
6920;22;621793133;6920;450;8165;8281;5.79;0.35;331.62;8.19;1245;25;2855.00;116
6922;22;621793146;6922;443;8168;8285;5.79;0.35;331.69;8.19;1246;25;2856.00;117
6924;22;621793160;6924;449;8169;8285;5.74;0.35;331.72;8.24;1245;25;2857.00;116
6928;22;621793174;6928;448;8169;8285;5.66;0.35;331.89;8.24;1241;25;2858.00;116
6930;22;621793187;6930;452;8171;8286;5.61;0.34;332.00;8.29;1241;25;2859.00;115
6933;22;621793206;6933;454;8175;8290;5.59;0.34;332.05;8.34;1242;25;2860.00;115
6936;22;621793220;6936;453;8177;8290;5.54;0.34;332.11;8.45;1241;25;2861.00;113
6939;22;621793233;6939;461;8180;8293;5.56;0.34;332.25;8.49;1241;25;2862.00;113
6943;22;621793247;6943;465;8180;8293;5.57;0.34;332.44;8.49;1237;25;2863.00;113
6945;22;621793261;6945;469;8184;8295;5.61;0.34;332.40;8.54;1239;25;2864.00;111
6947;22;621793274;6947;470;8184;8295;5.63;0.34;332.39;8.54;1237;25;2865.00;111
6949;22;621793287;6949;476;8189;8299;5.69;0.35;332.54;8.59;1240;25;2866.00;110
6951;22;621793301;6951;479;8189;8299;5.71;0.35;332.55;8.59;1238;25;2867.00;110
6952;22;621793314;6952;483;8192;8299;5.73;0.35;332.52;8.74;1240;25;2868.00;107
6956;22;621793327;6956;478;8192;8299;5.72;0.35;332.63;8.74;1236;25;2869.00;107
6958;22;621793341;6958;469;8192;8300;5.75;0.35;332.63;8.74;1234;25;2870.00;108
6960;22;621793355;6960;466;8194;8301;5.73;0.35;332.69;8.79;1234;25;2871.00;107
6961;22;621793368;6961;460;8194;8301;5.74;0.35;332.81;8.79;1233;25;2872.00;107
6962;22;621793381;6962;463;8197;8302;5.78;0.35;332.78;8.89;1235;25;2873.00;105
6966;22;621793396;6966;462;8198;8302;5.78;0.35;332.88;8.93;1232;25;2874.00;104
6966;22;621793413;6966;461;8198;8302;5.78;0.35;332.88;8.93;1232;25;2875.00;104
6969;22;621793435;6969;454;8199;8302;5.76;0.35;332.83;8.98;1230;25;2876.00;103
6972;22;621793460;6972;459;8199;8302;5.77;0.35;332.87;8.98;1227;25;2877.00;103
6975;22;621793481;6975;459;8202;8302;5.77;0.35;332.95;9.13;1227;25;2878.00;100
6978;22;621793502;6978;453;8202;8302;5.81;0.35;333.08;9.13;1224;25;2879.00;100
6981;22;621793530;6981;489;8302;8532;5.93;0.37;333.15;9.02;1321;25;2880.00;230
6983;22;621793566;6983;476;8308;8533;5.97;0.37;333.14;9.06;1325;25;2881.00;225
6987;22;621793584;6987;470;8321;8533;5.97;0.37;333.27;9.18;1334;25;2882.00;212
6991;22;621793606;6991;475;8326;8533;5.92;0.37;333.28;9.18;1335;25;2883.00;207
6995;22;621793623;6995;476;8333;8533;5.91;0.37;333.47;9.22;1338;25;2884.00;200
7000;22;621793640;7000;476;8336;8533;5.87;0.36;333.53;9.22;1336;25;2885.00;197
7004;22;621793656;7004;479;8344;8533;5.80;0.36;333.69;9.30;1340;25;2886.00;189
7009;22;621793671;7009;483;8352;8533;5.71;0.35;333.78;9.34;1343;25;2887.00;181
7011;22;621793686;7011;487;8356;8534;5.64;0.35;333.80;9.34;1345;25;2888.00;178
7014;22;621793700;7014;490;8361;8535;5.59;0.35;333.84;9.39;1347;25;2889.00;174
7018;22;621793714;7018;480;8369;8535;5.50;0.34;333.94;9.39;1351;25;2890.00;166
7024;22;621793728;7024;488;8372;8536;5.42;0.33;334.11;9.43;1348;25;2891.00;164
7028;22;621793743;7028;486;8376;8536;5.34;0.33;334.10;9.43;1348;25;2892.00;160
7030;22;621793758;7030;493;8378;8536;5.26;0.33;334.19;9.43;1348;25;2893.00;158
7035;22;621793772;7035;499;8381;8536;5.15;0.32;334.40;9.44;1346;25;2894.00;155
7039;22;621793792;7039;515;8385;8540;5.09;0.31;334.40;9.43;1346;25;2895.00;155
7043;22;621793807;7043;532;8388;8540;5.02;0.31;334.40;9.44;1345;25;2896.00;152
7045;22;621793821;7045;524;8389;8540;4.98;0.31;334.43;9.44;1344;25;2897.00;151
7047;22;621793837;7047;524;8392;8543;4.99;0.31;334.43;9.44;1345;25;2898.00;151
7049;22;621793852;7049;524;8393;8543;4.95;0.30;334.52;9.44;1344;25;2899.00;150
7052;22;621793867;7052;530;8395;8543;4.95;0.30;334.57;9.44;1343;25;2900.00;148
7055;22;621793885;7055;531;8403;8547;4.90;0.30;334.54;9.45;1348;25;2901.00;144
7058;22;621793900;7058;538;8405;8548;4.89;0.30;334.56;9.45;1347;25;2902.00;143
7063;22;621793914;7063;536;8408;8548;4.91;0.30;334.75;9.46;1345;25;2903.00;140
7066;22;621793930;7066;540;8410;8552;4.92;0.30;334.74;9.46;1344;25;2904.00;142
7073;22;621793946;7073;530;8414;8552;4.91;0.30;334.95;9.46;1341;25;2905.00;138
7075;22;621793962;7075;526;8415;8552;4.97;0.31;335.03;9.46;1340;25;2906.00;137
7082;22;621793977;7082;515;8417;8553;4.95;0.30;335.25;9.46;1335;25;2907.00;136
7083;22;621793993;7083;515;8418;8553;4.95;0.30;335.28;9.46;1335;25;2908.00;135
7090;22;621794008;7090;514;8424;8559;4.94;0.30;335.36;9.46;1334;25;2909.00;135
7092;22;621794025;7092;519;8425;8559;4.88;0.30;335.45;9.46;1333;25;2910.00;134
7097;22;621794040;7097;516;8425;8560;4.84;0.30;335.47;9.46;1328;25;2911.00;135
7104;22;621794055;7104;512;8425;8560;4.77;0.29;335.66;9.46;1321;25;2912.00;135
7105;22;621794076;7105;515;8425;8560;4.75;0.29;335.63;9.46;1320;25;2913.00;135
7108;22;621794090;7108;518;8425;8560;4.73;0.29;335.64;9.46;1317;25;2914.00;135
7110;22;621794104;7110;522;8426;8560;4.69;0.29;335.71;9.47;1316;25;2915.00;134
7116;22;621794118;7116;520;8434;8572;4.68;0.29;336.05;9.46;1318;25;2916.00;138
7121;22;621794133;7121;530;8434;8572;4.63;0.28;336.09;9.46;1313;25;2917.00;138
7126;22;621794147;7126;541;8436;8572;4.55;0.28;336.18;9.46;1310;25;2918.00;136
7130;22;621794161;7130;553;8436;8572;4.49;0.27;336.32;9.46;1306;25;2919.00;136
7135;22;621794174;7135;568;8437;8572;4.41;0.27;336.40;9.46;1302;25;2920.00;135
7136;22;621794188;7136;574;8437;8572;4.44;0.27;336.51;9.46;1301;25;2921.00;135
7143;22;621794201;7143;568;8441;8576;4.39;0.27;336.67;9.46;1298;25;2922.00;135
7149;22;621794216;7149;575;8442;8576;4.30;0.26;336.74;9.47;1293;25;2923.00;134
7151;22;621794229;7151;581;8446;8580;4.32;0.26;336.71;9.47;1295;25;2924.00;134
7156;22;621794243;7156;584;8448;8582;4.30;0.26;336.66;9.47;1292;25;2925.00;134
7159;22;621794257;7159;588;8450;8582;4.28;0.26;336.75;9.48;1291;25;2926.00;132
7163;22;621794272;7163;592;8451;8582;4.25;0.26;336.72;9.48;1288;25;2927.00;131
7165;22;621794285;7165;591;8459;8595;4.34;0.26;336.73;9.47;1294;25;2928.00;136
7168;22;621794300;7168;595;8461;8595;4.35;0.27;336.78;9.47;1293;25;2929.00;134
7169;22;621794313;7169;591;8462;8595;4.31;0.26;336.88;9.47;1293;25;2930.00;133
7171;22;621794335;7171;603;8463;8596;4.29;0.26;336.87;9.47;1292;25;2931.00;133
7174;22;621794349;7174;602;8465;8597;4.25;0.26;337.03;9.48;1291;25;2932.00;132
7178;22;621794362;7178;605;8465;8597;4.17;0.25;337.00;9.48;1287;25;2933.00;132
7180;22;621794376;7180;615;8467;8600;4.14;0.25;337.05;9.47;1287;25;2934.00;133
7184;22;621794390;7184;609;8468;8600;4.11;0.25;337.05;9.48;1284;25;2935.00;132
7188;22;621794403;7188;607;8469;8600;4.05;0.25;337.03;9.47;1281;25;2936.00;131
7189;22;621794418;7189;598;8469;8600;4.06;0.25;336.99;9.47;1280;25;2937.00;131
7193;22;621794431;7193;582;8474;8606;4.06;0.25;336.97;9.47;1281;25;2938.00;132
7196;22;621794445;7196;584;8474;8606;4.08;0.25;336.94;9.47;1278;25;2939.00;132
7196;22;621794461;7196;570;8476;8606;4.10;0.25;336.94;9.47;1280;25;2940.00;130
7198;22;621794474;7198;573;8477;8606;4.13;0.25;336.92;9.47;1279;25;2941.00;129
7202;22;621794487;7202;562;8480;8610;4.15;0.25;336.94;9.47;1278;25;2942.00;130
7207;22;621794501;7207;567;8481;8611;4.15;0.25;336.85;9.47;1274;25;2943.00;130
7209;22;621794514;7209;569;8482;8611;4.13;0.25;336.83;9.47;1273;25;2944.00;129
7212;22;621794527;7212;569;8483;8612;4.16;0.26;336.77;9.47;1271;25;2945.00;129
7216;22;621794546;7216;560;8483;8612;4.17;0.26;336.82;9.47;1267;25;2946.00;129
7218;22;621794559;7218;551;8483;8612;4.20;0.26;336.77;9.47;1265;25;2947.00;129
7218;22;621794572;7218;542;8483;8612;4.24;0.26;336.77;9.47;1265;25;2948.00;129
7224;22;621794585;7224;532;8483;8612;4.22;0.26;336.73;9.47;1259;25;2949.00;129
7228;22;621794598;7228;525;8483;8612;4.22;0.26;336.79;9.47;1255;25;2950.00;129
7228;22;621794617;7228;533;8483;8612;4.25;0.26;336.79;9.47;1255;25;2951.00;129
7229;22;621794630;7229;530;8518;8682;4.46;0.27;336.77;9.43;1289;25;2952.00;164
7233;22;621794650;7233;535;8518;8683;4.52;0.28;336.78;9.43;1285;25;2953.00;165
7235;22;621794663;7235;535;8525;8683;4.63;0.28;336.76;9.43;1290;25;2954.00;158
7239;22;621794677;7239;530;8526;8683;4.73;0.29;336.69;9.43;1287;25;2955.00;157
7241;22;621794691;7241;522;8529;8683;4.81;0.29;336.79;9.42;1288;25;2956.00;154
7241;22;621794711;7241;513;8530;8683;4.89;0.30;336.79;9.42;1289;25;2957.00;153
7243;22;621794725;7243;508;8534;8683;4.95;0.30;336.82;9.43;1291;25;2958.00;149
7246;22;621794739;7246;502;8537;8683;4.98;0.30;336.81;9.43;1291;25;2959.00;146
7248;22;621794754;7248;499;8539;8684;5.02;0.31;336.84;9.43;1291;25;2960.00;145
7249;22;621794768;7249;491;8542;8685;5.08;0.31;336.84;9.43;1293;25;2961.00;143
7250;22;621794788;7250;486;8544;8685;5.07;0.31;336.85;9.43;1294;25;2962.00;141
7253;22;621794802;7253;482;8548;8689;5.07;0.31;336.80;9.43;1295;25;2963.00;141
7254;22;621794818;7254;492;8549;8689;5.07;0.31;336.87;9.42;1295;25;2964.00;140
7256;22;621794833;7256;493;8549;8689;5.06;0.31;336.87;9.42;1293;25;2965.00;140
7256;22;621794847;7256;497;8549;8689;5.08;0.31;336.87;9.42;1293;25;2966.00;140
7257;22;621794861;7257;493;8553;8695;5.14;0.31;336.87;9.42;1296;25;2967.00;142
7257;22;621794877;7257;497;8553;8695;5.15;0.31;336.87;9.42;1296;25;2968.00;142
7260;22;621794891;7260;502;8553;8695;5.10;0.31;336.86;9.42;1293;25;2969.00;142
7260;22;621794914;7260;502;8557;8701;5.15;0.31;336.86;9.42;1297;25;2970.00;144
7260;22;621794928;7260;498;8557;8701;5.21;0.32;336.86;9.42;1297;25;2971.00;144
7261;22;621794943;7261;496;8559;8701;5.26;0.32;336.85;9.41;1298;25;2972.00;142
7263;22;621794963;7263;497;8560;8702;5.29;0.32;336.82;9.42;1297;25;2973.00;142
7263;22;621794978;7263;494;8561;8703;5.36;0.33;336.82;9.42;1298;25;2974.00;142
7265;22;621794998;7265;496;8561;8703;5.41;0.33;336.77;9.42;1296;25;2975.00;142
7268;22;621795014;7268;491;8570;8716;5.43;0.33;336.83;9.41;1302;25;2976.00;146
7270;22;621795030;7270;483;8570;8716;5.39;0.33;336.81;9.41;1300;25;2977.00;146
7273;22;621795045;7273;474;8570;8716;5.41;0.33;337.00;9.41;1297;25;2978.00;146
7276;22;621795059;7276;474;8571;8717;5.40;0.33;337.02;9.41;1295;25;2979.00;146
7280;22;621795074;7280;467;8571;8717;5.40;0.33;336.95;9.41;1291;25;2980.00;146
7282;22;621795089;7282;458;8574;8721;5.45;0.33;336.95;9.41;1292;25;2981.00;147
7285;22;621795104;7285;452;8574;8721;5.45;0.33;337.02;9.41;1289;25;2982.00;147
7291;22;621795119;7291;455;8577;8725;5.45;0.33;337.14;9.41;1286;25;2983.00;148
7293;22;621795134;7293;454;8577;8725;5.49;0.33;337.28;9.41;1284;25;2984.00;148
7297;22;621795149;7297;448;8577;8725;5.52;0.34;337.34;9.41;1280;25;2985.00;148
7298;22;621795164;7298;455;8577;8725;5.58;0.34;337.31;9.41;1279;25;2986.00;148
7299;22;621795178;7299;448;8578;8725;5.69;0.35;337.32;9.42;1279;25;2987.00;147
7300;22;621795193;7300;438;8587;8737;5.79;0.35;337.34;9.41;1287;25;2988.00;150
7302;22;621795209;7302;430;8588;8737;5.84;0.35;337.30;9.41;1286;25;2989.00;149
7307;22;621795224;7307;424;8590;8737;5.86;0.36;337.61;9.41;1283;25;2990.00;147
7307;22;621795238;7307;414;8590;8737;5.89;0.36;337.61;9.41;1283;25;2991.00;147
7312;22;621795259;7312;409;8590;8737;5.88;0.36;337.86;9.41;1278;25;2992.00;147
7315;22;621795274;7315;412;8590;8737;5.88;0.36;337.88;9.41;1275;25;2993.00;147
7317;22;621795289;7317;413;8593;8738;5.91;0.36;338.02;9.47;1276;25;2994.00;145
7322;22;621795306;7322;411;8593;8738;5.87;0.36;338.25;9.47;1271;25;2995.00;145
7324;22;621795321;7324;406;8598;8744;5.93;0.36;338.31;9.52;1274;25;2996.00;146
7330;22;621795343;7330;404;8599;8745;5.94;0.36;338.33;9.52;1269;25;2997.00;146
7332;22;621795358;7332;394;8599;8745;6.00;0.36;338.32;9.52;1267;25;2998.00;146
7335;22;621795373;7335;396;8599;8745;6.02;0.37;338.34;9.52;1264;25;2999.00;146
7336;22;621795391;7336;394;8604;8765;6.10;0.37;338.34;9.51;1268;25;3000.00;161
7339;22;621795418;7339;393;8604;8765;6.12;0.37;338.35;9.51;1265;25;3001.00;161
7343;22;621795442;7343;389;8604;8765;6.13;0.37;338.36;9.51;1261;25;3002.00;161
7344;22;621795466;7344;381;8605;8766;6.17;0.37;338.37;9.51;1261;25;3003.00;161
7346;22;621795489;7346;380;8608;8770;6.17;0.37;338.34;9.51;1262;25;3004.00;162
7347;22;621795511;7347;382;8608;8770;6.19;0.38;338.33;9.51;1261;25;3005.00;162
7350;22;621795531;7350;384;8612;8773;6.16;0.37;338.32;9.51;1262;25;3006.00;161
7353;22;621795549;7353;385;8614;8773;6.15;0.37;338.29;9.51;1261;25;3007.00;159
7353;22;621795565;7353;385;8616;8773;6.16;0.37;338.29;9.52;1263;25;3008.00;157
7356;22;621795580;7356;389;8617;8773;6.13;0.37;338.25;9.53;1261;25;3009.00;156
7359;22;621795597;7359;387;8620;8777;6.19;0.38;338.31;9.53;1261;25;3010.00;157
7360;22;621795613;7360;386;8623;8777;6.21;0.38;338.33;9.54;1263;25;3011.00;154
7362;22;621795628;7362;383;8626;8777;6.22;0.38;338.37;9.54;1264;25;3012.00;151
7368;22;621795644;7368;379;8626;8777;6.24;0.38;338.53;9.54;1258;25;3013.00;151
7369;22;621795666;7369;382;8629;8778;6.26;0.38;338.62;9.54;1260;25;3014.00;149
7373;22;621795681;7373;393;8631;8780;6.21;0.38;338.82;9.54;1258;25;3015.00;149
7375;22;621795697;7375;393;8632;8780;6.20;0.38;338.99;9.60;1257;25;3016.00;148
7379;22;621795712;7379;394;8634;8781;6.22;0.38;339.07;9.60;1255;25;3017.00;147
7381;22;621795728;7381;392;8635;8781;6.23;0.38;339.12;9.60;1254;25;3018.00;146
7382;22;621795743;7382;404;8635;8781;6.23;0.38;339.10;9.60;1253;25;3019.00;146
7384;22;621795757;7384;400;8636;8781;6.21;0.38;339.20;9.65;1252;25;3020.00;145
7387;22;621795773;7387;410;8637;8781;6.19;0.38;339.26;9.65;1250;25;3021.00;144
7391;22;621795788;7391;415;8637;8781;6.17;0.38;339.41;9.65;1246;25;3022.00;144
7395;22;621795803;7395;422;8638;8781;6.12;0.37;339.65;9.71;1243;25;3023.00;143
7395;22;621795819;7395;452;8703;8908;6.18;0.38;339.65;9.64;1308;25;3024.00;205
7401;22;621795845;7401;450;8707;8909;6.10;0.38;339.93;9.69;1306;25;3025.00;202
7406;22;621795862;7406;451;8713;8909;6.10;0.38;340.04;9.69;1307;25;3026.00;196
7409;22;621795878;7409;450;8721;8909;6.08;0.37;339.98;9.74;1312;25;3027.00;188
7412;22;621795894;7412;452;8726;8909;6.11;0.38;340.12;9.74;1314;25;3028.00;183
7416;22;621795908;7416;455;8728;8909;6.13;0.38;340.12;9.74;1312;25;3029.00;181
7418;22;621795933;7418;452;8734;8909;6.12;0.38;340.23;9.79;1316;25;3030.00;175
7421;22;621795949;7421;454;8736;8909;6.12;0.37;340.35;9.79;1315;25;3031.00;173
7424;22;621795965;7424;458;8741;8910;6.18;0.38;340.46;9.90;1317;25;3032.00;169
7425;22;621795981;7425;460;8745;8911;6.19;0.38;340.49;9.90;1320;25;3033.00;166
7427;22;621795997;7427;457;8747;8911;6.20;0.38;340.66;9.90;1320;25;3034.00;164
7430;22;621796012;7430;460;8750;8912;6.17;0.38;340.67;9.95;1320;25;3035.00;162
7431;22;621796028;7431;469;8754;8912;6.14;0.38;340.62;9.96;1323;25;3036.00;158
7436;22;621796043;7436;471;8759;8912;6.06;0.37;340.70;10.06;1323;25;3037.00;153
7439;22;621796059;7439;476;8764;8912;5.98;0.37;340.74;10.12;1325;25;3038.00;148
7441;22;621796075;7441;473;8769;8916;5.97;0.36;340.70;10.17;1328;25;3039.00;147
7445;22;621796091;7445;479;8771;8916;5.90;0.36;340.87;10.17;1326;25;3040.00;145
7447;22;621796107;7447;478;8773;8916;5.81;0.36;340.92;10.27;1326;25;3041.00;143
7452;22;621796123;7452;480;8776;8919;5.72;0.35;340.89;10.27;1324;25;3042.00;143
7455;22;621796140;7455;483;8776;8919;5.66;0.35;341.02;10.27;1321;25;3043.00;143
7458;22;621796155;7458;492;8779;8919;5.53;0.34;341.06;10.37;1321;25;3044.00;140
7458;22;621796170;7458;499;8782;8923;5.43;0.33;341.06;10.37;1324;25;3045.00;141
7461;22;621796186;7461;494;8783;8924;5.38;0.33;341.11;10.37;1322;25;3046.00;141
7462;22;621796202;7462;500;8784;8924;5.35;0.33;341.16;10.37;1322;25;3047.00;140
7465;22;621796217;7465;501;8786;8928;5.34;0.33;341.20;10.36;1321;25;3048.00;142
7466;22;621796231;7466;506;8787;8928;5.36;0.33;341.21;10.36;1321;25;3049.00;141
7468;22;621796245;7468;509;8788;8928;5.36;0.33;341.27;10.36;1320;25;3050.00;140
7470;22;621796261;7470;510;8792;8929;5.32;0.33;341.29;10.47;1322;25;3051.00;137
7473;22;621796276;7473;510;8792;8929;5.24;0.32;341.36;10.47;1319;25;3052.00;137
7476;22;621796296;7476;513;8798;8935;5.23;0.32;341.51;10.46;1322;25;3053.00;137
7478;22;621796311;7478;510;8798;8935;5.16;0.32;341.47;10.46;1320;25;3054.00;137
7484;22;621796325;7484;516;8798;8936;5.09;0.31;341.52;10.46;1314;25;3055.00;138
7488;22;621796340;7488;522;8798;8936;4.96;0.30;341.57;10.46;1310;25;3056.00;138
7491;22;621796355;7491;535;8798;8936;4.87;0.30;341.60;10.46;1307;25;3057.00;138
7495;22;621796368;7495;541;8798;8936;4.71;0.29;341.64;10.46;1303;25;3058.00;138
7498;22;621796382;7498;555;8798;8936;4.61;0.28;341.62;10.46;1300;25;3059.00;138
7504;22;621796396;7504;548;8823;8972;4.70;0.29;341.74;10.43;1319;25;3060.00;149
7507;22;621796415;7507;555;8823;8972;4.64;0.29;341.68;10.43;1316;25;3061.00;149
7508;22;621796429;7508;551;8827;8972;4.62;0.29;341.77;10.43;1319;25;3062.00;145
7511;22;621796442;7511;551;8827;8972;4.63;0.29;341.74;10.43;1316;25;3063.00;145
7515;22;621796456;7515;562;8828;8972;4.63;0.29;341.75;10.43;1313;25;3064.00;144
7519;22;621796469;7519;569;8828;8972;4.65;0.29;341.66;10.43;1309;25;3065.00;144
7521;22;621796483;7521;568;8832;8976;4.69;0.29;341.71;10.42;1311;25;3066.00;144
7526;22;621796496;7526;565;8832;8976;4.73;0.29;341.74;10.42;1306;25;3067.00;144
7529;22;621796509;7529;565;8836;8980;4.75;0.29;341.85;10.42;1307;25;3068.00;144
7532;22;621796524;7532;566;8837;8981;4.73;0.29;341.87;10.42;1305;25;3069.00;144
7538;22;621796538;7538;561;8837;8981;4.68;0.29;341.91;10.42;1299;25;3070.00;144
7542;22;621796551;7542;564;8837;8981;4.61;0.29;341.92;10.42;1295;25;3071.00;144
7543;22;621796565;7543;563;8848;8994;4.65;0.29;341.94;10.40;1305;25;3072.00;146
7546;22;621796580;7546;563;8848;8994;4.62;0.29;341.96;10.40;1302;25;3073.00;146
7551;22;621796594;7551;564;8848;8994;4.59;0.28;342.10;10.40;1297;25;3074.00;146
7554;22;621796607;7554;560;8849;8995;4.58;0.28;342.08;10.40;1295;25;3075.00;146
7558;22;621796621;7558;557;8849;8996;4.56;0.28;342.14;10.40;1291;25;3076.00;147
7561;22;621796634;7561;552;8850;8996;4.56;0.28;342.21;10.42;1289;25;3077.00;146
7567;22;621796648;7567;548;8853;8999;4.52;0.28;342.21;10.42;1286;25;3078.00;146
7575;22;621796661;7575;552;8853;8999;4.48;0.28;342.31;10.42;1278;25;3079.00;146
7578;22;621796674;7578;548;8853;8999;4.46;0.28;342.33;10.42;1275;25;3080.00;146
7581;22;621796688;7581;544;8853;8999;4.42;0.27;342.41;10.42;1272;25;3081.00;146
7587;22;621796701;7587;545;8858;9005;4.39;0.27;342.54;10.42;1271;25;3082.00;147
7593;22;621796714;7593;546;8858;9005;4.34;0.27;342.54;10.42;1265;25;3083.00;147
7598;22;621796727;7598;557;8858;9005;4.26;0.26;342.50;10.42;1260;25;3084.00;147
7603;22;621796741;7603;563;8858;9005;4.24;0.26;342.51;10.42;1255;25;3085.00;147
7605;22;621796753;7605;560;8861;9009;4.27;0.26;342.56;10.41;1256;25;3086.00;148
7612;22;621796766;7612;555;8862;9010;4.20;0.26;342.59;10.41;1250;25;3087.00;148
7617;22;621796778;7617;563;8862;9010;4.17;0.26;342.57;10.41;1245;25;3088.00;148
7620;22;621796791;7620;567;8863;9011;4.15;0.26;342.56;10.41;1243;25;3089.00;148
7622;22;621796805;7622;572;8863;9011;4.16;0.26;342.59;10.41;1241;25;3090.00;148
7627;22;621796817;7627;578;8863;9011;4.13;0.25;342.62;10.41;1236;25;3091.00;148
7631;22;621796830;7631;583;8863;9011;4.12;0.25;342.54;10.41;1232;25;3092.00;148
7635;22;621796843;7635;584;8863;9011;4.10;0.25;342.44;10.41;1228;25;3093.00;148
7639;22;621796855;7639;586;8863;9011;4.08;0.25;342.37;10.41;1224;25;3094.00;148
7641;22;621796867;7641;600;8863;9011;4.10;0.25;342.38;10.41;1222;25;3095.00;148
7645;22;621796879;7645;602;8903;9081;4.21;0.26;342.35;10.36;1258;25;3096.00;178
7650;22;621796897;7650;596;8904;9082;4.18;0.26;342.39;10.36;1254;25;3097.00;178
7654;22;621796910;7654;598;8910;9082;4.22;0.26;342.42;10.36;1256;25;3098.00;172
7657;22;621796923;7657;606;8914;9082;4.24;0.26;342.44;10.35;1257;25;3099.00;168
7660;22;621796936;7660;600;8915;9082;4.21;0.26;342.48;10.35;1255;25;3100.00;167
7661;22;621796952;7661;603;8917;9082;4.18;0.25;342.49;10.35;1256;25;3101.00;165
7662;22;621796964;7662;603;8919;9082;4.18;0.25;342.49;10.35;1257;25;3102.00;163
7665;22;621796977;7665;603;8923;9082;4.13;0.25;342.47;10.37;1258;25;3103.00;159
7669;22;621796990;7669;605;8925;9083;4.09;0.25;342.38;10.37;1256;25;3104.00;158
7673;22;621797003;7673;613;8928;9085;4.04;0.24;342.37;10.37;1255;25;3105.00;157
7675;22;621797016;7675;618;8930;9085;4.03;0.24;342.42;10.37;1255;25;3106.00;155
7677;22;621797029;7677;609;8934;9089;4.04;0.25;342.40;10.37;1257;25;3107.00;155
7679;22;621797042;7679;593;8935;9089;4.04;0.25;342.43;10.37;1256;25;3108.00;154
7680;22;621797055;7680;590;8936;9089;4.03;0.24;342.43;10.37;1256;25;3109.00;153
7682;22;621797068;7682;578;8936;9089;4.00;0.24;342.44;10.37;1254;25;3110.00;153
7683;22;621797081;7683;581;8941;9095;4.07;0.25;342.49;10.36;1258;25;3111.00;154
7684;22;621797095;7684;579;8941;9095;4.13;0.25;342.51;10.36;1257;25;3112.00;154
7685;22;621797108;7685;577;8941;9095;4.16;0.25;342.50;10.36;1256;25;3113.00;154
7686;22;621797128;7686;573;8943;9098;4.24;0.26;342.51;10.36;1257;25;3114.00;155
7686;22;621797141;7686;571;8944;9098;4.29;0.26;342.51;10.36;1258;25;3115.00;154
7687;22;621797154;7687;555;8944;9098;4.33;0.26;342.59;10.36;1257;25;3116.00;154
7687;22;621797167;7687;537;8944;9099;4.42;0.27;342.59;10.36;1257;25;3117.00;155
7687;22;621797181;7687;515;8945;9100;4.52;0.27;342.59;10.36;1258;25;3118.00;155
7687;22;621797194;7687;514;8946;9100;4.62;0.28;342.59;10.38;1259;25;3119.00;154
7690;22;621797209;7690;508;8966;9126;4.77;0.29;342.47;10.36;1276;25;3120.00;160
7691;22;621797225;7691;495;8967;9126;4.88;0.30;342.51;10.36;1276;25;3121.00;159
7691;22;621797245;7691;490;8968;9126;5.03;0.31;342.51;10.36;1277;25;3122.00;158
7693;22;621797260;7693;480;8969;9127;5.10;0.31;342.51;10.36;1276;25;3123.00;158
7694;22;621797274;7694;477;8969;9127;5.20;0.32;342.49;10.36;1275;25;3124.00;158
7695;22;621797289;7695;481;8973;9131;5.25;0.32;342.48;10.35;1278;25;3125.00;158
7696;22;621797304;7696;477;8973;9131;5.24;0.32;342.50;10.35;1277;25;3126.00;158
7698;22;621797318;7698;470;8976;9135;5.24;0.32;342.50;10.35;1278;25;3127.00;159
7702;22;621797333;7702;463;8976;9135;5.24;0.32;342.58;10.35;1274;25;3128.00;159
7704;22;621797348;7704;463;8976;9135;5.27;0.32;342.56;10.35;1272;25;3129.00;159
7710;22;621797362;7710;461;8976;9135;5.24;0.32;342.83;10.35;1266;25;3130.00;159
7711;22;621797378;7711;456;8976;9135;5.32;0.32;342.81;10.35;1265;25;3131.00;159
7714;22;621797392;7714;460;8986;9147;5.41;0.33;342.81;10.34;1272;25;3132.00;161
7715;22;621797408;7715;456;8986;9147;5.50;0.33;342.83;10.34;1271;25;3133.00;161
7715;22;621797428;7715;455;8988;9147;5.57;0.34;342.83;10.36;1273;25;3134.00;159
7718;22;621797458;7718;454;8988;9147;5.58;0.34;342.85;10.36;1270;25;3135.00;159
7718;22;621797480;7718;447;8988;9147;5.55;0.34;342.85;10.36;1270;25;3136.00;159
7720;22;621797502;7720;447;8989;9147;5.51;0.33;342.80;10.39;1269;25;3137.00;158
7722;22;621797524;7722;453;8989;9148;5.51;0.33;342.90;10.39;1267;25;3138.00;159
7723;22;621797541;7723;441;8989;9148;5.53;0.33;342.91;10.39;1266;25;3139.00;159
7726;22;621797557;7726;445;8994;9154;5.56;0.34;343.13;10.39;1268;25;3140.00;160
7728;22;621797575;7728;447;8995;9155;5.51;0.33;343.21;10.38;1267;25;3141.00;160
7728;22;621797591;7728;446;8995;9155;5.53;0.34;343.21;10.38;1267;25;3142.00;160
7731;22;621797607;7731;445;8995;9155;5.56;0.34;343.29;10.38;1264;25;3143.00;160
7733;22;621797623;7733;449;8998;9159;5.58;0.34;343.36;10.38;1265;25;3144.00;161
7734;22;621797640;7734;451;8999;9159;5.57;0.34;343.34;10.41;1265;25;3145.00;160
7736;22;621797655;7736;455;8999;9159;5.57;0.34;343.33;10.41;1263;25;3146.00;160
7740;22;621797671;7740;453;9000;9160;5.57;0.34;343.36;10.41;1260;25;3147.00;160
7741;22;621797691;7741;450;9003;9164;5.58;0.34;343.36;10.41;1262;25;3148.00;161
7745;22;621797708;7745;452;9003;9164;5.59;0.34;343.42;10.41;1258;25;3149.00;161
7748;22;621797726;7748;442;9007;9170;5.66;0.34;343.56;10.40;1259;25;3150.00;163
7750;22;621797744;7750;441;9007;9170;5.68;0.34;343.58;10.40;1257;25;3151.00;163
7750;22;621797759;7750;431;9009;9170;5.77;0.35;343.58;10.40;1259;25;3152.00;161
7753;22;621797775;7753;423;9009;9170;5.79;0.35;343.55;10.40;1256;25;3153.00;161
7755;22;621797791;7755;418;9013;9174;5.86;0.35;343.62;10.39;1258;25;3154.00;161
7758;22;621797807;7758;411;9013;9174;5.89;0.36;343.73;10.39;1255;25;3155.00;161
7760;22;621797823;7760;408;9013;9174;5.96;0.36;343.74;10.39;1253;25;3156.00;161
7761;22;621797839;7761;400;9013;9174;6.00;0.36;343.76;10.39;1252;25;3157.00;161
7766;22;621797854;7766;393;9013;9175;6.05;0.37;343.97;10.39;1247;25;3158.00;162
7771;22;621797870;7771;388;9014;9176;6.03;0.36;344.02;10.39;1243;25;3159.00;162
7776;22;621797885;7776;391;9014;9176;6.00;0.36;344.15;10.39;1238;25;3160.00;162
7779;22;621797901;7779;388;9015;9177;6.00;0.36;344.18;10.39;1236;25;3161.00;162
7780;22;621797923;7780;378;9015;9177;6.03;0.37;344.18;10.39;1235;25;3162.00;162
7783;22;621797939;7783;376;9015;9177;6.04;0.37;344.24;10.39;1232;25;3163.00;162
7786;22;621797955;7786;372;9015;9177;6.11;0.37;344.30;10.39;1229;25;3164.00;162
7788;22;621797971;7788;371;9017;9177;6.14;0.37;344.32;10.52;1229;25;3165.00;160
7791;22;621797988;7791;370;9017;9177;6.19;0.37;344.32;10.52;1226;25;3166.00;160
7795;22;621798004;7795;371;9017;9177;6.18;0.37;344.41;10.52;1222;25;3167.00;160
7798;22;621798020;7798;395;9083;9304;6.28;0.38;344.36;10.44;1285;25;3168.00;221
7798;22;621798045;7798;385;9085;9305;6.34;0.39;344.36;10.44;1287;25;3169.00;220
7802;22;621798061;7802;380;9092;9305;6.37;0.39;344.42;10.43;1290;25;3170.00;213
7805;22;621798077;7805;369;9094;9305;6.32;0.39;344.46;10.43;1289;25;3171.00;211
7808;22;621798100;7808;368;9099;9305;6.38;0.39;344.47;10.43;1291;25;3172.00;206
7808;22;621798116;7808;365;9101;9305;6.39;0.39;344.47;10.43;1293;25;3173.00;204
7812;22;621798131;7812;374;9104;9305;6.39;0.39;344.45;10.42;1292;25;3174.00;201
7815;22;621798146;7815;374;9107;9305;6.39;0.39;344.50;10.42;1292;25;3175.00;198
7818;22;621798163;7818;378;9110;9306;6.42;0.39;344.43;10.42;1292;25;3176.00;196
7820;22;621798178;7820;379;9115;9307;6.37;0.39;344.46;10.42;1295;25;3177.00;192
7822;22;621798203;7822;384;9119;9307;6.35;0.39;344.48;10.42;1297;25;3178.00;188
7823;22;621798219;7823;387;9122;9308;6.25;0.38;344.52;10.42;1299;25;3179.00;186
7827;22;621798238;7827;385;9122;9308;6.19;0.38;344.48;10.42;1295;25;3180.00;186
7827;22;621798254;7827;388;9126;9308;6.15;0.37;344.48;10.42;1299;25;3181.00;182
7831;22;621798269;7831;385;9132;9308;6.04;0.37;344.56;10.43;1301;25;3182.00;176
7832;22;621798291;7832;383;9134;9312;6.02;0.37;344.53;10.43;1302;25;3183.00;178
7835;22;621798308;7835;393;9136;9312;6.02;0.37;344.58;10.42;1301;25;3184.00;176
7838;22;621798323;7838;397;9138;9312;5.96;0.36;344.72;10.42;1300;25;3185.00;174
7840;22;621798340;7840;386;9139;9315;5.95;0.36;344.70;10.42;1299;25;3186.00;176
7842;22;621798356;7842;390;9139;9315;5.93;0.36;344.80;10.42;1297;25;3187.00;176
7844;22;621798372;7844;393;9141;9315;5.94;0.36;344.84;10.42;1297;25;3188.00;174
7846;22;621798391;7846;394;9143;9319;5.96;0.36;344.84;10.42;1297;25;3189.00;176
7849;22;621798408;7849;402;9145;9320;6.00;0.37;344.80;10.48;1296;25;3190.00;175
7852;22;621798429;7852;405;9149;9322;6.03;0.37;344.90;10.54;1297;25;3191.00;173
7853;22;621798447;7853;406;9153;9326;6.04;0.37;344.95;10.54;1300;25;3192.00;173
7854;22;621798464;7854;413;9156;9326;6.08;0.37;344.96;10.67;1302;25;3193.00;170
7859;22;621798486;7859;421;9156;9326;6.08;0.37;344.97;10.67;1297;25;3194.00;170
7860;22;621798502;7860;423;9160;9328;6.08;0.37;345.01;10.79;1300;25;3195.00;168
7863;22;621798518;7863;427;9160;9328;6.14;0.37;345.03;10.79;1297;25;3196.00;168
7867;22;621798533;7867;431;9165;9334;6.08;0.37;345.18;10.78;1298;25;3197.00;169
7869;22;621798548;7869;441;9166;9334;6.06;0.37;345.12;10.84;1297;25;3198.00;168
7872;22;621798563;7872;445;9166;9335;5.92;0.36;345.25;10.84;1294;25;3199.00;169
7872;22;621798578;7872;451;9166;9335;5.82;0.36;345.25;10.84;1294;25;3200.00;169
7875;22;621798596;7875;453;9167;9335;5.75;0.35;345.35;10.90;1292;25;3201.00;168
7880;22;621798611;7880;462;9168;9335;5.66;0.35;345.41;10.90;1288;25;3202.00;167
7882;22;621798626;7882;468;9169;9335;5.63;0.34;345.49;10.96;1287;25;3203.00;166
7885;22;621798640;7885;472;9179;9347;5.64;0.34;345.62;10.95;1294;25;3204.00;168
7888;22;621798656;7888;468;9181;9347;5.57;0.34;345.74;11.07;1293;25;3205.00;166
7890;22;621798670;7890;471;9183;9347;5.53;0.34;345.82;11.13;1293;25;3206.00;164
7892;22;621798683;7892;478;9184;9347;5.48;0.34;345.87;11.19;1292;25;3207.00;163
7894;22;621798697;7894;488;9184;9347;5.45;0.33;345.95;11.19;1290;25;3208.00;163
7899;22;621798710;7899;482;9186;9347;5.40;0.33;346.04;11.31;1287;25;3209.00;161
7901;22;621798726;7901;494;9189;9351;5.41;0.33;346.12;11.30;1288;25;3210.00;162
7901;22;621798740;7901;499;9189;9351;5.45;0.33;346.12;11.30;1288;25;3211.00;162
7905;22;621798754;7905;495;9195;9355;5.44;0.33;346.19;11.41;1290;25;3212.00;160
7907;22;621798768;7907;494;9196;9356;5.47;0.33;346.23;11.41;1289;25;3213.00;160
7909;22;621798782;7909;497;9198;9356;5.44;0.33;346.31;11.53;1289;25;3214.00;158
7914;22;621798795;7914;505;9198;9356;5.37;0.33;346.54;11.53;1284;25;3215.00;158
7916;22;621798809;7916;509;9211;9369;5.33;0.33;346.65;11.63;1295;25;3216.00;158
7920;22;621798824;7920;508;9211;9369;5.29;0.32;346.78;11.63;1291;25;3217.00;158
7922;22;621798838;7922;508;9211;9369;5.26;0.32;346.81;11.63;1289;25;3218.00;158
7923;22;621798850;7923;513;9214;9370;5.26;0.32;346.80;11.74;1291;25;3219.00;156
7925;22;621798866;7925;515;9214;9371;5.26;0.32;346.88;11.74;1289;25;3220.00;157
7929;22;621798879;7929;514;9216;9371;5.14;0.31;346.88;11.85;1287;25;3221.00;155
7930;22;621798892;7930;516;9219;9374;5.06;0.31;346.89;11.84;1289;25;3222.00;155
7934;22;621798905;7934;523;9220;9374;4.96;0.30;346.86;11.90;1286;25;3223.00;154
7937;22;621798918;7937;530;9221;9374;4.87;0.30;346.83;11.95;1284;25;3224.00;153
7938;22;621798930;7938;539;9221;9374;4.81;0.29;346.79;11.95;1283;25;3225.00;153
7942;22;621798944;7942;539;9228;9380;4.74;0.29;346.70;12.06;1286;25;3226.00;152
7945;22;621798957;7945;553;9228;9380;4.63;0.28;346.69;12.06;1283;25;3227.00;152
7948;22;621798971;7948;561;9230;9380;4.54;0.28;346.76;12.17;1282;25;3228.00;150
7949;22;621798983;7949;564;9230;9380;4.44;0.27;346.73;12.17;1281;25;3229.00;150
7955;22;621798995;7955;555;9234;9384;4.29;0.26;346.71;12.21;1279;25;3230.00;150
7957;22;621799008;7957;548;9236;9385;4.22;0.26;346.70;12.27;1279;25;3231.00;149
7961;22;621799020;7961;554;9236;9385;4.18;0.26;346.71;12.27;1275;25;3232.00;149
7962;22;621799033;7962;553;9239;9386;4.14;0.25;346.71;12.37;1277;25;3233.00;147
7964;22;621799045;7964;552;9239;9386;4.11;0.25;346.68;12.37;1275;25;3234.00;147
7967;22;621799057;7967;563;9239;9386;4.12;0.25;346.77;12.37;1272;25;3235.00;147
7972;22;621799070;7972;556;9239;9386;4.10;0.25;346.79;12.37;1267;25;3236.00;147
7976;22;621799081;7976;550;9239;9386;4.10;0.25;346.74;12.37;1263;25;3237.00;147
7980;22;621799095;7980;545;9239;9386;4.11;0.25;346.65;12.37;1259;25;3238.00;147
7984;22;621799107;7984;545;9239;9386;4.11;0.25;346.70;12.37;1255;25;3239.00;147
7987;22;621799121;7987;556;9293;9511;4.38;0.27;346.76;12.30;1306;25;3240.00;218
7989;22;621799142;7989;544;9299;9512;4.43;0.28;346.71;12.29;1310;25;3241.00;213
7992;22;621799155;7992;539;9309;9512;4.51;0.28;346.82;12.28;1317;25;3242.00;203
7996;22;621799167;7996;540;9316;9512;4.48;0.28;346.88;12.27;1320;25;3243.00;196
8001;22;621799180;8001;547;9320;9512;4.46;0.28;346.94;12.27;1319;25;3244.00;192
8005;22;621799193;8005;544;9325;9512;4.43;0.27;346.91;12.26;1320;25;3245.00;187
8012;22;621799207;8012;543;9329;9512;4.38;0.27;346.85;12.26;1317;25;3246.00;183
8014;22;621799221;8014;548;9330;9512;4.41;0.27;346.85;12.26;1316;25;3247.00;182
8016;22;621799234;8016;541;9333;9513;4.41;0.27;346.82;12.26;1317;25;3248.00;180
8020;22;621799247;8020;547;9335;9514;4.40;0.27;346.78;12.26;1315;25;3249.00;179
8023;22;621799261;8023;543;9337;9514;4.40;0.27;346.85;12.26;1314;25;3250.00;177
8026;22;621799278;8026;540;9342;9518;4.43;0.27;346.79;12.25;1316;25;3251.00;176
8030;22;621799292;8030;536;9342;9518;4.42;0.27;346.76;12.25;1312;25;3252.00;176
8031;22;621799306;8031;533;9342;9518;4.37;0.27;346.77;12.25;1311;25;3253.00;176
8034;22;621799319;8034;549;9342;9518;4.32;0.26;346.78;12.25;1308;25;3254.00;176
8036;22;621799333;8036;546;9346;9524;4.29;0.26;346.75;12.25;1310;25;3255.00;178
8038;22;621799347;8038;553;9346;9524;4.21;0.26;346.76;12.25;1308;25;3256.00;178
8039;22;621799360;8039;556;9346;9524;4.12;0.25;346.73;12.25;1307;25;3257.00;178
8044;22;621799373;8044;564;9348;9527;4.07;0.25;346.79;12.25;1304;25;3258.00;179
8047;22;621799386;8047;549;9348;9527;4.06;0.25;346.82;12.25;1301;25;3259.00;179
8049;22;621799400;8049;535;9348;9527;4.07;0.25;346.76;12.25;1299;25;3260.00;179
8053;22;621799413;8053;528;9348;9528;4.07;0.25;346.86;12.25;1295;25;3261.00;180
8057;22;621799432;8057;531;9349;9529;4.08;0.25;346.80;12.25;1292;25;3262.00;180
8061;22;621799456;8061;538;9351;9529;4.08;0.25;346.81;12.29;1290;25;3263.00;178
8066;22;621799484;8066;540;9362;9542;4.15;0.25;346.73;12.28;1296;25;3264.00;180
8072;22;621799505;8072;541;9362;9542;4.16;0.25;346.67;12.28;1290;25;3265.00;180
8078;22;621799525;8078;546;9364;9542;4.19;0.25;346.68;12.28;1286;25;3266.00;178
8081;22;621799543;8081;540;9364;9543;4.26;0.26;346.68;12.28;1283;25;3267.00;179
8084;22;621799558;8084;541;9365;9543;4.32;0.26;346.70;12.28;1281;25;3268.00;178
8088;22;621799573;8088;537;9370;9547;4.32;0.26;346.74;12.28;1282;25;3269.00;177
8090;22;621799590;8090;542;9371;9547;4.34;0.26;346.75;12.28;1281;25;3270.00;176
8093;22;621799604;8093;539;9374;9551;4.31;0.26;346.78;12.27;1281;25;3271.00;177
8095;22;621799619;8095;544;9376;9551;4.25;0.26;346.75;12.27;1281;25;3272.00;175
8096;22;621799633;8096;542;9376;9551;4.17;0.25;346.76;12.27;1280;25;3273.00;175
8098;22;621799647;8098;542;9376;9551;4.14;0.25;346.70;12.27;1278;25;3274.00;175
8100;22;621799660;8100;548;9377;9551;4.13;0.25;346.68;12.27;1277;25;3275.00;174
8101;22;621799674;8101;549;9387;9563;4.25;0.26;346.64;12.26;1286;25;3276.00;176
8102;22;621799689;8102;551;9388;9563;4.27;0.26;346.70;12.26;1286;25;3277.00;175
8102;22;621799703;8102;541;9388;9563;4.35;0.26;346.70;12.26;1286;25;3278.00;175
8104;22;621799716;8104;534;9389;9563;4.39;0.27;346.81;12.26;1285;25;3279.00;174
8105;22;621799730;8105;531;9389;9563;4.45;0.27;346.81;12.26;1284;25;3280.00;174
8108;22;621799744;8108;534;9389;9563;4.50;0.27;346.88;12.26;1281;25;3281.00;174
8110;22;621799759;8110;534;9389;9564;4.54;0.28;346.87;12.26;1279;25;3282.00;175
8112;23;621799773;8112;532;9390;9564;4.60;0.28;346.88;12.30;1278;26;3283.00;174
8113;23;621799799;8113;528;9395;9570;4.66;0.28;346.99;12.29;1282;26;3284.00;175
8116;23;621799813;8116;527;9397;9572;4.67;0.28;346.95;12.29;1281;26;3285.00;175
8118;23;621799828;8118;510;9397;9572;4.70;0.29;346.89;12.29;1279;26;3286.00;175
8120;23;621799843;8120;502;9397;9572;4.77;0.29;346.98;12.29;1277;26;3287.00;175
8122;23;621799858;8122;491;9400;9576;4.79;0.29;347.07;12.29;1278;26;3288.00;176
8125;23;621799874;8125;481;9400;9576;4.85;0.30;347.17;12.29;1275;26;3289.00;176
8126;23;621799888;8126;477;9400;9576;4.93;0.30;347.22;12.29;1274;26;3290.00;176
8129;23;621799903;8129;474;9401;9577;5.01;0.31;347.26;12.29;1272;26;3291.00;176
8134;23;621799918;8134;466;9404;9581;5.04;0.31;347.39;12.28;1270;26;3292.00;177
8135;24;621799933;8135;470;9404;9581;5.07;0.31;347.43;12.28;1269;27;3293.00;177
8137;24;621799968;8137;473;9406;9584;5.11;0.31;347.59;12.28;1269;27;3294.00;178
8141;24;621799991;8141;474;9406;9584;5.07;0.31;347.72;12.28;1265;27;3295.00;178
8143;24;621800006;8143;480;9407;9584;5.09;0.31;347.91;12.28;1264;27;3296.00;177
8143;24;621800020;8143;478;9407;9584;5.13;0.31;347.91;12.28;1264;27;3297.00;177
8145;24;621800035;8145;475;9411;9588;5.09;0.31;347.99;12.27;1266;27;3298.00;177
8149;24;621800050;8149;472;9411;9588;5.06;0.31;348.03;12.27;1262;27;3299.00;177
8153;24;621800068;8153;476;9416;9607;5.03;0.31;348.26;12.27;1263;27;3300.00;191
8156;24;621800089;8156;474;9416;9607;5.03;0.31;348.49;12.27;1260;27;3301.00;191
8160;24;621800105;8160;468;9416;9608;5.04;0.31;348.58;12.27;1256;27;3302.00;192
8163;24;621800120;8163;469;9417;9609;5.06;0.31;348.68;12.27;1254;27;3303.00;192
8165;24;621800135;8165;464;9417;9609;5.09;0.31;348.76;12.27;1252;27;3304.00;192
8168;24;621800149;8168;465;9418;9610;5.14;0.31;348.89;12.27;1250;27;3305.00;192
8169;24;621800164;8169;466;9420;9610;5.16;0.31;348.92;12.26;1251;27;3306.00;190
8173;24;621800177;8173;461;9420;9610;5.14;0.31;349.10;12.26;1247;27;3307.00;190
8177;24;621800192;8177;468;9420;9610;5.15;0.31;349.35;12.26;1243;27;3308.00;190
8177;24;621800207;8177;474;9420;9610;5.19;0.31;349.35;12.26;1243;27;3309.00;190
8180;24;621800222;8180;476;9420;9610;5.18;0.31;349.53;12.26;1240;27;3310.00;190
8183;24;621800242;8183;483;9420;9610;5.18;0.31;349.79;12.26;1237;27;3311.00;190
8185;24;621800258;8185;498;9484;9737;5.41;0.33;349.79;12.18;1299;27;3312.00;253
8186;24;621800283;8186;498;9489;9738;5.40;0.33;349.92;12.18;1303;27;3313.00;249
8186;24;621800299;8186;496;9494;9738;5.46;0.34;349.92;12.22;1308;27;3314.00;244
8187;24;621800314;8187;498;9495;9738;5.42;0.33;349.95;12.22;1308;27;3315.00;243
8187;24;621800329;8187;506;9499;9738;5.43;0.33;349.95;12.21;1312;27;3316.00;239
8188;24;621800345;8188;510;9502;9738;5.40;0.33;349.96;12.21;1314;27;3317.00;236
8189;24;621800360;8189;513;9506;9738;5.39;0.33;349.97;12.21;1317;27;3318.00;232
8191;24;621800376;8191;510;9509;9738;5.36;0.33;349.98;12.21;1318;27;3319.00;229
8192;24;621800393;8192;507;9512;9739;5.35;0.33;350.01;12.21;1320;27;3320.00;227
8193;24;621800409;8193;505;9515;9740;5.35;0.33;350.02;12.21;1322;27;3321.00;225
8196;24;621800427;8196;503;9517;9740;5.34;0.33;350.11;12.21;1321;27;3322.00;223
8197;24;621800443;8197;496;9520;9741;5.37;0.33;350.09;12.21;1323;27;3323.00;221
8197;24;621800459;8197;489;9524;9741;5.39;0.33;350.09;12.21;1327;27;3324.00;217
8199;24;621800475;8199;492;9524;9741;5.40;0.33;350.18;12.21;1325;27;3325.00;217
8199;24;621800491;8199;487;9526;9741;5.47;0.34;350.18;12.21;1327;27;3326.00;215
8201;24;621800506;8201;486;9528;9745;5.54;0.34;350.25;12.21;1327;27;3327.00;217
8204;24;621800521;8204;479;9529;9745;5.57;0.34;350.29;12.21;1325;27;3328.00;216
8207;24;621800536;8207;474;9533;9745;5.59;0.34;350.37;12.26;1326;27;3329.00;212
8213;24;621800553;8213;470;9535;9751;5.57;0.34;350.49;12.25;1322;27;3330.00;216
8217;24;621800569;8217;459;9537;9751;5.57;0.34;350.60;12.25;1320;27;3331.00;214
8219;24;621800584;8219;454;9539;9751;5.58;0.34;350.69;12.26;1320;27;3332.00;212
8222;24;621800599;8222;455;9544;9755;5.56;0.34;350.70;12.25;1322;27;3333.00;211
8224;24;621800614;8224;450;9547;9756;5.55;0.34;350.77;12.26;1323;27;3334.00;209
8226;24;621800630;8226;441;9553;9756;5.53;0.34;350.85;12.38;1327;27;3335.00;203
8230;24;621800648;8230;433;9556;9760;5.54;0.34;351.01;12.38;1326;27;3336.00;204
8232;24;621800663;8232;429;9558;9760;5.56;0.34;351.10;12.38;1326;27;3337.00;202
8233;24;621800678;8233;426;9559;9760;5.58;0.34;351.11;12.38;1326;27;3338.00;201
8234;24;621800698;8234;430;9562;9761;5.54;0.34;351.10;12.43;1328;27;3339.00;199
8236;24;621800714;8236;420;9565;9761;5.56;0.34;351.10;12.43;1329;27;3340.00;196
8238;24;621800729;8238;424;9568;9767;5.53;0.34;351.12;12.43;1330;27;3341.00;199
8241;24;621800744;8241;428;9571;9767;5.51;0.34;351.29;12.43;1330;27;3342.00;196
8243;24;621800760;8243;428;9571;9768;5.53;0.34;351.27;12.43;1328;27;3343.00;197
8246;24;621800780;8246;428;9571;9768;5.50;0.34;351.34;12.43;1325;27;3344.00;197
8249;24;621800796;8249;432;9573;9768;5.47;0.33;351.32;12.43;1324;27;3345.00;195
8253;24;621800811;8253;437;9575;9768;5.49;0.33;351.43;12.47;1322;27;3346.00;193
8259;24;621800826;8259;435;9575;9768;5.45;0.33;351.42;12.47;1316;27;3347.00;193
8259;24;621800842;8259;436;9585;9780;5.46;0.33;351.42;12.46;1326;27;3348.00;195
8260;24;621800857;8260;434;9586;9780;5.45;0.33;351.43;12.46;1326;27;3349.00;194
8262;24;621800873;8262;436;9586;9780;5.42;0.33;351.47;12.46;1324;27;3350.00;194
8264;24;621800887;8264;441;9588;9780;5.39;0.33;351.47;12.47;1324;27;3351.00;192
8265;24;621800902;8265;442;9588;9780;5.35;0.33;351.48;12.47;1323;27;3352.00;192
8268;24;621800916;8268;448;9588;9780;5.36;0.33;351.52;12.47;1320;27;3353.00;192
8272;24;621800932;8272;455;9593;9784;5.33;0.32;351.64;12.46;1321;27;3354.00;191
8277;24;621800947;8277;462;9593;9784;5.28;0.32;351.71;12.46;1316;27;3355.00;191
8282;24;621800962;8282;452;9597;9788;5.26;0.32;351.74;12.46;1315;27;3356.00;191
8283;24;621800983;8283;454;9598;9789;5.26;0.32;351.75;12.46;1315;27;3357.00;191
8285;24;621800998;8285;461;9598;9789;5.20;0.32;351.81;12.46;1313;27;3358.00;191
8287;24;621801013;8287;461;9598;9789;5.18;0.32;351.79;12.46;1311;27;3359.00;191
8290;24;621801029;8290;479;9620;9818;5.18;0.32;351.81;12.56;1330;27;3360.00;198
8291;24;621801046;8291;481;9622;9818;5.15;0.31;351.82;12.56;1331;27;3361.00;196
8295;24;621801061;8295;490;9625;9818;5.14;0.31;351.83;12.62;1330;27;3362.00;193
8297;24;621801075;8297;500;9627;9819;5.16;0.32;351.85;12.61;1330;27;3363.00;192
8298;24;621801090;8298;508;9627;9820;5.16;0.32;351.82;12.61;1329;27;3364.00;193
8299;24;621801104;8299;515;9629;9820;5.15;0.32;351.83;12.74;1330;27;3365.00;191
8301;24;621801119;8301;517;9631;9823;5.14;0.31;351.81;12.74;1330;27;3366.00;192
8305;24;621801133;8305;525;9631;9823;5.13;0.31;351.87;12.74;1326;27;3367.00;192
8310;24;621801147;8310;539;9633;9823;5.10;0.31;351.87;12.80;1323;27;3368.00;190
8313;24;621801162;8313;537;9633;9823;5.10;0.31;351.93;12.80;1320;27;3369.00;190
8314;24;621801176;8314;551;9638;9829;5.12;0.31;352.05;12.79;1324;27;3370.00;191
8317;24;621801191;8317;552;9639;9829;5.05;0.31;352.08;12.85;1322;27;3371.00;190
8319;24;621801208;8319;547;9639;9829;4.99;0.31;352.16;12.85;1320;27;3372.00;190
8322;24;621801223;8322;551;9640;9829;4.92;0.30;352.17;12.91;1318;27;3373.00;189
8324;24;621801237;8324;555;9643;9833;4.85;0.30;352.11;12.91;1319;27;3374.00;190
8325;24;621801252;8325;564;9646;9835;4.79;0.29;352.09;12.97;1321;27;3375.00;189
8327;24;621801266;8327;576;9647;9835;4.74;0.29;352.06;13.03;1320;27;3376.00;188
8331;24;621801280;8331;581;9648;9836;4.71;0.29;352.14;13.03;1317;27;3377.00;188
8332;24;621801294;8332;589;9649;9836;4.63;0.28;352.11;13.09;1317;27;3378.00;187
8335;24;621801307;8335;590;9649;9836;4.59;0.28;352.17;13.09;1314;27;3379.00;187
8337;24;621801320;8337;593;9651;9836;4.57;0.28;352.11;13.20;1314;27;3380.00;185
8339;24;621801334;8339;591;9652;9836;4.52;0.28;352.06;13.26;1313;27;3381.00;184
8341;24;621801347;8341;590;9653;9836;4.49;0.27;352.08;13.32;1312;27;3382.00;183
8346;24;621801361;8346;589;9654;9836;4.48;0.27;352.17;13.38;1308;27;3383.00;182
8347;24;621801374;8347;597;9698;9906;4.62;0.28;352.15;13.38;1351;27;3384.00;208
8350;24;621801393;8350;600;9700;9907;4.60;0.28;352.09;13.38;1350;27;3385.00;207
8354;24;621801406;8354;596;9707;9907;4.62;0.28;352.12;13.37;1353;27;3386.00;200
8354;24;621801424;8354;601;9712;9907;4.62;0.28;352.12;13.48;1358;27;3387.00;195
8359;24;621801444;8359;600;9714;9907;4.60;0.28;352.11;13.48;1355;27;3388.00;193
8361;24;621801478;8361;609;9718;9907;4.58;0.28;352.14;13.59;1357;27;3389.00;189
8362;24;621801501;8362;612;9720;9907;4.57;0.28;352.11;13.59;1358;27;3390.00;187
8366;24;621801521;8366;617;9722;9907;4.55;0.28;352.11;13.59;1356;27;3391.00;185
8372;24;621801539;8372;621;9724;9908;4.48;0.27;351.96;13.70;1352;27;3392.00;184
8374;24;621801555;8374;622;9726;9909;4.44;0.27;351.92;13.70;1352;27;3393.00;183
8378;24;621801570;8378;627;9726;9909;4.34;0.27;351.83;13.70;1348;27;3394.00;183
8380;24;621801585;8380;622;9731;9913;4.26;0.26;351.75;13.81;1351;27;3395.00;182
8383;24;621801601;8383;629;9731;9913;4.21;0.26;351.71;13.81;1348;27;3396.00;182
8385;24;621801615;8385;640;9733;9913;4.12;0.25;351.72;13.91;1348;27;3397.00;180
8389;24;621801630;8389;650;9733;9913;3.99;0.24;351.67;13.91;1344;27;3398.00;180
8391;24;621801645;8391;668;9737;9919;3.91;0.24;351.68;13.91;1346;27;3399.00;182
8393;24;621801660;8393;662;9739;9919;3.80;0.23;351.66;14.02;1346;27;3400.00;180
8399;24;621801678;8399;654;9739;9919;3.74;0.23;351.60;14.02;1340;27;3401.00;180
8401;24;621801691;8401;656;9742;9922;3.71;0.23;351.59;14.07;1341;27;3402.00;180
8404;24;621801705;8404;657;9743;9922;3.71;0.23;351.61;14.12;1339;27;3403.00;179
8407;24;621801719;8407;654;9743;9922;3.67;0.22;351.61;14.12;1336;27;3404.00;179
8408;24;621801733;8408;648;9743;9923;3.69;0.23;351.66;14.12;1335;27;3405.00;180
8411;24;621801746;8411;641;9744;9924;3.74;0.23;351.59;14.12;1333;27;3406.00;180
8414;24;621801761;8414;641;9744;9924;3.76;0.23;351.53;14.12;1330;27;3407.00;180
8415;24;621801775;8415;633;9753;9937;3.84;0.23;351.56;14.11;1338;27;3408.00;184
8417;24;621801793;8417;625;9753;9937;3.88;0.24;351.49;14.11;1336;27;3409.00;184
8422;24;621801809;8422;628;9754;9937;3.88;0.24;351.57;14.11;1332;27;3410.00;183
8423;24;621801824;8423;615;9754;9938;3.88;0.24;351.57;14.11;1331;27;3411.00;184
8424;24;621801841;8424;605;9754;9938;3.89;0.24;351.58;14.11;1330;27;3412.00;184
8427;24;621801856;8427;594;9757;9942;3.89;0.24;351.67;14.10;1330;27;3413.00;185
8431;24;621801871;8431;592;9757;9942;3.86;0.24;351.63;14.10;1326;27;3414.00;185
8432;24;621801887;8432;586;9760;9946;3.95;0.24;351.60;14.10;1328;27;3415.00;186
8436;24;621801901;8436;582;9760;9946;3.97;0.24;351.69;14.10;1324;27;3416.00;186
8441;24;621801916;8441;576;9760;9946;3.98;0.24;351.66;14.10;1319;27;3417.00;186
8442;24;621801940;8442;575;9760;9946;4.04;0.25;351.63;14.10;1318;27;3418.00;186
8448;24;621801956;8448;566;9760;9946;4.05;0.25;351.57;14.10;1312;27;3419.00;186
8452;24;621801974;8452;565;9787;9980;4.19;0.26;351.72;14.06;1335;27;3420.00;193
8454;24;621802000;8454;557;9787;9980;4.19;0.26;351.69;14.06;1333;27;3421.00;193
8456;24;621802015;8456;556;9787;9980;4.22;0.26;351.71;14.06;1331;27;3422.00;193
8458;24;621802030;8458;561;9787;9980;4.24;0.26;351.71;14.06;1329;27;3423.00;193
8460;24;621802045;8460;548;9787;9980;4.22;0.26;351.72;14.06;1327;27;3424.00;193
8463;24;621802059;8463;544;9787;9980;4.19;0.26;351.76;14.06;1324;27;3425.00;193
8468;24;621802074;8468;546;9787;9981;4.13;0.25;351.79;14.06;1319;27;3426.00;194
8469;24;621802090;8469;544;9787;9981;4.15;0.25;351.79;14.06;1318;27;3427.00;194
8472;24;621802105;8472;542;9791;9987;4.14;0.25;351.78;14.05;1319;27;3428.00;196
8479;24;621802121;8479;539;9791;9988;4.09;0.25;351.80;14.05;1312;27;3429.00;197
8480;24;621802138;8480;540;9791;9988;4.11;0.25;351.81;14.05;1311;27;3430.00;197
8483;24;621802152;8483;543;9791;9988;4.15;0.25;351.76;14.05;1308;27;3431.00;197
8487;24;621802167;8487;540;9794;9992;4.18;0.25;351.89;14.05;1307;27;3432.00;198
8492;24;621802182;8492;531;9795;9992;4.20;0.25;351.96;14.05;1303;27;3433.00;197
8494;24;621802197;8494;530;9795;9992;4.26;0.26;352.02;14.05;1301;27;3434.00;197
8499;24;621802211;8499;525;9796;9993;4.25;0.26;352.05;14.05;1297;27;3435.00;197
8501;24;621802227;8501;521;9801;9997;4.31;0.26;352.06;14.05;1300;27;3436.00;196
8502;24;621802242;8502;520;9801;9997;4.32;0.26;352.03;14.05;1299;27;3437.00;196
8505;24;621802256;8505;513;9804;10000;4.34;0.26;352.07;14.06;1299;27;3438.00;196
8509;24;621802271;8509;527;9804;10000;4.34;0.26;352.12;14.06;1295;27;3439.00;196
8510;24;621802286;8510;523;9805;10000;4.36;0.27;352.13;14.06;1295;27;3440.00;195
8510;24;621802301;8510;529;9806;10000;4.40;0.27;352.13;14.06;1296;27;3441.00;194
8514;24;621802314;8514;529;9810;10004;4.37;0.27;352.21;14.06;1296;27;3442.00;194
8515;24;621802329;8515;530;9811;10004;4.37;0.27;352.22;14.06;1296;27;3443.00;193
8520;24;621802344;8520;529;9812;10004;4.31;0.26;352.22;14.06;1292;27;3444.00;192
8525;24;621802358;8525;527;9813;10004;4.24;0.26;352.35;14.06;1288;27;3445.00;191
8528;24;621802373;8528;529;9814;10005;4.20;0.25;352.46;14.06;1286;27;3446.00;191
8531;24;621802387;8531;519;9815;10006;4.19;0.25;352.61;14.06;1284;27;3447.00;191
8535;24;621802410;8535;507;9816;10006;4.13;0.25;352.80;14.06;1281;27;3448.00;190
8536;24;621802427;8536;513;9817;10007;4.17;0.25;352.79;14.06;1281;27;3449.00;190
8537;24;621802444;8537;507;9818;10007;4.20;0.25;352.84;14.06;1281;27;3450.00;189
8539;24;621802459;8539;503;9818;10007;4.27;0.26;352.87;14.06;1279;27;3451.00;189
8541;24;621802474;8541;497;9819;10007;4.35;0.26;353.03;14.06;1278;27;3452.00;188
8545;24;621802487;8545;495;9819;10007;4.38;0.27;353.18;14.06;1274;27;3453.00;188
8545;24;621802501;8545;491;9820;10007;4.44;0.27;353.18;14.10;1275;27;3454.00;187
8547;24;621802515;8547;490;9820;10007;4.46;0.27;353.27;14.10;1273;27;3455.00;187
8550;24;621802536;8550;500;9897;10134;4.60;0.28;353.44;13.99;1347;27;3456.00;237
8551;24;621802564;8551;486;9897;10135;4.65;0.29;353.49;13.99;1346;27;3457.00;238
8554;24;621802579;8554;473;9902;10135;4.75;0.29;353.54;13.98;1348;27;3458.00;233
8555;24;621802595;8555;457;9906;10135;4.84;0.30;353.55;13.98;1351;27;3459.00;229
8556;24;621802611;8556;451;9910;10135;4.95;0.31;353.63;13.98;1354;27;3460.00;225
8557;24;621802627;8557;448;9913;10135;4.95;0.31;353.68;13.97;1356;27;3461.00;222
8559;24;621802643;8559;442;9916;10135;4.97;0.31;353.68;13.97;1357;27;3462.00;219
8560;24;621802659;8560;443;9918;10135;4.99;0.31;353.75;13.97;1358;27;3463.00;217
8562;24;621802674;8562;444;9920;10136;5.02;0.31;353.88;13.97;1358;27;3464.00;216
8564;24;621802691;8564;442;9923;10138;5.02;0.31;353.93;13.97;1359;27;3465.00;215
8565;24;621802708;8565;455;9924;10138;5.01;0.31;353.97;13.96;1359;27;3466.00;214
8566;24;621802724;8566;456;9927;10139;5.01;0.31;354.02;13.96;1361;27;3467.00;212
8569;24;621802740;8569;465;9929;10139;5.00;0.31;354.03;13.96;1360;27;3468.00;210
8571;24;621802756;8571;466;9932;10139;5.01;0.31;354.12;13.96;1361;27;3469.00;207
8573;24;621802772;8573;474;9933;10139;5.01;0.31;354.23;13.96;1360;27;3470.00;206
8575;24;621802788;8575;471;9938;10143;5.01;0.31;354.30;13.96;1363;27;3471.00;205
8577;24;621802810;8577;471;9939;10143;4.94;0.30;354.35;13.96;1362;27;3472.00;204
8579;24;621802830;8579;477;9942;10143;4.88;0.30;354.46;13.96;1363;27;3473.00;201
8581;24;621802845;8581;484;9943;10146;4.84;0.30;354.47;13.96;1362;27;3474.00;203
8583;24;621802861;8583;478;9944;10146;4.80;0.29;354.47;14.00;1361;27;3475.00;202
8587;24;621802876;8587;475;9946;10146;4.81;0.29;354.51;14.00;1359;27;3476.00;200
8589;24;621802891;8589;475;9949;10150;4.84;0.30;354.55;14.00;1360;27;3477.00;201
8591;24;621802906;8591;474;9952;10151;4.90;0.30;354.59;14.00;1361;27;3478.00;199
8592;24;621802921;8592;468;9952;10151;4.90;0.30;354.59;14.00;1360;27;3479.00;199
8593;24;621802938;8593;467;9957;10156;4.94;0.30;354.59;13.99;1364;27;3480.00;199
8597;24;621802953;8597;468;9957;10156;4.96;0.30;354.54;13.99;1360;27;3481.00;199
8600;24;621802968;8600;470;9957;10156;4.97;0.30;354.61;13.99;1357;27;3482.00;199
8602;24;621802983;8602;473;9958;10157;4.97;0.30;354.60;13.99;1356;27;3483.00;199
8603;24;621802999;8603;473;9958;10157;4.97;0.30;354.58;13.99;1355;27;3484.00;199
8605;24;621803014;8605;473;9963;10163;4.98;0.30;354.55;13.98;1358;27;3485.00;200
8605;24;621803030;8605;472;9963;10163;4.96;0.30;354.55;13.98;1358;27;3486.00;200
8606;24;621803045;8606;465;9963;10164;4.93;0.30;354.61;13.98;1357;27;3487.00;201
8607;24;621803059;8607;467;9963;10164;4.92;0.30;354.61;13.98;1356;27;3488.00;201
8610;24;621803074;8610;473;9963;10164;4.88;0.30;354.62;13.98;1353;27;3489.00;201
8613;24;621803090;8613;461;9963;10164;4.81;0.29;354.56;13.98;1350;27;3490.00;201
8614;24;621803105;8614;453;9963;10164;4.79;0.29;354.52;13.98;1349;27;3491.00;201
8614;24;621803119;8614;454;9973;10176;4.83;0.29;354.52;14.01;1359;27;3492.00;203
8617;24;621803135;8617;450;9973;10176;4.82;0.29;354.49;14.01;1356;27;3493.00;203
8619;24;621803151;8619;449;9975;10176;4.85;0.30;354.49;14.01;1356;27;3494.00;201
8621;24;621803165;8621;451;9975;10176;4.88;0.30;354.57;14.01;1354;27;3495.00;201
8622;24;621803180;8622;444;9975;10176;4.90;0.30;354.55;14.01;1353;27;3496.00;201
8623;24;621803195;8623;444;9975;10176;4.96;0.30;354.53;14.01;1352;27;3497.00;201
8627;24;621803210;8627;444;9978;10180;4.95;0.30;354.69;14.00;1351;27;3498.00;202
8630;24;621803226;8630;443;9979;10180;4.95;0.30;354.71;14.05;1349;27;3499.00;201
8632;24;621803241;8632;440;9983;10184;5.00;0.30;354.73;14.04;1351;27;3500.00;201
8634;24;621803260;8634;437;9983;10185;4.98;0.30;354.81;14.04;1349;27;3501.00;202
8635;24;621803275;8635;435;9984;10185;4.94;0.30;354.84;14.04;1349;27;3502.00;201
8637;24;621803290;8637;435;9984;10185;4.87;0.30;354.88;14.04;1347;27;3503.00;201
8638;24;621803303;8638;440;9995;10198;4.79;0.29;354.94;14.03;1357;27;3504.00;203
8643;24;621803319;8643;437;9997;10198;4.72;0.29;355.09;14.15;1354;27;3505.00;201
8647;24;621803336;8647;444;9997;10198;4.68;0.28;355.17;14.15;1350;27;3506.00;201
8647;24;621803351;8647;449;9998;10199;4.70;0.29;355.17;14.15;1351;27;3507.00;201
8650;24;621803365;8650;447;9998;10200;4.71;0.29;355.22;14.15;1348;27;3508.00;202
8654;24;621803380;8654;451;9998;10200;4.72;0.29;355.22;14.15;1344;27;3509.00;202
8657;24;621803397;8657;449;10002;10206;4.73;0.29;355.35;14.14;1345;27;3510.00;204
8658;24;621803413;8658;456;10003;10206;4.72;0.29;355.48;14.14;1345;27;3511.00;203
8661;24;621803432;8661;455;10004;10206;4.66;0.28;355.56;14.14;1343;27;3512.00;202
8663;24;621803456;8663;460;10004;10206;4.66;0.28;355.58;14.14;1341;27;3513.00;202
8666;24;621803482;8666;464;10009;10212;4.65;0.28;355.63;14.13;1343;27;3514.00;203
8667;24;621803503;8667;478;10009;10212;4.60;0.28;355.67;14.13;1342;27;3515.00;203
8671;24;621803524;8671;486;10009;10212;4.58;0.28;355.74;14.13;1338;27;3516.00;203
8673;24;621803543;8673;495;10009;10212;4.55;0.28;355.91;14.13;1336;27;3517.00;203
8675;24;621803559;8675;492;10012;10216;4.53;0.28;355.99;14.13;1337;27;3518.00;204
8679;24;621803575;8679;502;10015;10219;4.45;0.27;356.08;14.12;1336;27;3519.00;204
8681;24;621803593;8681;506;10015;10219;4.40;0.27;356.13;14.12;1334;27;3520.00;204
8683;24;621803608;8683;502;10016;10220;4.37;0.27;356.15;14.12;1333;27;3521.00;204
8686;24;621803624;8686;505;10016;10220;4.33;0.26;356.14;14.12;1330;27;3522.00;204
8689;24;621803639;8689;513;10016;10220;4.29;0.26;356.30;14.12;1327;27;3523.00;204
8690;24;621803655;8690;522;10016;10220;4.28;0.26;356.30;14.12;1326;27;3524.00;204
8692;24;621803669;8692;527;10016;10220;4.23;0.26;356.30;14.12;1324;27;3525.00;204
8692;24;621803683;8692;530;10016;10220;4.26;0.26;356.30;14.12;1324;27;3526.00;204
8694;24;621803698;8694;545;10016;10220;4.27;0.26;356.38;14.12;1322;27;3527.00;204
8694;24;621803712;8694;548;10050;10290;4.46;0.27;356.38;14.07;1356;27;3528.00;240
8698;24;621803733;8698;549;10050;10291;4.47;0.27;356.35;14.07;1352;27;3529.00;241
8699;24;621803747;8699;549;10059;10291;4.51;0.28;356.32;14.13;1360;27;3530.00;232
8702;24;621803762;8702;558;10065;10291;4.44;0.27;356.40;14.12;1363;27;3531.00;226
8705;24;621803777;8705;566;10069;10291;4.39;0.27;356.31;14.18;1364;27;3532.00;222
8707;24;621803791;8707;573;10071;10291;4.41;0.27;356.38;14.18;1364;27;3533.00;220
8707;24;621803808;8707;574;10074;10291;4.43;0.27;356.38;14.18;1367;27;3534.00;217
8710;24;621803825;8710;581;10078;10291;4.38;0.27;356.44;14.30;1368;27;3535.00;213
8715;24;621803841;8715;585;10079;10292;4.31;0.26;356.40;14.30;1364;27;3536.00;213
8717;24;621803857;8717;588;10082;10293;4.29;0.26;356.37;14.37;1365;27;3537.00;211
8720;24;621803872;8720;594;10084;10293;4.25;0.26;356.35;14.36;1364;27;3538.00;209
8721;24;621803888;8721;591;10091;10297;4.25;0.26;356.31;14.42;1370;27;3539.00;206
8723;24;621803905;8723;591;10093;10297;4.22;0.26;356.29;14.42;1370;27;3540.00;204
8726;24;621803920;8726;602;10093;10297;4.19;0.26;356.35;14.42;1367;27;3541.00;204
8727;24;621803935;8727;608;10094;10297;4.15;0.26;356.36;14.49;1367;27;3542.00;203
8731;24;621803950;8731;611;10099;10303;4.13;0.25;356.32;14.48;1368;27;3543.00;204
8734;24;621803965;8734;618;10100;10303;4.04;0.25;356.24;14.54;1366;27;3544.00;203
8734;24;621803980;8734;614;10100;10303;3.97;0.24;356.24;14.54;1366;27;3545.00;203
8736;24;621803994;8736;623;10102;10306;3.93;0.24;356.24;14.54;1366;27;3546.00;204
8738;24;621804008;8738;632;10102;10306;3.88;0.24;356.23;14.54;1364;27;3547.00;204
8739;24;621804022;8739;640;10103;10306;3.83;0.23;356.21;14.54;1364;27;3548.00;203
8740;24;621804035;8740;645;10107;10307;3.77;0.23;356.18;14.79;1367;27;3549.00;200
8740;24;621804050;8740;649;10109;10308;3.77;0.23;356.18;14.85;1369;27;3550.00;199
8741;24;621804069;8741;644;10109;10308;3.72;0.23;356.16;14.85;1368;27;3551.00;199
8743;24;621804083;8743;651;10121;10321;3.76;0.23;356.10;14.90;1378;27;3552.00;200
8748;24;621804099;8748;664;10121;10321;3.70;0.23;356.07;14.90;1373;27;3553.00;200
8750;24;621804113;8750;667;10121;10321;3.67;0.22;356.01;14.90;1371;27;3554.00;200
8752;24;621804127;8752;671;10123;10323;3.64;0.22;355.95;14.90;1371;27;3555.00;200
8752;24;621804141;8752;670;10123;10323;3.65;0.22;355.95;14.90;1371;27;3556.00;200
8753;24;621804154;8753;667;10129;10327;3.66;0.22;355.92;15.01;1376;27;3557.00;198
8753;24;621804168;8753;672;10129;10327;3.69;0.23;355.92;15.01;1376;27;3558.00;198
8755;24;621804182;8755;670;10132;10331;3.65;0.22;355.89;15.01;1377;27;3559.00;199
8756;24;621804195;8756;672;10132;10331;3.62;0.22;355.87;15.01;1376;27;3560.00;199
8758;24;621804208;8758;673;10132;10331;3.59;0.22;355.83;15.01;1374;27;3561.00;199
8762;24;621804221;8762;673;10132;10331;3.53;0.22;355.75;15.01;1370;27;3562.00;199
8764;24;621804234;8764;665;10132;10331;3.51;0.21;355.72;15.01;1368;27;3563.00;199
8767;24;621804247;8767;656;10141;10343;3.54;0.22;355.69;15.00;1374;27;3564.00;202
8769;24;621804263;8769;652;10141;10343;3.52;0.21;355.70;15.00;1372;27;3565.00;202
8772;24;621804276;8772;644;10143;10343;3.50;0.21;355.66;14.99;1371;27;3566.00;200
8773;24;621804290;8773;654;10143;10343;3.51;0.21;355.64;14.99;1370;27;3567.00;200
8777;24;621804303;8777;652;10143;10343;3.47;0.21;355.69;14.99;1366;27;3568.00;200
8778;24;621804316;8778;645;10143;10343;3.42;0.21;355.68;14.99;1365;27;3569.00;200
8780;24;621804337;8780;630;10143;10344;3.46;0.21;355.69;14.99;1363;27;3570.00;201
8782;24;621804351;8782;621;10143;10344;3.50;0.21;355.66;14.99;1361;27;3571.00;201
8786;24;621804364;8786;618;10148;10350;3.59;0.22;355.65;14.99;1362;27;3572.00;202
8788;24;621804385;8788;609;10149;10351;3.63;0.22;355.65;14.99;1361;27;3573.00;202
8789;24;621804405;8789;605;10149;10351;3.66;0.22;355.64;14.99;1360;27;3574.00;202
8793;24;621804420;8793;599;10149;10351;3.67;0.22;355.67;14.99;1356;27;3575.00;202
8795;24;621804435;8795;601;10152;10355;3.72;0.23;355.66;14.98;1357;27;3576.00;203
8797;24;621804456;8797;591;10152;10355;3.77;0.23;355.62;14.98;1355;27;3577.00;203
8800;24;621804471;8800;580;10152;10355;3.81;0.23;355.59;14.98;1352;27;3578.00;203
8802;24;621804485;8802;571;10153;10356;3.84;0.23;355.61;14.98;1351;27;3579.00;203
8804;24;621804498;8804;570;10156;10360;3.87;0.24;355.57;14.98;1352;27;3580.00;204
8806;24;621804512;8806;572;10156;10360;3.88;0.24;355.56;14.98;1350;27;3581.00;204
8809;24;621804525;8809;563;10159;10363;3.90;0.24;355.55;14.97;1350;27;3582.00;204
8811;24;621804539;8811;559;10159;10363;3.95;0.24;355.54;14.97;1348;27;3583.00;204
8814;24;621804553;8814;550;10159;10363;4.00;0.24;355.50;14.97;1345;27;3584.00;204
8817;24;621804567;8817;546;10159;10363;4.05;0.25;355.60;14.97;1342;27;3585.00;204
8819;24;621804581;8819;539;10163;10367;4.15;0.25;355.66;14.97;1344;27;3586.00;204
8821;24;621804596;8821;537;10163;10367;4.20;0.26;355.72;14.97;1342;27;3587.00;204
8827;24;621804609;8827;531;10163;10367;4.21;0.26;355.72;14.97;1336;27;3588.00;204
8829;24;621804624;8829;526;10163;10367;4.26;0.26;355.77;14.97;1334;27;3589.00;204
8835;24;621804638;8835;519;10163;10368;4.27;0.26;355.77;14.97;1328;27;3590.00;205
8838;24;621804652;8838;508;10164;10369;4.30;0.26;355.77;14.96;1326;27;3591.00;205
8842;24;621804667;8842;504;10164;10369;4.36;0.26;355.79;14.96;1322;27;3592.00;205
8847;24;621804681;8847;507;10165;10370;4.34;0.26;355.83;14.96;1318;27;3593.00;205
8848;24;621804696;8848;497;10165;10370;4.37;0.27;355.85;14.96;1317;27;3594.00;205
8851;24;621804711;8851;505;10165;10370;4.41;0.27;356.08;14.96;1314;27;3595.00;205
8854;24;621804725;8854;506;10165;10370;4.44;0.27;356.05;14.96;1311;27;3596.00;205
8859;24;621804739;8859;510;10165;10370;4.46;0.27;356.20;14.96;1306;27;3597.00;205
8861;24;621804753;8861;512;10165;10370;4.51;0.27;356.19;14.96;1304;27;3598.00;205
8866;24;621804767;8866;509;10165;10370;4.55;0.28;356.32;14.96;1299;27;3599.00;205
8870;24;621804784;8870;546;10290;10623;4.79;0.30;356.49;14.78;1420;27;3600.00;333
8877;24;621804821;8877;530;10295;10624;4.80;0.30;356.57;14.77;1418;27;3601.00;329
8880;24;621804837;8880;526;10305;10624;4.82;0.30;356.76;14.76;1425;27;3602.00;319
8884;24;621804852;8884;514;10314;10624;4.87;0.30;356.94;14.75;1430;27;3603.00;310
8888;24;621804867;8888;506;10319;10624;4.94;0.31;357.11;14.75;1431;27;3604.00;305
8890;24;621804883;8890;497;10325;10624;4.96;0.31;357.23;14.74;1435;27;3605.00;299
8894;24;621804898;8894;499;10332;10624;4.99;0.31;357.35;14.73;1438;27;3606.00;292
8898;24;621804914;8898;492;10333;10624;4.99;0.31;357.31;14.73;1435;27;3607.00;291
8901;24;621804929;8901;491;10336;10625;5.02;0.31;357.31;14.73;1435;27;3608.00;289
8904;24;621804945;8904;494;10337;10626;5.05;0.31;357.37;14.73;1433;27;3609.00;289
8907;24;621804961;8907;493;10341;10626;5.01;0.31;357.51;14.73;1434;27;3610.00;285
8912;24;621804977;8912;507;10344;10627;4.91;0.30;357.62;14.73;1432;27;3611.00;283
8916;24;621804992;8916;510;10345;10627;4.79;0.30;357.65;14.73;1429;27;3612.00;282
8919;24;621805008;8919;515;10345;10627;4.70;0.29;357.67;14.73;1426;27;3613.00;282
8924;24;621805024;8924;529;10347;10627;4.58;0.28;357.75;14.73;1423;27;3614.00;280
8925;24;621805039;8925;549;10351;10631;4.52;0.28;357.80;14.72;1426;27;3615.00;280
8926;24;621805055;8926;559;10354;10631;4.50;0.28;357.80;14.72;1428;27;3616.00;277
8932;24;621805076;8932;556;10354;10631;4.45;0.27;357.84;14.72;1422;27;3617.00;277
8934;24;621805091;8934;555;10357;10634;4.43;0.27;357.89;14.72;1423;27;3618.00;277
8936;24;621805107;8936;558;10358;10634;4.45;0.27;357.93;14.72;1422;27;3619.00;276
8939;24;621805122;8939;554;10359;10634;4.48;0.28;358.08;14.72;1420;27;3620.00;275
8940;24;621805137;8940;543;10362;10638;4.53;0.28;358.17;14.72;1422;27;3621.00;276
8942;24;621805154;8942;543;10363;10639;4.53;0.28;358.20;14.72;1421;27;3622.00;276
8946;24;621805169;8946;552;10365;10639;4.55;0.28;358.31;14.72;1419;27;3623.00;274
8949;24;621805184;8949;549;10366;10643;4.55;0.28;358.35;14.72;1417;27;3624.00;277
8949;24;621805200;8949;550;10367;10643;4.55;0.28;358.35;14.73;1418;27;3625.00;276
8950;24;621805216;8950;535;10370;10643;4.55;0.28;358.47;14.73;1420;27;3626.00;273
8952;25;621805231;8952;522;10371;10644;4.55;0.28;358.55;14.73;1419;28;3627.00;273
8954;25;621805254;8954;514;10373;10644;4.53;0.28;358.61;14.73;1419;28;3628.00;271
8956;25;621805271;8956;501;10380;10650;4.56;0.28;358.71;14.73;1424;28;3629.00;270
8959;25;621805289;8959;498;10384;10650;4.54;0.28;358.88;14.79;1425;28;3630.00;266
8961;25;621805305;8961;496;10386;10651;4.51;0.28;358.89;14.79;1425;28;3631.00;265
8961;25;621805321;8961;494;10388;10651;4.53;0.28;358.89;14.79;1427;28;3632.00;263
8964;25;621805337;8964;504;10390;10651;4.51;0.27;359.00;14.79;1426;28;3633.00;261
8966;25;621805352;8966;501;10391;10651;4.50;0.27;359.04;14.79;1425;28;3634.00;260
8970;25;621805368;8970;510;10393;10651;4.50;0.27;359.22;14.79;1423;28;3635.00;258
8971;25;621805384;8971;515;10399;10663;4.51;0.28;359.26;14.78;1428;28;3636.00;264
8973;25;621805400;8973;512;10399;10663;4.47;0.27;359.29;14.78;1426;28;3637.00;264
8975;25;621805418;8975;514;10401;10663;4.49;0.28;359.33;14.78;1426;28;3638.00;262
8977;25;621805439;8977;525;10402;10663;4.55;0.28;359.36;14.79;1425;28;3639.00;261
8981;25;621805474;8981;524;10403;10663;4.55;0.28;359.56;14.79;1422;28;3640.00;260
8983;25;621805499;8983;524;10405;10663;4.57;0.28;359.57;14.79;1422;28;3641.00;258
8985;25;621805522;8985;534;10410;10667;4.59;0.28;359.66;14.78;1425;28;3642.00;257
8990;25;621805544;8990;529;10411;10667;4.57;0.28;359.95;14.78;1421;28;3643.00;256
8993;25;621805562;8993;526;10415;10671;4.60;0.28;360.05;14.78;1422;28;3644.00;256
8997;25;621805580;8997;530;10417;10673;4.62;0.28;360.15;14.78;1420;28;3645.00;256
9000;25;621805598;9000;541;10419;10673;4.63;0.28;360.21;14.77;1419;28;3646.00;254
9001;25;621805615;9001;541;10420;10673;4.66;0.28;360.24;14.77;1419;28;3647.00;253
9002;25;621805633;9002;538;10429;10686;4.72;0.29;360.22;14.76;1427;28;3648.00;257
9007;25;621805656;9007;539;10429;10686;4.73;0.29;360.36;14.76;1422;28;3649.00;257
9007;25;621805679;9007;540;10429;10686;4.79;0.29;360.36;14.76;1422;28;3650.00;257
9010;25;621805695;9010;534;10430;10687;4.79;0.29;360.31;14.76;1420;28;3651.00;257
9012;25;621805712;9012;531;10430;10688;4.76;0.29;360.41;14.76;1418;28;3652.00;258
9014;25;621805729;9014;529;10430;10688;4.73;0.29;360.46;14.76;1416;28;3653.00;258
9015;25;621805746;9015;533;10433;10691;4.70;0.29;360.50;14.82;1418;28;3654.00;258
9017;25;621805763;9017;532;10433;10691;4.62;0.28;360.51;14.82;1416;28;3655.00;258
9020;25;621805779;9020;536;10434;10691;4.54;0.28;360.64;14.82;1414;28;3656.00;257
9021;25;621805797;9021;545;10435;10691;4.47;0.27;360.61;14.87;1414;28;3657.00;256
9021;25;621805812;9021;546;10440;10697;4.40;0.27;360.61;14.86;1419;28;3658.00;257
9023;25;621805828;9023;551;10440;10697;4.35;0.27;360.62;14.86;1417;28;3659.00;257
9025;25;621805850;9025;546;10440;10697;4.33;0.26;360.66;14.86;1415;28;3660.00;257
9026;25;621805867;9026;558;10440;10697;4.32;0.26;360.65;14.86;1414;28;3661.00;257
9027;25;621805886;9027;546;10443;10701;4.26;0.26;360.61;14.86;1416;28;3662.00;258
9028;25;621805903;9028;543;10444;10702;4.30;0.26;360.63;14.86;1416;28;3663.00;258
9033;25;621805919;9033;547;10444;10702;4.32;0.26;360.61;14.86;1411;28;3664.00;258
9035;25;621805936;9035;545;10445;10703;4.38;0.27;360.64;14.85;1410;28;3665.00;258
9037;25;621805954;9037;545;10445;10703;4.40;0.27;360.71;14.85;1408;28;3666.00;258
9041;25;621805971;9041;545;10445;10703;4.42;0.27;360.79;14.85;1404;28;3667.00;258
9042;25;621805987;9042;546;10445;10703;4.45;0.27;360.86;14.85;1403;28;3668.00;258
9045;25;621806002;9045;555;10446;10703;4.47;0.27;360.99;14.86;1401;28;3669.00;257
9046;25;621806018;9046;554;10446;10703;4.49;0.27;361.00;14.86;1400;28;3670.00;257
9054;25;621806033;9054;557;10446;10703;4.42;0.27;361.10;14.86;1392;28;3671.00;257
9057;25;621806048;9057;555;10477;10773;4.45;0.27;361.08;14.81;1420;28;3672.00;296
9058;25;621806070;9058;558;10477;10774;4.46;0.27;361.09;14.81;1419;28;3673.00;297
9061;25;621806085;9061;547;10482;10774;4.48;0.27;361.15;14.81;1421;28;3674.00;292
9065;25;621806102;9065;547;10489;10774;4.44;0.27;361.24;14.95;1424;28;3675.00;285
9067;25;621806122;9067;551;10491;10774;4.45;0.27;361.25;14.95;1424;28;3676.00;283
9068;25;621806138;9068;541;10495;10774;4.45;0.27;361.27;14.94;1427;28;3677.00;279
9072;25;621806155;9072;551;10497;10774;4.44;0.27;361.41;14.94;1425;28;3678.00;277
9073;25;621806171;9073;549;10499;10774;4.45;0.27;361.38;14.94;1426;28;3679.00;275
9075;25;621806187;9075;550;10501;10775;4.44;0.27;361.43;14.94;1426;28;3680.00;274
9079;25;621806203;9079;548;10505;10776;4.45;0.27;361.45;14.94;1426;28;3681.00;271
9080;25;621806219;9080;542;10506;10776;4.43;0.27;361.45;14.94;1426;28;3682.00;270
9082;25;621806235;9082;534;10510;10780;4.42;0.27;361.45;14.93;1428;28;3683.00;270
9083;25;621806251;9083;532;10511;10780;4.44;0.27;361.42;14.93;1428;28;3684.00;269
9086;25;621806267;9086;529;10512;10780;4.38;0.27;361.35;14.93;1426;28;3685.00;268
9088;25;621806283;9088;534;10513;10780;4.36;0.27;361.36;14.93;1425;28;3686.00;267
9089;25;621806299;9089;536;10518;10786;4.36;0.27;361.37;14.93;1429;28;3687.00;268
9090;25;621806315;9090;534;10519;10786;4.33;0.26;361.36;14.93;1429;28;3688.00;267
9092;25;621806331;9092;540;10520;10786;4.29;0.26;361.34;14.94;1428;28;3689.00;266
9095;25;621806348;9095;541;10524;10792;4.29;0.26;361.32;14.93;1429;28;3690.00;268
9097;25;621806365;9097;550;10526;10792;4.29;0.26;361.32;14.93;1429;28;3691.00;266
9102;25;621806381;9102;549;10529;10792;4.25;0.26;361.30;14.94;1427;28;3692.00;263
9102;25;621806396;9102;556;10529;10793;4.22;0.26;361.30;14.94;1427;28;3693.00;264
9106;25;621806413;9106;562;10530;10794;4.18;0.25;361.26;14.94;1424;28;3694.00;264
9111;25;621806430;9111;570;10532;10794;4.15;0.25;361.40;14.95;1421;28;3695.00;262
9112;25;621806446;9112;574;10542;10807;4.18;0.26;361.42;14.93;1430;28;3696.00;265
9115;25;621806462;9115;586;10544;10807;4.15;0.25;361.37;14.94;1429;28;3697.00;263
9117;25;621806479;9117;590;10544;10807;4.10;0.25;361.34;14.94;1427;28;3698.00;263
9118;25;621806494;9118;595;10546;10808;4.04;0.25;361.35;14.95;1428;28;3699.00;262
9118;25;621806509;9118;609;10547;10808;3.99;0.24;361.35;15.02;1429;28;3700.00;261
9120;25;621806527;9120;620;10552;10812;3.93;0.24;361.32;15.02;1432;28;3701.00;260
9123;25;621806543;9123;629;10552;10812;3.88;0.24;361.37;15.02;1429;28;3702.00;260
9124;25;621806563;9124;637;10557;10816;3.88;0.24;361.35;15.10;1433;28;3703.00;259
9126;25;621806578;9126;642;10557;10816;3.87;0.24;361.35;15.10;1431;28;3704.00;259
9129;25;621806593;9129;645;10560;10816;3.86;0.24;361.32;15.25;1431;28;3705.00;256
9131;25;621806607;9131;647;10560;10816;3.81;0.23;361.34;15.25;1429;28;3706.00;256
9135;25;621806622;9135;653;10560;10816;3.76;0.23;361.27;15.25;1425;28;3707.00;256
9136;25;621806636;9136;665;10573;10828;3.76;0.23;361.25;15.38;1437;28;3708.00;255
9136;25;621806652;9136;665;10574;10828;3.78;0.23;361.25;15.38;1438;28;3709.00;254
9139;25;621806666;9139;669;10576;10828;3.73;0.23;361.18;15.39;1437;28;3710.00;252
9140;25;621806680;9140;665;10578;10828;3.71;0.23;361.19;15.53;1438;28;3711.00;250
9141;25;621806694;9141;668;10580;10828;3.72;0.23;361.22;15.54;1439;28;3712.00;248
9144;25;621806708;9144;668;10582;10828;3.68;0.23;361.17;15.68;1438;28;3713.00;246
9145;25;621806722;9145;676;10582;10829;3.67;0.23;361.23;15.68;1437;28;3714.00;247
9146;26;621806736;9146;671;10583;10829;3.69;0.23;361.22;15.68;1437;29;3715.00;246
9147;26;621806766;9147;666;10591;10835;3.74;0.23;361.22;15.81;1444;29;3716.00;244
9149;26;621806781;9149;660;10593;10836;3.77;0.23;361.32;15.81;1444;29;3717.00;243
9149;26;621806796;9149;659;10595;10836;3.82;0.23;361.32;15.94;1446;29;3718.00;241
9151;26;621806811;9151;652;10595;10836;3.85;0.24;361.29;15.94;1444;29;3719.00;241
9152;26;621806826;9152;652;10599;10841;3.90;0.24;361.25;15.94;1447;29;3720.00;242
9154;26;621806842;9154;649;10599;10841;3.89;0.24;361.21;15.94;1445;29;3721.00;242
9154;26;621806862;9154;647;10599;10841;3.91;0.24;361.21;15.94;1445;29;3722.00;242
9155;26;621806876;9155;640;10600;10842;3.92;0.24;361.22;15.94;1445;29;3723.00;242
9157;26;621806890;9157;635;10603;10846;3.96;0.24;361.22;15.93;1446;29;3724.00;243
9161;26;621806905;9161;634;10603;10846;3.97;0.24;361.19;15.93;1442;29;3725.00;243
9162;26;621806919;9162;636;10605;10849;3.97;0.24;361.15;15.93;1443;29;3726.00;244
9163;26;621806934;9163;633;10605;10849;4.01;0.24;361.14;15.93;1442;29;3727.00;244
9164;26;621806948;9164;635;10606;10849;4.09;0.25;361.15;15.93;1442;29;3728.00;243
9167;26;621806962;9167;622;10606;10849;4.12;0.25;361.07;15.93;1439;29;3729.00;243
9168;26;621806977;9168;621;10610;10853;4.21;0.26;361.05;15.92;1442;29;3730.00;243
9170;26;621806991;9170;618;10610;10853;4.20;0.26;361.08;15.92;1440;29;3731.00;243
9171;26;621807006;9171;627;10610;10853;4.15;0.25;361.07;15.92;1439;29;3732.00;243
9172;26;621807020;9172;619;10610;10853;4.12;0.25;361.08;15.92;1438;29;3733.00;243
9177;26;621807033;9177;608;10610;10854;4.06;0.25;361.03;15.92;1433;29;3734.00;244
9181;26;621807047;9181;601;10612;10856;4.04;0.25;360.97;15.92;1431;29;3735.00;244
9183;26;621807061;9183;599;10612;10856;4.02;0.25;361.04;15.92;1429;29;3736.00;244
9187;26;621807075;9187;605;10613;10857;3.96;0.24;361.01;15.92;1426;29;3737.00;244
9189;26;621807089;9189;604;10613;10857;3.89;0.24;360.97;15.92;1424;29;3738.00;244
9191;26;621807103;9191;601;10613;10857;3.84;0.23;360.97;15.92;1422;29;3739.00;244
9193;26;621807116;9193;599;10613;10857;3.80;0.23;360.96;15.92;1420;29;3740.00;244
9196;26;621807129;9196;594;10613;10857;3.75;0.23;361.12;15.92;1417;29;3741.00;244
9200;26;621807143;9200;597;10613;10857;3.73;0.23;361.04;15.92;1413;29;3742.00;244
9203;26;621807156;9203;586;10613;10857;3.74;0.23;361.02;15.92;1410;29;3743.00;244
9205;26;621807170;9205;601;10679;10984;4.01;0.25;361.06;15.82;1474;29;3744.00;305
9208;26;621807194;9208;601;10682;10985;4.04;0.25;361.23;15.82;1474;29;3745.00;303
9211;26;621807210;9211;593;10688;10985;4.08;0.25;361.18;15.81;1477;29;3746.00;297
9214;26;621807224;9214;580;10690;10985;4.09;0.25;361.28;15.81;1476;29;3747.00;295
9216;26;621807239;9216;583;10694;10985;4.13;0.26;361.31;15.80;1478;29;3748.00;291
9219;26;621807254;9219;574;10694;10985;4.11;0.25;361.34;15.80;1475;29;3749.00;291
9221;26;621807270;9221;571;10698;10990;4.14;0.26;361.31;15.80;1477;29;3750.00;292
9223;26;621807285;9223;567;10701;10990;4.14;0.26;361.46;15.79;1478;29;3751.00;289
9225;26;621807300;9225;569;10702;10991;4.17;0.26;361.49;15.79;1477;29;3752.00;289
9229;26;621807315;9229;569;10703;10992;4.21;0.26;361.46;15.79;1474;29;3753.00;289
9232;26;621807330;9232;563;10705;10992;4.21;0.26;361.43;15.79;1473;29;3754.00;287
9237;26;621807345;9237;560;10709;10993;4.20;0.26;361.59;15.79;1472;29;3755.00;284
9241;26;621807361;9241;562;10710;10993;4.19;0.26;361.59;15.79;1469;29;3756.00;283
9246;26;621807376;9246;561;10710;10993;4.15;0.26;361.75;15.79;1464;29;3757.00;283
9247;26;621807392;9247;553;10711;10993;4.15;0.26;361.77;15.79;1464;29;3758.00;282
9251;26;621807407;9251;555;10713;10997;4.16;0.26;361.70;15.79;1462;29;3759.00;284
9258;26;621807424;9258;544;10714;10997;4.20;0.26;361.92;15.79;1456;29;3760.00;283
9258;26;621807447;9258;537;10714;10997;4.28;0.26;361.92;15.79;1456;29;3761.00;283
9264;26;621807476;9264;532;10715;11000;4.28;0.26;362.11;15.79;1451;29;3762.00;285
9267;26;621807500;9267;517;10715;11000;4.32;0.27;362.06;15.79;1448;29;3763.00;285
9270;26;621807523;9270;508;10715;11000;4.33;0.27;362.21;15.79;1445;29;3764.00;285
9277;26;621807546;9277;499;10719;11004;4.35;0.27;362.30;15.78;1442;29;3765.00;285
9283;26;621807565;9283;496;10719;11005;4.32;0.26;362.41;15.78;1436;29;3766.00;286
9287;26;621807583;9287;494;10720;11005;4.33;0.26;362.51;15.78;1433;29;3767.00;285
9290;26;621807601;9290;485;10722;11009;4.39;0.27;362.59;15.78;1432;29;3768.00;287
9293;26;621807620;9293;483;10723;11009;4.44;0.27;362.67;15.84;1430;29;3769.00;286
9297;26;621807639;9297;482;10724;11009;4.46;0.27;362.77;15.84;1427;29;3770.00;285
9302;26;621807656;9302;486;10725;11010;4.43;0.27;362.81;15.84;1423;29;3771.00;285
9305;26;621807674;9305;485;10727;11010;4.46;0.27;362.88;15.85;1422;29;3772.00;283
9310;26;621807691;9310;476;10730;11016;4.48;0.27;363.01;15.84;1420;29;3773.00;286
9314;26;621807708;9314;484;10731;11016;4.47;0.27;363.16;15.84;1417;29;3774.00;285
9317;26;621807725;9317;473;10734;11017;4.50;0.27;363.19;15.84;1417;29;3775.00;283
9320;26;621807741;9320;475;10734;11017;4.52;0.27;363.22;15.84;1414;29;3776.00;283
9323;26;621807757;9323;473;10736;11017;4.52;0.27;363.30;15.84;1413;29;3777.00;281
9325;26;621807773;9325;470;10736;11017;4.54;0.28;363.39;15.84;1411;29;3778.00;281
9328;26;621807789;9328;476;10736;11017;4.52;0.27;363.56;15.84;1408;29;3779.00;281
9332;26;621807807;9332;480;10758;11053;4.60;0.28;363.60;15.81;1426;29;3780.00;295
9336;26;621807827;9336;475;10760;11053;4.55;0.28;363.89;15.81;1424;29;3781.00;293
9339;26;621807844;9339;474;10761;11053;4.57;0.28;364.09;15.81;1422;29;3782.00;292
9342;26;621807860;9342;470;10762;11053;4.57;0.28;364.16;15.81;1420;29;3783.00;291
9346;26;621807884;9346;476;10764;11053;4.55;0.28;364.12;15.81;1418;29;3784.00;289
9347;26;621807902;9347;480;10764;11053;4.55;0.28;364.18;15.81;1417;29;3785.00;289
9350;27;621807917;9350;481;10770;11057;4.55;0.28;364.18;15.86;1420;30;3786.00;287
9353;27;621807952;9353;477;10772;11057;4.53;0.28;364.26;15.87;1419;30;3787.00;285
9354;27;621807970;9354;476;10778;11061;4.51;0.28;364.29;15.87;1424;30;3788.00;283
9359;27;621807987;9359;478;10779;11062;4.44;0.27;364.33;15.87;1420;30;3789.00;283
9361;27;621808003;9361;488;10781;11062;4.44;0.27;364.41;15.88;1420;30;3790.00;281
9367;27;621808020;9367;484;10781;11062;4.38;0.27;364.70;15.88;1414;30;3791.00;281
9370;27;621808037;9370;491;10788;11075;4.45;0.27;364.81;15.87;1418;30;3792.00;287
9375;27;621808055;9375;498;10788;11075;4.47;0.27;364.92;15.87;1413;30;3793.00;287
9378;27;621808072;9378;498;10792;11075;4.51;0.27;364.97;15.88;1414;30;3794.00;283
9384;27;621808089;9384;500;10793;11076;4.52;0.27;365.10;15.88;1409;30;3795.00;283
9384;27;621808111;9384;494;10794;11077;4.57;0.28;365.10;15.88;1410;30;3796.00;283
9388;27;621808133;9388;488;10794;11077;4.55;0.28;365.25;15.88;1406;30;3797.00;283
9392;27;621808150;9392;483;10799;11080;4.50;0.27;365.28;15.89;1407;30;3798.00;281
9394;27;621808173;9394;475;10802;11080;4.52;0.27;365.34;15.94;1408;30;3799.00;278
9396;27;621808191;9396;476;10806;11080;4.53;0.28;365.42;15.94;1410;30;3800.00;274
9397;27;621808212;9397;472;10806;11080;4.55;0.28;365.43;15.94;1409;30;3801.00;274
9398;27;621808229;9398;482;10811;11086;4.60;0.28;365.44;15.94;1413;30;3802.00;275
9401;27;621808245;9401;476;10812;11086;4.56;0.28;365.51;15.94;1411;30;3803.00;274
9403;27;621808263;9403;483;10813;11086;4.57;0.28;365.63;15.94;1410;30;3804.00;273
9405;27;621808279;9405;490;10816;11086;4.56;0.28;365.66;15.94;1411;30;3805.00;270
9408;27;621808296;9408;497;10819;11090;4.51;0.27;365.68;15.94;1411;30;3806.00;271
9411;27;621808313;9411;501;10820;11091;4.46;0.27;365.72;15.93;1409;30;3807.00;271
9413;27;621808329;9413;504;10822;11091;4.46;0.27;365.79;15.93;1409;30;3808.00;269
9416;27;621808345;9416;498;10823;11092;4.47;0.27;365.85;15.98;1407;30;3809.00;269
9419;27;621808363;9419;494;10824;11092;4.45;0.27;365.93;15.98;1405;30;3810.00;268
9422;27;621808380;9422;496;10824;11092;4.43;0.27;365.95;15.98;1402;30;3811.00;268
9425;27;621808398;9425;492;10824;11092;4.44;0.27;366.01;15.98;1399;30;3812.00;268
9428;27;621808416;9428;499;10825;11092;4.45;0.27;366.03;15.98;1397;30;3813.00;267
9432;27;621808439;9432;498;10825;11092;4.44;0.27;366.16;15.98;1393;30;3814.00;267
9435;27;621808460;9435;495;10825;11092;4.45;0.27;366.19;15.98;1390;30;3815.00;267
9436;27;621808476;9436;508;10858;11162;4.48;0.27;366.21;15.93;1422;30;3816.00;304
9438;27;621808498;9438;514;10862;11163;4.49;0.27;366.28;15.94;1424;30;3817.00;301
9439;27;621808513;9439;514;10868;11163;4.54;0.28;366.25;15.93;1429;30;3818.00;295
9442;27;621808528;9442;521;10870;11163;4.56;0.28;366.30;15.92;1428;30;3819.00;293
9444;27;621808543;9444;522;10876;11163;4.61;0.28;366.44;15.97;1432;30;3820.00;287
9445;27;621808559;9445;525;10880;11163;4.65;0.28;366.43;15.97;1435;30;3821.00;283
9448;27;621808574;9448;530;10882;11163;4.65;0.28;366.46;15.97;1434;30;3822.00;281
9451;27;621808590;9451;544;10885;11163;4.64;0.28;366.63;15.96;1434;30;3823.00;278
9454;27;621808605;9454;547;10885;11164;4.64;0.28;366.66;15.96;1431;30;3824.00;279
9456;27;621808620;9456;550;10888;11166;4.60;0.28;366.73;15.96;1432;30;3825.00;278
9456;27;621808635;9456;552;10890;11166;4.55;0.28;366.73;15.96;1434;30;3826.00;276
9456;27;621808650;9456;561;10895;11170;4.52;0.27;366.73;15.95;1439;30;3827.00;275
9457;27;621808665;9457;564;10897;11170;4.48;0.27;366.72;15.95;1440;30;3828.00;273
9460;27;621808680;9460;569;10898;11170;4.45;0.27;366.79;15.95;1438;30;3829.00;272
9462;27;621808696;9462;568;10898;11170;4.41;0.27;366.73;15.95;1436;30;3830.00;272
9462;27;621808711;9462;572;10902;11176;4.41;0.27;366.73;15.95;1440;30;3831.00;274
9464;27;621808727;9464;569;10902;11176;4.36;0.27;366.69;15.95;1438;30;3832.00;274
9465;27;621808743;9465;569;10902;11176;4.37;0.27;366.68;15.95;1437;30;3833.00;274
9466;27;621808758;9466;555;10904;11179;4.39;0.27;366.66;15.94;1438;30;3834.00;275
9471;27;621808774;9471;561;10905;11179;4.34;0.26;366.76;16.00;1434;30;3835.00;274
9472;27;621808792;9472;557;10906;11179;4.37;0.27;366.80;16.00;1434;30;3836.00;273
9474;27;621808808;9474;554;10906;11180;4.35;0.27;366.83;16.00;1432;30;3837.00;274
9475;27;621808823;9475;547;10907;11181;4.28;0.26;366.86;15.99;1432;30;3838.00;274
9477;27;621808840;9477;556;10907;11181;4.26;0.26;366.86;15.99;1430;30;3839.00;274
9480;27;621808857;9480;550;10924;11207;4.26;0.26;366.81;15.97;1444;30;3840.00;283
9484;27;621808874;9484;545;10924;11207;4.18;0.25;366.79;15.97;1440;30;3841.00;283
9489;27;621808889;9489;548;10926;11207;4.16;0.25;366.78;15.97;1437;30;3842.00;281
9491;27;621808904;9491;547;10928;11208;4.14;0.25;366.73;15.96;1437;30;3843.00;280
9493;27;621808919;9493;543;10928;11208;4.12;0.25;366.71;15.96;1435;30;3844.00;280
9497;27;621808934;9497;544;10933;11212;4.13;0.25;366.77;16.11;1436;30;3845.00;279
9498;27;621808953;9498;552;10935;11214;4.14;0.25;366.76;16.11;1437;30;3846.00;279
9502;27;621808968;9502;550;10938;11218;4.13;0.25;366.74;16.10;1436;30;3847.00;280
9504;27;621808984;9504;547;10938;11218;4.11;0.25;366.71;16.10;1434;30;3848.00;280
9507;27;621808999;9507;544;10938;11218;4.12;0.25;366.65;16.10;1431;30;3849.00;280
9508;27;621809014;9508;545;10938;11218;4.13;0.25;366.62;16.10;1430;30;3850.00;280
9510;27;621809029;9510;544;10938;11218;4.17;0.25;366.62;16.10;1428;30;3851.00;280
9516;27;621809044;9516;546;10947;11230;4.24;0.26;366.63;16.09;1431;30;3852.00;283
9516;27;621809060;9516;546;10948;11230;4.27;0.26;366.63;16.09;1432;30;3853.00;282
9519;27;621809076;9519;538;10949;11230;4.27;0.26;366.56;16.09;1430;30;3854.00;281
9521;27;621809091;9521;541;10949;11230;4.30;0.26;366.52;16.09;1428;30;3855.00;281
9523;27;621809106;9523;546;10949;11230;4.35;0.27;366.61;16.09;1426;30;3856.00;281
9524;27;621809121;9524;543;10950;11230;4.33;0.26;366.64;16.09;1426;30;3857.00;280
9526;27;621809136;9526;546;10950;11231;4.32;0.26;366.57;16.09;1424;30;3858.00;281
9526;27;621809151;9526;550;10950;11231;4.32;0.26;366.57;16.09;1424;30;3859.00;281
9528;27;621809166;9528;560;10955;11237;4.34;0.26;366.59;16.08;1427;30;3860.00;282
9531;28;621809182;9531;563;10958;11238;4.30;0.26;366.54;16.09;1427;31;3861.00;280
9531;28;621809205;9531;569;10958;11238;4.27;0.26;366.54;16.09;1427;31;3862.00;280
9534;28;621809225;9534;568;10958;11238;4.21;0.26;366.61;16.09;1424;31;3863.00;280
9534;28;621809240;9534;576;10961;11242;4.18;0.26;366.61;16.08;1427;31;3864.00;281
9537;28;621809255;9537;579;10963;11242;4.16;0.25;366.54;16.08;1426;31;3865.00;279
9537;28;621809271;9537;583;10963;11242;4.15;0.25;366.54;16.08;1426;31;3866.00;279
9539;28;621809285;9539;567;10964;11243;4.13;0.25;366.57;16.08;1425;31;3867.00;279
9546;28;621809300;9546;554;10967;11247;4.12;0.25;366.61;16.08;1421;31;3868.00;280
9546;28;621809316;9546;546;10967;11247;4.18;0.25;366.61;16.08;1421;31;3869.00;280
9550;28;621809332;9550;535;10971;11253;4.23;0.26;366.57;16.07;1421;31;3870.00;282
9550;28;621809348;9550;532;10973;11253;4.26;0.26;366.57;16.15;1423;31;3871.00;280
9552;28;621809362;9552;532;10974;11253;4.29;0.26;366.54;16.15;1422;31;3872.00;279
9553;28;621809378;9553;531;10974;11253;4.30;0.26;366.52;16.15;1421;31;3873.00;279
9558;28;621809393;9558;536;10978;11257;4.34;0.26;366.53;16.14;1420;31;3874.00;279
9559;28;621809409;9559;543;10978;11257;4.35;0.26;366.54;16.14;1419;31;3875.00;279
9559;28;621809424;9559;548;10979;11257;4.40;0.27;366.54;16.22;1420;31;3876.00;278
9560;28;621809448;9560;547;10980;11257;4.38;0.27;366.55;16.30;1420;31;3877.00;277
9561;28;621809483;9561;554;10981;11258;4.37;0.27;366.56;16.37;1420;31;3878.00;277
9563;28;621809505;9563;550;10983;11259;4.36;0.27;366.55;16.45;1420;31;3879.00;276
9563;28;621809526;9563;557;10983;11259;4.35;0.27;366.55;16.45;1420;31;3880.00;276
9564;28;621809545;9564;557;10985;11260;4.35;0.27;366.56;16.52;1421;31;3881.00;275
9567;28;621809562;9567;568;10989;11260;4.29;0.26;366.55;16.83;1422;31;3882.00;271
9568;28;621809578;9568;571;10990;11260;4.29;0.26;366.57;16.91;1422;31;3883.00;270
9570;28;621809602;9570;576;10990;11260;4.29;0.26;366.54;16.91;1420;31;3884.00;270
9570;28;621809619;9570;577;10991;11260;4.30;0.26;366.54;16.98;1421;31;3885.00;269
9570;28;621809633;9570;582;10991;11260;4.32;0.26;366.54;16.98;1421;31;3886.00;269
9572;28;621809649;9572;580;10992;11260;4.30;0.26;366.56;17.06;1420;31;3887.00;268
9573;28;621809664;9573;596;11061;11387;4.54;0.28;366.60;17.03;1488;31;3888.00;326
9574;28;621809690;9574;587;11065;11388;4.52;0.28;366.69;17.02;1491;31;3889.00;323
9578;28;621809707;9578;576;11075;11388;4.54;0.28;366.67;17.09;1497;31;3890.00;313
9582;28;621809723;9582;575;11079;11388;4.53;0.28;366.79;17.16;1497;31;3891.00;309
9586;28;621809738;9586;570;11084;11388;4.45;0.27;366.82;17.23;1498;31;3892.00;304
9587;28;621809755;9587;571;11086;11388;4.41;0.27;366.79;17.30;1499;31;3893.00;302
9589;28;621809771;9589;574;11089;11388;4.38;0.27;366.74;17.30;1500;31;3894.00;299
9591;28;621809788;9591;574;11092;11388;4.36;0.27;366.80;17.44;1501;31;3895.00;296
9592;28;621809804;9592;580;11093;11389;4.35;0.27;366.85;17.44;1501;31;3896.00;296
9595;28;621809821;9595;592;11098;11390;4.36;0.27;366.91;17.44;1503;31;3897.00;292
9596;28;621809838;9596;587;11100;11390;4.37;0.27;367.02;17.51;1504;31;3898.00;290
9599;28;621809854;9599;592;11102;11391;4.37;0.27;367.12;17.58;1503;31;3899.00;289
9604;28;621809873;9604;598;11111;11406;4.35;0.27;367.23;17.57;1507;31;3900.00;295
9605;28;621809897;9605;589;11114;11406;4.36;0.27;367.28;17.72;1509;31;3901.00;292
9609;28;621809913;9609;593;11114;11406;4.31;0.26;367.27;17.72;1505;31;3902.00;292
9612;28;621809929;9612;599;11118;11410;4.27;0.26;367.37;17.79;1506;31;3903.00;292
9615;28;621809947;9615;602;11121;11410;4.20;0.26;367.30;17.79;1506;31;3904.00;289
9620;28;621809964;9620;607;11122;11410;4.10;0.25;367.32;17.79;1502;31;3905.00;288
9622;28;621809984;9622;609;11123;11413;4.06;0.25;367.34;17.78;1501;31;3906.00;290
9626;28;621810002;9626;622;11124;11413;4.00;0.24;367.31;17.78;1498;31;3907.00;289
9626;28;621810028;9626;635;11125;11413;3.97;0.24;367.31;17.78;1499;31;3908.00;288
9631;28;621810052;9631;637;11129;11417;3.90;0.24;367.30;17.78;1498;31;3909.00;288
9633;28;621810070;9633;626;11129;11418;3.87;0.24;367.43;17.78;1496;31;3910.00;289
9635;28;621810086;9635;626;11130;11418;3.86;0.24;367.44;17.78;1495;31;3911.00;288
9638;28;621810102;9638;623;11133;11422;3.86;0.24;367.46;17.78;1495;31;3912.00;289
9641;28;621810119;9641;615;11133;11422;3.85;0.24;367.42;17.78;1492;31;3913.00;289
9644;28;621810135;9644;615;11134;11422;3.84;0.23;367.49;17.78;1490;31;3914.00;288
9646;28;621810152;9646;606;11137;11424;3.88;0.24;367.48;17.77;1491;31;3915.00;287
9649;28;621810168;9649;608;11137;11424;3.91;0.24;367.58;17.77;1488;31;3916.00;287
9651;28;621810184;9651;607;11142;11430;3.97;0.24;367.64;17.77;1491;31;3917.00;288
9653;28;621810201;9653;594;11142;11430;4.02;0.25;367.65;17.77;1489;31;3918.00;288
9656;28;621810218;9656;589;11142;11431;4.06;0.25;367.74;17.77;1486;31;3919.00;289
9658;28;621810234;9658;588;11142;11431;4.13;0.25;367.71;17.77;1484;31;3920.00;289
9660;28;621810252;9660;577;11142;11431;4.18;0.26;367.75;17.77;1482;31;3921.00;289
9664;28;621810269;9664;575;11142;11431;4.21;0.26;367.73;17.77;1478;31;3922.00;289
9670;28;621810286;9670;562;11144;11431;4.23;0.26;367.98;17.77;1474;31;3923.00;287
9675;28;621810303;9675;546;11149;11443;4.26;0.26;368.11;17.76;1474;31;3924.00;294
9679;28;621810321;9679;546;11149;11443;4.28;0.26;368.23;17.76;1470;31;3925.00;294
9685;28;621810338;9685;545;11151;11443;4.30;0.26;368.23;17.76;1466;31;3926.00;292
9685;28;621810355;9685;546;11151;11443;4.34;0.26;368.23;17.76;1466;31;3927.00;292
9688;28;621810378;9688;544;11151;11443;4.35;0.26;368.32;17.76;1463;31;3928.00;292
9693;28;621810396;9693;537;11153;11443;4.33;0.26;368.49;17.76;1460;31;3929.00;290
9697;28;621810415;9697;532;11157;11447;4.36;0.27;368.47;17.76;1460;31;3930.00;290
9704;28;621810433;9704;527;11158;11447;4.34;0.26;368.66;17.76;1454;31;3931.00;289
9706;28;621810452;9706;536;11160;11451;4.39;0.27;368.74;17.76;1454;31;3932.00;291
9711;28;621810470;9711;526;11161;11452;4.39;0.27;368.70;17.76;1450;31;3933.00;291
9717;28;621810488;9717;519;11161;11452;4.37;0.27;368.98;17.76;1444;31;3934.00;291
9722;28;621810504;9722;513;11162;11452;4.39;0.27;369.14;17.76;1440;31;3935.00;290
9724;28;621810520;9724;517;11170;11465;4.39;0.27;369.14;17.75;1446;31;3936.00;295
9728;28;621810537;9728;518;11170;11465;4.42;0.27;369.34;17.75;1442;31;3937.00;295
9732;28;621810553;9732;526;11171;11465;4.41;0.27;369.41;17.75;1439;31;3938.00;294
9735;28;621810569;9735;525;11172;11466;4.40;0.27;369.51;17.75;1437;31;3939.00;294
9736;28;621810586;9736;523;11174;11467;4.40;0.27;369.60;17.76;1438;31;3940.00;293
9742;28;621810601;9742;525;11175;11467;4.42;0.27;369.62;17.76;1433;31;3941.00;292
9745;28;621810618;9745;515;11179;11470;4.42;0.27;369.71;17.76;1434;31;3942.00;291
9751;28;621810634;9751;520;11179;11470;4.37;0.27;369.78;17.76;1428;31;3943.00;291
9753;28;621810650;9753;511;11179;11470;4.38;0.27;369.95;17.76;1426;31;3944.00;291
9758;28;621810667;9758;517;11184;11470;4.33;0.26;370.18;17.76;1426;31;3945.00;286
9760;28;621810682;9760;515;11188;11476;4.31;0.26;370.25;17.76;1428;31;3946.00;288
9764;28;621810699;9764;517;11190;11476;4.32;0.26;370.39;17.75;1426;31;3947.00;286
9770;28;621810714;9770;516;11191;11476;4.32;0.26;370.58;17.76;1421;31;3948.00;285
9773;28;621810730;9773;518;11191;11476;4.31;0.26;370.60;17.76;1418;31;3949.00;285
9776;28;621810745;9776;515;11196;11480;4.32;0.26;370.57;17.75;1420;31;3950.00;284
9777;28;621810761;9777;513;11198;11481;4.30;0.26;370.69;17.75;1421;31;3951.00;283
9779;28;621810776;9779;514;11199;11481;4.26;0.26;370.78;17.75;1420;31;3952.00;282
9780;28;621810791;9780;517;11201;11482;4.25;0.26;370.79;17.75;1421;31;3953.00;281
9782;28;621810807;9782;530;11202;11482;4.22;0.26;370.89;17.75;1420;31;3954.00;280
9786;28;621810822;9786;537;11203;11482;4.21;0.26;371.03;17.75;1417;31;3955.00;279
9786;28;621810838;9786;544;11203;11482;4.20;0.26;371.03;17.75;1417;31;3956.00;279
9788;28;621810852;9788;536;11203;11482;4.15;0.25;371.06;17.75;1415;31;3957.00;279
9792;28;621810868;9792;540;11203;11482;4.11;0.25;371.15;17.75;1411;31;3958.00;279
9795;28;621810883;9795;531;11203;11482;4.07;0.25;371.14;17.75;1408;31;3959.00;279
9797;28;621810900;9797;558;11274;11607;4.23;0.26;371.18;17.70;1477;31;3960.00;333
9801;28;621810925;9801;549;11278;11608;4.24;0.26;371.22;17.69;1477;31;3961.00;330
9805;28;621810942;9805;543;11285;11608;4.26;0.26;371.30;17.68;1480;31;3962.00;323
9810;28;621810957;9810;549;11285;11608;4.27;0.26;371.36;17.68;1475;31;3963.00;323
9813;28;621810974;9813;559;11289;11608;4.30;0.26;371.42;17.68;1476;31;3964.00;319
9816;28;621810995;9816;555;11290;11608;4.27;0.26;371.45;17.68;1474;31;3965.00;318
9820;28;621811017;9820;542;11295;11608;4.23;0.26;371.43;17.67;1475;31;3966.00;313
9820;28;621811033;9820;533;11298;11608;4.26;0.26;371.43;17.67;1478;31;3967.00;310
9823;28;621811055;9823;533;11301;11609;4.29;0.26;371.46;17.67;1478;31;3968.00;308
9826;28;621811071;9826;538;11305;11610;4.25;0.26;371.49;17.66;1479;31;3969.00;305
9828;28;621811087;9828;539;11307;11610;4.23;0.26;371.57;17.66;1479;31;3970.00;303
9831;28;621811109;9831;544;11312;11614;4.21;0.26;371.65;17.65;1481;31;3971.00;302
9834;28;621811126;9834;554;11313;11614;4.16;0.26;371.84;17.65;1479;31;3972.00;301
9838;28;621811142;9838;560;11314;11614;4.14;0.25;371.99;17.65;1476;31;3973.00;300
9841;28;621811158;9841;567;11315;11614;4.14;0.25;372.02;17.72;1474;31;3974.00;299
9843;28;621811175;9843;571;11319;11620;4.14;0.25;372.13;17.71;1476;31;3975.00;301
9846;28;621811202;9846;573;11319;11620;4.16;0.26;372.24;17.71;1473;31;3976.00;301
9848;28;621811218;9848;574;11319;11620;4.17;0.26;372.26;17.71;1471;31;3977.00;301
9850;28;621811234;9850;578;11321;11623;4.16;0.25;372.26;17.71;1471;31;3978.00;302
9855;28;621811250;9855;584;11321;11623;4.09;0.25;372.26;17.71;1466;31;3979.00;302
9860;28;621811267;9860;588;11321;11623;4.01;0.24;372.37;17.71;1461;31;3980.00;302
9862;28;621811283;9862;588;11322;11624;4.02;0.24;372.33;17.71;1460;31;3981.00;302
9864;28;621811298;9864;588;11323;11625;4.04;0.25;372.40;17.70;1459;31;3982.00;302
9865;28;621811314;9865;588;11323;11625;4.06;0.25;372.44;17.70;1458;31;3983.00;302
9868;28;621811329;9868;582;11334;11638;4.05;0.25;372.45;17.75;1466;31;3984.00;304
9872;28;621811346;9872;573;11335;11638;4.06;0.25;372.66;17.75;1463;31;3985.00;303
9874;28;621811363;9874;576;11335;11638;4.05;0.25;372.68;17.75;1461;31;3986.00;303
9876;28;621811378;9876;576;11337;11639;4.04;0.25;372.73;17.75;1461;31;3987.00;302
9878;28;621811394;9878;573;11337;11639;4.05;0.25;372.75;17.75;1459;31;3988.00;302
9878;28;621811409;9878;580;11341;11643;4.10;0.25;372.75;17.74;1463;31;3989.00;302
9880;28;621811427;9880;576;11341;11643;4.10;0.25;372.79;17.74;1461;31;3990.00;302
9882;28;621811450;9882;579;11344;11647;4.11;0.25;372.75;17.74;1462;31;3991.00;303
9883;28;621811478;9883;575;11344;11647;4.13;0.25;372.73;17.74;1461;31;3992.00;303
9883;28;621811502;9883;579;11344;11647;4.12;0.25;372.73;17.74;1461;31;3993.00;303
9885;28;621811534;9885;579;11344;11647;4.11;0.25;372.77;17.74;1459;31;3994.00;303
9888;28;621811558;9888;582;11344;11647;4.08;0.25;372.75;17.74;1456;31;3995.00;303
9890;28;621811575;9890;593;11354;11659;4.07;0.25;372.68;17.72;1464;31;3996.00;305
9890;28;621811593;9890;598;11354;11659;4.03;0.25;372.68;17.72;1464;31;3997.00;305
9890;28;621811610;9890;594;11355;11659;4.04;0.25;372.68;17.72;1465;31;3998.00;304
9891;28;621811626;9891;603;11355;11659;4.07;0.25;372.65;17.72;1464;31;3999.00;304
9895;28;621811645;9895;595;11355;11659;4.07;0.25;372.57;17.72;1460;31;4000.00;304
9897;28;621811666;9897;594;11356;11659;4.08;0.25;372.53;17.79;1459;31;4001.00;303
9898;28;621811682;9898;585;11356;11660;4.11;0.25;372.52;17.79;1458;31;4002.00;304
9901;28;621811699;9901;584;11356;11660;4.08;0.25;372.48;17.79;1455;31;4003.00;304
9904;28;621811721;9904;581;11361;11666;4.08;0.25;372.52;17.78;1457;31;4004.00;305
9906;28;621811738;9906;574;11363;11668;4.09;0.25;372.47;17.78;1457;31;4005.00;305
9908;28;621811754;9908;570;11363;11668;4.08;0.25;372.45;17.78;1455;31;4006.00;305
9910;28;621811771;9910;575;11363;11668;4.11;0.25;372.44;17.78;1453;31;4007.00;305
9913;28;621811787;9913;574;11366;11672;4.13;0.25;372.41;17.77;1453;31;4008.00;306
9914;28;621811804;9914;584;11366;11672;4.11;0.25;372.41;17.77;1452;31;4009.00;306
9915;28;621811820;9915;578;11366;11672;4.14;0.25;372.40;17.77;1451;31;4010.00;306
9917;28;621811837;9917;571;11368;11673;4.10;0.25;372.39;17.84;1451;31;4011.00;305
9918;28;621811853;9918;569;11371;11677;4.08;0.25;372.38;17.83;1453;31;4012.00;306
9921;28;621811869;9921;567;11371;11677;4.05;0.25;372.44;17.83;1450;31;4013.00;306
9922;28;621811884;9922;572;11374;11680;4.04;0.25;372.42;17.91;1452;31;4014.00;306
9923;28;621811905;9923;570;11376;11680;4.02;0.25;372.40;17.99;1453;31;4015.00;304
9929;28;621811921;9929;574;11377;11680;4.00;0.24;372.34;18.05;1448;31;4016.00;303
9931;28;621811937;9931;585;11377;11680;3.98;0.24;372.36;18.05;1446;31;4017.00;303
9935;28;621811952;9935;585;11381;11684;4.00;0.24;372.46;18.05;1446;31;4018.00;303
9936;28;621811970;9936;583;11381;11684;4.03;0.25;372.43;18.05;1445;31;4019.00;303
9938;28;621811989;9938;581;11381;11684;4.03;0.25;372.44;18.05;1443;31;4020.00;303
9939;28;621812006;9939;570;11381;11684;4.02;0.25;372.41;18.05;1442;31;4021.00;303
9941;28;621812022;9941;564;11381;11685;4.02;0.25;372.41;18.05;1440;31;4022.00;304
9944;28;621812039;9944;562;11382;11686;4.01;0.24;372.41;18.05;1438;31;4023.00;304
9945;28;621812062;9945;567;11382;11686;4.01;0.24;372.40;18.05;1437;31;4024.00;304
9947;28;621812078;9947;561;11383;11687;4.01;0.24;372.35;18.04;1436;31;4025.00;304
9949;28;621812101;9949;566;11383;11687;4.02;0.24;372.40;18.04;1434;31;4026.00;304
9949;28;621812117;9949;563;11383;11687;4.04;0.25;372.40;18.04;1434;31;4027.00;304
9950;28;621812134;9950;562;11383;11687;4.10;0.25;372.41;18.04;1433;31;4028.00;304
9952;28;621812149;9952;563;11383;11687;4.11;0.25;372.41;18.04;1431;31;4029.00;304
9953;28;621812165;9953;562;11383;11687;4.11;0.25;372.40;18.04;1430;31;4030.00;304
9954;28;621812181;9954;569;11383;11687;4.12;0.25;372.39;18.04;1429;31;4031.00;304
9956;28;621812197;9956;578;11454;11814;4.38;0.27;372.46;17.93;1498;31;4032.00;360
9959;28;621812223;9959;576;11456;11815;4.36;0.27;372.47;17.93;1497;31;4033.00;359
9959;28;621812246;9959;567;11464;11815;4.39;0.27;372.47;17.92;1505;31;4034.00;351
9960;28;621812262;9960;566;11467;11815;4.36;0.27;372.46;17.92;1507;31;4035.00;348
9961;28;621812278;9961;559;11472;11815;4.35;0.27;372.43;17.91;1511;31;4036.00;343
9961;28;621812301;9961;561;11475;11815;4.33;0.27;372.43;17.99;1514;31;4037.00;340
9964;28;621812316;9964;564;11478;11815;4.31;0.27;372.36;17.98;1514;31;4038.00;337
9964;28;621812333;9964;567;11480;11815;4.29;0.26;372.36;17.98;1516;31;4039.00;335
9966;28;621812350;9966;571;11483;11816;4.27;0.26;372.46;18.06;1517;31;4040.00;333
9969;28;621812366;9969;587;11486;11817;4.25;0.26;372.51;18.06;1517;31;4041.00;331
9969;28;621812383;9969;591;11489;11817;4.23;0.26;372.51;18.14;1520;31;4042.00;328
9971;28;621812400;9971;593;11491;11818;4.15;0.26;372.60;18.22;1520;31;4043.00;327
9973;28;621812417;9973;600;11496;11818;4.07;0.25;372.54;18.21;1523;31;4044.00;322
9975;28;621812434;9975;609;11499;11818;4.01;0.25;372.50;18.37;1524;31;4045.00;319
9977;28;621812451;9977;610;11501;11818;4.00;0.25;372.48;18.37;1524;31;4046.00;317
9978;28;621812468;9978;621;11505;11822;4.02;0.25;372.46;18.37;1527;31;4047.00;317
9980;28;621812485;9980;634;11506;11822;3.98;0.24;372.54;18.37;1526;31;4048.00;316
9983;28;621812506;9983;647;11509;11822;3.93;0.24;372.57;18.44;1526;31;4049.00;313
9984;28;621812524;9984;659;11513;11828;3.89;0.24;372.64;18.52;1529;31;4050.00;315
9984;28;621812540;9984;655;11516;11828;3.93;0.24;372.64;18.52;1532;31;4051.00;312
9984;28;621812555;9984;658;11517;11828;3.96;0.24;372.64;18.51;1533;31;4052.00;311
9986;28;621812571;9986;667;11521;11832;3.92;0.24;372.74;18.51;1535;31;4053.00;311
9988;28;621812586;9988;672;11523;11833;3.93;0.24;372.81;18.51;1535;31;4054.00;310
9990;28;621812601;9990;676;11524;11833;3.95;0.24;372.95;18.51;1534;31;4055.00;309
9993;28;621812617;9993;675;11526;11837;3.94;0.24;372.96;18.50;1533;31;4056.00;311
9996;28;621812639;9996;674;11527;11837;3.91;0.24;372.92;18.50;1531;31;4057.00;310
9996;28;621812654;9996;673;11528;11837;3.93;0.24;372.92;18.50;1532;31;4058.00;309
9999;28;621812669;9999;675;11529;11838;3.91;0.24;373.07;18.50;1530;31;4059.00;309
9999;28;621812690;9999;676;11529;11838;3.90;0.24;373.07;18.50;1530;31;4060.00;309
10001;28;621812705;10001;671;11534;11844;3.91;0.24;373.14;18.49;1533;31;4061.00;310
10003;28;621812721;10003;675;11534;11844;3.88;0.24;373.20;18.49;1531;31;4062.00;310
10006;28;621812736;10006;668;11534;11845;3.85;0.24;373.22;18.49;1528;31;4063.00;311
10008;28;621812752;10008;664;11534;11845;3.85;0.24;373.31;18.49;1526;31;4064.00;311
10011;28;621812767;10011;663;11534;11845;3.86;0.24;373.47;18.49;1523;31;4065.00;311
10013;28;621812782;10013;662;11534;11845;3.90;0.24;373.48;18.49;1521;31;4066.00;311
10015;28;621812798;10015;663;11534;11845;3.93;0.24;373.56;18.49;1519;31;4067.00;311
10016;28;621812813;10016;659;11543;11857;3.98;0.24;373.69;18.48;1527;31;4068.00;314
10019;28;621812830;10019;653;11543;11857;4.00;0.24;373.83;18.48;1524;31;4069.00;314
10022;28;621812846;10022;649;11543;11857;3.96;0.24;373.90;18.48;1521;31;4070.00;314
10026;28;621812861;10026;645;11543;11857;3.95;0.24;374.01;18.48;1517;31;4071.00;314
10029;28;621812876;10029;645;11543;11857;3.95;0.24;374.02;18.48;1514;31;4072.00;314
10030;28;621812891;10030;645;11543;11857;3.95;0.24;374.07;18.48;1513;31;4073.00;314
10033;28;621812906;10033;646;11546;11861;3.93;0.24;374.12;18.47;1513;31;4074.00;315
10036;28;621812922;10036;647;11546;11861;3.91;0.24;374.17;18.47;1510;31;4075.00;315
10040;28;621812942;10040;651;11549;11865;3.88;0.24;374.36;18.47;1509;31;4076.00;316
10045;28;621812958;10045;651;11550;11866;3.85;0.23;374.47;18.47;1505;31;4077.00;316
10049;28;621812973;10049;657;11550;11866;3.81;0.23;374.44;18.47;1501;31;4078.00;316
10050;28;621812989;10050;665;11550;11866;3.83;0.23;374.45;18.47;1500;31;4079.00;316
10052;28;621813004;10052;670;11570;11895;3.82;0.23;374.45;18.43;1518;31;4080.00;325
10053;28;621813022;10053;657;11571;11895;3.82;0.23;374.42;18.43;1518;31;4081.00;324
10056;28;621813037;10056;665;11574;11895;3.83;0.23;374.40;18.43;1518;31;4082.00;321
10058;28;621813052;10058;658;11575;11896;3.86;0.24;374.47;18.43;1517;31;4083.00;321
10062;28;621813068;10062;666;11575;11897;3.89;0.24;374.37;18.43;1513;31;4084.00;322
10066;28;621813083;10066;670;11576;11897;3.89;0.24;374.50;18.43;1510;31;4085.00;321
10070;28;621813099;10070;673;11578;11900;3.90;0.24;374.51;18.43;1508;31;4086.00;322
10073;28;621813114;10073;666;11579;11900;3.91;0.24;374.57;18.42;1506;31;4087.00;321
10079;28;621813130;10079;653;11579;11900;3.91;0.24;374.72;18.42;1500;31;4088.00;321
10082;28;621813146;10082;655;11581;11900;3.94;0.24;374.89;18.42;1499;31;4089.00;319
10084;28;621813161;10084;649;11584;11906;4.02;0.24;374.88;18.42;1500;31;4090.00;322
10086;28;621813177;10086;645;11584;11906;4.02;0.25;374.92;18.42;1498;31;4091.00;322
10092;28;621813193;10092;640;11585;11906;4.05;0.25;374.99;18.42;1493;31;4092.00;321
10095;28;621813208;10095;640;11585;11906;4.08;0.25;375.11;18.42;1490;31;4093.00;321
10098;28;621813230;10098;629;11588;11910;4.12;0.25;375.11;18.41;1490;31;4094.00;322
10101;28;621813246;10101;631;11590;11912;4.16;0.25;375.21;18.41;1489;31;4095.00;322
10106;28;621813263;10106;620;11590;11912;4.17;0.25;375.27;18.41;1484;31;4096.00;322
10108;28;621813279;10108;621;11591;11913;4.20;0.26;375.29;18.41;1483;31;4097.00;322
10112;28;621813295;10112;616;11591;11913;4.23;0.26;375.31;18.41;1479;31;4098.00;322
10115;28;621813311;10115;614;11591;11913;4.25;0.26;375.37;18.41;1476;31;4099.00;322
10122;28;621813327;10122;604;11591;11913;4.27;0.26;375.38;18.41;1469;31;4100.00;322
10127;28;621813347;10127;607;11591;11913;4.31;0.26;375.40;18.41;1464;31;4101.00;322
10131;28;621813364;10131;595;11591;11913;4.32;0.26;375.58;18.41;1460;31;4102.00;322
10137;28;621813379;10137;594;11591;11913;4.30;0.26;375.70;18.41;1454;31;4103.00;322
10139;28;621813395;10139;604;11626;11983;4.34;0.26;375.73;18.35;1487;31;4104.00;357
10143;28;621813416;10143;602;11627;11984;4.35;0.26;375.74;18.35;1484;31;4105.00;357
10144;28;621813433;10144;601;11631;11984;4.36;0.27;375.73;18.34;1487;31;4106.00;353
10146;28;621813457;10146;600;11634;11984;4.38;0.27;375.77;18.34;1488;31;4107.00;350
10153;28;621813485;10153;603;11635;11984;4.32;0.26;375.91;18.34;1482;31;4108.00;349
10157;28;621813515;10157;597;11636;11984;4.31;0.26;376.02;18.34;1479;31;4109.00;348
10162;28;621813543;10162;601;11638;11984;4.30;0.26;376.06;18.34;1476;31;4110.00;346
10167;28;621813563;10167;598;11640;11984;4.23;0.26;376.12;18.34;1473;31;4111.00;344
10172;28;621813581;10172;599;11641;11985;4.18;0.25;376.13;18.34;1469;31;4112.00;344
10176;28;621813599;10176;611;11645;11986;4.13;0.25;376.22;18.33;1469;31;4113.00;341
10179;28;621813616;10179;608;11647;11986;4.10;0.25;376.29;18.33;1468;31;4114.00;339
10184;28;621813633;10184;605;11649;11990;4.07;0.25;376.36;18.33;1465;31;4115.00;341
10191;28;621813652;10191;609;11651;11990;4.00;0.24;376.47;18.33;1460;31;4116.00;339
10193;28;621813669;10193;618;11651;11990;4.00;0.24;376.49;18.33;1458;31;4117.00;339
10197;28;621813686;10197;615;11653;11990;3.98;0.24;376.67;18.33;1456;31;4118.00;337
10200;28;621813701;10200;615;11658;11996;3.94;0.24;376.81;18.32;1458;31;4119.00;338
10203;28;621813718;10203;622;11660;11996;3.90;0.24;376.79;18.32;1457;31;4120.00;336
10209;28;621813734;10209;625;11661;11996;3.83;0.23;376.86;18.32;1452;31;4121.00;335
10211;28;621813750;10211;632;11664;11999;3.81;0.23;376.80;18.32;1453;31;4122.00;335
10213;28;621813767;10213;637;11665;11999;3.79;0.23;376.83;18.32;1452;31;4123.00;334
10217;28;621813783;10217;637;11667;11999;3.78;0.23;376.98;18.32;1450;31;4124.00;332
10221;28;621813799;10221;630;11668;12000;3.75;0.23;377.08;18.32;1447;31;4125.00;332
10224;28;621813816;10224;642;11669;12001;3.74;0.23;377.17;18.32;1445;31;4126.00;332
10227;28;621813832;10227;631;11670;12001;3.76;0.23;377.28;18.32;1443;31;4127.00;331
10229;28;621813849;10229;631;11680;12014;3.83;0.23;377.44;18.30;1451;31;4128.00;334
10233;28;621813867;10233;635;11682;12014;3.80;0.23;377.43;18.30;1449;31;4129.00;332
10236;28;621813884;10236;625;11682;12014;3.81;0.23;377.43;18.30;1446;31;4130.00;332
10239;28;621813900;10239;628;11684;12015;3.83;0.23;377.49;18.30;1445;31;4131.00;331
10242;28;621813916;10242;635;11685;12015;3.80;0.23;377.65;18.37;1443;31;4132.00;330
10246;28;621813933;10246;628;11689;12019;3.82;0.23;377.56;18.37;1443;31;4133.00;330
10249;28;621813950;10249;632;11690;12019;3.84;0.23;377.74;18.36;1441;31;4134.00;329
10251;28;621813967;10251;638;11693;12023;3.82;0.23;377.82;18.36;1442;31;4135.00;330
10252;28;621813984;10252;624;11693;12023;3.83;0.23;377.82;18.36;1441;31;4136.00;330
10255;28;621814000;10255;619;11693;12023;3.85;0.23;377.82;18.36;1438;31;4137.00;330
10257;28;621814017;10257;623;11693;12023;3.82;0.23;377.79;18.36;1436;31;4138.00;330
10257;28;621814033;10257;623;11693;12023;3.79;0.23;377.79;18.36;1436;31;4139.00;330
10258;28;621814052;10258;626;11719;12057;3.87;0.24;377.77;18.32;1461;31;4140.00;338
10260;28;621814072;10260;630;11719;12057;3.88;0.24;377.83;18.32;1459;31;4141.00;338
10263;28;621814093;10263;636;11721;12057;3.89;0.24;377.94;18.32;1458;31;4142.00;336
10266;28;621814117;10266;636;11721;12057;3.89;0.24;377.95;18.32;1455;31;4143.00;336
10269;28;621814135;10269;641;11722;12057;3.92;0.24;377.94;18.31;1453;31;4144.00;335
10272;28;621814153;10272;643;11722;12057;3.93;0.24;377.90;18.31;1450;31;4145.00;335
10274;28;621814170;10274;643;11722;12058;3.92;0.24;377.90;18.31;1448;31;4146.00;336
10277;28;621814187;10277;639;11722;12058;3.91;0.24;377.92;18.31;1445;31;4147.00;336
10277;28;621814210;10277;638;11727;12064;3.96;0.24;377.92;18.31;1450;31;4148.00;337
10279;28;621814227;10279;635;11728;12065;3.96;0.24;378.03;18.31;1449;31;4149.00;337
10282;28;621814244;10282;635;11728;12065;3.94;0.24;378.05;18.31;1446;31;4150.00;337
10283;28;621814261;10283;632;11728;12065;3.96;0.24;378.02;18.31;1445;31;4151.00;337
10287;28;621814278;10287;632;11731;12069;3.93;0.24;378.01;18.30;1444;31;4152.00;338
10289;28;621814294;10289;635;11731;12069;3.88;0.24;377.98;18.30;1442;31;4153.00;338
10292;28;621814311;10292;643;11731;12069;3.84;0.23;377.93;18.30;1439;31;4154.00;338
10292;28;621814327;10292;642;11732;12070;3.84;0.23;377.93;18.30;1440;31;4155.00;338
10293;28;621814343;10293;650;11735;12074;3.82;0.23;377.94;18.30;1442;31;4156.00;339
10295;28;621814359;10295;652;11735;12074;3.78;0.23;377.91;18.30;1440;31;4157.00;339
10296;28;621814375;10296;661;11737;12077;3.77;0.23;377.94;18.29;1441;31;4158.00;340
10299;28;621814392;10299;665;11737;12077;3.72;0.23;377.87;18.29;1438;31;4159.00;340
10300;28;621814408;10300;662;11738;12077;3.70;0.22;377.86;18.29;1438;31;4160.00;339
10300;28;621814423;10300;665;11738;12077;3.71;0.23;377.86;18.29;1438;31;4161.00;339
10300;28;621814439;10300;670;11742;12081;3.71;0.23;377.86;18.28;1442;31;4162.00;339
10304;28;621814455;10304;669;11742;12081;3.68;0.22;377.83;18.28;1438;31;4163.00;339
10304;28;621814471;10304;662;11742;12081;3.69;0.22;377.83;18.28;1438;31;4164.00;339
10304;28;621814487;10304;667;11742;12081;3.69;0.22;377.83;18.28;1438;31;4165.00;339
10305;28;621814502;10305;674;11742;12082;3.63;0.22;377.83;18.28;1437;31;4166.00;340
10305;28;621814517;10305;677;11743;12083;3.61;0.22;377.83;18.28;1438;31;4167.00;340
10306;28;621814531;10306;671;11743;12083;3.58;0.22;377.84;18.28;1437;31;4168.00;340
10306;28;621814545;10306;669;11744;12084;3.57;0.22;377.84;18.28;1438;31;4169.00;340
10306;28;621814562;10306;662;11744;12084;3.55;0.22;377.84;18.28;1438;31;4170.00;340
10308;28;621814576;10308;651;11744;12084;3.57;0.22;377.91;18.28;1436;31;4171.00;340
10310;28;621814591;10310;630;11744;12084;3.62;0.22;377.87;18.28;1434;31;4172.00;340
10311;28;621814606;10311;619;11746;12086;3.71;0.22;377.88;18.28;1435;31;4173.00;340
10312;28;621814622;10312;604;11746;12086;3.77;0.23;377.86;18.28;1434;31;4174.00;340
10314;28;621814637;10314;602;11746;12086;3.85;0.23;377.86;18.28;1432;31;4175.00;340
10314;28;621814654;10314;618;11813;12213;4.03;0.25;377.86;18.18;1499;31;4176.00;400
10316;28;621814679;10316;599;11814;12214;4.05;0.25;377.96;18.17;1498;31;4177.00;400
10322;28;621814700;10322;580;11818;12214;4.07;0.25;377.95;18.17;1496;31;4178.00;396
10323;28;621814716;10323;571;11824;12214;4.14;0.26;377.93;18.24;1501;31;4179.00;390
10326;28;621814731;10326;566;11830;12214;4.18;0.26;377.93;18.23;1504;31;4180.00;384
10329;28;621814747;10329;562;11832;12214;4.24;0.26;377.93;18.23;1503;31;4181.00;382
10330;28;621814762;10330;562;11836;12214;4.31;0.27;377.93;18.23;1506;31;4182.00;378
10333;28;621814778;10333;562;11842;12214;4.35;0.27;378.01;18.22;1509;31;4183.00;372
10336;28;621814794;10336;556;11844;12215;4.42;0.27;378.07;18.22;1508;31;4184.00;371
10339;28;621814817;10339;553;11847;12217;4.43;0.27;378.06;18.31;1508;31;4185.00;370
10339;28;621814837;10339;547;11850;12217;4.51;0.28;378.06;18.30;1511;31;4186.00;367
10342;28;621814853;10342;542;11853;12218;4.55;0.28;378.04;18.30;1511;31;4187.00;365
10343;28;621814870;10343;534;11854;12218;4.57;0.28;378.02;18.30;1511;31;4188.00;364
10346;28;621814886;10346;533;11857;12218;4.55;0.28;378.08;18.30;1511;31;4189.00;361
10348;28;621814902;10348;531;11859;12218;4.55;0.28;378.10;18.39;1511;31;4190.00;359
10350;28;621814918;10350;544;11864;12222;4.54;0.28;378.13;18.38;1514;31;4191.00;358
10352;28;621814940;10352;543;11865;12222;4.54;0.28;378.27;18.38;1513;31;4192.00;357
10356;28;621814957;10356;542;11866;12222;4.52;0.28;378.21;18.38;1510;31;4193.00;356
10358;28;621814973;10358;539;11869;12225;4.55;0.28;378.27;18.38;1511;31;4194.00;356
10361;28;621814991;10361;540;11869;12225;4.56;0.28;378.29;18.38;1508;31;4195.00;356
10362;28;621815007;10362;538;11871;12225;4.57;0.28;378.26;18.38;1509;31;4196.00;354
10365;28;621815023;10365;535;11874;12229;4.57;0.28;378.27;18.37;1509;31;4197.00;355
10367;28;621815041;10367;535;11877;12230;4.59;0.28;378.27;18.37;1510;31;4198.00;353
10370;28;621815057;10370;544;11878;12230;4.59;0.28;378.21;18.37;1508;31;4199.00;352
10370;28;621815076;10370;552;11887;12264;4.56;0.28;378.21;18.36;1517;31;4200.00;377
10372;28;621815099;10372;546;11890;12264;4.56;0.28;378.26;18.35;1518;31;4201.00;374
10374;28;621815116;10374;554;11891;12264;4.56;0.28;378.33;18.35;1517;31;4202.00;373
10375;28;621815132;10375;559;11893;12265;4.58;0.28;378.32;18.35;1518;31;4203.00;372
10376;28;621815149;10376;567;11894;12265;4.60;0.28;378.31;18.35;1518;31;4204.00;371
10378;28;621815165;10378;568;11898;12271;4.65;0.28;378.34;18.35;1520;31;4205.00;373
10381;28;621815182;10381;573;11902;12271;4.64;0.28;378.32;18.43;1521;31;4206.00;369
10384;28;621815199;10384;583;11903;12272;4.61;0.28;378.41;18.43;1519;31;4207.00;369
10386;28;621815215;10386;592;11904;12272;4.61;0.28;378.45;18.52;1518;31;4208.00;368
10388;28;621815231;10388;599;11905;12272;4.56;0.28;378.58;18.61;1517;31;4209.00;367
10388;28;621815247;10388;604;11907;12272;4.61;0.28;378.58;18.78;1519;31;4210.00;365
10391;28;621815264;10391;614;11910;12272;4.58;0.28;378.74;18.86;1519;31;4211.00;362
10393;28;621815281;10393;620;11921;12284;4.58;0.28;378.76;19.00;1528;31;4212.00;363
10395;29;621815298;10395;632;11924;12284;4.60;0.28;378.76;19.09;1529;32;4213.00;360
10395;29;621815322;10395;633;11925;12284;4.60;0.28;378.76;19.09;1530;32;4214.00;359
10399;29;621815338;10399;637;11927;12284;4.61;0.28;378.79;19.26;1528;32;4215.00;357
10399;29;621815359;10399;629;11927;12284;4.65;0.28;378.79;19.26;1528;32;4216.00;357
10403;29;621815376;10403;637;11929;12284;4.64;0.28;378.90;19.26;1526;32;4217.00;355
10406;29;621815392;10406;634;11935;12288;4.64;0.28;378.94;19.43;1529;32;4218.00;353
10407;29;621815409;10407;644;11935;12288;4.66;0.28;378.95;19.43;1528;32;4219.00;353
10408;30;621815425;10408;639;11939;12292;4.68;0.28;379.01;19.51;1531;33;4220.00;353
10412;30;621815471;10412;642;11941;12293;4.65;0.28;379.09;19.59;1529;33;4221.00;352
10414;30;621815497;10414;645;11942;12293;4.62;0.28;379.10;19.67;1528;33;4222.00;351
10415;30;621815522;10415;648;11944;12293;4.59;0.28;379.19;19.67;1529;33;4223.00;349
10421;30;621815545;10421;657;11955;12306;4.53;0.27;379.32;19.75;1534;33;4224.00;351
10422;30;621815568;10422;667;11956;12306;4.49;0.27;379.36;19.74;1534;33;4225.00;350
10426;30;621815587;10426;668;11956;12306;4.40;0.27;379.42;19.74;1530;33;4226.00;350
10430;30;621815605;10430;665;11961;12307;4.33;0.26;379.41;19.92;1531;33;4227.00;346
10432;30;621815622;10432;667;11962;12308;4.29;0.26;379.43;19.92;1530;33;4228.00;346
10433;30;621815641;10433;659;11962;12308;4.29;0.26;379.44;19.92;1529;33;4229.00;346
10434;30;621815665;10434;663;11969;12314;4.30;0.26;379.47;20.08;1535;33;4230.00;345
10435;30;621815683;10435;658;11971;12314;4.31;0.26;379.51;20.25;1536;33;4231.00;343
10437;30;621815706;10437;659;11972;12314;4.28;0.26;379.61;20.25;1535;33;4232.00;342
10438;30;621815723;10438;660;11972;12314;4.26;0.26;379.59;20.25;1534;33;4233.00;342
10441;30;621815740;10441;658;11979;12320;4.25;0.26;379.59;20.33;1538;33;4234.00;341
10443;30;621815757;10443;659;11979;12320;4.25;0.26;379.55;20.33;1536;33;4235.00;341
10444;30;621815781;10444;663;11980;12320;4.24;0.26;379.57;20.41;1536;33;4236.00;340
10446;30;621815798;10446;662;11980;12320;4.24;0.26;379.57;20.41;1534;33;4237.00;340
10448;30;621815816;10448;657;11983;12324;4.22;0.26;379.65;20.40;1535;33;4238.00;341
10449;30;621815834;10449;654;11986;12325;4.23;0.26;379.64;20.57;1537;33;4239.00;339
10452;30;621815851;10452;657;11987;12325;4.17;0.25;379.68;20.57;1535;33;4240.00;338
10456;30;621815867;10456;658;11990;12326;4.09;0.25;379.71;20.74;1534;33;4241.00;336
10458;30;621815884;10458;666;11990;12326;4.06;0.25;379.68;20.74;1532;33;4242.00;336
10461;30;621815900;10461;678;11990;12326;4.03;0.25;379.75;20.74;1529;33;4243.00;336
10466;30;621815917;10466;677;11992;12326;3.97;0.24;379.76;20.90;1526;33;4244.00;334
10468;30;621815933;10468;677;11992;12326;3.94;0.24;379.76;20.90;1524;33;4245.00;334
10468;30;621815950;10468;678;11993;12326;3.92;0.24;379.76;20.90;1525;33;4246.00;333
10473;30;621815965;10473;688;11993;12326;3.87;0.24;379.78;20.90;1520;33;4247.00;333
10475;30;621815983;10475;714;12034;12396;3.91;0.24;379.74;20.83;1559;33;4248.00;362
10481;30;621816005;10481;717;12036;12397;3.84;0.24;379.76;20.83;1555;33;4249.00;361
10486;30;621816021;10486;696;12039;12397;3.84;0.23;379.78;20.82;1553;33;4250.00;358
10490;30;621816038;10490;699;12041;12397;3.81;0.23;379.81;20.82;1551;33;4251.00;356
10493;30;621816054;10493;690;12044;12397;3.83;0.23;379.92;20.82;1551;33;4252.00;353
10497;30;621816071;10497;698;12044;12397;3.83;0.23;379.90;20.82;1547;33;4253.00;353
10501;30;621816088;10501;699;12046;12397;3.86;0.23;379.94;20.82;1545;33;4254.00;351
10505;30;621816104;10505;699;12049;12397;3.87;0.24;380.10;20.82;1544;33;4255.00;348
10508;30;621816121;10508;696;12050;12398;3.87;0.24;380.16;20.82;1542;33;4256.00;348
10509;30;621816138;10509;688;12052;12399;3.91;0.24;380.18;20.82;1543;33;4257.00;347
10514;30;621816155;10514;683;12053;12399;3.88;0.24;380.22;20.81;1539;33;4258.00;346
10516;30;621816172;10516;680;12056;12403;3.90;0.24;380.20;20.81;1540;33;4259.00;347
10520;30;621816191;10520;674;12057;12403;3.92;0.24;380.51;20.81;1537;33;4260.00;346
10522;30;621816209;10522;664;12058;12403;3.91;0.24;380.52;20.81;1536;33;4261.00;345
10525;30;621816226;10525;665;12059;12403;3.88;0.24;380.73;20.81;1534;33;4262.00;344
10528;30;621816243;10528;671;12063;12409;3.81;0.23;380.74;20.80;1535;33;4263.00;346
10530;30;621816261;10530;668;12063;12409;3.77;0.23;380.83;20.80;1533;33;4264.00;346
10537;30;621816278;10537;669;12063;12409;3.72;0.23;380.87;20.80;1526;33;4265.00;346
10539;30;621816295;10539;671;12064;12412;3.71;0.23;380.88;20.80;1525;33;4266.00;348
10541;30;621816312;10541;670;12064;12412;3.70;0.23;380.98;20.80;1523;33;4267.00;348
10545;30;621816328;10545;666;12065;12412;3.65;0.22;381.14;20.80;1520;33;4268.00;347
10547;30;621816345;10547;662;12065;12413;3.62;0.22;381.12;20.80;1518;33;4269.00;348
10550;30;621816362;10550;666;12066;12414;3.61;0.22;381.28;20.80;1516;33;4270.00;348
10555;30;621816378;10555;667;12067;12414;3.60;0.22;381.23;20.80;1512;33;4271.00;347
10559;30;621816395;10559;666;12077;12427;3.61;0.22;381.26;20.78;1518;33;4272.00;350
10563;30;621816413;10563;669;12077;12427;3.59;0.22;381.33;20.78;1514;33;4273.00;350
10564;30;621816431;10564;662;12077;12427;3.57;0.22;381.35;20.78;1513;33;4274.00;350
10568;30;621816451;10568;667;12078;12429;3.56;0.22;381.46;20.78;1510;33;4275.00;351
10571;30;621816470;10571;661;12078;12429;3.57;0.22;381.41;20.78;1507;33;4276.00;351
10578;30;621816487;10578;672;12082;12433;3.52;0.21;381.47;20.77;1504;33;4277.00;351
10580;30;621816504;10580;673;12082;12433;3.53;0.22;381.45;20.77;1502;33;4278.00;351
10585;30;621816520;10585;677;12085;12437;3.51;0.21;381.62;20.77;1500;33;4279.00;352
10586;30;621816535;10586;688;12085;12437;3.51;0.21;381.60;20.77;1499;33;4280.00;352
10591;30;621816550;10591;691;12085;12437;3.48;0.21;381.72;20.77;1494;33;4281.00;352
10596;30;621816567;10596;701;12087;12437;3.42;0.21;381.79;20.77;1491;33;4282.00;350
10597;30;621816582;10597;708;12087;12437;3.43;0.21;381.86;20.77;1490;33;4283.00;350
10602;30;621816598;10602;704;12096;12449;3.45;0.21;381.93;20.76;1494;33;4284.00;353
10607;30;621816614;10607;711;12097;12449;3.41;0.21;382.10;20.76;1490;33;4285.00;352
10609;30;621816630;10609;717;12098;12449;3.41;0.21;382.17;20.76;1489;33;4286.00;351
10614;30;621816654;10614;721;12099;12449;3.37;0.21;382.17;20.76;1485;33;4287.00;350
10616;30;621816669;10616;719;12100;12449;3.32;0.20;382.16;20.76;1484;33;4288.00;349
10619;30;621816684;10619;732;12101;12449;3.28;0.20;382.15;20.76;1482;33;4289.00;348
10622;30;621816701;10622;730;12103;12450;3.25;0.20;382.12;20.76;1481;33;4290.00;347
10623;30;621816716;10623;733;12103;12450;3.21;0.20;382.16;20.76;1480;33;4291.00;347
10625;30;621816730;10625;742;12109;12456;3.18;0.19;382.15;20.75;1484;33;4292.00;347
10630;30;621816746;10630;750;12109;12457;3.09;0.19;382.12;20.75;1479;33;4293.00;348
10631;30;621816761;10631;751;12109;12457;3.03;0.18;382.10;20.75;1478;33;4294.00;348
10631;30;621816775;10631;755;12110;12457;2.99;0.18;382.10;20.75;1479;33;4295.00;347
10634;30;621816790;10634;769;12113;12461;2.92;0.18;382.01;20.75;1479;33;4296.00;348
10636;30;621816805;10636;757;12114;12461;2.91;0.18;381.97;20.75;1478;33;4297.00;347
10638;30;621816821;10638;760;12115;12461;2.91;0.18;381.92;20.75;1477;33;4298.00;346
10638;30;621816835;10638;749;12116;12462;2.96;0.18;381.92;20.74;1478;33;4299.00;346
10640;30;621816851;10640;737;12120;12466;3.00;0.18;381.88;20.74;1480;33;4300.00;346
10641;30;621816870;10641;739;12120;12466;3.01;0.18;381.94;20.74;1479;33;4301.00;346
10644;30;621816884;10644;741;12122;12469;3.02;0.18;381.88;20.73;1478;33;4302.00;347
10645;30;621816900;10645;750;12123;12469;3.06;0.19;381.85;20.73;1478;33;4303.00;346
10645;30;621816914;10645;749;12123;12469;3.07;0.19;381.85;20.73;1478;33;4304.00;346
10645;30;621816929;10645;755;12123;12469;3.09;0.19;381.85;20.73;1478;33;4305.00;346
10648;30;621816949;10648;743;12127;12473;3.12;0.19;381.84;20.73;1479;33;4306.00;346
10649;30;621816965;10649;734;12127;12473;3.15;0.19;381.91;20.73;1478;33;4307.00;346
10652;30;621816981;10652;715;12127;12473;3.17;0.19;381.83;20.73;1475;33;4308.00;346
10654;30;621816996;10654;712;12127;12473;3.23;0.20;381.77;20.73;1473;33;4309.00;346
10656;30;621817011;10656;706;12127;12474;3.27;0.20;381.72;20.73;1471;33;4310.00;347
10660;30;621817026;10660;698;12128;12475;3.28;0.20;381.77;20.72;1468;33;4311.00;347
10660;30;621817042;10660;693;12128;12475;3.33;0.20;381.77;20.72;1468;33;4312.00;347
10661;30;621817058;10661;704;12129;12476;3.35;0.20;381.76;20.72;1468;33;4313.00;347
10662;30;621817073;10662;697;12129;12476;3.34;0.20;381.81;20.72;1467;33;4314.00;347
10663;30;621817089;10663;702;12129;12476;3.39;0.21;381.80;20.72;1466;34;4315.00;347
10663;30;621817112;10663;702;12129;12476;3.44;0.21;381.80;20.72;1466;34;4316.00;347
10663;30;621817127;10663;694;12129;12476;3.47;0.21;381.80;20.72;1466;34;4317.00;347
10664;30;621817142;10664;697;12129;12476;3.49;0.21;381.80;20.72;1465;34;4318.00;347
10665;30;621817157;10665;703;12129;12476;3.52;0.21;381.78;20.72;1464;34;4319.00;347
10665;30;621817173;10665;748;12245;12706;3.89;0.24;381.78;20.53;1580;34;4320.00;461
10668;30;621817206;10668;738;12250;12707;3.89;0.24;381.80;20.52;1582;34;4321.00;457
10669;30;621817222;10669;729;12260;12707;3.94;0.25;381.76;20.50;1591;34;4322.00;447
10671;30;621817237;10671;709;12265;12707;3.98;0.25;381.74;20.50;1594;34;4323.00;442
10673;30;621817253;10673;701;12271;12707;3.97;0.25;381.75;20.49;1598;34;4324.00;436
10676;30;621817269;10676;687;12272;12707;3.97;0.25;381.84;20.49;1596;34;4325.00;435
10677;30;621817285;10677;683;12280;12707;4.02;0.25;381.84;20.48;1603;34;4326.00;427
10678;30;621817302;10678;684;12282;12707;4.05;0.25;381.87;20.48;1604;34;4327.00;425
10679;31;621817318;10679;679;12288;12708;4.08;0.25;381.88;20.47;1609;35;4328.00;420
10680;31;621817346;10680;679;12292;12709;4.12;0.26;381.86;20.47;1612;35;4329.00;417
10681;31;621817363;10681;674;12299;12709;4.17;0.26;381.85;20.46;1618;35;4330.00;410
10683;31;621817380;10683;678;12301;12710;4.22;0.26;381.86;20.46;1618;35;4331.00;409
10683;31;621817396;10683;688;12304;12710;4.23;0.26;381.86;20.46;1621;35;4332.00;406
10683;31;621817424;10683;690;12306;12710;4.27;0.26;381.86;20.46;1623;35;4333.00;404
10685;31;621817442;10685;692;12306;12710;4.25;0.26;381.90;20.46;1621;35;4334.00;404
10687;31;621817469;10687;699;12310;12714;4.24;0.26;381.93;20.45;1623;35;4335.00;404
10689;31;621817507;10689;691;12311;12714;4.23;0.26;381.93;20.45;1622;35;4336.00;403
10690;31;621817532;10690;694;12312;12714;4.26;0.26;381.96;20.45;1622;35;4337.00;402
10691;31;621817556;10691;694;12313;12717;4.25;0.26;381.95;20.45;1622;35;4338.00;404
10692;31;621817575;10692;693;12313;12717;4.23;0.26;381.96;20.45;1621;35;4339.00;404
10693;31;621817595;10693;696;12313;12717;4.23;0.26;382.01;20.45;1620;35;4340.00;404
10694;31;621817613;10694;675;12317;12721;4.24;0.26;382.01;20.44;1623;35;4341.00;404
10696;31;621817633;10696;656;12318;12722;4.23;0.26;382.02;20.44;1622;35;4342.00;404
10699;31;621817653;10699;655;12318;12722;4.21;0.26;381.95;20.44;1619;35;4343.00;404
10700;31;621817671;10700;653;12322;12726;4.22;0.26;381.93;20.44;1622;35;4344.00;404
10701;31;621817690;10701;648;12322;12726;4.19;0.26;381.95;20.44;1621;35;4345.00;404
10702;31;621817708;10702;639;12323;12726;4.23;0.26;381.94;20.44;1621;35;4346.00;403
10707;31;621817726;10707;641;12323;12727;4.22;0.26;381.99;20.44;1616;35;4347.00;404
10709;31;621817745;10709;636;12323;12727;4.24;0.26;382.14;20.44;1614;35;4348.00;404
10711;31;621817765;10711;637;12327;12733;4.24;0.26;382.14;20.43;1616;35;4349.00;406
10717;31;621817785;10717;630;12328;12733;4.17;0.25;382.18;20.43;1611;35;4350.00;405
10717;31;621817804;10717;638;12330;12734;4.15;0.25;382.18;20.43;1613;35;4351.00;404
10719;31;621817823;10719;626;12331;12734;4.13;0.25;382.26;20.43;1612;35;4352.00;403
10721;31;621817841;10721;615;12335;12734;4.10;0.25;382.35;20.44;1614;35;4353.00;399
10726;31;621817859;10726;618;12335;12734;4.11;0.25;382.41;20.44;1609;35;4354.00;399
10728;31;621817878;10728;624;12337;12734;4.11;0.25;382.46;20.61;1609;35;4355.00;397
10730;31;621817900;10730;617;12347;12746;4.18;0.25;382.46;20.60;1617;35;4356.00;399
10735;31;621817920;10735;610;12348;12746;4.16;0.25;382.59;20.60;1613;35;4357.00;398
10737;31;621817938;10737;600;12350;12746;4.19;0.25;382.72;20.59;1613;35;4358.00;396
10741;31;621817956;10741;600;12351;12746;4.19;0.25;382.68;20.59;1610;35;4359.00;395
10743;31;621817975;10743;601;12351;12746;4.21;0.26;382.80;20.59;1608;35;4360.00;395
10744;31;621817994;10744;602;12351;12746;4.22;0.26;382.77;20.59;1607;35;4361.00;395
10751;31;621818013;10751;599;12354;12750;4.16;0.25;382.88;20.59;1603;35;4362.00;396
10753;31;621818032;10753;597;12354;12750;4.17;0.25;382.93;20.59;1601;35;4363.00;396
10755;31;621818051;10755;598;12357;12754;4.17;0.25;382.99;20.58;1602;35;4364.00;397
10757;31;621818070;10757;603;12359;12756;4.16;0.25;383.06;20.58;1602;35;4365.00;397
10760;31;621818089;10760;610;12359;12756;4.11;0.25;383.14;20.58;1599;35;4366.00;397
10762;31;621818107;10762;606;12360;12756;4.06;0.25;383.23;20.58;1598;35;4367.00;396
10765;31;621818126;10765;621;12371;12769;4.03;0.24;383.29;20.57;1606;35;4368.00;398
10768;31;621818146;10768;631;12371;12769;3.94;0.24;383.48;20.57;1603;35;4369.00;398
10770;31;621818164;10770;638;12372;12769;3.89;0.24;383.54;20.57;1602;35;4370.00;397
10772;31;621818183;10772;643;12375;12770;3.89;0.24;383.66;20.57;1603;35;4371.00;395
10775;31;621818207;10775;652;12375;12771;3.86;0.23;383.72;20.57;1600;35;4372.00;396
10777;31;621818226;10777;651;12376;12771;3.83;0.23;383.73;20.58;1599;35;4373.00;395
10779;31;621818246;10779;656;12379;12774;3.84;0.23;383.83;20.57;1600;35;4374.00;395
10779;31;621818265;10779;649;12380;12774;3.86;0.23;383.83;20.57;1601;35;4375.00;394
10779;31;621818282;10779;657;12381;12774;3.88;0.24;383.83;20.57;1602;35;4376.00;393
10782;31;621818300;10782;652;12382;12774;3.91;0.24;383.91;20.58;1600;35;4377.00;392
10783;31;621818317;10783;655;12388;12780;3.95;0.24;383.96;20.57;1605;35;4378.00;392
10785;31;621818336;10785;651;12388;12780;3.96;0.24;383.94;20.57;1603;35;4379.00;392
10785;31;621818356;10785;656;12388;12780;3.94;0.24;383.94;20.57;1603;35;4380.00;392
10788;31;621818373;10788;663;12389;12780;3.94;0.24;383.93;20.57;1601;35;4381.00;391
10792;31;621818393;10792;666;12393;12784;3.92;0.24;383.91;20.57;1601;35;4382.00;391
10795;31;621818411;10795;671;12395;12785;3.88;0.24;384.03;20.57;1600;35;4383.00;390
10796;31;621818430;10796;670;12396;12785;3.89;0.24;384.08;20.58;1600;35;4384.00;389
10797;31;621818451;10797;678;12397;12786;3.89;0.24;384.17;20.58;1600;35;4385.00;389
10798;31;621818469;10798;685;12399;12786;3.88;0.24;384.14;20.67;1601;35;4386.00;387
10799;31;621818487;10799;685;12400;12786;3.91;0.24;384.11;20.67;1601;35;4387.00;386
10800;31;621818505;10800;686;12400;12786;3.93;0.24;384.08;20.67;1600;35;4388.00;386
10804;31;621818521;10804;692;12402;12786;3.88;0.24;384.20;20.67;1598;35;4389.00;384
10806;31;621818542;10806;696;12402;12786;3.85;0.24;384.17;20.67;1596;35;4390.00;384
10806;31;621818564;10806;694;12402;12786;3.85;0.24;384.17;20.67;1596;35;4391.00;384
10811;31;621818581;10811;701;12437;12856;3.94;0.24;384.29;20.61;1626;35;4392.00;419
10811;31;621818604;10811;706;12440;12857;3.96;0.24;384.29;20.61;1629;35;4393.00;417
10814;31;621818621;10814;698;12446;12857;3.98;0.24;384.27;20.60;1632;35;4394.00;411
10817;31;621818638;10817;691;12448;12857;4.01;0.25;384.23;20.60;1631;35;4395.00;409
10822;31;621818655;10822;694;12452;12857;3.98;0.24;384.22;20.59;1630;35;4396.00;405
10824;31;621818671;10824;687;12456;12857;3.97;0.24;384.44;20.59;1632;35;4397.00;401
10826;31;621818688;10826;687;12458;12857;3.98;0.24;384.47;20.58;1632;35;4398.00;399
10827;31;621818704;10827;683;12461;12857;3.97;0.24;384.47;20.58;1634;35;4399.00;396
10830;31;621818721;10830;677;12462;12858;3.96;0.24;384.43;20.58;1632;35;4400.00;396
10833;31;621818741;10833;679;12465;12859;3.93;0.24;384.42;20.58;1632;35;4401.00;394
10834;31;621818758;10834;675;12465;12859;3.90;0.24;384.56;20.58;1631;35;4402.00;394
10834;32;621818776;10834;673;12467;12863;3.89;0.24;384.56;20.57;1633;36;4403.00;396
10839;32;621818809;10839;675;12467;12863;3.84;0.23;384.67;20.57;1628;36;4404.00;396
10840;32;621818826;10840;673;12467;12863;3.86;0.24;384.64;20.57;1627;36;4405.00;396
10841;32;621818844;10841;677;12467;12863;3.89;0.24;384.64;20.57;1626;36;4406.00;396
10842;32;621818861;10842;675;12471;12869;3.98;0.24;384.63;20.57;1629;36;4407.00;398
10845;32;621818884;10845;683;12471;12869;4.01;0.25;384.67;20.57;1626;36;4408.00;398
10846;32;621818900;10846;689;12471;12869;4.02;0.25;384.66;20.57;1625;36;4409.00;398
10848;32;621818919;10848;689;12474;12875;4.03;0.25;384.65;20.56;1626;36;4410.00;401
10854;32;621818936;10854;694;12474;12875;3.98;0.24;384.60;20.56;1620;36;4411.00;401
10858;32;621818952;10858;698;12475;12875;3.89;0.24;384.65;20.56;1617;36;4412.00;400
10858;32;621818969;10858;697;12475;12876;3.82;0.23;384.65;20.56;1617;36;4413.00;401
10861;32;621818984;10861;697;12476;12877;3.76;0.23;384.69;20.56;1615;36;4414.00;401
10868;32;621819000;10868;699;12476;12877;3.68;0.22;384.80;20.56;1608;36;4415.00;401
10872;32;621819016;10872;702;12486;12890;3.66;0.22;384.86;20.54;1614;36;4416.00;404
10877;32;621819034;10877;702;12486;12890;3.58;0.22;384.95;20.54;1609;36;4417.00;404
10879;32;621819050;10879;705;12487;12890;3.56;0.22;384.99;20.54;1608;36;4418.00;403
10883;32;621819066;10883;710;12488;12891;3.51;0.21;384.99;20.54;1605;36;4419.00;403
10886;32;621819088;10886;710;12488;12891;3.47;0.21;385.05;20.54;1602;36;4420.00;403
10887;32;621819104;10887;707;12491;12895;3.51;0.21;385.04;20.54;1604;36;4421.00;404
10892;32;621819121;10892;699;12491;12895;3.52;0.21;384.98;20.54;1599;36;4422.00;404
10896;32;621819137;10896;702;12493;12899;3.51;0.21;385.09;20.54;1597;36;4423.00;406
10899;32;621819153;10899;704;12493;12899;3.53;0.21;385.06;20.54;1594;36;4424.00;406
10905;32;621819169;10905;704;12493;12899;3.52;0.21;385.15;20.54;1588;36;4425.00;406
10908;32;621819185;10908;695;12494;12899;3.53;0.21;385.18;20.54;1586;36;4426.00;405
10910;32;621819200;10910;680;12494;12899;3.53;0.21;385.21;20.54;1584;36;4427.00;405
10916;32;621819217;10916;687;12503;12911;3.60;0.22;385.48;20.52;1587;36;4428.00;408
10917;32;621819234;10917;691;12505;12911;3.62;0.22;385.47;20.52;1588;36;4429.00;406
10919;32;621819250;10919;686;12505;12911;3.63;0.22;385.45;20.52;1586;36;4430.00;406
10921;32;621819266;10921;690;12505;12911;3.67;0.22;385.45;20.52;1584;36;4431.00;406
10927;32;621819282;10927;688;12505;12911;3.69;0.22;385.48;20.52;1578;36;4432.00;406
10931;32;621819298;10931;684;12505;12911;3.68;0.22;385.46;20.52;1574;36;4433.00;406
10934;32;621819315;10934;688;12505;12912;3.68;0.22;385.52;20.52;1571;36;4434.00;407
10936;32;621819332;10936;688;12505;12912;3.69;0.22;385.57;20.52;1569;36;4435.00;407
10942;32;621819348;10942;692;12509;12918;3.64;0.22;385.62;20.52;1567;36;4436.00;409
10946;32;621819365;10946;690;12509;12919;3.56;0.22;385.64;20.52;1563;36;4437.00;410
10948;32;621819382;10948;691;12509;12919;3.50;0.21;385.63;20.52;1561;36;4438.00;410
10953;32;621819404;10953;699;12509;12919;3.47;0.21;385.71;20.52;1556;36;4439.00;410
10955;32;621819421;10955;702;12513;12924;3.46;0.21;385.78;20.51;1558;36;4440.00;411
10958;32;621819438;10958;701;12513;12924;3.41;0.21;385.77;20.51;1555;36;4441.00;411
10961;32;621819462;10961;708;12513;12924;3.39;0.21;385.83;20.51;1552;36;4442.00;411
10964;32;621819488;10964;709;12514;12925;3.36;0.21;385.92;20.51;1550;36;4443.00;411
10966;32;621819517;10966;720;12517;12929;3.33;0.20;385.93;20.50;1551;36;4444.00;412
10971;32;621819541;10971;721;12517;12929;3.29;0.20;385.98;20.50;1546;36;4445.00;412
10976;32;621819568;10976;723;12520;12932;3.22;0.20;385.94;20.60;1544;36;4446.00;412
10983;32;621819588;10983;723;12521;12932;3.18;0.19;385.97;20.60;1538;36;4447.00;411
10986;32;621819606;10986;729;12522;12932;3.17;0.19;385.98;20.60;1536;36;4448.00;410
10988;32;621819623;10988;737;12522;12932;3.11;0.19;385.96;20.60;1534;36;4449.00;410
10991;32;621819642;10991;738;12525;12936;3.11;0.19;385.93;20.60;1534;36;4450.00;411
10994;32;621819659;10994;732;12527;12936;3.09;0.19;385.96;20.60;1533;36;4451.00;409
10997;32;621819676;10997;730;12527;12936;3.09;0.19;385.95;20.60;1530;36;4452.00;409
10999;32;621819692;10999;728;12528;12936;3.08;0.19;385.90;20.60;1529;36;4453.00;408
11005;32;621819708;11005;719;12529;12937;3.01;0.19;385.97;20.60;1524;36;4454.00;408
11011;32;621819725;11011;718;12530;12939;2.97;0.18;385.86;20.60;1519;36;4455.00;409
11014;32;621819741;11014;714;12531;12939;2.95;0.18;385.81;20.60;1517;36;4456.00;408
11018;32;621819757;11018;724;12533;12940;2.91;0.18;385.75;20.60;1515;36;4457.00;407
11020;32;621819773;11020;724;12534;12940;2.91;0.18;385.73;20.60;1514;36;4458.00;406
11022;32;621819789;11022;724;12534;12940;2.89;0.18;385.70;20.60;1512;36;4459.00;406
11023;32;621819805;11023;731;12536;12940;2.89;0.18;385.82;20.60;1513;36;4460.00;404
11027;32;621819819;11027;734;12537;12940;2.83;0.17;385.76;20.60;1510;36;4461.00;403
11029;32;621819836;11029;740;12537;12940;2.81;0.17;385.80;20.60;1508;36;4462.00;403
11030;32;621819852;11030;744;12539;12940;2.76;0.17;385.88;20.60;1509;36;4463.00;401
11030;32;621819867;11030;757;12605;13067;3.01;0.19;385.88;20.50;1575;36;4464.00;462
11033;32;621819892;11033;751;12608;13068;2.96;0.18;385.84;20.49;1575;36;4465.00;460
11036;32;621819908;11036;757;12616;13068;2.98;0.19;385.79;20.48;1580;36;4466.00;452
11039;32;621819924;11039;745;12620;13068;2.99;0.19;385.71;20.47;1581;36;4467.00;448
11039;32;621819946;11039;753;12624;13068;3.04;0.19;385.71;20.47;1585;36;4468.00;444
11041;32;621819963;11041;746;12628;13068;3.07;0.19;385.66;20.46;1587;36;4469.00;440
11043;32;621819981;11043;745;12632;13068;3.13;0.19;385.63;20.56;1589;36;4470.00;436
11044;32;621819999;11044;753;12635;13068;3.15;0.19;385.62;20.55;1591;36;4471.00;433
11046;32;621820016;11046;754;12636;13069;3.15;0.19;385.67;20.55;1590;36;4472.00;433
11046;32;621820032;11046;757;12640;13070;3.17;0.20;385.67;20.55;1594;36;4473.00;430
11047;32;621820050;11047;762;12641;13070;3.12;0.19;385.66;20.55;1594;36;4474.00;429
11047;32;621820072;11047;755;12644;13071;3.12;0.19;385.66;20.54;1597;36;4475.00;427
11047;32;621820089;11047;738;12647;13071;3.14;0.19;385.66;20.54;1600;36;4476.00;424
11048;32;621820106;11048;722;12648;13071;3.18;0.20;385.65;20.54;1600;36;4477.00;423
11049;32;621820124;11049;705;12650;13071;3.23;0.20;385.64;20.54;1601;36;4478.00;421
11051;32;621820154;11051;704;12655;13075;3.30;0.20;385.64;20.54;1604;36;4479.00;420
11052;32;621820171;11052;697;12658;13075;3.34;0.21;385.62;20.54;1606;36;4480.00;417
11052;32;621820190;11052;687;12660;13075;3.40;0.21;385.62;20.53;1608;36;4481.00;415
11054;32;621820220;11054;684;12662;13078;3.46;0.21;385.69;20.53;1608;36;4482.00;416
11054;32;621820238;11054;685;12663;13078;3.50;0.21;385.69;20.53;1609;36;4483.00;415
11054;32;621820263;11054;673;12663;13078;3.57;0.22;385.69;20.53;1609;36;4484.00;415
11055;32;621820282;11055;673;12668;13082;3.61;0.22;385.77;20.52;1613;36;4485.00;414
11059;32;621820300;11059;670;12669;13083;3.65;0.22;385.66;20.52;1610;36;4486.00;414
11059;32;621820320;11059;662;12671;13083;3.73;0.23;385.66;20.52;1612;36;4487.00;412
11060;32;621820338;11060;662;12674;13087;3.81;0.23;385.64;20.52;1614;36;4488.00;413
11060;32;621820358;11060;655;12674;13087;3.86;0.24;385.64;20.52;1614;36;4489.00;413
11061;32;621820377;11061;655;12674;13087;3.90;0.24;385.61;20.52;1613;36;4490.00;413
11061;32;621820397;11061;657;12675;13088;3.89;0.24;385.61;20.52;1614;36;4491.00;413
11063;32;621820416;11063;650;12676;13088;3.90;0.24;385.68;20.52;1613;36;4492.00;412
11063;32;621820435;11063;647;12680;13094;3.93;0.24;385.68;20.51;1617;36;4493.00;414
11064;32;621820455;11064;646;12680;13094;3.96;0.24;385.66;20.51;1616;36;4494.00;414
11064;32;621820474;11064;649;12681;13095;3.97;0.24;385.66;20.51;1617;36;4495.00;414
11068;32;621820493;11068;640;12681;13095;3.95;0.24;385.62;20.51;1613;36;4496.00;414
11071;32;621820510;11071;645;12681;13095;3.92;0.24;385.76;20.51;1610;36;4497.00;414
11074;32;621820528;11074;649;12681;13095;3.93;0.24;385.95;20.51;1607;36;4498.00;414
11075;32;621820545;11075;650;12681;13095;3.93;0.24;385.96;20.51;1606;36;4499.00;414
11078;32;621820565;11078;656;12707;13145;3.95;0.24;385.99;20.47;1629;36;4500.00;438
11079;32;621820591;11079;646;12707;13147;3.98;0.24;385.99;20.47;1628;36;4501.00;440
11084;32;621820609;11084;644;12711;13147;4.00;0.24;386.22;20.46;1627;36;4502.00;436
11085;32;621820626;11085;637;12711;13147;4.06;0.25;386.20;20.46;1626;36;4503.00;436
11088;32;621820644;11088;648;12713;13147;4.10;0.25;386.26;20.46;1625;36;4504.00;434
11093;32;621820662;11093;639;12713;13147;4.15;0.25;386.38;20.46;1620;36;4505.00;434
11093;32;621820680;11093;639;12717;13151;4.20;0.26;386.38;20.45;1624;36;4506.00;434
11094;32;621820699;11094;635;12718;13151;4.24;0.26;386.43;20.45;1624;36;4507.00;433
11095;32;621820717;11095;631;12721;13155;4.31;0.26;386.51;20.45;1626;36;4508.00;434
11096;32;621820734;11096;629;12721;13156;4.38;0.27;386.53;20.45;1625;36;4509.00;435
11097;32;621820753;11097;616;12722;13156;4.40;0.27;386.65;20.45;1625;36;4510.00;434
11098;32;621820772;11098;605;12723;13156;4.42;0.27;386.70;20.44;1625;36;4511.00;433
11100;32;621820789;11100;598;12733;13169;4.46;0.27;386.80;20.43;1633;36;4512.00;436
11104;32;621820809;11104;594;12733;13169;4.50;0.27;386.91;20.43;1629;36;4513.00;436
11106;32;621820827;11106;599;12734;13169;4.53;0.28;386.97;20.43;1628;36;4514.00;435
11108;32;621820846;11108;591;12735;13170;4.53;0.28;386.99;20.43;1627;36;4515.00;435
11109;32;621820864;11109;595;12735;13171;4.54;0.28;387.07;20.43;1626;36;4516.00;436
11113;32;621820883;11113;596;12736;13171;4.53;0.28;387.25;20.43;1623;36;4517.00;435
11114;32;621820901;11114;593;12739;13174;4.55;0.28;387.24;20.42;1625;36;4518.00;435
11118;32;621820919;11118;590;12739;13174;4.50;0.27;387.29;20.42;1621;36;4519.00;435
11124;32;621820937;11124;587;12741;13174;4.44;0.27;387.34;20.42;1617;36;4520.00;433
11125;32;621820955;11125;570;12741;13174;4.43;0.27;387.41;20.42;1616;36;4521.00;433
11127;32;621820972;11127;577;12744;13180;4.43;0.27;387.48;20.42;1617;36;4522.00;436
11130;32;621820990;11130;574;12746;13180;4.39;0.27;387.59;20.41;1616;36;4523.00;434
11132;32;621821008;11132;571;12746;13180;4.40;0.27;387.60;20.41;1614;36;4524.00;434
11134;32;621821025;11134;569;12749;13180;4.36;0.27;387.71;20.60;1615;36;4525.00;431
11138;32;621821047;11138;579;12752;13184;4.30;0.26;387.88;20.60;1614;36;4526.00;432
11143;32;621821066;11143;579;12753;13185;4.26;0.26;387.91;20.60;1610;36;4527.00;432
11146;32;621821083;11146;578;12754;13185;4.21;0.26;388.07;20.60;1608;36;4528.00;431
11151;32;621821101;11151;589;12755;13186;4.17;0.25;388.11;20.59;1604;36;4529.00;431
11154;32;621821120;11154;582;12755;13186;4.15;0.25;388.13;20.59;1601;36;4530.00;431
11154;32;621821138;11154;584;12756;13186;4.14;0.25;388.13;20.60;1602;36;4531.00;430
11159;32;621821155;11159;586;12756;13186;4.09;0.25;388.43;20.60;1597;36;4532.00;430
11160;32;621821172;11160;598;12756;13186;4.08;0.25;388.55;20.60;1596;36;4533.00;430
11161;32;621821190;11161;604;12757;13186;4.04;0.25;388.54;20.60;1596;36;4534.00;429
11164;32;621821207;11164;602;12757;13186;4.01;0.24;388.74;20.60;1593;36;4535.00;429
11167;32;621821224;11167;615;12791;13256;4.07;0.25;388.74;20.54;1624;36;4536.00;465
11168;32;621821246;11168;622;12794;13257;4.05;0.25;388.71;20.54;1626;36;4537.00;463
11170;32;621821264;11170;618;12798;13257;4.07;0.25;388.81;20.54;1628;36;4538.00;459
11171;32;621821281;11171;621;12799;13257;4.08;0.25;388.88;20.54;1628;36;4539.00;458
11172;32;621821297;11172;622;12802;13257;4.10;0.25;388.99;20.53;1630;36;4540.00;455
11174;32;621821314;11174;627;12802;13257;4.07;0.25;389.08;20.53;1628;36;4541.00;455
11175;32;621821331;11175;620;12805;13257;4.09;0.25;389.06;20.53;1630;36;4542.00;452
11178;32;621821348;11178;625;12808;13257;4.11;0.25;389.05;20.53;1630;36;4543.00;449
11181;32;621821365;11181;630;12809;13258;4.08;0.25;389.07;20.53;1628;36;4544.00;449
11185;32;621821382;11185;626;12812;13260;4.06;0.25;389.10;20.53;1627;36;4545.00;448
11190;32;621821407;11190;634;12812;13260;4.04;0.25;389.08;20.53;1622;36;4546.00;448
11192;32;621821424;11192;639;12818;13264;4.01;0.24;389.17;20.52;1626;36;4547.00;446
11194;32;621821442;11194;638;12819;13264;3.99;0.24;389.27;20.52;1625;36;4548.00;445
11197;32;621821468;11197;642;12822;13264;3.97;0.24;389.42;20.52;1625;36;4549.00;442
11200;32;621821499;11200;655;12822;13264;3.92;0.24;389.53;20.52;1622;36;4550.00;442
11201;32;621821524;11201;660;12828;13270;3.91;0.24;389.58;20.51;1627;36;4551.00;442
11203;32;621821551;11203;668;12829;13270;3.87;0.24;389.66;20.51;1626;36;4552.00;441
11204;32;621821572;11204;669;12829;13270;3.84;0.23;389.74;20.51;1625;36;4553.00;441
11206;32;621821592;11206;662;12830;13273;3.79;0.23;389.78;20.51;1624;36;4554.00;443
11207;32;621821610;11207;674;12830;13273;3.81;0.23;389.75;20.51;1623;36;4555.00;443
11208;32;621821628;11208;678;12830;13273;3.84;0.23;389.79;20.51;1622;36;4556.00;443
11209;32;621821648;11209;685;12830;13274;3.85;0.24;389.81;20.51;1621;36;4557.00;444
11212;32;621821666;11212;689;12831;13275;3.85;0.23;389.84;20.51;1619;36;4558.00;444
11215;32;621821684;11215;698;12831;13275;3.85;0.23;389.91;20.51;1616;36;4559.00;444
11217;32;621821703;11217;697;12846;13301;3.89;0.24;389.87;20.48;1629;36;4560.00;455
11225;32;621821723;11225;698;12846;13301;3.87;0.24;390.06;20.48;1621;36;4561.00;455
11226;32;621821740;11226;685;12849;13301;3.94;0.24;390.11;20.48;1623;36;4562.00;452
11226;32;621821757;11226;686;12850;13302;4.00;0.24;390.11;20.48;1624;36;4563.00;452
11229;32;621821774;11229;685;12851;13302;4.00;0.24;390.17;20.47;1622;36;4564.00;451
11231;32;621821791;11231;684;12854;13306;3.99;0.24;390.22;20.47;1623;36;4565.00;452
11233;32;621821808;11233;678;12854;13306;3.97;0.24;390.28;20.47;1621;36;4566.00;452
11236;32;621821826;11236;680;12857;13310;3.92;0.24;390.29;20.47;1621;36;4567.00;453
11240;32;621821844;11240;681;12857;13310;3.83;0.23;390.39;20.47;1617;36;4568.00;453
11242;32;621821860;11242;682;12857;13310;3.79;0.23;390.35;20.47;1615;36;4569.00;453
11246;32;621821878;11246;678;12857;13310;3.73;0.23;390.47;20.47;1611;36;4570.00;453
11250;32;621821895;11250;669;12857;13310;3.65;0.22;390.56;20.47;1607;36;4571.00;453
11252;32;621821912;11252;665;12865;13322;3.64;0.22;390.62;20.45;1613;36;4572.00;457
11254;32;621821930;11254;666;12865;13322;3.62;0.22;390.63;20.45;1611;36;4573.00;457
11255;32;621821947;11255;667;12867;13322;3.60;0.22;390.65;20.45;1612;36;4574.00;455
11258;32;621821963;11258;664;12867;13322;3.56;0.22;390.61;20.45;1609;36;4575.00;455
11259;32;621821980;11259;665;12867;13322;3.56;0.22;390.60;20.45;1608;36;4576.00;455
11260;32;621821997;11260;666;12867;13322;3.55;0.22;390.65;20.45;1607;36;4577.00;455
11262;32;621822013;11262;666;12867;13323;3.55;0.22;390.67;20.45;1605;36;4578.00;456
11266;32;621822029;11266;663;12867;13323;3.52;0.21;390.81;20.45;1601;36;4579.00;456
11269;32;621822045;11269;674;12871;13329;3.55;0.22;390.76;20.44;1602;36;4580.00;458
11270;32;621822068;11270;671;12871;13330;3.50;0.21;390.80;20.44;1601;36;4581.00;459
11274;32;621822085;11274;674;12871;13330;3.47;0.21;390.82;20.44;1597;36;4582.00;459
11278;32;621822101;11278;677;12871;13330;3.40;0.21;390.86;20.44;1593;36;4583.00;459
11285;32;621822117;11285;679;12874;13334;3.35;0.20;390.83;20.44;1589;36;4584.00;460
11286;32;621822133;11286;690;12874;13334;3.35;0.20;390.80;20.44;1588;36;4585.00;460
11293;32;621822148;11293;692;12874;13334;3.28;0.20;390.81;20.44;1581;36;4586.00;460
11298;32;621822164;11298;701;12875;13335;3.21;0.20;390.87;20.44;1577;36;4587.00;460
11299;32;621822179;11299;716;12878;13339;3.15;0.19;390.84;20.43;1579;36;4588.00;461
11304;32;621822195;11304;722;12878;13339;3.04;0.19;391.10;20.43;1574;36;4589.00;461
11308;32;621822211;11308;712;12882;13345;3.00;0.18;391.10;20.43;1574;36;4590.00;463
11311;32;621822227;11311;712;12882;13345;2.91;0.18;391.13;20.43;1571;36;4591.00;463
11318;32;621822241;11318;708;12883;13345;2.83;0.17;391.21;20.43;1565;36;4592.00;462
11321;32;621822259;11321;719;12883;13345;2.80;0.17;391.18;20.43;1562;36;4593.00;462
11324;32;621822274;11324;730;12886;13349;2.82;0.17;391.22;20.43;1562;36;4594.00;463
11327;32;621822293;11327;722;12886;13349;2.81;0.17;391.23;20.43;1559;36;4595.00;463
11329;32;621822309;11329;736;12886;13349;2.81;0.17;391.22;20.43;1557;36;4596.00;463
11331;32;621822325;11331;734;12886;13349;2.80;0.17;391.28;20.43;1555;36;4597.00;463
11333;32;621822340;11333;742;12886;13350;2.80;0.17;391.27;20.43;1553;36;4598.00;464
11335;32;621822357;11335;734;12886;13351;2.81;0.17;391.25;20.43;1551;36;4599.00;465
11341;32;621822373;11341;729;12886;13351;2.76;0.17;391.36;20.43;1545;36;4600.00;465
11342;32;621822394;11342;726;12887;13352;2.76;0.17;391.37;20.42;1545;36;4601.00;465
11347;32;621822409;11347;727;12887;13352;2.74;0.17;391.40;20.42;1540;36;4602.00;465
11350;32;621822424;11350;725;12887;13352;2.73;0.17;391.41;20.42;1537;36;4603.00;465
11355;32;621822441;11355;720;12887;13352;2.72;0.17;391.32;20.42;1532;36;4604.00;465
11358;32;621822458;11358;724;12887;13352;2.74;0.17;391.33;20.42;1529;36;4605.00;465
11362;32;621822473;11362;726;12887;13352;2.75;0.17;391.28;20.42;1525;36;4606.00;465
11366;32;621822488;11366;708;12887;13352;2.76;0.17;391.29;20.42;1521;36;4607.00;465
11370;32;621822503;11370;716;12944;13479;3.15;0.20;391.29;20.33;1574;36;4608.00;535
11373;32;621822528;11373;722;12948;13480;3.18;0.20;391.25;20.33;1575;36;4609.00;532
11375;32;621822543;11375;723;12956;13480;3.22;0.20;391.23;20.32;1581;36;4610.00;524
11382;32;621822558;11382;711;12959;13480;3.18;0.20;391.22;20.31;1577;36;4611.00;521
11386;32;621822573;11386;707;12964;13480;3.16;0.20;391.17;20.31;1578;36;4612.00;516
11390;32;621822589;11390;713;12964;13480;3.12;0.19;391.15;20.31;1574;36;4613.00;516
11395;32;621822604;11395;716;12967;13480;3.07;0.19;391.07;20.30;1572;36;4614.00;513
11397;32;621822619;11397;717;12967;13480;3.03;0.19;391.05;20.30;1570;36;4615.00;513
11401;32;621822634;11401;718;12969;13481;2.97;0.18;391.00;20.30;1568;36;4616.00;512
11405;32;621822650;11405;726;12971;13482;2.93;0.18;391.03;20.30;1566;36;4617.00;511
11408;32;621822665;11408;733;12973;13482;2.91;0.18;391.13;20.30;1565;36;4618.00;509
11414;32;621822680;11414;747;12975;13483;2.90;0.18;391.21;20.30;1561;36;4619.00;508
11416;32;621822705;11416;746;12977;13483;2.89;0.18;391.20;20.30;1561;36;4620.00;506
11422;32;621822721;11422;745;12980;13483;2.83;0.18;391.20;20.31;1558;36;4621.00;503
11423;32;621822737;11423;747;12982;13483;2.84;0.18;391.18;20.30;1559;36;4622.00;501
11425;32;621822752;11425;750;12984;13487;2.84;0.18;391.26;20.30;1559;36;4623.00;503
11425;32;621822768;11425;749;12985;13487;2.84;0.18;391.26;20.31;1560;36;4624.00;502
11430;32;621822783;11430;753;12985;13487;2.82;0.17;391.32;20.31;1555;36;4625.00;502
11430;32;621822798;11430;752;12986;13490;2.81;0.17;391.32;20.30;1556;36;4626.00;504
11433;32;621822813;11433;736;12988;13490;2.78;0.17;391.33;20.31;1555;36;4627.00;502
11436;32;621822835;11436;732;12990;13490;2.79;0.17;391.40;20.32;1554;36;4628.00;500
11439;32;621822850;11439;726;12991;13494;2.82;0.17;391.39;20.31;1552;36;4629.00;503
11442;32;621822866;11442;724;12992;13495;2.87;0.18;391.34;20.31;1550;36;4630.00;503
11447;32;621822881;11447;712;12994;13495;2.93;0.18;391.26;20.32;1547;36;4631.00;501
11450;33;621822897;11450;705;12997;13499;2.99;0.18;391.29;20.31;1547;37;4632.00;502
11451;33;621822923;11451;697;12998;13499;3.06;0.19;391.30;20.32;1547;37;4633.00;501
11454;33;621822945;11454;688;12998;13499;3.09;0.19;391.33;20.32;1544;37;4634.00;501
11458;33;621822962;11458;686;12998;13501;3.12;0.19;391.35;20.32;1540;37;4635.00;503
11459;33;621822979;11459;685;12999;13501;3.15;0.19;391.35;20.32;1540;37;4636.00;502
11463;33;621822995;11463;675;13003;13507;3.19;0.20;391.36;20.32;1540;37;4637.00;504
11465;33;621823013;11465;663;13003;13507;3.25;0.20;391.30;20.32;1538;37;4638.00;504
11469;33;621823029;11469;659;13005;13508;3.28;0.20;391.23;20.33;1536;37;4639.00;503
11470;33;621823045;11470;662;13005;13508;3.32;0.20;391.24;20.33;1535;37;4640.00;503
11475;34;621823061;11475;657;13005;13508;3.32;0.20;391.37;20.33;1530;38;4641.00;503
11476;34;621823095;11476;659;13005;13508;3.36;0.21;391.36;20.33;1529;38;4642.00;503
11479;34;621823110;11479;662;13006;13508;3.42;0.21;391.44;20.33;1527;38;4643.00;502
11481;34;621823127;11481;666;13015;13520;3.49;0.21;391.48;20.33;1534;38;4644.00;505
11481;34;621823148;11481;670;13015;13520;3.51;0.21;391.48;20.33;1534;38;4645.00;505
11482;34;621823168;11482;664;13015;13520;3.53;0.22;391.47;20.33;1533;38;4646.00;505
11484;34;621823184;11484;657;13017;13520;3.56;0.22;391.51;20.43;1533;38;4647.00;503
11487;34;621823207;11487;650;13018;13520;3.58;0.22;391.65;20.44;1531;38;4648.00;502
11490;34;621823234;11490;644;13018;13520;3.60;0.22;391.68;20.44;1528;38;4649.00;502
11491;34;621823254;11491;649;13020;13526;3.65;0.22;391.74;20.43;1529;38;4650.00;506
11493;34;621823272;11493;646;13020;13526;3.67;0.22;391.86;20.43;1527;38;4651.00;506
11496;34;621823290;11496;636;13023;13530;3.68;0.23;391.94;20.43;1527;38;4652.00;507
11499;34;621823307;11499;640;13024;13531;3.75;0.23;392.01;20.43;1525;38;4653.00;507
11503;34;621823326;11503;638;13024;13531;3.77;0.23;392.10;20.43;1521;38;4654.00;507
11506;34;621823344;11506;634;13024;13531;3.79;0.23;392.15;20.43;1518;38;4655.00;507
11508;34;621823361;11508;642;13035;13544;3.89;0.24;392.21;20.42;1527;38;4656.00;509
11511;34;621823380;11511;626;13035;13544;3.89;0.24;392.26;20.42;1524;38;4657.00;509
11513;34;621823398;11513;619;13037;13544;3.89;0.24;392.30;20.43;1524;38;4658.00;507
11514;34;621823416;11514;624;13038;13545;3.90;0.24;392.40;20.43;1524;38;4659.00;507
11515;34;621823434;11515;606;13038;13546;3.94;0.24;392.54;20.43;1523;38;4660.00;508
11516;34;621823456;11516;605;13038;13546;3.95;0.24;392.58;20.43;1522;38;4661.00;508
11518;34;621823488;11518;602;13040;13549;3.94;0.24;392.61;20.43;1522;38;4662.00;509
11520;34;621823516;11520;606;13040;13549;3.91;0.24;392.67;20.43;1520;38;4663.00;509
11522;34;621823539;11522;608;13041;13549;3.91;0.24;392.67;20.43;1519;38;4664.00;508
11522;34;621823566;11522;613;13041;13549;3.89;0.24;392.67;20.43;1519;38;4665.00;508
11525;34;621823584;11525;625;13044;13555;3.87;0.24;392.77;20.43;1519;38;4666.00;511
11528;34;621823603;11528;633;13044;13555;3.86;0.24;392.76;20.43;1516;38;4667.00;511
11529;34;621823620;11529;638;13045;13555;3.84;0.23;392.85;20.43;1516;38;4668.00;510
11533;34;621823640;11533;641;13045;13555;3.85;0.23;392.91;20.43;1512;38;4669.00;510
11535;34;621823657;11535;644;13046;13559;3.84;0.23;392.95;20.43;1511;38;4670.00;513
11535;34;621823676;11535;643;13046;13560;3.86;0.24;392.95;20.43;1511;38;4671.00;514
11536;34;621823693;11536;641;13046;13560;3.88;0.24;392.97;20.43;1510;38;4672.00;514
11541;34;621823711;11541;642;13047;13561;3.88;0.24;393.21;20.43;1506;38;4673.00;514
11544;34;621823729;11544;653;13047;13561;3.86;0.23;393.32;20.43;1503;38;4674.00;514
11546;34;621823746;11546;652;13047;13561;3.83;0.23;393.35;20.43;1501;38;4675.00;514
11549;34;621823763;11549;654;13047;13561;3.83;0.23;393.49;20.43;1498;38;4676.00;514
11550;34;621823788;11550;646;13048;13561;3.89;0.24;393.47;20.43;1498;38;4677.00;513
11553;34;621823808;11553;647;13048;13561;3.91;0.24;393.60;20.43;1495;38;4678.00;513
11558;34;621823828;11558;642;13049;13561;3.94;0.24;393.73;20.44;1491;38;4679.00;512
11558;34;621823848;11558;667;13105;13686;4.09;0.25;393.73;20.35;1547;38;4680.00;581
11560;34;621823875;11560;648;13105;13687;4.14;0.26;393.79;20.35;1545;38;4681.00;582
11561;34;621823893;11561;636;13107;13687;4.22;0.26;393.76;20.35;1546;38;4682.00;580
11564;34;621823910;11564;623;13109;13687;4.30;0.26;393.90;20.34;1545;38;4683.00;578
11567;34;621823929;11567;618;13111;13687;4.35;0.27;393.95;20.34;1544;38;4684.00;576
11572;34;621823948;11572;616;13112;13687;4.38;0.27;394.17;20.34;1540;38;4685.00;575
11576;34;621823966;11576;613;13114;13687;4.40;0.27;394.20;20.34;1538;38;4686.00;573
11579;34;621823984;11579;609;13116;13687;4.40;0.27;394.31;20.34;1537;38;4687.00;571
11581;34;621824008;11581;610;13119;13688;4.41;0.27;394.31;20.33;1538;38;4688.00;569
11586;34;621824026;11586;614;13120;13689;4.42;0.27;394.40;20.33;1534;38;4689.00;569
11591;34;621824045;11591;605;13121;13689;4.38;0.27;394.46;20.33;1530;38;4690.00;568
11591;34;621824063;11591;608;13124;13693;4.37;0.27;394.46;20.33;1533;38;4691.00;569
11596;34;621824080;11596;597;13125;13693;4.36;0.27;394.60;20.33;1529;38;4692.00;568
11597;34;621824098;11597;591;13125;13693;4.34;0.27;394.61;20.33;1528;38;4693.00;568
11602;34;621824116;11602;586;13125;13693;4.28;0.26;394.80;20.33;1523;38;4694.00;568
11605;34;621824133;11605;585;13127;13699;4.29;0.26;394.83;20.32;1522;38;4695.00;572
11608;34;621824152;11608;577;13127;13699;4.31;0.26;394.86;20.32;1519;38;4696.00;572
11612;34;621824169;11612;575;13127;13699;4.31;0.26;394.96;20.32;1515;38;4697.00;572
11615;34;621824187;11615;581;13128;13702;4.35;0.27;394.98;20.32;1513;38;4698.00;574
11620;34;621824205;11620;568;13128;13702;4.33;0.27;395.10;20.32;1508;38;4699.00;574
11624;34;621824224;11624;567;13128;13702;4.33;0.27;395.15;20.32;1504;38;4700.00;574
11626;34;621824246;11626;563;13128;13703;4.34;0.27;395.13;20.32;1502;38;4701.00;575
11632;34;621824271;11632;558;13129;13704;4.32;0.26;395.17;20.32;1497;38;4702.00;575
11638;34;621824289;11638;554;13129;13704;4.26;0.26;395.23;20.32;1491;38;4703.00;575
11642;34;621824307;11642;547;13138;13717;4.23;0.26;395.34;20.31;1496;38;4704.00;579
11645;34;621824325;11645;538;13139;13717;4.20;0.26;395.29;20.31;1494;38;4705.00;578
11649;34;621824343;11649;535;13139;13717;4.20;0.26;395.35;20.31;1490;38;4706.00;578
11651;34;621824360;11651;536;13139;13718;4.23;0.26;395.44;20.31;1488;38;4707.00;579
11654;34;621824377;11654;539;13140;13718;4.22;0.26;395.52;20.31;1486;38;4708.00;578
11657;34;621824396;11657;531;13141;13722;4.21;0.26;395.60;20.31;1484;38;4709.00;581
11659;34;621824414;11659;538;13141;13722;4.20;0.26;395.69;20.31;1482;38;4710.00;581
11662;34;621824431;11662;532;13144;13726;4.17;0.25;395.84;20.31;1482;38;4711.00;582
11664;34;621824454;11664;534;13144;13726;4.13;0.25;395.92;20.31;1480;38;4712.00;582
11667;34;621824475;11667;535;13144;13726;4.12;0.25;396.07;20.31;1477;38;4713.00;582
11669;34;621824499;11669;541;13145;13726;4.14;0.25;396.09;20.31;1476;38;4714.00;581
11670;34;621824515;11670;547;13145;13726;4.17;0.25;396.14;20.31;1475;38;4715.00;581
11673;34;621824531;11673;551;13152;13738;4.19;0.25;396.26;20.30;1479;38;4716.00;586
11675;34;621824548;11675;556;13155;13738;4.15;0.25;396.34;20.30;1480;38;4717.00;583
11678;34;621824564;11678;554;13156;13738;4.12;0.25;396.41;20.30;1478;38;4718.00;582
11680;34;621824580;11680;560;13156;13738;4.09;0.25;396.49;20.30;1476;38;4719.00;582
11682;34;621824596;11682;568;13156;13738;4.07;0.25;396.55;20.30;1474;38;4720.00;582
11683;34;621824612;11683;581;13156;13738;4.06;0.25;396.61;20.30;1473;38;4721.00;582
11685;34;621824627;11685;583;13156;13739;4.08;0.25;396.64;20.30;1471;38;4722.00;583
11690;34;621824643;11690;586;13156;13739;4.06;0.25;396.74;20.30;1466;38;4723.00;583
11691;34;621824659;11691;582;13159;13745;4.09;0.25;396.73;20.29;1468;38;4724.00;586
11694;34;621824674;11694;592;13159;13747;4.07;0.25;396.82;20.29;1465;38;4725.00;588
11697;34;621824691;11697;594;13159;13747;4.06;0.25;396.89;20.29;1462;38;4726.00;588
11700;34;621824706;11700;602;13159;13747;4.06;0.25;396.91;20.29;1459;38;4727.00;588
11703;34;621824721;11703;600;13162;13751;4.04;0.25;396.99;20.29;1459;38;4728.00;589
11705;34;621824737;11705;605;13162;13751;4.02;0.25;397.06;20.29;1457;38;4729.00;589
11706;34;621824752;11706;611;13162;13751;3.99;0.24;397.10;20.29;1456;38;4730.00;589
11708;34;621824767;11708;614;13163;13752;3.99;0.24;397.14;20.28;1455;38;4731.00;589
11710;34;621824782;11710;622;13164;13756;4.00;0.24;397.25;20.28;1454;38;4732.00;592
11712;34;621824796;11712;620;13164;13756;4.01;0.25;397.25;20.28;1452;38;4733.00;592
11718;34;621824813;11718;621;13165;13759;4.01;0.24;397.39;20.28;1447;38;4734.00;594
11720;34;621824828;11720;622;13165;13759;4.00;0.24;397.49;20.28;1445;38;4735.00;594
11720;34;621824842;11720;623;13165;13759;3.99;0.24;397.49;20.28;1445;38;4736.00;594
11723;34;621824856;11723;618;13165;13759;4.00;0.24;397.47;20.28;1442;38;4737.00;594
11725;34;621824870;11725;615;13167;13763;4.00;0.24;397.51;20.28;1442;38;4738.00;596
11728;34;621824885;11728;617;13167;13763;3.97;0.24;397.65;20.28;1439;38;4739.00;596
11728;34;621824901;11728;613;13167;13763;3.98;0.24;397.65;20.28;1439;38;4740.00;596
11732;34;621824916;11732;606;13167;13763;3.96;0.24;397.88;20.28;1435;38;4741.00;596
11734;34;621824931;11734;607;13167;13764;3.92;0.24;397.96;20.28;1433;38;4742.00;597
11739;34;621824945;11739;611;13167;13765;3.85;0.23;398.00;20.28;1428;38;4743.00;598
11740;34;621824960;11740;605;13167;13765;3.82;0.23;398.11;20.28;1427;38;4744.00;598
11743;34;621824974;11743;605;13168;13766;3.79;0.23;398.12;20.28;1425;38;4745.00;598
11746;34;621824988;11746;603;13168;13766;3.77;0.23;398.05;20.28;1422;38;4746.00;598
11750;34;621825002;11750;597;13168;13766;3.74;0.23;398.04;20.28;1418;38;4747.00;598
11750;34;621825017;11750;593;13168;13766;3.78;0.23;398.04;20.28;1418;38;4748.00;598
11752;34;621825030;11752;595;13168;13766;3.76;0.23;398.02;20.28;1416;38;4749.00;598
11754;34;621825044;11754;596;13168;13766;3.75;0.23;398.09;20.28;1414;38;4750.00;598
11755;34;621825058;11755;590;13168;13766;3.72;0.23;398.08;20.28;1413;38;4751.00;598
11757;34;621825071;11757;606;13221;13893;3.98;0.25;398.06;20.20;1464;38;4752.00;672
11758;34;621825093;11758;606;13224;13894;3.97;0.25;398.03;20.19;1466;38;4753.00;670
11761;34;621825107;11761;604;13232;13894;3.99;0.25;398.02;20.18;1471;38;4754.00;662
11764;34;621825121;11764;603;13234;13894;3.96;0.24;398.05;20.19;1470;38;4755.00;660
11766;34;621825136;11766;606;13239;13894;3.94;0.24;398.01;20.19;1473;38;4756.00;655
11767;34;621825151;11767;610;13241;13894;3.91;0.24;398.01;20.19;1474;38;4757.00;653
11769;34;621825165;11769;609;13242;13894;3.87;0.24;398.03;20.19;1473;38;4758.00;652
11770;34;621825178;11770;616;13245;13894;3.85;0.24;398.11;20.19;1475;38;4759.00;649
11776;34;621825194;11776;612;13246;13895;3.82;0.24;398.01;20.19;1470;38;4760.00;649
11778;34;621825209;11778;610;13247;13896;3.85;0.24;398.03;20.19;1469;38;4761.00;649
11781;34;621825223;11781;615;13248;13896;3.85;0.24;397.95;20.19;1467;38;4762.00;648
11785;34;621825238;11785;619;13249;13897;3.81;0.24;397.94;20.19;1464;38;4763.00;648
11786;34;621825253;11786;631;13250;13897;3.79;0.23;397.94;20.19;1464;38;4764.00;647
11788;34;621825267;11788;634;13252;13897;3.73;0.23;397.94;20.19;1464;38;4765.00;645
11791;34;621825282;11791;641;13253;13897;3.66;0.23;398.01;20.19;1462;38;4766.00;644
11796;34;621825296;11796;640;13255;13901;3.61;0.22;398.03;20.19;1459;38;4767.00;646
11798;34;621825312;11798;636;13257;13901;3.57;0.22;397.98;20.19;1459;38;4768.00;644
11801;34;621825326;11801;646;13259;13901;3.52;0.22;397.95;20.19;1458;38;4769.00;642
11803;34;621825342;11803;642;13261;13907;3.50;0.21;397.97;20.19;1458;38;4770.00;646
11805;34;621825357;11805;646;13263;13907;3.44;0.21;397.97;20.20;1458;38;4771.00;644
11807;34;621825371;11807;642;13264;13907;3.42;0.21;397.95;20.20;1457;38;4772.00;643
11810;34;621825386;11810;641;13266;13911;3.42;0.21;398.03;20.19;1456;38;4773.00;645
11815;34;621825401;11815;639;13268;13912;3.41;0.21;397.99;20.20;1453;38;4774.00;644
11815;34;621825416;11815;643;13269;13912;3.41;0.21;397.99;20.20;1454;38;4775.00;643
11820;34;621825430;11820;640;13272;13916;3.38;0.21;397.90;20.19;1452;38;4776.00;644
11823;34;621825444;11823;644;13273;13916;3.33;0.20;397.91;20.19;1450;38;4777.00;643
11823;34;621825467;11823;649;13274;13916;3.35;0.20;397.91;20.20;1451;38;4778.00;642
11827;34;621825490;11827;639;13275;13917;3.32;0.20;397.87;20.20;1448;38;4779.00;642
11830;34;621825514;11830;632;13276;13917;3.34;0.20;397.86;20.21;1446;38;4780.00;641
11830;34;621825534;11830;621;13280;13923;3.37;0.21;397.86;20.20;1450;38;4781.00;643
11835;34;621825556;11835;609;13281;13923;3.38;0.21;397.88;20.22;1446;38;4782.00;642
11837;34;621825576;11837;601;13282;13924;3.40;0.21;397.86;20.21;1445;38;4783.00;642
11839;34;621825593;11839;600;13282;13924;3.45;0.21;397.93;20.21;1443;38;4784.00;642
11842;34;621825609;11842;602;13283;13924;3.44;0.21;397.92;20.23;1441;38;4785.00;641
11844;34;621825640;11844;607;13284;13924;3.51;0.21;397.98;20.23;1440;38;4786.00;640
11847;34;621825656;11847;609;13284;13924;3.51;0.21;397.95;20.23;1437;38;4787.00;640
11852;34;621825672;11852;615;13293;13936;3.54;0.22;397.94;20.23;1441;38;4788.00;643
11853;34;621825689;11853;611;13294;13936;3.55;0.22;397.91;20.24;1441;38;4789.00;642
11858;34;621825711;11858;613;13297;13936;3.53;0.22;397.97;20.25;1439;38;4790.00;639
11862;34;621825726;11862;612;13299;13936;3.55;0.22;397.96;20.27;1437;38;4791.00;637
11865;34;621825741;11865;614;13300;13936;3.58;0.22;398.08;20.28;1435;38;4792.00;636
11869;34;621825756;11869;613;13300;13936;3.61;0.22;398.17;20.28;1431;38;4793.00;636
11870;34;621825772;11870;615;13303;13940;3.70;0.23;398.18;20.30;1433;38;4794.00;637
11871;34;621825789;11871;612;13305;13940;3.72;0.23;398.23;20.43;1434;38;4795.00;635
11873;34;621825804;11873;610;13310;13944;3.81;0.23;398.24;20.44;1437;38;4796.00;634
11877;34;621825820;11877;615;13311;13945;3.78;0.23;398.21;20.45;1434;38;4797.00;634
11878;34;621825836;11878;621;13312;13945;3.80;0.23;398.27;20.46;1434;38;4798.00;633
11879;34;621825851;11879;620;13313;13945;3.82;0.23;398.26;20.47;1434;38;4799.00;632
11883;34;621825868;11883;618;13336;13986;3.90;0.24;398.33;20.46;1453;38;4800.00;650
11885;34;621825892;11885;611;13337;13986;3.90;0.24;398.39;20.46;1452;38;4801.00;649
11892;34;621825907;11892;610;13339;13986;3.93;0.24;398.39;20.47;1447;38;4802.00;647
11896;34;621825923;11896;615;13341;13987;3.97;0.24;398.50;20.48;1445;38;4803.00;646
11898;34;621825939;11898;618;13344;13988;4.00;0.24;398.49;20.49;1446;38;4804.00;644
11901;34;621825955;11901;618;13347;13988;4.00;0.24;398.50;20.52;1446;38;4805.00;641
11903;34;621825971;11903;622;13352;13991;4.00;0.24;398.61;20.54;1449;38;4806.00;639
11907;34;621825986;11907;613;13352;13991;3.97;0.24;398.60;20.54;1445;38;4807.00;639
11908;34;621826003;11908;610;13354;13991;3.96;0.24;398.68;20.55;1446;38;4808.00;637
11910;34;621826019;11910;610;13354;13991;3.98;0.24;398.69;20.55;1444;38;4809.00;637
11912;34;621826034;11912;609;13362;13997;4.05;0.25;398.76;20.56;1450;38;4810.00;635
11915;34;621826050;11915;619;13365;13997;4.10;0.25;398.82;20.70;1450;38;4811.00;632
11919;34;621826067;11919;623;13366;13997;4.11;0.25;398.85;20.70;1447;38;4812.00;631
11922;34;621826083;11922;620;13367;13997;4.12;0.25;399.06;20.70;1445;38;4813.00;630
11924;34;621826107;11924;625;13368;14001;4.14;0.25;399.04;20.70;1444;38;4814.00;633
11927;35;621826123;11927;632;13371;14003;4.10;0.25;399.24;20.72;1444;39;4815.00;632
11929;35;621826153;11929;623;13374;14003;4.08;0.25;399.42;20.84;1445;39;4816.00;629
11932;35;621826175;11932;616;13375;14004;4.05;0.25;399.48;20.84;1443;39;4817.00;629
11938;35;621826197;11938;619;13377;14004;4.01;0.24;399.63;20.94;1439;39;4818.00;627
11940;35;621826219;11940;620;13378;14004;3.98;0.24;399.79;20.94;1438;39;4819.00;626
11942;35;621826237;11942;624;13382;14004;3.96;0.24;399.80;20.97;1440;39;4820.00;622
11944;35;621826253;11944;619;13384;14004;3.96;0.24;399.82;20.99;1440;39;4821.00;620
11949;35;621826270;11949;619;13387;14004;3.93;0.24;400.00;21.10;1438;39;4822.00;617
11952;35;621826286;11952;634;13387;14004;3.91;0.24;400.13;21.10;1435;39;4823.00;617
11954;35;621826303;11954;645;13429;14074;3.96;0.24;400.16;21.06;1475;39;4824.00;645
11957;35;621826326;11957;641;13432;14075;4.01;0.24;400.27;21.08;1475;39;4825.00;643
11958;35;621826344;11958;634;13438;14075;4.07;0.25;400.30;21.10;1480;39;4826.00;637
11958;35;621826362;11958;619;13441;14075;4.15;0.25;400.30;21.11;1483;39;4827.00;634
11960;35;621826379;11960;617;13444;14077;4.20;0.26;400.37;21.12;1484;39;4828.00;633
11964;35;621826400;11964;619;13452;14077;4.21;0.26;400.53;21.48;1488;40;4829.00;625
11966;35;621826432;11966;620;13455;14077;4.23;0.26;400.64;21.59;1489;40;4830.00;622
11970;35;621826452;11970;619;13459;14077;4.28;0.26;400.68;21.59;1489;40;4831.00;618
11974;35;621826472;11974;624;13461;14078;4.30;0.26;400.80;21.59;1487;40;4832.00;617
11975;35;621826488;11975;629;13465;14079;4.34;0.26;400.84;21.62;1490;40;4833.00;614
11978;35;621826506;11978;623;13467;14079;4.37;0.27;401.01;21.62;1489;40;4834.00;612
11979;35;621826522;11979;631;13468;14083;4.41;0.27;401.05;21.62;1489;40;4835.00;615
11981;35;621826538;11981;634;13473;14083;4.40;0.27;401.06;21.64;1492;41;4836.00;610
11984;35;621826560;11984;639;13473;14083;4.36;0.27;401.09;21.64;1489;41;4837.00;610
11985;35;621826576;11985;633;13474;14083;4.35;0.27;401.14;21.64;1489;41;4838.00;609
11988;35;621826593;11988;634;13481;14089;4.35;0.27;401.20;21.65;1493;41;4839.00;608
11989;35;621826610;11989;633;13483;14089;4.37;0.27;401.26;21.66;1494;41;4840.00;606
11991;35;621826626;11991;633;13483;14089;4.38;0.27;401.33;21.66;1492;41;4841.00;606
11993;35;621826648;11993;630;13485;14092;4.39;0.27;401.40;21.76;1492;41;4842.00;607
11994;35;621826665;11994;635;13486;14092;4.40;0.27;401.45;21.77;1492;41;4843.00;606
11995;35;621826681;11995;636;13488;14092;4.42;0.27;401.46;21.79;1493;41;4844.00;604
11997;35;621826697;11997;639;13489;14093;4.41;0.27;401.51;21.81;1492;41;4845.00;604
11997;35;621826713;11997;628;13492;14094;4.44;0.27;401.51;21.92;1495;41;4846.00;602
12002;35;621826729;12002;629;13492;14094;4.38;0.27;401.60;21.92;1490;41;4847.00;602
12004;35;621826745;12004;629;13503;14107;4.41;0.27;401.61;22.00;1499;41;4848.00;604
12004;35;621826762;12004;624;13504;14107;4.42;0.27;401.61;22.01;1500;41;4849.00;603
12005;35;621826783;12005;617;13504;14107;4.43;0.27;401.60;22.01;1499;41;4850.00;603
12008;35;621826799;12008;613;13506;14108;4.45;0.27;401.54;22.11;1498;41;4851.00;602
12009;35;621826816;12009;608;13507;14108;4.47;0.27;401.62;22.12;1498;41;4852.00;601
12010;35;621826832;12010;600;13511;14112;4.53;0.28;401.72;22.21;1501;41;4853.00;601
12010;35;621826849;12010;594;13511;14112;4.56;0.28;401.72;22.21;1501;41;4854.00;601
12012;35;621826866;12012;582;13515;14116;4.56;0.28;401.83;22.23;1503;41;4855.00;601
12013;35;621826883;12013;574;13516;14116;4.59;0.28;401.81;22.32;1503;41;4856.00;600
12016;35;621826898;12016;569;13516;14116;4.61;0.28;401.86;22.32;1500;41;4857.00;600
12024;35;621826914;12024;561;13516;14116;4.58;0.28;402.02;22.32;1492;41;4858.00;600
12026;35;621826931;12026;561;13517;14116;4.56;0.28;402.01;22.41;1491;41;4859.00;599
12029;35;621826948;12029;562;13533;14150;4.60;0.28;402.12;22.39;1504;41;4860.00;617
12031;35;621826967;12031;559;13533;14150;4.57;0.28;402.10;22.39;1502;41;4861.00;617
12033;35;621826983;12033;553;13537;14150;4.52;0.28;402.20;22.49;1504;41;4862.00;613
12037;35;621826999;12037;556;13538;14150;4.49;0.28;402.26;22.49;1501;41;4863.00;612
12040;35;621827016;12040;558;13540;14150;4.47;0.27;402.32;22.48;1500;41;4864.00;610
12043;35;621827031;12043;552;13540;14150;4.46;0.27;402.41;22.48;1497;41;4865.00;610
12045;35;621827047;12045;559;13540;14151;4.45;0.27;402.49;22.48;1495;41;4866.00;611
12045;35;621827064;12045;561;13540;14151;4.45;0.27;402.49;22.48;1495;41;4867.00;611
12049;35;621827079;12049;565;13544;14157;4.44;0.27;402.48;22.49;1495;41;4868.00;613
12054;35;621827097;12054;559;13544;14158;4.36;0.27;402.52;22.49;1490;41;4869.00;614
12056;35;621827113;12056;559;13545;14158;4.33;0.27;402.48;22.49;1489;41;4870.00;613
12061;35;621827130;12061;566;13545;14158;4.28;0.26;402.56;22.49;1484;41;4871.00;613
12063;35;621827145;12063;575;13548;14162;4.29;0.26;402.69;22.50;1485;41;4872.00;614
12067;35;621827162;12067;582;13549;14162;4.26;0.26;402.71;22.50;1482;41;4873.00;613
12068;35;621827177;12068;584;13550;14162;4.27;0.26;402.82;22.51;1482;41;4874.00;612
12076;35;621827192;12076;583;13552;14163;4.22;0.26;403.00;22.51;1476;41;4875.00;611
12076;35;621827209;12076;589;13553;14167;4.25;0.26;403.00;22.51;1477;41;4876.00;614
12082;35;621827224;12082;601;13555;14167;4.23;0.26;403.14;22.53;1473;41;4877.00;612
12085;35;621827240;12085;605;13556;14170;4.20;0.26;403.26;22.53;1471;41;4878.00;614
12087;35;621827256;12087;600;13556;14170;4.19;0.25;403.26;22.53;1469;41;4879.00;614
12094;35;621827272;12094;606;13557;14170;4.14;0.25;403.29;22.54;1463;41;4880.00;613
12094;35;621827287;12094;608;13557;14170;4.11;0.25;403.29;22.54;1463;41;4881.00;613
12097;35;621827302;12097;621;13560;14174;4.06;0.25;403.36;22.54;1463;41;4882.00;614
12100;35;621827323;12100;625;13560;14174;4.00;0.24;403.49;22.54;1460;41;4883.00;614
12103;35;621827338;12103;636;13561;14174;3.96;0.24;403.54;22.55;1458;41;4884.00;613
12103;35;621827354;12103;633;13561;14174;3.94;0.24;403.54;22.55;1458;41;4885.00;613
12105;35;621827369;12105;638;13561;14175;3.91;0.24;403.58;22.55;1456;41;4886.00;614
12107;35;621827384;12107;652;13561;14176;3.93;0.24;403.59;22.55;1454;41;4887.00;615
12109;35;621827399;12109;656;13561;14176;3.90;0.24;403.64;22.55;1452;41;4888.00;615
12111;35;621827414;12111;658;13562;14177;3.91;0.24;403.68;22.55;1451;41;4889.00;615
12115;35;621827431;12115;660;13562;14177;3.88;0.24;403.92;22.55;1447;41;4890.00;615
12118;35;621827447;12118;665;13562;14177;3.85;0.24;403.96;22.55;1444;41;4891.00;615
12119;35;621827471;12119;675;13562;14177;3.83;0.23;403.98;22.55;1443;41;4892.00;615
12120;35;621827494;12120;675;13562;14177;3.84;0.23;403.95;22.55;1442;41;4893.00;615
12125;35;621827525;12125;674;13562;14177;3.78;0.23;404.09;22.55;1437;41;4894.00;615
12125;35;621827564;12125;672;13563;14177;3.78;0.23;404.09;22.56;1438;41;4895.00;614
12128;35;621827583;12128;696;13619;14304;4.10;0.25;404.08;22.47;1491;41;4896.00;685
12130;35;621827611;12130;698;13623;14305;4.07;0.25;404.08;22.47;1493;41;4897.00;682
12133;35;621827627;12133;697;13631;14305;4.07;0.25;404.11;22.45;1498;41;4898.00;674
12138;35;621827644;12138;698;13633;14305;4.03;0.25;404.13;22.45;1495;41;4899.00;672
12140;35;621827661;12140;705;13638;14305;4.01;0.25;404.12;22.44;1498;41;4900.00;667
12141;35;621827682;12141;704;13641;14305;3.98;0.25;404.13;22.44;1500;41;4901.00;664
12142;35;621827698;12142;707;13643;14305;3.95;0.24;404.12;22.44;1501;41;4902.00;662
12144;35;621827714;12144;713;13645;14305;3.94;0.24;404.10;22.43;1501;41;4903.00;660
12147;35;621827737;12147;710;13646;14306;3.93;0.24;404.15;22.43;1499;41;4904.00;660
12148;35;621827753;12148;712;13648;14308;3.92;0.24;404.19;22.43;1500;41;4905.00;660
12149;35;621827769;12149;718;13649;14308;3.87;0.24;404.16;22.43;1500;41;4906.00;659
12154;35;621827785;12154;714;13650;14309;3.79;0.23;404.15;22.43;1496;41;4907.00;659
12154;35;621827801;12154;716;13652;14309;3.73;0.23;404.15;22.43;1498;41;4908.00;657
12156;35;621827817;12156;706;13653;14309;3.70;0.23;404.10;22.43;1497;41;4909.00;656
12156;35;621827832;12156;709;13654;14309;3.66;0.23;404.10;22.43;1498;41;4910.00;655
12157;35;621827848;12157;710;13657;14313;3.66;0.22;404.07;22.42;1500;41;4911.00;656
12161;35;621827864;12161;709;13657;14313;3.61;0.22;404.12;22.42;1496;41;4912.00;656
12161;35;621827880;12161;713;13657;14313;3.60;0.22;404.12;22.42;1496;41;4913.00;656
12163;35;621827896;12163;717;13658;14316;3.58;0.22;404.08;22.42;1495;41;4914.00;658
12164;35;621827914;12164;716;13658;14316;3.56;0.22;404.05;22.42;1494;41;4915.00;658
12165;35;621827931;12165;722;13658;14316;3.57;0.22;404.03;22.42;1493;41;4916.00;658
12166;35;621827947;12166;720;13659;14320;3.57;0.22;404.07;22.42;1493;41;4917.00;661
12170;35;621827963;12170;717;13660;14321;3.56;0.22;403.97;22.42;1490;41;4918.00;661
12170;35;621827979;12170;725;13660;14321;3.55;0.22;403.97;22.42;1490;41;4919.00;661
12171;35;621827996;12171;729;13663;14326;3.52;0.22;403.94;22.41;1492;41;4920.00;663
12174;35;621828011;12174;732;13663;14326;3.45;0.21;404.05;22.41;1489;41;4921.00;663
12178;35;621828027;12178;739;13664;14326;3.38;0.21;404.08;22.41;1486;41;4922.00;662
12179;35;621828042;12179;751;13664;14327;3.32;0.20;404.09;22.41;1485;41;4923.00;663
12181;35;621828056;12181;750;13664;14327;3.26;0.20;404.08;22.41;1483;41;4924.00;663
12183;35;621828071;12183;753;13670;14333;3.23;0.20;404.12;22.41;1487;41;4925.00;663
12187;35;621828087;12187;761;13670;14333;3.13;0.19;404.05;22.41;1483;41;4926.00;663
12189;35;621828102;12189;766;13670;14334;3.08;0.19;404.07;22.41;1481;41;4927.00;664
12191;35;621828116;12191;772;13670;14334;3.01;0.18;404.12;22.41;1479;41;4928.00;664
12191;35;621828130;12191;783;13670;14334;2.96;0.18;404.12;22.41;1479;41;4929.00;664
12194;35;621828144;12194;769;13670;14334;2.90;0.18;404.04;22.41;1476;41;4930.00;664
12198;35;621828159;12198;745;13670;14334;2.83;0.17;403.99;22.41;1472;41;4931.00;664
12200;35;621828174;12200;737;13678;14346;2.90;0.18;404.09;22.40;1478;41;4932.00;668
12202;35;621828189;12202;726;13678;14346;2.93;0.18;404.05;22.40;1476;41;4933.00;668
12205;35;621828204;12205;720;13678;14346;2.95;0.18;404.03;22.40;1473;41;4934.00;668
12206;35;621828220;12206;708;13678;14346;3.00;0.18;404.04;22.40;1472;41;4935.00;668
12207;35;621828236;12207;703;13678;14346;3.05;0.19;404.03;22.40;1471;41;4936.00;668
12209;35;621828252;12209;689;13678;14346;3.11;0.19;404.07;22.40;1469;41;4937.00;668
12212;35;621828267;12212;678;13679;14350;3.16;0.19;404.11;22.40;1467;41;4938.00;671
12213;35;621828289;12213;662;13679;14350;3.22;0.20;404.10;22.40;1466;41;4939.00;671
12214;35;621828312;12214;647;13682;14354;3.30;0.20;404.09;22.39;1468;41;4940.00;672
12217;35;621828327;12217;641;13682;14355;3.32;0.20;404.04;22.39;1465;41;4941.00;673
12220;35;621828343;12220;628;13682;14355;3.32;0.20;404.11;22.39;1462;41;4942.00;673
12221;35;621828359;12221;621;13682;14355;3.39;0.21;404.09;22.39;1461;41;4943.00;673
12225;35;621828375;12225;615;13692;14368;3.52;0.21;404.06;22.38;1467;41;4944.00;676
12227;35;621828394;12227;614;13692;14368;3.57;0.22;404.02;22.38;1465;41;4945.00;676
12228;35;621828410;12228;596;13692;14368;3.64;0.22;404.02;22.38;1464;41;4946.00;676
12229;35;621828425;12229;589;13693;14369;3.67;0.22;404.02;22.37;1464;41;4947.00;676
12232;35;621828442;12232;578;13693;14370;3.69;0.23;403.97;22.37;1461;41;4948.00;677
12235;35;621828459;12235;581;13693;14370;3.74;0.23;403.93;22.37;1458;41;4949.00;677
12238;35;621828477;12238;579;13697;14379;3.82;0.23;403.93;22.37;1459;41;4950.00;682
12239;35;621828495;12239;573;13697;14379;3.88;0.24;403.93;22.37;1458;41;4951.00;682
12243;35;621828511;12243;561;13698;14379;3.95;0.24;404.02;22.37;1455;41;4952.00;681
12246;35;621828527;12246;552;13698;14379;3.99;0.24;404.06;22.37;1452;41;4953.00;681
12248;35;621828543;12248;553;13702;14385;4.04;0.25;404.05;22.36;1454;41;4954.00;683
12254;35;621828559;12254;545;13702;14385;4.05;0.25;404.04;22.36;1448;41;4955.00;683
12259;35;621828575;12259;541;13704;14385;4.06;0.25;404.10;22.38;1445;41;4956.00;681
12259;35;621828592;12259;549;13704;14385;4.13;0.25;404.10;22.38;1445;41;4957.00;681
12265;35;621828607;12265;544;13705;14389;4.13;0.25;404.10;22.38;1440;41;4958.00;684
12269;35;621828623;12269;540;13705;14390;4.13;0.25;404.09;22.38;1436;41;4959.00;685
12271;35;621828640;12271;534;13706;14390;4.15;0.25;404.09;22.39;1435;41;4960.00;684
12275;35;621828655;12275;535;13708;14391;4.19;0.25;404.07;22.41;1433;41;4961.00;683
12281;35;621828671;12281;540;13710;14391;4.21;0.26;404.12;22.43;1429;41;4962.00;681
12282;35;621828687;12282;543;13712;14391;4.25;0.26;404.11;22.44;1430;41;4963.00;679
12287;35;621828703;12287;542;13714;14391;4.22;0.26;404.26;22.46;1427;41;4964.00;677
12292;35;621828718;12292;545;13718;14391;4.22;0.26;404.37;22.50;1426;41;4965.00;673
12293;35;621828734;12293;542;13718;14391;4.25;0.26;404.37;22.50;1425;41;4966.00;673
12296;35;621828749;12296;541;13719;14391;4.23;0.26;404.52;22.51;1423;41;4967.00;672
12301;35;621828765;12301;550;13761;14461;4.32;0.26;404.53;22.48;1460;41;4968.00;700
12304;35;621828786;12304;540;13765;14462;4.35;0.26;404.50;22.60;1461;41;4969.00;697
12308;35;621828803;12308;535;13772;14462;4.37;0.26;404.53;22.64;1464;41;4970.00;690
12310;35;621828819;12310;532;13774;14462;4.39;0.27;404.50;22.63;1464;41;4971.00;688
12314;35;621828836;12314;524;13776;14462;4.41;0.27;404.58;22.63;1462;41;4972.00;686
12317;35;621828852;12317;528;13780;14462;4.44;0.27;404.60;22.67;1463;41;4973.00;682
12319;35;621828868;12319;516;13786;14462;4.46;0.27;404.69;22.70;1467;41;4974.00;676
12321;35;621828887;12321;525;13790;14462;4.44;0.27;404.69;22.72;1469;41;4975.00;672
12322;35;621828904;12322;526;13791;14463;4.39;0.27;404.69;22.73;1469;41;4976.00;672
12326;35;621828920;12326;514;13794;14464;4.34;0.26;404.71;22.73;1468;41;4977.00;670
12328;35;621828942;12328;521;13795;14464;4.31;0.26;404.74;22.73;1467;41;4978.00;669
12331;35;621828959;12331;515;13798;14468;4.30;0.26;404.85;22.75;1467;41;4979.00;670
12333;35;621828978;12333;513;13800;14468;4.31;0.26;404.91;22.78;1467;41;4980.00;668
12338;35;621828994;12338;517;13803;14468;4.31;0.26;405.07;22.79;1465;41;4981.00;665
12339;35;621829011;12339;522;13805;14468;4.33;0.26;405.11;22.81;1466;41;4982.00;663
12342;35;621829028;12342;525;13809;14474;4.33;0.26;405.25;22.80;1467;41;4983.00;665
12345;35;621829044;12345;525;13812;14474;4.32;0.26;405.37;22.91;1467;41;4984.00;662
12348;35;621829061;12348;535;13815;14474;4.31;0.26;405.46;22.96;1467;41;4985.00;659
12349;35;621829077;12349;531;13819;14477;4.35;0.26;405.45;22.97;1470;41;4986.00;658
12352;35;621829094;12352;519;13821;14477;4.35;0.26;405.45;22.99;1469;41;4987.00;656
12355;35;621829110;12355;520;13822;14477;4.37;0.27;405.51;23.00;1467;41;4988.00;655
12358;35;621829127;12358;522;13822;14478;4.39;0.27;405.63;23.00;1464;41;4989.00;656
12362;35;621829154;12362;524;13825;14479;4.38;0.27;405.63;23.03;1463;41;4990.00;654
12366;35;621829171;12366;531;13825;14479;4.35;0.26;405.78;23.03;1459;41;4991.00;654
12368;35;621829188;12368;527;13835;14492;4.40;0.27;405.94;23.03;1467;41;4992.00;657
12370;35;621829206;12370;536;13836;14492;4.38;0.27;406.16;23.03;1466;41;4993.00;656
12370;35;621829222;12370;538;13839;14492;4.35;0.26;406.16;23.08;1469;41;4994.00;653
12372;35;621829239;12372;542;13843;14494;4.31;0.26;406.25;23.21;1471;41;4995.00;651
12373;35;621829255;12373;555;13844;14494;4.30;0.26;406.31;23.22;1471;41;4996.00;650
12375;35;621829272;12375;544;13848;14498;4.26;0.26;406.39;23.23;1473;41;4997.00;650
12377;35;621829289;12377;548;13849;14498;4.20;0.26;406.54;23.25;1472;41;4998.00;649
12378;35;621829307;12378;549;13852;14502;4.15;0.25;406.54;23.24;1474;41;4999.00;650
12381;35;621829325;12381;555;13852;14502;4.09;0.25;406.68;23.24;1471;41;5000.00;650
12384;35;621829345;12384;553;13855;14502;4.11;0.25;406.67;23.29;1471;41;5001.00;647
12384;35;621829361;12384;553;13856;14502;4.12;0.25;406.67;23.30;1472;41;5002.00;646
12387;35;621829378;12387;560;13857;14502;4.11;0.25;406.68;23.32;1470;41;5003.00;645
12389;35;621829395;12389;571;13867;14514;4.12;0.25;406.67;23.31;1478;41;5004.00;647
12393;35;621829412;12393;569;13868;14514;4.14;0.25;406.69;23.33;1475;41;5005.00;646
12394;35;621829428;12394;575;13868;14514;4.17;0.25;406.70;23.33;1474;41;5006.00;646
12396;35;621829444;12396;580;13869;14514;4.18;0.25;406.79;23.34;1473;41;5007.00;645
12398;35;621829466;12398;580;13869;14514;4.19;0.26;406.85;23.34;1471;41;5008.00;645
12398;35;621829495;12398;590;13871;14514;4.23;0.26;406.85;23.37;1473;41;5009.00;643
12398;35;621829524;12398;592;13872;14515;4.25;0.26;406.85;23.38;1474;41;5010.00;643
12399;35;621829550;12399;589;13873;14515;4.31;0.26;406.91;23.39;1474;41;5011.00;642
12400;35;621829574;12400;593;13878;14521;4.36;0.27;406.94;23.40;1478;41;5012.00;643
12403;35;621829594;12403;588;13878;14522;4.34;0.26;407.10;23.40;1475;41;5013.00;644
12405;35;621829613;12405;584;13879;14522;4.38;0.27;407.14;23.50;1474;41;5014.00;643
12409;35;621829632;12409;587;13880;14522;4.39;0.27;407.31;23.51;1471;41;5015.00;642
12411;35;621829652;12411;582;13886;14526;4.43;0.27;407.39;23.54;1475;41;5016.00;640
12413;35;621829671;12413;585;13886;14526;4.41;0.27;407.42;23.54;1473;41;5017.00;640
12415;35;621829698;12415;585;13887;14526;4.41;0.27;407.51;23.56;1472;41;5018.00;639
12419;35;621829715;12419;592;13889;14527;4.38;0.27;407.44;23.57;1470;41;5019.00;638
12423;35;621829734;12423;586;13893;14531;4.32;0.26;407.50;23.57;1470;41;5020.00;638
12425;35;621829752;12425;590;13893;14531;4.26;0.26;407.59;23.57;1468;41;5021.00;638
12426;35;621829770;12426;588;13894;14534;4.25;0.26;407.57;23.57;1468;41;5022.00;640
12427;35;621829787;12427;579;13895;14534;4.20;0.25;407.56;23.58;1468;41;5023.00;639
12429;35;621829804;12429;577;13895;14534;4.16;0.25;407.65;23.58;1466;41;5024.00;639
12430;35;621829821;12430;568;13896;14534;4.14;0.25;407.65;23.60;1466;41;5025.00;638
12430;35;621829838;12430;562;13899;14538;4.16;0.25;407.65;23.59;1469;41;5026.00;639
12431;35;621829855;12431;562;13899;14538;4.14;0.25;407.66;23.59;1468;41;5027.00;639
12436;35;621829873;12436;559;13899;14538;4.11;0.25;407.75;23.59;1463;41;5028.00;639
12440;35;621829895;12440;552;13900;14538;4.09;0.25;407.90;23.61;1460;41;5029.00;638
12444;35;621829912;12444;547;13901;14539;4.07;0.25;408.01;23.71;1457;41;5030.00;638
12447;35;621829929;12447;539;13902;14540;4.03;0.25;408.13;23.72;1455;41;5031.00;638
12451;35;621829946;12451;532;13903;14540;4.00;0.24;408.22;23.73;1452;41;5032.00;637
12454;35;621829962;12454;532;13904;14541;4.01;0.24;408.24;23.73;1450;41;5033.00;637
12456;35;621829979;12456;528;13904;14541;4.02;0.25;408.27;23.73;1448;41;5034.00;637
12461;35;621829996;12461;522;13904;14541;4.04;0.25;408.37;23.73;1443;41;5035.00;637
12467;35;621830013;12467;521;13904;14541;4.03;0.25;408.33;23.73;1437;41;5036.00;637
12470;35;621830029;12470;524;13904;14541;4.04;0.25;408.33;23.73;1434;41;5037.00;637
12472;35;621830051;12472;529;13904;14541;4.06;0.25;408.32;23.73;1432;41;5038.00;637
12479;35;621830068;12479;524;13904;14541;4.00;0.24;408.29;23.73;1425;41;5039.00;637
12485;35;621830085;12485;563;14000;14771;4.24;0.27;408.28;23.57;1515;41;5040.00;771
12485;35;621830121;12485;563;14005;14772;4.24;0.27;408.28;23.56;1520;41;5041.00;767
12487;35;621830137;12487;571;14012;14772;4.24;0.27;408.26;23.55;1525;41;5042.00;760
12488;35;621830155;12488;574;14017;14772;4.21;0.26;408.32;23.54;1529;41;5043.00;755
12491;35;621830171;12491;570;14025;14772;4.16;0.26;408.37;23.53;1534;41;5044.00;747
12492;35;621830188;12492;573;14029;14772;4.14;0.26;408.39;23.53;1537;41;5045.00;743
12492;35;621830211;12492;572;14033;14772;4.14;0.26;408.39;23.52;1541;41;5046.00;739
12494;35;621830227;12494;578;14041;14772;4.17;0.26;408.35;23.51;1547;41;5047.00;731
12495;35;621830244;12495;580;14047;14773;4.19;0.26;408.33;23.51;1552;41;5048.00;726
12497;35;621830261;12497;581;14049;14774;4.16;0.26;408.33;23.50;1552;41;5049.00;725
12498;35;621830279;12498;585;14055;14774;4.15;0.26;408.37;23.50;1557;41;5050.00;719
12498;35;621830297;12498;595;14057;14775;4.16;0.26;408.37;23.50;1559;41;5051.00;718
12500;35;621830314;12500;604;14060;14775;4.13;0.26;408.33;23.49;1560;41;5052.00;715
12501;35;621830332;12501;599;14063;14775;4.09;0.26;408.37;23.49;1562;41;5053.00;712
12504;35;621830350;12504;611;14065;14775;3.99;0.25;408.39;23.49;1561;41;5054.00;710
12507;35;621830368;12507;624;14070;14779;3.93;0.24;408.44;23.48;1563;41;5055.00;709
12507;35;621830392;12507;637;14071;14779;3.87;0.24;408.44;23.48;1564;41;5056.00;708
12509;35;621830409;12509;645;14074;14779;3.81;0.24;408.56;23.48;1565;41;5057.00;705
12509;35;621830433;12509;653;14076;14782;3.76;0.23;408.56;23.48;1567;41;5058.00;706
12514;35;621830452;12514;661;14076;14782;3.72;0.23;408.52;23.48;1562;41;5059.00;706
12518;35;621830471;12518;677;14078;14782;3.67;0.23;408.47;23.48;1560;41;5060.00;704
12521;35;621830492;12521;686;14080;14786;3.66;0.23;408.44;23.48;1559;41;5061.00;706
12522;35;621830511;12522;696;14082;14787;3.65;0.22;408.53;23.47;1560;41;5062.00;705
12523;35;621830528;12523;700;14083;14787;3.63;0.22;408.57;23.47;1560;41;5063.00;704
12525;35;621830545;12525;705;14086;14791;3.59;0.22;408.52;23.47;1561;41;5064.00;705
12525;35;621830563;12525;705;14087;14791;3.58;0.22;408.52;23.47;1562;41;5065.00;704
12527;35;621830579;12527;713;14088;14791;3.55;0.22;408.46;23.47;1561;41;5066.00;703
12530;35;621830596;12530;718;14089;14792;3.53;0.22;408.53;23.47;1559;41;5067.00;703
12532;35;621830616;12532;726;14089;14792;3.48;0.21;408.50;23.47;1557;41;5068.00;703
12533;35;621830633;12533;725;14094;14798;3.50;0.21;408.52;23.46;1561;41;5069.00;704
12534;35;621830651;12534;740;14096;14798;3.45;0.21;408.58;23.47;1562;41;5070.00;702
12535;35;621830668;12535;743;14097;14799;3.41;0.21;408.55;23.47;1562;41;5071.00;702
12538;35;621830683;12538;751;14097;14799;3.37;0.21;408.57;23.47;1559;41;5072.00;702
12538;35;621830699;12538;758;14098;14799;3.34;0.21;408.57;23.47;1560;41;5073.00;701
12538;35;621830714;12538;763;14098;14799;3.31;0.20;408.57;23.47;1560;41;5074.00;701
12539;35;621830729;12539;764;14098;14799;3.27;0.20;408.60;23.47;1559;41;5075.00;701
12544;35;621830744;12544;767;14105;14811;3.26;0.20;408.66;23.45;1561;41;5076.00;706
12546;35;621830761;12546;769;14105;14811;3.22;0.20;408.71;23.45;1559;41;5077.00;706
12547;35;621830776;12547;772;14106;14811;3.17;0.20;408.68;23.45;1559;41;5078.00;705
12548;35;621830790;12548;773;14106;14811;3.14;0.19;408.65;23.45;1558;41;5079.00;705
12548;35;621830805;12548;772;14106;14811;3.12;0.19;408.65;23.45;1558;41;5080.00;705
12553;35;621830820;12553;786;14106;14811;3.05;0.19;408.66;23.45;1553;41;5081.00;705
12557;35;621830840;12557;779;14107;14815;3.01;0.18;408.61;23.45;1550;41;5082.00;708
12558;35;621830856;12558;763;14107;14815;3.00;0.18;408.58;23.45;1549;41;5083.00;708
12558;35;621830871;12558;752;14110;14819;3.06;0.19;408.58;23.45;1552;41;5084.00;709
12558;35;621830886;12558;737;14110;14821;3.08;0.19;408.58;23.45;1552;41;5085.00;711
12559;35;621830900;12559;731;14110;14821;3.10;0.19;408.56;23.45;1551;41;5086.00;711
12560;35;621830915;12560;720;14110;14821;3.15;0.19;408.53;23.45;1550;41;5087.00;711
12561;36;621830932;12561;719;14119;14834;3.24;0.20;408.51;23.43;1558;42;5088.00;715
12563;36;621830958;12563;708;14120;14834;3.30;0.20;408.47;23.43;1557;42;5089.00;714
12563;36;621830974;12563;699;14120;14834;3.35;0.20;408.47;23.43;1557;42;5090.00;714
12564;36;621830988;12564;697;14121;14835;3.41;0.21;408.45;23.43;1557;42;5091.00;714
12570;36;621831003;12570;705;14121;14836;3.44;0.21;408.50;23.43;1551;42;5092.00;715
12572;36;621831019;12572;706;14121;14836;3.46;0.21;408.49;23.43;1549;42;5093.00;715
12572;36;621831034;12572;709;14122;14839;3.51;0.21;408.49;23.43;1550;42;5094.00;717
12574;36;621831050;12574;716;14124;14839;3.54;0.21;408.47;23.43;1550;42;5095.00;715
12577;36;621831066;12577;712;14124;14839;3.50;0.21;408.45;23.43;1547;42;5096.00;715
12579;36;621831081;12579;710;14124;14839;3.47;0.21;408.42;23.43;1545;42;5097.00;715
12582;36;621831101;12582;721;14128;14845;3.47;0.21;408.43;23.42;1546;42;5098.00;717
12585;36;621831117;12585;734;14128;14845;3.37;0.20;408.39;23.42;1543;42;5099.00;717
12587;36;621831140;12587;733;14132;14864;3.32;0.20;408.36;23.41;1545;42;5100.00;732
12591;36;621831161;12591;725;14132;14864;3.29;0.20;408.35;23.41;1541;42;5101.00;732
12592;36;621831177;12592;720;14133;14868;3.31;0.20;408.34;23.41;1541;42;5102.00;735
12597;36;621831193;12597;720;14133;14869;3.26;0.20;408.47;23.41;1536;42;5103.00;736
12598;36;621831209;12598;719;14133;14869;3.24;0.20;408.46;23.41;1535;42;5104.00;736
12600;36;621831223;12600;721;14136;14870;3.23;0.20;408.47;23.41;1536;42;5105.00;734
12603;36;621831239;12603;719;14137;14870;3.20;0.19;408.42;23.41;1534;42;5106.00;733
12606;36;621831254;12606;707;14137;14870;3.20;0.19;408.38;23.41;1531;42;5107.00;733
12608;36;621831270;12608;698;14137;14870;3.24;0.20;408.39;23.41;1529;42;5108.00;733
12608;36;621831285;12608;683;14137;14870;3.32;0.20;408.39;23.41;1529;42;5109.00;733
12612;36;621831306;12612;678;14137;14870;3.39;0.20;408.54;23.41;1525;42;5110.00;733
12612;36;621831322;12612;673;14138;14870;3.47;0.21;408.54;23.41;1526;42;5111.00;732
12615;36;621831337;12615;680;14176;14940;3.58;0.22;408.52;23.34;1561;42;5112.00;764
12619;36;621831358;12619;659;14177;14941;3.66;0.22;408.53;23.34;1558;42;5113.00;764
12619;36;621831376;12619;650;14180;14941;3.71;0.23;408.53;23.34;1561;42;5114.00;761
12625;36;621831391;12625;637;14181;14941;3.74;0.23;408.52;23.34;1556;42;5115.00;760
12627;36;621831408;12627;636;14183;14941;3.78;0.23;408.56;23.33;1556;42;5116.00;758
12631;36;621831424;12631;636;14186;14941;3.80;0.23;408.58;23.35;1555;42;5117.00;755
12634;36;621831441;12634;641;14187;14941;3.81;0.23;408.63;23.35;1553;42;5118.00;754
12637;36;621831458;12637;631;14188;14941;3.83;0.23;408.69;23.35;1551;42;5119.00;753
12638;36;621831486;12638;630;14188;14942;3.86;0.23;408.70;23.35;1550;42;5120.00;754
12643;36;621831514;12643;632;14189;14943;3.84;0.23;408.71;23.35;1546;42;5121.00;754
12647;36;621831539;12647;634;14190;14943;3.80;0.23;408.73;23.35;1543;42;5122.00;753
12648;36;621831565;12648;632;14194;14947;3.80;0.23;408.74;23.36;1546;42;5123.00;753
12653;36;621831586;12653;630;14196;14947;3.79;0.23;408.81;23.40;1543;42;5124.00;751
12659;36;621831605;12659;630;14197;14947;3.74;0.23;408.91;23.40;1538;42;5125.00;750
12661;36;621831624;12661;626;14197;14947;3.75;0.23;408.95;23.40;1536;42;5126.00;750
12665;36;621831649;12665;634;14199;14953;3.73;0.23;409.01;23.39;1534;42;5127.00;754
12669;36;621831668;12669;632;14201;14953;3.74;0.23;409.01;23.41;1532;42;5128.00;752
12670;36;621831685;12670;629;14205;14953;3.79;0.23;409.06;23.43;1535;42;5129.00;748
12673;36;621831705;12673;629;14206;14959;3.80;0.23;409.08;23.45;1533;43;5130.00;753
12675;36;621831729;12675;631;14209;14959;3.80;0.23;409.11;23.47;1534;43;5131.00;750
12679;36;621831747;12679;628;14211;14959;3.83;0.23;409.16;23.48;1532;43;5132.00;748
12682;36;621831764;12682;631;14212;14960;3.86;0.23;409.19;23.48;1530;43;5133.00;748
12684;36;621831782;12684;639;14212;14961;3.88;0.23;409.15;23.48;1528;43;5134.00;749
12686;36;621831800;12686;645;14213;14961;3.91;0.24;409.20;23.48;1527;43;5135.00;748
12690;36;621831818;12690;650;14227;14974;3.94;0.24;409.27;23.54;1537;43;5136.00;747
12694;36;621831837;12694;647;14229;14974;3.95;0.24;409.23;23.56;1535;43;5137.00;745
12695;36;621831854;12695;650;14234;14974;3.96;0.24;409.31;23.57;1539;43;5138.00;740
12697;36;621831872;12697;653;14235;14975;3.95;0.24;409.40;23.59;1538;43;5139.00;740
12699;36;621831890;12699;654;14238;14975;3.92;0.24;409.43;23.70;1539;43;5140.00;737
12701;36;621831911;12701;655;14245;14979;3.89;0.23;409.47;23.98;1544;44;5141.00;734
12704;36;621831943;12704;656;14246;14979;3.84;0.23;409.48;23.98;1542;44;5142.00;733
12706;36;621831961;12706;658;14252;14983;3.80;0.23;409.59;24.01;1546;44;5143.00;731
12708;36;621831980;12708;656;14253;14983;3.76;0.23;409.67;24.02;1545;44;5144.00;730
12709;36;621831998;12709;664;14255;14983;3.75;0.23;409.70;24.04;1546;44;5145.00;728
12710;36;621832016;12710;679;14255;14983;3.71;0.22;409.77;24.04;1545;44;5146.00;728
12712;36;621832032;12712;671;14257;14983;3.70;0.22;409.81;24.07;1545;44;5147.00;726
12713;36;621832050;12713;664;14263;14995;3.68;0.22;409.93;24.06;1550;44;5148.00;732
12717;36;621832069;12717;665;14264;14995;3.64;0.22;410.08;24.08;1547;44;5149.00;731
12720;36;621832087;12720;670;14266;14995;3.61;0.22;410.21;24.09;1546;44;5150.00;729
12721;36;621832105;12721;674;14266;14995;3.62;0.22;410.26;24.09;1545;44;5151.00;729
12722;36;621832122;12722;669;14268;14995;3.60;0.22;410.29;24.13;1546;44;5152.00;727
12724;36;621832139;12724;678;14269;14995;3.59;0.22;410.25;24.13;1545;44;5153.00;726
12727;36;621832163;12727;685;14271;14996;3.59;0.22;410.30;24.16;1544;44;5154.00;725
12728;36;621832180;12728;693;14273;14998;3.59;0.22;410.37;24.16;1545;44;5155.00;725
12732;36;621832203;12732;685;14282;15004;3.54;0.21;410.50;24.18;1550;44;5156.00;722
12733;36;621832223;12733;682;14284;15005;3.57;0.22;410.47;24.31;1551;44;5157.00;721
12735;36;621832240;12735;684;14285;15005;3.58;0.22;410.51;24.31;1550;44;5158.00;720
12738;36;621832266;12738;677;14287;15005;3.57;0.22;410.54;24.32;1549;44;5159.00;718
12741;36;621832285;12741;683;14290;15010;3.56;0.22;410.64;24.31;1549;44;5160.00;720
12745;36;621832311;12745;679;14292;15010;3.55;0.22;410.68;24.35;1547;44;5161.00;718
12747;36;621832335;12747;683;14294;15010;3.52;0.21;410.71;24.36;1547;44;5162.00;716
12751;36;621832353;12751;686;14295;15011;3.50;0.21;410.79;24.36;1544;44;5163.00;716
12754;36;621832371;12754;693;14299;15015;3.47;0.21;410.83;24.35;1545;44;5164.00;716
12755;36;621832389;12755;703;14302;15015;3.42;0.21;410.87;24.37;1547;44;5165.00;713
12761;36;621832406;12761;709;14304;15018;3.38;0.21;411.15;24.40;1543;44;5166.00;714
12763;36;621832423;12763;705;14304;15018;3.36;0.20;411.15;24.40;1541;44;5167.00;714
12764;36;621832441;12764;709;14307;15018;3.34;0.20;411.19;24.43;1543;44;5168.00;711
12765;36;621832459;12765;708;14307;15018;3.35;0.20;411.25;24.43;1542;44;5169.00;711
12766;36;621832477;12766;719;14312;15022;3.40;0.21;411.29;24.46;1546;44;5170.00;710
12769;36;621832496;12769;719;14312;15022;3.40;0.21;411.37;24.46;1543;44;5171.00;710
12771;36;621832515;12771;719;14313;15022;3.41;0.21;411.47;24.47;1542;44;5172.00;709
12771;36;621832531;12771;716;14316;15022;3.47;0.21;411.47;24.61;1545;44;5173.00;706
12774;36;621832551;12774;699;14316;15023;3.47;0.21;411.52;24.61;1542;44;5174.00;707
12776;36;621832567;12776;705;14319;15025;3.48;0.21;411.50;24.64;1543;44;5175.00;706
12777;36;621832584;12777;706;14320;15025;3.48;0.21;411.53;24.75;1543;44;5176.00;705
12780;36;621832601;12780;701;14323;15026;3.49;0.21;411.77;24.77;1543;44;5177.00;703
12782;36;621832616;12782;713;14324;15026;3.46;0.21;411.90;24.88;1542;44;5178.00;702
12783;36;621832633;12783;705;14325;15026;3.43;0.21;411.96;24.89;1542;44;5179.00;701
12788;36;621832649;12788;715;14328;15026;3.39;0.21;412.06;25.03;1540;44;5180.00;698
12791;36;621832666;12791;715;14328;15026;3.37;0.21;412.13;25.03;1537;44;5181.00;698
12791;36;621832682;12791;721;14330;15026;3.39;0.21;412.13;25.05;1539;44;5182.00;696
12791;36;621832698;12791;722;14331;15026;3.39;0.21;412.13;25.16;1540;44;5183.00;695
12793;36;621832713;12793;748;14404;15153;3.60;0.22;412.16;25.05;1611;44;5184.00;749
12796;36;621832739;12796;740;14408;15154;3.62;0.23;412.11;25.15;1612;44;5185.00;746
12799;36;621832756;12799;735;14412;15154;3.68;0.23;412.13;25.16;1613;44;5186.00;742
12800;36;621832773;12800;735;14412;15154;3.74;0.23;412.12;25.16;1612;44;5187.00;742
12802;36;621832789;12802;730;14418;15154;3.78;0.24;412.20;25.17;1616;44;5188.00;736
12805;36;621832806;12805;743;14421;15154;3.77;0.23;412.20;25.18;1616;44;5189.00;733
12807;36;621832825;12807;736;14423;15154;3.81;0.24;412.19;25.19;1616;44;5190.00;731
12808;36;621832841;12808;741;14425;15154;3.82;0.24;412.22;25.20;1617;44;5191.00;729
12812;36;621832857;12812;745;14426;15155;3.79;0.23;412.22;25.20;1614;44;5192.00;729
12815;36;621832874;12815;746;14427;15156;3.78;0.23;412.28;25.20;1612;44;5193.00;729
12819;36;621832891;12819;741;14428;15156;3.76;0.23;412.33;25.20;1609;44;5194.00;728
12821;36;621832908;12821;736;14431;15157;3.73;0.23;412.39;25.21;1610;44;5195.00;726
12822;36;621832924;12822;751;14433;15157;3.71;0.23;412.37;25.21;1611;44;5196.00;724
12825;36;621832941;12825;746;14436;15157;3.67;0.23;412.32;25.22;1611;44;5197.00;721
12826;36;621832958;12826;747;14437;15157;3.63;0.22;412.33;25.23;1611;44;5198.00;720
12830;36;621832974;12830;749;14439;15161;3.58;0.22;412.30;25.23;1609;44;5199.00;722
12832;36;621832994;12832;747;14439;15161;3.55;0.22;412.28;25.23;1607;44;5200.00;722
12834;36;621833015;12834;740;14439;15161;3.52;0.22;412.30;25.23;1605;44;5201.00;722
12836;36;621833031;12836;728;14440;15164;3.49;0.21;412.29;25.23;1604;44;5202.00;724
12838;36;621833048;12838;730;14440;15164;3.48;0.21;412.25;25.23;1602;44;5203.00;724
12842;36;621833065;12842;729;14441;15164;3.50;0.21;412.26;25.24;1599;44;5204.00;723
12842;36;621833082;12842;730;14448;15168;3.51;0.21;412.26;25.47;1606;44;5205.00;720
12844;36;621833109;12844;724;14450;15169;3.51;0.22;412.33;25.48;1606;44;5206.00;719
12845;36;621833126;12845;726;14450;15169;3.52;0.22;412.40;25.48;1605;44;5207.00;719
12845;36;621833143;12845;723;14452;15173;3.56;0.22;412.40;25.47;1607;44;5208.00;721
12849;36;621833160;12849;717;14453;15173;3.56;0.22;412.36;25.49;1604;44;5209.00;720
12851;36;621833177;12851;726;14453;15173;3.56;0.22;412.37;25.49;1602;44;5210.00;720
12852;36;621833193;12852;725;14453;15174;3.53;0.22;412.34;25.49;1601;44;5211.00;721
12853;36;621833210;12853;720;14454;15174;3.50;0.21;412.31;25.50;1601;44;5212.00;720
12855;36;621833227;12855;727;14459;15180;3.48;0.21;412.37;25.51;1604;44;5213.00;721
12857;36;621833244;12857;732;14459;15180;3.44;0.21;412.37;25.51;1602;44;5214.00;721
12862;36;621833262;12862;744;14459;15180;3.40;0.21;412.39;25.51;1597;44;5215.00;721
12862;36;621833278;12862;746;14460;15181;3.40;0.21;412.39;25.52;1598;44;5216.00;721
12864;36;621833295;12864;755;14461;15181;3.41;0.21;412.35;25.52;1597;44;5217.00;720
12866;36;621833311;12866;756;14461;15181;3.40;0.21;412.36;25.52;1595;44;5218.00;720
12869;36;621833328;12869;755;14461;15181;3.38;0.21;412.38;25.52;1592;44;5219.00;720
12872;36;621833346;12872;771;14483;15217;3.43;0.21;412.37;25.49;1611;44;5220.00;734
12873;36;621833366;12873;772;14484;15217;3.42;0.21;412.36;25.49;1611;44;5221.00;733
12874;36;621833383;12874;780;14487;15217;3.43;0.21;412.39;25.49;1613;44;5222.00;730
12875;36;621833400;12875;781;14488;15217;3.38;0.21;412.47;25.49;1613;44;5223.00;729
12877;36;621833417;12877;790;14490;15217;3.37;0.21;412.50;25.48;1613;44;5224.00;727
12877;36;621833434;12877;798;14490;15217;3.36;0.21;412.50;25.48;1613;44;5225.00;727
12878;36;621833450;12878;803;14495;15221;3.34;0.20;412.49;25.48;1617;44;5226.00;726
12879;36;621833472;12879;805;14495;15221;3.31;0.20;412.47;25.48;1616;44;5227.00;726
12879;36;621833498;12879;805;14497;15225;3.29;0.20;412.47;25.47;1618;44;5228.00;728
12880;36;621833533;12880;814;14497;15226;3.22;0.20;412.48;25.47;1617;44;5229.00;729
12883;36;621833558;12883;814;14498;15226;3.17;0.19;412.45;25.61;1615;44;5230.00;728
12883;36;621833580;12883;815;14498;15226;3.13;0.19;412.45;25.61;1615;44;5231.00;728
12883;36;621833598;12883;827;14508;15239;3.12;0.19;412.45;25.59;1625;44;5232.00;731
12884;36;621833617;12884;822;14508;15239;3.08;0.19;412.47;25.59;1624;44;5233.00;731
12886;36;621833641;12886;833;14508;15239;3.03;0.19;412.52;25.59;1622;44;5234.00;731
12886;36;621833659;12886;820;14509;15240;3.06;0.19;412.52;25.59;1623;44;5235.00;731
12886;36;621833677;12886;814;14509;15241;3.08;0.19;412.52;25.59;1623;44;5236.00;732
12888;36;621833695;12888;809;14509;15241;3.08;0.19;412.53;25.59;1621;44;5237.00;732
12889;36;621833713;12889;809;14510;15244;3.07;0.19;412.51;25.58;1621;44;5238.00;734
12892;36;621833730;12892;806;14510;15244;3.05;0.19;412.47;25.58;1618;44;5239.00;734
12892;36;621833747;12892;808;14510;15244;3.08;0.19;412.47;25.58;1618;44;5240.00;734
12896;36;621833764;12896;799;14510;15244;3.07;0.19;412.55;25.58;1614;44;5241.00;734
12898;36;621833781;12898;804;14513;15250;3.10;0.19;412.57;25.58;1615;44;5242.00;737
12901;36;621833798;12901;786;14513;15250;3.11;0.19;412.53;25.58;1612;44;5243.00;737
12902;36;621833817;12902;783;14513;15250;3.14;0.19;412.51;25.58;1611;44;5244.00;737
12903;36;621833835;12903;784;14513;15250;3.16;0.19;412.53;25.58;1610;44;5245.00;737
12904;36;621833852;12904;778;14516;15254;3.17;0.19;412.52;25.57;1612;44;5246.00;738
12905;36;621833868;12905;779;14516;15255;3.14;0.19;412.50;25.57;1611;44;5247.00;739
12907;36;621833885;12907;778;14516;15255;3.13;0.19;412.48;25.57;1609;44;5248.00;739
12909;36;621833902;12909;775;14517;15256;3.12;0.19;412.46;25.57;1608;44;5249.00;739
12910;36;621833920;12910;768;14517;15256;3.13;0.19;412.43;25.57;1607;44;5250.00;739
12912;36;621833937;12912;769;14517;15256;3.17;0.19;412.46;25.57;1605;44;5251.00;739
12912;36;621833953;12912;760;14517;15256;3.21;0.20;412.46;25.57;1605;44;5252.00;739
12912;36;621833977;12912;758;14517;15256;3.23;0.20;412.46;25.57;1605;44;5253.00;739
12912;36;621834001;12912;744;14517;15256;3.26;0.20;412.46;25.57;1605;44;5254.00;739
12913;36;621834019;12913;740;14517;15256;3.29;0.20;412.46;25.57;1604;44;5255.00;739
12916;36;621834035;12916;741;14553;15326;3.35;0.20;412.40;25.51;1637;44;5256.00;773
12920;36;621834058;12920;732;14556;15327;3.34;0.20;412.42;25.50;1636;44;5257.00;771
12924;36;621834075;12924;728;14560;15327;3.33;0.20;412.34;25.50;1636;44;5258.00;767
12927;36;621834094;12927;727;14561;15327;3.35;0.20;412.39;25.50;1634;44;5259.00;766
12928;36;621834110;12928;730;14564;15327;3.36;0.20;412.43;25.49;1636;44;5260.00;763
12930;36;621834126;12930;727;14565;15327;3.35;0.20;412.58;25.49;1635;44;5261.00;762
12934;36;621834143;12934;727;14565;15327;3.30;0.20;412.67;25.49;1631;44;5262.00;762
12938;36;621834160;12938;728;14566;15327;3.26;0.20;412.67;25.49;1628;44;5263.00;761
12940;36;621834176;12940;727;14567;15328;3.20;0.19;412.76;25.49;1627;44;5264.00;761
12944;36;621834192;12944;722;14570;15330;3.14;0.19;412.84;25.49;1626;44;5265.00;760
12948;36;621834211;12948;718;14571;15330;3.07;0.19;412.91;25.49;1623;44;5266.00;759
12949;36;621834227;12949;716;14574;15334;3.04;0.19;413.01;25.48;1625;44;5267.00;760
12953;36;621834245;12953;710;14575;15334;3.04;0.19;412.93;25.48;1622;44;5268.00;759
12954;36;621834263;12954;713;14576;15334;3.05;0.19;412.92;25.48;1622;44;5269.00;758
12955;36;621834278;12955;714;14577;15334;3.08;0.19;412.91;25.48;1622;44;5270.00;757
12956;36;621834295;12956;710;14580;15340;3.15;0.19;413.02;25.47;1624;44;5271.00;760
12961;36;621834315;12961;701;14580;15340;3.13;0.19;413.23;25.47;1619;44;5272.00;760
12963;36;621834332;12963;700;14580;15340;3.16;0.19;413.23;25.47;1617;44;5273.00;760
12966;36;621834349;12966;693;14581;15343;3.17;0.19;413.38;25.47;1615;44;5274.00;762
12970;36;621834368;12970;698;14581;15343;3.15;0.19;413.36;25.47;1611;44;5275.00;762
12974;36;621834386;12974;696;14581;15343;3.14;0.19;413.43;25.47;1607;44;5276.00;762
12979;36;621834403;12979;695;14581;15344;3.12;0.19;413.55;25.47;1602;44;5277.00;763
12982;36;621834420;12982;678;14582;15345;3.12;0.19;413.54;25.47;1600;44;5278.00;763
12986;36;621834437;12986;682;14582;15345;3.12;0.19;413.69;25.47;1596;44;5279.00;763
12988;36;621834457;12988;680;14599;15371;3.22;0.20;413.67;25.44;1611;44;5280.00;772
12991;36;621834479;12991;678;14601;15371;3.24;0.20;413.72;25.44;1610;44;5281.00;770
12995;36;621834496;12995;654;14602;15371;3.23;0.20;413.80;25.44;1607;44;5282.00;769
12996;36;621834515;12996;651;14602;15372;3.29;0.20;413.81;25.44;1606;44;5283.00;770
12999;36;621834532;12999;649;14602;15372;3.33;0.20;413.86;25.44;1603;44;5284.00;770
13003;36;621834549;13003;625;14603;15376;3.36;0.21;413.83;25.43;1600;44;5285.00;773
13006;36;621834567;13006;619;14603;15376;3.38;0.21;413.85;25.43;1597;44;5286.00;773
13007;36;621834585;13007;607;14606;15379;3.43;0.21;413.84;25.43;1599;44;5287.00;773
13011;36;621834605;13011;592;14607;15380;3.48;0.21;413.86;25.43;1596;44;5288.00;773
13014;36;621834623;13014;582;14607;15380;3.54;0.22;413.87;25.43;1593;44;5289.00;773
13016;36;621834640;13016;578;14607;15380;3.61;0.22;413.87;25.43;1591;44;5290.00;773
13021;36;621834659;13021;566;14607;15380;3.65;0.23;413.98;25.43;1586;44;5291.00;773
13028;36;621834677;13028;565;14613;15392;3.69;0.23;414.11;25.42;1585;44;5292.00;779
13032;36;621834695;13032;551;14613;15392;3.73;0.23;414.13;25.42;1581;44;5293.00;779
13038;36;621834713;13038;551;14614;15392;3.75;0.23;414.14;25.42;1576;44;5294.00;778
13041;36;621834730;13041;545;14614;15392;3.77;0.23;414.19;25.42;1573;44;5295.00;778
13045;36;621834747;13045;545;14614;15392;3.78;0.23;414.26;25.42;1569;44;5296.00;778
13051;36;621834765;13051;549;14614;15392;3.77;0.23;414.28;25.42;1563;44;5297.00;778
13056;36;621834783;13056;558;14616;15393;3.77;0.23;414.29;25.44;1560;44;5298.00;777
13061;36;621834800;13061;558;14616;15393;3.78;0.23;414.42;25.44;1555;44;5299.00;777
13064;36;621834819;13064;563;14619;15399;3.78;0.23;414.46;25.43;1555;44;5300.00;780
13069;36;621834840;13069;561;14620;15400;3.77;0.23;414.49;25.45;1551;44;5301.00;780
13072;36;621834858;13072;564;14620;15400;3.81;0.23;414.63;25.45;1548;44;5302.00;780
13076;36;621834875;13076;566;14621;15400;3.85;0.23;414.64;25.45;1545;44;5303.00;779
13081;36;621834893;13081;568;14623;15404;3.90;0.24;414.68;25.45;1542;44;5304.00;781
13085;36;621834910;13085;576;14623;15404;3.96;0.24;414.75;25.45;1538;44;5305.00;781
13090;36;621834927;13090;576;14624;15404;3.99;0.24;414.87;25.45;1534;44;5306.00;780
13094;36;621834945;13094;576;14625;15405;4.02;0.24;414.92;25.46;1531;44;5307.00;780
13099;36;621834962;13099;568;14631;15409;4.01;0.24;414.96;25.58;1532;44;5308.00;778
13104;36;621834983;13104;566;14634;15409;4.01;0.24;415.04;25.57;1530;44;5309.00;775
13108;36;621835002;13108;562;14635;15415;4.00;0.24;415.09;25.57;1527;44;5310.00;780
13110;36;621835019;13110;565;14638;15415;3.97;0.24;415.12;25.61;1528;44;5311.00;777
13115;36;621835037;13115;562;14639;15415;3.91;0.24;415.19;25.60;1524;44;5312.00;776
13118;36;621835054;13118;561;14643;15415;3.88;0.24;415.29;25.64;1525;44;5313.00;772
13120;36;621835072;13120;573;14645;15419;3.81;0.23;415.30;25.63;1525;44;5314.00;774
13121;36;621835089;13121;577;14645;15419;3.78;0.23;415.34;25.63;1524;44;5315.00;774
13124;36;621835105;13124;576;14649;15419;3.75;0.23;415.45;25.66;1525;44;5316.00;770
13129;36;621835123;13129;571;14650;15419;3.73;0.23;415.67;25.68;1521;44;5317.00;769
13132;36;621835140;13132;559;14650;15420;3.72;0.23;415.66;25.68;1518;44;5318.00;770
13136;36;621835157;13136;561;14652;15421;3.70;0.22;415.71;25.70;1516;44;5319.00;769
13139;36;621835175;13139;557;14653;15421;3.69;0.22;415.78;25.71;1514;44;5320.00;768
13145;36;621835193;13145;557;14655;15422;3.69;0.22;415.85;25.73;1510;44;5321.00;767
13149;36;621835210;13149;561;14655;15422;3.71;0.23;415.93;25.73;1506;44;5322.00;767
13152;36;621835227;13152;559;14658;15422;3.73;0.23;416.08;25.87;1506;44;5323.00;764
13153;36;621835244;13153;562;14658;15422;3.75;0.23;416.08;25.87;1505;44;5324.00;764
13156;36;621835261;13156;568;14659;15422;3.72;0.23;416.24;25.89;1503;44;5325.00;763
13157;36;621835278;13157;574;14661;15422;3.71;0.23;416.36;26.01;1504;44;5326.00;761
13161;37;621835294;13161;578;14661;15422;3.67;0.22;416.44;26.01;1500;45;5327.00;761
13164;37;621835324;13164;594;14730;15549;3.72;0.23;416.39;25.88;1566;45;5328.00;819
13165;37;621835350;13165;573;14732;15550;3.76;0.23;416.38;25.88;1567;45;5329.00;818
13170;37;621835367;13170;571;14733;15550;3.76;0.23;416.60;25.88;1563;45;5330.00;817
13173;37;621835385;13173;587;14734;15550;3.79;0.23;416.70;25.88;1561;45;5331.00;816
13174;37;621835402;13174;586;14735;15550;3.84;0.24;416.72;25.88;1561;45;5332.00;815
13176;37;621835419;13176;590;14736;15550;3.88;0.24;416.74;25.87;1560;45;5333.00;814
13178;37;621835436;13178;599;14739;15550;3.92;0.24;416.83;25.89;1561;45;5334.00;811
13179;37;621835457;13179;610;14741;15550;3.91;0.24;416.85;25.89;1562;45;5335.00;809
13182;37;621835480;13182;617;14744;15551;3.90;0.24;416.87;25.88;1562;45;5336.00;807
13183;37;621835507;13183;616;14746;15552;3.86;0.24;416.91;25.88;1563;45;5337.00;806
13184;37;621835545;13184;614;14748;15552;3.85;0.24;416.90;25.88;1564;45;5338.00;804
13187;37;621835569;13187;610;14751;15553;3.81;0.23;416.97;25.88;1564;45;5339.00;802
13188;37;621835594;13188;616;14752;15553;3.81;0.24;416.97;25.88;1564;45;5340.00;801
13190;37;621835621;13190;616;14756;15553;3.81;0.24;417.06;25.91;1566;45;5341.00;797
13193;37;621835641;13193;611;14758;15553;3.81;0.24;417.18;25.91;1565;45;5342.00;795
13195;37;621835660;13195;609;14760;15557;3.82;0.24;417.26;25.91;1565;45;5343.00;797
13199;37;621835679;13199;613;14765;15557;3.81;0.23;417.49;26.04;1566;45;5344.00;792
13201;37;621835699;13201;609;14766;15557;3.79;0.23;417.56;26.04;1565;45;5345.00;791
13203;37;621835719;13203;613;14768;15560;3.79;0.23;417.58;26.04;1565;45;5346.00;792
13205;37;621835738;13205;614;14770;15560;3.80;0.23;417.68;26.08;1565;45;5347.00;790
13209;37;621835757;13209;615;14770;15560;3.78;0.23;417.69;26.08;1561;45;5348.00;790
13211;37;621835775;13211;614;14773;15564;3.77;0.23;417.73;26.07;1562;45;5349.00;791
13211;37;621835793;13211;618;14776;15565;3.78;0.23;417.73;26.11;1565;45;5350.00;789
13215;37;621835812;13215;620;14777;15565;3.74;0.23;417.72;26.13;1562;45;5351.00;788
13217;37;621835830;13217;619;14781;15569;3.71;0.23;417.72;26.14;1564;45;5352.00;788
13219;37;621835849;13219;627;14782;15569;3.72;0.23;417.77;26.16;1563;45;5353.00;787
13219;37;621835868;13219;628;14784;15569;3.76;0.23;417.77;26.20;1565;45;5354.00;785
13219;37;621835893;13219;633;14785;15571;3.76;0.23;417.77;26.19;1566;45;5355.00;786
13220;37;621835911;13220;633;14787;15571;3.82;0.23;417.87;26.23;1567;45;5356.00;784
13225;37;621835930;13225;642;14791;15577;3.82;0.23;417.82;26.22;1566;45;5357.00;786
13225;37;621835948;13225;637;14793;15577;3.82;0.23;417.82;26.26;1568;45;5358.00;784
13227;37;621835967;13227;648;14793;15577;3.80;0.23;417.98;26.26;1566;45;5359.00;784
13229;37;621835984;13229;652;14794;15578;3.81;0.23;417.98;26.27;1565;45;5360.00;784
13231;37;621836011;13231;653;14795;15578;3.78;0.23;418.07;26.29;1564;45;5361.00;783
13233;37;621836030;13233;654;14795;15578;3.77;0.23;418.14;26.29;1562;45;5362.00;783
13238;37;621836047;13238;647;14796;15578;3.75;0.23;418.21;26.31;1558;45;5363.00;782
13241;37;621836066;13241;652;14806;15590;3.80;0.23;418.26;26.31;1565;45;5364.00;784
13245;37;621836085;13245;642;14806;15590;3.80;0.23;418.30;26.31;1561;45;5365.00;784
13248;37;621836103;13248;651;14807;15590;3.80;0.23;418.25;26.32;1559;45;5366.00;783
13251;37;621836122;13251;653;14808;15590;3.79;0.23;418.22;26.34;1557;45;5367.00;782
13257;37;621836139;13257;657;14808;15590;3.75;0.23;418.26;26.34;1551;45;5368.00;782
13260;37;621836156;13260;645;14809;15590;3.73;0.23;418.28;26.36;1549;45;5369.00;781
13261;37;621836175;13261;645;14812;15594;3.71;0.23;418.25;26.35;1551;45;5370.00;782
13262;37;621836192;13262;634;14812;15594;3.72;0.23;418.23;26.35;1550;45;5371.00;782
13272;37;621836209;13272;638;14815;15598;3.67;0.22;418.32;26.35;1543;45;5372.00;783
13273;37;621836227;13273;635;14816;15599;3.69;0.23;418.29;26.36;1543;45;5373.00;783
13279;37;621836244;13279;628;14818;15599;3.68;0.22;418.24;26.39;1539;45;5374.00;781
13279;37;621836262;13279;628;14819;15599;3.69;0.23;418.24;26.41;1540;45;5375.00;780
13282;37;621836279;13282;626;14829;15612;3.70;0.23;418.21;26.39;1547;45;5376.00;783
13285;37;621836297;13285;630;14830;15612;3.69;0.23;418.20;26.41;1545;45;5377.00;782
13288;37;621836315;13288;631;14830;15612;3.66;0.22;418.13;26.41;1542;45;5378.00;782
13290;37;621836333;13290;633;14832;15613;3.68;0.23;418.11;26.42;1542;45;5379.00;781
13294;37;621836350;13294;641;14832;15614;3.68;0.22;418.03;26.42;1538;45;5380.00;782
13295;37;621836368;13295;640;14833;15614;3.68;0.22;418.05;26.44;1538;45;5381.00;781
13297;37;621836384;13297;647;14834;15617;3.64;0.22;418.00;26.44;1537;45;5382.00;783
13302;37;621836402;13302;649;14834;15617;3.60;0.22;418.11;26.44;1532;45;5383.00;783
13302;37;621836420;13302;644;14836;15617;3.58;0.22;418.11;26.59;1534;46;5384.00;781
13303;37;621836455;13303;654;14836;15617;3.54;0.22;418.09;26.59;1533;46;5385.00;781
13304;37;621836474;13304;664;14840;15623;3.53;0.22;418.15;26.59;1536;46;5386.00;783
13310;37;621836493;13310;657;14842;15623;3.52;0.21;418.18;26.74;1532;46;5387.00;781
13311;37;621836512;13311;636;14842;15623;3.50;0.21;418.16;26.74;1531;46;5388.00;781
13312;37;621836529;13312;634;14843;15623;3.51;0.21;418.14;26.76;1531;46;5389.00;780
13312;37;621836545;13312;629;14848;15627;3.54;0.22;418.14;26.79;1536;46;5390.00;779
13312;37;621836562;13312;619;14849;15628;3.55;0.22;418.14;26.80;1537;46;5391.00;779
13312;37;621836579;13312;620;14849;15628;3.58;0.22;418.14;26.80;1537;46;5392.00;779
13312;37;621836595;13312;617;14850;15629;3.60;0.22;418.14;26.80;1538;46;5393.00;779
13315;37;621836617;13315;619;14850;15629;3.58;0.22;418.12;26.80;1535;46;5394.00;779
13316;37;621836634;13316;610;14851;15629;3.60;0.22;418.13;26.82;1535;46;5395.00;778
13318;37;621836652;13318;609;14851;15629;3.60;0.22;418.14;26.82;1533;46;5396.00;778
13320;37;621836668;13320;619;14851;15629;3.58;0.22;418.13;26.82;1531;46;5397.00;778
13322;37;621836686;13322;620;14851;15629;3.58;0.22;418.11;26.82;1529;46;5398.00;778
13325;37;621836702;13325;622;14851;15629;3.57;0.22;418.20;26.82;1526;46;5399.00;778
