step_arrived;step_collisions;step_duration;step_ended;step_halting;step_inserted;step_loaded;step_meanSpeed;step_meanSpeedRelative;step_meanTravelTime;step_meanWaitingTime;step_running;step_teleports;step_time;step_waiting
0;0;622001816;0;1;88;245;16.54;1.16;-1.00;0.00;88;0;0.00;157
0;0;622001845;0;0;99;245;15.81;1.09;-1.00;0.11;99;0;1.00;146
0;0;622001846;0;2;120;245;15.01;1.02;-1.00;0.44;120;0;2.00;125
0;0;622001848;0;2;137;245;13.94;0.94;-1.00;0.76;137;0;3.00;108
0;0;622001849;0;2;151;245;12.85;0.86;-1.00;1.06;151;0;4.00;94
0;0;622001850;0;3;159;245;11.96;0.80;-1.00;1.26;159;0;5.00;86
0;0;622001852;0;6;169;245;11.23;0.74;-1.00;1.54;169;0;6.00;76
0;0;622001853;0;14;179;245;10.46;0.69;-1.00;1.84;179;0;7.00;66
0;0;622001855;0;16;187;246;9.81;0.65;-1.00;2.11;187;0;8.00;59
0;0;622001857;0;20;192;247;9.51;0.63;-1.00;2.29;192;0;9.00;55
0;0;622001860;0;24;203;247;9.04;0.60;-1.00;2.70;203;0;10.00;44
0;0;622001862;0;30;205;248;8.86;0.58;-1.00;2.74;205;0;11.00;43
1;0;622001865;1;32;209;248;8.75;0.57;12.00;2.91;208;0;12.00;39
2;0;622001867;2;35;214;248;8.47;0.55;12.50;3.15;212;0;13.00;34
2;0;622001870;2;37;217;248;8.39;0.54;12.50;3.30;215;0;14.00;31
2;0;622001872;2;41;224;252;8.19;0.53;12.50;3.45;222;0;15.00;28
2;0;622001876;2;44;226;252;8.07;0.52;12.50;3.56;224;0;16.00;26
2;0;622001879;2;51;227;252;7.96;0.51;12.50;3.62;225;0;17.00;25
2;0;622001881;2;59;232;255;7.91;0.50;12.50;3.85;230;0;18.00;23
3;0;622001891;3;58;235;255;7.82;0.50;14.67;4.04;232;0;19.00;20
3;0;622001894;3;65;236;255;7.82;0.49;14.67;4.11;233;0;20.00;19
4;0;622001897;4;74;242;259;7.83;0.49;16.25;4.20;238;0;21.00;17
4;0;622001900;4;76;243;260;7.96;0.50;16.25;4.19;239;0;22.00;17
4;0;622001903;4;77;244;260;8.02;0.51;16.25;4.26;240;0;23.00;16
5;0;622001905;5;83;250;264;7.92;0.50;17.80;4.45;245;0;24.00;14
5;0;622001915;5;83;251;264;8.06;0.51;17.80;4.53;246;0;25.00;13
6;0;622001918;6;86;253;264;8.04;0.50;19.00;4.60;247;0;26.00;11
6;0;622001921;6;89;253;265;8.16;0.51;19.00;4.60;247;0;27.00;12
6;0;622001924;6;91;253;265;8.36;0.52;19.00;4.60;247;0;28.00;12
6;0;622001927;6;91;259;271;8.45;0.53;19.00;4.63;253;0;29.00;12
6;0;622001932;6;92;260;271;8.60;0.54;19.00;4.73;254;0;30.00;11
7;0;622001935;7;94;262;272;8.64;0.54;20.29;4.81;255;0;31.00;10
9;0;622001939;9;96;263;272;8.68;0.54;22.89;4.86;254;0;32.00;9
10;0;622001942;10;98;263;272;8.72;0.54;23.90;4.86;253;0;33.00;9
10;0;622001945;10;102;265;272;8.70;0.54;23.90;5.05;255;0;34.00;7
10;0;622001948;10;106;266;272;8.72;0.54;23.90;5.09;256;0;35.00;6
11;0;622001951;11;108;277;284;8.93;0.55;24.36;4.96;266;0;36.00;7
12;0;622001955;12;112;279;284;8.77;0.54;25.08;4.99;267;0;37.00;5
12;0;622001959;12;113;280;284;8.63;0.54;25.08;4.98;268;0;38.00;4
14;0;622001962;14;115;280;284;8.44;0.52;26.50;4.98;266;0;39.00;4
14;0;622001965;14;116;281;284;8.29;0.52;26.50;4.98;267;0;40.00;3
15;0;622001969;15;121;281;284;8.12;0.50;27.33;4.98;266;0;41.00;3
15;0;622001972;15;124;285;288;8.04;0.50;27.33;4.92;270;0;42.00;3
15;0;622001975;15;128;285;288;7.85;0.49;27.33;4.92;270;0;43.00;3
16;0;622001978;16;131;289;292;7.74;0.48;27.06;4.87;273;0;44.00;3
17;0;622001981;17;136;291;294;7.60;0.47;27.53;4.83;274;0;45.00;3
17;0;622001984;17;141;291;294;7.45;0.46;27.53;4.83;274;0;46.00;3
18;0;622001987;18;139;291;294;7.30;0.45;28.56;4.83;273;0;47.00;3
18;0;622001990;18;143;302;307;7.60;0.47;28.56;4.66;284;0;48.00;5
19;0;622001994;19;144;302;307;7.47;0.46;29.26;4.66;283;0;49.00;5
20;0;622001996;20;145;302;307;7.36;0.46;30.30;4.66;282;0;50.00;5
20;0;622001999;20;146;303;308;7.37;0.46;30.30;4.64;283;0;51.00;5
20;0;622002002;20;147;304;309;7.32;0.45;30.30;4.63;284;0;52.00;5
21;0;622002004;21;149;304;309;7.24;0.45;31.29;4.63;283;0;53.00;5
21;0;622002007;21;151;306;312;7.25;0.45;31.29;4.60;285;0;54.00;6
21;0;622002010;21;153;306;312;7.11;0.44;31.29;4.60;285;0;55.00;6
24;0;622002013;24;146;307;312;7.07;0.44;33.38;4.59;283;0;56.00;5
26;0;622002017;26;141;307;312;7.02;0.43;32.88;4.59;281;0;57.00;5
26;0;622002021;26;141;312;318;7.13;0.44;32.88;4.54;286;0;58.00;6
26;0;622002026;26;141;312;318;7.12;0.44;32.88;4.54;286;0;59.00;6
26;0;622002031;26;143;312;318;7.13;0.44;32.88;4.54;286;0;60.00;6
27;0;622002034;27;147;313;318;7.09;0.44;33.93;4.53;286;0;61.00;5
29;0;622002038;29;150;317;322;7.07;0.43;35.76;4.49;288;0;62.00;5
29;0;622002041;29;154;318;323;7.20;0.44;35.76;4.47;289;0;63.00;5
29;0;622002044;29;157;318;323;7.28;0.45;35.76;4.47;289;0;64.00;5
31;0;622002047;31;159;319;324;7.38;0.45;36.29;4.46;288;0;65.00;5
31;0;622002050;31;161;319;324;7.45;0.46;36.29;4.46;288;0;66.00;5
32;0;622002053;32;148;319;324;7.53;0.46;37.19;4.46;287;0;67.00;5
32;0;622002056;32;144;319;324;7.66;0.47;37.19;4.46;287;0;68.00;5
33;0;622002059;33;140;319;324;7.81;0.48;38.00;4.46;286;0;69.00;5
33;0;622002062;33;135;319;324;7.93;0.48;38.00;4.46;286;0;70.00;5
33;0;622002066;33;130;319;324;8.06;0.49;38.00;4.46;286;0;71.00;5
33;0;622002069;33;135;351;394;8.26;0.51;38.00;4.06;318;0;72.00;43
33;0;622002077;33;129;352;395;8.42;0.51;38.00;4.05;319;0;73.00;43
34;0;622002081;34;123;359;395;8.74;0.53;38.85;4.01;325;0;74.00;36
35;0;622002084;35;122;361;395;8.94;0.54;39.89;4.00;326;0;75.00;34
36;0;622002088;36;119;364;395;9.17;0.56;40.89;4.00;328;0;76.00;31
36;0;622002098;36;117;367;395;9.36;0.57;40.89;4.01;331;0;77.00;28
36;0;622002102;36;118;370;395;9.43;0.57;40.89;4.03;334;0;78.00;25
37;0;622002105;37;121;373;395;9.49;0.58;41.43;4.05;336;0;79.00;22
37;0;622002116;37;123;375;396;9.53;0.58;41.43;4.07;338;0;80.00;21
38;0;622002119;38;124;378;397;9.51;0.58;42.47;4.11;340;0;81.00;19
38;0;622002123;38;125;380;397;9.51;0.58;42.47;4.12;342;0;82.00;17
38;0;622002127;38;125;386;401;9.38;0.57;42.47;4.10;348;0;83.00;15
38;0;622002132;38;128;386;401;9.35;0.57;42.47;4.10;348;0;84.00;15
39;0;622002135;39;131;386;401;9.38;0.57;43.56;4.10;347;0;85.00;15
40;0;622002139;40;128;386;401;9.29;0.57;44.63;4.10;346;0;86.00;15
42;0;622002143;42;130;391;407;9.19;0.56;46.62;4.06;349;0;87.00;16
43;0;622002147;43;130;391;407;9.13;0.56;47.58;4.06;348;0;88.00;16
43;0;622002151;43;131;391;407;9.01;0.55;47.58;4.06;348;0;89.00;16
44;0;622002156;44;128;395;413;8.89;0.54;48.55;4.02;351;0;90.00;18
45;0;622002161;45;127;395;413;8.78;0.53;49.42;4.02;350;0;91.00;18
47;0;622002165;47;128;397;413;8.73;0.53;51.23;4.01;350;0;92.00;16
47;0;622002168;47;133;398;414;8.66;0.53;51.23;4.01;351;0;93.00;16
49;0;622002172;49;132;399;415;8.60;0.52;52.80;4.00;350;0;94.00;16
52;0;622002176;52;134;399;415;8.52;0.52;53.85;4.00;347;0;95.00;16
56;0;622002180;56;138;410;428;8.42;0.51;56.79;3.89;354;0;96.00;18
57;0;622002185;57;135;410;428;8.49;0.52;57.49;3.89;353;0;97.00;18
59;0;622002189;59;135;410;428;8.56;0.52;58.86;3.89;351;0;98.00;18
59;0;622002193;59;133;411;429;8.68;0.53;58.86;3.88;352;0;99.00;18
60;0;622002198;60;130;411;429;8.79;0.54;59.55;3.88;351;0;100.00;18
60;0;622002206;60;126;414;433;8.98;0.55;59.55;3.86;354;0;101.00;19
61;0;622002211;61;121;414;433;9.03;0.55;60.25;3.86;353;0;102.00;19
61;0;622002215;61;116;418;437;9.09;0.56;60.25;3.83;357;0;103.00;19
65;0;622002219;65;110;418;437;9.21;0.56;62.75;3.83;353;0;104.00;19
65;0;622002224;65;108;420;437;9.35;0.57;62.75;3.97;355;0;105.00;17
65;0;622002229;65;99;420;437;9.47;0.58;62.75;3.97;355;0;106.00;17
67;0;622002233;67;93;420;437;9.58;0.59;64.00;3.97;353;0;107.00;17
67;0;622002237;67;88;431;449;9.80;0.60;64.00;3.87;364;0;108.00;18
67;0;622002242;67;83;432;449;9.98;0.61;64.00;3.86;365;0;109.00;17
67;0;622002247;67;78;432;449;10.09;0.62;64.00;3.86;365;0;110.00;17
68;0;622002252;68;75;432;449;10.18;0.62;64.69;3.86;364;0;111.00;17
69;0;622002256;69;75;432;449;10.35;0.63;65.38;3.86;363;0;112.00;17
69;0;622002261;69;73;432;449;10.43;0.64;65.38;3.86;363;0;113.00;17
70;0;622002266;70;75;433;450;10.45;0.64;66.07;3.86;363;0;114.00;17
71;0;622002271;71;71;433;450;10.51;0.64;66.76;3.86;362;0;115.00;17
71;0;622002276;71;71;439;456;10.68;0.65;66.76;4.08;368;0;116.00;17
71;0;622002282;71;72;439;457;10.74;0.66;66.76;4.08;368;0;117.00;18
73;0;622002287;73;72;440;457;10.75;0.65;68.08;4.07;367;0;118.00;17
75;0;622002293;75;77;441;457;10.78;0.65;69.41;4.33;366;0;119.00;16
76;0;622002299;76;77;446;462;10.86;0.66;70.07;4.39;370;0;120.00;16
76;0;622002305;76;75;448;462;10.89;0.66;70.07;4.75;372;0;121.00;14
76;0;622002310;76;76;448;462;10.90;0.66;70.07;4.75;372;0;122.00;14
77;0;622002316;77;77;452;463;10.82;0.66;70.71;5.10;375;0;123.00;11
77;0;622002321;77;78;456;467;10.67;0.65;70.71;5.07;379;0;124.00;11
78;0;622002327;78;83;457;467;10.72;0.65;71.37;5.23;379;0;125.00;10
80;0;622002333;80;81;460;470;10.77;0.65;72.24;5.31;380;0;126.00;10
81;0;622002339;81;85;465;470;10.89;0.66;72.75;5.64;384;0;127.00;5
82;0;622002345;82;83;465;470;11.10;0.68;72.99;5.64;383;0;128.00;5
85;0;622002350;85;84;467;470;11.18;0.68;74.72;5.76;382;0;129.00;3
86;0;622002356;86;85;471;474;11.38;0.69;75.36;5.72;385;0;130.00;3
87;0;622002363;87;88;472;474;11.49;0.70;75.93;5.79;385;0;131.00;2
88;0;622002369;88;89;472;474;11.61;0.71;76.55;5.79;384;0;132.00;2
89;0;622002375;89;88;473;474;11.62;0.71;76.37;5.85;384;0;133.00;1
89;0;622002380;89;90;474;475;11.64;0.71;76.37;5.84;385;0;134.00;1
89;0;622002386;89;91;477;477;11.61;0.71;76.37;5.84;388;0;135.00;0
90;0;622002392;90;89;477;477;11.66;0.72;77.02;5.84;387;0;136.00;0
91;0;622002397;91;90;478;478;11.68;0.72;77.42;5.83;387;0;137.00;0
92;0;622002404;92;92;478;478;11.73;0.72;77.29;5.83;386;0;138.00;0
92;0;622002409;92;94;478;478;11.81;0.73;77.29;5.83;386;0;139.00;0
97;0;622002415;97;96;478;478;11.79;0.73;78.55;5.83;381;0;140.00;0
100;0;622002422;100;96;478;478;11.81;0.73;79.72;5.83;378;0;141.00;0
100;0;622002427;100;98;478;478;11.79;0.73;79.72;5.83;378;0;142.00;0
100;0;622002433;100;98;478;478;11.75;0.73;79.72;5.83;378;0;143.00;0
102;0;622002438;102;120;552;605;11.30;0.71;80.51;5.05;450;0;144.00;53
105;0;622002455;105;114;558;606;11.21;0.71;82.19;5.01;453;0;145.00;48
108;0;622002461;108;109;567;606;11.18;0.70;83.75;4.96;459;0;146.00;39
110;0;622002468;110;112;567;606;11.02;0.69;83.47;4.96;457;0;147.00;39
112;0;622002474;112;114;572;606;10.93;0.68;84.55;4.95;460;0;148.00;34
113;0;622002480;113;114;572;606;10.84;0.68;85.12;4.95;459;0;149.00;34
114;0;622002493;114;114;578;611;10.78;0.67;85.69;4.94;464;0;150.00;33
116;0;622002502;116;111;579;611;10.80;0.67;86.67;4.94;463;0;151.00;32
117;0;622002508;117;111;582;612;10.78;0.67;87.23;4.96;465;0;152.00;30
120;0;622002515;120;114;587;613;10.76;0.67;88.67;4.99;467;0;153.00;26
121;0;622002524;121;116;590;613;10.85;0.67;89.20;5.02;469;0;154.00;23
125;0;622002532;125;118;593;614;10.81;0.67;90.36;5.03;468;0;155.00;21
129;0;622002539;129;122;597;614;10.69;0.66;90.22;5.06;468;0;156.00;17
132;0;622002559;132;124;599;614;10.59;0.65;91.68;5.09;467;0;157.00;15
134;0;622002568;134;131;602;614;10.49;0.65;91.46;5.13;468;0;158.00;12
134;0;622002577;134;134;608;618;10.35;0.64;91.46;5.17;474;0;159.00;10
137;0;622002584;137;141;610;618;10.11;0.63;92.28;5.18;473;0;160.00;8
137;0;622002598;137;146;611;618;9.99;0.62;92.28;5.20;474;0;161.00;7
138;0;622002604;138;149;613;621;9.81;0.61;92.77;5.22;475;0;162.00;8
139;0;622002611;139;151;614;621;9.61;0.59;93.09;5.24;475;0;163.00;7
141;0;622002617;141;156;614;621;9.48;0.59;94.07;5.24;473;0;164.00;7
142;0;622002624;142;158;618;625;9.32;0.58;94.55;5.24;476;0;165.00;7
144;0;622002630;144;154;621;626;9.19;0.57;95.33;5.25;477;0;166.00;5
144;0;622002636;144;154;623;626;9.16;0.57;95.33;5.28;479;0;167.00;3
145;0;622002642;145;151;627;630;9.09;0.56;95.78;5.25;482;0;168.00;3
147;0;622002648;147;157;628;630;9.02;0.56;96.14;5.25;481;0;169.00;2
149;0;622002655;149;150;628;630;8.99;0.56;96.10;5.25;479;0;170.00;2
150;0;622002661;150;147;629;631;8.96;0.55;96.58;5.24;479;0;171.00;2
151;0;622002667;151;142;629;631;8.94;0.55;96.44;5.24;478;0;172.00;2
152;0;622002672;152;136;635;637;9.07;0.56;96.45;5.20;483;0;173.00;2
153;0;622002679;153;139;635;637;9.05;0.56;96.17;5.20;482;0;174.00;2
153;0;622002685;153;134;638;638;9.01;0.55;96.17;5.24;485;0;175.00;0
155;0;622002691;155;135;638;638;8.99;0.55;97.02;5.24;483;0;176.00;0
156;0;622002699;156;129;638;638;8.99;0.55;96.74;5.24;482;0;177.00;0
156;0;622002705;156;131;638;638;8.99;0.55;96.74;5.24;482;0;178.00;0
156;0;622002711;156;128;638;638;8.96;0.55;96.74;5.24;482;0;179.00;0
156;0;622002718;156;127;669;672;9.06;0.56;96.74;4.99;513;0;180.00;3
158;0;622002726;158;126;670;672;9.10;0.56;96.99;4.99;512;0;181.00;2
158;0;622002732;158;128;671;672;9.15;0.57;96.99;4.98;513;0;182.00;1
160;0;622002739;160;125;672;672;9.22;0.57;97.49;4.98;512;0;183.00;0
161;0;622002745;161;129;672;672;9.31;0.58;97.21;4.98;511;0;184.00;0
164;0;622002751;164;137;672;672;9.40;0.58;98.05;4.98;508;0;185.00;0
166;0;622002757;166;138;676;676;9.51;0.59;98.70;4.96;510;0;186.00;0
168;0;622002764;168;142;676;676;9.56;0.59;99.02;4.96;508;0;187.00;0
168;0;622002770;168;146;680;680;9.67;0.60;99.02;4.93;512;0;188.00;0
171;0;622002777;171;150;681;681;9.65;0.60;99.42;4.93;510;0;189.00;0
176;0;622002784;176;157;681;681;9.59;0.59;100.53;4.93;505;0;190.00;0
176;0;622002791;176;163;681;681;9.57;0.59;100.53;4.93;505;0;191.00;0
179;0;622002798;179;174;694;694;9.53;0.59;101.64;4.83;515;0;192.00;0
180;0;622002806;180;171;694;694;9.40;0.58;101.54;4.83;514;0;193.00;0
181;0;622002813;181;174;694;694;9.32;0.57;101.14;4.83;513;0;194.00;0
184;0;622002820;184;182;695;695;9.23;0.57;101.14;4.83;511;0;195.00;0
188;0;622002827;188;186;696;696;9.14;0.56;101.56;4.82;508;0;196.00;0
188;0;622002834;188;192;696;696;9.11;0.56;101.56;4.82;508;0;197.00;0
190;0;622002840;190;199;698;699;9.08;0.56;101.29;4.81;508;0;198.00;1
193;0;622002847;193;202;698;699;8.87;0.54;101.03;4.81;505;0;199.00;1
194;0;622002855;194;201;699;699;8.72;0.54;100.79;4.80;505;0;200.00;0
198;0;622002867;198;203;699;699;8.50;0.52;101.41;4.80;501;0;201.00;0
201;0;622002876;201;207;705;705;8.31;0.51;101.72;4.77;504;0;202.00;0
203;0;622002883;203;214;705;705;8.12;0.50;101.83;4.77;502;0;203.00;0
204;0;622002891;204;221;705;705;7.94;0.49;101.82;4.77;501;0;204.00;0
207;0;622002898;207;227;705;705;7.69;0.47;101.06;4.77;498;0;205.00;0
208;0;622002907;208;227;709;709;7.60;0.47;101.39;4.75;501;0;206.00;0
210;0;622002913;210;232;710;710;7.49;0.46;101.54;4.74;500;0;207.00;0
213;0;622002919;213;238;710;710;7.36;0.45;102.62;4.74;497;0;208.00;0
216;0;622002925;216;237;711;711;7.25;0.44;103.04;4.74;495;0;209.00;0
218;0;622002933;218;243;711;711;7.16;0.44;102.48;4.74;493;0;210.00;0
218;0;622002941;218;251;711;711;7.11;0.44;102.48;4.74;493;0;211.00;0
219;0;622002947;219;257;711;711;6.99;0.43;102.13;4.74;492;0;212.00;0
220;0;622002953;220;260;711;711;6.90;0.43;102.45;4.74;491;0;213.00;0
220;0;622002959;220;263;711;711;6.85;0.42;102.45;4.74;491;0;214.00;0
220;0;622002965;220;268;711;711;6.78;0.42;102.45;4.74;491;0;215.00;0
221;0;622002972;221;286;754;781;7.08;0.44;102.78;4.47;533;0;216.00;27
222;0;622002984;222;269;756;782;7.04;0.44;102.64;4.46;534;0;217.00;26
224;0;622002990;224;258;762;782;7.12;0.44;103.25;4.44;538;0;218.00;20
225;0;622002996;225;237;763;782;7.24;0.45;103.34;4.44;538;0;219.00;19
227;0;622003003;227;225;765;782;7.37;0.45;104.02;4.44;538;0;220.00;17
227;0;622003009;227;223;766;782;7.43;0.46;104.02;4.44;539;0;221.00;16
230;0;622003017;230;219;768;782;7.54;0.46;104.89;4.44;538;0;222.00;14
230;0;622003026;230;217;770;782;7.68;0.47;104.89;4.45;540;0;223.00;12
230;0;622003033;230;220;771;783;7.70;0.47;104.89;4.45;541;0;224.00;12
230;0;622003039;230;215;773;785;7.80;0.48;104.89;4.45;543;0;225.00;12
232;0;622003046;232;204;775;785;7.87;0.48;104.94;4.47;543;0;226.00;10
232;0;622003054;232;195;781;789;7.99;0.49;104.94;4.47;549;0;227.00;8
233;0;622003061;233;189;783;789;8.19;0.50;104.85;4.47;550;0;228.00;6
236;0;622003068;236;187;784;789;8.39;0.51;106.21;4.48;548;0;229.00;5
238;0;622003075;238;179;785;789;8.61;0.53;107.18;4.50;547;0;230.00;4
239;0;622003083;239;180;791;795;8.76;0.54;107.69;4.49;552;0;231.00;4
240;0;622003092;240;169;792;795;8.99;0.55;107.35;4.50;552;0;232.00;3
242;0;622003099;242;165;793;795;9.14;0.56;107.64;4.52;551;0;233.00;2
244;0;622003106;244;164;795;798;9.22;0.56;108.63;4.52;551;0;234.00;3
246;0;622003114;246;161;796;798;9.28;0.57;109.07;4.52;550;0;235.00;2
246;0;622003121;246;161;798;798;9.36;0.57;109.07;4.52;552;0;236.00;0
246;0;622003128;246;154;799;799;9.36;0.57;109.07;4.51;553;0;237.00;0
247;0;622003135;247;149;800;800;9.35;0.57;109.17;4.51;553;0;238.00;0
249;0;622003143;249;144;800;800;9.30;0.57;110.17;4.51;551;0;239.00;0
251;0;622003151;251;148;824;826;9.14;0.56;110.42;4.38;573;0;240.00;2
253;0;622003161;253;140;824;826;9.19;0.56;110.32;4.38;571;0;241.00;2
258;0;622003168;258;137;826;826;9.24;0.56;111.08;4.37;568;0;242.00;0
261;0;622003175;261;132;827;827;9.40;0.57;111.67;4.36;566;0;243.00;0
263;0;622003182;263;132;827;827;9.49;0.58;112.17;4.36;564;0;244.00;0
268;0;622003188;268;130;831;831;9.55;0.58;112.90;4.35;563;0;245.00;0
271;0;622003196;271;125;831;831;9.59;0.58;113.27;4.35;560;0;246.00;0
275;0;622003203;275;128;835;835;9.59;0.58;115.12;4.33;560;0;247.00;0
278;0;622003211;278;129;835;835;9.69;0.59;115.14;4.33;557;0;248.00;0
279;0;622003218;279;125;835;835;9.78;0.59;115.11;4.33;556;0;249.00;0
282;0;622003224;282;130;835;835;9.79;0.60;116.26;4.33;553;0;250.00;0
282;0;622003231;282;129;835;835;9.82;0.60;116.26;4.33;553;0;251.00;0
284;0;622003237;284;133;846;847;9.78;0.59;116.88;4.28;562;0;252.00;1
284;0;622003245;284;135;846;847;9.82;0.60;116.88;4.28;562;0;253.00;1
284;0;622003252;284;139;847;847;9.83;0.60;116.88;4.27;563;0;254.00;0
285;0;622003259;285;146;847;847;9.88;0.60;116.86;4.27;562;0;255.00;0
285;0;622003266;285;153;847;847;10.00;0.61;116.86;4.27;562;0;256.00;0
286;0;622003272;286;155;847;847;10.00;0.61;117.09;4.27;561;0;257.00;0
289;0;622003279;289;158;848;848;9.86;0.60;117.78;4.27;559;0;258.00;0
289;0;622003285;289;161;848;848;9.86;0.60;117.78;4.27;559;0;259.00;0
290;0;622003292;290;161;854;854;9.77;0.59;117.92;4.25;564;0;260.00;0
290;0;622003306;290;155;855;855;9.76;0.59;117.92;4.24;565;0;261.00;0
290;0;622003313;290;151;855;855;9.73;0.59;117.92;4.24;565;0;262.00;0
293;0;622003320;293;151;855;855;9.70;0.59;117.97;4.24;562;0;263.00;0
295;0;622003327;295;147;859;859;9.76;0.59;118.21;4.22;564;0;264.00;0
295;0;622003334;295;143;859;859;9.85;0.60;118.21;4.22;564;0;265.00;0
298;0;622003340;298;139;859;859;9.98;0.61;119.28;4.22;561;0;266.00;0
305;0;622003348;305;135;860;860;10.07;0.61;120.31;4.22;555;0;267.00;0
306;0;622003355;306;136;864;864;10.08;0.61;120.60;4.20;558;0;268.00;0
308;0;622003369;308;130;864;864;10.19;0.62;121.28;4.20;556;0;269.00;0
312;0;622003377;312;127;868;870;10.25;0.62;121.50;4.18;556;0;270.00;2
316;0;622003387;316;118;868;870;10.21;0.62;122.29;4.18;552;0;271.00;2
318;0;622003394;318;113;870;870;10.36;0.63;122.22;4.18;552;0;272.00;0
321;0;622003400;321;112;870;870;10.38;0.63;122.94;4.18;549;0;273.00;0
323;0;622003406;323;110;874;874;10.53;0.64;122.98;4.16;551;0;274.00;0
324;0;622003414;324;109;874;874;10.68;0.65;122.90;4.16;550;0;275.00;0
324;0;622003420;324;105;874;874;10.75;0.65;122.90;4.16;550;0;276.00;0
328;0;622003426;328;96;874;874;10.82;0.66;123.39;4.16;546;0;277.00;0
330;0;622003433;330;93;875;875;10.85;0.66;123.34;4.16;545;0;278.00;0
333;0;622003440;333;89;876;876;10.87;0.66;123.19;4.16;543;0;279.00;0
335;0;622003446;335;91;876;876;10.84;0.65;122.93;4.16;541;0;280.00;0
336;0;622003454;336;86;877;877;10.80;0.65;123.36;4.15;541;0;281.00;0
339;0;622003460;339;80;877;877;10.82;0.65;123.27;4.15;538;0;282.00;0
340;0;622003468;340;81;877;877;10.87;0.66;123.00;4.15;537;0;283.00;0
341;0;622003474;341;80;877;877;10.95;0.66;123.05;4.15;536;0;284.00;0
341;0;622003481;341;82;877;877;11.01;0.67;123.05;4.15;536;0;285.00;0
343;0;622003488;343;81;877;877;11.03;0.67;123.56;4.15;534;0;286.00;0
344;0;622003495;344;83;877;877;11.18;0.68;123.61;4.15;533;0;287.00;0
346;0;622003501;346;100;948;1004;10.92;0.67;123.89;3.84;602;0;288.00;56
346;0;622003519;346;95;951;1005;10.98;0.68;123.89;3.83;605;0;289.00;54
347;0;622003526;347;86;958;1005;11.10;0.68;124.14;3.82;611;0;290.00;47
348;0;622003534;348;85;961;1005;11.13;0.69;124.59;3.82;613;0;291.00;44
349;0;622003542;349;88;965;1005;11.16;0.69;124.45;3.82;616;0;292.00;40
349;0;622003549;349;90;966;1005;11.13;0.69;124.45;3.82;617;0;293.00;39
351;0;622003557;351;88;968;1005;11.14;0.68;124.80;3.83;617;0;294.00;37
353;0;622003571;353;87;970;1005;11.22;0.69;125.07;3.83;617;0;295.00;35
355;0;622003579;355;88;971;1006;11.28;0.69;125.56;3.84;616;0;296.00;35
355;0;622003587;355;84;976;1007;11.34;0.70;125.56;3.86;621;0;297.00;31
356;0;622003596;356;85;977;1007;11.38;0.70;125.23;3.87;621;0;298.00;30
360;0;622003604;360;85;980;1008;11.38;0.70;126.37;3.89;620;0;299.00;28
360;0;622003615;360;90;986;1014;11.31;0.69;126.37;3.92;626;0;300.00;28
360;0;622003628;360;89;992;1014;11.21;0.69;126.37;3.97;632;0;301.00;22
361;0;622003636;361;92;994;1014;11.15;0.69;126.45;3.99;633;0;302.00;20
363;0;622003645;363;99;999;1018;11.01;0.68;126.63;4.03;636;0;303.00;19
368;0;622003653;368;105;1000;1018;10.97;0.67;127.45;4.04;632;0;304.00;18
371;0;622003663;371;112;1002;1018;10.96;0.67;128.23;4.06;631;0;305.00;16
372;0;622003671;372;118;1008;1021;10.94;0.67;128.13;4.10;636;0;306.00;13
375;0;622003680;375;121;1010;1021;10.96;0.67;128.96;4.10;635;0;307.00;11
379;0;622003688;379;126;1012;1021;10.90;0.67;129.66;4.11;633;0;308.00;9
379;0;622003701;379;132;1015;1025;10.89;0.67;129.66;4.10;636;0;309.00;10
381;0;622003715;381;134;1016;1026;10.89;0.67;130.31;4.10;635;0;310.00;10
381;0;622003729;381;138;1019;1026;10.80;0.67;130.31;4.13;638;0;311.00;7
384;0;622003740;384;146;1024;1030;10.64;0.65;131.12;4.13;640;0;312.00;6
385;0;622003755;385;145;1025;1030;10.50;0.65;131.20;4.13;640;0;313.00;5
386;0;622003767;386;149;1026;1030;10.31;0.63;131.63;4.13;640;0;314.00;4
388;0;622003778;388;158;1028;1032;10.13;0.62;131.87;4.13;640;0;315.00;4
394;0;622003791;394;160;1028;1032;9.96;0.61;133.34;4.13;634;0;316.00;4
397;0;622003811;397;164;1034;1038;9.81;0.60;133.44;4.11;637;0;317.00;4
399;0;622003821;399;170;1034;1038;9.66;0.59;133.09;4.11;635;0;318.00;4
402;0;622003829;402;170;1035;1039;9.50;0.58;133.51;4.11;633;0;319.00;4
402;0;622003838;402;176;1036;1039;9.38;0.58;133.51;4.13;634;0;320.00;3
402;0;622003847;402;178;1036;1039;9.28;0.57;133.51;4.13;634;0;321.00;3
403;0;622003854;403;189;1037;1039;9.21;0.57;133.38;4.16;634;0;322.00;2
405;0;622003862;405;196;1037;1039;9.17;0.56;133.31;4.16;632;0;323.00;2
406;0;622003870;406;195;1048;1051;9.21;0.56;133.25;4.15;642;0;324.00;3
408;0;622003879;408;197;1048;1051;9.18;0.56;133.80;4.15;640;0;325.00;3
410;0;622003887;410;204;1051;1051;9.15;0.56;134.61;4.16;641;0;326.00;0
411;0;622003895;411;209;1051;1051;9.16;0.56;134.78;4.16;640;0;327.00;0
413;0;622003903;413;212;1051;1051;9.22;0.56;134.93;4.16;638;0;328.00;0
414;0;622003912;414;211;1051;1051;9.17;0.56;135.05;4.16;637;0;329.00;0
416;0;622003921;416;210;1055;1055;9.09;0.56;135.54;4.15;639;0;330.00;0
418;0;622003929;418;212;1055;1055;9.02;0.55;135.93;4.15;637;0;331.00;0
421;0;622003937;421;211;1059;1059;8.97;0.55;136.14;4.14;638;0;332.00;0
423;0;622003945;423;220;1059;1060;8.76;0.54;136.57;4.14;636;0;333.00;1
426;0;622003952;426;220;1060;1060;8.64;0.53;136.77;4.13;634;0;334.00;0
429;0;622003959;429;217;1060;1060;8.45;0.52;137.25;4.13;631;0;335.00;0
433;0;622003967;433;219;1073;1073;8.27;0.51;138.51;4.08;640;0;336.00;0
436;0;622003976;436;227;1073;1073;8.12;0.50;138.46;4.08;637;0;337.00;0
440;0;622003983;440;221;1073;1073;8.00;0.49;139.13;4.08;633;0;338.00;0
442;0;622003990;442;225;1074;1074;7.86;0.48;139.71;4.08;632;0;339.00;0
444;0;622003997;444;217;1075;1075;7.87;0.49;140.61;4.08;631;0;340.00;0
448;0;622004004;448;218;1075;1075;7.83;0.48;141.89;4.08;627;0;341.00;0
452;0;622004012;452;215;1078;1078;7.85;0.48;143.28;4.07;626;0;342.00;0
458;0;622004020;458;212;1078;1078;7.79;0.48;145.11;4.07;620;0;343.00;0
459;0;622004026;459;213;1078;1078;7.82;0.48;145.46;4.07;619;0;344.00;0
462;0;622004033;462;216;1078;1078;7.79;0.48;145.76;4.07;616;0;345.00;0
463;0;622004042;463;217;1084;1084;7.82;0.48;146.19;4.05;621;0;346.00;0
467;0;622004048;467;217;1084;1084;7.79;0.48;146.73;4.05;617;0;347.00;0
470;0;622004056;470;217;1084;1084;7.78;0.48;146.88;4.05;614;0;348.00;0
473;0;622004063;473;214;1084;1084;7.81;0.48;147.04;4.05;611;0;349.00;0
477;0;622004070;477;217;1088;1088;7.82;0.48;148.27;4.04;611;0;350.00;0
480;0;622004078;480;217;1089;1089;7.76;0.48;147.95;4.03;609;0;351.00;0
483;0;622004085;483;220;1089;1089;7.66;0.47;148.14;4.03;606;0;352.00;0
486;0;622004092;486;218;1090;1090;7.56;0.46;147.76;4.03;604;0;353.00;0
491;0;622004100;491;223;1090;1090;7.50;0.46;148.05;4.03;599;0;354.00;0
495;0;622004107;495;223;1090;1090;7.37;0.45;147.76;4.03;595;0;355.00;0
498;0;622004114;498;228;1090;1090;7.33;0.45;147.49;4.03;592;0;356.00;0
500;0;622004121;500;231;1090;1090;7.30;0.45;147.69;4.03;590;0;357.00;0
503;0;622004128;503;232;1090;1090;7.28;0.45;147.54;4.03;587;0;358.00;0
506;0;622004135;506;240;1090;1090;7.19;0.44;147.51;4.03;584;0;359.00;0
507;0;622004143;507;256;1153;1215;7.63;0.48;147.46;3.81;646;0;360.00;62
509;0;622004160;509;251;1161;1216;7.65;0.48;147.69;3.79;652;0;361.00;55
512;0;622004167;512;251;1173;1216;7.64;0.47;147.61;3.77;661;0;362.00;43
514;0;622004176;514;247;1180;1216;7.51;0.47;147.51;3.77;666;0;363.00;36
516;0;622004183;516;252;1186;1216;7.40;0.46;147.69;3.77;670;0;364.00;30
517;0;622004191;517;254;1191;1216;7.28;0.45;148.04;3.78;674;0;365.00;25
517;0;622004198;517;258;1196;1216;7.26;0.45;148.04;3.79;679;0;366.00;20
519;0;622004205;519;262;1198;1216;7.16;0.44;148.61;3.79;679;0;367.00;18
521;0;622004213;521;270;1203;1217;7.06;0.44;148.69;3.81;682;0;368.00;14
524;0;622004221;524;278;1208;1218;6.94;0.43;148.71;3.83;684;0;369.00;10
524;0;622004229;524;283;1212;1218;6.78;0.42;148.71;3.85;688;0;370.00;6
525;0;622004237;525;279;1217;1222;6.74;0.42;148.52;3.84;692;0;371.00;5
527;0;622004245;527;277;1219;1222;6.70;0.42;148.34;3.85;692;0;372.00;3
528;0;622004254;528;271;1219;1222;6.69;0.41;148.61;3.85;691;0;373.00;3
529;0;622004262;529;268;1220;1222;6.68;0.41;148.60;3.85;691;0;374.00;2
530;0;622004270;530;268;1226;1228;6.71;0.41;148.83;3.84;696;0;375.00;2
530;0;622004286;530;269;1227;1228;6.80;0.42;148.83;3.85;697;0;376.00;1
530;1;622004294;530;272;1227;1228;6.91;0.43;148.83;3.85;697;1;377.00;1
531;1;622004318;531;271;1230;1231;7.03;0.43;148.80;3.86;699;1;378.00;1
533;1;622004327;533;273;1230;1231;7.08;0.44;148.95;3.86;697;1;379.00;1
534;1;622004336;534;277;1230;1231;7.07;0.43;148.75;3.86;696;1;380.00;1
535;2;622004345;535;276;1231;1232;7.06;0.43;148.52;3.85;696;2;381.00;1
537;2;622004372;537;282;1232;1233;7.13;0.44;149.03;3.85;695;2;382.00;1
539;2;622004381;539;281;1232;1233;7.11;0.44;148.95;3.85;693;2;383.00;1
543;2;622004390;543;283;1244;1246;7.15;0.44;148.43;3.81;701;2;384.00;2
543;2;622004400;543;289;1244;1246;7.14;0.44;148.43;3.81;701;2;385.00;2
546;2;622004408;546;289;1244;1246;7.04;0.43;148.28;3.81;698;2;386.00;2
548;2;622004418;548;281;1245;1247;7.07;0.43;148.49;3.81;697;2;387.00;2
549;2;622004427;549;275;1246;1247;7.04;0.43;148.40;3.82;697;2;388.00;1
551;2;622004438;551;270;1249;1251;7.07;0.43;148.09;3.81;698;2;389.00;2
552;2;622004450;552;268;1249;1251;7.11;0.43;148.20;3.81;697;2;390.00;2
552;2;622004460;552;269;1253;1255;7.21;0.44;148.20;3.80;701;2;391.00;2
555;2;622004471;555;266;1253;1255;7.24;0.44;148.62;3.80;698;2;392.00;2
558;2;622004480;558;269;1253;1255;7.26;0.44;148.64;3.80;695;2;393.00;2
560;2;622004490;560;273;1254;1255;7.31;0.45;148.93;3.81;694;2;394.00;1
561;2;622004498;561;277;1254;1255;7.31;0.45;148.73;3.81;693;2;395.00;1
564;2;622004507;564;269;1265;1267;7.39;0.45;149.13;3.77;701;2;396.00;2
567;2;622004517;567;260;1266;1267;7.43;0.45;149.83;3.78;699;2;397.00;1
567;2;622004526;567;249;1266;1267;7.52;0.46;149.83;3.78;699;2;398.00;1
569;2;622004542;569;245;1266;1267;7.57;0.46;149.90;3.78;697;2;399.00;1
572;2;622004553;572;242;1266;1267;7.64;0.47;150.17;3.78;694;2;400.00;1
573;2;622004567;573;240;1267;1267;7.75;0.47;150.35;3.78;694;2;401.00;0
575;2;622004577;575;232;1268;1268;7.82;0.48;151.00;3.78;693;2;402.00;0
576;2;622004586;576;229;1268;1268;7.97;0.49;151.22;3.78;692;2;403.00;0
577;2;622004596;577;234;1274;1274;8.12;0.50;151.15;3.76;697;2;404.00;0
581;2;622004606;581;231;1276;1276;8.26;0.51;151.68;3.76;695;2;405.00;0
582;2;622004616;582;232;1276;1276;8.37;0.51;151.92;3.76;694;2;406.00;0
585;2;622004625;585;225;1276;1276;8.46;0.52;152.09;3.76;691;2;407.00;0
587;2;622004635;587;218;1280;1280;8.59;0.53;152.37;3.74;693;2;408.00;0
589;2;622004644;589;211;1280;1280;8.75;0.54;152.98;3.74;691;2;409.00;0
591;2;622004653;591;197;1280;1280;8.92;0.55;153.70;3.74;689;2;410.00;0
593;2;622004668;593;185;1281;1281;9.08;0.56;153.90;3.74;688;2;411.00;0
596;2;622004678;596;179;1285;1285;9.10;0.56;154.59;3.73;689;2;412.00;0
597;2;622004688;597;176;1285;1285;9.22;0.56;154.78;3.73;688;2;413.00;0
600;2;622004697;600;174;1287;1288;9.34;0.57;155.67;3.73;687;2;414.00;1
603;2;622004706;603;171;1287;1288;9.45;0.58;156.15;3.73;684;2;415.00;1
605;2;622004715;605;171;1288;1288;9.53;0.58;156.71;3.73;683;2;416.00;0
608;2;622004725;608;170;1288;1288;9.56;0.58;157.38;3.73;680;2;417.00;0
610;2;622004733;610;165;1292;1292;9.66;0.59;157.44;3.72;682;2;418.00;0
616;2;622004743;616;169;1292;1292;9.61;0.59;158.84;3.72;676;2;419.00;0
618;2;622004753;618;166;1292;1292;9.70;0.59;159.10;3.72;674;2;420.00;0
622;2;622004762;622;167;1292;1292;9.71;0.59;159.64;3.72;670;2;421.00;0
624;2;622004771;624;165;1293;1293;9.71;0.59;160.25;3.72;669;2;422.00;0
627;2;622004780;627;166;1294;1294;9.71;0.59;161.31;3.71;667;2;423.00;0
630;2;622004790;630;169;1294;1294;9.65;0.59;161.71;3.71;664;2;424.00;0
633;2;622004799;633;171;1295;1295;9.61;0.59;162.45;3.71;662;2;425.00;0
636;2;622004809;636;170;1295;1295;9.56;0.58;162.85;3.71;659;2;426.00;0
637;2;622004822;637;170;1295;1295;9.61;0.58;162.94;3.71;658;2;427.00;0
639;2;622004831;639;169;1295;1295;9.65;0.59;163.15;3.71;656;2;428.00;0
641;2;622004839;641;169;1295;1295;9.70;0.59;163.18;3.71;654;2;429.00;0
644;2;622004847;644;167;1295;1295;9.70;0.59;162.98;3.71;651;2;430.00;0
648;2;622004855;648;161;1295;1295;9.71;0.59;163.66;3.71;647;2;431.00;0
648;2;622004864;648;188;1374;1422;9.36;0.58;163.66;3.50;726;2;432.00;48
649;2;622004882;649;169;1375;1423;9.53;0.59;163.84;3.50;726;2;433.00;48
652;2;622004891;652;156;1380;1423;9.68;0.60;164.27;3.49;728;2;434.00;43
653;2;622004900;653;147;1380;1423;9.84;0.61;164.13;3.49;727;2;435.00;43
654;2;622004908;654;141;1384;1423;10.00;0.62;164.31;3.49;730;2;436.00;39
659;2;622004917;659;140;1384;1423;10.08;0.62;165.13;3.49;725;2;437.00;39
661;2;622004925;661;135;1388;1423;10.23;0.63;165.43;3.50;727;2;438.00;35
664;2;622004934;664;142;1389;1423;10.34;0.63;165.32;3.50;725;2;439.00;34
669;2;622004943;669;135;1392;1424;10.38;0.64;166.43;3.51;723;2;440.00;32
671;2;622004953;671;129;1396;1425;10.44;0.64;166.48;3.53;725;2;441.00;29
675;2;622004962;675;125;1398;1425;10.48;0.64;166.82;3.54;723;2;442.00;27
678;2;622004971;678;125;1400;1426;10.52;0.64;167.36;3.55;722;2;443.00;26
682;2;622004980;682;122;1405;1426;10.49;0.64;167.49;3.58;723;2;444.00;21
686;2;622004990;686;118;1409;1426;10.42;0.64;168.14;3.61;723;2;445.00;17
690;2;622004999;690;119;1410;1426;10.42;0.64;168.63;3.61;720;2;446.00;16
691;2;622005008;691;117;1414;1430;10.39;0.63;169.02;3.63;723;2;447.00;16
693;2;622005018;693;118;1415;1430;10.40;0.63;169.20;3.63;722;2;448.00;15
698;2;622005028;698;116;1418;1430;10.41;0.63;169.87;3.66;720;2;449.00;12
700;2;622005039;700;117;1422;1436;10.49;0.64;170.59;3.66;722;2;450.00;14
702;2;622005049;702;114;1425;1436;10.55;0.64;170.77;3.67;723;2;451.00;11
706;2;622005058;706;114;1427;1436;10.59;0.64;171.32;3.68;721;2;452.00;9
709;2;622005068;709;117;1430;1440;10.59;0.65;171.80;3.67;721;2;453.00;10
713;2;622005077;713;116;1433;1441;10.61;0.65;172.06;3.69;720;2;454.00;8
715;2;622005087;715;117;1433;1441;10.58;0.65;171.99;3.69;718;2;455.00;8
721;2;622005096;721;115;1436;1445;10.55;0.64;172.56;3.68;715;2;456.00;9
727;2;622005106;727;116;1437;1445;10.48;0.64;172.13;3.69;710;2;457.00;8
729;2;622005115;729;115;1438;1445;10.42;0.63;172.44;3.70;709;2;458.00;7
733;2;622005124;733;120;1439;1446;10.38;0.63;172.78;3.70;706;2;459.00;7
734;2;622005133;734;123;1440;1446;10.32;0.63;172.78;3.72;706;2;460.00;6
738;2;622005142;738;127;1445;1452;10.23;0.62;173.14;3.73;707;2;461.00;7
740;2;622005152;740;130;1445;1452;10.11;0.61;173.25;3.73;705;2;462.00;7
741;2;622005161;741;131;1446;1453;10.06;0.61;173.41;3.75;705;2;463.00;7
743;2;622005170;743;133;1447;1453;10.01;0.61;173.85;3.76;704;2;464.00;6
744;2;622005178;744;137;1448;1453;9.94;0.60;173.92;3.76;704;2;465.00;5
747;2;622005193;747;139;1448;1453;9.91;0.60;174.27;3.76;701;2;466.00;5
748;2;622005202;748;142;1448;1453;9.82;0.60;174.38;3.76;700;2;467.00;5
750;2;622005210;750;144;1457;1465;9.75;0.59;174.79;3.73;707;2;468.00;8
753;2;622005220;753;141;1457;1465;9.76;0.59;175.08;3.73;704;2;469.00;8
754;2;622005228;754;149;1461;1465;9.71;0.59;175.08;3.75;707;2;470.00;4
757;2;622005237;757;155;1461;1465;9.75;0.60;175.12;3.75;704;2;471.00;4
758;2;622005246;758;163;1461;1465;9.84;0.60;175.13;3.75;703;2;472.00;4
759;2;622005254;759;167;1462;1465;9.90;0.61;175.14;3.76;703;2;473.00;3
760;2;622005263;760;168;1465;1469;9.90;0.60;175.15;3.76;705;2;474.00;4
762;2;622005272;762;172;1466;1469;9.89;0.60;175.13;3.77;704;2;475.00;3
766;2;622005280;766;172;1471;1473;9.95;0.61;175.13;3.77;705;2;476.00;2
767;2;622005289;767;179;1473;1474;9.89;0.60;175.05;3.77;706;2;477.00;1
768;2;622005298;768;179;1474;1474;9.87;0.60;174.98;3.77;706;2;478.00;0
770;2;622005306;770;186;1474;1474;9.81;0.60;174.77;3.77;704;2;479.00;0
772;2;622005317;772;193;1495;1500;9.75;0.60;174.72;3.72;723;2;480.00;5
775;2;622005327;775;191;1496;1500;9.63;0.59;175.18;3.71;721;2;481.00;4
778;2;622005336;778;198;1499;1500;9.58;0.59;175.22;3.71;721;2;482.00;1
780;2;622005344;780;200;1501;1501;9.62;0.59;175.17;3.71;721;2;483.00;0
781;2;622005353;781;207;1502;1502;9.58;0.59;175.17;3.71;721;2;484.00;0
782;2;622005361;782;212;1502;1502;9.52;0.59;175.32;3.71;720;2;485.00;0
787;2;622005369;787;217;1504;1505;9.44;0.58;175.83;3.70;717;2;486.00;1
788;2;622005378;788;221;1504;1505;9.32;0.57;175.76;3.70;716;2;487.00;1
790;2;622005386;790;227;1505;1505;9.23;0.57;175.81;3.70;715;2;488.00;0
794;2;622005394;794;225;1505;1505;9.16;0.56;175.77;3.70;711;2;489.00;0
795;2;622005403;795;226;1511;1511;9.11;0.56;175.67;3.69;716;2;490.00;0
798;2;622005412;798;231;1511;1511;9.02;0.55;175.35;3.69;713;2;491.00;0
799;2;622005420;799;232;1511;1511;8.96;0.55;175.29;3.69;712;2;492.00;0
802;2;622005428;802;236;1511;1511;8.87;0.54;175.12;3.69;709;2;493.00;0
804;2;622005436;804;244;1515;1515;8.75;0.53;175.07;3.68;711;2;494.00;0
804;2;622005444;804;247;1517;1517;8.76;0.53;175.07;3.68;713;2;495.00;0
805;2;622005452;805;254;1517;1517;8.72;0.53;175.02;3.68;712;2;496.00;0
809;2;622005459;809;258;1518;1518;8.69;0.53;174.80;3.68;709;2;497.00;0
811;2;622005467;811;259;1518;1518;8.70;0.53;174.56;3.68;707;2;498.00;0
813;2;622005475;813;262;1518;1518;8.69;0.53;174.59;3.68;705;2;499.00;0
814;2;622005484;814;262;1518;1518;8.60;0.53;174.46;3.68;704;2;500.00;0
814;2;622005494;814;260;1518;1518;8.55;0.52;174.46;3.68;704;2;501.00;0
821;2;622005502;821;262;1518;1518;8.42;0.51;174.95;3.68;697;2;502.00;0
822;2;622005509;822;266;1518;1518;8.31;0.51;174.91;3.68;696;2;503.00;0
824;2;622005516;824;273;1558;1588;8.39;0.51;174.79;3.58;734;2;504.00;30
827;2;622005528;827;279;1563;1589;8.17;0.50;174.79;3.57;736;2;505.00;26
829;2;622005536;829;271;1570;1589;8.07;0.49;175.01;3.57;741;2;506.00;19
831;2;622005543;831;273;1574;1589;8.01;0.49;175.20;3.57;743;2;507.00;15
835;2;622005550;835;278;1577;1589;7.84;0.48;175.55;3.57;742;2;508.00;12
835;2;622005557;835;280;1579;1589;7.71;0.47;175.55;3.57;744;2;509.00;10
837;2;622005566;837;270;1580;1589;7.59;0.46;175.94;3.57;743;2;510.00;9
839;2;622005573;839;267;1583;1589;7.54;0.46;175.76;3.58;744;2;511.00;6
842;2;622005580;842;262;1585;1590;7.47;0.46;175.87;3.58;743;2;512.00;5
844;2;622005588;844;266;1587;1591;7.43;0.45;176.13;3.59;743;2;513.00;4
846;2;622005596;846;266;1589;1591;7.44;0.45;176.33;3.59;743;2;514.00;2
848;2;622005603;848;267;1594;1595;7.32;0.45;176.89;3.59;746;2;515.00;1
849;2;622005612;849;274;1595;1595;7.24;0.44;177.22;3.59;746;2;516.00;0
851;2;622005619;851;271;1595;1595;7.19;0.44;177.22;3.59;744;2;517.00;0
852;2;622005627;852;275;1595;1595;7.13;0.44;177.49;3.59;743;2;518.00;0
856;2;622005635;856;281;1601;1601;7.08;0.43;178.33;3.58;745;2;519.00;0
859;2;622005643;859;289;1601;1601;7.07;0.43;178.58;3.58;742;2;520.00;0
863;2;622005651;863;289;1601;1601;7.06;0.43;179.10;3.58;738;2;521.00;0
867;2;622005659;867;289;1604;1604;7.01;0.43;179.90;3.57;737;2;522.00;0
868;2;622005667;868;273;1604;1604;7.00;0.43;179.85;3.57;736;2;523.00;0
871;2;622005675;871;263;1604;1604;7.07;0.43;180.15;3.57;733;2;524.00;0
873;2;622005683;873;262;1605;1605;7.04;0.43;180.59;3.57;732;2;525.00;0
875;2;622005692;875;257;1606;1606;7.12;0.44;180.84;3.57;731;2;526.00;0
878;2;622005705;878;253;1606;1606;7.13;0.44;180.98;3.57;728;2;527.00;0
881;2;622005718;881;253;1617;1619;7.23;0.44;180.85;3.55;736;2;528.00;2
887;2;622005736;887;249;1617;1619;7.19;0.44;180.94;3.55;730;2;529.00;2
891;2;622005760;891;254;1619;1619;7.20;0.44;181.07;3.54;728;2;530.00;0
893;2;622005774;893;253;1620;1620;7.20;0.44;181.28;3.54;727;2;531.00;0
897;2;622005787;897;255;1620;1620;7.25;0.44;181.54;3.54;723;2;532.00;0
899;2;622005801;899;259;1624;1624;7.30;0.44;181.73;3.54;725;2;533.00;0
901;3;622005813;901;253;1624;1624;7.31;0.45;181.65;3.54;723;3;534.00;0
903;3;622005848;903;251;1627;1628;7.36;0.45;181.71;3.53;724;3;535.00;1
906;3;622005858;906;250;1628;1628;7.35;0.45;181.99;3.53;722;3;536.00;0
907;3;622005876;907;249;1628;1628;7.40;0.45;182.19;3.53;721;3;537.00;0
910;3;622005899;910;250;1628;1628;7.42;0.45;182.11;3.53;718;3;538.00;0
912;3;622005909;912;249;1628;1628;7.47;0.46;182.43;3.53;716;3;539.00;0
913;3;622005921;913;251;1658;1662;7.69;0.48;182.49;3.47;745;3;540.00;4
918;3;622005934;918;246;1658;1662;7.75;0.48;182.78;3.47;740;3;541.00;4
921;3;622005951;921;246;1661;1662;7.89;0.49;183.32;3.46;740;3;542.00;1
924;3;622005960;924;248;1661;1662;7.95;0.49;183.61;3.46;737;3;543.00;1
929;3;622005970;929;249;1662;1662;8.00;0.49;183.73;3.46;733;3;544.00;0
930;3;622005980;930;248;1662;1662;7.98;0.49;183.58;3.46;732;3;545.00;0
935;3;622005989;935;246;1663;1663;7.95;0.49;183.81;3.46;728;3;546.00;0
939;3;622006005;939;244;1663;1663;7.88;0.48;183.76;3.46;724;3;547.00;0
941;3;622006016;941;240;1669;1669;7.92;0.48;184.04;3.45;728;3;548.00;0
944;3;622006025;944;246;1670;1670;8.00;0.49;184.31;3.45;726;3;549.00;0
946;3;622006035;946;254;1670;1670;8.00;0.49;184.55;3.45;724;3;550.00;0
946;3;622006044;946;256;1670;1670;8.05;0.49;184.55;3.45;724;3;551.00;0
947;3;622006053;947;256;1674;1674;8.07;0.49;184.65;3.44;727;3;552.00;0
949;3;622006063;949;256;1674;1674;8.02;0.49;184.57;3.44;725;3;553.00;0
951;3;622006071;951;258;1674;1674;7.98;0.49;184.84;3.44;723;3;554.00;0
952;3;622006080;952;263;1675;1675;7.94;0.49;184.99;3.44;723;3;555.00;0
952;3;622006089;952;262;1679;1679;7.94;0.49;184.99;3.44;727;3;556.00;0
954;3;622006098;954;252;1679;1679;7.85;0.48;184.99;3.44;725;3;557.00;0
958;3;622006107;958;246;1681;1682;7.81;0.48;185.14;3.43;723;3;558.00;1
959;3;622006129;959;243;1681;1682;7.82;0.48;185.27;3.43;722;3;559.00;1
966;3;622006139;966;240;1682;1682;7.83;0.48;185.43;3.43;716;3;560.00;0
971;3;622006148;971;239;1682;1682;7.85;0.48;185.58;3.43;711;3;561.00;0
973;3;622006157;973;236;1686;1686;7.90;0.48;185.79;3.43;713;3;562.00;0
979;3;622006166;979;234;1686;1686;7.98;0.49;185.98;3.43;707;3;563.00;0
981;3;622006175;981;229;1686;1686;8.01;0.49;186.08;3.43;705;3;564.00;0
986;3;622006185;986;229;1686;1686;7.99;0.48;186.65;3.43;700;3;565.00;0
987;3;622006202;987;217;1687;1687;8.07;0.49;186.82;3.42;700;3;566.00;0
991;3;622006211;991;208;1688;1688;8.07;0.49;187.13;3.42;697;3;567.00;0
992;3;622006221;992;207;1688;1688;8.11;0.49;187.41;3.42;696;3;568.00;0
993;3;622006240;993;203;1689;1689;8.14;0.49;187.72;3.42;696;3;569.00;0
996;3;622006252;996;201;1689;1689;8.22;0.50;188.27;3.42;693;3;570.00;0
997;3;622006262;997;200;1689;1689;8.33;0.51;188.22;3.42;692;3;571.00;0
999;3;622006272;999;197;1689;1689;8.39;0.51;188.89;3.42;690;3;572.00;0
1003;3;622006281;1003;196;1689;1689;8.41;0.51;189.37;3.42;686;3;573.00;0
1007;3;622006291;1007;201;1689;1689;8.46;0.51;189.72;3.42;682;3;574.00;0
1008;3;622006300;1008;204;1689;1689;8.47;0.51;190.01;3.42;681;3;575.00;0
1011;3;622006309;1011;230;1770;1816;8.53;0.53;190.25;3.27;759;3;576.00;46
1015;3;622006329;1015;216;1773;1817;8.55;0.53;190.34;3.26;758;3;577.00;44
1017;3;622006340;1017;195;1780;1817;8.66;0.53;190.44;3.26;763;3;578.00;37
1020;3;622006352;1020;192;1783;1817;8.74;0.54;190.82;3.26;763;3;579.00;34
1022;3;622006362;1022;185;1787;1817;8.78;0.54;190.99;3.26;765;3;580.00;30
1024;3;622006372;1024;184;1788;1817;8.78;0.54;191.43;3.26;764;3;581.00;29
1027;3;622006382;1027;180;1791;1817;8.81;0.54;191.85;3.26;764;3;582.00;26
1027;3;622006399;1027;181;1793;1817;8.84;0.54;191.85;3.27;766;3;583.00;24
1031;3;622006409;1031;181;1795;1818;8.72;0.53;192.49;3.27;764;3;584.00;23
1032;3;622006420;1032;190;1800;1820;8.66;0.53;192.71;3.28;768;3;585.00;20
1036;3;622006430;1036;186;1802;1820;8.61;0.53;192.89;3.29;766;3;586.00;18
1038;3;622006440;1038;201;1805;1821;8.62;0.53;192.99;3.30;767;3;587.00;16
1039;3;622006450;1039;205;1808;1821;8.62;0.53;193.04;3.31;769;3;588.00;13
1040;3;622006460;1040;211;1809;1821;8.61;0.53;193.00;3.32;769;3;589.00;12
1041;3;622006470;1041;213;1811;1821;8.58;0.52;192.99;3.33;770;3;590.00;10
1041;3;622006480;1041;216;1816;1825;8.56;0.52;192.99;3.35;775;3;591.00;9
1042;3;622006491;1042;231;1819;1825;8.50;0.52;192.96;3.36;777;3;592.00;6
1043;3;622006500;1043;230;1820;1825;8.44;0.52;192.99;3.36;777;3;593.00;5
1043;3;622006510;1043;234;1822;1828;8.51;0.52;192.99;3.36;779;3;594.00;6
1044;3;622006520;1044;235;1824;1828;8.55;0.52;193.09;3.38;780;3;595.00;4
1045;4;622006530;1045;237;1824;1828;8.60;0.52;193.05;3.38;779;4;596.00;4
1045;4;622006560;1045;241;1829;1832;8.62;0.53;193.05;3.37;784;4;597.00;3
1046;4;622006571;1046;236;1830;1833;8.72;0.53;193.16;3.37;784;4;598.00;3
1048;4;622006582;1048;244;1833;1833;8.81;0.54;193.19;3.39;785;4;599.00;0
1048;4;622006595;1048;245;1845;1859;8.78;0.54;193.19;3.37;797;4;600.00;14
1050;4;622006617;1050;242;1845;1859;8.88;0.54;193.40;3.37;795;4;601.00;14
1050;4;622006628;1050;233;1846;1859;8.96;0.55;193.40;3.37;796;4;602.00;13
1052;4;622006639;1052;228;1847;1860;9.14;0.56;193.52;3.37;795;4;603.00;13
1054;4;622006650;1054;223;1848;1860;9.22;0.56;193.52;3.37;794;4;604.00;12
1060;4;622006661;1060;218;1854;1866;9.23;0.56;194.27;3.36;794;4;605.00;12
1060;4;622006673;1060;218;1855;1866;9.31;0.57;194.27;3.36;795;4;606.00;11
1063;4;622006690;1063;217;1856;1867;9.27;0.56;194.48;3.36;793;4;607.00;11
1068;4;622006701;1068;216;1858;1867;9.25;0.56;194.80;3.36;790;4;608.00;9
1073;4;622006713;1073;211;1858;1867;9.21;0.56;195.80;3.36;785;4;609.00;9
1075;4;622006723;1075;207;1858;1867;9.18;0.56;195.95;3.36;783;4;610.00;9
1079;4;622006733;1079;204;1859;1867;9.13;0.55;196.69;3.37;780;4;611.00;8
1082;4;622006743;1082;198;1868;1879;9.09;0.55;197.48;3.35;786;4;612.00;11
1086;4;622006754;1086;199;1868;1879;9.02;0.55;197.81;3.35;782;4;613.00;11
1087;4;622006764;1087;193;1870;1879;9.04;0.55;197.73;3.36;783;4;614.00;9
1092;4;622006773;1092;189;1871;1879;9.01;0.55;198.32;3.36;779;4;615.00;8
1094;4;622006783;1094;186;1871;1879;9.05;0.55;198.71;3.36;777;4;616.00;8
1096;4;622006792;1096;191;1872;1879;9.06;0.55;199.10;3.36;776;4;617.00;7
1099;4;622006802;1099;186;1876;1883;9.09;0.55;199.44;3.36;777;4;618.00;7
1100;4;622006811;1100;181;1876;1883;9.12;0.55;199.45;3.36;776;4;619.00;7
1104;4;622006821;1104;180;1881;1887;9.18;0.56;199.73;3.36;777;4;620.00;6
1107;4;622006831;1107;180;1882;1888;9.19;0.56;200.03;3.36;775;4;621.00;6
1110;4;622006840;1110;177;1882;1888;9.18;0.56;199.86;3.36;772;4;622.00;6
1110;4;622006851;1110;177;1883;1888;9.23;0.56;199.86;3.37;773;4;623.00;5
1114;4;622006860;1114;177;1891;1901;9.22;0.56;200.07;3.36;777;4;624.00;10
1118;4;622006871;1118;180;1891;1901;9.18;0.56;200.26;3.36;773;4;625.00;10
1118;4;622006886;1118;177;1891;1901;9.17;0.56;200.26;3.36;773;4;626.00;10
1120;4;622006895;1120;181;1893;1902;9.15;0.55;200.33;3.37;773;4;627.00;9
1121;4;622006904;1121;178;1893;1903;9.14;0.55;200.34;3.37;772;4;628.00;10
1122;4;622006914;1122;180;1895;1903;9.15;0.56;200.34;3.39;773;4;629.00;8
1126;4;622006925;1126;185;1899;1909;9.16;0.56;200.92;3.38;773;4;630.00;10
1127;4;622006935;1127;184;1901;1909;9.15;0.56;200.82;3.38;774;4;631.00;8
1129;4;622006944;1129;185;1902;1909;9.08;0.55;200.86;3.38;773;4;632.00;7
1132;4;622006953;1132;187;1903;1909;9.05;0.55;200.96;3.40;771;4;633.00;6
1134;4;622006963;1134;190;1908;1915;9.10;0.55;201.06;3.39;774;4;634.00;7
1137;4;622006973;1137;187;1908;1915;9.04;0.55;201.34;3.39;771;4;635.00;7
1137;4;622006982;1137;196;1908;1915;8.97;0.55;201.34;3.39;771;4;636.00;7
1137;4;622006991;1137;201;1908;1915;8.88;0.54;201.34;3.39;771;4;637.00;7
1139;4;622007002;1139;210;1911;1919;8.83;0.54;201.35;3.39;772;4;638.00;8
1143;4;622007013;1143;219;1914;1920;8.74;0.53;201.34;3.41;771;4;639.00;6
1147;4;622007024;1147;226;1915;1920;8.64;0.53;202.07;3.42;768;4;640.00;5
1149;4;622007034;1149;230;1917;1921;8.60;0.52;202.02;3.42;768;4;641.00;4
1154;4;622007046;1154;235;1918;1921;8.49;0.52;201.90;3.42;764;4;642.00;3
1156;4;622007058;1156;241;1919;1921;8.42;0.51;201.79;3.43;763;4;643.00;2
1159;4;622007069;1159;241;1919;1921;8.33;0.51;201.75;3.43;760;4;644.00;2
1160;4;622007079;1160;244;1920;1921;8.34;0.51;201.76;3.44;760;4;645.00;1
1161;4;622007088;1161;250;1920;1921;8.25;0.50;201.70;3.44;759;4;646.00;1
1162;4;622007098;1162;254;1921;1921;8.22;0.50;201.82;3.44;759;4;647.00;0
1163;4;622007107;1163;261;1959;1991;8.30;0.51;201.74;3.38;796;4;648.00;32
1164;4;622007123;1164;262;1963;1992;8.24;0.51;201.68;3.37;799;4;649.00;29
1167;4;622007134;1167;265;1970;1992;8.26;0.51;201.45;3.37;803;4;650.00;22
1168;4;622007143;1168;272;1973;1992;8.24;0.51;201.39;3.37;805;4;651.00;19
1171;4;622007151;1171;270;1975;1992;8.18;0.50;201.43;3.37;804;4;652.00;17
1173;4;622007161;1173;268;1977;1992;8.13;0.50;201.18;3.37;804;4;653.00;15
1175;4;622007170;1175;273;1978;1992;8.06;0.50;201.20;3.37;803;4;654.00;14
1177;4;622007180;1177;280;1981;1992;7.95;0.49;201.17;3.38;804;4;655.00;11
1181;4;622007189;1181;286;1983;1993;7.82;0.48;200.98;3.38;802;4;656.00;10
1182;4;622007198;1182;288;1986;1994;7.74;0.47;200.82;3.39;804;4;657.00;8
1183;4;622007207;1183;298;1989;1994;7.63;0.47;200.72;3.40;806;4;658.00;5
1185;4;622007216;1185;299;1996;1998;7.53;0.46;200.63;3.41;811;4;659.00;2
1186;4;622007228;1186;300;1997;1998;7.45;0.46;200.53;3.41;811;4;660.00;1
1187;4;622007237;1187;303;1998;1998;7.32;0.45;200.61;3.41;811;4;661.00;0
1190;4;622007247;1190;301;1998;1998;7.24;0.44;200.51;3.41;808;4;662.00;0
1193;4;622007256;1193;308;2004;2004;7.19;0.44;200.31;3.40;811;4;663.00;0
1198;4;622007266;1198;310;2004;2004;7.06;0.43;200.28;3.40;806;4;664.00;0
1199;4;622007275;1199;313;2004;2004;7.00;0.43;200.30;3.40;805;4;665.00;0
1199;4;622007284;1199;322;2006;2007;6.96;0.42;200.30;3.40;807;4;666.00;1
1201;4;622007294;1201;322;2006;2007;6.93;0.42;200.15;3.40;805;4;667.00;1
1201;4;622007302;1201;324;2007;2007;6.89;0.42;200.15;3.40;806;4;668.00;0
1203;4;622007316;1203;328;2008;2008;6.78;0.41;200.03;3.39;805;4;669.00;0
1204;4;622007324;1204;329;2009;2009;6.70;0.41;200.12;3.39;805;4;670.00;0
1206;4;622007332;1206;328;2009;2009;6.54;0.40;200.02;3.39;803;4;671.00;0
1208;4;622007340;1208;334;2021;2022;6.42;0.39;200.02;3.37;813;4;672.00;1
1211;4;622007349;1211;339;2021;2022;6.24;0.38;200.18;3.37;810;4;673.00;1
1215;4;622007357;1215;344;2022;2022;6.15;0.38;200.34;3.37;807;4;674.00;0
1215;4;622007365;1215;334;2024;2024;6.19;0.38;200.34;3.37;809;4;675.00;0
1219;4;622007373;1219;330;2024;2024;6.21;0.38;200.35;3.37;805;4;676.00;0
1222;4;622007381;1222;327;2028;2028;6.27;0.38;200.34;3.36;806;4;677.00;0
1225;4;622007390;1225;335;2028;2028;6.34;0.39;200.48;3.36;803;4;678.00;0
1226;4;622007397;1226;335;2032;2032;6.31;0.39;200.57;3.36;806;4;679.00;0
1227;4;622007405;1227;318;2032;2032;6.34;0.39;200.83;3.36;805;4;680.00;0
1231;4;622007413;1231;306;2032;2032;6.34;0.39;200.88;3.36;801;4;681.00;0
1233;4;622007426;1233;299;2032;2032;6.32;0.39;200.90;3.36;799;4;682.00;0
1237;4;622007434;1237;297;2032;2032;6.28;0.38;201.03;3.36;795;4;683.00;0
1240;4;622007443;1240;294;2042;2044;6.39;0.39;200.98;3.34;802;4;684.00;2
1243;4;622007459;1243;294;2042;2044;6.47;0.39;201.19;3.34;799;4;685.00;2
1246;4;622007468;1246;295;2044;2044;6.56;0.40;201.21;3.34;798;4;686.00;0
1248;4;622007477;1248;288;2044;2044;6.63;0.41;201.62;3.34;796;4;687.00;0
1249;4;622007491;1249;278;2044;2044;6.70;0.41;201.78;3.34;795;4;688.00;0
1251;4;622007499;1251;268;2044;2044;6.82;0.42;201.90;3.34;793;4;689.00;0
1254;4;622007510;1254;260;2045;2045;6.87;0.42;202.15;3.34;791;4;690.00;0
1258;4;622007518;1258;256;2045;2045;6.90;0.42;202.63;3.34;787;4;691.00;0
1260;4;622007527;1260;259;2051;2051;7.07;0.43;202.95;3.33;791;4;692.00;0
1261;4;622007537;1261;259;2052;2052;7.15;0.44;203.01;3.33;791;4;693.00;0
1264;4;622007546;1264;264;2052;2052;7.24;0.44;203.52;3.33;788;4;694.00;0
1268;4;622007555;1268;261;2052;2052;7.31;0.45;203.65;3.33;784;4;695.00;0
1270;4;622007564;1270;257;2056;2056;7.49;0.46;203.87;3.33;786;4;696.00;0
1276;4;622007574;1276;256;2056;2056;7.61;0.47;204.19;3.33;780;4;697.00;0
1277;4;622007583;1277;252;2056;2056;7.70;0.47;204.36;3.33;779;4;698.00;0
1282;4;622007592;1282;252;2057;2057;7.78;0.48;204.47;3.32;775;4;699.00;0
1284;4;622007601;1284;248;2061;2061;7.92;0.49;204.53;3.32;777;4;700.00;0
1288;4;622007614;1288;243;2061;2061;8.01;0.49;204.81;3.32;773;4;701.00;0
1296;4;622007624;1296;240;2063;2064;7.95;0.49;205.02;3.32;767;4;702.00;1
1299;4;622007634;1299;244;2063;2064;7.93;0.49;204.99;3.32;764;4;703.00;1
1305;4;622007643;1305;239;2064;2064;7.90;0.48;205.60;3.32;759;4;704.00;0
1308;4;622007652;1308;243;2064;2064;7.88;0.48;205.97;3.32;756;4;705.00;0
1313;4;622007662;1313;243;2068;2068;7.85;0.48;206.67;3.31;755;4;706.00;0
1320;4;622007671;1320;249;2068;2068;7.81;0.48;207.39;3.31;748;4;707.00;0
1320;4;622007681;1320;247;2068;2068;7.85;0.48;207.39;3.31;748;4;708.00;0
1324;4;622007690;1324;249;2068;2068;7.88;0.48;207.93;3.31;744;4;709.00;0
1330;4;622007701;1330;247;2069;2069;7.91;0.48;208.51;3.31;739;4;710.00;0
1335;4;622007715;1335;246;2070;2070;7.93;0.48;208.71;3.31;735;4;711.00;0
1339;4;622007732;1339;238;2070;2070;7.95;0.49;209.21;3.31;731;4;712.00;0
1341;4;622007747;1341;238;2071;2071;7.93;0.48;209.43;3.31;730;4;713.00;0
1343;4;622007761;1343;237;2071;2071;8.00;0.49;209.57;3.31;728;4;714.00;0
1349;4;622007773;1349;239;2071;2071;7.96;0.48;210.07;3.31;722;4;715.00;0
1352;4;622007788;1352;237;2071;2071;8.00;0.49;210.24;3.31;719;4;716.00;0
1355;4;622007803;1355;237;2071;2071;8.09;0.49;210.51;3.31;716;4;717.00;0
1359;4;622007818;1359;235;2071;2071;8.10;0.49;210.72;3.31;712;4;718.00;0
1362;4;622007828;1362;233;2071;2071;8.12;0.49;210.84;3.31;709;4;719.00;0
1364;4;622007848;1364;270;2197;2301;8.22;0.52;210.95;3.12;833;4;720.00;104
1366;4;622007878;1366;260;2205;2302;8.24;0.52;210.91;3.11;839;4;721.00;97
1371;4;622007889;1371;233;2216;2302;8.19;0.51;211.19;3.11;845;4;722.00;86
1376;4;622007901;1376;233;2227;2302;8.14;0.51;211.35;3.11;851;4;723.00;75
1379;4;622007913;1379;232;2235;2302;8.13;0.51;211.73;3.11;856;4;724.00;67
1382;4;622007929;1382;239;2239;2302;8.08;0.50;212.03;3.11;857;4;725.00;63
1383;4;622007940;1383;240;2247;2302;7.99;0.50;212.09;3.12;864;4;726.00;55
1386;4;622007952;1386;235;2251;2302;7.90;0.49;212.58;3.13;865;4;727.00;51
1387;4;622007962;1387;238;2257;2303;7.79;0.48;212.64;3.14;870;4;728.00;46
1389;4;622007982;1389;238;2260;2304;7.67;0.48;212.66;3.15;871;4;729.00;44
1392;4;622007994;1392;235;2264;2304;7.58;0.47;212.69;3.16;872;4;730.00;40
1393;4;622008006;1393;235;2267;2305;7.52;0.47;212.79;3.17;874;4;731.00;38
1398;4;622008021;1398;243;2269;2305;7.43;0.46;212.73;3.18;871;4;732.00;36
1401;4;622008032;1401;247;2270;2305;7.37;0.46;212.76;3.18;869;4;733.00;35
1403;4;622008044;1403;260;2272;2305;7.40;0.46;212.92;3.19;869;4;734.00;33
1405;4;622008055;1405;276;2275;2309;7.39;0.46;212.94;3.19;870;4;735.00;34
1407;4;622008066;1407;276;2276;2309;7.37;0.46;212.96;3.20;869;4;736.00;33
1409;4;622008078;1409;275;2278;2309;7.37;0.45;212.93;3.21;869;4;737.00;31
1413;4;622008100;1413;276;2279;2312;7.38;0.45;213.08;3.22;866;4;738.00;33
1414;4;622008112;1414;285;2280;2312;7.47;0.46;212.94;3.22;866;4;739.00;32
1417;4;622008123;1417;284;2282;2312;7.51;0.46;212.99;3.24;865;4;740.00;30
1417;4;622008135;1417;289;2286;2316;7.56;0.46;212.99;3.24;869;4;741.00;30
1420;4;622008148;1420;290;2289;2317;7.63;0.47;212.89;3.26;869;4;742.00;28
1424;4;622008160;1424;298;2289;2317;7.70;0.47;213.22;3.26;865;4;743.00;28
1424;4;622008173;1424;298;2293;2321;7.74;0.47;213.22;3.28;869;4;744.00;28
1427;4;622008185;1427;299;2293;2321;7.80;0.48;213.42;3.28;866;4;745.00;28
1434;4;622008196;1434;292;2294;2321;7.73;0.47;213.83;3.29;860;4;746.00;27
1434;4;622008217;1434;295;2296;2322;7.75;0.47;213.83;3.31;862;4;747.00;26
1435;4;622008234;1435;295;2298;2322;7.81;0.48;213.93;3.32;863;4;748.00;24
1437;4;622008248;1437;295;2303;2328;7.81;0.48;213.83;3.32;866;4;749.00;25
1438;4;622008262;1438;293;2305;2328;7.86;0.48;213.90;3.33;867;4;750.00;23
1439;4;622008274;1439;290;2308;2329;7.84;0.48;213.90;3.35;869;4;751.00;21
1442;4;622008285;1442;287;2310;2329;7.85;0.48;214.07;3.36;868;4;752.00;19
1443;4;622008297;1443;289;2312;2329;7.85;0.48;214.06;3.38;869;4;753.00;17
1445;4;622008308;1445;279;2314;2329;7.84;0.48;214.08;3.38;869;4;754.00;15
1446;4;622008320;1446;281;2316;2329;7.84;0.48;214.33;3.41;870;4;755.00;13
1448;4;622008331;1448;275;2325;2341;7.80;0.48;214.36;3.41;877;4;756.00;16
1450;4;622008343;1450;275;2328;2341;7.81;0.48;214.35;3.41;878;4;757.00;13
1450;4;622008355;1450;270;2330;2341;7.87;0.48;214.35;3.42;880;4;758.00;11
1451;4;622008366;1451;269;2330;2341;7.93;0.49;214.23;3.42;879;4;759.00;11
1454;4;622008377;1454;267;2330;2341;7.97;0.49;214.33;3.42;876;4;760.00;11
1456;4;622008390;1456;270;2331;2341;8.02;0.49;214.37;3.42;875;4;761.00;10
1458;4;622008400;1458;271;2336;2345;8.06;0.49;214.63;3.42;878;4;762.00;9
1460;4;622008412;1460;271;2336;2345;8.12;0.50;214.73;3.42;876;4;763.00;9
1460;4;622008423;1460;272;2340;2349;8.16;0.50;214.73;3.41;880;4;764.00;9
1461;4;622008441;1461;281;2342;2351;8.21;0.50;214.73;3.41;881;4;765.00;9
1464;4;622008453;1464;286;2342;2351;8.23;0.50;214.97;3.41;878;4;766.00;9
1467;4;622008464;1467;292;2342;2351;8.16;0.50;215.18;3.41;875;4;767.00;9
1471;4;622008475;1471;299;2352;2364;8.13;0.50;215.39;3.40;881;4;768.00;12
1473;4;622008487;1473;303;2353;2364;8.07;0.49;215.45;3.40;880;4;769.00;11
1474;4;622008498;1474;301;2353;2364;8.01;0.49;215.58;3.40;879;4;770.00;11
1475;4;622008508;1475;295;2354;2365;8.00;0.49;215.66;3.40;879;4;771.00;11
1476;4;622008519;1476;289;2354;2366;8.00;0.49;215.64;3.40;878;4;772.00;12
1477;4;622008529;1477;293;2354;2366;8.01;0.49;215.58;3.40;877;4;773.00;12
1478;4;622008540;1478;288;2356;2369;8.06;0.49;215.47;3.39;878;4;774.00;13
1480;4;622008552;1480;282;2356;2369;7.97;0.48;215.40;3.39;876;4;775.00;13
1483;4;622008562;1483;287;2357;2369;7.91;0.48;215.71;3.39;874;4;776.00;12
1485;4;622008573;1485;287;2357;2369;7.83;0.48;215.98;3.39;872;4;777.00;12
1487;4;622008583;1487;289;2362;2375;7.78;0.47;215.94;3.39;875;4;778.00;13
1491;4;622008593;1491;288;2362;2375;7.66;0.46;216.16;3.39;871;4;779.00;13
1492;4;622008606;1492;281;2362;2375;7.51;0.46;216.33;3.39;870;4;780.00;13
1495;4;622008616;1495;279;2362;2375;7.39;0.45;216.48;3.39;867;4;781.00;13
1498;4;622008626;1498;272;2365;2379;7.26;0.44;216.74;3.38;867;4;782.00;14
1500;4;622008636;1500;268;2366;2380;7.22;0.44;216.85;3.38;866;4;783.00;14
1502;4;622008646;1502;265;2366;2380;7.17;0.44;216.89;3.38;864;4;784.00;14
1506;4;622008656;1506;256;2369;2381;7.11;0.43;217.02;3.39;863;4;785.00;12
1506;4;622008666;1506;257;2369;2381;7.10;0.43;217.02;3.39;863;4;786.00;12
1509;4;622008677;1509;254;2369;2381;7.07;0.43;217.44;3.39;860;4;787.00;12
1515;4;622008687;1515;253;2369;2381;7.11;0.43;217.56;3.39;854;4;788.00;12
1515;4;622008697;1515;255;2369;2381;7.21;0.44;217.56;3.39;854;4;789.00;12
1515;4;622008708;1515;253;2369;2381;7.35;0.45;217.56;3.39;854;4;790.00;12
1515;4;622008718;1515;259;2369;2381;7.47;0.46;217.56;3.39;854;4;791.00;12
1516;4;622008728;1516;262;2402;2451;7.61;0.47;217.49;3.34;886;4;792.00;49
1519;4;622008744;1519;257;2402;2452;7.61;0.47;217.43;3.34;883;4;793.00;50
1521;4;622008756;1521;254;2408;2452;7.68;0.47;217.32;3.34;887;4;794.00;44
1523;4;622008766;1523;256;2409;2452;7.71;0.47;217.35;3.34;886;4;795.00;43
1524;4;622008776;1524;255;2411;2452;7.70;0.47;217.26;3.34;887;4;796.00;41
1527;4;622008786;1527;255;2415;2452;7.71;0.47;217.07;3.34;888;4;797.00;37
1527;4;622008802;1527;258;2418;2452;7.70;0.47;217.07;3.37;891;4;798.00;34
1529;4;622008813;1529;264;2420;2452;7.65;0.47;217.12;3.38;891;4;799.00;32
1530;4;622008823;1530;266;2424;2453;7.66;0.47;217.41;3.38;894;4;800.00;29
1531;4;622008838;1531;268;2426;2454;7.69;0.47;217.36;3.42;895;4;801.00;28
1533;4;622008848;1533;269;2430;2454;7.68;0.47;217.32;3.43;897;4;802.00;24
1534;4;622008858;1534;272;2436;2458;7.66;0.47;217.35;3.47;902;4;803.00;22
1537;4;622008869;1537;278;2438;2458;7.58;0.46;217.34;3.47;901;4;804.00;20
1539;4;622008881;1539;274;2440;2458;7.52;0.46;217.53;3.51;901;4;805.00;18
1541;4;622008893;1541;277;2441;2458;7.47;0.45;217.47;3.51;900;4;806.00;17
1544;4;622008904;1544;280;2447;2464;7.46;0.45;217.19;3.51;903;4;807.00;17
1546;4;622008914;1546;291;2449;2464;7.39;0.45;217.05;3.55;903;4;808.00;15
1548;4;622008925;1548;300;2449;2464;7.24;0.44;216.87;3.55;901;4;809.00;15
1550;4;622008937;1550;307;2454;2470;7.21;0.44;216.78;3.55;904;4;810.00;16
1552;4;622008948;1552;315;2457;2470;7.15;0.44;216.55;3.59;905;4;811.00;13
1555;4;622008958;1555;319;2459;2470;7.10;0.43;216.44;3.60;904;4;812.00;11
1556;4;622008969;1556;328;2461;2471;6.93;0.42;216.53;3.64;905;4;813.00;10
1557;4;622008979;1557;336;2463;2472;6.87;0.42;216.41;3.67;906;4;814.00;9
1558;4;622008989;1558;347;2464;2472;6.80;0.41;216.36;3.68;906;4;815.00;8
1559;4;622008999;1559;348;2474;2485;6.71;0.41;216.23;3.72;915;4;816.00;11
1561;4;622009010;1561;357;2475;2485;6.67;0.41;216.12;3.73;914;4;817.00;10
1562;4;622009020;1562;361;2480;2485;6.70;0.41;216.05;3.76;918;4;818.00;5
1564;4;622009030;1564;368;2482;2486;6.73;0.41;216.02;3.76;918;4;819.00;4
1566;4;622009040;1566;376;2483;2486;6.67;0.41;215.88;3.77;917;4;820.00;3
1569;4;622009050;1569;378;2488;2490;6.69;0.41;215.72;3.77;919;4;821.00;2
1573;4;622009060;1573;387;2489;2490;6.66;0.41;215.57;3.77;916;4;822.00;1
1575;4;622009069;1575;390;2493;2494;6.64;0.41;215.53;3.76;918;4;823.00;1
1577;4;622009080;1577;386;2494;2494;6.59;0.41;215.29;3.77;917;4;824.00;0
1581;4;622009090;1581;387;2494;2494;6.51;0.40;215.43;3.77;913;4;825.00;0
1584;4;622009101;1584;390;2494;2494;6.41;0.39;215.39;3.77;910;4;826.00;0
1585;4;622009112;1585;383;2494;2494;6.35;0.39;215.48;3.77;909;4;827.00;0
1588;4;622009122;1588;372;2504;2506;6.38;0.39;215.46;3.75;916;4;828.00;2
1588;4;622009134;1588;361;2504;2506;6.38;0.39;215.46;3.75;916;4;829.00;2
1589;4;622009145;1589;348;2506;2506;6.47;0.40;215.48;3.75;917;4;830.00;0
1589;4;622009155;1589;346;2506;2506;6.59;0.41;215.48;3.75;917;4;831.00;0
1590;4;622009165;1590;338;2506;2506;6.64;0.41;215.58;3.75;916;4;832.00;0
1592;4;622009176;1592;329;2506;2506;6.69;0.41;215.67;3.75;914;4;833.00;0
1592;4;622009192;1592;327;2507;2507;6.75;0.42;215.67;3.75;915;4;834.00;0
1592;4;622009202;1592;326;2507;2507;6.82;0.42;215.67;3.75;915;4;835.00;0
1593;4;622009212;1593;329;2513;2513;6.90;0.43;215.68;3.74;920;4;836.00;0
1593;4;622009223;1593;320;2514;2514;6.94;0.43;215.68;3.74;921;4;837.00;0
1595;4;622009232;1595;319;2514;2514;6.97;0.43;215.74;3.74;919;4;838.00;0
1595;4;622009242;1595;321;2514;2514;7.01;0.43;215.74;3.74;919;4;839.00;0
1599;4;622009254;1599;323;2519;2519;7.01;0.43;215.74;3.73;920;4;840.00;0
1603;4;622009269;1603;313;2519;2519;7.00;0.43;215.87;3.73;916;4;841.00;0
1607;4;622009284;1607;317;2519;2519;6.99;0.43;215.87;3.73;912;4;842.00;0
1609;4;622009294;1609;322;2520;2520;7.02;0.43;216.01;3.73;911;4;843.00;0
1614;4;622009304;1614;321;2524;2524;6.96;0.43;215.93;3.73;910;4;844.00;0
1616;4;622009314;1616;322;2524;2524;6.95;0.43;215.92;3.73;908;4;845.00;0
1622;4;622009323;1622;322;2526;2527;6.91;0.42;215.82;3.72;904;4;846.00;1
1623;4;622009334;1623;327;2527;2527;6.88;0.42;215.85;3.72;904;4;847.00;0
1627;4;622009344;1627;329;2527;2527;6.79;0.41;215.99;3.72;900;4;848.00;0
1630;4;622009353;1630;330;2527;2527;6.72;0.41;215.92;3.72;897;4;849.00;0
1633;4;622009362;1633;316;2531;2531;6.74;0.41;215.84;3.72;898;4;850.00;0
1636;4;622009372;1636;314;2531;2531;6.74;0.41;216.06;3.72;895;4;851.00;0
1641;4;622009388;1641;311;2531;2531;6.73;0.41;216.55;3.72;890;4;852.00;0
1644;4;622009397;1644;309;2531;2531;6.70;0.41;216.74;3.72;887;4;853.00;0
1646;4;622009407;1646;303;2532;2532;6.69;0.41;216.88;3.72;886;4;854.00;0
1651;4;622009417;1651;299;2534;2534;6.74;0.41;216.92;3.72;883;4;855.00;0
1657;4;622009428;1657;302;2534;2534;6.81;0.42;217.52;3.72;877;4;856.00;0
1660;4;622009438;1660;293;2535;2535;6.93;0.42;217.49;3.71;875;4;857.00;0
1663;4;622009447;1663;287;2535;2535;6.98;0.42;217.78;3.71;872;4;858.00;0
1669;4;622009457;1669;282;2535;2535;7.03;0.43;218.19;3.71;866;4;859.00;0
1671;4;622009468;1671;273;2535;2535;7.06;0.43;218.46;3.71;864;4;860.00;0
1674;4;622009478;1674;267;2535;2535;7.03;0.43;218.96;3.71;861;4;861.00;0
1677;4;622009487;1677;257;2535;2535;7.09;0.43;219.45;3.71;858;4;862.00;0
1681;4;622009497;1681;255;2535;2535;7.11;0.43;219.42;3.71;854;4;863.00;0
1686;4;622009507;1686;272;2620;2662;7.37;0.45;219.91;3.60;934;4;864.00;42
1691;4;622009533;1691;258;2624;2663;7.40;0.46;220.28;3.59;933;4;865.00;39
1693;4;622009545;1693;256;2629;2663;7.49;0.46;220.65;3.59;936;4;866.00;34
1699;4;622009555;1699;253;2632;2663;7.50;0.46;221.07;3.59;933;4;867.00;31
1701;4;622009566;1701;252;2635;2663;7.57;0.47;221.35;3.59;934;4;868.00;28
1705;4;622009576;1705;252;2636;2663;7.52;0.46;221.96;3.59;931;4;869.00;27
1709;4;622009588;1709;259;2636;2663;7.46;0.46;222.37;3.59;927;4;870.00;27
1714;4;622009600;1714;260;2638;2663;7.40;0.45;222.82;3.59;924;4;871.00;25
1719;4;622009610;1719;261;2640;2664;7.29;0.44;222.65;3.59;921;4;872.00;24
1723;4;622009621;1723;266;2641;2665;7.19;0.44;223.16;3.60;918;4;873.00;24
1726;4;622009632;1726;278;2645;2665;7.09;0.43;223.16;3.61;919;4;874.00;20
1730;4;622009643;1730;284;2646;2666;6.99;0.43;223.68;3.61;916;4;875.00;20
1735;4;622009655;1735;293;2648;2666;6.84;0.42;224.42;3.61;913;4;876.00;18
1738;4;622009666;1738;294;2649;2666;6.86;0.42;224.75;3.61;911;4;877.00;17
1744;4;622009676;1744;297;2650;2666;6.82;0.42;224.81;3.62;906;4;878.00;16
1747;4;622009687;1747;293;2653;2670;6.82;0.42;224.94;3.62;906;4;879.00;17
1750;4;622009707;1750;296;2654;2670;6.81;0.42;225.13;3.62;904;4;880.00;16
1754;4;622009723;1754;297;2655;2670;6.81;0.42;225.42;3.63;901;4;881.00;15
1759;4;622009740;1759;298;2657;2673;6.83;0.42;225.35;3.63;898;4;882.00;16
1761;4;622009761;1761;302;2657;2673;6.90;0.42;225.69;3.63;896;4;883.00;16
1762;4;622009778;1762;296;2658;2673;6.97;0.43;225.65;3.64;896;4;884.00;15
1764;4;622009794;1764;291;2662;2677;7.14;0.44;225.82;3.63;898;4;885.00;15
1767;4;622009813;1767;295;2663;2678;7.22;0.44;226.25;3.64;896;4;886.00;15
1772;4;622009827;1772;291;2664;2678;7.30;0.45;226.61;3.64;892;4;887.00;14
1777;4;622009839;1777;294;2667;2682;7.37;0.45;226.94;3.64;890;4;888.00;15
1780;4;622009852;1780;291;2668;2682;7.48;0.46;226.91;3.65;888;4;889.00;14
1785;4;622009865;1785;294;2668;2682;7.56;0.46;227.63;3.65;883;4;890.00;14
1787;4;622009878;1787;295;2669;2683;7.57;0.46;227.66;3.65;882;4;891.00;14
1791;4;622009893;1791;295;2670;2683;7.61;0.47;227.85;3.66;879;4;892.00;13
1796;4;622009905;1796;294;2676;2689;7.58;0.46;228.18;3.66;880;4;893.00;13
1801;4;622009917;1801;292;2677;2689;7.55;0.46;228.54;3.67;876;4;894.00;12
1806;4;622009930;1806;303;2678;2690;7.48;0.46;229.04;3.67;872;4;895.00;12
1809;4;622009942;1809;306;2679;2690;7.47;0.46;229.35;3.68;870;4;896.00;11
1810;4;622009953;1810;306;2680;2690;7.44;0.45;229.49;3.69;870;4;897.00;10
1815;4;622009965;1815;297;2681;2690;7.39;0.45;230.30;3.70;866;4;898.00;9
1817;4;622009977;1817;300;2682;2690;7.34;0.45;230.47;3.71;865;4;899.00;8
1820;4;622009993;1820;301;2711;2736;7.27;0.45;230.62;3.69;891;4;900.00;25
1821;4;622010015;1821;292;2712;2736;7.25;0.45;230.81;3.70;891;4;901.00;24
1824;4;622010027;1824;288;2717;2736;7.32;0.45;230.82;3.70;893;4;902.00;19
1825;4;622010039;1825;288;2718;2736;7.36;0.45;230.98;3.71;893;4;903.00;18
1830;4;622010051;1830;293;2721;2736;7.36;0.45;231.28;3.71;891;4;904.00;15
1830;4;622010064;1830;286;2722;2736;7.36;0.45;231.28;3.72;892;4;905.00;14
1835;4;622010082;1835;276;2728;2740;7.29;0.45;231.51;3.72;893;4;906.00;12
1836;4;622010094;1836;273;2729;2740;7.34;0.45;231.48;3.72;893;4;907.00;11
1837;4;622010106;1837;263;2732;2744;7.42;0.45;231.56;3.72;895;4;908.00;12
1842;4;622010119;1842;257;2734;2745;7.48;0.46;232.00;3.73;892;4;909.00;11
1843;4;622010130;1843;260;2738;2745;7.55;0.46;231.98;3.74;895;4;910.00;7
1850;4;622010143;1850;261;2739;2745;7.61;0.46;232.00;3.74;889;4;911.00;6
1855;4;622010155;1855;261;2750;2758;7.68;0.47;231.99;3.72;895;4;912.00;8
1858;4;622010168;1858;265;2750;2758;7.72;0.47;232.07;3.72;892;4;913.00;8
1860;4;622010181;1860;267;2752;2758;7.80;0.47;232.18;3.72;892;4;914.00;6
1862;4;622010193;1862;270;2753;2759;7.84;0.47;232.32;3.72;891;4;915.00;6
1865;4;622010208;1865;285;2755;2760;7.80;0.47;232.39;3.73;890;4;916.00;5
1866;4;622010221;1866;279;2755;2760;7.81;0.47;232.56;3.73;889;4;917.00;5
1869;4;622010233;1869;276;2757;2763;7.80;0.47;232.80;3.72;888;4;918.00;6
1871;4;622010246;1871;274;2757;2763;7.77;0.47;232.97;3.72;886;4;919.00;6
1875;5;622010258;1875;274;2759;2763;7.73;0.47;233.29;3.73;884;5;920.00;4
1877;5;622010288;1877;272;2759;2763;7.71;0.47;233.41;3.73;882;5;921.00;4
1880;5;622010299;1880;272;2764;2769;7.70;0.47;233.69;3.73;884;5;922.00;5
1882;5;622010312;1882;270;2764;2769;7.68;0.47;233.73;3.73;882;5;923.00;5
1886;5;622010323;1886;270;2765;2769;7.73;0.47;233.91;3.73;879;5;924.00;4
1888;5;622010335;1888;272;2767;2769;7.77;0.47;234.00;3.74;879;5;925.00;2
1889;5;622010346;1889;278;2773;2773;7.76;0.47;234.10;3.74;884;5;926.00;0
1892;5;622010357;1892;281;2774;2774;7.74;0.47;234.16;3.74;882;5;927.00;0
1894;5;622010368;1894;288;2774;2774;7.69;0.47;234.31;3.74;880;5;928.00;0
1897;5;622010379;1897;289;2775;2775;7.69;0.47;234.55;3.74;878;5;929.00;0
1900;5;622010392;1900;294;2775;2775;7.64;0.46;234.72;3.74;875;5;930.00;0
1900;5;622010403;1900;294;2775;2775;7.62;0.46;234.72;3.74;875;5;931.00;0
1904;5;622010413;1904;302;2775;2775;7.55;0.46;234.96;3.74;871;5;932.00;0
1908;5;622010424;1908;305;2775;2775;7.54;0.46;235.06;3.74;867;5;933.00;0
1909;6;622010434;1909;304;2775;2775;7.52;0.45;234.97;3.74;866;6;934.00;0
1911;6;622010457;1911;308;2775;2775;7.47;0.45;235.19;3.74;864;6;935.00;0
1911;6;622010469;1911;318;2814;2845;7.43;0.45;235.19;3.69;903;6;936.00;31
1912;6;622010484;1912;317;2814;2846;7.37;0.45;235.18;3.69;902;6;937.00;32
1912;6;622010495;1912;316;2821;2846;7.42;0.45;235.18;3.69;909;6;938.00;25
1913;6;622010505;1913;312;2823;2846;7.32;0.45;235.17;3.69;910;6;939.00;23
1915;6;622010516;1915;310;2827;2846;7.34;0.45;235.30;3.69;912;6;940.00;19
1916;6;622010526;1916;309;2829;2846;7.31;0.44;235.32;3.69;913;6;941.00;17
1918;6;622010537;1918;302;2832;2846;7.32;0.45;235.33;3.69;914;6;942.00;14
1918;6;622010547;1918;308;2835;2846;7.36;0.45;235.33;3.69;917;6;943.00;11
1920;6;622010558;1920;301;2838;2847;7.36;0.45;235.37;3.70;918;6;944.00;9
1921;6;622010569;1921;305;2840;2849;7.30;0.44;235.44;3.70;919;6;945.00;9
1924;6;622010580;1924;302;2841;2849;7.22;0.44;235.44;3.70;917;6;946.00;8
1925;6;622010591;1925;307;2845;2853;7.16;0.43;235.44;3.70;920;6;947.00;8
1931;6;622010601;1931;306;2846;2853;7.04;0.43;235.82;3.70;915;6;948.00;7
1931;6;622010612;1931;306;2846;2853;6.96;0.42;235.82;3.70;915;6;949.00;7
1933;6;622010622;1933;301;2846;2853;6.85;0.42;235.95;3.70;913;6;950.00;7
1937;6;622010632;1937;297;2850;2859;6.79;0.41;236.16;3.69;913;6;951.00;9
1940;6;622010644;1940;295;2850;2859;6.68;0.41;236.28;3.69;910;6;952.00;9
1943;6;622010655;1943;294;2850;2859;6.58;0.40;236.15;3.69;907;6;953.00;9
1946;6;622010665;1946;297;2852;2862;6.59;0.40;236.12;3.69;906;6;954.00;10
1948;6;622010675;1948;296;2856;2862;6.51;0.40;236.17;3.71;908;6;955.00;6
1949;6;622010686;1949;296;2857;2862;6.50;0.40;236.09;3.71;908;6;956.00;5
1952;6;622010696;1952;300;2857;2863;6.52;0.40;236.14;3.71;905;6;957.00;6
1954;6;622010706;1954;304;2858;2864;6.57;0.40;236.19;3.71;904;6;958.00;6
1957;6;622010717;1957;297;2858;2864;6.58;0.40;236.06;3.71;901;6;959.00;6
1960;6;622010729;1960;306;2875;2890;6.63;0.40;235.90;3.68;915;6;960.00;15
1961;6;622010742;1961;296;2875;2890;6.68;0.41;235.83;3.68;914;6;961.00;15
1964;6;622010753;1964;299;2878;2890;6.71;0.41;235.76;3.69;914;6;962.00;12
1966;6;622010762;1966;305;2880;2891;6.78;0.41;235.68;3.69;914;6;963.00;11
1968;6;622010773;1968;306;2881;2891;6.80;0.41;235.61;3.69;913;6;964.00;10
1972;6;622010782;1972;300;2884;2895;6.86;0.41;235.64;3.69;912;6;965.00;11
1974;6;622010792;1974;303;2884;2895;6.85;0.41;235.53;3.69;910;6;966.00;11
1975;6;622010808;1975;302;2888;2899;6.87;0.42;235.43;3.69;913;6;967.00;11
1979;6;622010818;1979;302;2888;2899;6.82;0.41;235.24;3.69;909;6;968.00;11
1979;6;622010828;1979;306;2888;2899;6.82;0.41;235.24;3.69;909;6;969.00;11
1980;6;622010837;1980;306;2889;2899;6.83;0.41;235.13;3.69;909;6;970.00;10
1981;6;622010847;1981;307;2889;2899;6.83;0.41;235.12;3.69;908;6;971.00;10
1982;6;622010857;1982;305;2900;2911;6.87;0.42;235.01;3.69;918;6;972.00;11
1982;6;622010867;1982;307;2903;2911;6.86;0.42;235.01;3.70;921;6;973.00;8
1985;6;622010877;1985;311;2904;2911;6.81;0.41;234.96;3.71;919;6;974.00;7
1985;6;622010887;1985;318;2905;2911;6.74;0.41;234.96;3.71;920;6;975.00;6
1985;6;622010897;1985;317;2905;2911;6.70;0.41;234.96;3.71;920;6;976.00;6
1986;6;622010906;1986;323;2905;2911;6.68;0.41;234.96;3.71;919;6;977.00;6
1987;6;622010916;1987;327;2905;2912;6.65;0.41;234.86;3.71;918;6;978.00;7
1988;6;622010926;1988;316;2905;2912;6.74;0.41;234.78;3.71;917;6;979.00;7
1989;6;622010937;1989;309;2911;2918;6.84;0.42;234.79;3.71;922;6;980.00;7
1989;6;622010949;1989;305;2912;2919;6.93;0.42;234.79;3.72;923;6;981.00;7
1991;6;622010959;1991;305;2914;2919;6.96;0.42;234.79;3.72;923;6;982.00;5
1991;6;622010969;1991;303;2915;2919;7.00;0.43;234.79;3.73;924;6;983.00;4
1995;6;622010979;1995;304;2918;2923;6.98;0.42;234.77;3.72;923;6;984.00;5
1996;6;622010990;1996;300;2919;2923;6.97;0.42;234.66;3.73;923;6;985.00;4
1998;6;622011001;1998;304;2920;2923;6.98;0.42;234.72;3.74;922;6;986.00;3
1999;6;622011011;1999;305;2922;2924;7.02;0.43;234.61;3.74;923;6;987.00;2
2000;6;622011021;2000;310;2926;2928;7.02;0.43;234.76;3.74;926;6;988.00;2
2001;7;622011036;2001;308;2927;2928;7.03;0.43;234.66;3.74;926;7;989.00;1
2003;7;622011065;2003;311;2932;2934;7.09;0.43;234.65;3.73;929;7;990.00;2
2005;7;622011082;2005;312;2933;2934;7.09;0.43;234.55;3.73;928;7;991.00;1
2006;7;622011098;2006;309;2934;2934;7.10;0.43;234.56;3.73;928;7;992.00;0
2007;7;622011117;2007;309;2934;2934;7.09;0.43;234.55;3.73;927;7;993.00;0
2009;7;622011127;2009;312;2938;2938;7.09;0.43;234.51;3.73;929;7;994.00;0
2009;7;622011137;2009;308;2938;2938;7.08;0.43;234.51;3.73;929;7;995.00;0
2009;7;622011147;2009;307;2938;2938;7.00;0.43;234.51;3.73;929;7;996.00;0
2009;7;622011158;2009;311;2938;2938;6.91;0.42;234.51;3.73;929;7;997.00;0
2011;7;622011168;2011;322;2939;2939;6.80;0.42;234.49;3.73;928;7;998.00;0
2012;7;622011178;2012;317;2940;2940;6.79;0.42;234.44;3.73;928;7;999.00;0
2014;7;622011189;2014;313;2940;2940;6.72;0.41;234.34;3.73;926;7;1000.00;0
2017;7;622011203;2017;317;2941;2941;6.69;0.41;234.16;3.72;924;7;1001.00;0
2021;7;622011212;2021;314;2941;2941;6.66;0.41;234.07;3.72;920;7;1002.00;0
2022;7;622011222;2022;308;2941;2941;6.64;0.41;234.23;3.72;919;7;1003.00;0
2024;7;622011232;2024;305;2941;2941;6.65;0.41;234.27;3.72;917;7;1004.00;0
2025;7;622011242;2025;302;2941;2941;6.65;0.41;234.21;3.72;916;7;1005.00;0
2026;7;622011252;2026;299;2941;2941;6.67;0.41;234.12;3.72;915;7;1006.00;0
2026;7;622011261;2026;291;2941;2941;6.76;0.41;234.12;3.72;915;7;1007.00;0
2028;7;622011270;2028;306;3011;3068;6.97;0.43;234.30;3.64;983;7;1008.00;57
2029;7;622011290;2029;299;3014;3069;7.02;0.44;234.32;3.64;985;7;1009.00;55
2033;7;622011300;2033;287;3024;3069;7.08;0.44;234.44;3.63;991;7;1010.00;45
2035;7;622011310;2035;283;3030;3069;7.08;0.44;234.67;3.63;995;7;1011.00;39
2041;7;622011320;2041;291;3038;3069;7.05;0.44;234.86;3.63;997;7;1012.00;31
2045;7;622011330;2045;287;3041;3069;7.01;0.43;235.00;3.63;996;7;1013.00;28
2048;7;622011340;2048;286;3043;3069;6.93;0.43;235.11;3.63;995;7;1014.00;26
2051;7;622011350;2051;296;3045;3069;6.87;0.43;235.14;3.64;994;7;1015.00;24
2058;7;622011360;2058;296;3047;3070;6.76;0.42;235.43;3.64;989;7;1016.00;23
2061;7;622011371;2061;298;3050;3071;6.75;0.42;235.59;3.64;989;7;1017.00;21
2065;7;622011381;2065;299;3051;3071;6.72;0.41;235.62;3.65;986;7;1018.00;20
2072;7;622011392;2072;299;3056;3072;6.59;0.41;235.83;3.66;984;7;1019.00;16
2076;7;622011405;2076;288;3058;3072;6.52;0.40;235.91;3.66;982;7;1020.00;14
2080;7;622011416;2080;288;3060;3072;6.44;0.40;235.82;3.67;980;7;1021.00;12
2082;7;622011426;2082;280;3061;3072;6.43;0.40;235.86;3.67;979;7;1022.00;11
2085;7;622011437;2085;276;3065;3076;6.47;0.40;235.85;3.68;980;7;1023.00;11
2089;7;622011449;2089;276;3067;3076;6.50;0.40;235.87;3.68;978;7;1024.00;9
2092;7;622011460;2092;277;3069;3076;6.53;0.40;236.01;3.69;977;7;1025.00;7
2095;7;622011472;2095;277;3070;3079;6.57;0.40;236.29;3.69;975;7;1026.00;9
2099;7;622011483;2099;267;3072;3079;6.65;0.41;236.13;3.70;973;7;1027.00;7
2101;7;622011500;2101;262;3074;3079;6.71;0.41;236.27;3.70;973;7;1028.00;5
2104;7;622011511;2104;256;3078;3083;6.75;0.41;236.55;3.70;974;7;1029.00;5
2106;7;622011528;2106;259;3078;3084;6.78;0.41;236.62;3.70;972;7;1030.00;6
2109;7;622011539;2109;256;3080;3084;6.82;0.42;236.77;3.71;971;7;1031.00;4
2111;7;622011551;2111;259;3083;3088;6.87;0.42;236.84;3.71;972;7;1032.00;5
2115;7;622011562;2115;253;3083;3088;6.91;0.42;237.00;3.71;968;7;1033.00;5
2121;7;622011574;2121;254;3083;3088;6.95;0.43;237.30;3.71;962;7;1034.00;5
2123;7;622011586;2123;250;3085;3090;7.05;0.43;237.34;3.71;962;7;1035.00;5
2128;7;622011598;2128;255;3085;3090;7.07;0.43;237.77;3.71;957;7;1036.00;5
2133;7;622011615;2133;244;3090;3096;7.11;0.44;237.89;3.70;957;7;1037.00;6
2135;7;622011627;2135;245;3090;3096;7.16;0.44;238.04;3.70;955;7;1038.00;6
2142;7;622011638;2142;251;3091;3097;7.15;0.44;238.36;3.70;949;7;1039.00;6
2147;7;622011650;2147;254;3091;3097;7.22;0.44;238.57;3.70;944;7;1040.00;6
2153;7;622011661;2153;252;3092;3097;7.22;0.44;238.94;3.71;939;7;1041.00;5
2155;7;622011673;2155;252;3092;3097;7.24;0.44;238.99;3.71;937;7;1042.00;5
2158;7;622011684;2158;245;3092;3097;7.21;0.44;239.33;3.71;934;7;1043.00;5
2161;7;622011695;2161;249;3100;3109;7.32;0.45;239.38;3.70;939;7;1044.00;9
2164;7;622011711;2164;246;3100;3109;7.41;0.45;239.63;3.70;936;7;1045.00;9
2173;7;622011728;2173;246;3102;3109;7.41;0.45;240.14;3.70;929;7;1046.00;7
2177;7;622011747;2177;249;3103;3109;7.40;0.45;240.21;3.71;926;7;1047.00;6
2185;7;622011766;2185;248;3104;3109;7.36;0.45;240.68;3.71;919;7;1048.00;5
2189;7;622011782;2189;259;3104;3109;7.41;0.45;240.78;3.71;915;7;1049.00;5
2193;7;622011802;2193;258;3111;3115;7.43;0.45;241.03;3.71;918;7;1050.00;4
2197;7;622011819;2197;260;3112;3115;7.46;0.46;241.12;3.71;915;7;1051.00;3
2198;7;622011832;2198;256;3115;3119;7.52;0.46;241.12;3.71;917;7;1052.00;4
2202;7;622011845;2202;257;3118;3120;7.52;0.46;241.39;3.71;916;7;1053.00;2
2207;7;622011865;2207;259;3119;3120;7.53;0.46;241.57;3.71;912;7;1054.00;1
2208;7;622011878;2208;259;3120;3120;7.59;0.46;241.67;3.71;912;7;1055.00;0
2214;7;622011890;2214;262;3133;3133;7.59;0.46;241.88;3.70;919;7;1056.00;0
2221;7;622011904;2221;261;3133;3133;7.57;0.46;242.40;3.70;912;7;1057.00;0
2224;7;622011917;2224;258;3133;3133;7.64;0.47;242.43;3.70;909;7;1058.00;0
2230;7;622011929;2230;256;3134;3134;7.65;0.47;242.77;3.70;904;7;1059.00;0
2234;7;622011942;2234;256;3135;3135;7.59;0.46;243.04;3.70;901;7;1060.00;0
2235;7;622011954;2235;251;3135;3135;7.58;0.46;242.96;3.70;900;7;1061.00;0
2238;7;622011965;2238;261;3137;3138;7.51;0.46;243.16;3.69;899;7;1062.00;1
2242;7;622011979;2242;266;3137;3138;7.46;0.46;243.25;3.69;895;7;1063.00;1
2243;7;622011991;2243;269;3138;3138;7.43;0.46;243.47;3.69;895;7;1064.00;0
2245;7;622012005;2245;274;3138;3138;7.37;0.45;243.85;3.69;893;7;1065.00;0
2249;7;622012017;2249;281;3144;3144;7.31;0.45;244.00;3.69;895;7;1066.00;0
2251;7;622012031;2251;280;3144;3144;7.26;0.44;244.12;3.69;893;7;1067.00;0
2255;7;622012043;2255;278;3144;3144;7.19;0.44;244.75;3.69;889;7;1068.00;0
2257;7;622012062;2257;287;3144;3144;7.13;0.44;244.93;3.69;887;7;1069.00;0
2263;7;622012073;2263;290;3148;3148;7.00;0.43;245.18;3.69;885;7;1070.00;0
2268;7;622012085;2268;295;3149;3149;6.92;0.42;245.38;3.68;881;7;1071.00;0
2273;7;622012097;2273;293;3149;3149;6.92;0.42;245.54;3.68;876;7;1072.00;0
2273;7;622012110;2273;292;3150;3150;6.97;0.43;245.54;3.68;877;7;1073.00;0
2277;7;622012122;2277;298;3150;3150;6.97;0.43;245.97;3.68;873;7;1074.00;0
2279;7;622012133;2279;310;3150;3150;6.96;0.42;245.99;3.68;871;7;1075.00;0
2282;7;622012144;2282;298;3150;3150;6.98;0.43;246.06;3.68;868;7;1076.00;0
2285;7;622012155;2285;292;3150;3150;6.98;0.43;246.32;3.68;865;7;1077.00;0
2289;7;622012167;2289;288;3150;3150;7.00;0.43;246.26;3.68;861;7;1078.00;0
2294;7;622012177;2294;286;3150;3150;6.99;0.43;246.68;3.68;856;7;1079.00;0
2295;7;622012197;2295;311;3230;3275;7.09;0.44;246.82;3.59;935;7;1080.00;45
2299;7;622012219;2299;306;3233;3276;7.13;0.44;246.86;3.59;934;7;1081.00;43
2301;7;622012231;2301;298;3241;3276;7.18;0.44;247.01;3.59;940;7;1082.00;35
2306;7;622012243;2306;302;3243;3276;7.15;0.44;247.46;3.59;937;7;1083.00;33
2307;7;622012256;2307;302;3247;3276;7.22;0.44;247.61;3.59;940;7;1084.00;29
2308;7;622012268;2308;300;3249;3276;7.26;0.45;247.66;3.59;941;7;1085.00;27
2310;7;622012279;2310;306;3252;3276;7.30;0.45;247.85;3.59;942;7;1086.00;24
2311;7;622012291;2311;308;3256;3276;7.33;0.45;248.02;3.59;945;7;1087.00;20
2313;7;622012302;2313;309;3258;3277;7.27;0.45;248.20;3.60;945;7;1088.00;19
2316;7;622012314;2316;306;3262;3278;7.26;0.45;248.22;3.60;946;7;1089.00;16
2318;7;622012326;2318;307;3266;3278;7.22;0.44;248.50;3.61;948;7;1090.00;12
2321;7;622012338;2321;317;3274;3282;7.14;0.44;248.85;3.61;953;7;1091.00;8
2325;7;622012351;2325;319;3276;3282;7.09;0.44;249.26;3.62;951;7;1092.00;6
2328;7;622012362;2328;325;3279;3282;7.06;0.43;249.30;3.63;951;7;1093.00;3
2334;7;622012375;2334;326;3279;3282;7.03;0.43;249.63;3.63;945;7;1094.00;3
2336;7;622012387;2336;323;3285;3288;7.00;0.43;249.76;3.62;949;7;1095.00;3
2339;7;622012399;2339;325;3285;3288;7.01;0.43;249.66;3.62;946;7;1096.00;3
2341;7;622012411;2341;321;3286;3288;6.97;0.43;249.65;3.63;945;7;1097.00;2
2342;7;622012422;2342;318;3288;3291;6.96;0.43;249.67;3.63;946;7;1098.00;3
2343;7;622012434;2343;317;3289;3291;6.93;0.42;249.71;3.63;946;7;1099.00;2
2346;7;622012446;2346;317;3290;3291;6.91;0.42;249.56;3.63;944;7;1100.00;1
2347;7;622012469;2347;321;3291;3292;6.91;0.42;249.59;3.63;944;7;1101.00;1
2350;7;622012481;2350;328;3293;3293;6.92;0.42;249.41;3.63;943;7;1102.00;0
2352;7;622012494;2352;331;3293;3293;6.97;0.43;249.34;3.63;941;7;1103.00;0
2353;7;622012505;2353;337;3305;3306;6.96;0.43;249.39;3.62;952;7;1104.00;1
2354;7;622012518;2354;340;3305;3306;6.96;0.43;249.45;3.62;951;7;1105.00;1
2355;7;622012529;2355;343;3305;3306;6.95;0.42;249.48;3.62;950;7;1106.00;1
2358;7;622012540;2358;345;3306;3307;6.94;0.42;249.34;3.62;948;7;1107.00;1
2358;7;622012551;2358;349;3306;3307;6.99;0.43;249.34;3.62;948;7;1108.00;1
2360;7;622012562;2360;344;3310;3311;7.03;0.43;249.27;3.61;950;7;1109.00;1
2364;7;622012575;2364;338;3310;3311;7.02;0.43;248.92;3.61;946;7;1110.00;1
2367;7;622012587;2367;339;3313;3315;7.03;0.43;249.04;3.61;946;7;1111.00;2
2369;7;622012609;2369;337;3313;3315;7.00;0.43;248.90;3.61;944;7;1112.00;2
2372;7;622012622;2372;332;3313;3315;7.01;0.43;248.87;3.61;941;7;1113.00;2
2372;7;622012633;2372;326;3313;3315;7.07;0.43;248.87;3.61;941;7;1114.00;2
2375;7;622012644;2375;323;3313;3315;7.06;0.43;248.99;3.61;938;7;1115.00;2
2376;7;622012655;2376;320;3322;3327;7.05;0.43;249.05;3.60;946;7;1116.00;5
2380;7;622012666;2380;319;3322;3327;6.96;0.42;249.03;3.60;942;7;1117.00;5
2382;7;622012677;2382;316;3324;3327;6.91;0.42;249.13;3.60;942;7;1118.00;3
2383;7;622012688;2383;318;3324;3327;6.95;0.42;249.16;3.60;941;7;1119.00;3
2387;7;622012698;2387;311;3324;3327;6.94;0.42;249.16;3.60;937;7;1120.00;3
2391;7;622012710;2391;305;3324;3327;6.89;0.42;249.40;3.60;933;7;1121.00;3
2392;7;622012720;2392;297;3324;3328;6.88;0.42;249.40;3.60;932;7;1122.00;4
2393;7;622012730;2393;293;3324;3328;6.85;0.42;249.47;3.60;931;7;1123.00;4
2396;7;622012740;2396;292;3329;3334;6.79;0.41;249.45;3.60;933;7;1124.00;5
2398;7;622012750;2398;290;3333;3336;6.74;0.41;249.52;3.60;935;7;1125.00;3
2400;7;622012762;2400;288;3333;3336;6.72;0.41;249.53;3.60;933;7;1126.00;3
2402;7;622012772;2402;287;3333;3336;6.72;0.41;249.64;3.60;931;7;1127.00;3
2405;7;622012782;2405;286;3336;3340;6.74;0.41;249.47;3.60;931;7;1128.00;4
2408;7;622012792;2408;293;3336;3340;6.75;0.41;249.65;3.60;928;7;1129.00;4
2411;7;622012802;2411;290;3336;3340;6.66;0.40;249.48;3.60;925;7;1130.00;4
2412;7;622012812;2412;276;3337;3341;6.64;0.40;249.43;3.60;925;7;1131.00;4
2413;7;622012822;2413;262;3340;3345;6.65;0.40;249.43;3.60;927;7;1132.00;5
2414;7;622012833;2414;255;3340;3345;6.71;0.41;249.33;3.60;926;7;1133.00;5
2416;7;622012843;2416;254;3342;3348;6.75;0.41;249.27;3.59;926;7;1134.00;6
2419;7;622012854;2419;251;3343;3348;6.85;0.41;249.19;3.59;924;7;1135.00;5
2419;7;622012865;2419;244;3343;3348;6.90;0.42;249.19;3.59;924;7;1136.00;5
2421;7;622012875;2421;243;3343;3348;6.94;0.42;249.10;3.59;922;7;1137.00;5
2421;7;622012890;2421;235;3347;3352;7.12;0.43;249.10;3.59;926;7;1138.00;5
2421;7;622012901;2421;231;3347;3352;7.19;0.44;249.10;3.59;926;7;1139.00;5
2421;7;622012912;2421;232;3347;3352;7.32;0.44;249.10;3.59;926;7;1140.00;5
2421;7;622012923;2421;232;3347;3352;7.41;0.45;249.10;3.59;926;7;1141.00;5
2421;7;622012934;2421;228;3347;3353;7.46;0.45;249.10;3.59;926;7;1142.00;6
2422;7;622012944;2422;230;3348;3354;7.57;0.46;249.07;3.59;926;7;1143.00;6
2422;7;622012955;2422;226;3348;3354;7.61;0.46;249.07;3.59;926;7;1144.00;6
2424;7;622012965;2424;226;3349;3355;7.61;0.46;249.01;3.59;925;7;1145.00;6
2424;7;622012981;2424;230;3349;3355;7.65;0.47;249.01;3.59;925;7;1146.00;6
2427;7;622012991;2427;228;3349;3355;7.63;0.47;249.02;3.59;922;7;1147.00;6
2429;7;622013001;2429;221;3349;3355;7.69;0.47;248.90;3.59;920;7;1148.00;6
2430;7;622013012;2430;220;3350;3355;7.71;0.47;248.98;3.60;920;7;1149.00;5
2431;7;622013022;2431;225;3351;3355;7.72;0.47;248.96;3.60;920;7;1150.00;4
2433;7;622013031;2433;224;3351;3355;7.63;0.46;249.04;3.60;918;7;1151.00;4
2435;7;622013041;2435;246;3418;3482;7.79;0.48;249.07;3.54;983;7;1152.00;64
2438;7;622013061;2438;241;3423;3483;7.73;0.48;249.12;3.54;985;7;1153.00;60
2440;7;622013071;2440;236;3432;3483;7.74;0.48;249.20;3.54;992;7;1154.00;51
2441;7;622013082;2441;240;3438;3483;7.70;0.48;249.25;3.54;997;7;1155.00;45
2443;7;622013093;2443;237;3446;3483;7.74;0.48;249.40;3.55;1003;7;1156.00;37
2445;7;622013103;2445;240;3449;3483;7.70;0.48;249.29;3.55;1004;7;1157.00;34
2447;7;622013119;2447;248;3453;3483;7.65;0.47;249.23;3.56;1006;7;1158.00;30
2451;7;622013129;2451;238;3457;3483;7.62;0.47;249.41;3.56;1006;7;1159.00;26
2452;7;622013140;2452;241;3460;3484;7.55;0.46;249.36;3.56;1008;7;1160.00;24
2455;7;622013151;2455;239;3464;3485;7.55;0.46;249.28;3.57;1009;7;1161.00;21
2456;7;622013161;2456;244;3468;3485;7.58;0.47;249.32;3.58;1012;7;1162.00;17
2458;7;622013172;2458;249;3471;3486;7.54;0.46;249.36;3.58;1013;7;1163.00;15
2462;7;622013183;2462;246;3475;3486;7.48;0.46;249.22;3.59;1013;7;1164.00;11
2465;7;622013194;2465;248;3477;3486;7.38;0.45;249.23;3.60;1012;7;1165.00;9
2466;7;622013205;2466;259;3479;3486;7.28;0.45;249.31;3.60;1013;7;1166.00;7
2469;7;622013215;2469;260;3483;3490;7.15;0.44;249.17;3.60;1014;7;1167.00;7
2473;7;622013226;2473;270;3485;3490;7.02;0.43;249.09;3.60;1012;7;1168.00;5
2473;7;622013237;2473;268;3486;3490;6.95;0.43;249.09;3.61;1013;7;1169.00;4
2477;7;622013249;2477;268;3490;3496;6.87;0.42;249.15;3.61;1013;7;1170.00;6
2477;7;622013261;2477;274;3491;3496;6.78;0.42;249.15;3.61;1014;7;1171.00;5
2478;7;622013272;2478;270;3493;3496;6.69;0.41;249.11;3.61;1015;7;1172.00;3
2479;7;622013282;2479;278;3497;3500;6.64;0.41;249.10;3.61;1018;7;1173.00;3
2483;7;622013294;2483;284;3500;3501;6.60;0.41;249.32;3.62;1017;7;1174.00;1
2485;7;622013305;2485;287;3500;3501;6.60;0.41;249.23;3.62;1015;7;1175.00;1
2487;7;622013316;2487;297;3505;3505;6.65;0.41;249.27;3.61;1018;7;1176.00;0
2491;7;622013327;2491;295;3505;3505;6.67;0.41;249.30;3.61;1014;7;1177.00;0
2494;7;622013338;2494;295;3505;3505;6.74;0.41;249.18;3.61;1011;7;1178.00;0
2499;7;622013349;2499;288;3506;3506;6.77;0.41;249.18;3.61;1007;7;1179.00;0
2499;7;622013361;2499;278;3506;3506;6.77;0.41;249.18;3.61;1007;7;1180.00;0
2500;7;622013377;2500;282;3512;3512;6.77;0.41;249.25;3.61;1012;7;1181.00;0
2502;7;622013395;2502;283;3512;3512;6.70;0.41;249.27;3.61;1010;7;1182.00;0
2504;7;622013407;2504;285;3513;3513;6.61;0.40;249.28;3.61;1009;7;1183.00;0
2506;7;622013418;2506;290;3513;3513;6.55;0.40;249.31;3.61;1007;7;1184.00;0
2510;7;622013429;2510;296;3513;3513;6.49;0.40;249.30;3.61;1003;7;1185.00;0
2516;7;622013440;2516;303;3513;3513;6.44;0.39;249.54;3.61;997;7;1186.00;0
2519;7;622013452;2519;301;3513;3513;6.44;0.39;249.81;3.61;994;7;1187.00;0
2524;7;622013462;2524;298;3525;3525;6.39;0.39;249.86;3.60;1001;7;1188.00;0
2529;7;622013474;2529;307;3525;3525;6.34;0.39;250.10;3.60;996;7;1189.00;0
2532;7;622013485;2532;284;3525;3525;6.36;0.39;250.27;3.60;993;7;1190.00;0
2535;7;622013496;2535;281;3525;3525;6.40;0.39;250.50;3.60;990;7;1191.00;0
2537;7;622013507;2537;276;3525;3525;6.44;0.39;250.65;3.60;988;7;1192.00;0
2539;7;622013523;2539;271;3525;3525;6.49;0.40;250.79;3.60;986;7;1193.00;0
2544;7;622013534;2544;269;3529;3529;6.51;0.40;251.01;3.59;985;7;1194.00;0
2547;7;622013545;2547;265;3529;3529;6.55;0.40;251.19;3.59;982;7;1195.00;0
2550;7;622013556;2550;269;3533;3533;6.63;0.41;251.21;3.59;983;7;1196.00;0
2555;7;622013567;2555;263;3534;3534;6.73;0.41;251.44;3.59;979;7;1197.00;0
2558;7;622013579;2558;262;3534;3534;6.78;0.41;251.40;3.59;976;7;1198.00;0
2562;7;622013590;2562;259;3534;3534;6.78;0.41;251.58;3.59;972;7;1199.00;0
2565;7;622013604;2565;256;3559;3575;6.73;0.41;251.74;3.56;994;7;1200.00;16
2569;7;622013624;2569;256;3560;3575;6.66;0.41;252.03;3.56;991;7;1201.00;15
2575;7;622013636;2575;258;3562;3575;6.64;0.41;252.37;3.56;987;7;1202.00;13
2578;7;622013648;2578;264;3564;3576;6.65;0.41;252.39;3.56;986;7;1203.00;12
2582;7;622013659;2582;268;3567;3577;6.66;0.41;252.68;3.56;985;7;1204.00;10
2583;7;622013671;2583;273;3568;3577;6.68;0.41;252.74;3.56;985;7;1205.00;9
2587;7;622013682;2587;272;3571;3580;6.71;0.41;252.93;3.56;984;7;1206.00;9
2591;7;622013694;2591;267;3572;3580;6.71;0.41;252.93;3.56;981;7;1207.00;8
2594;7;622013705;2594;265;3574;3580;6.71;0.41;253.14;3.56;980;7;1208.00;6
2602;7;622013723;2602;269;3575;3580;6.62;0.41;253.40;3.56;973;7;1209.00;5
2604;7;622013743;2604;273;3581;3586;6.61;0.41;253.50;3.56;977;7;1210.00;5
2608;7;622013761;2608;277;3582;3586;6.58;0.40;253.58;3.56;974;7;1211.00;4
2612;7;622013779;2612;282;3582;3586;6.55;0.40;253.80;3.56;970;7;1212.00;4
2616;7;622013796;2616;288;3582;3586;6.60;0.40;253.93;3.56;966;7;1213.00;4
2623;7;622013815;2623;289;3586;3590;6.59;0.40;254.23;3.56;963;7;1214.00;4
2624;7;622013834;2624;287;3588;3592;6.63;0.41;254.19;3.56;964;7;1215.00;4
2628;7;622013848;2628;296;3588;3592;6.65;0.41;254.44;3.56;960;7;1216.00;4
2634;7;622013862;2634;299;3590;3593;6.67;0.41;254.62;3.56;956;7;1217.00;3
2637;7;622013877;2637;292;3590;3593;6.65;0.41;255.00;3.56;953;7;1218.00;3
2641;7;622013889;2641;294;3590;3593;6.67;0.41;255.19;3.56;949;7;1219.00;3
2647;7;622013902;2647;297;3590;3593;6.61;0.40;255.35;3.56;943;7;1220.00;3
2656;7;622013915;2656;301;3590;3593;6.54;0.40;255.85;3.56;934;7;1221.00;3
2660;7;622013928;2660;307;3590;3593;6.46;0.39;255.93;3.56;930;7;1222.00;3
2664;7;622013941;2664;312;3591;3593;6.42;0.39;256.20;3.56;927;7;1223.00;2
2666;7;622013954;2666;324;3633;3663;6.44;0.39;256.28;3.52;967;7;1224.00;30
2670;7;622013976;2670;318;3634;3664;6.40;0.39;256.53;3.52;964;7;1225.00;30
2673;7;622013991;2673;321;3640;3664;6.48;0.40;256.63;3.52;967;7;1226.00;24
2677;7;622014005;2677;325;3640;3664;6.47;0.40;256.88;3.52;963;7;1227.00;24
2682;7;622014019;2682;328;3644;3666;6.47;0.40;257.22;3.52;962;7;1228.00;22
2688;7;622014033;2688;328;3646;3666;6.47;0.40;257.77;3.53;958;7;1229.00;20
2688;7;622014048;2688;332;3649;3666;6.51;0.40;257.77;3.53;961;7;1230.00;17
2693;7;622014061;2693;335;3652;3666;6.51;0.40;257.98;3.53;959;7;1231.00;14
2696;7;622014074;2696;336;3655;3667;6.46;0.39;258.22;3.54;959;7;1232.00;12
2699;7;622014087;2699;348;3657;3668;6.40;0.39;258.27;3.54;958;7;1233.00;11
2703;7;622014100;2703;360;3661;3668;6.35;0.39;258.54;3.54;958;7;1234.00;7
2704;7;622014113;2704;376;3667;3672;6.37;0.39;258.63;3.55;963;7;1235.00;5
2707;7;622014126;2707;382;3669;3672;6.33;0.39;258.87;3.56;962;7;1236.00;3
2711;7;622014140;2711;382;3670;3672;6.30;0.39;259.05;3.56;959;7;1237.00;2
2716;7;622014153;2716;385;3670;3672;6.24;0.38;259.44;3.56;954;7;1238.00;2
2719;7;622014167;2719;386;3677;3678;6.21;0.38;259.67;3.55;958;7;1239.00;1
2721;7;622014181;2721;389;3678;3678;6.21;0.38;259.70;3.56;957;7;1240.00;0
2723;7;622014195;2723;385;3678;3678;6.21;0.38;259.71;3.56;955;7;1241.00;0
2727;7;622014208;2727;385;3680;3681;6.26;0.38;259.96;3.56;953;7;1242.00;1
2728;7;622014222;2728;388;3680;3681;6.30;0.38;260.06;3.56;952;7;1243.00;1
2730;7;622014234;2730;389;3681;3681;6.28;0.38;260.04;3.56;951;7;1244.00;0
2736;7;622014250;2736;390;3682;3682;6.21;0.38;260.36;3.55;946;7;1245.00;0
2738;7;622014270;2738;381;3683;3683;6.25;0.38;260.60;3.55;945;7;1246.00;0
2739;7;622014282;2739;373;3683;3683;6.29;0.38;260.62;3.55;944;7;1247.00;0
2740;7;622014295;2740;368;3696;3696;6.42;0.39;260.58;3.54;956;7;1248.00;0
2743;7;622014308;2743;360;3696;3696;6.42;0.39;260.55;3.54;953;7;1249.00;0
2745;7;622014322;2745;359;3696;3696;6.43;0.39;260.52;3.54;951;7;1250.00;0
2748;7;622014334;2748;358;3697;3697;6.43;0.39;260.46;3.54;949;7;1251.00;0
2753;7;622014347;2753;352;3697;3697;6.43;0.39;260.39;3.54;944;7;1252.00;0
2753;7;622014360;2753;350;3701;3701;6.50;0.40;260.39;3.54;948;7;1253.00;0
2758;7;622014372;2758;355;3701;3701;6.48;0.40;260.23;3.54;943;7;1254.00;0
2759;7;622014385;2759;361;3705;3705;6.50;0.40;260.32;3.53;946;7;1255.00;0
2762;7;622014398;2762;363;3705;3705;6.50;0.40;260.33;3.53;943;7;1256.00;0
2763;7;622014411;2763;358;3705;3705;6.50;0.40;260.42;3.53;942;7;1257.00;0
2768;7;622014423;2768;357;3705;3705;6.46;0.39;260.28;3.53;937;7;1258.00;0
2770;7;622014435;2770;352;3705;3705;6.47;0.39;260.30;3.53;935;7;1259.00;0
2772;7;622014449;2772;361;3736;3739;6.51;0.40;260.28;3.51;964;7;1260.00;3
2773;7;622014465;2773;359;3736;3739;6.58;0.40;260.25;3.51;963;7;1261.00;3
2774;7;622014476;2774;357;3738;3739;6.65;0.41;260.30;3.50;964;7;1262.00;1
2776;7;622014487;2776;357;3738;3739;6.67;0.41;260.21;3.50;962;7;1263.00;1
2778;7;622014498;2778;356;3739;3739;6.68;0.41;260.16;3.50;961;7;1264.00;0
2780;7;622014509;2780;365;3739;3739;6.65;0.41;260.08;3.50;959;7;1265.00;0
2781;7;622014520;2781;364;3740;3740;6.59;0.40;260.11;3.50;959;7;1266.00;0
2783;7;622014531;2783;373;3740;3740;6.54;0.40;260.02;3.50;957;7;1267.00;0
2784;7;622014543;2784;377;3745;3746;6.51;0.40;259.95;3.50;961;7;1268.00;1
2786;7;622014554;2786;372;3746;3747;6.54;0.40;259.89;3.50;960;7;1269.00;1
2792;7;622014566;2792;369;3746;3747;6.45;0.39;259.90;3.50;954;7;1270.00;1
2795;7;622014584;2795;364;3746;3747;6.39;0.39;259.97;3.50;951;7;1271.00;1
2796;7;622014596;2796;367;3749;3751;6.36;0.39;259.89;3.50;953;7;1272.00;2
2797;7;622014608;2797;366;3749;3751;6.32;0.38;259.92;3.50;952;7;1273.00;2
2797;7;622014619;2797;370;3749;3751;6.22;0.38;259.92;3.50;952;7;1274.00;2
2798;7;622014629;2798;376;3750;3752;6.21;0.38;259.96;3.50;952;7;1275.00;2
2801;7;622014641;2801;378;3753;3756;6.20;0.38;260.03;3.49;952;7;1276.00;3
2802;7;622014651;2802;378;3753;3756;6.15;0.37;260.05;3.49;951;7;1277.00;3
2803;7;622014662;2803;382;3755;3759;6.12;0.37;260.01;3.49;952;7;1278.00;4
2805;7;622014673;2805;386;3755;3759;6.06;0.37;259.98;3.49;950;7;1279.00;4
2806;7;622014684;2806;386;3756;3759;6.05;0.37;260.00;3.49;950;7;1280.00;3
2809;7;622014703;2809;381;3756;3759;5.98;0.36;260.14;3.49;947;7;1281.00;3
2809;7;622014716;2809;376;3760;3763;6.00;0.36;260.14;3.49;951;7;1282.00;3
2810;7;622014728;2810;361;3760;3763;6.05;0.37;260.22;3.49;950;7;1283.00;3
2813;7;622014739;2813;338;3760;3763;6.13;0.37;260.31;3.49;947;7;1284.00;3
2814;7;622014751;2814;324;3760;3763;6.19;0.37;260.33;3.49;946;7;1285.00;3
2817;7;622014762;2817;315;3760;3764;6.25;0.38;260.38;3.49;943;7;1286.00;4
2818;7;622014773;2818;303;3761;3765;6.33;0.38;260.38;3.49;943;7;1287.00;4
2818;7;622014784;2818;294;3761;3765;6.41;0.39;260.38;3.49;943;7;1288.00;4
2820;7;622014795;2820;285;3762;3766;6.43;0.39;260.40;3.49;942;7;1289.00;4
2824;7;622014817;2824;277;3762;3766;6.40;0.39;260.57;3.49;938;7;1290.00;4
2824;7;622014828;2824;274;3762;3766;6.47;0.39;260.57;3.49;938;7;1291.00;4
2825;7;622014838;2825;265;3762;3766;6.52;0.39;260.57;3.49;937;7;1292.00;4
2825;7;622014849;2825;258;3762;3766;6.59;0.40;260.57;3.49;937;7;1293.00;4
2828;7;622014859;2828;245;3763;3766;6.69;0.40;260.60;3.49;935;7;1294.00;3
2831;7;622014869;2831;238;3764;3766;6.74;0.41;260.57;3.50;933;7;1295.00;2
2832;7;622014880;2832;248;3829;3893;6.94;0.43;260.49;3.44;997;7;1296.00;64
2833;7;622014900;2833;239;3829;3894;7.01;0.43;260.50;3.44;996;7;1297.00;65
2836;7;622014917;2836;227;3836;3894;7.15;0.44;260.59;3.44;1000;7;1298.00;58
2839;7;622014928;2839;216;3839;3894;7.23;0.44;260.65;3.44;1000;7;1299.00;55
2839;7;622014940;2839;208;3844;3894;7.37;0.45;260.65;3.44;1005;7;1300.00;50
2839;7;622014956;2839;203;3846;3894;7.52;0.46;260.65;3.44;1007;7;1301.00;48
2841;7;622014967;2841;195;3850;3894;7.59;0.46;260.84;3.44;1009;7;1302.00;44
2842;7;622014979;2842;197;3853;3894;7.66;0.47;260.90;3.44;1011;7;1303.00;41
2843;7;622014990;2843;188;3855;3895;7.70;0.47;260.84;3.45;1012;7;1304.00;40
2846;7;622015001;2846;191;3860;3897;7.79;0.47;260.75;3.45;1014;7;1305.00;37
2848;7;622015013;2848;189;3863;3897;7.81;0.48;260.79;3.46;1015;7;1306.00;34
2851;7;622015025;2851;183;3866;3898;7.89;0.48;260.95;3.46;1015;7;1307.00;32
2853;7;622015037;2853;186;3867;3898;7.90;0.48;260.83;3.46;1014;7;1308.00;31
2853;7;622015048;2853;184;3870;3898;7.91;0.48;260.83;3.47;1017;7;1309.00;28
2857;7;622015060;2857;184;3872;3898;7.84;0.48;260.96;3.48;1015;7;1310.00;26
2861;7;622015071;2861;188;3876;3902;7.81;0.48;260.98;3.48;1015;7;1311.00;26
2863;7;622015083;2863;188;3880;3902;7.84;0.48;260.94;3.49;1017;7;1312.00;22
2866;7;622015095;2866;191;3883;3902;7.74;0.47;261.08;3.50;1017;7;1313.00;19
2870;7;622015107;2870;194;3886;3905;7.66;0.47;261.34;3.50;1016;7;1314.00;19
2871;7;622015119;2871;201;3890;3905;7.64;0.46;261.40;3.51;1019;7;1315.00;15
2874;7;622015131;2874;207;3892;3905;7.59;0.46;261.59;3.52;1018;7;1316.00;13
2876;7;622015142;2876;211;3896;3909;7.51;0.46;261.75;3.53;1020;7;1317.00;13
2878;7;622015154;2878;213;3898;3910;7.52;0.46;261.93;3.53;1020;7;1318.00;12
2882;7;622015166;2882;222;3898;3910;7.58;0.46;261.90;3.53;1016;7;1319.00;12
2885;7;622015181;2885;227;3903;3915;7.60;0.46;262.31;3.54;1018;7;1320.00;12
2887;7;622015193;2887;231;3904;3915;7.58;0.46;262.35;3.54;1017;7;1321.00;11
2890;7;622015214;2890;231;3906;3915;7.54;0.46;262.66;3.55;1016;7;1322.00;9
2891;7;622015227;2891;236;3907;3916;7.53;0.46;262.70;3.55;1016;7;1323.00;9
2894;7;622015239;2894;242;3907;3916;7.49;0.46;262.62;3.55;1013;7;1324.00;9
2898;7;622015251;2898;245;3914;3922;7.51;0.46;262.66;3.55;1016;7;1325.00;8
2899;7;622015265;2899;248;3914;3922;7.52;0.46;262.65;3.55;1015;7;1326.00;8
2899;7;622015277;2899;243;3914;3923;7.53;0.46;262.65;3.55;1015;7;1327.00;9
2903;7;622015289;2903;239;3915;3923;7.48;0.45;263.02;3.56;1012;7;1328.00;8
2903;7;622015300;2903;244;3917;3923;7.41;0.45;263.02;3.57;1014;7;1329.00;6
2904;7;622015312;2904;247;3917;3923;7.36;0.45;263.03;3.57;1013;7;1330.00;6
2905;7;622015323;2905;255;3918;3923;7.34;0.45;263.05;3.58;1013;7;1331.00;5
2907;7;622015335;2907;266;3929;3935;7.32;0.44;263.09;3.58;1022;7;1332.00;6
2910;7;622015347;2910;261;3931;3935;7.28;0.44;263.22;3.59;1021;7;1333.00;4
2910;7;622015359;2910;267;3934;3935;7.17;0.44;263.22;3.59;1024;7;1334.00;1
2912;7;622015370;2912;276;3935;3935;7.05;0.43;263.26;3.59;1023;7;1335.00;0
2914;7;622015382;2914;272;3935;3935;6.96;0.42;263.33;3.59;1021;7;1336.00;0
2914;7;622015393;2914;275;3935;3935;6.90;0.42;263.33;3.59;1021;7;1337.00;0
2917;7;622015404;2917;284;3939;3939;6.80;0.42;263.37;3.59;1022;7;1338.00;0
2919;8;622015416;2919;288;3939;3939;6.80;0.42;263.36;3.59;1020;8;1339.00;0
2922;8;622015434;2922;285;3943;3943;6.83;0.42;263.35;3.59;1021;8;1340.00;0
2924;8;622015450;2924;279;3944;3944;6.80;0.42;263.36;3.59;1020;8;1341.00;0
2926;8;622015462;2926;282;3944;3944;6.79;0.42;263.43;3.59;1018;8;1342.00;0
2930;8;622015474;2930;282;3944;3944;6.77;0.42;263.44;3.59;1014;8;1343.00;0
2931;8;622015485;2931;287;3957;3957;6.76;0.42;263.41;3.58;1026;8;1344.00;0
2934;8;622015497;2934;288;3957;3957;6.77;0.42;263.49;3.58;1023;8;1345.00;0
2938;8;622015509;2938;292;3957;3957;6.76;0.41;263.48;3.58;1019;8;1346.00;0
2941;8;622015520;2941;297;3958;3958;6.82;0.42;263.41;3.57;1017;8;1347.00;0
2945;8;622015531;2945;295;3959;3959;6.87;0.42;263.38;3.57;1014;8;1348.00;0
2948;8;622015542;2948;293;3959;3959;6.90;0.42;263.52;3.57;1011;8;1349.00;0
2951;8;622015555;2951;302;3966;3968;6.99;0.43;263.84;3.57;1015;8;1350.00;2
2954;8;622015567;2954;300;3966;3968;7.03;0.43;263.85;3.57;1012;8;1351.00;2
2957;8;622015578;2957;301;3967;3968;7.02;0.43;263.90;3.57;1010;8;1352.00;1
2961;8;622015590;2961;303;3967;3968;7.04;0.43;263.82;3.57;1006;8;1353.00;1
2965;8;622015601;2965;304;3973;3974;6.99;0.42;263.99;3.56;1008;8;1354.00;1
2966;8;622015612;2966;301;3974;3974;6.95;0.42;264.02;3.56;1008;8;1355.00;0
2969;8;622015623;2969;302;3974;3974;6.91;0.42;264.14;3.56;1005;8;1356.00;0
2974;8;622015634;2974;309;3974;3974;6.83;0.41;263.96;3.56;1000;8;1357.00;0
2980;8;622015644;2980;315;3978;3978;6.69;0.41;264.04;3.56;998;8;1358.00;0
2982;8;622015655;2982;314;3979;3979;6.63;0.40;264.07;3.56;997;8;1359.00;0
2984;8;622015666;2984;299;3979;3979;6.62;0.40;264.11;3.56;995;8;1360.00;0
2986;8;622015677;2986;298;3980;3980;6.64;0.40;264.12;3.56;994;8;1361.00;0
2989;8;622015688;2989;294;3980;3980;6.67;0.41;264.17;3.56;991;8;1362.00;0
2995;8;622015703;2995;286;3980;3980;6.67;0.40;264.30;3.56;985;8;1363.00;0
2997;8;622015720;2997;286;3980;3980;6.74;0.41;264.43;3.56;983;8;1364.00;0
2999;8;622015736;2999;280;3980;3980;6.76;0.41;264.57;3.56;981;8;1365.00;0
3005;8;622015753;3005;280;3980;3980;6.75;0.41;264.53;3.56;975;8;1366.00;0
3009;8;622015771;3009;268;3980;3980;6.69;0.41;264.51;3.56;971;8;1367.00;0
3015;8;622015788;3015;269;4019;4050;6.77;0.41;264.65;3.53;1004;8;1368.00;31
3018;8;622015813;3018;268;4023;4051;6.73;0.41;264.84;3.52;1005;8;1369.00;28
3021;8;622015828;3021;268;4030;4051;6.71;0.41;265.01;3.52;1009;8;1370.00;21
3022;8;622015840;3022;262;4032;4051;6.77;0.41;265.11;3.52;1010;8;1371.00;19
3027;8;622015853;3027;267;4035;4051;6.69;0.41;265.42;3.52;1008;8;1372.00;16
3029;8;622015866;3029;273;4036;4051;6.66;0.41;265.58;3.52;1007;8;1373.00;15
3032;8;622015878;3032;283;4039;4051;6.63;0.40;265.74;3.52;1007;8;1374.00;12
3035;8;622015891;3035;286;4041;4051;6.62;0.40;265.86;3.52;1006;8;1375.00;10
3036;8;622015903;3036;304;4043;4052;6.59;0.40;265.92;3.53;1007;8;1376.00;9
3038;8;622015915;3038;298;4046;4053;6.52;0.40;265.92;3.53;1008;8;1377.00;7
3042;8;622015927;3042;314;4048;4053;6.46;0.39;265.93;3.53;1006;8;1378.00;5
3048;8;622015939;3048;319;4052;4057;6.37;0.39;266.12;3.53;1004;8;1379.00;5
3051;8;622015953;3051;325;4052;4057;6.38;0.39;266.02;3.53;1001;8;1380.00;5
3053;8;622015964;3053;332;4053;4057;6.39;0.39;266.15;3.53;1000;8;1381.00;4
3057;8;622015977;3057;332;4053;4057;6.35;0.39;266.27;3.53;996;8;1382.00;4
3060;8;622015989;3060;338;4059;4063;6.32;0.39;266.42;3.53;999;8;1383.00;4
3064;8;622016002;3064;342;4060;4063;6.22;0.38;266.60;3.53;996;8;1384.00;3
3068;8;622016020;3068;347;4060;4063;6.16;0.38;266.70;3.53;992;8;1385.00;3
3071;8;622016032;3071;344;4062;4066;6.16;0.38;266.79;3.53;991;8;1386.00;4
3076;8;622016044;3076;346;4062;4066;6.12;0.37;267.01;3.53;986;8;1387.00;4
3079;8;622016056;3079;348;4063;4066;6.09;0.37;267.26;3.53;984;8;1388.00;3
3081;8;622016068;3081;354;4066;4067;6.08;0.37;267.39;3.54;985;8;1389.00;1
3084;8;622016079;3084;355;4067;4068;6.14;0.38;267.55;3.54;983;8;1390.00;1
3087;8;622016092;3087;362;4067;4068;6.08;0.37;267.77;3.54;980;8;1391.00;1
3090;8;622016104;3090;367;4079;4081;6.21;0.38;267.72;3.53;989;8;1392.00;2
3096;8;622016116;3096;365;4081;4081;6.21;0.38;268.00;3.53;985;8;1393.00;0
3101;8;622016128;3101;374;4081;4081;6.22;0.38;268.11;3.53;980;8;1394.00;0
3104;8;622016141;3104;372;4083;4083;6.26;0.38;268.28;3.53;979;8;1395.00;0
3110;8;622016152;3110;377;4083;4083;6.20;0.38;268.42;3.53;973;8;1396.00;0
3113;8;622016164;3113;380;4087;4087;6.19;0.38;268.47;3.52;974;8;1397.00;0
3119;8;622016176;3119;386;4087;4087;6.07;0.37;268.80;3.52;968;8;1398.00;0
3122;8;622016188;3122;392;4091;4091;6.02;0.37;268.90;3.52;969;8;1399.00;0
3127;8;622016200;3127;391;4091;4091;5.97;0.37;269.29;3.52;964;8;1400.00;0
3130;8;622016220;3130;399;4091;4091;5.90;0.36;269.44;3.52;961;8;1401.00;0
3134;8;622016231;3134;405;4091;4091;5.86;0.36;269.74;3.52;957;8;1402.00;0
3138;8;622016243;3138;412;4091;4091;5.78;0.36;270.02;3.52;953;8;1403.00;0
3140;8;622016255;3140;418;4102;4103;5.83;0.36;270.18;3.51;962;8;1404.00;1
3145;8;622016267;3145;419;4102;4103;5.73;0.35;270.42;3.51;957;8;1405.00;1
3150;8;622016278;3150;422;4103;4103;5.69;0.35;270.54;3.51;953;8;1406.00;0
3155;8;622016289;3155;411;4103;4103;5.68;0.35;270.67;3.51;948;8;1407.00;0
3157;8;622016300;3157;411;4103;4103;5.70;0.35;270.70;3.51;946;8;1408.00;0
3160;8;622016312;3160;414;4103;4103;5.72;0.35;270.77;3.51;943;8;1409.00;0
3163;8;622016325;3163;406;4104;4104;5.71;0.35;270.87;3.51;941;8;1410.00;0
3168;8;622016337;3168;414;4104;4104;5.68;0.35;271.03;3.51;936;8;1411.00;0
3170;8;622016349;3170;411;4110;4110;5.77;0.35;271.06;3.51;940;8;1412.00;0
3172;8;622016363;3172;409;4111;4111;5.84;0.36;271.11;3.51;939;8;1413.00;0
3173;8;622016377;3173;410;4111;4111;5.88;0.36;271.06;3.51;938;8;1414.00;0
3178;8;622016390;3178;414;4111;4111;5.90;0.36;271.15;3.51;933;8;1415.00;0
3179;8;622016403;3179;400;4115;4115;5.99;0.37;271.09;3.50;936;8;1416.00;0
3183;8;622016417;3183;388;4115;4115;6.04;0.37;271.20;3.50;932;8;1417.00;0
3185;8;622016430;3185;386;4115;4115;6.10;0.37;271.13;3.50;930;8;1418.00;0
3188;8;622016445;3188;385;4116;4116;6.21;0.38;271.16;3.50;928;8;1419.00;0
3188;8;622016457;3188;379;4120;4120;6.33;0.39;271.16;3.50;932;8;1420.00;0
3190;8;622016471;3190;381;4120;4120;6.41;0.39;271.15;3.50;930;8;1421.00;0
3192;8;622016482;3192;382;4122;4123;6.44;0.39;271.09;3.50;930;8;1422.00;1
3194;8;622016495;3194;381;4122;4123;6.49;0.40;271.12;3.50;928;8;1423.00;1
3196;8;622016507;3196;377;4123;4123;6.54;0.40;270.97;3.50;927;8;1424.00;0
3197;8;622016518;3197;385;4123;4123;6.58;0.40;271.02;3.50;926;8;1425.00;0
3198;8;622016529;3198;383;4127;4127;6.64;0.40;271.04;3.50;929;8;1426.00;0
3200;8;622016541;3200;385;4127;4127;6.66;0.40;270.99;3.50;927;8;1427.00;0
3202;8;622016552;3202;385;4127;4127;6.60;0.40;270.92;3.50;925;8;1428.00;0
3205;8;622016564;3205;384;4127;4127;6.59;0.40;270.81;3.50;922;8;1429.00;0
3208;8;622016576;3208;384;4128;4128;6.54;0.40;270.81;3.50;920;8;1430.00;0
3211;8;622016587;3211;384;4129;4129;6.54;0.40;270.89;3.49;918;8;1431.00;0
3212;8;622016598;3212;383;4129;4129;6.52;0.40;270.91;3.49;917;8;1432.00;0
3215;8;622016609;3215;382;4130;4130;6.50;0.39;270.83;3.49;915;8;1433.00;0
3216;8;622016620;3216;388;4130;4130;6.50;0.39;270.90;3.49;914;8;1434.00;0
3216;8;622016631;3216;374;4130;4130;6.47;0.39;270.90;3.49;914;8;1435.00;0
3217;8;622016642;3217;362;4130;4130;6.50;0.40;270.96;3.49;913;8;1436.00;0
3218;8;622016653;3218;353;4130;4130;6.52;0.40;270.96;3.49;912;8;1437.00;0
3222;8;622016664;3222;350;4130;4130;6.53;0.40;271.13;3.49;908;8;1438.00;0
3226;8;622016675;3226;343;4130;4130;6.53;0.40;271.18;3.49;904;8;1439.00;0
3227;8;622016695;3227;395;4253;4360;6.69;0.42;271.17;3.39;1026;8;1440.00;107
3230;8;622016731;3230;380;4256;4361;6.69;0.42;271.01;3.39;1026;8;1441.00;105
3230;8;622016744;3230;360;4265;4361;6.79;0.42;271.01;3.39;1035;8;1442.00;96
3232;8;622016756;3232;358;4274;4361;6.83;0.43;271.06;3.39;1042;8;1443.00;87
3233;8;622016767;3233;349;4282;4361;6.83;0.42;271.08;3.39;1049;8;1444.00;79
3235;8;622016785;3235;355;4287;4361;6.87;0.43;271.06;3.39;1052;8;1445.00;74
3237;8;622016796;3237;354;4294;4361;6.93;0.43;271.04;3.40;1057;8;1446.00;67
3239;8;622016814;3239;357;4300;4361;6.94;0.43;271.24;3.40;1061;8;1447.00;61
3240;8;622016831;3240;365;4305;4362;6.93;0.43;271.29;3.41;1065;8;1448.00;57
3242;8;622016843;3242;362;4308;4363;6.91;0.43;271.40;3.41;1066;8;1449.00;55
3242;8;622016855;3242;363;4315;4363;6.89;0.43;271.40;3.42;1073;8;1450.00;48
3242;8;622016866;3242;356;4317;4364;6.89;0.43;271.40;3.42;1075;8;1451.00;47
3248;8;622016878;3248;356;4322;4364;6.82;0.42;271.48;3.43;1074;8;1452.00;42
3249;8;622016890;3249;355;4322;4364;6.86;0.42;271.49;3.43;1073;8;1453.00;42
3249;8;622016901;3249;351;4324;4364;6.91;0.42;271.49;3.44;1075;8;1454.00;40
3251;8;622016913;3251;347;4326;4368;6.86;0.42;271.59;3.44;1075;8;1455.00;42
3253;8;622016925;3253;344;4327;4368;6.84;0.42;271.69;3.44;1074;8;1456.00;41
3255;8;622016937;3255;350;4327;4368;6.82;0.42;271.87;3.44;1072;8;1457.00;41
3257;8;622016949;3257;346;4329;4371;6.90;0.42;271.92;3.44;1072;8;1458.00;42
3259;8;622016962;3259;343;4329;4371;6.95;0.43;272.05;3.44;1070;8;1459.00;42
3260;8;622016980;3260;345;4331;4371;7.03;0.43;272.06;3.45;1071;8;1460.00;40
3263;8;622016993;3263;341;4335;4375;7.00;0.43;272.09;3.45;1072;8;1461.00;40
3266;8;622017005;3266;331;4336;4376;6.98;0.43;271.97;3.45;1070;8;1462.00;40
3271;8;622017018;3271;333;4340;4376;6.93;0.42;272.31;3.47;1069;8;1463.00;36
3276;8;622017031;3276;329;4342;4380;6.94;0.42;272.47;3.47;1066;8;1464.00;38
3278;8;622017043;3278;330;4345;4380;6.92;0.42;272.63;3.49;1067;8;1465.00;35
3282;8;622017055;3282;325;4347;4380;6.89;0.42;272.74;3.49;1065;8;1466.00;33
3286;8;622017067;3286;331;4347;4381;6.86;0.42;272.83;3.49;1061;8;1467.00;34
3287;8;622017085;3287;319;4348;4381;6.87;0.42;272.89;3.49;1061;8;1468.00;33
3292;8;622017097;3292;314;4353;4387;6.93;0.42;272.94;3.50;1061;8;1469.00;34
3296;8;622017112;3296;314;4353;4387;6.91;0.42;272.90;3.50;1057;8;1470.00;34
3297;8;622017124;3297;305;4353;4388;6.96;0.42;272.89;3.50;1056;8;1471.00;35
3300;8;622017136;3300;305;4354;4388;7.04;0.43;272.75;3.50;1054;8;1472.00;34
3302;8;622017149;3302;301;4354;4388;7.08;0.43;272.88;3.50;1052;8;1473.00;34
3306;8;622017160;3306;302;4355;4388;7.13;0.43;273.01;3.51;1049;8;1474.00;33
3306;8;622017173;3306;301;4355;4388;7.17;0.43;273.01;3.51;1049;8;1475.00;33
3309;8;622017185;3309;301;4366;4400;7.26;0.44;273.07;3.51;1057;8;1476.00;34
3311;8;622017198;3311;299;4367;4400;7.31;0.44;273.12;3.52;1056;8;1477.00;33
3312;8;622017210;3312;298;4368;4400;7.36;0.45;273.13;3.53;1056;8;1478.00;32
3313;8;622017222;3313;296;4370;4400;7.47;0.45;273.15;3.54;1057;8;1479.00;30
3313;8;622017234;3313;293;4372;4400;7.53;0.46;273.15;3.56;1059;8;1480.00;28
3316;8;622017245;3316;290;4373;4400;7.53;0.46;273.28;3.57;1057;8;1481.00;27
3319;8;622017258;3319;287;4376;4404;7.53;0.46;273.33;3.57;1057;8;1482.00;28
3320;8;622017270;3320;287;4381;4404;7.58;0.46;273.37;3.59;1061;8;1483.00;23
3323;8;622017283;3323;285;4386;4408;7.59;0.46;273.46;3.60;1063;8;1484.00;22
3324;8;622017301;3324;290;4388;4410;7.61;0.46;273.45;3.61;1064;8;1485.00;22
3325;8;622017313;3325;293;4390;4410;7.63;0.46;273.45;3.61;1065;8;1486.00;20
3328;8;622017330;3328;295;4391;4410;7.61;0.46;273.55;3.62;1063;8;1487.00;19
3331;8;622017343;3331;301;4402;4423;7.61;0.46;273.48;3.62;1071;8;1488.00;21
3332;8;622017356;3332;301;4403;4423;7.59;0.46;273.45;3.63;1071;8;1489.00;20
3334;8;622017369;3334;304;4403;4423;7.60;0.46;273.43;3.63;1069;8;1490.00;20
3336;8;622017381;3336;311;4406;4424;7.61;0.46;273.58;3.65;1070;8;1491.00;18
3339;8;622017393;3339;319;4408;4425;7.54;0.46;273.52;3.67;1069;8;1492.00;17
3342;8;622017412;3342;320;4410;4425;7.46;0.45;273.68;3.69;1068;8;1493.00;15
3342;8;622017425;3342;315;4415;4428;7.50;0.46;273.68;3.71;1073;8;1494.00;13
3346;8;622017437;3346;319;4416;4428;7.50;0.46;273.95;3.72;1070;8;1495.00;12
3348;8;622017449;3348;325;4419;4428;7.49;0.46;273.85;3.74;1071;9;1496.00;9
3349;8;622017470;3349;323;4419;4428;7.46;0.46;273.82;3.74;1070;9;1497.00;9
3354;8;622017483;3354;326;4426;4434;7.46;0.45;274.05;3.75;1072;9;1498.00;8
3356;8;622017496;3356;318;4428;4434;7.40;0.45;273.92;3.76;1072;9;1499.00;6
3360;8;622017510;3360;329;4434;4453;7.30;0.44;274.01;3.77;1074;9;1500.00;19
3364;8;622017531;3364;327;4435;4453;7.27;0.44;274.19;3.77;1071;9;1501.00;18
3364;8;622017544;3364;324;4440;4457;7.23;0.44;274.19;3.77;1076;10;1502.00;17
3367;8;622017572;3367;325;4442;4458;7.20;0.44;274.35;3.77;1075;10;1503.00;16
3368;8;622017584;3368;325;4442;4458;7.15;0.44;274.41;3.77;1074;10;1504.00;16
3372;8;622017595;3372;322;4445;4459;7.10;0.43;274.43;3.77;1073;10;1505.00;14
3376;8;622017608;3376;321;4447;4459;7.08;0.43;274.53;3.77;1071;10;1506.00;12
3378;8;622017620;3378;327;4448;4459;7.12;0.43;274.64;3.77;1070;10;1507.00;11
3380;8;622017638;3380;330;4449;4459;7.08;0.43;274.96;3.77;1069;10;1508.00;10
3383;8;622017651;3383;327;4449;4459;7.03;0.43;274.89;3.77;1066;10;1509.00;10
3386;8;622017663;3386;323;4449;4459;7.01;0.43;275.05;3.77;1063;10;1510.00;10
3389;8;622017674;3389;322;4450;4459;6.99;0.43;275.06;3.77;1061;10;1511.00;9
3396;8;622017687;3396;336;4493;4529;6.92;0.42;275.24;3.74;1097;10;1512.00;36
3399;8;622017704;3399;323;4497;4530;6.94;0.42;275.27;3.74;1098;10;1513.00;33
3400;8;622017723;3400;319;4502;4530;6.99;0.43;275.28;3.74;1102;10;1514.00;28
3404;8;622017742;3404;328;4502;4530;6.99;0.43;275.56;3.74;1098;10;1515.00;28
3407;8;622017775;3407;328;4504;4530;7.06;0.43;275.56;3.74;1097;10;1516.00;26
3410;8;622017794;3410;327;4505;4530;7.13;0.44;275.59;3.74;1095;10;1517.00;25
3415;8;622017813;3415;326;4506;4530;7.15;0.44;275.84;3.74;1091;10;1518.00;24
3417;8;622017830;3417;324;4507;4530;7.22;0.44;275.86;3.74;1090;10;1519.00;23
3422;8;622017845;3422;325;4507;4531;7.19;0.44;275.84;3.74;1085;10;1520.00;24
3426;8;622017859;3426;324;4509;4532;7.16;0.44;275.83;3.75;1083;10;1521.00;23
3427;8;622017872;3427;329;4510;4532;7.13;0.44;275.86;3.75;1083;10;1522.00;22
3430;8;622017886;3430;332;4516;4536;7.09;0.43;275.93;3.75;1086;10;1523.00;20
3434;8;622017900;3434;333;4518;4536;7.02;0.43;275.90;3.76;1084;10;1524.00;18
3435;8;622017913;3435;334;4520;4536;6.95;0.42;275.91;3.76;1085;10;1525.00;16
3439;8;622017926;3439;343;4522;4536;6.79;0.42;275.93;3.77;1083;10;1526.00;14
3444;8;622017938;3444;346;4526;4542;6.62;0.40;275.93;3.76;1082;10;1527.00;16
3445;8;622017951;3445;351;4527;4542;6.52;0.40;275.92;3.77;1082;10;1528.00;15
3451;8;622017963;3451;360;4528;4542;6.37;0.39;275.99;3.77;1077;10;1529.00;14
3454;8;622017977;3454;353;4530;4548;6.29;0.39;276.02;3.77;1076;10;1530.00;18
3458;8;622017990;3458;345;4532;4548;6.26;0.38;276.05;3.78;1074;10;1531.00;16
3462;8;622018002;3462;339;4534;4548;6.24;0.38;276.08;3.79;1072;10;1532.00;14
3467;8;622018013;3467;339;4537;4549;6.23;0.38;276.47;3.80;1070;10;1533.00;12
3471;8;622018026;3471;338;4539;4550;6.22;0.38;276.45;3.80;1068;10;1534.00;11
3479;8;622018038;3479;335;4539;4550;6.16;0.38;276.37;3.80;1060;10;1535.00;11
3481;8;622018050;3481;345;4551;4563;6.16;0.38;276.33;3.79;1070;10;1536.00;12
3485;8;622018063;3485;336;4554;4563;6.14;0.38;276.44;3.80;1069;10;1537.00;9
3487;8;622018075;3487;336;4554;4563;6.15;0.38;276.42;3.80;1067;10;1538.00;9
3490;8;622018088;3490;344;4557;4564;6.09;0.37;276.55;3.82;1067;10;1539.00;7
3494;8;622018100;3494;340;4559;4564;6.07;0.37;276.75;3.82;1065;10;1540.00;5
3496;8;622018112;3496;341;4563;4568;6.07;0.38;276.93;3.82;1067;10;1541.00;5
3501;8;622018124;3501;343;4565;4568;5.99;0.37;277.18;3.82;1064;10;1542.00;3
3505;8;622018136;3505;350;4569;4572;5.94;0.37;277.26;3.82;1064;10;1543.00;3
3510;8;622018149;3510;351;4570;4572;5.90;0.36;277.38;3.82;1060;10;1544.00;2
3515;8;622018161;3515;357;4571;4572;5.83;0.36;277.56;3.82;1056;10;1545.00;1
3518;8;622018172;3518;361;4571;4572;5.79;0.36;277.61;3.82;1053;10;1546.00;1
3529;8;622018185;3529;363;4572;4572;5.64;0.35;277.66;3.82;1043;10;1547.00;0
3530;8;622018197;3530;369;4582;4584;5.71;0.35;277.67;3.81;1052;10;1548.00;2
3536;8;622018210;3536;375;4584;4584;5.66;0.35;277.93;3.81;1048;10;1549.00;0
3540;8;622018222;3540;383;4584;4584;5.64;0.35;278.06;3.81;1044;10;1550.00;0
3541;8;622018234;3541;383;4584;4584;5.66;0.35;278.12;3.81;1043;10;1551.00;0
3545;8;622018245;3545;395;4584;4584;5.62;0.35;278.21;3.81;1039;10;1552.00;0
3546;8;622018258;3546;403;4584;4584;5.61;0.34;278.22;3.81;1038;10;1553.00;0
3551;8;622018270;3551;409;4585;4585;5.52;0.34;278.35;3.81;1034;10;1554.00;0
3556;8;622018281;3556;413;4587;4587;5.45;0.34;278.37;3.81;1031;10;1555.00;0
3561;8;622018293;3561;416;4592;4593;5.40;0.33;278.32;3.81;1031;10;1556.00;1
3568;8;622018306;3568;419;4594;4594;5.27;0.33;278.29;3.80;1026;10;1557.00;0
3574;8;622018318;3574;423;4594;4594;5.28;0.33;278.34;3.80;1020;10;1558.00;0
3579;8;622018330;3579;428;4594;4594;5.27;0.33;278.33;3.80;1015;10;1559.00;0
3581;8;622018343;3581;430;4599;4599;5.26;0.33;278.42;3.80;1018;10;1560.00;0
3584;8;622018355;3584;428;4599;4599;5.23;0.32;278.52;3.80;1015;10;1561.00;0
3590;8;622018367;3590;433;4599;4599;5.15;0.32;278.48;3.80;1009;10;1562.00;0
3593;8;622018378;3593;445;4600;4600;5.15;0.32;278.36;3.80;1007;10;1563.00;0
3597;8;622018391;3597;448;4604;4604;5.13;0.32;278.34;3.80;1007;10;1564.00;0
3603;8;622018402;3603;459;4604;4604;5.09;0.32;278.31;3.80;1001;10;1565.00;0
3604;8;622018413;3604;460;4606;4607;5.16;0.32;278.32;3.80;1002;10;1566.00;1
3611;8;622018424;3611;472;4606;4607;5.06;0.31;278.24;3.80;995;10;1567.00;1
3618;8;622018435;3618;474;4607;4607;4.97;0.31;278.09;3.80;989;10;1568.00;0
3620;8;622018446;3620;477;4607;4607;4.99;0.31;278.01;3.80;987;10;1569.00;0
3623;8;622018456;3623;483;4611;4611;4.99;0.31;277.92;3.79;988;10;1570.00;0
3628;8;622018468;3628;487;4611;4611;5.02;0.31;277.73;3.79;983;10;1571.00;0
3631;8;622018479;3631;491;4611;4611;5.02;0.31;277.72;3.79;980;10;1572.00;0
3631;8;622018489;3631;488;4611;4611;4.98;0.31;277.72;3.79;980;10;1573.00;0
3632;8;622018499;3632;493;4612;4612;4.95;0.31;277.72;3.79;980;10;1574.00;0
3632;8;622018509;3632;494;4614;4614;4.94;0.30;277.72;3.79;982;10;1575.00;0
3632;8;622018520;3632;494;4614;4614;4.94;0.31;277.72;3.79;982;10;1576.00;0
3632;8;622018530;3632;482;4615;4615;4.96;0.31;277.72;3.79;983;10;1577.00;0
3635;8;622018541;3635;478;4615;4615;4.98;0.31;277.76;3.79;980;10;1578.00;0
3637;8;622018554;3637;476;4615;4615;5.03;0.31;277.87;3.79;978;10;1579.00;0
3639;8;622018565;3639;469;4615;4615;5.06;0.31;277.86;3.79;976;10;1580.00;0
3641;8;622018576;3641;469;4615;4615;5.11;0.31;277.86;3.79;974;10;1581.00;0
3641;8;622018587;3641;460;4615;4615;5.21;0.32;277.86;3.79;974;10;1582.00;0
3642;8;622018598;3642;461;4615;4615;5.28;0.32;277.88;3.79;973;10;1583.00;0
3643;8;622018610;3643;477;4691;4742;5.68;0.35;277.92;3.73;1048;10;1584.00;51
3646;8;622018632;3646;473;4694;4743;5.71;0.35;277.92;3.73;1048;10;1585.00;49
3647;8;622018644;3647;451;4704;4743;5.82;0.36;277.91;3.72;1057;10;1586.00;39
3652;8;622018656;3652;425;4708;4743;5.92;0.37;277.96;3.72;1056;10;1587.00;35
3654;8;622018668;3654;406;4713;4743;5.97;0.37;277.96;3.72;1059;10;1588.00;30
3656;8;622018680;3656;395;4715;4743;6.08;0.38;277.91;3.72;1059;10;1589.00;28
3659;8;622018695;3659;379;4719;4743;6.22;0.38;277.86;3.73;1060;10;1590.00;24
3659;8;622018708;3659;376;4721;4743;6.32;0.39;277.86;3.73;1062;10;1591.00;22
3660;8;622018722;3660;369;4722;4744;6.43;0.39;277.88;3.73;1062;10;1592.00;22
3660;8;622018736;3660;379;4724;4745;6.57;0.40;277.88;3.73;1064;10;1593.00;21
3662;8;622018762;3662;376;4725;4745;6.64;0.41;277.84;3.73;1063;10;1594.00;20
3662;8;622018777;3662;376;4728;4746;6.74;0.41;277.84;3.74;1066;10;1595.00;18
3664;8;622018789;3664;373;4731;4746;6.77;0.41;277.78;3.74;1067;11;1596.00;15
3666;8;622018811;3666;375;4734;4746;6.81;0.42;277.86;3.75;1068;11;1597.00;12
3667;8;622018824;3667;372;4735;4746;6.86;0.42;277.84;3.75;1068;11;1598.00;11
3669;8;622018839;3669;373;4741;4750;6.89;0.42;277.90;3.75;1072;11;1599.00;9
3671;8;622018853;3671;379;4743;4750;6.87;0.42;277.95;3.76;1072;11;1600.00;7
3673;8;622018870;3673;377;4743;4750;6.91;0.42;277.96;3.76;1070;11;1601.00;7
3673;8;622018882;3673;375;4746;4753;6.91;0.42;277.96;3.76;1073;11;1602.00;7
3675;8;622018895;3675;377;4746;4753;6.99;0.43;277.98;3.76;1071;11;1603.00;7
3677;8;622018908;3677;373;4746;4753;7.02;0.43;278.07;3.76;1069;11;1604.00;7
3678;8;622018921;3678;373;4751;4757;7.05;0.43;278.07;3.77;1073;11;1605.00;6
3682;8;622018934;3682;370;4752;4758;7.11;0.43;278.05;3.77;1070;11;1606.00;6
3683;8;622018947;3683;368;4754;4758;7.19;0.44;278.10;3.77;1071;11;1607.00;4
3686;8;622018960;3686;367;4756;4762;7.21;0.44;278.02;3.77;1070;11;1608.00;6
3688;8;622018974;3688;368;4758;4762;7.25;0.44;278.11;3.77;1070;11;1609.00;4
3689;8;622018992;3689;367;4758;4762;7.28;0.44;278.24;3.77;1069;11;1610.00;4
3692;8;622019005;3692;367;4759;4763;7.24;0.44;278.27;3.77;1067;11;1611.00;4
3694;8;622019018;3694;367;4759;4763;7.16;0.44;278.25;3.77;1065;11;1612.00;4
3694;8;622019031;3694;374;4764;4769;7.14;0.43;278.25;3.76;1070;11;1613.00;5
3697;8;622019044;3697;371;4764;4769;7.08;0.43;278.31;3.76;1067;11;1614.00;5
3702;8;622019057;3702;370;4764;4770;7.00;0.43;278.21;3.76;1062;11;1615.00;6
3702;8;622019070;3702;364;4764;4770;6.99;0.42;278.21;3.76;1062;11;1616.00;6
3703;8;622019082;3703;361;4764;4770;7.01;0.43;278.19;3.76;1061;11;1617.00;6
3708;8;622019095;3708;366;4764;4770;6.94;0.42;278.29;3.76;1056;11;1618.00;6
3713;8;622019107;3713;367;4764;4770;6.91;0.42;278.61;3.76;1051;11;1619.00;6
3718;8;622019121;3718;365;4792;4806;6.92;0.42;278.81;3.74;1074;11;1620.00;14
3724;8;622019137;3724;354;4794;4806;6.90;0.42;278.89;3.74;1070;11;1621.00;12
3724;8;622019150;3724;344;4795;4806;6.99;0.43;278.89;3.74;1071;11;1622.00;11
3725;8;622019163;3725;343;4795;4806;7.05;0.43;278.90;3.74;1070;11;1623.00;11
3728;8;622019175;3728;336;4796;4806;7.06;0.43;279.09;3.74;1068;11;1624.00;10
3730;8;622019188;3730;340;4797;4806;7.08;0.43;279.19;3.74;1067;11;1625.00;9
3734;8;622019200;3734;336;4800;4810;7.12;0.43;279.47;3.74;1066;11;1626.00;10
3736;8;622019213;3736;337;4800;4810;7.14;0.43;279.55;3.74;1064;11;1627.00;10
3739;8;622019226;3739;341;4804;4814;7.16;0.43;279.73;3.74;1065;11;1628.00;10
3740;8;622019238;3740;327;4805;4815;7.23;0.44;279.85;3.74;1065;11;1629.00;10
3743;8;622019250;3743;324;4805;4815;7.20;0.44;279.88;3.74;1062;11;1630.00;10
3745;8;622019263;3745;321;4805;4815;7.15;0.43;279.98;3.74;1060;11;1631.00;10
3749;8;622019275;3749;318;4816;4828;7.06;0.43;280.28;3.73;1067;11;1632.00;12
3751;8;622019289;3751;311;4816;4828;7.03;0.43;280.41;3.73;1065;11;1633.00;12
3755;8;622019301;3755;305;4816;4828;7.03;0.43;280.70;3.73;1061;11;1634.00;12
3760;8;622019315;3760;307;4818;4829;6.99;0.42;280.85;3.74;1058;11;1635.00;11
3764;8;622019327;3764;308;4818;4830;6.97;0.42;280.94;3.74;1054;11;1636.00;12
3766;8;622019339;3766;304;4818;4830;7.01;0.42;281.06;3.74;1052;11;1637.00;12
3772;8;622019352;3772;303;4820;4833;7.01;0.43;281.10;3.73;1048;11;1638.00;13
3772;8;622019367;3772;300;4821;4833;7.10;0.43;281.10;3.73;1049;11;1639.00;12
3777;8;622019379;3777;295;4821;4833;7.16;0.43;281.28;3.73;1044;11;1640.00;12
3778;8;622019391;3778;298;4821;4833;7.25;0.44;281.23;3.73;1043;11;1641.00;12
3782;8;622019402;3782;291;4826;4839;7.28;0.44;281.22;3.73;1044;11;1642.00;13
3786;8;622019415;3786;293;4826;4839;7.29;0.44;281.24;3.73;1040;11;1643.00;13
3790;8;622019427;3790;300;4826;4839;7.29;0.44;281.39;3.73;1036;11;1644.00;13
3792;8;622019444;3792;304;4826;4839;7.28;0.44;281.41;3.73;1034;11;1645.00;13
3796;8;622019461;3796;311;4829;4843;7.20;0.44;281.41;3.73;1033;11;1646.00;14
3797;8;622019473;3797;312;4830;4844;7.19;0.44;281.43;3.73;1033;11;1647.00;14
3801;8;622019485;3801;316;4830;4844;7.09;0.43;281.75;3.73;1029;11;1648.00;14
3804;8;622019497;3804;318;4832;4845;7.07;0.43;281.80;3.74;1028;11;1649.00;13
3805;8;622019510;3805;321;4832;4845;7.12;0.43;281.85;3.74;1027;11;1650.00;13
3806;8;622019522;3806;322;4832;4845;7.13;0.43;281.98;3.74;1026;11;1651.00;13
3810;8;622019534;3810;320;4832;4845;7.11;0.43;282.21;3.74;1022;11;1652.00;13
3812;8;622019545;3812;316;4832;4845;7.14;0.43;282.33;3.74;1020;11;1653.00;13
3813;8;622019556;3813;309;4832;4845;7.18;0.44;282.32;3.74;1019;11;1654.00;13
3816;8;622019568;3816;308;4832;4845;7.16;0.44;282.42;3.74;1016;11;1655.00;13
3820;8;622019580;3820;317;4870;4915;7.29;0.44;282.46;3.71;1050;11;1656.00;45
3821;8;622019597;3821;311;4871;4916;7.30;0.44;282.48;3.72;1050;11;1657.00;45
3823;8;622019610;3823;302;4878;4916;7.37;0.45;282.51;3.72;1055;11;1658.00;38
3825;8;622019622;3825;301;4882;4916;7.43;0.45;282.64;3.72;1057;11;1659.00;34
3827;8;622019634;3827;307;4888;4916;7.43;0.45;282.63;3.73;1061;11;1660.00;28
3829;8;622019646;3829;305;4890;4916;7.45;0.46;282.74;3.73;1061;11;1661.00;26
3831;8;622019664;3831;301;4893;4916;7.52;0.46;282.83;3.74;1062;11;1662.00;23
3833;8;622019676;3833;298;4898;4916;7.56;0.46;282.92;3.76;1065;11;1663.00;18
3837;8;622019688;3837;297;4900;4917;7.57;0.46;283.06;3.76;1063;11;1664.00;17
3840;8;622019700;3840;292;4905;4919;7.58;0.46;282.99;3.77;1065;11;1665.00;14
3844;8;622019713;3844;293;4906;4919;7.55;0.46;283.06;3.77;1062;11;1666.00;13
3846;8;622019731;3846;295;4910;4923;7.54;0.46;283.17;3.77;1064;11;1667.00;13
3854;8;622019751;3854;294;4912;4923;7.45;0.45;283.27;3.78;1058;11;1668.00;11
3857;8;622019772;3857;296;4912;4923;7.40;0.45;283.29;3.78;1055;11;1669.00;11
3860;8;622019791;3860;304;4913;4923;7.37;0.45;283.43;3.79;1053;11;1670.00;10
3860;8;622019809;3860;311;4918;4929;7.45;0.46;283.43;3.79;1058;11;1671.00;11
3864;8;622019828;3864;318;4919;4929;7.39;0.45;283.39;3.79;1055;11;1672.00;10
3868;8;622019844;3868;321;4920;4929;7.33;0.45;283.47;3.80;1052;11;1673.00;9
3870;8;622019857;3870;325;4924;4932;7.28;0.45;283.44;3.80;1054;11;1674.00;8
3875;8;622019877;3875;326;4924;4932;7.18;0.44;283.52;3.80;1049;11;1675.00;8
3876;8;622019890;3876;337;4925;4932;7.10;0.43;283.63;3.81;1049;11;1676.00;7
3879;8;622019902;3879;348;4926;4933;6.99;0.43;283.68;3.81;1047;11;1677.00;7
3882;8;622019915;3882;348;4928;4934;6.83;0.42;283.68;3.82;1046;11;1678.00;6
3886;8;622019928;3886;346;4928;4934;6.67;0.41;283.69;3.82;1042;11;1679.00;6
3888;8;622019942;3888;346;4948;4960;6.59;0.40;283.85;3.81;1060;11;1680.00;12
3890;8;622019956;3890;340;4949;4960;6.58;0.40;283.84;3.81;1059;11;1681.00;11
3892;8;622019968;3892;335;4953;4960;6.55;0.40;283.83;3.82;1061;11;1682.00;7
3894;8;622019980;3894;332;4955;4961;6.60;0.40;283.84;3.82;1061;11;1683.00;6
3898;8;622019993;3898;337;4958;4961;6.59;0.40;283.95;3.82;1060;11;1684.00;3
3900;8;622020009;3900;330;4963;4965;6.60;0.40;284.15;3.82;1063;11;1685.00;2
3903;8;622020028;3903;332;4963;4965;6.64;0.41;284.44;3.82;1060;11;1686.00;2
3907;8;622020047;3907;332;4967;4969;6.64;0.40;284.47;3.82;1060;11;1687.00;2
3909;8;622020061;3909;329;4968;4969;6.66;0.41;284.64;3.82;1059;11;1688.00;1
3912;8;622020074;3912;333;4969;4969;6.65;0.41;284.75;3.82;1057;11;1689.00;0
3915;8;622020086;3915;335;4969;4969;6.58;0.40;284.71;3.82;1054;11;1690.00;0
3919;8;622020099;3919;336;4969;4969;6.43;0.39;284.77;3.82;1050;11;1691.00;0
3923;8;622020111;3923;338;4979;4981;6.40;0.39;284.85;3.81;1056;11;1692.00;2
3926;8;622020124;3926;342;4979;4981;6.32;0.39;284.95;3.81;1053;11;1693.00;2
3928;8;622020135;3928;346;4981;4981;6.24;0.38;284.92;3.81;1053;11;1694.00;0
3931;8;622020149;3931;352;4981;4981;6.17;0.38;285.02;3.81;1050;11;1695.00;0
3934;8;622020161;3934;358;4981;4981;6.04;0.37;285.17;3.81;1047;11;1696.00;0
3938;8;622020173;3938;367;4981;4981;5.91;0.36;285.21;3.81;1043;11;1697.00;0
3940;8;622020185;3940;375;4982;4982;5.79;0.35;285.33;3.81;1042;11;1698.00;0
3945;8;622020201;3945;381;4982;4982;5.65;0.35;285.61;3.81;1037;11;1699.00;0
3948;8;622020213;3948;384;4988;4988;5.64;0.35;285.59;3.81;1040;11;1700.00;0
3951;8;622020231;3951;383;4989;4989;5.57;0.34;285.62;3.80;1038;11;1701.00;0
3956;8;622020242;3956;379;4989;4989;5.52;0.34;285.62;3.80;1033;11;1702.00;0
3963;8;622020254;3963;374;4989;4989;5.48;0.34;285.58;3.80;1026;11;1703.00;0
3965;8;622020266;3965;382;4993;4993;5.54;0.34;285.52;3.80;1028;11;1704.00;0
3972;8;622020277;3972;382;4993;4993;5.51;0.34;285.42;3.80;1021;11;1705.00;0
3974;8;622020288;3974;384;4993;4993;5.50;0.34;285.43;3.80;1019;11;1706.00;0
3975;8;622020299;3975;373;4994;4994;5.54;0.34;285.40;3.80;1019;11;1707.00;0
3977;8;622020312;3977;371;4998;4998;5.54;0.34;285.38;3.80;1021;11;1708.00;0
3981;8;622020324;3981;377;4998;4998;5.52;0.34;285.28;3.80;1017;11;1709.00;0
3984;8;622020337;3984;372;5002;5004;5.56;0.34;285.24;3.80;1018;11;1710.00;2
3986;8;622020348;3986;369;5002;5004;5.57;0.34;285.27;3.80;1016;11;1711.00;2
3989;8;622020359;3989;369;5004;5004;5.56;0.34;285.18;3.80;1015;11;1712.00;0
3991;8;622020370;3991;373;5004;5004;5.57;0.34;285.24;3.80;1013;11;1713.00;0
3998;8;622020381;3998;381;5008;5008;5.57;0.34;285.31;3.79;1010;11;1714.00;0
4000;8;622020392;4000;385;5008;5008;5.59;0.34;285.35;3.79;1008;11;1715.00;0
4004;8;622020403;4004;388;5008;5008;5.61;0.34;285.44;3.79;1004;11;1716.00;0
4008;8;622020415;4008;398;5008;5008;5.55;0.34;285.23;3.79;1000;11;1717.00;0
4013;8;622020425;4013;404;5009;5009;5.45;0.33;285.20;3.79;996;11;1718.00;0
4017;8;622020438;4017;399;5010;5010;5.42;0.33;285.11;3.79;993;11;1719.00;0
4021;8;622020449;4021;401;5010;5010;5.40;0.33;285.09;3.79;989;11;1720.00;0
4025;8;622020460;4025;408;5011;5011;5.33;0.33;285.00;3.79;986;11;1721.00;0
4026;8;622020474;4026;412;5011;5011;5.28;0.32;285.07;3.79;985;11;1722.00;0
4033;8;622020485;4033;419;5011;5011;5.19;0.32;285.08;3.79;978;11;1723.00;0
4038;8;622020497;4038;416;5011;5011;5.07;0.31;285.01;3.79;973;11;1724.00;0
4041;8;622020508;4041;417;5011;5011;4.97;0.30;284.99;3.79;970;11;1725.00;0
4045;8;622020520;4045;425;5011;5011;4.92;0.30;285.02;3.79;966;11;1726.00;0
4049;8;622020531;4049;426;5011;5011;4.85;0.30;284.92;3.79;962;11;1727.00;0
4054;8;622020541;4054;453;5087;5138;5.18;0.32;284.77;3.74;1033;11;1728.00;51
4058;8;622020562;4058;446;5091;5139;5.16;0.32;284.80;3.73;1033;11;1729.00;48
4059;8;622020573;4059;455;5099;5139;5.29;0.33;284.79;3.73;1040;11;1730.00;40
4063;8;622020584;4063;453;5101;5139;5.29;0.33;284.78;3.73;1038;11;1731.00;38
4067;8;622020596;4067;461;5107;5139;5.35;0.33;284.91;3.73;1040;11;1732.00;32
4068;8;622020607;4068;466;5108;5139;5.44;0.34;284.91;3.73;1040;11;1733.00;31
4069;8;622020618;4069;470;5110;5139;5.46;0.34;284.91;3.73;1041;11;1734.00;29
4071;8;622020630;4071;476;5113;5139;5.51;0.34;284.87;3.73;1042;11;1735.00;26
4075;8;622020641;4075;482;5114;5140;5.45;0.34;284.85;3.73;1039;11;1736.00;26
4077;8;622020653;4077;488;5119;5141;5.39;0.33;284.89;3.74;1042;11;1737.00;22
4078;8;622020665;4078;494;5120;5141;5.26;0.32;284.92;3.74;1042;11;1738.00;21
4083;8;622020676;4083;488;5125;5142;5.23;0.32;285.11;3.75;1042;11;1739.00;17
4085;8;622020689;4085;485;5127;5142;5.28;0.32;285.17;3.75;1042;11;1740.00;15
4087;8;622020701;4087;488;5130;5142;5.35;0.33;285.19;3.75;1043;11;1741.00;12
4089;8;622020713;4089;494;5132;5142;5.42;0.33;285.28;3.76;1043;11;1742.00;10
4090;8;622020725;4090;498;5137;5146;5.49;0.34;285.30;3.76;1047;11;1743.00;9
4090;8;622020738;4090;496;5140;5146;5.52;0.34;285.30;3.77;1050;11;1744.00;6
4091;8;622020750;4091;493;5142;5146;5.52;0.34;285.31;3.77;1051;11;1745.00;4
4093;8;622020769;4093;493;5144;5149;5.55;0.34;285.34;3.77;1051;11;1746.00;5
4097;8;622020782;4097;479;5145;5149;5.52;0.34;285.30;3.77;1048;11;1747.00;4
4097;8;622020796;4097;472;5145;5149;5.57;0.34;285.30;3.77;1048;11;1748.00;4
4100;8;622020809;4100;465;5150;5153;5.67;0.35;285.47;3.77;1050;11;1749.00;3
4101;8;622020823;4101;466;5151;5154;5.77;0.35;285.51;3.77;1050;11;1750.00;3
4102;8;622020837;4102;456;5152;5154;5.82;0.36;285.51;3.78;1050;11;1751.00;2
4104;8;622020850;4104;455;5156;5158;5.88;0.36;285.45;3.78;1052;11;1752.00;2
4106;8;622020863;4106;449;5157;5158;5.90;0.36;285.40;3.78;1051;11;1753.00;1
4107;8;622020883;4107;450;5158;5158;5.97;0.36;285.42;3.78;1051;11;1754.00;0
4108;8;622020894;4108;445;5160;5160;6.03;0.37;285.36;3.77;1052;11;1755.00;0
4109;8;622020907;4109;435;5160;5160;6.00;0.37;285.37;3.77;1051;11;1756.00;0
4112;8;622020919;4112;421;5166;5166;6.07;0.37;285.25;3.77;1054;11;1757.00;0
4113;8;622020933;4113;415;5166;5166;6.16;0.38;285.19;3.77;1053;11;1758.00;0
4113;8;622020945;4113;410;5167;5167;6.23;0.38;285.19;3.77;1054;11;1759.00;0
4116;8;622020957;4116;401;5167;5167;6.30;0.38;285.26;3.77;1051;11;1760.00;0
4119;8;622020970;4119;402;5167;5167;6.35;0.39;285.37;3.77;1048;11;1761.00;0
4123;8;622020982;4123;405;5167;5167;6.36;0.39;285.40;3.77;1044;11;1762.00;0
4125;8;622020995;4125;404;5167;5167;6.36;0.39;285.36;3.77;1042;11;1763.00;0
4128;8;622021007;4128;396;5177;5179;6.47;0.39;285.35;3.76;1049;11;1764.00;2
4132;8;622021021;4132;391;5177;5179;6.46;0.39;285.39;3.76;1045;11;1765.00;2
4135;8;622021033;4135;389;5178;5179;6.48;0.39;285.57;3.76;1043;11;1766.00;1
4136;8;622021045;4136;381;5178;5179;6.51;0.40;285.66;3.76;1042;11;1767.00;1
4137;8;622021057;4137;380;5178;5179;6.52;0.40;285.76;3.76;1041;11;1768.00;1
4139;8;622021070;4139;369;5178;5179;6.53;0.40;285.84;3.76;1039;11;1769.00;1
4141;8;622021083;4141;365;5181;5183;6.54;0.40;286.10;3.76;1040;11;1770.00;2
4143;8;622021096;4143;363;5181;5183;6.58;0.40;286.11;3.76;1038;11;1771.00;2
4146;8;622021108;4146;356;5185;5187;6.64;0.41;286.16;3.76;1039;11;1772.00;2
4152;8;622021121;4152;357;5186;5188;6.63;0.40;286.32;3.76;1034;11;1773.00;2
4154;8;622021134;4154;358;5186;5188;6.64;0.40;286.43;3.76;1032;11;1774.00;2
4158;8;622021146;4158;353;5186;5188;6.67;0.41;286.57;3.76;1028;11;1775.00;2
4160;8;622021158;4160;355;5197;5201;6.78;0.41;286.77;3.75;1037;11;1776.00;4
4162;8;622021171;4162;354;5197;5201;6.79;0.41;286.87;3.75;1035;11;1777.00;4
4165;8;622021183;4165;356;5197;5201;6.80;0.41;286.93;3.75;1032;11;1778.00;4
4167;9;622021195;4167;359;5198;5202;6.83;0.41;286.92;3.75;1031;12;1779.00;4
4169;9;622021222;4169;362;5198;5203;6.86;0.42;287.06;3.75;1029;12;1780.00;5
4170;9;622021234;4170;365;5198;5203;6.93;0.42;287.04;3.75;1028;12;1781.00;5
4173;9;622021245;4173;363;5200;5206;6.96;0.42;287.21;3.75;1027;12;1782.00;6
4176;9;622021258;4176;361;5200;5206;6.97;0.42;287.31;3.75;1024;12;1783.00;6
4177;9;622021270;4177;363;5201;5206;7.02;0.43;287.29;3.75;1024;12;1784.00;5
4180;9;622021281;4180;372;5201;5206;6.96;0.42;287.34;3.75;1021;12;1785.00;5
4181;9;622021293;4181;371;5206;5212;6.94;0.42;287.44;3.75;1025;12;1786.00;6
4182;9;622021305;4182;379;5206;5212;6.99;0.42;287.43;3.75;1024;12;1787.00;6
4184;9;622021317;4184;381;5206;5212;6.98;0.42;287.56;3.75;1022;12;1788.00;6
4189;9;622021329;4189;382;5206;5212;6.92;0.42;287.79;3.75;1017;12;1789.00;6
4191;9;622021341;4191;377;5209;5216;6.84;0.41;287.78;3.74;1018;12;1790.00;7
4196;9;622021353;4196;371;5210;5217;6.77;0.41;288.12;3.74;1014;12;1791.00;7
4198;9;622021366;4198;363;5210;5217;6.76;0.41;288.15;3.74;1012;12;1792.00;7
4199;9;622021377;4199;357;5211;5218;6.79;0.41;288.15;3.74;1012;12;1793.00;7
4201;9;622021389;4201;357;5211;5218;6.83;0.41;288.32;3.74;1010;12;1794.00;7
4204;9;622021401;4204;352;5211;5218;6.83;0.41;288.44;3.74;1007;12;1795.00;7
4205;9;622021412;4205;352;5211;5218;6.86;0.42;288.56;3.74;1006;12;1796.00;7
4209;9;622021424;4209;353;5211;5218;6.82;0.41;288.78;3.74;1002;12;1797.00;7
4211;9;622021435;4211;345;5211;5218;6.78;0.41;288.83;3.74;1000;12;1798.00;7
4213;9;622021446;4213;331;5211;5218;6.78;0.41;289.03;3.74;998;12;1799.00;7
4216;9;622021460;4216;350;5278;5356;6.78;0.42;289.25;3.69;1062;12;1800.00;78
4220;9;622021487;4220;337;5279;5357;6.76;0.42;289.32;3.69;1059;12;1801.00;78
4223;9;622021500;4223;323;5290;5357;6.82;0.42;289.46;3.69;1067;12;1802.00;67
4226;9;622021512;4226;318;5294;5357;6.88;0.42;289.54;3.69;1068;12;1803.00;63
4235;9;622021523;4235;314;5301;5357;6.82;0.42;289.53;3.69;1066;12;1804.00;56
4238;9;622021535;4238;308;5304;5357;6.83;0.42;289.63;3.70;1066;12;1805.00;53
4241;9;622021547;4241;304;5313;5357;6.87;0.42;289.73;3.71;1072;12;1806.00;44
4245;9;622021559;4245;301;5314;5357;6.90;0.42;289.74;3.71;1069;12;1807.00;43
4246;9;622021571;4246;297;5318;5358;6.97;0.43;289.70;3.71;1072;12;1808.00;40
4249;9;622021583;4249;294;5324;5359;6.98;0.43;289.77;3.72;1075;12;1809.00;35
4252;9;622021595;4252;285;5326;5359;7.03;0.43;289.91;3.72;1074;12;1810.00;33
4253;9;622021607;4253;281;5332;5363;7.07;0.43;289.93;3.72;1079;12;1811.00;31
4257;9;622021619;4257;272;5334;5363;7.06;0.43;290.03;3.72;1077;12;1812.00;29
4259;9;622021631;4259;270;5334;5363;7.06;0.43;289.95;3.72;1075;12;1813.00;29
4262;9;622021643;4262;264;5336;5363;7.02;0.43;290.06;3.73;1074;12;1814.00;27
4267;9;622021655;4267;267;5340;5369;6.95;0.42;290.09;3.72;1073;12;1815.00;29
4272;9;622021668;4272;271;5341;5369;6.89;0.42;290.36;3.73;1069;12;1816.00;28
4274;9;622021680;4274;272;5341;5369;6.91;0.42;290.42;3.73;1067;12;1817.00;28
4275;9;622021693;4275;276;5345;5372;6.96;0.42;290.53;3.73;1070;12;1818.00;27
4279;9;622021705;4279;280;5346;5372;6.98;0.43;290.54;3.73;1067;12;1819.00;26
4281;9;622021718;4281;278;5347;5372;7.03;0.43;290.46;3.73;1066;12;1820.00;25
4286;9;622021736;4286;277;5348;5373;7.10;0.43;290.55;3.74;1062;12;1821.00;25
4289;9;622021764;4289;274;5351;5374;7.12;0.43;290.60;3.74;1062;12;1822.00;23
4292;9;622021783;4292;281;5351;5374;7.18;0.44;290.60;3.74;1059;12;1823.00;23
4292;9;622021801;4292;283;5361;5387;7.21;0.44;290.60;3.75;1069;12;1824.00;26
4295;9;622021821;4295;283;5365;5387;7.21;0.44;290.65;3.75;1070;12;1825.00;22
4296;9;622021839;4296;288;5366;5387;7.27;0.44;290.65;3.76;1070;12;1826.00;21
4298;9;622021853;4298;288;5369;5388;7.29;0.45;290.69;3.76;1071;12;1827.00;19
4303;9;622021867;4303;287;5369;5388;7.28;0.44;290.84;3.76;1066;12;1828.00;19
4304;9;622021881;4304;296;5373;5392;7.27;0.44;290.82;3.75;1069;12;1829.00;19
4306;9;622021897;4306;295;5375;5392;7.22;0.44;290.98;3.77;1069;12;1830.00;17
4309;9;622021910;4309;302;5378;5396;7.09;0.43;291.17;3.77;1069;12;1831.00;18
4311;9;622021923;4311;307;5378;5396;7.02;0.43;291.17;3.77;1067;12;1832.00;18
4314;9;622021937;4314;307;5379;5396;6.97;0.43;291.27;3.78;1065;12;1833.00;17
4316;9;622021949;4316;311;5379;5396;6.91;0.42;291.37;3.78;1063;12;1834.00;17
4320;9;622021962;4320;317;5380;5396;6.87;0.42;291.32;3.79;1060;12;1835.00;16
4325;9;622021974;4325;319;5389;5408;6.86;0.42;291.31;3.78;1064;12;1836.00;19
4327;9;622021988;4327;321;5389;5408;6.79;0.41;291.36;3.78;1062;12;1837.00;19
4328;9;622022000;4328;327;5392;5408;6.75;0.41;291.38;3.79;1064;12;1838.00;16
4330;9;622022011;4330;339;5392;5408;6.71;0.41;291.41;3.79;1062;12;1839.00;16
4332;9;622022023;4332;352;5393;5408;6.62;0.41;291.44;3.80;1061;12;1840.00;15
4333;9;622022035;4333;356;5393;5408;6.53;0.40;291.42;3.80;1060;12;1841.00;15
4335;9;622022046;4335;352;5393;5409;6.53;0.40;291.55;3.80;1058;12;1842.00;16
4338;9;622022058;4338;362;5394;5409;6.49;0.40;291.46;3.81;1056;12;1843.00;15
4341;9;622022070;4341;366;5399;5415;6.55;0.40;291.58;3.80;1058;12;1844.00;16
4345;9;622022082;4345;371;5401;5417;6.49;0.40;291.69;3.81;1056;12;1845.00;16
4350;9;622022093;4350;373;5404;5417;6.45;0.40;291.70;3.82;1054;12;1846.00;13
4353;9;622022105;4353;385;5405;5417;6.34;0.39;291.64;3.83;1052;12;1847.00;12
4355;9;622022117;4355;392;5409;5421;6.30;0.39;291.62;3.84;1054;12;1848.00;12
4360;9;622022128;4360;391;5409;5421;6.22;0.38;291.76;3.84;1049;12;1849.00;12
4363;9;622022140;4363;393;5411;5421;6.14;0.38;291.74;3.85;1048;12;1850.00;10
4363;9;622022151;4363;396;5412;5422;6.10;0.37;291.74;3.85;1049;12;1851.00;10
4365;9;622022163;4365;398;5415;5426;6.05;0.37;291.90;3.85;1050;12;1852.00;11
4367;9;622022175;4367;392;5415;5426;6.04;0.37;291.97;3.85;1048;12;1853.00;11
4369;9;622022186;4369;392;5419;5429;6.03;0.37;292.09;3.86;1050;12;1854.00;10
4371;9;622022197;4371;388;5420;5429;6.07;0.37;292.28;3.86;1049;12;1855.00;9
4373;9;622022208;4373;384;5420;5429;6.09;0.37;292.22;3.86;1047;12;1856.00;9
4376;9;622022219;4376;383;5420;5429;6.13;0.38;292.25;3.86;1044;12;1857.00;9
4379;9;622022230;4379;386;5427;5433;6.19;0.38;292.13;3.88;1048;12;1858.00;6
4380;9;622022242;4380;386;5429;5433;6.24;0.38;292.09;3.89;1049;12;1859.00;4
4381;9;622022254;4381;379;5431;5433;6.21;0.38;292.14;3.89;1050;12;1860.00;2
4382;9;622022265;4382;382;5431;5433;6.15;0.38;292.20;3.89;1049;13;1861.00;2
4385;9;622022288;4385;381;5432;5434;6.00;0.37;292.18;3.89;1047;13;1862.00;2
4389;9;622022300;4389;388;5434;5435;5.91;0.36;292.11;3.90;1045;13;1863.00;1
4389;9;622022311;4389;391;5435;5435;5.83;0.36;292.11;3.90;1046;13;1864.00;0
4397;9;622022321;4397;398;5436;5436;5.70;0.35;292.06;3.90;1039;13;1865.00;0
4400;9;622022332;4400;397;5436;5436;5.58;0.34;292.10;3.90;1036;13;1866.00;0
4403;9;622022343;4403;401;5436;5436;5.48;0.34;292.14;3.90;1033;13;1867.00;0
4406;9;622022353;4406;405;5436;5436;5.34;0.33;292.00;3.90;1030;13;1868.00;0
4408;9;622022363;4408;426;5436;5436;5.16;0.32;292.08;3.90;1028;13;1869.00;0
4413;9;622022372;4413;420;5436;5436;5.03;0.31;292.30;3.90;1023;13;1870.00;0
4417;9;622022382;4417;417;5436;5436;4.90;0.30;292.18;3.90;1019;13;1871.00;0
4423;9;622022393;4423;436;5508;5563;5.15;0.32;292.10;3.85;1085;13;1872.00;55
4426;9;622022413;4426;434;5511;5564;5.14;0.32;292.13;3.84;1085;13;1873.00;53
4429;9;622022423;4429;424;5521;5564;5.19;0.32;291.97;3.84;1092;13;1874.00;43
4431;9;622022433;4431;424;5523;5564;5.18;0.32;292.03;3.84;1092;13;1875.00;41
4435;9;622022444;4435;423;5529;5564;5.21;0.32;292.03;3.84;1094;13;1876.00;35
4436;9;622022455;4436;418;5533;5564;5.25;0.33;291.98;3.84;1097;13;1877.00;31
4440;9;622022466;4440;417;5535;5564;5.20;0.32;291.96;3.84;1095;13;1878.00;29
4442;9;622022478;4442;417;5539;5564;5.22;0.32;291.90;3.84;1097;13;1879.00;25
4446;9;622022488;4446;419;5543;5565;5.19;0.32;291.85;3.85;1097;13;1880.00;22
4449;9;622022500;4449;426;5545;5566;5.18;0.32;291.89;3.85;1096;13;1881.00;21
4450;9;622022511;4450;442;5550;5568;5.16;0.32;291.84;3.85;1100;13;1882.00;18
4452;9;622022523;4452;435;5553;5569;5.13;0.32;291.83;3.86;1101;13;1883.00;16
4454;9;622022534;4454;439;5555;5569;5.04;0.31;291.85;3.86;1101;13;1884.00;14
4455;9;622022545;4455;448;5557;5569;5.02;0.31;291.81;3.86;1102;13;1885.00;12
4457;9;622022556;4457;447;5560;5569;4.99;0.31;291.75;3.87;1103;13;1886.00;9
4459;9;622022567;4459;450;5564;5573;4.95;0.31;291.77;3.87;1105;13;1887.00;9
4461;9;622022578;4461;449;5565;5573;4.99;0.31;291.77;3.87;1104;13;1888.00;8
4464;9;622022589;4464;456;5566;5573;4.99;0.31;291.86;3.87;1102;13;1889.00;7
4469;9;622022603;4469;463;5570;5579;4.99;0.31;291.82;3.87;1101;13;1890.00;9
4472;9;622022615;4472;453;5571;5579;5.02;0.31;291.76;3.87;1099;13;1891.00;8
4477;9;622022627;4477;440;5571;5579;5.02;0.31;291.71;3.87;1094;13;1892.00;8
4478;9;622022639;4478;430;5576;5583;5.08;0.31;291.75;3.88;1098;13;1893.00;7
4480;9;622022651;4480;424;5577;5584;5.16;0.32;291.94;3.88;1097;13;1894.00;7
4487;9;622022664;4487;415;5577;5584;5.17;0.32;291.74;3.88;1090;13;1895.00;7
4489;9;622022677;4489;424;5580;5588;5.20;0.32;291.75;3.87;1091;13;1896.00;8
4493;9;622022690;4493;421;5582;5588;5.23;0.32;291.79;3.88;1089;13;1897.00;6
4497;9;622022702;4497;422;5582;5588;5.18;0.32;291.70;3.88;1085;13;1898.00;6
4502;9;622022714;4502;417;5582;5589;5.17;0.32;291.76;3.88;1080;13;1899.00;7
4507;9;622022731;4507;422;5582;5589;5.17;0.32;291.73;3.88;1075;13;1900.00;7
4509;9;622022753;4509;424;5586;5595;5.18;0.32;291.78;3.88;1077;13;1901.00;9
4513;9;622022766;4513;428;5587;5595;5.14;0.31;291.87;3.88;1074;13;1902.00;8
4516;9;622022778;4516;435;5588;5596;5.13;0.31;291.92;3.88;1072;13;1903.00;8
4518;9;622022789;4518;435;5589;5596;5.12;0.31;291.93;3.88;1071;13;1904.00;7
4521;9;622022800;4521;437;5590;5596;5.08;0.31;291.91;3.88;1069;13;1905.00;6
4524;9;622022811;4524;427;5590;5596;5.14;0.31;291.96;3.88;1066;13;1906.00;6
4525;9;622022823;4525;433;5590;5596;5.20;0.32;291.97;3.88;1065;13;1907.00;6
4527;9;622022834;4527;437;5600;5608;5.34;0.33;291.94;3.88;1073;13;1908.00;8
4531;9;622022846;4531;431;5601;5608;5.40;0.33;291.94;3.88;1070;13;1909.00;7
4534;9;622022858;4534;428;5601;5608;5.40;0.33;291.86;3.88;1067;13;1910.00;7
4539;9;622022869;4539;428;5602;5608;5.41;0.33;291.90;3.88;1063;13;1911.00;6
4543;9;622022880;4543;433;5602;5608;5.40;0.33;291.93;3.88;1059;13;1912.00;6
4548;9;622022891;4548;445;5602;5608;5.40;0.33;291.95;3.88;1054;13;1913.00;6
4551;9;622022903;4551;444;5605;5612;5.42;0.33;292.04;3.88;1054;13;1914.00;7
4554;9;622022914;4554;439;5605;5612;5.41;0.33;292.04;3.88;1051;13;1915.00;7
4556;9;622022926;4556;442;5609;5616;5.49;0.34;292.06;3.87;1053;13;1916.00;7
4559;9;622022938;4559;433;5610;5617;5.49;0.34;291.95;3.87;1051;13;1917.00;7
4562;9;622022950;4562;432;5610;5617;5.51;0.34;291.94;3.87;1048;13;1918.00;7
4564;9;622022962;4564;431;5610;5617;5.56;0.34;291.98;3.87;1046;13;1919.00;7
4570;9;622022975;4570;435;5636;5646;5.64;0.35;292.23;3.85;1066;13;1920.00;10
4574;9;622022990;4574;419;5636;5646;5.66;0.35;292.22;3.85;1062;13;1921.00;10
4575;9;622023002;4575;415;5637;5646;5.76;0.35;292.25;3.85;1062;13;1922.00;9
4579;9;622023013;4579;415;5638;5647;5.77;0.35;292.42;3.85;1059;13;1923.00;9
4583;9;622023025;4583;416;5638;5648;5.80;0.36;292.38;3.85;1055;13;1924.00;10
4583;9;622023037;4583;412;5638;5648;5.89;0.36;292.38;3.85;1055;13;1925.00;10
4585;9;622023048;4585;399;5640;5651;5.98;0.37;292.38;3.85;1055;13;1926.00;11
4586;9;622023060;4586;393;5641;5651;6.05;0.37;292.41;3.85;1055;13;1927.00;10
4587;9;622023077;4587;386;5641;5651;6.14;0.38;292.43;3.85;1054;13;1928.00;10
4587;9;622023089;4587;381;5641;5651;6.25;0.38;292.43;3.85;1054;13;1929.00;10
4592;9;622023102;4592;378;5646;5657;6.32;0.39;292.56;3.85;1054;13;1930.00;11
4595;9;622023116;4595;371;5646;5657;6.34;0.39;292.72;3.85;1051;13;1931.00;11
4599;9;622023129;4599;372;5646;5657;6.36;0.39;292.82;3.85;1047;13;1932.00;11
4604;9;622023142;4604;374;5646;5657;6.35;0.39;292.94;3.85;1042;13;1933.00;11
4608;9;622023154;4608;375;5649;5661;6.36;0.39;293.15;3.85;1041;13;1934.00;12
4610;9;622023167;4610;377;5651;5663;6.40;0.39;293.13;3.85;1041;13;1935.00;12
4612;9;622023179;4612;386;5651;5663;6.36;0.39;293.13;3.85;1039;13;1936.00;12
4615;9;622023192;4615;374;5652;5664;6.34;0.38;293.25;3.85;1037;13;1937.00;12
4615;9;622023205;4615;367;5652;5664;6.28;0.38;293.25;3.85;1037;13;1938.00;12
4616;9;622023217;4616;367;5652;5664;6.24;0.38;293.28;3.85;1036;13;1939.00;12
4617;9;622023229;4617;368;5652;5664;6.20;0.38;293.24;3.85;1035;13;1940.00;12
4621;9;622023246;4621;365;5652;5664;6.16;0.37;293.39;3.85;1031;13;1941.00;12
4623;9;622023259;4623;365;5652;5664;6.18;0.37;293.44;3.85;1029;13;1942.00;12
4626;9;622023271;4626;363;5652;5664;6.16;0.37;293.51;3.85;1026;13;1943.00;12
4629;9;622023283;4629;381;5695;5734;6.14;0.37;293.68;3.82;1066;13;1944.00;39
4629;9;622023301;4629;371;5695;5735;6.21;0.38;293.68;3.82;1066;13;1945.00;40
4633;9;622023313;4633;369;5700;5735;6.31;0.38;293.92;3.82;1067;13;1946.00;35
4635;9;622023330;4635;372;5700;5735;6.37;0.39;294.02;3.82;1065;13;1947.00;35
4637;9;622023342;4637;364;5703;5735;6.43;0.39;294.17;3.82;1066;13;1948.00;32
4639;9;622023355;4639;370;5706;5735;6.51;0.39;294.14;3.82;1067;13;1949.00;29
4640;9;622023369;4640;373;5709;5737;6.52;0.40;294.21;3.82;1069;13;1950.00;28
4644;9;622023382;4644;381;5711;5737;6.52;0.39;294.28;3.82;1067;13;1951.00;26
4644;9;622023395;4644;384;5713;5738;6.53;0.40;294.28;3.82;1069;13;1952.00;25
4645;9;622023416;4645;391;5715;5739;6.53;0.40;294.32;3.82;1070;13;1953.00;24
4647;9;622023429;4647;400;5718;5739;6.50;0.39;294.38;3.82;1071;13;1954.00;21
4650;9;622023442;4650;399;5722;5743;6.43;0.39;294.52;3.82;1072;13;1955.00;21
4653;9;622023454;4653;395;5724;5743;6.36;0.39;294.59;3.83;1071;13;1956.00;19
4655;9;622023469;4655;399;5726;5743;6.36;0.39;294.62;3.83;1071;13;1957.00;17
4658;9;622023481;4658;394;5726;5743;6.31;0.38;294.78;3.83;1068;13;1958.00;17
4660;9;622023493;4660;396;5731;5749;6.28;0.38;294.86;3.82;1071;13;1959.00;18
4662;9;622023506;4662;386;5731;5749;6.23;0.38;294.86;3.82;1069;13;1960.00;18
4663;9;622023520;4663;380;5731;5749;6.21;0.38;294.83;3.82;1068;13;1961.00;18
4665;9;622023534;4665;377;5734;5752;6.21;0.38;294.83;3.82;1069;13;1962.00;18
4668;9;622023553;4668;371;5734;5752;6.19;0.38;294.84;3.82;1066;13;1963.00;18
4668;9;622023566;4668;366;5734;5752;6.27;0.38;294.84;3.82;1066;13;1964.00;18
4669;9;622023578;4669;364;5734;5753;6.29;0.38;294.88;3.82;1065;13;1965.00;19
4671;9;622023590;4671;357;5735;5754;6.35;0.39;294.97;3.82;1064;13;1966.00;19
4674;9;622023602;4674;353;5735;5754;6.37;0.39;295.09;3.82;1061;13;1967.00;19
4679;9;622023617;4679;352;5744;5767;6.36;0.39;295.15;3.82;1065;13;1968.00;23
4684;9;622023630;4684;347;5745;5767;6.39;0.39;295.27;3.81;1061;13;1969.00;22
4686;9;622023642;4686;339;5745;5767;6.41;0.39;295.45;3.81;1059;13;1970.00;22
4688;9;622023654;4688;335;5746;5768;6.42;0.39;295.51;3.81;1058;13;1971.00;22
4694;9;622023666;4694;325;5746;5768;6.34;0.38;295.86;3.81;1052;13;1972.00;22
4695;9;622023678;4695;317;5751;5772;6.35;0.38;295.96;3.81;1056;13;1973.00;21
4697;9;622023690;4697;316;5752;5772;6.36;0.39;296.09;3.83;1055;13;1974.00;20
4701;9;622023704;4701;312;5756;5776;6.30;0.38;296.29;3.84;1055;13;1975.00;20
4703;9;622023717;4703;305;5756;5776;6.33;0.38;296.32;3.84;1053;13;1976.00;20
4706;9;622023736;4706;301;5756;5776;6.37;0.39;296.42;3.84;1050;13;1977.00;20
4707;9;622023757;4707;299;5756;5776;6.41;0.39;296.42;3.84;1049;13;1978.00;20
4711;9;622023775;4711;294;5756;5776;6.39;0.39;296.49;3.84;1045;13;1979.00;20
4712;9;622023796;4712;288;5779;5810;6.48;0.39;296.55;3.82;1067;13;1980.00;31
4713;9;622023818;4713;280;5780;5810;6.51;0.40;296.52;3.82;1067;13;1981.00;30
4718;9;622023839;4718;282;5781;5810;6.50;0.40;296.58;3.82;1063;13;1982.00;29
4721;9;622023853;4721;273;5782;5810;6.53;0.40;296.69;3.82;1061;13;1983.00;28
4722;9;622023867;4722;269;5782;5810;6.61;0.40;296.71;3.82;1060;13;1984.00;28
4725;9;622023881;4725;277;5782;5810;6.66;0.40;296.78;3.82;1057;13;1985.00;28
4728;9;622023894;4728;274;5782;5811;6.75;0.41;296.83;3.82;1054;13;1986.00;29
4732;9;622023907;4732;272;5783;5811;6.81;0.41;296.98;3.82;1051;13;1987.00;28
4734;9;622023921;4734;273;5787;5817;6.88;0.42;296.95;3.82;1053;13;1988.00;30
4735;9;622023934;4735;267;5787;5818;6.90;0.42;296.90;3.82;1052;13;1989.00;31
4737;9;622023948;4737;269;5789;5818;6.86;0.42;296.87;3.82;1052;13;1990.00;29
4741;9;622023961;4741;276;5790;5818;6.86;0.42;296.97;3.82;1049;13;1991.00;28
4742;9;622023975;4742;273;5793;5822;6.93;0.42;296.94;3.82;1051;13;1992.00;29
4744;9;622023988;4744;280;5794;5822;6.82;0.42;297.01;3.82;1050;13;1993.00;28
4746;9;622024001;4746;288;5794;5822;6.77;0.41;297.00;3.82;1048;13;1994.00;28
4748;9;622024014;4748;290;5795;5823;6.73;0.41;297.12;3.82;1047;13;1995.00;28
4750;9;622024026;4750;292;5801;5827;6.63;0.40;297.15;3.84;1051;13;1996.00;26
4752;9;622024041;4752;296;5801;5827;6.56;0.40;297.22;3.84;1049;13;1997.00;26
4754;9;622024053;4754;305;5803;5830;6.62;0.40;297.28;3.84;1049;13;1998.00;27
4756;9;622024066;4756;311;5804;5830;6.59;0.40;297.28;3.84;1048;13;1999.00;26
4758;9;622024080;4758;313;5806;5830;6.58;0.40;297.34;3.87;1048;13;2000.00;24
4760;9;622024099;4760;316;5806;5830;6.62;0.40;297.40;3.87;1046;13;2001.00;24
4766;9;622024111;4766;323;5811;5834;6.63;0.40;297.58;3.87;1045;13;2002.00;23
4767;9;622024124;4767;331;5812;5834;6.60;0.40;297.59;3.89;1045;13;2003.00;22
4768;9;622024136;4768;331;5813;5834;6.55;0.40;297.57;3.91;1045;13;2004.00;21
4771;9;622024149;4771;343;5813;5834;6.46;0.39;297.58;3.91;1042;13;2005.00;21
4771;9;622024162;4771;345;5814;5835;6.44;0.39;297.58;3.92;1043;13;2006.00;21
4773;9;622024173;4773;354;5817;5836;6.37;0.39;297.74;3.95;1044;13;2007.00;19
4775;9;622024186;4775;354;5818;5836;6.29;0.38;297.80;3.96;1043;13;2008.00;18
4776;9;622024198;4776;361;5819;5837;6.24;0.38;297.83;3.96;1043;13;2009.00;18
4777;9;622024212;4777;371;5820;5837;6.19;0.38;297.93;3.98;1043;13;2010.00;17
4780;9;622024224;4780;381;5820;5837;6.12;0.37;297.94;3.98;1040;13;2011.00;17
4783;9;622024236;4783;380;5820;5837;6.03;0.37;297.98;3.98;1037;13;2012.00;17
4785;9;622024248;4785;389;5820;5837;5.94;0.36;298.23;3.98;1035;13;2013.00;17
4787;9;622024260;4787;392;5822;5837;5.78;0.35;298.35;4.00;1035;13;2014.00;15
4789;9;622024272;4789;405;5823;5837;5.71;0.35;298.29;4.01;1034;13;2015.00;14
4792;9;622024283;4792;414;5889;5964;5.93;0.37;298.21;3.98;1097;13;2016.00;75
4796;9;622024304;4796;414;5891;5965;5.84;0.36;298.16;3.98;1095;13;2017.00;74
4798;9;622024316;4798;415;5901;5965;5.87;0.36;298.11;3.99;1103;13;2018.00;64
4798;9;622024327;4798;408;5903;5965;5.87;0.36;298.11;3.99;1105;13;2019.00;62
4801;9;622024338;4801;412;5911;5965;5.84;0.36;298.06;3.99;1110;13;2020.00;54
4801;9;622024350;4801;411;5916;5965;5.81;0.36;298.06;4.01;1115;13;2021.00;49
4805;9;622024361;4805;413;5921;5965;5.80;0.36;297.93;4.02;1116;13;2022.00;44
4806;9;622024373;4806;414;5923;5965;5.80;0.36;297.88;4.02;1117;13;2023.00;42
4810;9;622024384;4810;410;5927;5966;5.79;0.36;297.77;4.04;1117;13;2024.00;39
4812;9;622024396;4812;409;5932;5968;5.76;0.35;297.76;4.04;1120;13;2025.00;36
4814;9;622024409;4814;412;5936;5968;5.69;0.35;297.69;4.05;1122;13;2026.00;32
4815;9;622024421;4815;407;5939;5969;5.68;0.35;297.65;4.06;1124;13;2027.00;30
4817;9;622024434;4817;408;5940;5969;5.66;0.35;297.58;4.06;1123;13;2028.00;29
4818;9;622024446;4818;408;5944;5969;5.61;0.35;297.52;4.07;1126;13;2029.00;25
4819;9;622024457;4819;412;5945;5969;5.57;0.34;297.50;4.08;1126;13;2030.00;24
4822;9;622024469;4822;424;5949;5973;5.49;0.34;297.45;4.08;1127;13;2031.00;24
4827;9;622024481;4827;426;5951;5973;5.39;0.33;297.47;4.08;1124;13;2032.00;22
4833;9;622024493;4833;440;5954;5973;5.28;0.33;297.48;4.09;1121;13;2033.00;19
4836;9;622024505;4836;450;5958;5976;5.20;0.32;297.52;4.09;1122;13;2034.00;18
4840;9;622024517;4840;459;5962;5976;5.07;0.31;297.51;4.10;1122;13;2035.00;14
4844;9;622024528;4844;462;5963;5976;4.94;0.30;297.47;4.11;1119;13;2036.00;13
4845;9;622024539;4845;471;5968;5980;4.84;0.30;297.44;4.11;1123;13;2037.00;12
4846;9;622024550;4846;479;5971;5981;4.73;0.29;297.41;4.12;1125;13;2038.00;10
4850;9;622024568;4850;492;5972;5981;4.58;0.28;297.26;4.12;1122;13;2039.00;9
4852;9;622024580;4852;482;5978;5986;4.53;0.28;297.25;4.12;1126;13;2040.00;8
4854;9;622024592;4854;478;5979;5986;4.45;0.27;297.27;4.12;1125;13;2041.00;7
4857;9;622024602;4857;487;5981;5986;4.40;0.27;297.24;4.13;1124;13;2042.00;5
4859;9;622024613;4859;470;5982;5987;4.39;0.27;297.21;4.13;1123;13;2043.00;5
4862;9;622024624;4862;462;5982;5987;4.44;0.27;297.16;4.13;1120;13;2044.00;5
4865;9;622024636;4865;449;5987;5993;4.57;0.28;297.15;4.13;1122;13;2045.00;6
4869;9;622024648;4869;448;5987;5993;4.63;0.28;297.08;4.13;1118;13;2046.00;6
4872;9;622024659;4872;435;5988;5994;4.71;0.29;297.04;4.13;1116;13;2047.00;6
4873;9;622024671;4873;432;5989;5994;4.77;0.29;297.07;4.13;1116;13;2048.00;5
4874;9;622024682;4874;425;5989;5994;4.83;0.30;297.10;4.13;1115;13;2049.00;5
4877;9;622024707;4877;421;5989;5994;4.83;0.30;297.10;4.13;1112;13;2050.00;5
4879;9;622024719;4879;415;5989;5994;4.84;0.30;297.12;4.13;1110;13;2051.00;5
4881;9;622024732;4881;418;5997;6006;4.94;0.30;297.06;4.13;1116;13;2052.00;9
4886;9;622024744;4886;408;5997;6006;4.92;0.30;297.04;4.13;1111;13;2053.00;9
4888;9;622024757;4888;409;5998;6006;4.96;0.30;297.00;4.13;1110;13;2054.00;8
4893;9;622024769;4893;408;5998;6006;4.97;0.30;297.08;4.13;1105;13;2055.00;8
4897;9;622024780;4897;408;5998;6006;5.05;0.31;297.23;4.13;1101;13;2056.00;8
4898;9;622024792;4898;403;5999;6006;5.12;0.31;297.20;4.13;1101;13;2057.00;7
4903;9;622024803;4903;399;6002;6010;5.19;0.32;297.22;4.13;1099;13;2058.00;8
4905;9;622024815;4905;401;6002;6010;5.26;0.32;297.23;4.13;1097;13;2059.00;8
4909;9;622024827;4909;398;6005;6014;5.38;0.33;297.19;4.12;1096;13;2060.00;9
4911;9;622024839;4911;398;6005;6015;5.43;0.33;297.25;4.12;1094;13;2061.00;10
4913;9;622024852;4913;404;6006;6015;5.46;0.33;297.29;4.13;1093;13;2062.00;9
4915;9;622024864;4915;401;6006;6015;5.44;0.33;297.29;4.13;1091;13;2063.00;9
4918;9;622024876;4918;398;6016;6028;5.50;0.33;297.27;4.12;1098;13;2064.00;12
4923;9;622024888;4923;400;6016;6028;5.52;0.33;297.26;4.12;1093;13;2065.00;12
4928;9;622024901;4928;403;6016;6028;5.55;0.34;297.43;4.12;1088;13;2066.00;12
4931;9;622024912;4931;396;6017;6029;5.58;0.34;297.39;4.12;1086;13;2067.00;12
4935;9;622024925;4935;398;6017;6030;5.62;0.34;297.42;4.12;1082;13;2068.00;13
4938;9;622024937;4938;401;6018;6030;5.66;0.34;297.60;4.12;1080;13;2069.00;12
4946;9;622024950;4946;405;6021;6036;5.62;0.34;297.74;4.12;1075;13;2070.00;15
4950;9;622024963;4950;405;6021;6036;5.57;0.34;297.86;4.12;1071;13;2071.00;15
4953;9;622024976;4953;408;6023;6036;5.62;0.34;298.01;4.12;1070;13;2072.00;13
4959;9;622024987;4959;408;6023;6036;5.60;0.34;298.29;4.12;1064;13;2073.00;13
4961;9;622024999;4961;409;6027;6042;5.65;0.34;298.33;4.12;1066;13;2074.00;15
4967;9;622025011;4967;408;6027;6042;5.67;0.35;298.45;4.12;1060;13;2075.00;15
4970;9;622025024;4970;408;6029;6042;5.68;0.35;298.49;4.12;1059;13;2076.00;13
4978;9;622025035;4978;416;6030;6042;5.63;0.34;298.57;4.12;1052;13;2077.00;12
4979;9;622025047;4979;411;6034;6046;5.71;0.35;298.61;4.12;1055;13;2078.00;12
4983;9;622025059;4983;410;6035;6047;5.76;0.35;298.65;4.12;1052;13;2079.00;12
4986;9;622025072;4986;411;6036;6047;5.75;0.35;298.71;4.12;1050;13;2080.00;11
4989;9;622025083;4989;416;6037;6048;5.75;0.35;298.72;4.12;1048;13;2081.00;11
4991;9;622025095;4991;417;6037;6048;5.72;0.35;298.82;4.12;1046;13;2082.00;11
4992;9;622025106;4992;416;6037;6048;5.73;0.35;298.85;4.12;1045;13;2083.00;11
4994;9;622025118;4994;423;6037;6048;5.71;0.35;298.85;4.12;1043;13;2084.00;11
4995;9;622025129;4995;425;6037;6048;5.68;0.35;298.79;4.12;1042;13;2085.00;11
4999;9;622025141;4999;425;6037;6048;5.69;0.35;298.94;4.12;1038;13;2086.00;11
5001;9;622025153;5001;425;6037;6048;5.67;0.35;298.98;4.12;1036;13;2087.00;11
5006;9;622025165;5006;433;6080;6118;5.81;0.35;299.08;4.09;1074;13;2088.00;38
5007;9;622025183;5007;422;6081;6119;5.82;0.35;299.10;4.09;1074;13;2089.00;38
5010;9;622025196;5010;421;6085;6119;5.87;0.36;299.26;4.09;1075;13;2090.00;34
5011;9;622025208;5011;420;6086;6119;5.92;0.36;299.24;4.09;1075;13;2091.00;33
5012;9;622025221;5012;414;6090;6119;6.00;0.37;299.30;4.09;1078;13;2092.00;29
5017;9;622025233;5017;418;6091;6119;5.99;0.36;299.42;4.09;1074;13;2093.00;28
5017;9;622025252;5017;414;6093;6119;6.05;0.37;299.42;4.09;1076;13;2094.00;26
5020;9;622025265;5020;411;6095;6119;6.07;0.37;299.56;4.09;1075;13;2095.00;24
5021;9;622025277;5021;400;6098;6120;6.10;0.37;299.63;4.09;1077;13;2096.00;22
5024;9;622025290;5024;397;6102;6121;6.06;0.37;299.74;4.10;1078;13;2097.00;19
5028;9;622025302;5028;393;6104;6121;6.07;0.37;299.98;4.10;1076;13;2098.00;17
5028;9;622025322;5028;395;6108;6125;6.11;0.37;299.98;4.10;1080;13;2099.00;17
5032;9;622025337;5032;396;6113;6140;6.13;0.37;300.06;4.09;1081;13;2100.00;27
5034;9;622025357;5034;392;6113;6140;6.15;0.37;300.17;4.09;1079;13;2101.00;27
5037;9;622025370;5037;394;6113;6140;6.16;0.37;300.16;4.09;1076;13;2102.00;27
5040;9;622025383;5040;397;6117;6146;6.14;0.37;300.22;4.09;1077;13;2103.00;29
5045;9;622025397;5045;397;6117;6146;6.13;0.37;300.35;4.09;1072;13;2104.00;29
5045;9;622025410;5045;405;6117;6146;6.16;0.37;300.35;4.09;1072;13;2105.00;29
5047;9;622025422;5047;403;6121;6149;6.12;0.37;300.48;4.09;1074;13;2106.00;28
5049;9;622025435;5049;399;6121;6149;6.14;0.37;300.51;4.09;1072;13;2107.00;28
5052;9;622025448;5052;396;6122;6149;6.11;0.37;300.63;4.09;1070;13;2108.00;27
5052;9;622025461;5052;393;6122;6150;6.14;0.37;300.63;4.09;1070;13;2109.00;28
5053;9;622025473;5053;385;6123;6151;6.14;0.37;300.74;4.09;1070;13;2110.00;28
5056;9;622025486;5056;393;6123;6151;6.14;0.37;300.80;4.09;1067;13;2111.00;28
5057;9;622025498;5057;399;6135;6164;6.22;0.38;300.85;4.09;1078;13;2112.00;29
5059;9;622025511;5059;390;6135;6164;6.26;0.38;300.83;4.09;1076;13;2113.00;29
5059;9;622025523;5059;396;6135;6164;6.28;0.38;300.83;4.09;1076;13;2114.00;29
5062;9;622025535;5062;391;6137;6166;6.35;0.39;300.89;4.08;1075;13;2115.00;29
5064;9;622025548;5064;394;6137;6166;6.40;0.39;301.02;4.08;1073;13;2116.00;29
5066;9;622025560;5066;390;6140;6170;6.39;0.39;301.01;4.08;1074;13;2117.00;30
5069;9;622025572;5069;391;6142;6170;6.34;0.38;301.03;4.09;1073;13;2118.00;28
5071;9;622025584;5071;399;6145;6174;6.30;0.38;301.04;4.09;1074;13;2119.00;29
5073;9;622025597;5073;400;6145;6174;6.26;0.38;301.03;4.09;1072;13;2120.00;29
5076;9;622025608;5076;400;6145;6174;6.22;0.38;301.11;4.09;1069;13;2121.00;29
5077;9;622025620;5077;404;6145;6174;6.22;0.38;301.21;4.09;1068;13;2122.00;29
5079;9;622025632;5079;409;6146;6174;6.18;0.38;301.28;4.09;1067;13;2123.00;28
5083;9;622025644;5083;410;6155;6186;6.18;0.38;301.35;4.09;1072;13;2124.00;31
5085;9;622025657;5085;412;6155;6186;6.16;0.37;301.37;4.09;1070;13;2125.00;31
5088;9;622025675;5088;418;6158;6186;6.17;0.37;301.40;4.09;1070;13;2126.00;28
5091;9;622025687;5091;411;6159;6186;6.14;0.37;301.49;4.09;1068;13;2127.00;27
5093;9;622025700;5093;412;6159;6186;6.17;0.37;301.61;4.09;1066;13;2128.00;27
5096;9;622025712;5096;416;6161;6186;6.14;0.37;301.69;4.10;1065;13;2129.00;25
5096;9;622025728;5096;403;6162;6187;6.17;0.37;301.69;4.10;1066;13;2130.00;25
5097;9;622025747;5097;396;6162;6187;6.18;0.37;301.71;4.10;1065;13;2131.00;25
5100;9;622025768;5100;389;6167;6193;6.21;0.37;301.74;4.09;1067;13;2132.00;26
5101;9;622025788;5101;383;6168;6194;6.19;0.37;301.73;4.09;1067;13;2133.00;26
5102;9;622025808;5102;382;6168;6194;6.16;0.37;301.75;4.09;1066;13;2134.00;26
5102;9;622025826;5102;375;6168;6194;6.13;0.37;301.75;4.09;1066;13;2135.00;26
5104;9;622025843;5104;375;6171;6198;6.15;0.37;301.83;4.09;1067;13;2136.00;27
5106;9;622025857;5106;382;6171;6198;6.10;0.37;301.99;4.09;1065;13;2137.00;27
5107;9;622025870;5107;387;6171;6198;6.13;0.37;302.08;4.09;1064;13;2138.00;27
5111;9;622025883;5111;376;6172;6199;6.13;0.37;302.13;4.09;1061;13;2139.00;27
5113;9;622025897;5113;370;6175;6203;6.09;0.37;302.07;4.09;1062;13;2140.00;28
5118;9;622025917;5118;366;6175;6203;6.00;0.36;302.30;4.09;1057;13;2141.00;28
5121;9;622025931;5121;367;6177;6206;5.95;0.36;302.45;4.09;1056;13;2142.00;29
5125;9;622025944;5125;374;6178;6206;5.83;0.35;302.68;4.09;1053;13;2143.00;28
5126;9;622025956;5126;371;6178;6206;5.75;0.35;302.67;4.09;1052;13;2144.00;28
5126;9;622025969;5126;371;6180;6206;5.72;0.35;302.67;4.12;1054;13;2145.00;26
5128;9;622025981;5128;362;6184;6210;5.70;0.35;302.71;4.12;1056;13;2146.00;26
5132;9;622025993;5132;361;6184;6210;5.64;0.34;302.83;4.12;1052;13;2147.00;26
5138;9;622026005;5138;367;6184;6210;5.67;0.35;302.89;4.12;1046;13;2148.00;26
5142;9;622026017;5142;371;6184;6210;5.67;0.35;302.88;4.12;1042;13;2149.00;26
5145;9;622026028;5145;362;6184;6211;5.70;0.35;303.11;4.12;1039;13;2150.00;27
5148;9;622026040;5148;363;6185;6212;5.69;0.35;303.04;4.12;1037;13;2151.00;27
5150;9;622026052;5150;366;6185;6212;5.67;0.35;303.01;4.12;1035;13;2152.00;27
5152;9;622026063;5152;360;6186;6213;5.68;0.35;303.00;4.12;1034;13;2153.00;27
5153;9;622026074;5153;361;6186;6213;5.69;0.35;303.00;4.12;1033;13;2154.00;27
5156;9;622026086;5156;359;6186;6213;5.64;0.34;303.01;4.12;1030;13;2155.00;27
5158;9;622026097;5158;357;6186;6213;5.59;0.34;303.06;4.12;1028;13;2156.00;27
5163;9;622026108;5163;361;6186;6213;5.55;0.34;302.96;4.12;1023;13;2157.00;27
5165;9;622026119;5165;350;6187;6213;5.54;0.34;302.96;4.13;1022;13;2158.00;26
5166;9;622026130;5166;349;6187;6213;5.49;0.33;302.92;4.13;1021;13;2159.00;26
5168;9;622026144;5168;386;6285;6443;5.81;0.36;302.92;4.07;1117;13;2160.00;158
5168;9;622026174;5168;379;6288;6444;5.74;0.36;302.92;4.07;1120;13;2161.00;156
5170;9;622026186;5170;369;6300;6444;5.84;0.37;302.85;4.07;1130;13;2162.00;144
5172;9;622026199;5172;372;6308;6444;5.82;0.36;302.80;4.06;1136;13;2163.00;136
5173;9;622026211;5173;376;6317;6444;5.84;0.37;302.93;4.06;1144;13;2164.00;127
5176;9;622026223;5176;370;6324;6444;5.83;0.37;302.84;4.07;1148;13;2165.00;120
5177;9;622026236;5177;372;6332;6444;5.84;0.37;302.87;4.07;1155;13;2166.00;112
5181;9;622026249;5181;370;6340;6444;5.84;0.36;302.83;4.07;1159;13;2167.00;104
5182;9;622026262;5182;387;6347;6445;5.82;0.36;302.84;4.08;1165;13;2168.00;98
5183;9;622026276;5183;394;6352;6446;5.82;0.36;302.80;4.08;1169;13;2169.00;94
5185;9;622026289;5185;395;6360;6446;5.76;0.36;302.81;4.11;1175;13;2170.00;86
5186;9;622026302;5186;408;6363;6447;5.65;0.35;302.84;4.11;1177;13;2171.00;84
5188;9;622026315;5188;423;6368;6447;5.57;0.35;302.86;4.11;1180;13;2172.00;79
5190;9;622026328;5190;423;6373;6447;5.46;0.34;302.75;4.15;1183;13;2173.00;74
5192;9;622026340;5192;432;6377;6447;5.38;0.33;302.68;4.18;1185;13;2174.00;70
5195;9;622026353;5195;437;6382;6451;5.28;0.33;302.64;4.20;1187;13;2175.00;69
5195;9;622026365;5195;443;6386;6451;5.24;0.32;302.64;4.20;1191;13;2176.00;65
5197;9;622026378;5197;457;6390;6451;5.18;0.32;302.58;4.24;1193;13;2177.00;61
5200;9;622026391;5200;463;6395;6454;5.10;0.32;302.49;4.26;1195;13;2178.00;59
5200;9;622026410;5200;464;6396;6454;5.07;0.31;302.49;4.26;1196;13;2179.00;58
5201;9;622026423;5201;469;6399;6454;5.04;0.31;302.52;4.27;1198;13;2180.00;55
5202;9;622026436;5202;487;6405;6458;5.03;0.31;302.49;4.28;1203;13;2181.00;53
5207;9;622026449;5207;488;6407;6459;4.97;0.31;302.35;4.29;1200;13;2182.00;52
5209;9;622026463;5209;502;6410;6459;4.92;0.30;302.30;4.29;1201;13;2183.00;49
5211;9;622026476;5211;508;6415;6463;4.85;0.30;302.27;4.32;1204;13;2184.00;48
5212;9;622026489;5212;514;6416;6463;4.82;0.30;302.24;4.33;1204;13;2185.00;47
5216;9;622026501;5216;520;6419;6463;4.75;0.29;302.17;4.34;1203;13;2186.00;44
5218;9;622026515;5218;521;6422;6464;4.68;0.29;302.21;4.36;1204;13;2187.00;42
5220;9;622026528;5220;527;6424;6464;4.64;0.29;302.21;4.37;1204;13;2188.00;40
5221;9;622026541;5221;534;6431;6470;4.67;0.29;302.19;4.39;1210;13;2189.00;39
5223;9;622026557;5223;537;6432;6470;4.61;0.28;302.10;4.40;1209;13;2190.00;38
5224;9;622026569;5224;541;6433;6471;4.56;0.28;302.05;4.40;1209;13;2191.00;38
5226;9;622026582;5226;545;6434;6471;4.54;0.28;301.99;4.40;1208;13;2192.00;37
5227;9;622026595;5227;548;6434;6471;4.53;0.28;301.94;4.40;1207;13;2193.00;37
5228;9;622026609;5228;554;6434;6471;4.56;0.28;301.90;4.40;1206;13;2194.00;37
5229;9;622026621;5229;543;6436;6471;4.57;0.28;301.89;4.41;1207;13;2195.00;35
5229;9;622026633;5229;535;6446;6483;4.68;0.29;301.89;4.41;1217;13;2196.00;37
5229;9;622026647;5229;527;6447;6483;4.72;0.29;301.89;4.41;1218;13;2197.00;36
5230;9;622026661;5230;526;6448;6483;4.74;0.29;301.89;4.41;1218;13;2198.00;35
5231;9;622026673;5231;520;6449;6483;4.78;0.29;301.93;4.42;1218;13;2199.00;34
5231;9;622026689;5231;518;6449;6483;4.80;0.29;301.93;4.42;1218;13;2200.00;34
5234;9;622026708;5234;511;6449;6483;4.75;0.29;301.89;4.42;1215;13;2201.00;34
5236;9;622026731;5236;514;6452;6487;4.74;0.29;301.90;4.42;1216;13;2202.00;35
5239;9;622026744;5239;509;6453;6487;4.69;0.29;301.89;4.42;1214;13;2203.00;34
5242;9;622026757;5242;513;6458;6491;4.69;0.29;301.87;4.42;1216;13;2204.00;33
5243;9;622026771;5243;515;6460;6493;4.68;0.29;301.82;4.41;1217;13;2205.00;33
5244;9;622026783;5244;510;6460;6493;4.67;0.29;301.84;4.41;1216;13;2206.00;33
5247;9;622026794;5247;514;6460;6493;4.62;0.28;301.79;4.41;1213;13;2207.00;33
5251;9;622026807;5251;513;6470;6506;4.55;0.28;301.67;4.41;1219;13;2208.00;36
5252;9;622026821;5252;520;6470;6506;4.55;0.28;301.65;4.41;1218;13;2209.00;36
5255;9;622026839;5255;511;6472;6508;4.55;0.28;301.58;4.41;1217;13;2210.00;36
5257;9;622026852;5257;502;6473;6509;4.56;0.28;301.55;4.41;1216;13;2211.00;36
5262;9;622026865;5262;495;6473;6510;4.56;0.28;301.59;4.41;1211;13;2212.00;37
5265;9;622026878;5265;484;6473;6510;4.58;0.28;301.64;4.41;1208;13;2213.00;37
5267;9;622026892;5267;472;6475;6513;4.66;0.29;301.58;4.40;1208;13;2214.00;38
5271;9;622026906;5271;469;6475;6513;4.76;0.29;301.69;4.40;1204;13;2215.00;38
5274;9;622026918;5274;464;6475;6513;4.84;0.30;301.68;4.40;1201;13;2216.00;38
5275;9;622026932;5275;460;6475;6513;4.93;0.30;301.64;4.40;1200;13;2217.00;38
5281;9;622026950;5281;445;6479;6519;4.99;0.31;301.75;4.40;1198;13;2218.00;40
5282;9;622026964;5282;434;6479;6519;5.06;0.31;301.79;4.40;1197;13;2219.00;40
5284;9;622026979;5284;425;6479;6519;5.13;0.31;301.77;4.40;1195;13;2220.00;40
5290;9;622026992;5290;416;6479;6519;5.18;0.32;302.05;4.40;1189;13;2221.00;40
5294;9;622027006;5294;414;6482;6523;5.17;0.32;302.17;4.40;1188;13;2222.00;41
5297;9;622027020;5297;412;6483;6524;5.22;0.32;302.26;4.40;1186;13;2223.00;41
5304;9;622027034;5304;411;6483;6524;5.23;0.32;302.19;4.40;1179;13;2224.00;41
5308;9;622027047;5308;413;6484;6525;5.23;0.32;302.29;4.40;1176;13;2225.00;41
5310;9;622027061;5310;413;6484;6525;5.27;0.32;302.38;4.40;1174;13;2226.00;41
5312;9;622027075;5312;402;6484;6525;5.28;0.32;302.57;4.40;1172;13;2227.00;41
5318;9;622027088;5318;403;6484;6525;5.25;0.32;302.67;4.40;1166;13;2228.00;41
5322;9;622027102;5322;404;6484;6525;5.30;0.32;302.77;4.40;1162;13;2229.00;41
5324;9;622027115;5324;406;6484;6525;5.32;0.33;303.01;4.40;1160;13;2230.00;41
5330;9;622027128;5330;408;6484;6525;5.31;0.32;302.98;4.40;1154;13;2231.00;41
5334;9;622027143;5334;410;6523;6595;5.40;0.33;303.14;4.37;1189;13;2232.00;72
5339;9;622027163;5339;399;6525;6596;5.44;0.33;303.13;4.37;1186;13;2233.00;71
5342;9;622027177;5342;401;6528;6596;5.44;0.33;303.26;4.37;1186;13;2234.00;68
5347;9;622027191;5347;402;6532;6596;5.44;0.33;303.35;4.37;1185;13;2235.00;64
5348;9;622027205;5348;404;6534;6596;5.40;0.33;303.45;4.37;1186;13;2236.00;62
5352;9;622027219;5352;399;6535;6596;5.38;0.33;303.44;4.37;1183;13;2237.00;61
5354;9;622027234;5354;401;6535;6596;5.42;0.33;303.38;4.37;1181;13;2238.00;61
5359;9;622027248;5359;403;6536;6596;5.48;0.34;303.35;4.37;1177;13;2239.00;60
5363;9;622027263;5363;404;6537;6597;5.54;0.34;303.46;4.38;1174;13;2240.00;60
5366;9;622027278;5366;405;6539;6598;5.57;0.34;303.56;4.39;1173;13;2241.00;59
5369;9;622027292;5369;406;6539;6598;5.62;0.34;303.52;4.39;1170;13;2242.00;59
5374;9;622027305;5374;409;6544;6602;5.60;0.34;303.65;4.39;1170;13;2243.00;58
5376;9;622027320;5376;406;6546;6602;5.62;0.34;303.69;4.39;1170;13;2244.00;56
5381;9;622027335;5381;407;6547;6602;5.64;0.34;303.82;4.39;1166;13;2245.00;55
5383;9;622027350;5383;408;6547;6602;5.68;0.35;303.84;4.39;1164;13;2246.00;55
5392;9;622027365;5392;411;6552;6608;5.69;0.35;303.95;4.40;1160;13;2247.00;56
5394;9;622027381;5394;412;6553;6608;5.76;0.35;303.98;4.40;1159;13;2248.00;55
5399;9;622027395;5399;413;6553;6608;5.77;0.35;304.12;4.40;1154;13;2249.00;55
5400;9;622027411;5400;417;6558;6614;5.79;0.35;304.18;4.40;1158;13;2250.00;56
5407;9;622027425;5407;422;6559;6614;5.74;0.35;304.42;4.41;1152;13;2251.00;55
5410;9;622027440;5410;431;6560;6614;5.71;0.35;304.50;4.41;1150;13;2252.00;54
5414;9;622027454;5414;431;6562;6615;5.62;0.34;304.67;4.41;1148;13;2253.00;53
5415;9;622027469;5415;436;6562;6616;5.59;0.34;304.64;4.41;1147;13;2254.00;54
5417;9;622027483;5417;437;6564;6616;5.53;0.34;304.61;4.42;1147;13;2255.00;52
5420;9;622027498;5420;444;6572;6629;5.52;0.33;304.75;4.41;1152;13;2256.00;57
5422;9;622027516;5422;437;6575;6629;5.52;0.33;304.90;4.41;1153;13;2257.00;54
5425;9;622027531;5425;434;6576;6629;5.49;0.33;305.04;4.42;1151;13;2258.00;53
5428;9;622027546;5428;435;6576;6630;5.53;0.34;305.11;4.42;1148;13;2259.00;54
5430;9;622027562;5430;437;6577;6630;5.59;0.34;305.24;4.41;1147;13;2260.00;53
5431;9;622027577;5431;433;6580;6634;5.65;0.34;305.32;4.41;1149;13;2261.00;54
5432;9;622027592;5432;435;6582;6634;5.66;0.34;305.38;4.43;1150;13;2262.00;52
5435;9;622027606;5435;432;6586;6638;5.71;0.35;305.38;4.43;1151;13;2263.00;52
5438;9;622027628;5438;437;6586;6638;5.69;0.35;305.48;4.43;1148;13;2264.00;52
5439;9;622027641;5439;438;6588;6638;5.69;0.35;305.47;4.43;1149;13;2265.00;50
5442;9;622027653;5442;427;6588;6638;5.68;0.35;305.47;4.43;1146;13;2266.00;50
5444;9;622027667;5444;422;6589;6638;5.64;0.34;305.49;4.43;1145;13;2267.00;49
5447;9;622027680;5447;420;6597;6650;5.61;0.34;305.71;4.43;1150;13;2268.00;53
5449;9;622027694;5449;413;6598;6650;5.57;0.34;305.67;4.43;1149;13;2269.00;52
5450;9;622027718;5450;411;6598;6650;5.63;0.34;305.68;4.43;1148;13;2270.00;52
5451;9;622027735;5451;409;6599;6650;5.67;0.35;305.79;4.43;1148;13;2271.00;51
5452;9;622027756;5452;411;6601;6650;5.71;0.35;305.85;4.43;1149;13;2272.00;49
5455;9;622027786;5455;409;6602;6650;5.74;0.35;305.85;4.43;1147;13;2273.00;48
5459;9;622027810;5459;417;6602;6651;5.79;0.35;305.97;4.43;1143;13;2274.00;49
5460;9;622027832;5460;415;6602;6651;5.84;0.36;305.95;4.43;1142;14;2275.00;49
5463;9;622027861;5463;422;6607;6657;5.82;0.35;306.07;4.43;1144;14;2276.00;50
5465;9;622027877;5465;413;6608;6658;5.86;0.36;306.22;4.43;1143;14;2277.00;50
5469;9;622027893;5469;417;6608;6658;5.89;0.36;306.23;4.43;1139;14;2278.00;50
5473;9;622027907;5473;413;6609;6658;5.86;0.36;306.49;4.44;1136;14;2279.00;49
5476;9;622027925;5476;416;6612;6663;5.85;0.35;306.46;4.44;1136;14;2280.00;51
5479;9;622027940;5479;419;6613;6663;5.85;0.35;306.54;4.44;1134;14;2281.00;50
5482;9;622027955;5482;420;6613;6663;5.82;0.35;306.78;4.44;1131;14;2282.00;50
5484;9;622027970;5484;428;6614;6664;5.77;0.35;306.77;4.44;1130;14;2283.00;50
5488;9;622027984;5488;422;6617;6668;5.72;0.35;306.98;4.44;1129;14;2284.00;51
5494;9;622027998;5494;424;6617;6668;5.70;0.35;307.07;4.44;1123;14;2285.00;51
5495;9;622028011;5495;428;6619;6671;5.70;0.35;307.13;4.44;1124;14;2286.00;52
5498;9;622028025;5498;424;6620;6671;5.64;0.34;307.23;4.44;1122;14;2287.00;51
5505;9;622028038;5505;426;6621;6671;5.55;0.33;307.42;4.44;1116;14;2288.00;50
5506;9;622028052;5506;420;6621;6671;5.52;0.33;307.45;4.44;1115;14;2289.00;50
5508;9;622028064;5508;425;6625;6675;5.51;0.33;307.63;4.44;1117;14;2290.00;50
5510;9;622028078;5510;420;6625;6675;5.48;0.33;307.60;4.44;1115;14;2291.00;50
5511;9;622028097;5511;417;6625;6675;5.43;0.33;307.65;4.44;1114;14;2292.00;50
5514;9;622028110;5514;418;6625;6675;5.43;0.33;307.66;4.44;1111;14;2293.00;50
5514;9;622028122;5514;424;6625;6676;5.46;0.33;307.66;4.44;1111;14;2294.00;51
5517;9;622028135;5517;432;6627;6678;5.44;0.33;307.73;4.44;1110;14;2295.00;51
5518;9;622028149;5518;430;6627;6678;5.43;0.33;307.74;4.44;1109;14;2296.00;51
5520;9;622028161;5520;438;6628;6679;5.45;0.33;307.84;4.44;1108;14;2297.00;51
5520;9;622028173;5520;440;6628;6679;5.47;0.33;307.84;4.44;1108;14;2298.00;51
5523;9;622028186;5523;445;6628;6679;5.43;0.33;307.92;4.44;1105;14;2299.00;51
5524;9;622028199;5524;440;6628;6679;5.42;0.33;307.95;4.44;1104;14;2300.00;51
5526;9;622028216;5526;440;6628;6679;5.42;0.33;307.94;4.44;1102;14;2301.00;51
5527;9;622028228;5527;425;6628;6679;5.37;0.33;307.93;4.44;1101;14;2302.00;51
5529;9;622028240;5529;423;6628;6679;5.37;0.33;307.98;4.44;1099;14;2303.00;51
5529;9;622028254;5529;442;6702;6806;5.49;0.34;307.98;4.39;1173;14;2304.00;104
5530;9;622028277;5530;437;6703;6807;5.51;0.34;308.10;4.39;1173;14;2305.00;104
5534;9;622028290;5534;425;6710;6807;5.56;0.34;308.25;4.39;1176;14;2306.00;97
5536;9;622028303;5536;421;6711;6807;5.56;0.34;308.25;4.39;1175;14;2307.00;96
5538;9;622028316;5538;413;6718;6807;5.58;0.34;308.23;4.39;1180;14;2308.00;89
5541;9;622028329;5541;413;6722;6807;5.49;0.34;308.25;4.39;1181;14;2309.00;85
5542;9;622028343;5542;415;6725;6807;5.47;0.34;308.21;4.39;1183;14;2310.00;82
5544;9;622028356;5544;416;6728;6807;5.45;0.34;308.18;4.39;1184;14;2311.00;79
5544;9;622028368;5544;417;6730;6808;5.43;0.33;308.18;4.39;1186;14;2312.00;78
5546;9;622028381;5546;421;6734;6809;5.41;0.33;308.19;4.39;1188;14;2313.00;75
5548;9;622028395;5548;425;6736;6809;5.39;0.33;308.11;4.40;1188;14;2314.00;73
5550;9;622028407;5550;427;6739;6810;5.40;0.33;308.11;4.46;1189;14;2315.00;71
5551;9;622028424;5551;429;6742;6810;5.38;0.33;308.13;4.46;1191;14;2316.00;68
5552;9;622028438;5552;431;6742;6810;5.36;0.33;308.10;4.46;1190;14;2317.00;68
5553;9;622028450;5553;439;6743;6810;5.34;0.33;308.13;4.46;1190;14;2318.00;67
5556;9;622028463;5556;438;6747;6814;5.32;0.33;308.09;4.46;1191;14;2319.00;67
5560;9;622028477;5560;446;6747;6814;5.27;0.33;307.97;4.46;1187;14;2320.00;67
5562;9;622028490;5562;447;6749;6814;5.28;0.33;307.95;4.46;1187;14;2321.00;65
5565;9;622028502;5565;441;6750;6817;5.24;0.32;307.83;4.46;1185;14;2322.00;67
5567;9;622028516;5567;445;6752;6817;5.29;0.33;307.75;4.46;1185;14;2323.00;65
5571;9;622028529;5571;446;6752;6817;5.24;0.32;307.83;4.46;1181;14;2324.00;65
5574;9;622028542;5574;444;6756;6821;5.28;0.33;307.81;4.46;1182;14;2325.00;65
5575;9;622028555;5575;444;6758;6822;5.29;0.33;307.76;4.46;1183;14;2326.00;64
5578;9;622028568;5578;447;6759;6822;5.25;0.32;307.71;4.47;1181;14;2327.00;63
5578;9;622028581;5578;450;6763;6826;5.26;0.32;307.71;4.47;1185;14;2328.00;63
5583;9;622028593;5583;458;6764;6826;5.23;0.32;307.65;4.47;1181;14;2329.00;62
5586;9;622028606;5586;459;6765;6826;5.19;0.32;307.64;4.47;1179;14;2330.00;61
5587;9;622028620;5587;457;6765;6827;5.17;0.32;307.68;4.47;1178;14;2331.00;62
5590;9;622028632;5590;463;6766;6827;5.17;0.32;307.78;4.47;1176;14;2332.00;61
5593;9;622028645;5593;464;6771;6833;5.20;0.32;307.69;4.47;1178;14;2333.00;62
5597;9;622028659;5597;461;6772;6833;5.15;0.32;307.73;4.47;1175;14;2334.00;61
5601;9;622028674;5601;468;6772;6834;5.07;0.31;307.70;4.47;1171;14;2335.00;62
5603;9;622028693;5603;473;6772;6834;5.04;0.31;307.63;4.47;1169;14;2336.00;62
5604;9;622028707;5604;474;6772;6834;5.00;0.31;307.58;4.47;1168;14;2337.00;62
5607;9;622028720;5607;472;6772;6834;4.97;0.30;307.57;4.47;1165;14;2338.00;62
5607;9;622028734;5607;482;6772;6834;4.96;0.30;307.57;4.47;1165;14;2339.00;62
5607;9;622028748;5607;490;6797;6870;5.08;0.31;307.57;4.46;1190;14;2340.00;73
5607;9;622028770;5607;496;6799;6870;5.07;0.31;307.57;4.49;1192;14;2341.00;71
5609;9;622028783;5609;499;6805;6870;5.08;0.31;307.55;4.52;1196;14;2342.00;65
5611;9;622028795;5611;498;6806;6870;5.03;0.31;307.51;4.55;1195;14;2343.00;64
5611;9;622028813;5611;502;6807;6870;4.99;0.31;307.51;4.55;1196;14;2344.00;63
5614;9;622028825;5614;504;6807;6870;4.93;0.30;307.49;4.55;1193;14;2345.00;63
5614;9;622028838;5614;511;6812;6874;4.91;0.30;307.49;4.58;1198;14;2346.00;62
5617;9;622028850;5617;504;6812;6874;4.86;0.30;307.47;4.58;1195;14;2347.00;62
5619;9;622028869;5619;498;6819;6878;4.87;0.30;307.41;4.68;1200;14;2348.00;59
5621;9;622028882;5621;498;6820;6879;4.85;0.30;307.41;4.68;1199;14;2349.00;59
5621;9;622028895;5621;489;6823;6879;4.83;0.30;307.41;4.76;1202;14;2350.00;56
5622;9;622028907;5622;493;6824;6879;4.83;0.30;307.40;4.79;1202;14;2351.00;55
5624;9;622028919;5624;494;6833;6892;4.83;0.30;307.36;4.78;1209;14;2352.00;59
5626;9;622028932;5626;486;6834;6892;4.79;0.29;307.31;4.78;1208;14;2353.00;58
5627;9;622028950;5627;481;6838;6892;4.79;0.29;307.30;4.86;1211;14;2354.00;54
5629;9;622028962;5629;489;6839;6893;4.78;0.29;307.37;4.86;1210;14;2355.00;54
5631;9;622028975;5631;493;6841;6894;4.73;0.29;307.33;4.92;1210;14;2356.00;53
5634;9;622028987;5634;491;6841;6894;4.69;0.29;307.23;4.92;1207;14;2357.00;53
5636;9;622028999;5636;500;6844;6897;4.71;0.29;307.18;4.92;1208;14;2358.00;53
5637;9;622029011;5637;492;6846;6897;4.71;0.29;307.16;4.97;1209;14;2359.00;51
5638;9;622029023;5638;487;6846;6897;4.72;0.29;307.14;4.97;1208;14;2360.00;51
5639;9;622029034;5639;492;6848;6897;4.72;0.29;307.12;5.03;1209;14;2361.00;49
5640;9;622029065;5640;483;6853;6903;4.77;0.29;307.11;5.03;1213;14;2362.00;50
5642;9;622029095;5642;478;6854;6903;4.73;0.29;307.06;5.06;1212;14;2363.00;49
5642;9;622029124;5642;480;6855;6903;4.73;0.29;307.06;5.09;1213;14;2364.00;48
5643;9;622029148;5643;473;6856;6903;4.71;0.29;307.02;5.11;1213;14;2365.00;47
5643;9;622029165;5643;466;6860;6907;4.74;0.29;307.02;5.14;1217;14;2366.00;47
5645;9;622029181;5645;466;6862;6908;4.82;0.29;307.03;5.16;1217;14;2367.00;46
5645;9;622029197;5645;459;6863;6908;4.89;0.30;307.03;5.19;1218;14;2368.00;45
5649;9;622029212;5649;455;6864;6909;4.91;0.30;307.04;5.18;1215;14;2369.00;45
5653;9;622029232;5653;449;6865;6909;4.93;0.30;306.99;5.21;1212;14;2370.00;44
5656;9;622029245;5656;451;6866;6909;4.94;0.30;306.97;5.23;1210;14;2371.00;43
5659;9;622029259;5659;453;6867;6909;4.92;0.30;307.09;5.26;1208;14;2372.00;42
5659;9;622029274;5659;451;6868;6909;4.90;0.30;307.09;5.28;1209;14;2373.00;41
5661;9;622029286;5661;449;6869;6909;4.89;0.30;307.07;5.30;1208;14;2374.00;40
5662;9;622029306;5662;444;6870;6909;4.88;0.30;307.07;5.32;1208;14;2375.00;39
5664;9;622029322;5664;464;6926;6979;4.92;0.30;307.09;5.30;1262;14;2376.00;53
5666;9;622029344;5666;463;6928;6980;4.86;0.30;307.13;5.30;1262;14;2377.00;52
5669;9;622029360;5669;461;6930;6980;4.81;0.30;307.16;5.32;1261;14;2378.00;50
5671;9;622029374;5671;460;6932;6980;4.77;0.29;307.18;5.32;1261;14;2379.00;48
5674;9;622029389;5674;446;6933;6980;4.76;0.29;307.21;5.32;1259;14;2380.00;47
5677;9;622029403;5677;445;6933;6980;4.81;0.30;307.21;5.32;1256;14;2381.00;47
5679;9;622029418;5679;438;6933;6980;4.84;0.30;307.20;5.32;1254;14;2382.00;47
5682;9;622029430;5682;430;6933;6980;4.89;0.30;307.28;5.32;1251;14;2383.00;47
5686;9;622029444;5686;429;6935;6981;4.91;0.30;307.34;5.32;1249;14;2384.00;46
5689;9;622029459;5689;434;6936;6983;4.94;0.30;307.38;5.32;1247;14;2385.00;47
5694;9;622029473;5694;435;6937;6983;4.97;0.30;307.37;5.32;1243;14;2386.00;46
5698;9;622029487;5698;435;6940;6987;5.03;0.31;307.47;5.32;1242;14;2387.00;47
5701;9;622029502;5701;442;6941;6987;5.09;0.31;307.43;5.32;1240;14;2388.00;46
5706;9;622029518;5706;434;6941;6987;5.13;0.31;307.53;5.32;1235;14;2389.00;46
5707;9;622029533;5707;427;6941;6987;5.19;0.32;307.58;5.32;1234;14;2390.00;46
5710;9;622029548;5710;424;6944;6993;5.20;0.32;307.75;5.32;1234;14;2391.00;49
5713;9;622029564;5713;422;6944;6993;5.24;0.32;307.82;5.32;1231;14;2392.00;49
5715;9;622029579;5715;422;6944;6993;5.31;0.32;307.89;5.32;1229;14;2393.00;49
5718;9;622029594;5718;412;6945;6996;5.30;0.32;308.04;5.32;1227;14;2394.00;51
5723;9;622029611;5723;406;6945;6996;5.30;0.32;308.07;5.32;1222;14;2395.00;51
5726;9;622029626;5726;401;6945;6996;5.33;0.33;308.16;5.32;1219;14;2396.00;51
5731;9;622029642;5731;396;6946;6997;5.34;0.33;308.30;5.32;1215;14;2397.00;51
5734;9;622029658;5734;395;6946;6998;5.36;0.33;308.40;5.32;1212;14;2398.00;52
5739;9;622029673;5739;394;6946;6998;5.38;0.33;308.50;5.32;1207;14;2399.00;52
5744;9;622029692;5744;398;6969;7057;5.40;0.33;308.79;5.31;1225;14;2400.00;88
5748;9;622029720;5748;385;6970;7057;5.43;0.33;308.88;5.30;1222;14;2401.00;87
5752;9;622029740;5752;393;6973;7057;5.45;0.33;308.96;5.30;1221;14;2402.00;84
5757;9;622029762;5757;391;6973;7058;5.48;0.33;309.11;5.30;1216;14;2403.00;85
5761;9;622029785;5761;399;6975;7058;5.48;0.33;309.28;5.30;1214;14;2404.00;83
5764;9;622029808;5764;394;6977;7062;5.48;0.33;309.42;5.30;1213;14;2405.00;85
5767;9;622029830;5767;404;6979;7062;5.48;0.33;309.56;5.30;1212;14;2406.00;83
5771;9;622029854;5771;393;6982;7066;5.52;0.34;309.57;5.30;1211;14;2407.00;84
5776;9;622029874;5776;395;6983;7066;5.51;0.34;309.61;5.30;1207;14;2408.00;83
5779;9;622029892;5779;396;6983;7066;5.53;0.34;309.64;5.30;1204;14;2409.00;83
5783;9;622029910;5783;396;6986;7066;5.58;0.34;309.74;5.31;1203;14;2410.00;80
5786;9;622029928;5786;398;6988;7066;5.64;0.34;309.83;5.31;1202;14;2411.00;78
5789;9;622029944;5789;402;6993;7078;5.71;0.35;310.01;5.31;1204;14;2412.00;85
5793;9;622029962;5793;398;6993;7078;5.75;0.35;309.97;5.31;1200;14;2413.00;85
5799;9;622029979;5799;401;6995;7078;5.75;0.35;310.31;5.31;1196;14;2414.00;83
5803;9;622029998;5803;403;6998;7078;5.74;0.35;310.42;5.32;1195;14;2415.00;80
5810;9;622030018;5810;406;6999;7078;5.74;0.35;310.51;5.32;1189;14;2416.00;79
5816;9;622030039;5816;412;7002;7078;5.79;0.35;310.55;5.33;1186;14;2417.00;76
5822;9;622030060;5822;410;7003;7079;5.78;0.35;310.61;5.33;1181;14;2418.00;76
5826;9;622030078;5826;418;7005;7079;5.79;0.35;310.63;5.33;1179;14;2419.00;74
5829;9;622030097;5829;432;7011;7085;5.74;0.35;310.70;5.34;1182;14;2420.00;74
5833;9;622030117;5833;434;7014;7086;5.68;0.35;310.80;5.34;1181;14;2421.00;72
5836;9;622030134;5836;438;7016;7086;5.62;0.34;310.88;5.34;1180;14;2422.00;70
5838;9;622030154;5838;448;7017;7086;5.56;0.34;310.94;5.34;1179;14;2423.00;69
5841;9;622030171;5841;456;7018;7090;5.51;0.34;310.98;5.35;1177;14;2424.00;72
5843;9;622030190;5843;460;7019;7090;5.48;0.33;311.10;5.35;1176;14;2425.00;71
5847;9;622030207;5847;468;7023;7090;5.42;0.33;311.26;5.35;1176;14;2426.00;67
5852;9;622030226;5852;464;7023;7091;5.40;0.33;311.77;5.35;1171;14;2427.00;68
5853;9;622030244;5853;463;7027;7095;5.44;0.33;311.79;5.35;1174;14;2428.00;68
5856;9;622030261;5856;466;7030;7095;5.45;0.33;311.95;5.35;1174;14;2429.00;65
5859;9;622030294;5859;465;7035;7101;5.49;0.33;312.01;5.35;1176;14;2430.00;66
5866;9;622030313;5866;460;7036;7101;5.45;0.33;312.15;5.35;1170;14;2431.00;65
5868;9;622030334;5868;466;7038;7101;5.43;0.33;312.21;5.35;1170;14;2432.00;63
5870;9;622030353;5870;466;7038;7101;5.40;0.33;312.23;5.35;1168;14;2433.00;63
5874;9;622030381;5874;461;7042;7105;5.36;0.33;312.25;5.35;1168;14;2434.00;63
5875;9;622030400;5875;464;7042;7105;5.36;0.33;312.36;5.35;1167;14;2435.00;63
5878;9;622030417;5878;456;7042;7105;5.34;0.33;312.46;5.35;1164;14;2436.00;63
5881;9;622030435;5881;457;7042;7105;5.35;0.33;312.48;5.35;1161;14;2437.00;63
5884;9;622030452;5884;456;7043;7106;5.34;0.33;312.54;5.35;1159;14;2438.00;63
5886;9;622030470;5886;455;7044;7107;5.36;0.33;312.70;5.35;1158;14;2439.00;63
5890;9;622030489;5890;467;7044;7107;5.39;0.33;312.76;5.35;1154;14;2440.00;63
5893;9;622030505;5893;460;7045;7108;5.41;0.33;313.00;5.35;1152;14;2441.00;63
5893;9;622030524;5893;461;7045;7108;5.41;0.33;313.00;5.35;1152;14;2442.00;63
5898;9;622030541;5898;461;7046;7108;5.32;0.32;313.31;5.36;1148;14;2443.00;62
5900;9;622030563;5900;463;7046;7108;5.34;0.33;313.53;5.36;1146;14;2444.00;62
5902;9;622030591;5902;472;7046;7108;5.38;0.33;313.57;5.36;1144;14;2445.00;62
5905;9;622030608;5905;477;7046;7108;5.39;0.33;313.73;5.36;1141;14;2446.00;62
5908;9;622030627;5908;471;7046;7108;5.35;0.33;313.85;5.36;1138;14;2447.00;62
5908;9;622030645;5908;499;7112;7235;5.43;0.34;313.85;5.31;1204;14;2448.00;123
5909;9;622030679;5909;486;7113;7236;5.41;0.34;313.92;5.31;1204;14;2449.00;123
5912;9;622030697;5912;473;7119;7236;5.50;0.34;313.93;5.31;1207;14;2450.00;117
5915;9;622030715;5915;476;7120;7236;5.51;0.34;313.91;5.31;1205;14;2451.00;116
5919;9;622030735;5919;467;7126;7236;5.62;0.35;314.03;5.31;1207;14;2452.00;110
5920;9;622030753;5920;462;7129;7236;5.74;0.35;314.14;5.31;1209;14;2453.00;107
5922;9;622030771;5922;462;7134;7236;5.82;0.36;314.20;5.31;1212;14;2454.00;102
5925;9;622030788;5925;462;7138;7236;5.81;0.36;314.34;5.32;1213;14;2455.00;98
5926;9;622030804;5926;460;7143;7237;5.79;0.36;314.34;5.32;1217;14;2456.00;94
5931;9;622030819;5931;468;7148;7238;5.72;0.35;314.55;5.33;1217;14;2457.00;90
5931;9;622030834;5931;471;7150;7238;5.68;0.35;314.55;5.33;1219;14;2458.00;88
5933;9;622030848;5933;479;7152;7239;5.62;0.34;314.53;5.33;1219;14;2459.00;87
5937;9;622030873;5937;480;7154;7239;5.48;0.34;314.53;5.33;1217;14;2460.00;85
5941;9;622030891;5941;485;7156;7239;5.37;0.33;314.57;5.34;1215;14;2461.00;83
5942;9;622030906;5942;490;7156;7239;5.25;0.32;314.59;5.34;1214;14;2462.00;83
5944;9;622030923;5944;498;7162;7243;5.17;0.32;314.66;5.34;1218;14;2463.00;81
5947;9;622030939;5947;504;7165;7243;5.15;0.32;314.72;5.35;1218;14;2464.00;78
5951;9;622030955;5951;507;7167;7243;5.08;0.31;314.82;5.35;1216;14;2465.00;76
5953;9;622030971;5953;517;7170;7246;5.01;0.31;314.82;5.36;1217;14;2466.00;76
5954;9;622030989;5954;520;7170;7246;5.01;0.31;314.94;5.36;1216;14;2467.00;76
5956;9;622031009;5956;532;7172;7246;4.98;0.30;315.00;5.37;1216;14;2468.00;74
5958;9;622031022;5958;536;7177;7250;4.94;0.30;314.94;5.37;1219;14;2469.00;73
5959;9;622031041;5959;535;7180;7251;5.00;0.31;314.99;5.37;1221;14;2470.00;71
5961;9;622031065;5961;537;7181;7251;5.01;0.31;314.98;5.37;1220;14;2471.00;70
5963;9;622031081;5963;532;7182;7255;5.05;0.31;315.00;5.37;1219;14;2472.00;73
5963;9;622031095;5963;525;7182;7255;5.09;0.31;315.00;5.37;1219;14;2473.00;73
5968;9;622031110;5968;514;7183;7255;5.05;0.31;315.04;5.37;1215;14;2474.00;72
5972;9;622031125;5972;520;7185;7257;5.05;0.31;315.07;5.37;1213;14;2475.00;72
5978;9;622031143;5978;510;7185;7257;5.08;0.31;315.16;5.37;1207;14;2476.00;72
5983;9;622031160;5983;514;7190;7263;5.10;0.31;315.15;5.36;1207;14;2477.00;73
5984;9;622031177;5984;514;7190;7263;5.12;0.31;315.16;5.36;1206;14;2478.00;73
5988;9;622031193;5988;506;7190;7264;5.13;0.31;315.18;5.36;1202;14;2479.00;74
5992;9;622031208;5992;503;7190;7264;5.10;0.31;315.19;5.36;1198;14;2480.00;74
5995;9;622031231;5995;505;7190;7264;5.02;0.31;315.23;5.36;1195;14;2481.00;74
5996;9;622031244;5996;488;7190;7264;4.96;0.30;315.30;5.36;1194;14;2482.00;74
5999;9;622031258;5999;492;7190;7264;4.88;0.30;315.25;5.36;1191;14;2483.00;74
6004;9;622031272;6004;489;7200;7276;4.87;0.30;315.25;5.36;1196;14;2484.00;76
6006;9;622031288;6006;483;7203;7276;4.82;0.29;315.28;5.42;1197;14;2485.00;73
6009;9;622031304;6009;479;7203;7276;4.80;0.29;315.25;5.42;1194;14;2486.00;73
6014;9;622031318;6014;484;7203;7276;4.78;0.29;315.24;5.42;1189;14;2487.00;73
6014;9;622031340;6014;487;7204;7276;4.81;0.29;315.24;5.46;1190;14;2488.00;72
6017;9;622031354;6017;490;7204;7276;4.83;0.29;315.18;5.46;1187;14;2489.00;72
6020;9;622031368;6020;490;7207;7280;4.83;0.29;315.20;5.46;1187;14;2490.00;73
6021;9;622031382;6021;491;7207;7280;4.87;0.30;315.17;5.46;1186;14;2491.00;73
6024;9;622031397;6024;497;7211;7284;4.92;0.30;315.20;5.45;1187;14;2492.00;73
6026;9;622031413;6026;496;7211;7285;4.88;0.30;315.18;5.45;1185;14;2493.00;74
6030;9;622031428;6030;500;7212;7285;4.83;0.29;315.06;5.45;1182;14;2494.00;73
6031;9;622031443;6031;498;7213;7285;4.87;0.30;315.08;5.47;1182;14;2495.00;72
6031;9;622031459;6031;503;7222;7298;4.94;0.30;315.08;5.46;1191;14;2496.00;76
6033;9;622031474;6033;505;7222;7298;4.96;0.30;315.16;5.46;1189;14;2497.00;76
6034;9;622031490;6034;506;7222;7298;4.99;0.30;315.13;5.46;1188;14;2498.00;76
6038;9;622031507;6038;487;7223;7299;4.95;0.30;315.09;5.46;1185;14;2499.00;76
6040;9;622031525;6040;483;7223;7300;4.92;0.30;315.06;5.46;1183;14;2500.00;77
6041;9;622031547;6041;478;7225;7300;4.96;0.30;315.05;5.48;1184;14;2501.00;75
6044;9;622031562;6044;475;7227;7303;5.00;0.30;314.98;5.48;1183;14;2502.00;76
6046;9;622031578;6046;471;7229;7303;5.03;0.30;314.92;5.48;1183;14;2503.00;74
6047;9;622031593;6047;464;7230;7303;5.07;0.31;314.92;5.49;1183;14;2504.00;73
6049;9;622031611;6049;463;7230;7303;5.11;0.31;315.00;5.49;1181;14;2505.00;73
6049;9;622031634;6049;461;7238;7309;5.20;0.32;315.00;5.53;1189;14;2506.00;71
6051;9;622031649;6051;455;7238;7309;5.16;0.31;314.96;5.53;1187;14;2507.00;71
6051;9;622031667;6051;454;7238;7309;5.16;0.31;314.96;5.53;1187;14;2508.00;71
6052;9;622031682;6052;461;7240;7309;5.13;0.31;314.93;5.57;1188;14;2509.00;69
6052;9;622031697;6052;453;7243;7313;5.17;0.31;314.93;5.57;1191;14;2510.00;70
6053;9;622031712;6053;453;7244;7314;5.17;0.32;314.95;5.57;1191;14;2511.00;70
6055;9;622031727;6055;445;7246;7314;5.18;0.32;314.91;5.60;1191;14;2512.00;68
6058;9;622031745;6058;448;7247;7315;5.24;0.32;314.89;5.60;1189;14;2513.00;68
6060;9;622031774;6060;448;7248;7315;5.27;0.32;314.81;5.64;1188;14;2514.00;67
6060;9;622031800;6060;444;7249;7315;5.28;0.32;314.81;5.67;1189;14;2515.00;66
6060;9;622031820;6060;437;7249;7315;5.29;0.32;314.81;5.67;1189;14;2516.00;66
6060;9;622031839;6060;432;7249;7315;5.24;0.32;314.81;5.67;1189;14;2517.00;66
6064;9;622031859;6064;431;7250;7315;5.18;0.31;314.74;5.71;1186;14;2518.00;65
6066;9;622031876;6066;434;7250;7315;5.22;0.32;314.70;5.71;1184;14;2519.00;65
6066;9;622031895;6066;451;7309;7440;5.48;0.34;314.70;5.70;1243;14;2520.00;131
6067;9;622031926;6067;456;7311;7441;5.49;0.34;314.77;5.69;1244;14;2521.00;130
6069;9;622031943;6069;451;7324;7441;5.59;0.34;314.72;5.76;1255;14;2522.00;117
6069;9;622031961;6069;445;7333;7441;5.64;0.35;314.72;5.75;1264;14;2523.00;108
6070;9;622031978;6070;447;7341;7441;5.61;0.35;314.82;5.78;1271;14;2524.00;100
6074;9;622031994;6074;444;7346;7441;5.56;0.34;315.00;5.78;1272;14;2525.00;95
6075;9;622032014;6075;448;7352;7441;5.53;0.34;314.99;5.81;1277;14;2526.00;89
6077;9;622032031;6077;450;7353;7441;5.47;0.34;315.11;5.81;1276;14;2527.00;88
6079;9;622032048;6079;457;7358;7442;5.42;0.33;315.07;5.82;1279;14;2528.00;84
6080;9;622032065;6080;460;7365;7443;5.39;0.33;315.15;5.85;1285;14;2529.00;78
6082;9;622032082;6082;459;7366;7443;5.32;0.33;315.07;5.85;1284;14;2530.00;77
6084;9;622032101;6084;459;7375;7447;5.26;0.32;315.11;5.91;1291;14;2531.00;72
6086;9;622032122;6086;461;7375;7447;5.22;0.32;315.16;5.91;1289;14;2532.00;72
6087;9;622032139;6087;457;7375;7447;5.22;0.32;315.22;5.91;1288;14;2533.00;72
6088;9;622032157;6088;455;7378;7447;5.20;0.32;315.20;5.97;1290;14;2534.00;69
6089;9;622032177;6089;460;7383;7453;5.19;0.32;315.24;5.97;1294;14;2535.00;70
6093;9;622032208;6093;463;7385;7453;5.17;0.32;315.44;6.03;1292;14;2536.00;68
6098;9;622032228;6098;464;7386;7455;5.12;0.31;315.41;6.03;1288;14;2537.00;69
6099;9;622032250;6099;457;7391;7458;5.11;0.31;315.48;6.09;1292;14;2538.00;67
6102;9;622032271;6102;451;7391;7458;5.13;0.31;315.57;6.09;1289;14;2539.00;67
6105;9;622032293;6105;452;7392;7458;5.13;0.31;315.60;6.12;1287;14;2540.00;66
6109;9;622032316;6109;452;7394;7459;5.06;0.31;315.72;6.14;1285;14;2541.00;65
6113;9;622032343;6113;463;7395;7460;5.01;0.31;315.69;6.14;1282;14;2542.00;65
6113;9;622032364;6113;464;7395;7460;5.02;0.31;315.69;6.14;1282;14;2543.00;65
6120;9;622032380;6120;464;7404;7473;5.01;0.31;315.70;6.14;1284;14;2544.00;69
6124;9;622032401;6124;462;7405;7473;4.97;0.30;315.80;6.14;1281;15;2545.00;68
6129;9;622032438;6129;464;7405;7473;4.90;0.30;315.93;6.14;1276;15;2546.00;68
6132;9;622032470;6132;465;7407;7474;4.85;0.30;316.01;6.13;1275;15;2547.00;67
6136;9;622032489;6136;467;7407;7474;4.77;0.29;316.07;6.13;1271;15;2548.00;67
6137;9;622032508;6137;474;7409;7478;4.76;0.29;316.07;6.13;1272;15;2549.00;69
6141;9;622032531;6141;473;7412;7481;4.71;0.29;316.08;6.13;1271;15;2550.00;69
6143;9;622032553;6143;461;7416;7485;4.70;0.29;316.17;6.13;1273;15;2551.00;69
6146;9;622032571;6146;452;7416;7485;4.70;0.29;316.23;6.13;1270;15;2552.00;69
6151;9;622032595;6151;441;7416;7485;4.71;0.29;316.21;6.13;1265;15;2553.00;69
6155;9;622032618;6155;438;7416;7485;4.76;0.29;316.26;6.13;1261;15;2554.00;69
6157;9;622032637;6157;437;7416;7485;4.84;0.30;316.21;6.13;1259;15;2555.00;69
6159;9;622032656;6159;436;7424;7497;4.94;0.30;316.26;6.12;1265;15;2556.00;73
6161;9;622032673;6161;420;7424;7497;5.09;0.31;316.33;6.12;1263;15;2557.00;73
6165;9;622032688;6165;414;7424;7497;5.18;0.32;316.60;6.12;1259;15;2558.00;73
6169;9;622032703;6169;405;7424;7497;5.24;0.32;316.68;6.12;1255;15;2559.00;73
6174;9;622032718;6174;406;7424;7497;5.26;0.32;316.74;6.12;1250;15;2560.00;73
6176;9;622032739;6176;392;7424;7497;5.31;0.33;316.77;6.12;1248;15;2561.00;73
6179;9;622032755;6179;383;7424;7498;5.37;0.33;316.91;6.12;1245;15;2562.00;74
6183;9;622032769;6183;378;7425;7498;5.39;0.33;316.99;6.12;1242;15;2563.00;73
6187;9;622032784;6187;376;7430;7504;5.50;0.34;317.17;6.12;1243;15;2564.00;74
6193;9;622032799;6193;369;7432;7506;5.58;0.34;317.26;6.12;1239;15;2565.00;74
6198;9;622032814;6198;366;7432;7506;5.66;0.35;317.49;6.12;1234;15;2566.00;74
6202;9;622032829;6202;362;7432;7506;5.70;0.35;317.59;6.12;1230;15;2567.00;74
6208;9;622032843;6208;353;7434;7510;5.72;0.35;317.88;6.12;1226;15;2568.00;76
6212;9;622032862;6212;357;7435;7510;5.72;0.35;318.00;6.12;1223;15;2569.00;75
6221;9;622032876;6221;352;7436;7510;5.64;0.35;317.96;6.12;1215;15;2570.00;74
6225;9;622032891;6225;351;7436;7511;5.62;0.34;318.04;6.12;1211;15;2571.00;75
6232;9;622032905;6232;341;7440;7515;5.59;0.34;318.26;6.12;1208;15;2572.00;75
6237;9;622032919;6237;347;7440;7515;5.56;0.34;318.27;6.12;1203;15;2573.00;75
6242;9;622032933;6242;347;7444;7518;5.57;0.34;318.51;6.12;1202;15;2574.00;74
6249;9;622032947;6249;354;7444;7518;5.52;0.34;318.65;6.12;1195;15;2575.00;74
6254;9;622032961;6254;354;7445;7518;5.48;0.34;318.67;6.11;1191;15;2576.00;73
6258;9;622032976;6258;364;7445;7518;5.43;0.33;318.69;6.11;1187;15;2577.00;73
6262;9;622032989;6262;367;7449;7522;5.39;0.33;318.72;6.11;1187;15;2578.00;73
6267;9;622033003;6267;367;7449;7522;5.41;0.33;318.74;6.11;1182;15;2579.00;73
6271;9;622033019;6271;376;7449;7522;5.42;0.33;318.80;6.11;1178;15;2580.00;73
6276;9;622033032;6276;381;7450;7522;5.40;0.33;318.73;6.12;1174;15;2581.00;72
6279;9;622033046;6279;383;7450;7523;5.45;0.33;318.79;6.12;1171;15;2582.00;73
6282;9;622033060;6282;386;7451;7524;5.50;0.34;318.76;6.12;1169;15;2583.00;73
6284;9;622033073;6284;386;7451;7524;5.51;0.34;318.80;6.12;1167;15;2584.00;73
6289;9;622033086;6289;389;7452;7525;5.52;0.34;318.87;6.12;1163;15;2585.00;73
6289;9;622033100;6289;390;7452;7525;5.55;0.34;318.87;6.12;1163;15;2586.00;73
6296;9;622033112;6296;391;7452;7525;5.48;0.33;318.96;6.12;1156;15;2587.00;73
6299;9;622033126;6299;402;7452;7525;5.44;0.33;318.90;6.12;1153;15;2588.00;73
6301;9;622033139;6301;400;7452;7525;5.40;0.33;318.92;6.12;1151;15;2589.00;73
6305;9;622033152;6305;413;7452;7525;5.35;0.33;318.98;6.12;1147;15;2590.00;73
6306;9;622033165;6306;421;7452;7525;5.29;0.32;318.96;6.12;1146;15;2591.00;73
6307;9;622033178;6307;443;7524;7652;5.40;0.33;318.99;6.07;1217;15;2592.00;128
6309;9;622033200;6309;435;7527;7653;5.36;0.33;319.07;6.07;1218;15;2593.00;126
6311;9;622033213;6311;430;7531;7653;5.39;0.33;319.09;6.07;1220;15;2594.00;122
6312;9;622033226;6312;439;7532;7653;5.44;0.34;319.20;6.06;1220;15;2595.00;121
6312;9;622033239;6312;440;7536;7653;5.48;0.34;319.20;6.06;1224;15;2596.00;117
6313;9;622033252;6313;435;7538;7653;5.50;0.34;319.22;6.06;1225;15;2597.00;115
6314;9;622033267;6314;437;7542;7653;5.51;0.34;319.23;6.06;1228;15;2598.00;111
6315;9;622033280;6315;433;7545;7653;5.50;0.34;319.22;6.06;1230;15;2599.00;108
6319;9;622033294;6319;439;7548;7654;5.52;0.34;319.25;6.06;1229;15;2600.00;106
6320;9;622033312;6320;444;7550;7655;5.46;0.34;319.34;6.07;1230;15;2601.00;105
6324;9;622033326;6324;441;7553;7655;5.44;0.34;319.64;6.07;1229;15;2602.00;102
6325;9;622033340;6325;452;7555;7656;5.37;0.33;319.61;6.07;1230;15;2603.00;101
6328;9;622033354;6328;458;7557;7656;5.26;0.33;319.80;6.07;1229;15;2604.00;99
6332;9;622033368;6332;463;7560;7656;5.17;0.32;320.04;6.07;1228;15;2605.00;96
6334;9;622033389;6334;463;7563;7656;5.10;0.32;320.06;6.08;1229;15;2606.00;93
6336;9;622033403;6336;469;7567;7660;5.04;0.31;320.10;6.07;1231;15;2607.00;93
6340;9;622033417;6340;475;7569;7660;5.03;0.31;320.28;6.07;1229;15;2608.00;91
6342;9;622033430;6342;479;7570;7660;5.04;0.31;320.37;6.08;1228;15;2609.00;90
6343;9;622033446;6343;480;7574;7666;5.04;0.31;320.44;6.08;1231;15;2610.00;92
6345;9;622033460;6345;485;7575;7666;5.01;0.31;320.54;6.08;1230;15;2611.00;91
6346;9;622033475;6346;498;7577;7666;5.06;0.31;320.56;6.08;1231;15;2612.00;89
6349;9;622033489;6349;508;7580;7670;5.12;0.31;320.65;6.08;1231;15;2613.00;90
6351;9;622033502;6351;515;7583;7671;5.21;0.32;320.78;6.08;1232;15;2614.00;88
6354;9;622033516;6354;510;7583;7671;5.26;0.32;320.75;6.08;1229;15;2615.00;88
6359;9;622033530;6359;514;7587;7675;5.27;0.32;320.76;6.08;1228;15;2616.00;88
6361;9;622033544;6361;510;7588;7675;5.30;0.32;320.78;6.08;1227;15;2617.00;87
6366;9;622033558;6366;508;7589;7675;5.25;0.32;320.98;6.08;1223;15;2618.00;86
6366;9;622033572;6366;505;7591;7676;5.30;0.32;320.98;6.09;1225;15;2619.00;85
6368;9;622033585;6368;497;7592;7676;5.31;0.32;321.08;6.09;1224;15;2620.00;84
6369;9;622033599;6369;494;7596;7682;5.34;0.33;321.15;6.09;1227;15;2621.00;86
6370;9;622033613;6370;498;7597;7682;5.41;0.33;321.15;6.09;1227;15;2622.00;85
6373;9;622033627;6373;492;7597;7683;5.40;0.33;321.18;6.09;1224;15;2623.00;86
6376;9;622033640;6376;498;7597;7683;5.33;0.33;321.24;6.09;1221;15;2624.00;86
6379;9;622033653;6379;498;7597;7683;5.26;0.32;321.31;6.09;1218;15;2625.00;86
6386;9;622033666;6386;496;7597;7683;5.11;0.31;321.53;6.09;1211;15;2626.00;86
6389;9;622033680;6389;506;7597;7683;5.00;0.31;321.49;6.09;1208;15;2627.00;86
6394;9;622033693;6394;508;7607;7695;4.95;0.30;321.63;6.08;1213;15;2628.00;88
6399;9;622033707;6399;508;7607;7695;4.88;0.30;321.69;6.08;1208;15;2629.00;88
6402;9;622033720;6402;510;7608;7695;4.83;0.30;321.74;6.08;1206;15;2630.00;87
6403;9;622033733;6403;504;7608;7695;4.84;0.30;321.69;6.08;1205;15;2631.00;87
6406;9;622033754;6406;510;7608;7695;4.82;0.30;321.78;6.08;1202;15;2632.00;87
6411;9;622033777;6411;517;7608;7695;4.79;0.29;321.81;6.08;1197;15;2633.00;87
6415;9;622033798;6415;519;7611;7699;4.77;0.29;321.88;6.08;1196;15;2634.00;88
6417;9;622033819;6417;520;7612;7699;4.75;0.29;321.94;6.09;1195;15;2635.00;87
6421;9;622033837;6421;529;7616;7703;4.74;0.29;321.91;6.09;1195;15;2636.00;87
6423;9;622033854;6423;538;7617;7704;4.73;0.29;321.87;6.09;1194;15;2637.00;87
6426;9;622033868;6426;538;7617;7704;4.69;0.28;321.89;6.09;1191;15;2638.00;87
6426;9;622033882;6426;539;7617;7704;4.67;0.28;321.89;6.09;1191;15;2639.00;87
6428;9;622033897;6428;548;7640;7733;4.69;0.29;321.89;6.07;1212;15;2640.00;93
6429;9;622033913;6429;538;7640;7733;4.71;0.29;321.85;6.07;1211;15;2641.00;93
6432;9;622033927;6432;532;7642;7733;4.68;0.28;321.79;6.07;1210;15;2642.00;91
6434;9;622033942;6434;527;7643;7734;4.67;0.28;321.71;6.07;1209;15;2643.00;91
6437;9;622033955;6437;525;7643;7735;4.65;0.28;321.68;6.07;1206;15;2644.00;92
6438;9;622033970;6438;526;7643;7735;4.64;0.28;321.64;6.07;1205;15;2645.00;92
6439;9;622033983;6439;524;7645;7738;4.67;0.28;321.66;6.07;1206;15;2646.00;93
6441;9;622033996;6441;520;7646;7738;4.69;0.29;321.67;6.08;1205;15;2647.00;92
6442;9;622034009;6442;520;7647;7738;4.70;0.29;321.68;6.08;1205;15;2648.00;91
6443;9;622034021;6443;523;7647;7738;4.68;0.28;321.69;6.08;1204;15;2649.00;91
6443;9;622034034;6443;515;7652;7744;4.71;0.29;321.69;6.08;1209;15;2650.00;92
6444;9;622034047;6444;504;7652;7744;4.72;0.29;321.70;6.08;1208;15;2651.00;92
6447;9;622034060;6447;486;7652;7744;4.76;0.29;321.80;6.08;1205;15;2652.00;92
6448;9;622034073;6448;469;7652;7744;4.84;0.29;321.92;6.08;1204;15;2653.00;92
6451;9;622034086;6451;468;7655;7748;4.87;0.30;322.03;6.08;1204;15;2654.00;93
6453;9;622034099;6453;462;7659;7750;4.92;0.30;322.10;6.16;1206;15;2655.00;91
6458;9;622034114;6458;456;7659;7750;4.94;0.30;322.10;6.16;1201;15;2656.00;91
6461;9;622034129;6461;456;7660;7751;4.95;0.30;322.11;6.16;1199;15;2657.00;91
6462;9;622034157;6462;454;7660;7751;5.02;0.31;322.12;6.16;1198;15;2658.00;91
6465;9;622034170;6465;447;7660;7751;5.05;0.31;322.12;6.16;1195;15;2659.00;91
6468;9;622034184;6468;448;7660;7751;5.13;0.31;322.07;6.16;1192;15;2660.00;91
6469;9;622034199;6469;436;7660;7751;5.20;0.32;322.03;6.16;1191;15;2661.00;91
6469;9;622034212;6469;441;7660;7751;5.28;0.32;322.03;6.16;1191;15;2662.00;91
6472;9;622034226;6472;437;7661;7751;5.33;0.32;322.15;6.17;1189;15;2663.00;90
6474;9;622034239;6474;443;7698;7821;5.52;0.34;322.10;6.14;1224;15;2664.00;123
6475;10;622034261;6475;433;7701;7822;5.55;0.34;322.06;6.15;1226;16;2665.00;121
6476;10;622034289;6476;435;7707;7822;5.60;0.34;322.04;6.14;1231;16;2666.00;115
6477;10;622034303;6477;435;7711;7822;5.60;0.34;322.07;6.14;1234;16;2667.00;111
6477;10;622034322;6477;431;7715;7822;5.63;0.34;322.07;6.14;1238;16;2668.00;107
6478;10;622034336;6478;427;7717;7822;5.65;0.34;322.02;6.14;1239;16;2669.00;105
6478;10;622034357;6478;430;7719;7822;5.66;0.34;322.02;6.14;1241;16;2670.00;103
6479;10;622034371;6479;424;7721;7822;5.70;0.35;322.02;6.14;1242;16;2671.00;101
6483;10;622034385;6483;428;7723;7823;5.71;0.35;322.17;6.14;1240;16;2672.00;100
6485;10;622034399;6485;418;7724;7824;5.70;0.35;322.18;6.14;1239;16;2673.00;100
6488;10;622034413;6488;418;7726;7824;5.66;0.34;322.48;6.14;1238;16;2674.00;98
6490;10;622034428;6490;417;7732;7828;5.64;0.34;322.57;6.14;1242;16;2675.00;96
6493;10;622034444;6493;415;7733;7828;5.57;0.34;322.62;6.14;1240;16;2676.00;95
6497;10;622034459;6497;416;7733;7828;5.54;0.34;322.48;6.14;1236;16;2677.00;95
6498;10;622034475;6498;425;7733;7828;5.52;0.34;322.52;6.14;1235;16;2678.00;95
6500;10;622034489;6500;427;7738;7834;5.53;0.34;322.46;6.14;1238;16;2679.00;96
6502;10;622034505;6502;428;7740;7834;5.51;0.33;322.50;6.22;1238;16;2680.00;94
6502;10;622034520;6502;436;7740;7834;5.53;0.34;322.50;6.22;1238;16;2681.00;94
6506;10;622034535;6506;445;7742;7837;5.51;0.34;322.50;6.22;1236;16;2682.00;95
6508;10;622034550;6508;447;7744;7837;5.53;0.34;322.56;6.27;1236;16;2683.00;93
6511;10;622034565;6511;453;7744;7837;5.51;0.34;322.80;6.27;1233;16;2684.00;93
6516;10;622034580;6516;464;7745;7838;5.51;0.33;322.85;6.31;1229;16;2685.00;93
6518;10;622034595;6518;475;7747;7839;5.52;0.34;322.81;6.35;1229;16;2686.00;92
6521;10;622034609;6521;480;7747;7839;5.49;0.33;323.01;6.35;1226;16;2687.00;92
6521;10;622034623;6521;486;7758;7852;5.52;0.34;323.01;6.34;1237;16;2688.00;94
6527;10;622034637;6527;486;7759;7852;5.51;0.34;323.14;6.39;1232;16;2689.00;93
6529;10;622034652;6529;488;7759;7852;5.51;0.34;323.27;6.39;1230;16;2690.00;93
6532;10;622034666;6532;492;7761;7853;5.49;0.33;323.34;6.43;1229;16;2691.00;92
6533;10;622034688;6533;488;7761;7853;5.53;0.34;323.36;6.43;1228;16;2692.00;92
6535;10;622034702;6535;491;7766;7857;5.59;0.34;323.46;6.47;1231;16;2693.00;91
6537;10;622034715;6537;489;7766;7857;5.64;0.34;323.43;6.47;1229;16;2694.00;91
6539;10;622034728;6539;481;7771;7861;5.69;0.35;323.56;6.55;1232;16;2695.00;90
6540;10;622034744;6540;483;7771;7861;5.70;0.35;323.55;6.55;1231;16;2696.00;90
6544;10;622034758;6544;484;7771;7861;5.65;0.34;323.59;6.55;1227;16;2697.00;90
6547;10;622034773;6547;489;7773;7861;5.64;0.34;323.66;6.63;1226;16;2698.00;88
6548;10;622034787;6548;479;7775;7861;5.63;0.34;323.63;6.71;1227;16;2699.00;86
6551;10;622034803;6551;479;7803;7910;5.68;0.35;323.79;6.77;1252;16;2700.00;107
6551;10;622034825;6551;474;7805;7910;5.75;0.35;323.79;6.77;1254;16;2701.00;105
6555;10;622034838;6555;465;7807;7910;5.78;0.35;323.96;6.76;1252;16;2702.00;103
6559;10;622034852;6559;464;7809;7910;5.78;0.35;324.09;6.84;1250;16;2703.00;101
6561;10;622034866;6561;466;7811;7910;5.78;0.35;324.09;6.84;1250;16;2704.00;99
6563;10;622034879;6563;466;7813;7910;5.75;0.35;324.21;6.92;1250;16;2705.00;97
6565;10;622034893;6565;466;7815;7911;5.77;0.35;324.36;6.92;1250;16;2706.00;96
6569;10;622034908;6569;464;7816;7911;5.80;0.35;324.34;6.92;1247;16;2707.00;95
6571;10;622034921;6571;462;7820;7917;5.87;0.36;324.42;6.91;1249;16;2708.00;97
6574;10;622034936;6574;464;7823;7918;5.88;0.36;324.63;6.99;1249;16;2709.00;95
6574;10;622034949;6574;470;7824;7918;5.89;0.36;324.63;7.02;1250;16;2710.00;94
6579;10;622034962;6579;470;7827;7918;5.82;0.36;324.74;7.13;1248;16;2711.00;91
6583;10;622034977;6583;472;7831;7922;5.77;0.35;324.74;7.13;1248;16;2712.00;91
6586;10;622034990;6586;474;7833;7922;5.66;0.35;324.65;7.16;1247;16;2713.00;89
6590;10;622035003;6590;478;7833;7922;5.62;0.34;324.70;7.16;1243;16;2714.00;89
6595;10;622035017;6595;482;7836;7923;5.58;0.34;324.76;7.23;1241;16;2715.00;87
6597;10;622035031;6597;481;7839;7927;5.54;0.34;324.78;7.23;1242;16;2716.00;88
6601;10;622035044;6601;482;7841;7927;5.50;0.34;324.82;7.26;1240;16;2717.00;86
6605;10;622035057;6605;479;7844;7930;5.50;0.34;324.80;7.26;1239;16;2718.00;86
6610;10;622035070;6610;483;7845;7930;5.47;0.33;324.96;7.29;1235;16;2719.00;85
6615;10;622035083;6615;472;7847;7930;5.42;0.33;324.97;7.32;1232;16;2720.00;83
6621;10;622035096;6621;472;7848;7930;5.37;0.33;324.99;7.35;1227;16;2721.00;82
6623;10;622035110;6623;469;7852;7934;5.37;0.33;324.98;7.35;1229;16;2722.00;82
6628;10;622035124;6628;464;7852;7934;5.38;0.33;325.00;7.35;1224;16;2723.00;82
6632;10;622035137;6632;460;7853;7934;5.39;0.33;325.02;7.35;1221;16;2724.00;81
6634;10;622035150;6634;462;7853;7934;5.40;0.33;325.04;7.35;1219;16;2725.00;81
6638;11;622035163;6638;458;7853;7935;5.50;0.34;325.25;7.35;1215;17;2726.00;82
6642;11;622035183;6642;453;7854;7936;5.58;0.34;325.36;7.35;1212;17;2727.00;82
6644;11;622035197;6644;449;7855;7936;5.63;0.34;325.51;7.35;1211;17;2728.00;81
6648;11;622035210;6648;444;7857;7937;5.66;0.35;325.67;7.36;1209;17;2729.00;80
6653;11;622035231;6653;445;7857;7937;5.70;0.35;325.70;7.36;1204;17;2730.00;80
6655;11;622035245;6655;435;7859;7937;5.76;0.35;325.69;7.36;1204;17;2731.00;78
6661;11;622035259;6661;427;7859;7937;5.76;0.35;325.72;7.36;1198;17;2732.00;78
6663;11;622035273;6663;436;7859;7937;5.79;0.35;325.75;7.36;1196;17;2733.00;78
6669;11;622035286;6669;442;7859;7937;5.79;0.35;325.85;7.36;1190;17;2734.00;78
6673;11;622035299;6673;446;7860;7937;5.81;0.35;325.93;7.36;1187;17;2735.00;77
6676;11;622035313;6676;463;7934;8064;5.99;0.37;325.97;7.29;1258;17;2736.00;130
6678;11;622035336;6678;456;7936;8065;6.01;0.37;325.92;7.29;1258;17;2737.00;129
6685;11;622035350;6685;453;7942;8065;6.01;0.37;326.15;7.29;1257;17;2738.00;123
6688;11;622035364;6688;455;7942;8065;6.06;0.37;326.17;7.29;1254;17;2739.00;123
6693;11;622035377;6693;465;7946;8065;6.04;0.37;326.23;7.29;1253;17;2740.00;119
6696;11;622035391;6696;465;7950;8065;6.00;0.37;326.20;7.28;1254;17;2741.00;115
6699;11;622035405;6699;466;7953;8065;5.93;0.37;326.23;7.30;1254;17;2742.00;112
6704;11;622035419;6704;470;7957;8065;5.88;0.36;326.36;7.30;1253;17;2743.00;108
6711;11;622035433;6711;477;7960;8066;5.78;0.36;326.51;7.30;1249;17;2744.00;106
6713;11;622035447;6713;483;7965;8068;5.79;0.36;326.64;7.30;1252;17;2745.00;103
6718;11;622035464;6718;499;7966;8068;5.76;0.36;326.87;7.30;1248;17;2746.00;102
6725;11;622035479;6725;500;7967;8069;5.68;0.35;326.97;7.30;1242;17;2747.00;102
6729;11;622035493;6729;499;7970;8069;5.60;0.34;326.93;7.30;1241;17;2748.00;99
6733;11;622035507;6733;502;7972;8069;5.52;0.34;326.96;7.30;1239;17;2749.00;97
6738;11;622035520;6738;510;7975;8069;5.42;0.33;326.92;7.30;1237;17;2750.00;94
6742;11;622035534;6742;513;7979;8073;5.36;0.33;326.91;7.30;1237;17;2751.00;94
6745;11;622035548;6745;520;7980;8073;5.28;0.32;326.88;7.30;1235;17;2752.00;93
6751;11;622035567;6751;532;7980;8073;5.21;0.32;327.00;7.30;1229;17;2753.00;93
6755;11;622035580;6755;528;7983;8076;5.19;0.32;327.07;7.30;1228;17;2754.00;93
6758;11;622035594;6758;531;7983;8076;5.15;0.32;327.08;7.30;1225;17;2755.00;93
6763;11;622035607;6763;541;7985;8076;5.13;0.31;327.10;7.30;1222;17;2756.00;91
6766;11;622035620;6766;546;7988;8080;5.15;0.32;327.18;7.30;1222;17;2757.00;92
6769;11;622035634;6769;553;7991;8081;5.10;0.31;327.21;7.30;1222;17;2758.00;90
6772;11;622035647;6772;560;7992;8081;5.11;0.31;327.25;7.30;1220;17;2759.00;89
6776;11;622035661;6776;558;7996;8086;5.05;0.31;327.20;7.30;1220;17;2760.00;90
6780;11;622035674;6780;564;7997;8086;4.99;0.31;327.19;7.30;1217;17;2761.00;89
6783;11;622035689;6783;565;7997;8086;4.96;0.30;327.32;7.30;1214;17;2762.00;89
6785;11;622035702;6785;566;7998;8087;4.96;0.30;327.29;7.30;1213;17;2763.00;89
6786;11;622035718;6786;574;7998;8087;4.85;0.30;327.33;7.30;1212;17;2764.00;89
6790;11;622035733;6790;584;8003;8093;4.78;0.29;327.35;7.30;1213;17;2765.00;90
6796;11;622035755;6796;584;8003;8093;4.65;0.28;327.46;7.30;1207;17;2766.00;90
6802;11;622035779;6802;576;8003;8094;4.55;0.28;327.59;7.30;1201;17;2767.00;91
6805;11;622035801;6805;577;8003;8094;4.50;0.27;327.75;7.30;1198;17;2768.00;91
6808;11;622035822;6808;568;8003;8094;4.47;0.27;327.78;7.30;1195;17;2769.00;91
6811;11;622035841;6811;575;8003;8094;4.44;0.27;327.76;7.30;1192;17;2770.00;91
6815;11;622035859;6815;573;8003;8094;4.41;0.27;327.70;7.30;1188;17;2771.00;91
6817;11;622035873;6817;581;8013;8106;4.53;0.28;327.72;7.29;1196;17;2772.00;93
6819;11;622035889;6819;578;8014;8106;4.55;0.28;327.68;7.29;1195;17;2773.00;92
6820;11;622035903;6820;586;8014;8106;4.56;0.28;327.66;7.29;1194;17;2774.00;92
6822;11;622035918;6822;593;8014;8106;4.54;0.28;327.71;7.29;1192;17;2775.00;92
6825;11;622035932;6825;589;8014;8106;4.53;0.28;327.67;7.29;1189;17;2776.00;92
6826;11;622035946;6826;579;8014;8106;4.53;0.28;327.66;7.29;1188;17;2777.00;92
6827;11;622035960;6827;576;8017;8110;4.55;0.28;327.68;7.28;1190;17;2778.00;93
6828;11;622035975;6828;576;8017;8110;4.61;0.28;327.63;7.28;1189;17;2779.00;93
6829;11;622035989;6829;570;8021;8114;4.68;0.28;327.60;7.28;1192;17;2780.00;93
6833;11;622036003;6833;570;8022;8115;4.69;0.28;327.58;7.28;1189;17;2781.00;93
6833;11;622036018;6833;570;8022;8115;4.72;0.29;327.58;7.28;1189;17;2782.00;93
6835;11;622036031;6835;571;8022;8115;4.76;0.29;327.57;7.28;1187;17;2783.00;93
6836;11;622036045;6836;572;8033;8128;4.86;0.30;327.52;7.27;1197;17;2784.00;95
6837;11;622036060;6837;580;8033;8128;4.91;0.30;327.56;7.27;1196;17;2785.00;95
6840;11;622036075;6840;574;8033;8128;4.94;0.30;327.54;7.27;1193;17;2786.00;95
6843;11;622036092;6843;579;8034;8129;4.97;0.30;327.44;7.27;1191;17;2787.00;95
6843;11;622036108;6843;575;8034;8130;5.01;0.30;327.44;7.27;1191;17;2788.00;96
6848;11;622036122;6848;575;8034;8130;5.02;0.30;327.44;7.27;1186;17;2789.00;96
6848;11;622036140;6848;561;8038;8136;5.10;0.31;327.44;7.26;1190;17;2790.00;98
6849;11;622036156;6849;556;8038;8136;5.12;0.31;327.43;7.26;1189;17;2791.00;98
6851;11;622036170;6851;561;8040;8136;5.15;0.31;327.45;7.26;1189;17;2792.00;96
6853;11;622036185;6853;559;8040;8136;5.15;0.31;327.49;7.26;1187;17;2793.00;96
6854;11;622036199;6854;562;8045;8142;5.16;0.31;327.47;7.26;1191;17;2794.00;97
6855;11;622036221;6855;560;8045;8142;5.11;0.31;327.48;7.26;1190;17;2795.00;97
6855;11;622036235;6855;556;8045;8142;5.10;0.31;327.48;7.26;1190;17;2796.00;97
6855;11;622036250;6855;554;8045;8142;5.11;0.31;327.48;7.26;1190;17;2797.00;97
6858;11;622036264;6858;551;8048;8146;5.06;0.31;327.41;7.26;1190;17;2798.00;98
6859;11;622036279;6859;552;8049;8147;5.06;0.31;327.39;7.26;1190;17;2799.00;98
6859;11;622036294;6859;554;8049;8147;5.01;0.31;327.39;7.26;1190;17;2800.00;98
6861;11;622036313;6861;555;8050;8148;4.98;0.30;327.39;7.26;1189;17;2801.00;98
6863;11;622036327;6863;552;8050;8148;4.93;0.30;327.33;7.26;1187;17;2802.00;98
6865;11;622036340;6865;540;8050;8148;4.91;0.30;327.34;7.26;1185;17;2803.00;98
6866;11;622036354;6866;531;8050;8148;4.91;0.30;327.37;7.26;1184;17;2804.00;98
6867;11;622036368;6867;527;8050;8148;4.95;0.30;327.35;7.26;1183;17;2805.00;98
6868;11;622036381;6868;516;8050;8148;5.02;0.30;327.44;7.26;1182;17;2806.00;98
6869;11;622036395;6869;508;8050;8148;5.03;0.31;327.44;7.26;1181;17;2807.00;98
6870;11;622036408;6870;508;8087;8218;5.11;0.31;327.42;7.24;1217;17;2808.00;131
6871;11;622036428;6871;505;8087;8219;5.15;0.31;327.43;7.24;1216;17;2809.00;132
6872;11;622036442;6872;498;8093;8219;5.24;0.32;327.45;7.24;1221;17;2810.00;126
6874;11;622036457;6874;491;8095;8219;5.33;0.32;327.47;7.24;1221;17;2811.00;124
6876;11;622036472;6876;485;8097;8219;5.42;0.33;327.50;7.24;1221;17;2812.00;122
6879;11;622036494;6879;470;8099;8219;5.47;0.33;327.54;7.24;1220;17;2813.00;120
6881;11;622036509;6881;464;8101;8219;5.51;0.33;327.63;7.24;1220;17;2814.00;118
6882;11;622036523;6882;460;8103;8219;5.58;0.34;327.65;7.24;1221;17;2815.00;116
6884;11;622036538;6884;456;8104;8220;5.65;0.34;327.68;7.24;1220;17;2816.00;116
6885;11;622036553;6885;457;8106;8221;5.69;0.35;327.71;7.24;1221;17;2817.00;115
6886;11;622036567;6886;451;8108;8221;5.69;0.35;327.74;7.24;1222;17;2818.00;113
6889;11;622036581;6889;449;8113;8225;5.69;0.35;327.72;7.24;1224;17;2819.00;112
6889;11;622036598;6889;447;8115;8225;5.69;0.35;327.72;7.24;1226;17;2820.00;110
6890;11;622036612;6890;435;8116;8225;5.67;0.34;327.73;7.24;1226;17;2821.00;109
6890;11;622036625;6890;427;8117;8225;5.64;0.34;327.73;7.24;1227;17;2822.00;108
6894;11;622036640;6894;422;8121;8231;5.65;0.34;327.76;7.24;1227;17;2823.00;110
6895;11;622036655;6895;417;8122;8231;5.68;0.34;327.77;7.24;1227;17;2824.00;109
6898;11;622036669;6898;422;8124;8231;5.68;0.34;327.81;7.28;1226;17;2825.00;107
6900;11;622036685;6900;420;8126;8234;5.78;0.35;327.86;7.28;1226;17;2826.00;108
6901;11;622036699;6901;415;8126;8234;5.87;0.36;327.91;7.28;1225;17;2827.00;108
6904;11;622036715;6904;416;8127;8234;5.89;0.36;327.95;7.28;1223;17;2828.00;107
6908;11;622036731;6908;408;8127;8235;5.91;0.36;327.92;7.28;1219;17;2829.00;108
6908;11;622036746;6908;405;8128;8236;6.03;0.36;327.92;7.28;1220;17;2830.00;108
6911;11;622036760;6911;406;8128;8236;6.06;0.37;327.85;7.28;1217;17;2831.00;108
6914;11;622036775;6914;409;8138;8249;6.15;0.37;327.86;7.27;1224;17;2832.00;111
6917;11;622036791;6917;405;8139;8249;6.20;0.38;327.84;7.27;1222;17;2833.00;110
6921;11;622036805;6921;406;8139;8249;6.15;0.37;327.74;7.27;1218;17;2834.00;110
6925;11;622036819;6925;408;8141;8251;6.17;0.37;327.73;7.27;1216;17;2835.00;110
6928;11;622036833;6928;399;8141;8251;6.17;0.37;327.79;7.27;1213;17;2836.00;110
6930;11;622036847;6930;398;8145;8255;6.23;0.38;327.84;7.27;1215;17;2837.00;110
6932;11;622036861;6932;400;8146;8255;6.23;0.38;327.85;7.27;1214;17;2838.00;109
6933;11;622036875;6933;403;8149;8259;6.23;0.38;327.89;7.27;1216;17;2839.00;110
6937;11;622036889;6937;398;8150;8259;6.20;0.38;327.99;7.27;1213;17;2840.00;109
6940;11;622036904;6940;392;8150;8259;6.15;0.37;328.18;7.27;1210;17;2841.00;109
6942;11;622036926;6942;388;8150;8259;6.17;0.37;328.25;7.27;1208;17;2842.00;109
6943;11;622036941;6943;387;8151;8259;6.15;0.37;328.37;7.27;1208;17;2843.00;108
6945;11;622036956;6945;385;8162;8271;6.15;0.37;328.32;7.26;1217;17;2844.00;109
6945;11;622036973;6945;388;8163;8271;6.14;0.37;328.32;7.26;1218;17;2845.00;108
6947;11;622036987;6947;388;8164;8271;6.13;0.37;328.41;7.30;1217;17;2846.00;107
6948;11;622037001;6948;391;8164;8271;6.13;0.37;328.41;7.30;1216;17;2847.00;107
6951;11;622037016;6951;395;8164;8271;6.09;0.37;328.54;7.30;1213;17;2848.00;107
6955;11;622037031;6955;397;8165;8271;6.08;0.37;328.56;7.34;1210;17;2849.00;106
6958;11;622037047;6958;396;8168;8274;6.04;0.37;328.63;7.39;1210;17;2850.00;106
6961;11;622037062;6961;400;8168;8274;6.00;0.36;328.59;7.39;1207;17;2851.00;106
6962;11;622037077;6962;397;8174;8280;6.03;0.37;328.60;7.43;1212;17;2852.00;106
6963;11;622037093;6963;396;8175;8281;6.01;0.37;328.57;7.43;1212;17;2853.00;106
6966;11;622037106;6966;406;8175;8281;6.00;0.36;328.62;7.43;1209;17;2854.00;106
6967;11;622037120;6967;406;8176;8281;6.00;0.37;328.73;7.48;1209;17;2855.00;105
6970;11;622037133;6970;413;8179;8285;6.02;0.37;328.70;7.48;1209;17;2856.00;106
6972;11;622037147;6972;409;8180;8285;6.06;0.37;328.72;7.53;1208;17;2857.00;105
6974;11;622037160;6974;406;8181;8285;6.05;0.37;328.69;7.57;1207;17;2858.00;104
6976;11;622037174;6976;408;8182;8286;6.04;0.37;328.64;7.57;1206;17;2859.00;104
6979;11;622037187;6979;418;8186;8290;6.01;0.37;328.63;7.62;1207;17;2860.00;104
6982;11;622037201;6982;422;8186;8290;6.01;0.37;328.68;7.62;1204;17;2861.00;104
6984;11;622037214;6984;417;8189;8293;6.05;0.37;328.66;7.66;1205;17;2862.00;104
6985;11;622037228;6985;420;8190;8293;6.06;0.37;328.78;7.66;1205;17;2863.00;103
6986;11;622037241;6986;423;8193;8295;6.07;0.37;328.86;7.70;1207;17;2864.00;102
6987;11;622037255;6987;420;8195;8295;6.08;0.37;328.83;7.79;1208;17;2865.00;100
6989;11;622037268;6989;423;8199;8299;6.13;0.37;328.94;7.79;1210;17;2866.00;100
6991;11;622037281;6991;420;8200;8299;6.17;0.38;329.04;7.83;1209;17;2867.00;99
6998;11;622037294;6998;425;8200;8299;6.18;0.38;329.28;7.83;1202;17;2868.00;99
7001;11;622037308;7001;418;8200;8299;6.19;0.38;329.31;7.83;1199;17;2869.00;99
7002;11;622037321;7002;410;8201;8300;6.20;0.38;329.42;7.88;1199;17;2870.00;99
7004;11;622037335;7004;411;8202;8301;6.26;0.38;329.51;7.88;1198;17;2871.00;99
7005;11;622037348;7005;407;8204;8301;6.27;0.38;329.47;7.96;1199;17;2872.00;97
7009;11;622037361;7009;410;8205;8302;6.24;0.38;329.47;7.96;1196;17;2873.00;97
7013;11;622037374;7013;408;8207;8302;6.24;0.38;329.48;8.05;1194;17;2874.00;95
7017;11;622037388;7017;408;8207;8302;6.22;0.38;329.44;8.05;1190;17;2875.00;95
7018;11;622037401;7018;409;8207;8302;6.23;0.38;329.53;8.05;1189;17;2876.00;95
7019;11;622037414;7019;405;8209;8302;6.24;0.38;329.65;8.13;1190;17;2877.00;93
7023;11;622037427;7023;403;8209;8302;6.23;0.38;329.76;8.13;1186;17;2878.00;93
7025;11;622037448;7025;405;8211;8302;6.22;0.38;329.79;8.21;1186;17;2879.00;91
7028;11;622037465;7028;438;8310;8532;6.34;0.40;329.85;8.12;1282;17;2880.00;222
7031;11;622037501;7031;436;8314;8533;6.27;0.39;329.97;8.20;1283;17;2881.00;219
7034;11;622037516;7034;429;8322;8533;6.27;0.39;330.10;8.19;1288;17;2882.00;211
7041;11;622037531;7041;433;8330;8533;6.20;0.39;330.28;8.27;1289;17;2883.00;203
7043;11;622037546;7043;422;8338;8533;6.17;0.38;330.33;8.26;1295;17;2884.00;195
7048;11;622037561;7048;430;8343;8533;6.11;0.38;330.27;8.30;1295;17;2885.00;190
7050;11;622037576;7050;440;8353;8533;6.12;0.38;330.31;8.34;1303;17;2886.00;180
7053;11;622037591;7053;441;8357;8533;6.04;0.37;330.32;8.34;1304;17;2887.00;176
7057;11;622037605;7057;446;8367;8534;5.99;0.37;330.51;8.41;1310;17;2888.00;167
7061;11;622037621;7061;457;8373;8535;5.88;0.36;330.59;8.41;1312;17;2889.00;162
7068;11;622037635;7068;457;8379;8535;5.78;0.36;330.64;8.41;1311;17;2890.00;156
7070;11;622037655;7070;463;8385;8536;5.69;0.35;330.62;8.49;1315;17;2891.00;151
7072;11;622037669;7072;468;8390;8536;5.59;0.34;330.64;8.49;1318;17;2892.00;146
7074;11;622037683;7074;472;8393;8536;5.46;0.34;330.61;8.49;1319;17;2893.00;143
7075;11;622037696;7075;479;8395;8536;5.40;0.33;330.61;8.49;1320;17;2894.00;141
7079;11;622037710;7079;496;8399;8540;5.34;0.33;330.68;8.49;1320;17;2895.00;141
7082;11;622037724;7082;493;8402;8540;5.28;0.32;330.72;8.50;1320;17;2896.00;138
7086;11;622037738;7086;497;8404;8540;5.21;0.32;330.74;8.50;1318;17;2897.00;136
7088;11;622037765;7088;500;8406;8543;5.22;0.32;330.74;8.50;1318;17;2898.00;137
7091;11;622037786;7091;495;8408;8543;5.21;0.32;330.82;8.50;1317;17;2899.00;135
7094;11;622037810;7094;493;8410;8543;5.20;0.32;330.84;8.50;1316;17;2900.00;133
7096;11;622037839;7096;487;8415;8547;5.19;0.32;330.85;8.50;1319;17;2901.00;132
7098;11;622037859;7098;484;8417;8548;5.22;0.32;330.80;8.50;1319;17;2902.00;131
7102;11;622037874;7102;479;8422;8548;5.17;0.32;330.84;8.51;1320;17;2903.00;126
7107;11;622037890;7107;487;8424;8552;5.12;0.31;331.01;8.51;1317;17;2904.00;128
7114;11;622037907;7114;491;8427;8552;5.05;0.31;330.93;8.51;1313;17;2905.00;125
7118;11;622037921;7118;492;8428;8552;5.00;0.31;330.92;8.52;1310;17;2906.00;124
7119;11;622037937;7119;504;8431;8553;4.99;0.31;330.96;8.52;1312;17;2907.00;122
7127;11;622037952;7127;506;8432;8553;4.91;0.30;331.17;8.52;1305;17;2908.00;121
7131;11;622037968;7131;512;8437;8559;4.90;0.30;331.26;8.52;1306;17;2909.00;122
7133;11;622037986;7133;520;8439;8559;4.85;0.30;331.29;8.53;1306;17;2910.00;120
7140;11;622037999;7140;524;8439;8560;4.71;0.29;331.29;8.53;1299;17;2911.00;121
7144;11;622038013;7144;528;8441;8560;4.63;0.28;331.37;8.53;1297;17;2912.00;119
7145;11;622038028;7145;546;8441;8560;4.59;0.28;331.41;8.53;1296;17;2913.00;119
7149;11;622038043;7149;546;8441;8560;4.56;0.28;331.53;8.53;1292;17;2914.00;119
7153;11;622038056;7153;551;8442;8560;4.48;0.28;331.64;8.53;1289;17;2915.00;118
7156;11;622038069;7156;551;8451;8572;4.54;0.28;331.62;8.52;1295;17;2916.00;121
7160;11;622038084;7160;548;8451;8572;4.48;0.28;331.73;8.52;1291;17;2917.00;121
7164;11;622038098;7164;563;8451;8572;4.44;0.27;331.86;8.52;1287;17;2918.00;121
7168;11;622038112;7168;576;8452;8572;4.38;0.27;331.92;8.53;1284;17;2919.00;120
7170;11;622038125;7170;577;8452;8572;4.33;0.27;332.02;8.53;1282;17;2920.00;120
7174;11;622038138;7174;578;8452;8572;4.31;0.27;332.23;8.53;1278;17;2921.00;120
7178;11;622038153;7178;579;8456;8576;4.29;0.26;332.34;8.52;1278;17;2922.00;120
7180;11;622038167;7180;586;8458;8576;4.28;0.26;332.34;8.56;1278;17;2923.00;118
7191;11;622038181;7191;581;8462;8580;4.23;0.26;332.44;8.55;1271;17;2924.00;118
7193;11;622038195;7193;580;8464;8582;4.23;0.26;332.43;8.55;1271;17;2925.00;118
7198;11;622038209;7198;581;8464;8582;4.17;0.25;332.46;8.55;1266;17;2926.00;118
7201;11;622038222;7201;577;8464;8582;4.17;0.25;332.53;8.55;1263;17;2927.00;118
7203;11;622038236;7203;575;8475;8595;4.26;0.26;332.52;8.54;1272;17;2928.00;120
7206;11;622038251;7206;573;8475;8595;4.24;0.26;332.52;8.54;1269;17;2929.00;120
7207;11;622038265;7207;580;8475;8595;4.25;0.26;332.56;8.54;1268;17;2930.00;120
7210;11;622038278;7210;583;8477;8596;4.22;0.26;332.53;8.54;1267;17;2931.00;119
7210;11;622038293;7210;584;8478;8597;4.23;0.26;332.53;8.54;1268;17;2932.00;119
7213;11;622038306;7213;590;8478;8597;4.19;0.26;332.42;8.54;1265;17;2933.00;119
7216;11;622038320;7216;589;8479;8600;4.15;0.25;332.51;8.54;1263;17;2934.00;121
7219;11;622038335;7219;597;8481;8600;4.10;0.25;332.42;8.54;1262;17;2935.00;119
7219;11;622038349;7219;603;8481;8600;4.08;0.25;332.42;8.54;1262;17;2936.00;119
7223;11;622038362;7223;587;8481;8600;4.02;0.25;332.27;8.54;1258;17;2937.00;119
7224;11;622038376;7224;583;8486;8606;4.06;0.25;332.23;8.53;1262;17;2938.00;120
7226;11;622038392;7226;579;8487;8606;4.10;0.25;332.25;8.56;1261;17;2939.00;119
7229;11;622038408;7229;569;8487;8606;4.13;0.25;332.14;8.56;1258;17;2940.00;119
7232;11;622038422;7232;563;8487;8606;4.17;0.26;332.19;8.56;1255;17;2941.00;119
7235;11;622038436;7235;560;8490;8610;4.21;0.26;332.11;8.56;1255;17;2942.00;120
7237;11;622038449;7237;557;8491;8611;4.22;0.26;332.08;8.56;1254;17;2943.00;120
7241;11;622038463;7241;562;8491;8611;4.22;0.26;332.18;8.56;1250;17;2944.00;120
7244;11;622038477;7244;567;8492;8612;4.26;0.26;332.07;8.56;1248;17;2945.00;120
7247;11;622038491;7247;557;8492;8612;4.28;0.26;332.09;8.56;1245;17;2946.00;120
7248;11;622038505;7248;550;8492;8612;4.31;0.26;332.09;8.56;1244;17;2947.00;120
7251;11;622038519;7251;536;8492;8612;4.36;0.27;332.08;8.56;1241;17;2948.00;120
7253;11;622038533;7253;521;8492;8612;4.43;0.27;332.05;8.56;1239;17;2949.00;120
7253;11;622038550;7253;516;8492;8612;4.47;0.27;332.05;8.56;1239;17;2950.00;120
7254;11;622038574;7254;507;8492;8612;4.48;0.27;332.07;8.56;1238;17;2951.00;120
7255;11;622038590;7255;510;8524;8682;4.71;0.29;332.07;8.52;1269;17;2952.00;158
7256;11;622038612;7256;493;8525;8683;4.72;0.29;332.07;8.52;1269;17;2953.00;158
7257;11;622038627;7257;493;8533;8683;4.80;0.29;332.05;8.55;1276;17;2954.00;150
7259;11;622038642;7259;485;8534;8683;4.82;0.30;332.07;8.55;1275;17;2955.00;149
7259;11;622038657;7259;476;8536;8683;4.87;0.30;332.07;8.55;1277;17;2956.00;147
7262;11;622038672;7262;470;8537;8683;4.91;0.30;332.03;8.55;1275;17;2957.00;146
7262;11;622038688;7262;470;8539;8683;5.00;0.31;332.03;8.54;1277;17;2958.00;144
7263;11;622038702;7263;461;8542;8683;5.11;0.31;332.02;8.57;1279;17;2959.00;141
7265;11;622038717;7265;455;8542;8684;5.16;0.32;332.06;8.57;1277;17;2960.00;142
7267;11;622038732;7267;460;8545;8685;5.24;0.32;332.12;8.57;1278;17;2961.00;140
7269;11;622038751;7269;456;8546;8685;5.34;0.33;332.12;8.57;1277;17;2962.00;139
7271;11;622038767;7271;448;8552;8689;5.43;0.33;332.08;8.57;1281;17;2963.00;137
7273;11;622038783;7273;448;8553;8689;5.51;0.34;332.17;8.57;1280;17;2964.00;136
7276;11;622038800;7276;443;8555;8689;5.60;0.34;332.19;8.57;1279;17;2965.00;134
7277;11;622038814;7277;453;8556;8689;5.62;0.34;332.20;8.59;1279;17;2966.00;133
7277;11;622038830;7277;452;8561;8695;5.67;0.34;332.20;8.59;1284;17;2967.00;134
7279;11;622038851;7279;451;8562;8695;5.65;0.34;332.29;8.59;1283;17;2968.00;133
7280;11;622038871;7280;451;8563;8695;5.60;0.34;332.34;8.59;1283;17;2969.00;132
7281;11;622038887;7281;447;8567;8701;5.65;0.34;332.32;8.59;1286;17;2970.00;134
7284;11;622038903;7284;457;8567;8701;5.69;0.35;332.39;8.59;1283;17;2971.00;134
7285;11;622038919;7285;452;8569;8701;5.71;0.35;332.38;8.59;1284;17;2972.00;132
7285;11;622038936;7285;451;8569;8702;5.72;0.35;332.38;8.59;1284;17;2973.00;133
7287;11;622038950;7287;453;8570;8703;5.72;0.35;332.38;8.59;1283;17;2974.00;133
7288;11;622038966;7288;452;8570;8703;5.70;0.35;332.34;8.59;1282;17;2975.00;133
7293;11;622038982;7293;447;8578;8716;5.70;0.35;332.33;8.58;1285;17;2976.00;138
7295;11;622038998;7295;446;8578;8716;5.69;0.34;332.40;8.58;1283;17;2977.00;138
7299;11;622039013;7299;444;8579;8716;5.72;0.35;332.39;8.58;1280;17;2978.00;137
7300;11;622039028;7300;436;8580;8717;5.77;0.35;332.48;8.58;1280;17;2979.00;137
7302;11;622039042;7302;429;8580;8717;5.80;0.35;332.61;8.58;1278;17;2980.00;137
7305;11;622039057;7305;415;8583;8721;5.90;0.36;332.72;8.57;1278;17;2981.00;138
7308;11;622039072;7308;413;8583;8721;5.90;0.36;332.81;8.57;1275;17;2982.00;138
7312;11;622039087;7312;398;8586;8725;5.91;0.36;332.75;8.57;1274;17;2983.00;139
7314;11;622039102;7314;396;8586;8725;6.00;0.36;332.86;8.57;1272;17;2984.00;139
7316;11;622039116;7316;383;8586;8725;6.11;0.37;332.85;8.57;1270;17;2985.00;139
7321;11;622039131;7321;384;8586;8725;6.14;0.37;333.00;8.57;1265;17;2986.00;139
7325;11;622039146;7325;382;8586;8725;6.15;0.37;333.09;8.57;1261;17;2987.00;139
7326;11;622039161;7326;380;8595;8737;6.21;0.38;333.11;8.56;1269;17;2988.00;142
7328;11;622039177;7328;374;8596;8737;6.19;0.38;333.12;8.57;1268;17;2989.00;141
7333;11;622039192;7333;371;8598;8737;6.17;0.37;333.33;8.56;1265;17;2990.00;139
7335;11;622039207;7335;370;8598;8737;6.17;0.38;333.35;8.56;1263;17;2991.00;139
7338;11;622039230;7338;372;8598;8737;6.19;0.38;333.47;8.56;1260;17;2992.00;139
7342;11;622039245;7342;373;8598;8737;6.22;0.38;333.55;8.56;1256;17;2993.00;139
7344;11;622039260;7344;367;8600;8738;6.28;0.38;333.53;8.57;1256;17;2994.00;138
7346;11;622039275;7346;364;8602;8738;6.32;0.38;333.53;8.66;1256;17;2995.00;136
7348;11;622039291;7348;364;8606;8744;6.38;0.39;333.56;8.66;1258;17;2996.00;138
7352;11;622039307;7352;368;8606;8745;6.42;0.39;333.64;8.66;1254;17;2997.00;139
7353;11;622039322;7353;366;8608;8745;6.48;0.39;333.66;8.66;1255;17;2998.00;137
7359;11;622039337;7359;355;8608;8745;6.46;0.39;333.75;8.66;1249;17;2999.00;137
7361;11;622039354;7361;364;8613;8765;6.47;0.39;333.71;8.66;1252;17;3000.00;152
7364;11;622039375;7364;353;8613;8765;6.47;0.39;333.78;8.66;1249;17;3001.00;152
7369;11;622039390;7369;342;8613;8765;6.42;0.39;333.70;8.66;1244;17;3002.00;152
7373;11;622039405;7373;345;8614;8766;6.44;0.39;333.80;8.66;1241;17;3003.00;152
7375;11;622039420;7375;339;8617;8770;6.43;0.39;333.92;8.66;1242;17;3004.00;153
7379;11;622039435;7379;336;8617;8770;6.40;0.39;334.04;8.66;1238;17;3005.00;153
7382;11;622039450;7382;345;8621;8773;6.39;0.39;334.14;8.65;1239;17;3006.00;152
7386;11;622039465;7386;342;8624;8773;6.33;0.38;334.19;8.67;1238;17;3007.00;149
7388;11;622039479;7388;351;8624;8773;6.32;0.38;334.19;8.67;1236;17;3008.00;149
7391;11;622039494;7391;349;8624;8773;6.29;0.38;334.26;8.67;1233;17;3009.00;149
7393;11;622039508;7393;357;8630;8777;6.34;0.38;334.38;8.68;1237;17;3010.00;147
7396;11;622039523;7396;364;8631;8777;6.30;0.38;334.50;8.68;1235;17;3011.00;146
7401;11;622039537;7401;360;8633;8777;6.26;0.38;334.64;8.69;1232;17;3012.00;144
7403;11;622039552;7403;360;8636;8777;6.24;0.38;334.68;8.69;1233;17;3013.00;141
7408;11;622039567;7408;364;8638;8778;6.20;0.38;334.74;8.69;1230;17;3014.00;140
7409;11;622039582;7409;369;8640;8780;6.20;0.38;334.79;8.69;1231;17;3015.00;140
7412;11;622039596;7412;367;8640;8780;6.21;0.38;335.05;8.69;1228;17;3016.00;140
7415;11;622039610;7415;375;8643;8781;6.18;0.38;335.07;8.69;1228;17;3017.00;138
7415;11;622039626;7415;376;8643;8781;6.17;0.37;335.07;8.69;1228;17;3018.00;138
7418;11;622039640;7418;378;8644;8781;6.18;0.38;335.25;8.74;1226;17;3019.00;137
7422;11;622039654;7422;385;8644;8781;6.16;0.37;335.39;8.74;1222;17;3020.00;137
7427;11;622039668;7427;396;8647;8781;6.13;0.37;335.44;8.84;1220;17;3021.00;134
7430;11;622039683;7430;405;8649;8781;6.15;0.37;335.56;8.89;1219;17;3022.00;132
7433;11;622039697;7433;410;8650;8781;6.13;0.37;335.72;8.93;1217;17;3023.00;131
7437;11;622039711;7437;437;8720;8908;6.12;0.38;335.76;8.91;1283;17;3024.00;188
7438;11;622039735;7438;425;8722;8909;6.11;0.37;335.86;8.96;1284;17;3025.00;187
7442;11;622039755;7442;423;8727;8909;6.10;0.37;336.17;8.95;1285;17;3026.00;182
7444;11;622039779;7444;427;8731;8909;6.05;0.37;336.24;9.00;1287;17;3027.00;178
7448;11;622039803;7448;424;8736;8909;6.04;0.37;336.40;9.05;1288;17;3028.00;173
7449;11;622039824;7449;431;8739;8909;6.01;0.37;336.39;9.09;1290;17;3029.00;170
7452;11;622039849;7452;432;8741;8909;5.98;0.37;336.55;9.08;1289;17;3030.00;168
7455;11;622039870;7455;434;8745;8909;6.00;0.37;336.73;9.17;1290;17;3031.00;164
7456;11;622039888;7456;433;8747;8910;6.04;0.37;336.71;9.17;1291;17;3032.00;163
7457;11;622039905;7457;444;8755;8911;6.10;0.37;336.79;9.22;1298;17;3033.00;156
7458;11;622039925;7458;446;8757;8911;6.13;0.38;336.79;9.26;1299;17;3034.00;154
7458;11;622039944;7458;449;8762;8912;6.12;0.38;336.79;9.31;1304;17;3035.00;150
7459;11;622039959;7459;450;8767;8912;6.06;0.37;336.88;9.34;1308;17;3036.00;145
7463;11;622039975;7463;450;8771;8912;6.00;0.37;336.79;9.39;1308;17;3037.00;141
7465;11;622039990;7465;450;8775;8912;5.97;0.37;336.77;9.43;1310;17;3038.00;137
7470;11;622040006;7470;457;8780;8916;5.90;0.36;336.76;9.43;1310;17;3039.00;136
7471;11;622040022;7471;465;8783;8916;5.85;0.36;336.81;9.48;1312;17;3040.00;133
7473;11;622040037;7473;468;8785;8916;5.83;0.36;336.81;9.51;1312;17;3041.00;131
7474;11;622040060;7474;471;8788;8919;5.82;0.36;336.78;9.51;1314;17;3042.00;131
7476;11;622040076;7476;472;8789;8919;5.78;0.35;336.89;9.51;1313;17;3043.00;130
7478;11;622040092;7478;479;8790;8919;5.76;0.35;336.84;9.55;1312;17;3044.00;129
7482;11;622040107;7482;483;8794;8923;5.71;0.35;336.92;9.55;1312;17;3045.00;129
7486;11;622040122;7486;488;8796;8924;5.68;0.35;337.02;9.60;1310;17;3046.00;128
7490;11;622040137;7490;483;8797;8924;5.66;0.35;337.16;9.60;1307;17;3047.00;127
7494;11;622040153;7494;484;8801;8928;5.63;0.34;337.20;9.60;1307;17;3048.00;127
7495;11;622040168;7495;488;8801;8928;5.60;0.34;337.20;9.60;1306;17;3049.00;127
7497;11;622040190;7497;487;8801;8928;5.54;0.34;337.23;9.60;1304;17;3050.00;127
7500;11;622040206;7500;495;8803;8929;5.50;0.34;337.31;9.60;1303;17;3051.00;126
7504;11;622040220;7504;502;8804;8929;5.40;0.33;337.34;9.60;1300;17;3052.00;125
7507;11;622040240;7507;513;8809;8935;5.41;0.33;337.27;9.59;1302;17;3053.00;126
7513;11;622040255;7513;522;8809;8935;5.33;0.33;337.43;9.59;1296;17;3054.00;126
7515;11;622040270;7515;530;8809;8936;5.22;0.32;337.40;9.59;1294;17;3055.00;127
7518;11;622040284;7518;540;8810;8936;5.17;0.32;337.39;9.59;1292;17;3056.00;126
7521;11;622040298;7521;551;8810;8936;5.04;0.31;337.48;9.59;1289;17;3057.00;126
7526;11;622040312;7526;566;8810;8936;4.91;0.30;337.67;9.59;1284;17;3058.00;126
7527;12;622040326;7527;573;8810;8936;4.87;0.30;337.76;9.59;1283;18;3059.00;126
7533;12;622040352;7533;574;8834;8972;4.95;0.31;337.87;9.57;1301;18;3060.00;138
7538;12;622040369;7538;565;8835;8972;4.88;0.30;337.85;9.57;1297;18;3061.00;137
7542;12;622040384;7542;559;8839;8972;4.85;0.30;338.12;9.56;1297;18;3062.00;133
7549;12;622040397;7549;558;8839;8972;4.81;0.30;338.15;9.56;1290;18;3063.00;133
7552;12;622040411;7552;565;8840;8972;4.74;0.29;338.21;9.56;1288;18;3064.00;132
7556;12;622040425;7556;564;8840;8972;4.72;0.29;338.15;9.56;1284;18;3065.00;132
7563;12;622040439;7563;570;8844;8976;4.65;0.29;338.17;9.56;1281;18;3066.00;132
7565;12;622040454;7565;565;8844;8976;4.61;0.28;338.18;9.56;1279;18;3067.00;132
7566;12;622040468;7566;559;8848;8980;4.66;0.29;338.18;9.56;1282;18;3068.00;132
7571;12;622040482;7571;563;8849;8981;4.62;0.28;338.32;9.55;1278;18;3069.00;132
7576;12;622040496;7576;561;8849;8981;4.56;0.28;338.33;9.55;1273;18;3070.00;132
7578;12;622040510;7578;562;8849;8981;4.54;0.28;338.44;9.55;1271;18;3071.00;132
7580;12;622040524;7580;564;8860;8994;4.58;0.28;338.48;9.54;1280;18;3072.00;134
7585;12;622040539;7585;561;8860;8994;4.53;0.28;338.62;9.54;1275;18;3073.00;134
7587;12;622040553;7587;558;8860;8994;4.54;0.28;338.63;9.54;1273;18;3074.00;134
7590;12;622040566;7590;554;8861;8995;4.54;0.28;338.69;9.54;1271;18;3075.00;134
7595;12;622040580;7595;548;8861;8996;4.54;0.28;338.68;9.54;1266;18;3076.00;135
7597;12;622040599;7597;546;8861;8996;4.56;0.28;338.70;9.54;1264;18;3077.00;135
7604;12;622040612;7604;552;8864;8999;4.51;0.28;338.58;9.54;1260;18;3078.00;135
7608;12;622040627;7608;553;8864;8999;4.45;0.27;338.53;9.54;1256;18;3079.00;135
7613;12;622040641;7613;555;8864;8999;4.38;0.27;338.61;9.54;1251;18;3080.00;135
7617;12;622040655;7617;555;8864;8999;4.32;0.27;338.60;9.54;1247;18;3081.00;135
7621;12;622040669;7621;552;8869;9005;4.25;0.26;338.66;9.53;1248;18;3082.00;136
7625;12;622040684;7625;552;8869;9005;4.19;0.26;338.73;9.53;1244;18;3083.00;136
7631;12;622040698;7631;552;8869;9005;4.11;0.25;338.62;9.53;1238;18;3084.00;136
7634;12;622040712;7634;557;8869;9005;4.05;0.25;338.62;9.53;1235;18;3085.00;136
7639;12;622040725;7639;564;8872;9009;4.00;0.24;338.68;9.53;1233;18;3086.00;137
7639;12;622040739;7639;571;8873;9010;4.00;0.25;338.68;9.53;1234;18;3087.00;137
7644;12;622040752;7644;580;8873;9010;3.98;0.24;338.65;9.53;1229;18;3088.00;137
7646;12;622040766;7646;587;8874;9011;4.01;0.25;338.69;9.53;1228;18;3089.00;137
7650;12;622040780;7650;591;8874;9011;4.04;0.25;338.73;9.53;1224;18;3090.00;137
7652;12;622040794;7652;588;8874;9011;4.06;0.25;338.70;9.53;1222;18;3091.00;137
7657;12;622040807;7657;597;8874;9011;4.01;0.25;338.65;9.53;1217;18;3092.00;137
7657;12;622040820;7657;597;8874;9011;4.03;0.25;338.65;9.53;1217;18;3093.00;137
7660;12;622040832;7660;601;8874;9011;4.01;0.24;338.64;9.53;1214;18;3094.00;137
7662;12;622040844;7662;604;8874;9011;4.00;0.24;338.68;9.53;1212;18;3095.00;137
7666;12;622040856;7666;622;8913;9081;4.18;0.26;338.62;9.49;1247;18;3096.00;168
7668;12;622040874;7668;615;8914;9082;4.16;0.26;338.60;9.49;1246;18;3097.00;168
7672;12;622040886;7672;622;8923;9082;4.21;0.26;338.58;9.48;1251;18;3098.00;159
7675;12;622040899;7675;623;8926;9082;4.17;0.25;338.53;9.48;1251;18;3099.00;156
7677;12;622040913;7677;612;8928;9082;4.17;0.26;338.53;9.47;1251;18;3100.00;154
7679;12;622040930;7679;623;8930;9082;4.15;0.25;338.57;9.47;1251;18;3101.00;152
7685;12;622040943;7685;627;8932;9082;4.09;0.25;338.65;9.47;1247;18;3102.00;150
7686;12;622040956;7686;623;8935;9082;4.07;0.25;338.65;9.47;1249;18;3103.00;147
7688;12;622040969;7688;621;8936;9083;4.05;0.25;338.66;9.47;1248;18;3104.00;147
7691;12;622040982;7691;628;8939;9085;4.00;0.24;338.62;9.47;1248;18;3105.00;146
7692;12;622040995;7692;628;8941;9085;3.99;0.24;338.59;9.47;1249;18;3106.00;144
7694;12;622041007;7694;605;8945;9089;3.98;0.24;338.52;9.47;1251;18;3107.00;144
7695;12;622041020;7695;603;8947;9089;4.00;0.24;338.52;9.50;1252;18;3108.00;142
7696;12;622041033;7696;587;8947;9089;4.02;0.25;338.53;9.50;1251;18;3109.00;142
7698;12;622041047;7698;576;8947;9089;4.11;0.25;338.56;9.50;1249;18;3110.00;142
7700;12;622041060;7700;565;8952;9095;4.20;0.26;338.55;9.49;1252;18;3111.00;143
7704;12;622041075;7704;569;8952;9095;4.26;0.26;338.62;9.49;1248;18;3112.00;143
7706;13;622041088;7706;568;8952;9095;4.32;0.26;338.57;9.49;1246;19;3113.00;143
7707;13;622041125;7707;564;8954;9098;4.42;0.27;338.65;9.49;1247;19;3114.00;144
7710;14;622041141;7710;562;8954;9098;4.43;0.27;338.65;9.49;1244;20;3115.00;144
7711;14;622041167;7711;541;8955;9098;4.49;0.27;338.69;9.49;1244;20;3116.00;143
7711;14;622041181;7711;528;8955;9099;4.57;0.28;338.69;9.49;1244;20;3117.00;144
7711;14;622041195;7711;517;8956;9100;4.65;0.28;338.69;9.49;1245;20;3118.00;144
7711;14;622041209;7711;499;8956;9100;4.74;0.29;338.69;9.49;1245;20;3119.00;144
7713;14;622041224;7713;493;8975;9126;4.89;0.30;338.61;9.47;1262;20;3120.00;151
7713;14;622041241;7713;475;8976;9126;4.98;0.30;338.61;9.47;1263;20;3121.00;150
7715;14;622041267;7715;470;8977;9126;5.02;0.30;338.58;9.47;1262;20;3122.00;149
7717;14;622041283;7717;474;8978;9127;5.07;0.31;338.59;9.47;1261;20;3123.00;149
7718;14;622041299;7718;474;8979;9127;5.11;0.31;338.59;9.47;1261;20;3124.00;148
7718;14;622041315;7718;475;8984;9131;5.16;0.31;338.59;9.49;1266;20;3125.00;147
7719;14;622041331;7719;465;8984;9131;5.16;0.31;338.59;9.49;1265;20;3126.00;147
7721;14;622041347;7721;464;8987;9135;5.18;0.31;338.57;9.49;1266;20;3127.00;148
7722;14;622041364;7722;452;8987;9135;5.22;0.32;338.56;9.49;1265;20;3128.00;148
7725;14;622041380;7725;444;8987;9135;5.26;0.32;338.55;9.49;1262;20;3129.00;148
7726;14;622041396;7726;444;8987;9135;5.34;0.33;338.52;9.49;1261;20;3130.00;148
7728;14;622041411;7728;430;8987;9135;5.39;0.33;338.49;9.49;1259;20;3131.00;148
7729;14;622041427;7729;433;8997;9147;5.48;0.33;338.49;9.48;1268;20;3132.00;150
7733;14;622041445;7733;422;8997;9147;5.52;0.34;338.68;9.48;1264;20;3133.00;150
7736;14;622041461;7736;421;8998;9147;5.59;0.34;338.88;9.48;1262;20;3134.00;149
7738;14;622041478;7738;411;8998;9147;5.60;0.34;338.97;9.48;1260;20;3135.00;149
7738;14;622041494;7738;408;8998;9147;5.65;0.34;338.97;9.48;1260;20;3136.00;149
7741;14;622041509;7741;407;8998;9147;5.65;0.34;338.92;9.48;1257;20;3137.00;149
7742;14;622041525;7742;407;8998;9148;5.70;0.35;339.06;9.48;1256;20;3138.00;150
7745;14;622041541;7745;400;8998;9148;5.74;0.35;339.26;9.48;1253;20;3139.00;150
7747;14;622041556;7747;400;9004;9154;5.78;0.35;339.31;9.50;1257;20;3140.00;150
7751;14;622041574;7751;400;9005;9155;5.82;0.35;339.36;9.50;1254;20;3141.00;150
7753;14;622041590;7753;401;9005;9155;5.82;0.35;339.52;9.50;1252;20;3142.00;150
7754;14;622041606;7754;410;9005;9155;5.90;0.36;339.52;9.50;1251;20;3143.00;150
7758;14;622041622;7758;413;9008;9159;5.99;0.36;339.52;9.49;1250;20;3144.00;151
7761;14;622041640;7761;409;9008;9159;6.04;0.37;339.56;9.49;1247;20;3145.00;151
7761;14;622041656;7761;415;9008;9159;6.12;0.37;339.56;9.49;1247;20;3146.00;151
7763;14;622041671;7763;410;9009;9160;6.13;0.37;339.66;9.49;1246;20;3147.00;151
7765;14;622041687;7765;408;9013;9164;6.14;0.37;339.76;9.52;1248;20;3148.00;151
7765;14;622041704;7765;406;9013;9164;6.18;0.37;339.76;9.52;1248;20;3149.00;151
7767;14;622041721;7767;401;9017;9170;6.20;0.38;339.83;9.51;1250;20;3150.00;153
7770;14;622041738;7770;397;9017;9170;6.23;0.38;339.87;9.51;1247;20;3151.00;153
7771;14;622041759;7771;387;9019;9170;6.35;0.39;339.91;9.51;1248;20;3152.00;151
7774;14;622041785;7774;388;9019;9170;6.39;0.39;339.94;9.51;1245;20;3153.00;151
7776;14;622041812;7776;380;9023;9174;6.42;0.39;340.07;9.51;1247;20;3154.00;151
7778;14;622041833;7778;380;9023;9174;6.45;0.39;340.07;9.51;1245;20;3155.00;151
7780;14;622041856;7780;380;9023;9174;6.47;0.39;340.21;9.51;1243;20;3156.00;151
7783;14;622041875;7783;376;9023;9174;6.48;0.39;340.39;9.51;1240;20;3157.00;151
7786;14;622041892;7786;367;9023;9175;6.46;0.39;340.41;9.51;1237;20;3158.00;152
7788;14;622041909;7788;361;9024;9176;6.45;0.39;340.52;9.51;1236;20;3159.00;152
7792;14;622041925;7792;357;9024;9176;6.44;0.39;340.59;9.51;1232;20;3160.00;152
7797;14;622041942;7797;356;9025;9177;6.44;0.39;340.69;9.51;1228;20;3161.00;152
7801;14;622041958;7801;353;9025;9177;6.46;0.39;340.76;9.51;1224;20;3162.00;152
7804;14;622041974;7804;352;9025;9177;6.39;0.39;340.76;9.51;1221;20;3163.00;152
7810;14;622041991;7810;346;9025;9177;6.38;0.39;340.88;9.51;1215;20;3164.00;152
7813;14;622042006;7813;350;9025;9177;6.34;0.39;340.90;9.51;1212;20;3165.00;152
7820;14;622042024;7820;351;9025;9177;6.30;0.38;341.14;9.51;1205;20;3166.00;152
7824;14;622042045;7824;345;9026;9177;6.28;0.38;341.32;9.56;1202;20;3167.00;151
7827;14;622042061;7827;361;9091;9304;6.42;0.39;341.37;9.55;1264;20;3168.00;213
7832;14;622042087;7832;353;9096;9305;6.41;0.39;341.35;9.58;1264;20;3169.00;209
7834;14;622042104;7834;349;9101;9305;6.47;0.40;341.35;9.58;1267;20;3170.00;204
7836;14;622042119;7836;353;9105;9305;6.44;0.40;341.33;9.57;1269;20;3171.00;200
7840;14;622042135;7840;351;9110;9305;6.45;0.40;341.26;9.57;1270;20;3172.00;195
7844;14;622042158;7844;354;9111;9305;6.40;0.39;341.25;9.57;1267;20;3173.00;194
7848;14;622042174;7848;350;9114;9305;6.40;0.39;341.26;9.57;1266;20;3174.00;191
7851;14;622042189;7851;352;9117;9305;6.48;0.40;341.38;9.60;1266;20;3175.00;188
7854;15;622042205;7854;356;9119;9306;6.48;0.40;341.43;9.60;1265;21;3176.00;187
7856;15;622042241;7856;360;9123;9307;6.49;0.40;341.50;9.60;1267;21;3177.00;184
7858;15;622042257;7858;356;9127;9307;6.51;0.40;341.48;9.60;1269;21;3178.00;180
7862;15;622042273;7862;357;9130;9308;6.50;0.40;341.54;9.60;1268;21;3179.00;178
7863;15;622042292;7863;361;9135;9308;6.52;0.40;341.54;9.60;1272;21;3180.00;173
7866;15;622042307;7866;363;9137;9308;6.48;0.40;341.65;9.60;1271;21;3181.00;171
7871;15;622042324;7871;359;9138;9308;6.42;0.39;341.84;9.60;1267;21;3182.00;170
7873;15;622042339;7873;359;9143;9312;6.36;0.39;341.94;9.60;1270;21;3183.00;169
7877;15;622042356;7877;356;9146;9312;6.35;0.39;342.11;9.60;1269;21;3184.00;166
7879;15;622042373;7879;361;9148;9312;6.35;0.39;342.08;9.60;1269;21;3185.00;164
7880;15;622042388;7880;362;9150;9315;6.37;0.39;342.08;9.60;1270;21;3186.00;165
7882;15;622042404;7882;374;9151;9315;6.34;0.39;342.22;9.60;1269;21;3187.00;164
7886;15;622042419;7886;379;9152;9315;6.33;0.39;342.29;9.60;1266;21;3188.00;163
7888;15;622042436;7888;383;9157;9319;6.29;0.38;342.37;9.65;1269;21;3189.00;162
7891;15;622042452;7891;394;9160;9320;6.26;0.38;342.60;9.71;1269;21;3190.00;160
7891;15;622042475;7891;405;9162;9322;6.22;0.38;342.60;9.70;1271;21;3191.00;160
7896;15;622042491;7896;408;9167;9326;6.18;0.38;342.75;9.76;1271;21;3192.00;159
7899;15;622042507;7899;413;9167;9326;6.15;0.38;342.87;9.76;1268;21;3193.00;159
7901;15;622042523;7901;416;9167;9326;6.16;0.38;342.87;9.76;1266;21;3194.00;159
7906;15;622042539;7906;427;9170;9328;6.11;0.37;342.91;9.81;1264;21;3195.00;158
7907;15;622042554;7907;430;9170;9328;6.05;0.37;343.00;9.81;1263;21;3196.00;158
7910;15;622042570;7910;429;9175;9334;6.00;0.37;343.02;9.81;1265;21;3197.00;159
7913;15;622042587;7913;434;9177;9334;5.89;0.36;343.06;9.92;1264;21;3198.00;157
7916;15;622042602;7916;435;9177;9335;5.78;0.35;343.08;9.92;1261;21;3199.00;158
7919;15;622042618;7919;440;9178;9335;5.71;0.35;343.07;9.98;1259;21;3200.00;157
7920;15;622042638;7920;439;9180;9335;5.66;0.35;343.11;10.09;1260;21;3201.00;155
7923;15;622042654;7923;444;9181;9335;5.65;0.34;343.06;10.14;1258;21;3202.00;154
7925;15;622042669;7925;452;9181;9335;5.63;0.34;343.15;10.14;1256;21;3203.00;154
7926;15;622042684;7926;458;9192;9347;5.62;0.34;343.23;10.18;1266;21;3204.00;155
7931;15;622042699;7931;469;9192;9347;5.53;0.34;343.28;10.18;1261;21;3205.00;155
7934;15;622042713;7934;473;9195;9347;5.45;0.33;343.35;10.29;1261;21;3206.00;152
7936;15;622042729;7936;476;9195;9347;5.40;0.33;343.45;10.29;1259;21;3207.00;152
7940;15;622042742;7940;483;9198;9347;5.36;0.33;343.49;10.39;1258;21;3208.00;149
7942;15;622042757;7942;485;9198;9347;5.35;0.33;343.54;10.39;1256;21;3209.00;149
7945;15;622042773;7945;491;9201;9351;5.36;0.33;343.53;10.39;1256;21;3210.00;150
7946;15;622042788;7946;492;9203;9351;5.41;0.33;343.51;10.49;1257;21;3211.00;148
7949;15;622042802;7949;494;9207;9355;5.47;0.33;343.64;10.49;1258;21;3212.00;148
7950;15;622042816;7950;492;9210;9356;5.45;0.33;343.63;10.59;1260;21;3213.00;146
7954;15;622042828;7954;493;9210;9356;5.45;0.33;343.66;10.59;1256;21;3214.00;146
7957;15;622042841;7957;496;9210;9356;5.42;0.33;343.75;10.59;1253;21;3215.00;146
7959;15;622042854;7959;501;9223;9369;5.40;0.33;343.89;10.68;1264;21;3216.00;146
7963;15;622042868;7963;506;9223;9369;5.34;0.33;343.90;10.68;1260;21;3217.00;146
7966;15;622042881;7966;507;9225;9369;5.32;0.32;343.85;10.78;1259;21;3218.00;144
7971;15;622042894;7971;511;9226;9370;5.29;0.32;343.92;10.78;1255;21;3219.00;144
7973;15;622042908;7973;511;9226;9371;5.25;0.32;343.94;10.78;1253;21;3220.00;145
7975;15;622042920;7975;510;9228;9371;5.18;0.32;343.91;10.87;1253;21;3221.00;143
7980;15;622042933;7980;515;9231;9374;5.10;0.31;344.09;10.87;1251;21;3222.00;143
7983;15;622042946;7983;519;9233;9374;5.03;0.31;344.02;10.97;1250;21;3223.00;141
7989;15;622042958;7989;516;9233;9374;4.95;0.30;344.06;10.97;1244;21;3224.00;141
7992;15;622042971;7992;516;9233;9374;4.84;0.29;344.12;10.97;1241;21;3225.00;141
7994;15;622042984;7994;514;9240;9380;4.83;0.29;344.15;11.05;1246;21;3226.00;140
7998;15;622042997;7998;516;9240;9380;4.76;0.29;344.13;11.05;1242;21;3227.00;140
8001;15;622043009;8001;518;9242;9380;4.67;0.29;344.07;11.15;1241;21;3228.00;138
8002;15;622043022;8002;528;9242;9380;4.59;0.28;344.07;11.15;1240;21;3229.00;138
8005;15;622043033;8005;520;9247;9384;4.55;0.28;344.05;11.24;1242;21;3230.00;137
8008;15;622043046;8008;517;9248;9385;4.51;0.28;344.03;11.23;1240;21;3231.00;137
8009;15;622043058;8009;515;9248;9385;4.52;0.28;344.06;11.23;1239;21;3232.00;137
8017;15;622043069;8017;511;9251;9386;4.50;0.28;343.96;11.32;1234;21;3233.00;135
8019;15;622043083;8019;508;9251;9386;4.53;0.28;343.91;11.32;1232;21;3234.00;135
8021;15;622043095;8021;505;9251;9386;4.54;0.28;343.94;11.32;1230;21;3235.00;135
8027;15;622043107;8027;505;9251;9386;4.53;0.28;343.83;11.32;1224;21;3236.00;135
8029;15;622043119;8029;501;9251;9386;4.55;0.28;343.85;11.32;1222;21;3237.00;135
8033;15;622043131;8033;496;9251;9386;4.51;0.28;343.86;11.32;1218;21;3238.00;135
8038;15;622043143;8038;489;9251;9386;4.49;0.28;343.91;11.32;1213;21;3239.00;135
8039;15;622043156;8039;488;9307;9511;4.74;0.29;343.88;11.25;1268;21;3240.00;204
8043;15;622043177;8043;489;9312;9512;4.74;0.29;343.89;11.29;1269;21;3241.00;200
8048;15;622043191;8048;481;9321;9512;4.77;0.30;343.82;11.28;1273;21;3242.00;191
8050;15;622043204;8050;479;9326;9512;4.80;0.30;343.79;11.27;1276;21;3243.00;186
8056;15;622043217;8056;480;9332;9512;4.79;0.30;343.75;11.27;1276;21;3244.00;180
8062;15;622043236;8062;494;9336;9512;4.74;0.29;343.71;11.27;1274;21;3245.00;176
8064;15;622043250;8064;492;9343;9512;4.72;0.29;343.71;11.26;1279;21;3246.00;169
8067;15;622043263;8067;487;9345;9512;4.70;0.29;343.63;11.26;1278;21;3247.00;167
8068;15;622043276;8068;499;9349;9513;4.70;0.29;343.65;11.26;1281;21;3248.00;164
8071;15;622043289;8071;506;9351;9514;4.66;0.29;343.64;11.26;1280;21;3249.00;163
8078;15;622043302;8078;508;9353;9514;4.61;0.28;343.65;11.26;1275;21;3250.00;161
8078;15;622043316;8078;509;9357;9518;4.65;0.29;343.65;11.26;1279;21;3251.00;161
8083;15;622043329;8083;518;9358;9518;4.61;0.28;343.65;11.26;1275;21;3252.00;160
8084;15;622043342;8084;521;9358;9518;4.58;0.28;343.67;11.26;1274;21;3253.00;160
8088;15;622043361;8088;530;9358;9518;4.55;0.28;343.63;11.26;1270;21;3254.00;160
8091;15;622043375;8091;539;9362;9524;4.49;0.28;343.73;11.25;1271;21;3255.00;162
8092;15;622043389;8092;548;9362;9524;4.43;0.27;343.74;11.25;1270;21;3256.00;162
8097;15;622043403;8097;559;9363;9524;4.33;0.26;343.72;11.25;1266;21;3257.00;161
8100;15;622043416;8100;563;9364;9527;4.26;0.26;343.75;11.25;1264;21;3258.00;163
8101;15;622043430;8101;554;9365;9527;4.22;0.26;343.83;11.29;1264;21;3259.00;162
8105;15;622043443;8105;548;9366;9527;4.17;0.26;343.81;11.29;1261;21;3260.00;161
8108;15;622043456;8108;545;9366;9528;4.15;0.25;343.79;11.29;1258;21;3261.00;162
8112;15;622043470;8112;539;9367;9529;4.16;0.26;343.80;11.29;1255;21;3262.00;162
8116;15;622043483;8116;538;9367;9529;4.16;0.26;343.79;11.29;1251;21;3263.00;162
8120;15;622043496;8120;545;9379;9542;4.29;0.26;343.70;11.28;1259;21;3264.00;163
8126;15;622043512;8126;538;9379;9542;4.28;0.26;343.74;11.28;1253;21;3265.00;163
8129;15;622043532;8129;549;9381;9542;4.29;0.26;343.70;11.28;1252;21;3266.00;161
8132;15;622043545;8132;546;9381;9543;4.34;0.26;343.70;11.28;1249;21;3267.00;162
8137;15;622043558;8137;545;9381;9543;4.33;0.26;343.73;11.28;1244;21;3268.00;162
8138;15;622043571;8138;548;9385;9547;4.39;0.27;343.73;11.28;1247;21;3269.00;162
8140;15;622043587;8140;540;9387;9547;4.42;0.27;343.75;11.27;1247;21;3270.00;160
8141;15;622043600;8141;533;9390;9551;4.46;0.27;343.76;11.27;1249;21;3271.00;161
8148;15;622043613;8148;526;9391;9551;4.41;0.27;343.72;11.27;1243;21;3272.00;160
8149;15;622043627;8149;526;9391;9551;4.38;0.27;343.68;11.27;1242;21;3273.00;160
8150;15;622043646;8150;524;9391;9551;4.35;0.27;343.65;11.27;1241;21;3274.00;160
8151;15;622043660;8151;522;9391;9551;4.35;0.27;343.70;11.27;1240;21;3275.00;160
8152;15;622043673;8152;524;9401;9563;4.43;0.27;343.70;11.26;1249;21;3276.00;162
8152;15;622043686;8152;516;9402;9563;4.44;0.27;343.70;11.26;1250;21;3277.00;161
8153;15;622043699;8153;513;9402;9563;4.44;0.27;343.67;11.26;1249;21;3278.00;161
8156;15;622043713;8156;509;9403;9563;4.45;0.27;343.66;11.30;1247;21;3279.00;160
8156;15;622043727;8156;497;9403;9563;4.53;0.28;343.66;11.30;1247;21;3280.00;160
8159;15;622043740;8159;491;9403;9563;4.53;0.28;343.79;11.30;1244;21;3281.00;160
8162;15;622043757;8162;493;9403;9564;4.56;0.28;343.90;11.30;1241;21;3282.00;161
8164;15;622043779;8164;490;9403;9564;4.58;0.28;343.83;11.30;1239;21;3283.00;161
8165;15;622043802;8165;486;9408;9570;4.67;0.29;343.87;11.29;1243;21;3284.00;162
8166;15;622043825;8166;487;9410;9572;4.69;0.29;343.87;11.29;1244;21;3285.00;162
8168;15;622043846;8168;474;9410;9572;4.67;0.29;343.93;11.29;1242;21;3286.00;162
8170;15;622043866;8170;452;9410;9572;4.71;0.29;344.05;11.29;1240;21;3287.00;162
8173;15;622043883;8173;451;9413;9576;4.77;0.29;344.09;11.29;1240;21;3288.00;163
8175;15;622043899;8175;445;9413;9576;4.84;0.30;344.19;11.29;1238;21;3289.00;163
8176;15;622043914;8176;443;9413;9576;4.96;0.30;344.17;11.29;1237;21;3290.00;163
8179;15;622043930;8179;439;9414;9577;5.09;0.31;344.45;11.29;1235;21;3291.00;163
8183;15;622043947;8183;428;9417;9581;5.16;0.31;344.56;11.28;1234;21;3292.00;164
8184;15;622043964;8184;431;9417;9581;5.21;0.32;344.53;11.28;1233;21;3293.00;164
8187;15;622043983;8187;428;9419;9584;5.29;0.32;344.50;11.28;1232;21;3294.00;165
8189;15;622043998;8189;426;9420;9584;5.29;0.32;344.51;11.32;1231;21;3295.00;164
8191;15;622044014;8191;424;9421;9584;5.35;0.32;344.50;11.32;1230;22;3296.00;163
8192;15;622044044;8192;420;9421;9584;5.36;0.33;344.60;11.32;1229;22;3297.00;163
8195;15;622044060;8195;422;9425;9588;5.45;0.33;344.67;11.32;1230;22;3298.00;163
8197;15;622044076;8197;421;9425;9588;5.47;0.33;344.66;11.32;1228;22;3299.00;163
8201;15;622044095;8201;418;9430;9607;5.44;0.33;344.76;11.31;1229;22;3300.00;177
8204;15;622044119;8204;412;9430;9607;5.47;0.33;344.85;11.31;1226;22;3301.00;177
8204;15;622044135;8204;406;9430;9608;5.52;0.34;344.85;11.31;1226;22;3302.00;178
8208;15;622044149;8208;406;9431;9609;5.53;0.34;344.83;11.31;1223;22;3303.00;178
8210;15;622044165;8210;408;9432;9609;5.56;0.34;344.97;11.35;1222;22;3304.00;177
8213;15;622044180;8213;412;9434;9610;5.57;0.34;344.98;11.35;1221;22;3305.00;176
8215;15;622044195;8215;411;9435;9610;5.58;0.34;345.05;11.35;1220;22;3306.00;175
8218;15;622044210;8218;408;9435;9610;5.60;0.34;345.11;11.35;1217;22;3307.00;175
8221;15;622044225;8221;414;9435;9610;5.58;0.34;345.26;11.35;1214;22;3308.00;175
8224;15;622044240;8224;421;9435;9610;5.56;0.34;345.25;11.35;1211;22;3309.00;175
8228;15;622044254;8228;427;9435;9610;5.50;0.33;345.21;11.35;1207;22;3310.00;175
8229;15;622044269;8229;430;9436;9610;5.47;0.33;345.27;11.35;1207;22;3311.00;174
8232;15;622044292;8232;453;9499;9737;5.63;0.35;345.28;11.28;1267;22;3312.00;238
8233;15;622044317;8233;439;9504;9738;5.68;0.35;345.39;11.27;1271;22;3313.00;234
8238;15;622044332;8238;445;9508;9738;5.74;0.35;345.63;11.27;1270;22;3314.00;230
8239;15;622044347;8239;444;9509;9738;5.76;0.36;345.67;11.27;1270;22;3315.00;229
8240;15;622044361;8240;450;9513;9738;5.80;0.36;345.67;11.27;1273;22;3316.00;225
8243;15;622044376;8243;443;9517;9738;5.77;0.36;345.79;11.27;1274;22;3317.00;221
8246;15;622044391;8246;443;9519;9738;5.79;0.36;345.80;11.26;1273;22;3318.00;219
8246;15;622044406;8246;443;9521;9738;5.77;0.36;345.80;11.26;1275;22;3319.00;217
8250;15;622044427;8250;444;9525;9739;5.78;0.36;345.87;11.31;1275;22;3320.00;214
8250;15;622044442;8250;436;9529;9740;5.80;0.36;345.87;11.31;1279;22;3321.00;211
8256;15;622044458;8256;429;9531;9740;5.79;0.36;345.96;11.31;1275;22;3322.00;209
8259;15;622044474;8259;431;9536;9741;5.77;0.36;345.97;11.31;1277;22;3323.00;205
8262;15;622044495;8262;431;9537;9741;5.79;0.36;346.04;11.31;1275;22;3324.00;204
8265;15;622044510;8265;433;9541;9741;5.81;0.36;346.05;11.31;1276;22;3325.00;200
8269;15;622044525;8269;431;9543;9741;5.79;0.36;346.10;11.31;1274;22;3326.00;198
8271;15;622044541;8271;434;9546;9745;5.79;0.36;346.18;11.31;1275;22;3327.00;199
8275;15;622044557;8275;431;9547;9745;5.76;0.35;346.27;11.31;1272;22;3328.00;198
8280;15;622044572;8280;432;9551;9745;5.73;0.35;346.48;11.31;1271;22;3329.00;194
8280;15;622044590;8280;423;9554;9751;5.72;0.35;346.48;11.31;1274;22;3330.00;197
8285;15;622044606;8285;418;9557;9751;5.65;0.34;346.68;11.31;1272;22;3331.00;194
8287;15;622044622;8287;406;9559;9751;5.66;0.35;346.69;11.36;1272;22;3332.00;192
8290;15;622044637;8290;399;9562;9755;5.63;0.34;346.67;11.36;1272;22;3333.00;193
8293;15;622044653;8293;398;9566;9756;5.64;0.34;346.76;11.36;1273;22;3334.00;190
8295;15;622044669;8295;387;9571;9756;5.60;0.34;346.80;11.47;1276;22;3335.00;185
8297;15;622044697;8297;386;9572;9760;5.63;0.34;346.82;11.47;1275;22;3336.00;188
8299;15;622044713;8299;390;9573;9760;5.66;0.34;346.87;11.47;1274;22;3337.00;187
8301;15;622044729;8301;388;9575;9760;5.66;0.34;346.91;11.46;1274;22;3338.00;185
8304;15;622044745;8304;391;9576;9761;5.65;0.34;346.90;11.46;1272;22;3339.00;185
8306;15;622044764;8306;390;9579;9761;5.64;0.34;346.90;11.47;1273;22;3340.00;182
8307;15;622044779;8307;389;9582;9767;5.69;0.35;346.87;11.46;1275;22;3341.00;185
8312;15;622044796;8312;384;9584;9767;5.63;0.34;346.90;11.47;1272;22;3342.00;183
8316;15;622044812;8316;379;9585;9768;5.56;0.34;347.00;11.47;1269;22;3343.00;183
8318;15;622044827;8318;391;9585;9768;5.54;0.34;347.05;11.47;1267;22;3344.00;183
8322;15;622044842;8322;377;9586;9768;5.52;0.33;347.23;11.47;1264;22;3345.00;182
8323;15;622044856;8323;390;9586;9768;5.55;0.34;347.19;11.47;1263;22;3346.00;182
8327;15;622044871;8327;386;9588;9768;5.55;0.34;347.14;11.52;1261;22;3347.00;180
8327;15;622044886;8327;392;9597;9780;5.61;0.34;347.14;11.51;1270;22;3348.00;183
8328;15;622044902;8328;392;9598;9780;5.62;0.34;347.11;11.51;1270;22;3349.00;182
8330;15;622044916;8330;403;9599;9780;5.57;0.34;347.19;11.50;1269;22;3350.00;181
8332;15;622044930;8332;403;9601;9780;5.58;0.34;347.17;11.51;1269;22;3351.00;179
8335;15;622044944;8335;412;9601;9780;5.56;0.34;347.22;11.51;1266;22;3352.00;179
8338;15;622044958;8338;412;9601;9780;5.53;0.34;347.22;11.51;1263;22;3353.00;179
8341;15;622044972;8341;420;9605;9784;5.53;0.34;347.29;11.51;1264;22;3354.00;179
8342;15;622044986;8342;424;9606;9784;5.52;0.34;347.36;11.51;1264;22;3355.00;178
8346;15;622045000;8346;430;9611;9788;5.54;0.34;347.34;11.51;1265;22;3356.00;177
8348;15;622045019;8348;439;9612;9789;5.50;0.33;347.30;11.51;1264;22;3357.00;177
8350;15;622045033;8350;439;9612;9789;5.45;0.33;347.39;11.51;1262;22;3358.00;177
8354;15;622045047;8354;448;9612;9789;5.39;0.33;347.45;11.51;1258;22;3359.00;177
8355;15;622045062;8355;456;9635;9818;5.42;0.33;347.43;11.54;1280;22;3360.00;183
8358;15;622045078;8358;458;9635;9818;5.40;0.33;347.46;11.54;1277;22;3361.00;183
8360;15;622045092;8360;462;9638;9818;5.41;0.33;347.45;11.59;1278;22;3362.00;180
8363;15;622045106;8363;475;9641;9819;5.46;0.33;347.57;11.64;1278;22;3363.00;178
8365;15;622045120;8365;476;9642;9820;5.41;0.33;347.56;11.69;1277;22;3364.00;178
8366;15;622045133;8366;481;9643;9820;5.39;0.33;347.57;11.75;1277;22;3365.00;177
8371;15;622045147;8371;484;9646;9823;5.39;0.33;347.64;11.79;1275;22;3366.00;177
8375;15;622045162;8375;491;9647;9823;5.34;0.33;347.76;11.85;1272;22;3367.00;176
8377;15;622045175;8377;491;9648;9823;5.29;0.32;347.87;11.85;1271;22;3368.00;175
8378;15;622045189;8378;495;9650;9823;5.25;0.32;347.86;11.95;1272;22;3369.00;173
8381;15;622045203;8381;497;9656;9829;5.27;0.32;348.08;12.00;1275;22;3370.00;173
8384;15;622045217;8384;499;9657;9829;5.23;0.32;348.19;12.05;1273;22;3371.00;172
8386;15;622045230;8386;505;9658;9829;5.14;0.32;348.28;12.10;1272;22;3372.00;171
8389;15;622045244;8389;513;9659;9829;5.07;0.31;348.36;12.15;1270;22;3373.00;170
8392;15;622045259;8392;514;9663;9833;5.00;0.31;348.54;12.20;1271;22;3374.00;170
8394;15;622045273;8394;528;9665;9835;4.95;0.30;348.54;12.20;1271;22;3375.00;170
8396;15;622045286;8396;530;9666;9835;4.92;0.30;348.56;12.25;1270;22;3376.00;169
8400;15;622045300;8400;540;9669;9836;4.88;0.30;348.65;12.35;1269;22;3377.00;167
8403;15;622045313;8403;544;9669;9836;4.81;0.30;348.64;12.35;1266;22;3378.00;167
8405;15;622045326;8405;544;9671;9836;4.77;0.29;348.58;12.45;1266;22;3379.00;165
8409;15;622045339;8409;543;9671;9836;4.72;0.29;348.50;12.45;1262;22;3380.00;165
8411;15;622045352;8411;538;9671;9836;4.72;0.29;348.50;12.45;1260;22;3381.00;165
8414;15;622045365;8414;541;9671;9836;4.68;0.29;348.50;12.45;1257;22;3382.00;165
8415;15;622045378;8415;541;9673;9836;4.70;0.29;348.47;12.55;1258;22;3383.00;163
8417;15;622045391;8417;549;9717;9906;4.82;0.30;348.51;12.49;1300;22;3384.00;189
8422;15;622045409;8422;543;9723;9907;4.81;0.29;348.38;12.69;1301;22;3385.00;184
8423;15;622045423;8423;539;9728;9907;4.84;0.30;348.35;12.69;1305;22;3386.00;179
8426;15;622045436;8426;540;9728;9907;4.80;0.29;348.27;12.69;1302;22;3387.00;179
8428;15;622045455;8428;549;9732;9907;4.80;0.29;348.24;12.78;1304;22;3388.00;175
8428;15;622045469;8428;549;9732;9907;4.83;0.29;348.24;12.78;1304;22;3389.00;175
8429;15;622045483;8429;557;9735;9907;4.82;0.29;348.20;12.88;1306;22;3390.00;172
8432;15;622045496;8432;559;9736;9907;4.79;0.29;348.13;12.88;1304;22;3391.00;171
8434;15;622045508;8434;565;9736;9908;4.77;0.29;348.11;12.88;1302;22;3392.00;172
8441;15;622045522;8441;573;9739;9909;4.68;0.28;347.98;12.92;1298;22;3393.00;170
8442;15;622045535;8442;576;9743;9909;4.67;0.28;347.96;12.97;1301;22;3394.00;166
8444;15;622045548;8444;581;9748;9913;4.65;0.28;348.01;12.97;1304;22;3395.00;165
8449;15;622045563;8449;588;9752;9913;4.55;0.28;347.99;13.06;1303;22;3396.00;161
8452;15;622045575;8452;593;9753;9913;4.46;0.27;347.98;13.06;1301;22;3397.00;160
8456;15;622045588;8456;596;9753;9913;4.32;0.26;347.96;13.06;1297;22;3398.00;160
8459;15;622045600;8459;607;9757;9919;4.24;0.26;347.92;13.05;1298;22;3399.00;162
8461;15;622045614;8461;600;9757;9919;4.22;0.26;347.90;13.05;1296;22;3400.00;162
8465;15;622045631;8465;600;9757;9919;4.19;0.26;347.82;13.05;1292;22;3401.00;162
8466;15;622045643;8466;596;9758;9922;4.20;0.26;347.82;13.05;1292;22;3402.00;164
8471;15;622045656;8471;595;9758;9922;4.17;0.25;347.88;13.05;1287;22;3403.00;164
8472;15;622045668;8472;588;9758;9922;4.17;0.25;347.88;13.05;1286;22;3404.00;164
8473;15;622045680;8473;584;9758;9923;4.13;0.25;347.88;13.05;1285;22;3405.00;165
8476;15;622045694;8476;585;9759;9924;4.11;0.25;347.93;13.05;1283;22;3406.00;165
8480;15;622045708;8480;582;9759;9924;4.06;0.25;347.92;13.05;1279;22;3407.00;165
8481;15;622045722;8481;581;9768;9937;4.12;0.25;347.91;13.04;1287;22;3408.00;169
8485;15;622045737;8485;576;9768;9937;4.09;0.25;347.82;13.04;1283;22;3409.00;169
8487;15;622045753;8487;580;9769;9937;4.07;0.25;347.77;13.04;1282;22;3410.00;168
8489;15;622045773;8489;569;9769;9938;4.05;0.25;347.76;13.04;1280;22;3411.00;169
8493;15;622045793;8493;560;9769;9938;4.07;0.25;347.73;13.04;1276;22;3412.00;169
8494;15;622045815;8494;556;9772;9942;4.07;0.25;347.74;13.04;1278;22;3413.00;170
8496;15;622045834;8496;554;9772;9942;4.08;0.25;347.78;13.04;1276;22;3414.00;170
8499;15;622045853;8499;547;9775;9946;4.09;0.25;347.77;13.03;1276;22;3415.00;171
8503;15;622045870;8503;552;9775;9946;4.07;0.25;347.68;13.03;1272;22;3416.00;171
8505;15;622045888;8505;546;9775;9946;4.09;0.25;347.70;13.03;1270;22;3417.00;171
8510;15;622045910;8510;543;9775;9946;4.11;0.25;347.62;13.03;1265;22;3418.00;171
8512;15;622045925;8512;544;9775;9946;4.16;0.25;347.61;13.03;1263;22;3419.00;171
8514;15;622045942;8514;548;9801;9980;4.35;0.27;347.61;13.00;1287;22;3420.00;179
8517;15;622045959;8517;538;9802;9980;4.38;0.27;347.64;13.00;1285;22;3421.00;178
8519;15;622045975;8519;539;9802;9980;4.40;0.27;347.62;13.00;1283;22;3422.00;178
8521;15;622045989;8521;536;9802;9980;4.43;0.27;347.61;13.00;1281;22;3423.00;178
8524;15;622046003;8524;533;9802;9980;4.42;0.27;347.65;13.00;1278;22;3424.00;178
8528;15;622046017;8528;531;9802;9980;4.42;0.27;347.62;13.00;1274;22;3425.00;178
8531;15;622046031;8531;528;9802;9981;4.38;0.27;347.66;13.00;1271;22;3426.00;179
8532;15;622046045;8532;536;9802;9981;4.38;0.27;347.67;13.00;1270;22;3427.00;179
8534;15;622046059;8534;532;9807;9987;4.36;0.27;347.77;13.00;1273;22;3428.00;180
8537;15;622046080;8537;530;9807;9988;4.35;0.26;347.73;13.00;1270;22;3429.00;181
8540;15;622046096;8540;543;9807;9988;4.33;0.26;347.78;13.00;1267;22;3430.00;181
8542;15;622046110;8542;542;9808;9988;4.35;0.26;347.76;13.00;1266;22;3431.00;180
8547;15;622046124;8547;534;9811;9992;4.37;0.27;347.75;13.00;1264;22;3432.00;181
8550;15;622046139;8550;529;9813;9992;4.39;0.27;347.80;13.00;1263;22;3433.00;179
8552;15;622046153;8552;525;9814;9992;4.38;0.27;347.88;13.00;1262;22;3434.00;178
8555;15;622046168;8555;528;9816;9993;4.37;0.27;347.91;13.00;1261;22;3435.00;177
8557;15;622046182;8557;532;9819;9997;4.44;0.27;348.03;13.00;1262;22;3436.00;178
8561;15;622046197;8561;531;9820;9997;4.42;0.27;348.17;13.05;1259;22;3437.00;177
8565;15;622046212;8565;523;9822;10000;4.44;0.27;348.19;13.05;1257;22;3438.00;178
8567;15;622046227;8567;525;9822;10000;4.45;0.27;348.20;13.05;1255;22;3439.00;178
8572;15;622046241;8572;529;9824;10000;4.39;0.27;348.28;13.06;1252;22;3440.00;176
8575;15;622046257;8575;522;9825;10000;4.35;0.26;348.50;13.06;1250;22;3441.00;175
8577;15;622046271;8577;529;9828;10004;4.34;0.26;348.44;13.05;1251;22;3442.00;176
8580;15;622046286;8580;532;9830;10004;4.31;0.26;348.60;13.05;1250;22;3443.00;174
8581;15;622046301;8581;527;9830;10004;4.32;0.26;348.60;13.05;1249;22;3444.00;174
8581;15;622046315;8581;527;9831;10004;4.36;0.27;348.60;13.05;1250;22;3445.00;173
8583;15;622046328;8583;538;9831;10005;4.34;0.26;348.67;13.05;1248;22;3446.00;174
8585;15;622046348;8585;526;9832;10006;4.28;0.26;348.80;13.05;1247;22;3447.00;174
8588;15;622046363;8588;516;9833;10006;4.23;0.26;348.83;13.05;1245;22;3448.00;173
8590;15;622046376;8590;513;9834;10007;4.27;0.26;348.90;13.05;1244;22;3449.00;173
8594;15;622046399;8594;506;9834;10007;4.25;0.26;349.09;13.05;1240;22;3450.00;173
8596;15;622046414;8596;508;9835;10007;4.29;0.26;349.13;13.05;1239;22;3451.00;172
8599;15;622046428;8599;509;9836;10007;4.32;0.26;349.27;13.05;1237;22;3452.00;171
8601;15;622046443;8601;506;9836;10007;4.35;0.27;349.24;13.05;1235;22;3453.00;171
8603;15;622046457;8603;492;9836;10007;4.39;0.27;349.30;13.05;1233;22;3454.00;171
8605;15;622046472;8605;493;9837;10007;4.40;0.27;349.39;13.11;1232;22;3455.00;170
8610;15;622046485;8610;504;9909;10134;4.67;0.29;349.54;13.01;1299;22;3456.00;225
8614;15;622046513;8614;480;9911;10135;4.71;0.29;349.61;13.01;1297;22;3457.00;224
8616;15;622046531;8616;459;9918;10135;4.80;0.30;349.72;13.00;1302;22;3458.00;217
8618;15;622046553;8618;446;9922;10135;4.83;0.30;349.84;13.00;1304;22;3459.00;213
8618;15;622046569;8618;438;9927;10135;4.91;0.30;349.84;13.00;1309;22;3460.00;208
8621;15;622046584;8621;434;9931;10135;4.93;0.30;349.91;12.99;1310;22;3461.00;204
8625;15;622046599;8625;426;9934;10135;4.95;0.30;350.04;12.99;1309;22;3462.00;201
8629;15;622046615;8629;433;9937;10135;4.91;0.30;350.20;12.99;1308;22;3463.00;198
8632;15;622046630;8632;438;9939;10136;4.91;0.30;350.37;13.05;1307;22;3464.00;197
8634;15;622046646;8634;436;9943;10138;4.96;0.30;350.32;13.04;1309;22;3465.00;195
8636;15;622046662;8636;442;9946;10138;4.97;0.30;350.38;13.04;1310;22;3466.00;192
8639;15;622046677;8639;443;9947;10139;4.96;0.30;350.43;13.04;1308;22;3467.00;192
8642;15;622046693;8642;446;9950;10139;4.96;0.30;350.44;13.04;1308;22;3468.00;189
8644;15;622046708;8644;448;9951;10139;4.97;0.31;350.53;13.04;1307;22;3469.00;188
8646;15;622046724;8646;459;9953;10139;4.97;0.31;350.58;13.09;1307;22;3470.00;186
8647;15;622046741;8647;448;9957;10143;4.99;0.31;350.58;13.09;1310;22;3471.00;186
8648;15;622046762;8648;435;9961;10143;5.02;0.31;350.63;13.09;1313;22;3472.00;182
8649;15;622046778;8649;437;9962;10143;5.03;0.31;350.67;13.09;1313;22;3473.00;181
8651;15;622046794;8651;441;9964;10146;5.06;0.31;350.73;13.09;1313;22;3474.00;182
8654;15;622046812;8654;435;9965;10146;5.10;0.31;350.76;13.09;1311;22;3475.00;181
8656;15;622046827;8656;434;9966;10146;5.14;0.32;350.82;13.09;1310;22;3476.00;180
8657;15;622046844;8657;440;9969;10150;5.15;0.32;350.85;13.08;1312;22;3477.00;181
8658;15;622046860;8658;444;9971;10151;5.20;0.32;350.83;13.08;1313;22;3478.00;180
8662;15;622046876;8662;445;9971;10151;5.19;0.32;350.84;13.08;1309;22;3479.00;180
8664;15;622046895;8664;439;9975;10156;5.22;0.32;350.86;13.07;1311;22;3480.00;181
8666;15;622046911;8666;437;9975;10156;5.23;0.32;350.91;13.07;1309;22;3481.00;181
8668;15;622046927;8668;435;9975;10156;5.23;0.32;350.87;13.07;1307;22;3482.00;181
8669;15;622046944;8669;440;9976;10157;5.22;0.32;350.86;13.07;1307;22;3483.00;181
8669;15;622046960;8669;437;9976;10157;5.24;0.32;350.86;13.07;1307;22;3484.00;181
8669;15;622046976;8669;439;9981;10163;5.24;0.32;350.86;13.07;1312;22;3485.00;182
8669;15;622046993;8669;436;9981;10163;5.23;0.32;350.86;13.07;1312;22;3486.00;182
8670;15;622047008;8670;440;9982;10164;5.24;0.32;350.95;13.11;1312;22;3487.00;182
8671;15;622047024;8671;437;9982;10164;5.25;0.32;350.93;13.11;1311;22;3488.00;182
8671;15;622047040;8671;438;9982;10164;5.24;0.32;350.93;13.11;1311;22;3489.00;182
8672;15;622047056;8672;441;9982;10164;5.26;0.32;350.93;13.11;1310;22;3490.00;182
8673;15;622047071;8673;437;9982;10164;5.27;0.32;350.93;13.11;1309;22;3491.00;182
8678;15;622047086;8678;437;9991;10176;5.31;0.32;350.93;13.10;1313;22;3492.00;185
8679;15;622047102;8679;432;9992;10176;5.40;0.33;350.93;13.10;1313;22;3493.00;184
8680;15;622047117;8680;429;9993;10176;5.45;0.33;350.91;13.10;1313;22;3494.00;183
8683;15;622047132;8683;417;9993;10176;5.45;0.33;351.02;13.10;1310;22;3495.00;183
8687;15;622047148;8687;412;9993;10176;5.49;0.33;351.06;13.10;1306;22;3496.00;183
8691;15;622047163;8691;410;9993;10176;5.48;0.33;351.18;13.10;1302;22;3497.00;183
8696;15;622047178;8696;409;9996;10180;5.47;0.33;351.33;13.09;1300;22;3498.00;184
8700;15;622047193;8700;407;9996;10180;5.46;0.33;351.36;13.09;1296;22;3499.00;184
8702;15;622047209;8702;397;10000;10184;5.57;0.34;351.37;13.09;1298;22;3500.00;184
8706;15;622047227;8706;408;10000;10185;5.53;0.33;351.43;13.09;1294;22;3501.00;185
8709;15;622047244;8709;400;10001;10185;5.48;0.33;351.51;13.09;1292;22;3502.00;184
8712;15;622047261;8712;396;10001;10185;5.43;0.33;351.57;13.09;1289;22;3503.00;184
8713;15;622047276;8713;401;10012;10198;5.43;0.33;351.55;13.07;1299;22;3504.00;186
8715;15;622047292;8715;393;10014;10198;5.37;0.33;351.62;13.19;1299;22;3505.00;184
8720;15;622047315;8720;400;10014;10198;5.35;0.32;351.71;13.19;1294;22;3506.00;184
8722;15;622047331;8722;404;10015;10199;5.38;0.33;351.85;13.18;1293;22;3507.00;184
8726;15;622047345;8726;408;10015;10200;5.37;0.33;351.93;13.18;1289;22;3508.00;185
8728;15;622047359;8728;410;10015;10200;5.42;0.33;351.88;13.18;1287;22;3509.00;185
8730;15;622047376;8730;404;10019;10206;5.46;0.33;352.00;13.18;1289;22;3510.00;187
8735;15;622047394;8735;397;10020;10206;5.45;0.33;352.03;13.18;1285;22;3511.00;186
8737;15;622047414;8737;395;10021;10206;5.48;0.33;352.00;13.18;1284;22;3512.00;185
8743;15;622047428;8743;399;10021;10206;5.44;0.33;352.15;13.18;1278;22;3513.00;185
8745;15;622047442;8745;405;10026;10212;5.45;0.33;352.10;13.17;1281;22;3514.00;186
8749;15;622047464;8749;400;10026;10212;5.41;0.33;352.15;13.17;1277;22;3515.00;186
8752;15;622047479;8752;401;10026;10212;5.40;0.33;352.24;13.17;1274;22;3516.00;186
8754;15;622047493;8754;406;10026;10212;5.39;0.33;352.24;13.17;1272;22;3517.00;186
8756;15;622047507;8756;411;10029;10216;5.37;0.33;352.33;13.17;1273;22;3518.00;187
8761;15;622047521;8761;422;10032;10219;5.29;0.32;352.37;13.16;1271;22;3519.00;187
8762;15;622047536;8762;425;10032;10219;5.22;0.32;352.42;13.16;1270;22;3520.00;187
8765;15;622047553;8765;428;10033;10220;5.23;0.32;352.42;13.16;1268;22;3521.00;187
8770;15;622047575;8770;431;10033;10220;5.20;0.32;352.46;13.16;1263;22;3522.00;187
8773;15;622047596;8773;438;10033;10220;5.17;0.31;352.47;13.16;1260;22;3523.00;187
8775;15;622047611;8775;442;10033;10220;5.12;0.31;352.58;13.16;1258;22;3524.00;187
8777;15;622047624;8777;447;10033;10220;5.11;0.31;352.69;13.16;1256;22;3525.00;187
8781;15;622047639;8781;460;10033;10220;5.08;0.31;352.74;13.16;1252;22;3526.00;187
8782;15;622047653;8782;461;10033;10220;5.12;0.31;352.77;13.16;1251;22;3527.00;187
8785;15;622047667;8785;466;10069;10290;5.33;0.33;352.77;13.12;1284;22;3528.00;221
8788;15;622047687;8788;471;10071;10291;5.28;0.32;352.70;13.11;1283;22;3529.00;220
8789;15;622047700;8789;473;10081;10291;5.30;0.32;352.72;13.16;1292;22;3530.00;210
8790;15;622047715;8790;476;10082;10291;5.25;0.32;352.71;13.16;1292;22;3531.00;209
8792;15;622047728;8792;480;10085;10291;5.25;0.32;352.69;13.21;1293;22;3532.00;206
8794;15;622047743;8794;479;10086;10291;5.22;0.32;352.67;13.21;1292;22;3533.00;205
8797;15;622047761;8797;485;10090;10291;5.17;0.32;352.79;13.27;1293;22;3534.00;201
8797;15;622047783;8797;484;10091;10291;5.11;0.31;352.79;13.27;1294;22;3535.00;200
8799;15;622047806;8799;488;10094;10292;5.09;0.31;352.81;13.26;1295;22;3536.00;198
8801;15;622047845;8801;488;10098;10293;5.12;0.31;352.75;13.32;1297;22;3537.00;195
8803;15;622047867;8803;496;10099;10293;5.12;0.31;352.72;13.32;1296;22;3538.00;194
8805;15;622047896;8805;496;10104;10297;5.06;0.31;352.66;13.32;1299;22;3539.00;193
8808;15;622047919;8808;500;10108;10297;5.00;0.31;352.64;13.37;1300;22;3540.00;189
8812;15;622047935;8812;507;10109;10297;4.89;0.30;352.57;13.37;1297;22;3541.00;188
8815;15;622047950;8815;513;10110;10297;4.79;0.29;352.65;13.43;1295;22;3542.00;187
8818;15;622047967;8818;514;10115;10303;4.73;0.29;352.67;13.42;1297;22;3543.00;188
8820;15;622047983;8820;531;10116;10303;4.62;0.28;352.72;13.48;1296;22;3544.00;187
8822;15;622047998;8822;542;10116;10303;4.50;0.27;352.67;13.48;1294;22;3545.00;187
8823;15;622048013;8823;549;10121;10306;4.42;0.27;352.65;13.58;1298;22;3546.00;185
8823;15;622048029;8823;561;10122;10306;4.33;0.26;352.65;13.64;1299;22;3547.00;184
8827;15;622048044;8827;569;10123;10306;4.24;0.26;352.68;13.69;1296;22;3548.00;183
8827;15;622048058;8827;574;10123;10307;4.15;0.25;352.68;13.69;1296;22;3549.00;184
8830;15;622048075;8830;578;10124;10308;4.09;0.25;352.66;13.69;1294;22;3550.00;184
8830;15;622048089;8830;572;10126;10308;4.05;0.25;352.66;13.80;1296;22;3551.00;182
8830;15;622048104;8830;582;10137;10321;4.09;0.25;352.66;13.78;1307;22;3552.00;184
8830;15;622048127;8830;580;10137;10321;4.09;0.25;352.66;13.78;1307;22;3553.00;184
8834;15;622048142;8834;579;10139;10321;4.06;0.25;352.56;13.89;1305;22;3554.00;182
8837;15;622048156;8837;584;10141;10323;4.07;0.25;352.46;13.89;1304;22;3555.00;182
8841;15;622048170;8841;591;10141;10323;4.04;0.25;352.35;13.89;1300;22;3556.00;182
8843;15;622048183;8843;588;10147;10327;4.07;0.25;352.43;13.99;1304;22;3557.00;180
8843;15;622048200;8843;585;10147;10327;4.09;0.25;352.43;13.99;1304;22;3558.00;180
8844;15;622048214;8844;595;10150;10331;4.09;0.25;352.51;13.98;1306;22;3559.00;181
8844;15;622048229;8844;597;10150;10331;4.08;0.25;352.51;13.98;1306;22;3560.00;181
8846;15;622048243;8846;600;10152;10331;4.01;0.24;352.48;14.09;1306;22;3561.00;179
8848;15;622048259;8848;599;10152;10331;3.96;0.24;352.48;14.09;1304;22;3562.00;179
8850;15;622048275;8850;582;10152;10331;3.94;0.24;352.45;14.09;1302;22;3563.00;179
8853;15;622048292;8853;568;10162;10343;3.93;0.24;352.45;14.07;1309;22;3564.00;181
8855;15;622048308;8855;564;10162;10343;3.92;0.24;352.43;14.07;1307;22;3565.00;181
8857;15;622048325;8857;559;10163;10343;3.88;0.24;352.42;14.07;1306;22;3566.00;180
8857;15;622048344;8857;556;10163;10343;3.83;0.23;352.42;14.07;1306;22;3567.00;180
8862;15;622048363;8862;563;10163;10343;3.74;0.23;352.41;14.07;1301;22;3568.00;180
8863;15;622048387;8863;567;10163;10343;3.72;0.23;352.40;14.07;1300;22;3569.00;180
8866;15;622048413;8866;554;10163;10344;3.68;0.22;352.34;14.07;1297;22;3570.00;181
8868;15;622048428;8868;543;10163;10344;3.69;0.23;352.33;14.07;1295;22;3571.00;181
8872;15;622048441;8872;541;10168;10350;3.75;0.23;352.34;14.07;1296;22;3572.00;182
8872;15;622048458;8872;535;10169;10351;3.80;0.23;352.34;14.07;1297;22;3573.00;182
8875;15;622048476;8875;533;10169;10351;3.82;0.23;352.29;14.07;1294;22;3574.00;182
8876;15;622048492;8876;530;10169;10351;3.93;0.24;352.28;14.07;1293;22;3575.00;182
8878;15;622048508;8878;521;10172;10355;4.02;0.25;352.25;14.06;1294;22;3576.00;183
8880;15;622048524;8880;513;10172;10355;4.10;0.25;352.21;14.06;1292;22;3577.00;183
8882;15;622048547;8882;507;10172;10355;4.15;0.25;352.18;14.06;1290;22;3578.00;183
8885;15;622048562;8885;509;10173;10356;4.21;0.26;352.13;14.06;1288;22;3579.00;183
8887;15;622048578;8887;499;10176;10360;4.24;0.26;352.21;14.06;1289;22;3580.00;184
8891;15;622048595;8891;490;10176;10360;4.25;0.26;352.19;14.06;1285;22;3581.00;184
8891;15;622048610;8891;483;10179;10363;4.27;0.26;352.19;14.05;1288;22;3582.00;184
8895;15;622048626;8895;473;10179;10363;4.29;0.26;352.24;14.05;1284;22;3583.00;184
8898;15;622048643;8898;469;10179;10363;4.31;0.26;352.29;14.05;1281;22;3584.00;184
8902;15;622048658;8902;460;10179;10363;4.34;0.26;352.36;14.05;1277;22;3585.00;184
8904;15;622048675;8904;457;10183;10367;4.40;0.27;352.36;14.05;1279;22;3586.00;184
8906;15;622048701;8906;458;10183;10367;4.43;0.27;352.35;14.05;1277;22;3587.00;184
8910;15;622048717;8910;450;10183;10367;4.47;0.27;352.31;14.05;1273;22;3588.00;184
8914;15;622048735;8914;448;10183;10367;4.50;0.27;352.47;14.05;1269;22;3589.00;184
8917;15;622048758;8917;447;10183;10368;4.54;0.28;352.54;14.05;1266;22;3590.00;185
8919;15;622048781;8919;449;10184;10369;4.59;0.28;352.57;14.05;1265;22;3591.00;185
8923;15;622048806;8923;443;10184;10369;4.62;0.28;352.58;14.05;1261;22;3592.00;185
8929;15;622048823;8929;440;10185;10370;4.62;0.28;352.83;14.04;1256;22;3593.00;185
8933;15;622048843;8933;440;10185;10370;4.66;0.28;352.86;14.04;1252;22;3594.00;185
8935;15;622048860;8935;437;10185;10370;4.66;0.28;352.93;14.04;1250;22;3595.00;185
8940;15;622048877;8940;437;10185;10370;4.64;0.28;352.90;14.04;1245;22;3596.00;185
8942;15;622048893;8942;433;10185;10370;4.64;0.28;352.88;14.04;1243;22;3597.00;185
8945;15;622048907;8945;434;10185;10370;4.62;0.28;353.01;14.04;1240;22;3598.00;185
8950;15;622048921;8950;435;10185;10370;4.63;0.28;353.01;14.04;1235;22;3599.00;185
8953;15;622048938;8953;465;10299;10623;4.99;0.31;353.02;13.94;1346;22;3600.00;324
8956;15;622048977;8956;461;10307;10624;5.00;0.31;353.09;13.93;1351;22;3601.00;317
8960;15;622048992;8960;456;10321;10624;5.05;0.31;353.15;13.92;1361;22;3602.00;303
8961;15;622049007;8961;451;10332;10624;5.13;0.32;353.19;13.91;1371;22;3603.00;292
8964;15;622049022;8964;444;10337;10624;5.14;0.32;353.23;13.90;1373;22;3604.00;287
8967;15;622049037;8967;443;10343;10624;5.21;0.32;353.32;13.90;1376;22;3605.00;281
8970;15;622049053;8970;429;10347;10624;5.26;0.33;353.36;13.89;1377;22;3606.00;277
8976;15;622049072;8976;426;10353;10624;5.26;0.33;353.36;13.89;1377;22;3607.00;271
8977;15;622049090;8977;429;10358;10625;5.28;0.33;353.36;13.89;1381;22;3608.00;267
8980;15;622049106;8980;435;10360;10626;5.28;0.33;353.37;13.89;1380;22;3609.00;266
8985;15;622049122;8985;435;10365;10626;5.27;0.33;353.39;13.88;1380;22;3610.00;261
8987;15;622049146;8987;441;10368;10627;5.25;0.33;353.42;13.88;1381;22;3611.00;259
8994;15;622049161;8994;445;10371;10627;5.16;0.32;353.53;13.88;1377;22;3612.00;256
8996;15;622049177;8996;448;10372;10627;5.11;0.32;353.54;13.88;1376;22;3613.00;255
8999;15;622049192;8999;458;10376;10627;5.09;0.32;353.64;13.88;1377;22;3614.00;251
9001;15;622049208;9001;461;10380;10631;5.08;0.31;353.71;13.88;1379;22;3615.00;251
9004;15;622049223;9004;470;10384;10631;5.02;0.31;353.81;13.93;1380;22;3616.00;247
9006;15;622049241;9006;470;10384;10631;4.98;0.31;353.80;13.93;1378;22;3617.00;247
9009;15;622049257;9009;480;10385;10634;4.90;0.30;353.80;13.93;1376;22;3618.00;249
9010;15;622049273;9010;475;10387;10634;4.85;0.30;353.84;13.93;1377;22;3619.00;247
9015;15;622049289;9015;475;10388;10634;4.78;0.30;353.87;13.93;1373;22;3620.00;246
9020;15;622049304;9020;474;10393;10638;4.75;0.29;354.03;13.93;1373;22;3621.00;245
9026;15;622049320;9026;484;10394;10639;4.73;0.29;354.14;13.93;1368;22;3622.00;245
9027;15;622049336;9027;490;10395;10639;4.71;0.29;354.14;13.93;1368;22;3623.00;244
9031;15;622049354;9031;493;10397;10643;4.70;0.29;354.14;13.94;1366;22;3624.00;246
9034;15;622049370;9034;498;10397;10643;4.71;0.29;354.16;13.94;1363;22;3625.00;246
9034;15;622049396;9034;483;10398;10643;4.75;0.29;354.16;13.94;1364;22;3626.00;245
9037;15;622049414;9037;471;10399;10644;4.80;0.29;354.19;13.94;1362;22;3627.00;245
9039;15;622049437;9039;466;10402;10644;4.86;0.30;354.27;13.94;1363;22;3628.00;242
9043;15;622049454;9043;464;10405;10650;4.87;0.30;354.29;13.94;1362;22;3629.00;245
9046;15;622049475;9046;474;10407;10650;4.83;0.29;354.42;13.94;1361;22;3630.00;243
9051;15;622049494;9051;482;10409;10651;4.77;0.29;354.44;13.94;1358;22;3631.00;242
9054;15;622049513;9054;486;10411;10651;4.74;0.29;354.46;13.94;1357;22;3632.00;240
9058;15;622049530;9058;484;10414;10651;4.71;0.29;354.58;13.94;1356;22;3633.00;237
9062;15;622049546;9062;497;10416;10651;4.69;0.28;354.69;13.99;1354;22;3634.00;235
9063;15;622049565;9063;489;10419;10651;4.70;0.28;354.79;13.99;1356;22;3635.00;232
9065;15;622049584;9065;499;10427;10663;4.73;0.29;354.90;13.99;1362;23;3636.00;236
9067;15;622049628;9067;500;10428;10663;4.75;0.29;354.96;13.98;1361;23;3637.00;235
9068;15;622049647;9068;502;10429;10663;4.76;0.29;354.97;13.98;1361;23;3638.00;234
9070;15;622049665;9070;504;10430;10663;4.81;0.29;354.98;13.98;1360;23;3639.00;233
9074;15;622049681;9074;502;10431;10663;4.81;0.29;355.14;13.98;1357;23;3640.00;232
9076;15;622049701;9076;506;10431;10663;4.83;0.29;355.21;13.98;1355;23;3641.00;232
9078;15;622049718;9078;502;10435;10667;4.84;0.30;355.18;13.98;1357;23;3642.00;232
9080;15;622049737;9080;498;10435;10667;4.84;0.29;355.28;13.98;1355;23;3643.00;232
9083;15;622049753;9083;492;10440;10671;4.85;0.30;355.24;13.98;1357;23;3644.00;231
9085;15;622049779;9085;498;10442;10673;4.89;0.30;355.34;13.97;1357;23;3645.00;231
9089;15;622049805;9089;497;10442;10673;4.88;0.30;355.47;13.97;1353;23;3646.00;231
9091;15;622049829;9091;497;10442;10673;4.85;0.30;355.53;13.97;1351;23;3647.00;231
9093;15;622049854;9093;499;10451;10686;4.93;0.30;355.59;13.96;1358;23;3648.00;235
9097;15;622049878;9097;506;10451;10686;4.92;0.30;355.74;13.96;1354;23;3649.00;235
9098;15;622049897;9098;508;10452;10686;4.91;0.30;355.73;14.01;1354;23;3650.00;234
9100;15;622049916;9100;512;10453;10687;4.93;0.30;355.84;14.01;1353;23;3651.00;234
9102;15;622049935;9102;503;10453;10688;4.92;0.30;355.87;14.01;1351;23;3652.00;235
9104;15;622049952;9104;498;10453;10688;4.90;0.30;355.93;14.01;1349;23;3653.00;235
9107;15;622049970;9107;508;10455;10691;4.87;0.30;355.97;14.01;1348;23;3654.00;236
9108;15;622049987;9108;516;10455;10691;4.80;0.29;355.93;14.01;1347;23;3655.00;236
9109;15;622050006;9109;527;10456;10691;4.76;0.29;355.97;14.01;1347;23;3656.00;235
9111;15;622050027;9111;539;10456;10691;4.74;0.29;355.98;14.01;1345;23;3657.00;235
9111;15;622050047;9111;539;10461;10697;4.77;0.29;355.98;14.00;1350;23;3658.00;236
9113;15;622050071;9113;539;10461;10697;4.72;0.29;355.97;14.00;1348;23;3659.00;236
9115;15;622050094;9115;539;10461;10697;4.67;0.28;356.04;14.00;1346;23;3660.00;236
9118;15;622050115;9118;536;10461;10697;4.61;0.28;356.10;14.00;1343;23;3661.00;236
9119;15;622050134;9119;536;10463;10701;4.63;0.28;356.14;14.00;1344;23;3662.00;238
9121;15;622050153;9121;534;10465;10702;4.64;0.28;356.11;14.00;1344;23;3663.00;237
9123;15;622050172;9123;522;10465;10702;4.66;0.28;356.15;14.00;1342;23;3664.00;237
9125;15;622050191;9125;517;10466;10703;4.66;0.28;356.17;13.99;1341;23;3665.00;237
9127;15;622050210;9127;519;10466;10703;4.68;0.29;356.18;13.99;1339;23;3666.00;237
9128;15;622050229;9128;521;10466;10703;4.67;0.28;356.22;13.99;1338;23;3667.00;237
9129;15;622050250;9129;523;10466;10703;4.64;0.28;356.25;13.99;1337;23;3668.00;237
9132;15;622050268;9132;523;10466;10703;4.63;0.28;356.41;13.99;1334;23;3669.00;237
9133;15;622050288;9133;531;10466;10703;4.59;0.28;356.48;13.99;1333;23;3670.00;237
9135;15;622050306;9135;523;10467;10703;4.59;0.28;356.51;14.00;1332;23;3671.00;236
9136;15;622050322;9136;535;10499;10773;4.67;0.29;356.56;14.02;1363;23;3672.00;274
9140;15;622050345;9140;526;10499;10774;4.63;0.28;356.64;14.02;1359;23;3673.00;275
9143;15;622050360;9143;516;10506;10774;4.67;0.29;356.62;14.07;1363;23;3674.00;268
9147;15;622050377;9147;512;10509;10774;4.66;0.28;356.65;14.06;1362;23;3675.00;265
9149;15;622050400;9149;514;10514;10774;4.64;0.28;356.65;14.06;1365;23;3676.00;260
9153;15;622050416;9153;510;10517;10774;4.65;0.28;356.68;14.12;1364;23;3677.00;257
9156;15;622050433;9156;516;10521;10774;4.69;0.29;356.72;14.18;1365;23;3678.00;253
9161;15;622050450;9161;520;10523;10774;4.65;0.28;356.68;14.18;1362;23;3679.00;251
9162;15;622050466;9162;511;10524;10775;4.65;0.28;356.69;14.18;1362;23;3680.00;251
9163;15;622050482;9163;510;10526;10776;4.65;0.28;356.67;14.18;1363;23;3681.00;250
9167;15;622050506;9167;503;10528;10776;4.62;0.28;356.74;14.18;1361;23;3682.00;248
9168;15;622050526;9168;501;10533;10780;4.62;0.28;356.76;14.17;1365;23;3683.00;247
9172;15;622050542;9172;499;10535;10780;4.59;0.28;356.80;14.17;1363;23;3684.00;245
9173;15;622050558;9173;500;10536;10780;4.57;0.28;356.77;14.17;1363;23;3685.00;244
9175;15;622050574;9175;512;10537;10780;4.56;0.28;356.75;14.17;1362;23;3686.00;243
9177;15;622050590;9177;512;10542;10786;4.64;0.28;356.70;14.17;1365;23;3687.00;244
9178;15;622050611;9178;522;10542;10786;4.58;0.28;356.68;14.17;1364;23;3688.00;244
9179;15;622050627;9179;529;10543;10786;4.57;0.28;356.68;14.18;1364;23;3689.00;243
9180;15;622050645;9180;533;10547;10792;4.56;0.28;356.65;14.18;1367;23;3690.00;245
9182;15;622050665;9182;537;10548;10792;4.53;0.28;356.63;14.18;1366;23;3691.00;244
9184;15;622050681;9184;542;10552;10792;4.51;0.28;356.59;14.18;1368;23;3692.00;240
9187;15;622050697;9187;538;10552;10793;4.45;0.27;356.52;14.18;1365;23;3693.00;241
9191;15;622050713;9191;542;10554;10794;4.46;0.27;356.60;14.19;1363;23;3694.00;240
9194;15;622050729;9194;545;10556;10794;4.43;0.27;356.56;14.19;1362;23;3695.00;238
9195;15;622050745;9195;548;10565;10807;4.48;0.27;356.56;14.18;1370;23;3696.00;242
9198;15;622050763;9198;561;10567;10807;4.48;0.27;356.57;14.19;1369;23;3697.00;240
9200;15;622050779;9200;568;10567;10807;4.46;0.27;356.55;14.19;1367;23;3698.00;240
9202;15;622050795;9202;556;10569;10808;4.46;0.27;356.51;14.19;1367;23;3699.00;239
9203;15;622050813;9203;566;10570;10808;4.42;0.27;356.49;14.25;1367;23;3700.00;238
9203;15;622050832;9203;573;10575;10812;4.46;0.27;356.49;14.26;1372;23;3701.00;237
9206;15;622050849;9206;580;10576;10812;4.47;0.27;356.48;14.27;1370;23;3702.00;236
9207;15;622050864;9207;591;10579;10816;4.44;0.27;356.44;14.26;1372;23;3703.00;237
9208;15;622050880;9208;580;10581;10816;4.45;0.27;356.53;14.33;1373;23;3704.00;235
9211;15;622050896;9211;577;10581;10816;4.40;0.27;356.51;14.33;1370;23;3705.00;235
9213;15;622050912;9213;577;10583;10816;4.38;0.27;356.48;14.46;1370;23;3706.00;233
9215;15;622050928;9215;586;10584;10816;4.37;0.27;356.45;14.53;1369;23;3707.00;232
9218;15;622050943;9218;597;10594;10828;4.37;0.27;356.41;14.52;1376;23;3708.00;234
9221;15;622050960;9221;602;10596;10828;4.35;0.27;356.33;14.58;1375;23;3709.00;232
9224;15;622050976;9224;609;10597;10828;4.32;0.26;356.25;14.58;1373;23;3710.00;231
9224;15;622050991;9224;612;10599;10828;4.29;0.26;356.25;14.70;1375;23;3711.00;229
9226;15;622051005;9226;618;10599;10828;4.22;0.26;356.23;14.70;1373;23;3712.00;229
9228;15;622051021;9228;621;10600;10828;4.18;0.26;356.19;14.77;1372;23;3713.00;228
9228;15;622051035;9228;628;10603;10829;4.15;0.25;356.19;14.84;1375;23;3714.00;226
9230;15;622051050;9230;624;10603;10829;4.11;0.25;356.23;14.84;1373;23;3715.00;226
9233;15;622051069;9233;618;10611;10835;4.10;0.25;356.38;14.90;1378;23;3716.00;224
9234;15;622051084;9234;616;10613;10836;4.07;0.25;356.39;14.96;1379;23;3717.00;223
9236;15;622051098;9236;621;10613;10836;4.06;0.25;356.39;14.96;1377;23;3718.00;223
9237;15;622051112;9237;625;10616;10836;4.04;0.25;356.37;15.09;1379;23;3719.00;220
9238;15;622051127;9238;623;10620;10841;4.04;0.25;356.33;15.08;1382;23;3720.00;221
9240;15;622051142;9240;629;10621;10841;4.01;0.25;356.31;15.08;1381;23;3721.00;220
9241;15;622051163;9241;624;10622;10841;3.99;0.24;356.29;15.14;1381;23;3722.00;219
9241;15;622051177;9241;623;10625;10842;3.97;0.24;356.29;15.20;1384;23;3723.00;217
9243;15;622051190;9243;630;10628;10846;3.98;0.24;356.35;15.20;1385;23;3724.00;218
9243;15;622051205;9243;635;10630;10846;4.03;0.25;356.35;15.31;1387;23;3725.00;216
9244;15;622051224;9244;635;10632;10849;4.07;0.25;356.31;15.31;1388;23;3726.00;217
9246;15;622051238;9246;632;10635;10849;4.13;0.25;356.26;15.43;1389;23;3727.00;214
9247;15;622051252;9247;635;10635;10849;4.19;0.26;356.25;15.43;1388;23;3728.00;214
9251;15;622051267;9251;637;10635;10849;4.24;0.26;356.24;15.43;1384;23;3729.00;214
9253;15;622051286;9253;632;10640;10853;4.28;0.26;356.20;15.48;1387;23;3730.00;213
9255;15;622051301;9255;633;10640;10853;4.29;0.26;356.21;15.48;1385;23;3731.00;213
9258;15;622051315;9258;632;10640;10853;4.27;0.26;356.18;15.48;1382;23;3732.00;213
9259;15;622051329;9259;631;10640;10853;4.22;0.26;356.15;15.48;1381;23;3733.00;213
9261;15;622051342;9261;631;10640;10854;4.18;0.25;356.12;15.48;1379;23;3734.00;214
9263;15;622051356;9263;633;10642;10856;4.17;0.25;356.09;15.48;1379;23;3735.00;214
9266;15;622051369;9266;632;10642;10856;4.16;0.25;356.04;15.48;1376;23;3736.00;214
9269;15;622051382;9269;634;10643;10857;4.13;0.25;356.04;15.48;1374;23;3737.00;214
9271;15;622051397;9271;643;10643;10857;4.16;0.25;356.05;15.48;1372;23;3738.00;214
9274;15;622051410;9274;654;10643;10857;4.14;0.25;356.07;15.48;1369;23;3739.00;214
9280;15;622051424;9280;632;10643;10857;4.11;0.25;356.01;15.48;1363;23;3740.00;214
9282;15;622051438;9282;630;10643;10857;4.10;0.25;355.96;15.48;1361;23;3741.00;214
9284;15;622051452;9284;619;10643;10857;4.10;0.25;356.05;15.48;1359;23;3742.00;214
9288;15;622051467;9288;616;10643;10857;4.07;0.25;356.11;15.48;1355;23;3743.00;214
9290;15;622051481;9290;629;10713;10984;4.39;0.27;356.13;15.37;1423;23;3744.00;271
9293;15;622051510;9293;620;10717;10985;4.42;0.27;356.17;15.37;1424;23;3745.00;268
9297;15;622051525;9297;610;10725;10985;4.46;0.28;356.17;15.36;1428;23;3746.00;260
9299;15;622051539;9299;598;10729;10985;4.50;0.28;356.18;15.35;1430;23;3747.00;256
9303;15;622051554;9303;575;10733;10985;4.52;0.28;356.34;15.35;1430;23;3748.00;252
9308;15;622051568;9308;568;10734;10985;4.49;0.28;356.54;15.35;1426;23;3749.00;251
9309;15;622051585;9309;566;10739;10990;4.46;0.28;356.55;15.34;1430;23;3750.00;251
9312;15;622051600;9312;565;10740;10990;4.45;0.28;356.67;15.34;1428;23;3751.00;250
9314;15;622051615;9314;554;10742;10991;4.45;0.28;356.69;15.34;1428;23;3752.00;249
9318;15;622051630;9318;552;10743;10992;4.47;0.28;356.77;15.34;1425;23;3753.00;249
9319;15;622051646;9319;546;10745;10992;4.50;0.28;356.84;15.34;1426;23;3754.00;247
9325;15;622051661;9325;545;10749;10993;4.49;0.28;356.89;15.34;1424;23;3755.00;244
9326;15;622051676;9326;547;10752;10993;4.59;0.28;356.94;15.34;1426;23;3756.00;241
9332;15;622051692;9332;542;10752;10993;4.61;0.28;357.08;15.34;1420;23;3757.00;241
9336;15;622051707;9336;541;10754;10993;4.63;0.29;357.08;15.34;1418;23;3758.00;239
9339;15;622051723;9339;541;10756;10997;4.66;0.29;357.06;15.33;1417;23;3759.00;241
9347;15;622051739;9347;534;10756;10997;4.71;0.29;357.17;15.33;1409;23;3760.00;241
9349;15;622051755;9349;536;10757;10997;4.76;0.29;357.31;15.33;1408;23;3761.00;240
9351;15;622051778;9351;537;10757;11000;4.80;0.29;357.27;15.33;1406;23;3762.00;243
9355;15;622051804;9355;532;10757;11000;4.81;0.30;357.42;15.33;1402;23;3763.00;243
9358;15;622051829;9358;529;10758;11000;4.84;0.30;357.58;15.33;1400;23;3764.00;242
9363;15;622051855;9363;532;10763;11004;4.84;0.30;357.74;15.33;1400;23;3765.00;241
9365;15;622051882;9365;531;10763;11005;4.90;0.30;357.80;15.33;1398;23;3766.00;242
9368;15;622051900;9368;532;10764;11005;4.93;0.30;357.93;15.33;1396;23;3767.00;241
9371;15;622051918;9371;532;10765;11009;4.94;0.30;358.12;15.33;1394;23;3768.00;244
9376;15;622051936;9376;530;10766;11009;4.95;0.30;358.24;15.33;1390;23;3769.00;243
9381;15;622051955;9381;518;10766;11009;4.96;0.30;358.24;15.33;1385;23;3770.00;243
9385;15;622051974;9385;520;10766;11010;4.97;0.30;358.37;15.33;1381;23;3771.00;244
9388;15;622051992;9388;515;10767;11010;4.95;0.30;358.35;15.33;1379;23;3772.00;243
9392;15;622052016;9392;506;10771;11016;5.00;0.31;358.51;15.33;1379;23;3773.00;245
9395;15;622052034;9395;506;10771;11016;5.03;0.31;358.57;15.33;1376;23;3774.00;245
9402;15;622052051;9402;505;10772;11017;4.98;0.30;358.59;15.33;1370;23;3775.00;245
9406;15;622052069;9406;504;10773;11017;5.00;0.31;358.73;15.33;1367;23;3776.00;244
9411;15;622052085;9411;501;10773;11017;5.01;0.31;358.68;15.33;1362;23;3777.00;244
9416;15;622052102;9416;501;10775;11017;5.04;0.31;358.73;15.33;1359;23;3778.00;242
9419;15;622052119;9419;500;10775;11017;5.09;0.31;358.72;15.33;1356;23;3779.00;242
9422;15;622052137;9422;496;10798;11053;5.14;0.31;358.85;15.29;1376;23;3780.00;255
9427;15;622052158;9427;505;10799;11053;5.09;0.31;358.79;15.29;1372;23;3781.00;254
9427;15;622052177;9427;504;10802;11053;5.10;0.31;358.79;15.29;1375;23;3782.00;251
9435;15;622052195;9435;510;10802;11053;5.01;0.31;358.93;15.29;1367;23;3783.00;251
9436;15;622052212;9436;514;10803;11053;4.98;0.30;359.02;15.29;1367;23;3784.00;250
9436;15;622052229;9436;517;10804;11053;4.95;0.30;359.02;15.29;1368;23;3785.00;249
9439;15;622052253;9439;525;10808;11057;4.89;0.30;359.18;15.29;1369;23;3786.00;249
9446;15;622052273;9446;512;10809;11057;4.82;0.29;359.26;15.29;1363;23;3787.00;248
9451;15;622052291;9451;508;10812;11061;4.81;0.29;359.23;15.29;1361;23;3788.00;249
9453;15;622052311;9453;508;10815;11062;4.78;0.29;359.27;15.29;1362;23;3789.00;247
9455;15;622052330;9455;505;10816;11062;4.77;0.29;359.25;15.29;1361;23;3790.00;246
9457;16;622052347;9457;504;10816;11062;4.77;0.29;359.27;15.29;1359;24;3791.00;246
9458;16;622052382;9458;510;10825;11075;4.77;0.29;359.28;15.28;1367;24;3792.00;250
9462;16;622052400;9462;515;10827;11075;4.71;0.29;359.35;15.28;1365;24;3793.00;248
9466;16;622052416;9466;520;10828;11075;4.66;0.28;359.55;15.29;1362;24;3794.00;247
9468;16;622052432;9468;524;10829;11076;4.59;0.28;359.58;15.29;1361;24;3795.00;247
9470;16;622052449;9470;521;10832;11077;4.53;0.28;359.66;15.29;1362;24;3796.00;245
9471;16;622052474;9471;515;10832;11077;4.49;0.27;359.66;15.29;1361;24;3797.00;245
9476;16;622052491;9476;517;10833;11080;4.46;0.27;359.93;15.29;1357;24;3798.00;247
9480;16;622052508;9480;514;10834;11080;4.46;0.27;359.99;15.29;1354;24;3799.00;246
9480;16;622052532;9480;513;10836;11080;4.50;0.27;359.99;15.29;1356;24;3800.00;244
9483;16;622052553;9483;511;10836;11080;4.53;0.28;360.00;15.29;1353;24;3801.00;244
9486;16;622052570;9486;514;10841;11086;4.60;0.28;360.16;15.28;1355;24;3802.00;245
9487;16;622052587;9487;516;10842;11086;4.61;0.28;360.14;15.28;1355;24;3803.00;244
9489;16;622052603;9489;517;10843;11086;4.64;0.28;360.16;15.28;1354;24;3804.00;243
9491;16;622052620;9491;515;10844;11086;4.68;0.29;360.23;15.35;1353;24;3805.00;242
9494;16;622052636;9494;523;10849;11090;4.68;0.28;360.20;15.34;1355;24;3806.00;241
9496;16;622052653;9496;521;10850;11091;4.68;0.28;360.25;15.34;1354;24;3807.00;241
9499;16;622052669;9499;520;10852;11091;4.68;0.28;360.40;15.34;1353;24;3808.00;239
9501;16;622052686;9501;523;10853;11092;4.68;0.28;360.40;15.34;1352;24;3809.00;239
9503;16;622052712;9503;523;10853;11092;4.70;0.29;360.54;15.34;1350;24;3810.00;239
9507;16;622052734;9507;508;10853;11092;4.72;0.29;360.53;15.34;1346;24;3811.00;239
9508;16;622052750;9508;511;10853;11092;4.72;0.29;360.57;15.34;1345;24;3812.00;239
9509;16;622052767;9509;508;10853;11092;4.72;0.29;360.54;15.34;1344;24;3813.00;239
9512;16;622052782;9512;508;10853;11092;4.68;0.28;360.59;15.34;1341;24;3814.00;239
9516;16;622052799;9516;514;10853;11092;4.64;0.28;360.78;15.34;1337;24;3815.00;239
9521;16;622052815;9521;520;10888;11162;4.67;0.28;360.85;15.29;1367;24;3816.00;274
9526;16;622052836;9526;521;10888;11163;4.63;0.28;360.98;15.29;1362;24;3817.00;275
9528;16;622052850;9528;514;10895;11163;4.64;0.28;361.07;15.28;1367;24;3818.00;268
9528;16;622052866;9528;523;10895;11163;4.64;0.28;361.07;15.28;1367;24;3819.00;268
9531;16;622052880;9531;528;10898;11163;4.65;0.28;361.12;15.28;1367;24;3820.00;265
9534;16;622052895;9534;530;10903;11163;4.67;0.28;361.16;15.27;1369;24;3821.00;260
9535;16;622052910;9535;528;10907;11163;4.71;0.29;361.17;15.27;1372;24;3822.00;256
9538;16;622052925;9538;530;10909;11163;4.78;0.29;361.16;15.27;1371;24;3823.00;254
9541;16;622052940;9541;532;10911;11164;4.78;0.29;361.18;15.27;1370;24;3824.00;253
9541;16;622052961;9541;538;10914;11166;4.79;0.29;361.18;15.26;1373;24;3825.00;252
9542;16;622052976;9542;546;10916;11166;4.77;0.29;361.20;15.26;1374;24;3826.00;250
9544;16;622052992;9544;548;10922;11170;4.74;0.29;361.29;15.26;1378;24;3827.00;248
9546;16;622053007;9546;556;10924;11170;4.72;0.29;361.31;15.25;1378;24;3828.00;246
9549;16;622053022;9549;560;10924;11170;4.69;0.29;361.29;15.25;1375;24;3829.00;246
9552;16;622053037;9552;555;10924;11170;4.64;0.28;361.45;15.25;1372;24;3830.00;246
9556;16;622053052;9556;560;10928;11176;4.64;0.28;361.52;15.25;1372;24;3831.00;248
9557;16;622053068;9557;557;10928;11176;4.63;0.28;361.53;15.25;1371;24;3832.00;248
9560;16;622053083;9560;555;10928;11176;4.63;0.28;361.51;15.25;1368;24;3833.00;248
9561;16;622053098;9561;560;10930;11179;4.66;0.28;361.54;15.25;1369;24;3834.00;249
9563;16;622053113;9563;557;10930;11179;4.68;0.28;361.63;15.25;1367;24;3835.00;249
9566;16;622053128;9566;567;10931;11179;4.66;0.28;361.58;15.25;1365;24;3836.00;248
9569;16;622053143;9569;563;10931;11180;4.67;0.28;361.53;15.25;1362;24;3837.00;249
9574;16;622053157;9574;557;10932;11181;4.67;0.28;361.53;15.24;1358;24;3838.00;249
9577;16;622053172;9577;557;10933;11181;4.66;0.28;361.72;15.30;1356;24;3839.00;248
9579;16;622053188;9579;559;10950;11207;4.68;0.29;361.68;15.28;1371;24;3840.00;257
9579;16;622053204;9579;558;10950;11207;4.66;0.29;361.68;15.28;1371;24;3841.00;257
9585;16;622053219;9585;546;10952;11207;4.61;0.28;361.77;15.28;1367;24;3842.00;255
9587;16;622053233;9587;540;10954;11208;4.62;0.28;361.77;15.28;1367;24;3843.00;254
9594;16;622053247;9594;550;10955;11208;4.55;0.28;361.77;15.34;1361;24;3844.00;253
9597;16;622053264;9597;556;10959;11212;4.57;0.28;361.71;15.41;1362;24;3845.00;253
9600;16;622053282;9600;556;10961;11214;4.55;0.28;361.71;15.40;1361;24;3846.00;253
9604;16;622053300;9604;552;10964;11218;4.54;0.28;361.66;15.40;1360;24;3847.00;254
9607;16;622053319;9607;555;10964;11218;4.55;0.28;361.62;15.40;1357;24;3848.00;254
9609;16;622053333;9609;553;10964;11218;4.57;0.28;361.63;15.40;1355;24;3849.00;254
9612;16;622053348;9612;545;10964;11218;4.56;0.28;361.53;15.40;1352;24;3850.00;254
9614;16;622053362;9614;539;10964;11218;4.53;0.28;361.49;15.40;1350;24;3851.00;254
9617;16;622053376;9617;538;10974;11230;4.54;0.28;361.40;15.38;1357;24;3852.00;256
9620;16;622053392;9620;536;10975;11230;4.50;0.27;361.34;15.38;1355;24;3853.00;255
9621;16;622053407;9621;541;10975;11230;4.46;0.27;361.31;15.38;1354;24;3854.00;255
9623;16;622053421;9623;541;10976;11230;4.44;0.27;361.27;15.44;1353;24;3855.00;254
9628;16;622053435;9628;544;10977;11230;4.41;0.27;361.17;15.44;1349;24;3856.00;253
9629;16;622053449;9629;553;10977;11230;4.41;0.27;361.19;15.44;1348;24;3857.00;253
9629;16;622053463;9629;547;10977;11231;4.40;0.27;361.19;15.44;1348;24;3858.00;254
9630;16;622053477;9630;544;10978;11231;4.37;0.27;361.20;15.45;1348;24;3859.00;253
9633;17;622053491;9633;544;10982;11237;4.37;0.27;361.24;15.44;1349;25;3860.00;255
9634;17;622053525;9634;547;10984;11238;4.34;0.26;361.22;15.44;1350;25;3861.00;254
9634;17;622053543;9634;550;10985;11238;4.31;0.26;361.22;15.44;1351;25;3862.00;253
9635;17;622053557;9635;555;10985;11238;4.27;0.26;361.19;15.44;1350;25;3863.00;253
9640;17;622053570;9640;558;10990;11242;4.27;0.26;361.27;15.44;1350;25;3864.00;252
9642;17;622053590;9642;566;10990;11242;4.24;0.26;361.24;15.44;1348;25;3865.00;252
9643;17;622053604;9643;566;10990;11242;4.25;0.26;361.24;15.44;1347;25;3866.00;252
9645;17;622053618;9645;560;10992;11243;4.27;0.26;361.25;15.50;1347;25;3867.00;251
9647;17;622053632;9647;548;10995;11247;4.28;0.26;361.19;15.50;1348;25;3868.00;252
9650;17;622053647;9650;547;10995;11247;4.28;0.26;361.19;15.50;1345;25;3869.00;252
9651;17;622053663;9651;548;11000;11253;4.36;0.27;361.24;15.56;1349;25;3870.00;253
9652;17;622053678;9652;554;11001;11253;4.38;0.27;361.25;15.56;1349;25;3871.00;252
9652;17;622053692;9652;551;11002;11253;4.40;0.27;361.25;15.56;1350;25;3872.00;251
9654;17;622053706;9654;549;11003;11253;4.41;0.27;361.20;15.63;1349;25;3873.00;250
9657;17;622053727;9657;550;11007;11257;4.44;0.27;361.17;15.62;1350;25;3874.00;250
9659;17;622053741;9659;554;11009;11257;4.45;0.27;361.14;15.76;1350;25;3875.00;248
9660;17;622053756;9660;559;11009;11257;4.46;0.27;361.11;15.76;1349;25;3876.00;248
9660;17;622053785;9660;563;11010;11257;4.45;0.27;361.11;15.82;1350;25;3877.00;247
9663;17;622053810;9663;568;11010;11258;4.41;0.27;361.14;15.82;1347;25;3878.00;248
9664;17;622053833;9664;573;11011;11259;4.39;0.27;361.12;15.82;1347;25;3879.00;248
9665;17;622053856;9665;571;11012;11259;4.35;0.27;361.16;15.89;1347;25;3880.00;247
9668;17;622053875;9668;582;11013;11260;4.37;0.27;361.13;15.89;1345;25;3881.00;247
9669;17;622053893;9669;576;11014;11260;4.36;0.27;361.13;15.95;1345;25;3882.00;246
9669;17;622053908;9669;580;11014;11260;4.37;0.27;361.13;15.95;1345;25;3883.00;246
9673;17;622053924;9673;583;11015;11260;4.33;0.26;361.10;16.02;1342;25;3884.00;245
9673;17;622053940;9673;585;11015;11260;4.35;0.27;361.10;16.02;1342;25;3885.00;245
9674;17;622053954;9674;587;11017;11260;4.34;0.26;361.12;16.15;1343;25;3886.00;243
9676;17;622053970;9676;579;11017;11260;4.36;0.27;361.25;16.15;1341;25;3887.00;243
9678;17;622053985;9678;598;11081;11387;4.65;0.29;361.24;16.06;1403;25;3888.00;306
9680;17;622054010;9680;584;11087;11388;4.67;0.29;361.20;16.25;1407;25;3889.00;301
9681;17;622054025;9681;568;11096;11388;4.78;0.30;361.19;16.30;1415;25;3890.00;292
9682;17;622054040;9682;556;11101;11388;4.84;0.30;361.17;16.29;1419;25;3891.00;287
9682;17;622054056;9682;555;11111;11388;4.89;0.30;361.17;16.41;1429;25;3892.00;277
9686;17;622054071;9686;553;11115;11388;4.87;0.30;361.24;16.41;1429;25;3893.00;273
9688;17;622054143;9688;551;11118;11388;4.87;0.30;361.20;16.40;1430;25;3894.00;270
9690;17;622054158;9690;557;11120;11388;4.83;0.30;361.19;16.40;1430;25;3895.00;268
9694;17;622054173;9694;548;11124;11389;4.80;0.29;361.34;16.53;1430;25;3896.00;265
9696;17;622054188;9696;552;11126;11390;4.82;0.30;361.33;16.53;1430;25;3897.00;264
9699;17;622054203;9699;553;11127;11390;4.84;0.30;361.34;16.53;1428;25;3898.00;263
9700;17;622054219;9700;559;11129;11391;4.82;0.30;361.35;16.53;1429;25;3899.00;262
9703;17;622054235;9703;570;11137;11406;4.73;0.29;361.39;16.52;1434;25;3900.00;269
9706;17;622054256;9706;568;11138;11406;4.64;0.28;361.46;16.52;1432;25;3901.00;268
9706;17;622054272;9706;578;11140;11406;4.57;0.28;361.46;16.52;1434;25;3902.00;266
9712;17;622054286;9712;580;11145;11410;4.50;0.28;361.38;16.51;1433;25;3903.00;265
9714;17;622054302;9714;595;11146;11410;4.48;0.27;361.46;16.51;1432;25;3904.00;264
9719;17;622054317;9719;605;11149;11410;4.40;0.27;361.49;16.51;1430;25;3905.00;261
9723;17;622054331;9723;618;11153;11413;4.31;0.26;361.45;16.51;1430;25;3906.00;260
9726;17;622054347;9726;623;11153;11413;4.29;0.26;361.49;16.51;1427;25;3907.00;260
9728;17;622054362;9728;626;11153;11413;4.26;0.26;361.59;16.51;1425;25;3908.00;260
9730;17;622054376;9730;639;11157;11417;4.24;0.26;361.63;16.51;1427;25;3909.00;260
9735;17;622054392;9735;626;11159;11418;4.23;0.26;361.59;16.50;1424;25;3910.00;259
9737;17;622054407;9737;613;11160;11418;4.26;0.26;361.56;16.50;1423;25;3911.00;258
9739;17;622054421;9739;604;11165;11422;4.27;0.26;361.65;16.50;1426;25;3912.00;257
9743;17;622054436;9743;591;11165;11422;4.28;0.26;361.64;16.50;1422;25;3913.00;257
9746;17;622054451;9746;580;11166;11422;4.33;0.26;361.65;16.50;1420;25;3914.00;256
9749;17;622054466;9749;583;11168;11424;4.36;0.27;361.75;16.49;1419;25;3915.00;256
9752;17;622054482;9752;580;11170;11424;4.40;0.27;361.91;16.49;1418;25;3916.00;254
9754;17;622054497;9754;566;11174;11430;4.49;0.27;361.93;16.49;1420;25;3917.00;256
9756;17;622054513;9756;562;11175;11430;4.52;0.28;361.95;16.49;1419;25;3918.00;255
9759;17;622054529;9759;561;11175;11431;4.52;0.28;362.06;16.49;1416;25;3919.00;256
9763;17;622054545;9763;560;11175;11431;4.55;0.28;362.21;16.49;1412;25;3920.00;256
9767;17;622054560;9767;555;11175;11431;4.55;0.28;362.34;16.49;1408;25;3921.00;256
9769;17;622054575;9769;547;11176;11431;4.56;0.28;362.37;16.49;1407;25;3922.00;255
9773;17;622054592;9773;540;11177;11431;4.61;0.28;362.50;16.49;1404;25;3923.00;254
9778;17;622054608;9778;535;11186;11443;4.65;0.28;362.66;16.54;1408;25;3924.00;257
9780;17;622054632;9780;527;11186;11443;4.75;0.29;362.64;16.54;1406;25;3925.00;257
9787;17;622054649;9787;523;11188;11443;4.78;0.29;362.75;16.54;1401;25;3926.00;255
9791;17;622054665;9791;523;11189;11443;4.84;0.29;362.79;16.54;1398;25;3927.00;254
9794;17;622054682;9794;528;11191;11443;4.86;0.30;362.79;16.54;1397;25;3928.00;252
9799;17;622054699;9799;523;11192;11443;4.85;0.30;362.86;16.54;1393;25;3929.00;251
9803;17;622054717;9803;527;11195;11447;4.87;0.30;363.03;16.53;1392;25;3930.00;252
9806;17;622054733;9806;522;11195;11447;4.89;0.30;363.10;16.53;1389;25;3931.00;252
9810;17;622054749;9810;525;11198;11451;4.84;0.30;363.23;16.53;1388;25;3932.00;253
9813;17;622054767;9813;527;11199;11452;4.81;0.29;363.29;16.53;1386;25;3933.00;253
9816;17;622054783;9816;531;11199;11452;4.76;0.29;363.27;16.53;1383;25;3934.00;253
9821;17;622054800;9821;528;11199;11452;4.69;0.29;363.33;16.53;1378;25;3935.00;253
9826;17;622054816;9826;534;11208;11465;4.66;0.28;363.32;16.51;1382;25;3936.00;257
9831;17;622054832;9831;538;11210;11465;4.64;0.28;363.42;16.51;1379;25;3937.00;255
9835;17;622054848;9835;540;11210;11465;4.61;0.28;363.47;16.51;1375;25;3938.00;255
9842;17;622054863;9842;540;11212;11466;4.58;0.28;363.62;16.57;1370;25;3939.00;254
9844;17;622054879;9844;546;11212;11467;4.56;0.28;363.63;16.57;1368;25;3940.00;255
9847;17;622054895;9847;549;11213;11467;4.54;0.28;363.65;16.57;1366;25;3941.00;254
9853;17;622054910;9853;560;11216;11470;4.50;0.27;363.70;16.63;1363;25;3942.00;254
9855;17;622054925;9855;557;11216;11470;4.51;0.27;363.73;16.63;1361;25;3943.00;254
9858;17;622054940;9858;565;11218;11470;4.52;0.28;363.75;16.69;1360;25;3944.00;252
9863;17;622054955;9863;569;11218;11470;4.48;0.27;363.76;16.69;1355;25;3945.00;252
9865;17;622054971;9865;574;11222;11476;4.52;0.28;363.93;16.68;1357;25;3946.00;254
9867;17;622054986;9867;576;11224;11476;4.53;0.28;363.91;16.74;1357;25;3947.00;252
9870;17;622055001;9870;575;11224;11476;4.54;0.28;363.98;16.74;1354;25;3948.00;252
9876;17;622055016;9876;572;11224;11476;4.53;0.28;364.01;16.74;1348;25;3949.00;252
9879;17;622055031;9879;574;11228;11480;4.53;0.28;364.03;16.80;1349;25;3950.00;252
9882;17;622055046;9882;567;11229;11481;4.53;0.28;364.04;16.80;1347;25;3951.00;252
9886;17;622055062;9886;571;11229;11481;4.47;0.27;364.12;16.80;1343;25;3952.00;252
9887;17;622055077;9887;566;11231;11482;4.41;0.27;364.15;16.86;1344;25;3953.00;251
9888;17;622055091;9888;574;11231;11482;4.33;0.26;364.22;16.86;1343;25;3954.00;251
9890;17;622055105;9890;582;11232;11482;4.26;0.26;364.27;16.92;1342;25;3955.00;250
9892;17;622055119;9892;589;11232;11482;4.16;0.25;364.31;16.92;1340;25;3956.00;250
9896;17;622055133;9896;588;11232;11482;4.10;0.25;364.40;16.92;1336;25;3957.00;250
9902;17;622055148;9902;582;11233;11482;4.03;0.24;364.59;16.98;1331;25;3958.00;249
9904;17;622055162;9904;577;11233;11482;4.01;0.24;364.69;16.98;1329;25;3959.00;249
9908;17;622055180;9908;606;11303;11607;4.11;0.25;364.80;16.88;1395;25;3960.00;304
9909;17;622055204;9909;602;11308;11608;4.16;0.26;364.86;16.93;1399;25;3961.00;300
9913;17;622055220;9913;604;11312;11608;4.21;0.26;364.90;16.93;1399;25;3962.00;296
9915;17;622055248;9915;599;11313;11608;4.27;0.26;364.95;16.93;1398;25;3963.00;295
9917;17;622055264;9917;614;11317;11608;4.34;0.27;365.00;16.92;1400;25;3964.00;291
9920;17;622055279;9920;611;11318;11608;4.32;0.27;365.04;16.99;1398;25;3965.00;290
9922;17;622055301;9922;602;11323;11608;4.36;0.27;365.10;16.98;1401;25;3966.00;285
9926;17;622055318;9926;604;11326;11608;4.34;0.27;365.17;17.04;1400;25;3967.00;282
9927;17;622055334;9927;609;11331;11609;4.32;0.27;365.22;17.04;1404;25;3968.00;278
9930;17;622055350;9930;620;11335;11610;4.25;0.26;365.31;17.03;1405;25;3969.00;275
9932;17;622055366;9932;618;11339;11610;4.19;0.26;365.45;17.10;1407;25;3970.00;271
9935;17;622055383;9935;626;11344;11614;4.13;0.25;365.57;17.09;1409;25;3971.00;270
9938;17;622055400;9938;628;11348;11614;4.06;0.25;365.70;17.14;1410;25;3972.00;266
9941;17;622055416;9941;629;11348;11614;4.02;0.25;365.79;17.14;1407;25;3973.00;266
9942;17;622055438;9942;641;11348;11614;4.02;0.25;365.90;17.14;1406;25;3974.00;266
9943;17;622055454;9943;648;11353;11620;3.99;0.24;365.99;17.20;1410;25;3975.00;267
9943;17;622055471;9943;661;11353;11620;3.96;0.24;365.99;17.20;1410;26;3976.00;267
9945;17;622055495;9945;665;11354;11620;3.94;0.24;366.09;17.25;1409;26;3977.00;266
9946;17;622055511;9946;671;11357;11623;3.96;0.24;366.18;17.24;1411;26;3978.00;266
9950;17;622055529;9950;669;11357;11623;3.95;0.24;366.23;17.24;1407;26;3979.00;266
9953;17;622055545;9953;665;11358;11623;3.96;0.24;366.38;17.30;1405;26;3980.00;265
9956;17;622055562;9956;670;11358;11624;3.97;0.24;366.36;17.30;1402;26;3981.00;266
9958;17;622055579;9958;663;11360;11625;4.03;0.25;366.47;17.29;1402;26;3982.00;265
9959;17;622055596;9959;665;11361;11625;4.05;0.25;366.56;17.35;1402;26;3983.00;264
9961;17;622055613;9961;668;11372;11638;4.10;0.25;366.65;17.33;1411;26;3984.00;266
9966;17;622055630;9966;660;11373;11638;4.12;0.25;366.76;17.38;1407;26;3985.00;265
9968;17;622055646;9968;667;11373;11638;4.17;0.25;366.72;17.38;1405;26;3986.00;265
9970;17;622055662;9970;662;11374;11639;4.19;0.26;366.66;17.38;1404;26;3987.00;265
9972;17;622055678;9972;665;11375;11639;4.14;0.25;366.73;17.42;1403;26;3988.00;264
9974;17;622055694;9974;669;11379;11643;4.12;0.25;366.76;17.42;1405;26;3989.00;264
9975;17;622055712;9975;676;11379;11643;4.10;0.25;366.74;17.42;1404;26;3990.00;264
9975;17;622055727;9975;680;11383;11647;4.11;0.25;366.74;17.46;1408;26;3991.00;264
9979;17;622055743;9979;681;11383;11647;4.09;0.25;366.73;17.46;1404;26;3992.00;264
9980;17;622055768;9980;684;11383;11647;4.05;0.25;366.73;17.46;1403;26;3993.00;264
9983;17;622055792;9983;696;11384;11647;3.96;0.24;366.84;17.51;1401;26;3994.00;263
9985;17;622055814;9985;702;11384;11647;3.92;0.24;366.82;17.51;1399;26;3995.00;263
9986;17;622055837;9986;701;11395;11659;3.96;0.24;366.80;17.53;1409;26;3996.00;264
9988;17;622055859;9988;705;11395;11659;3.96;0.24;366.74;17.53;1407;26;3997.00;264
9989;17;622055880;9989;708;11397;11659;3.98;0.24;366.77;17.56;1408;26;3998.00;262
9991;17;622055898;9991;704;11397;11659;3.99;0.24;366.75;17.56;1406;26;3999.00;262
9992;17;622055916;9992;696;11397;11659;4.01;0.24;366.71;17.56;1405;26;4000.00;262
9993;17;622055937;9993;688;11398;11659;4.00;0.24;366.68;17.59;1405;26;4001.00;261
9996;17;622055954;9996;686;11398;11660;4.00;0.24;366.73;17.59;1402;26;4002.00;262
9997;17;622055972;9997;682;11398;11660;4.01;0.25;366.70;17.59;1401;26;4003.00;262
9997;17;622055988;9997;679;11403;11666;4.05;0.25;366.70;17.59;1406;26;4004.00;263
9998;17;622056004;9998;675;11405;11668;4.05;0.25;366.70;17.62;1407;26;4005.00;263
9999;17;622056020;9999;667;11406;11668;4.06;0.25;366.66;17.62;1407;26;4006.00;262
10001;17;622056037;10001;662;11406;11668;4.09;0.25;366.64;17.62;1405;26;4007.00;262
10003;17;622056053;10003;665;11409;11672;4.15;0.25;366.64;17.61;1406;26;4008.00;263
10005;17;622056068;10005;664;11409;11672;4.17;0.26;366.63;17.61;1404;26;4009.00;263
10007;17;622056083;10007;656;11409;11672;4.18;0.26;366.62;17.61;1402;26;4010.00;263
10011;17;622056100;10011;652;11410;11673;4.18;0.26;366.60;17.61;1399;26;4011.00;263
10017;17;622056116;10017;640;11413;11677;4.11;0.25;366.52;17.61;1396;26;4012.00;264
10018;17;622056132;10018;629;11413;11677;4.07;0.25;366.52;17.61;1395;26;4013.00;264
10021;17;622056147;10021;632;11415;11680;4.09;0.25;366.57;17.60;1394;26;4014.00;265
10022;17;622056163;10022;631;11418;11680;4.07;0.25;366.57;17.75;1396;26;4015.00;262
10023;17;622056182;10023;636;11418;11680;4.08;0.25;366.56;17.75;1395;26;4016.00;262
10025;17;622056197;10025;635;11419;11680;4.07;0.25;366.55;17.78;1394;26;4017.00;261
10028;17;622056213;10028;637;11423;11684;4.09;0.25;366.53;17.78;1395;26;4018.00;261
10029;17;622056229;10029;614;11423;11684;4.12;0.25;366.50;17.78;1394;26;4019.00;261
10029;17;622056249;10029;607;11424;11684;4.14;0.25;366.50;17.81;1395;26;4020.00;260
10031;17;622056267;10031;588;11424;11684;4.16;0.25;366.52;17.81;1393;26;4021.00;260
10032;17;622056288;10032;592;11425;11685;4.25;0.26;366.51;17.85;1393;26;4022.00;260
10033;17;622056307;10033;584;11426;11686;4.33;0.26;366.49;17.85;1393;26;4023.00;260
10035;17;622056325;10035;584;11426;11686;4.37;0.27;366.43;17.85;1391;26;4024.00;260
10036;17;622056344;10036;573;11428;11687;4.40;0.27;366.45;17.88;1392;26;4025.00;259
10038;17;622056367;10038;580;11428;11687;4.39;0.27;366.41;17.88;1390;26;4026.00;259
10039;17;622056383;10039;575;11428;11687;4.38;0.27;366.38;17.88;1389;26;4027.00;259
10043;17;622056399;10043;571;11428;11687;4.34;0.26;366.32;17.88;1385;26;4028.00;259
10044;17;622056415;10044;577;11428;11687;4.31;0.26;366.30;17.88;1384;26;4029.00;259
10044;17;622056432;10044;566;11428;11687;4.31;0.26;366.30;17.88;1384;26;4030.00;259
10045;17;622056448;10045;567;11428;11687;4.28;0.26;366.31;17.88;1383;26;4031.00;259
10046;17;622056464;10046;578;11496;11814;4.48;0.28;366.28;17.77;1450;26;4032.00;318
10047;17;622056494;10047;571;11497;11815;4.52;0.28;366.30;17.77;1450;26;4033.00;318
10048;17;622056510;10048;561;11505;11815;4.63;0.29;366.29;17.76;1457;26;4034.00;310
10050;17;622056526;10050;556;11508;11815;4.63;0.29;366.24;17.76;1458;26;4035.00;307
10050;17;622056543;10050;548;11514;11815;4.63;0.29;366.24;17.75;1464;26;4036.00;301
10052;17;622056561;10052;557;11516;11815;4.60;0.28;366.23;17.75;1464;26;4037.00;299
10055;17;622056578;10055;556;11518;11815;4.60;0.28;366.31;17.75;1463;26;4038.00;297
10057;17;622056595;10057;563;11521;11815;4.62;0.28;366.33;17.82;1464;26;4039.00;294
10057;17;622056612;10057;556;11524;11816;4.65;0.29;366.33;17.89;1467;26;4040.00;292
10063;17;622056630;10063;571;11528;11817;4.63;0.28;366.49;17.88;1465;27;4041.00;289
10065;17;622056659;10065;571;11531;11817;4.63;0.28;366.51;17.96;1466;27;4042.00;286
10067;17;622056677;10067;585;11533;11818;4.58;0.28;366.62;18.02;1466;27;4043.00;285
10072;17;622056694;10072;592;11537;11818;4.58;0.28;366.72;18.02;1465;27;4044.00;281
10074;17;622056711;10074;594;11542;11818;4.53;0.28;366.66;18.16;1468;27;4045.00;276
10077;17;622056728;10077;607;11543;11818;4.45;0.27;366.64;18.16;1466;27;4046.00;275
10079;17;622056744;10079;615;11550;11822;4.49;0.27;366.60;18.23;1471;27;4047.00;272
10080;17;622056761;10080;617;11552;11822;4.51;0.28;366.65;18.30;1472;27;4048.00;270
10082;17;622056779;10082;626;11555;11822;4.41;0.27;366.68;18.37;1473;27;4049.00;267
10082;17;622056799;10082;637;11560;11828;4.37;0.27;366.68;18.43;1478;27;4050.00;268
10082;17;622056816;10082;639;11563;11828;4.35;0.27;366.68;18.50;1481;27;4051.00;265
10083;17;622056831;10083;636;11566;11828;4.37;0.27;366.72;18.57;1483;27;4052.00;262
10087;17;622056846;10087;643;11572;11832;4.35;0.27;366.76;18.63;1485;27;4053.00;260
10088;17;622056862;10088;647;11574;11833;4.32;0.27;366.80;18.70;1486;27;4054.00;259
10089;17;622056877;10089;649;11576;11833;4.30;0.26;366.91;18.77;1487;27;4055.00;257
10090;17;622056892;10090;651;11580;11837;4.29;0.26;367.01;18.83;1490;27;4056.00;257
10093;17;622056908;10093;654;11582;11837;4.30;0.26;367.12;18.90;1489;27;4057.00;255
10096;17;622056923;10096;648;11583;11837;4.30;0.26;367.13;18.97;1487;27;4058.00;254
10099;17;622056938;10099;653;11584;11838;4.25;0.26;367.18;18.97;1485;27;4059.00;254
10099;17;622056954;10099;651;11586;11838;4.24;0.26;367.18;19.11;1487;27;4060.00;252
10103;17;622056970;10103;655;11591;11844;4.25;0.26;367.34;19.10;1488;28;4061.00;253
10103;17;622056992;10103;657;11591;11844;4.22;0.26;367.34;19.10;1488;28;4062.00;253
10108;17;622057007;10108;653;11593;11845;4.18;0.25;367.56;19.23;1485;28;4063.00;252
10109;17;622057023;10109;652;11593;11845;4.20;0.26;367.58;19.23;1484;28;4064.00;252
10111;17;622057038;10111;656;11593;11845;4.23;0.26;367.53;19.23;1482;28;4065.00;252
10113;17;622057054;10113;656;11595;11845;4.25;0.26;367.67;19.37;1482;28;4066.00;250
10116;17;622057069;10116;665;11595;11845;4.27;0.26;367.68;19.37;1479;28;4067.00;250
10118;17;622057085;10118;663;11606;11857;4.31;0.26;367.67;19.35;1488;28;4068.00;251
10122;17;622057101;10122;662;11608;11857;4.30;0.26;367.85;19.48;1486;28;4069.00;249
10124;17;622057117;10124;658;11608;11857;4.32;0.26;368.02;19.48;1484;28;4070.00;249
10125;17;622057132;10125;666;11608;11857;4.34;0.26;368.01;19.48;1483;28;4071.00;249
10127;17;622057147;10127;668;11610;11857;4.34;0.27;368.11;19.62;1483;28;4072.00;247
10131;17;622057162;10131;675;11610;11857;4.34;0.26;368.15;19.62;1479;28;4073.00;247
10136;17;622057177;10136;676;11615;11861;4.30;0.26;368.17;19.74;1479;28;4074.00;246
10140;17;622057198;10140;677;11615;11861;4.25;0.26;368.17;19.74;1475;28;4075.00;246
10147;17;622057215;10147;694;11619;11865;4.19;0.25;368.13;19.74;1472;28;4076.00;246
10150;17;622057231;10150;693;11620;11866;4.18;0.25;368.08;19.74;1470;28;4077.00;246
10152;17;622057246;10152;695;11620;11866;4.11;0.25;368.10;19.74;1468;28;4078.00;246
10158;17;622057261;10158;695;11620;11866;4.03;0.25;368.04;19.74;1462;28;4079.00;246
10161;17;622057277;10161;708;11645;11895;3.97;0.24;368.03;19.96;1484;28;4080.00;250
10163;17;622057295;10163;704;11647;11895;3.94;0.24;368.05;20.02;1484;28;4081.00;248
10167;17;622057311;10167;698;11650;11895;3.91;0.24;368.08;20.08;1483;28;4082.00;245
10171;17;622057326;10171;707;11652;11896;3.86;0.24;368.22;20.14;1481;28;4083.00;244
10173;17;622057345;10173;701;11653;11897;3.86;0.24;368.20;20.14;1480;28;4084.00;244
10175;17;622057360;10175;709;11653;11897;3.85;0.24;368.21;20.14;1478;28;4085.00;244
10178;17;622057375;10178;705;11656;11900;3.84;0.23;368.24;20.13;1478;28;4086.00;244
10182;17;622057391;10182;705;11656;11900;3.82;0.23;368.33;20.13;1474;28;4087.00;244
10185;17;622057406;10185;708;11656;11900;3.83;0.23;368.41;20.13;1471;28;4088.00;244
10190;17;622057421;10190;698;11656;11900;3.85;0.23;368.44;20.13;1466;28;4089.00;244
10192;17;622057437;10192;701;11661;11906;3.90;0.24;368.45;20.12;1469;28;4090.00;245
10195;17;622057453;10195;694;11661;11906;3.93;0.24;368.56;20.12;1466;28;4091.00;245
10199;17;622057470;10199;700;11662;11906;3.94;0.24;368.66;20.16;1463;28;4092.00;244
10200;17;622057486;10200;695;11662;11906;3.97;0.24;368.67;20.16;1462;28;4093.00;244
10204;17;622057501;10204;685;11665;11910;3.99;0.24;368.72;20.16;1461;28;4094.00;245
10211;17;622057521;10211;682;11667;11912;3.98;0.24;368.83;20.16;1456;28;4095.00;245
10215;17;622057537;10215;683;11667;11912;4.00;0.24;368.91;20.16;1452;28;4096.00;245
10218;17;622057553;10218;680;11668;11913;4.07;0.25;369.01;20.15;1450;28;4097.00;245
10223;17;622057568;10223;681;11668;11913;4.10;0.25;369.12;20.15;1445;28;4098.00;245
10227;17;622057584;10227;675;11668;11913;4.14;0.25;369.16;20.15;1441;28;4099.00;245
10229;17;622057600;10229;672;11668;11913;4.20;0.26;369.21;20.15;1439;28;4100.00;245
10234;17;622057619;10234;667;11668;11913;4.17;0.25;369.28;20.15;1434;28;4101.00;245
10236;17;622057634;10236;671;11668;11913;4.15;0.25;369.25;20.15;1432;28;4102.00;245
10242;17;622057650;10242;678;11668;11913;4.11;0.25;369.28;20.15;1426;28;4103.00;245
10243;17;622057671;10243;687;11707;11983;4.15;0.25;369.25;20.09;1464;28;4104.00;276
10248;17;622057692;10248;687;11708;11984;4.15;0.25;369.49;20.09;1460;28;4105.00;276
10250;17;622057708;10250;685;11712;11984;4.16;0.25;369.46;20.08;1462;28;4106.00;272
10253;17;622057723;10253;699;11716;11984;4.15;0.25;369.64;20.12;1463;28;4107.00;268
10256;17;622057738;10256;710;11718;11984;4.12;0.25;369.72;20.11;1462;28;4108.00;266
10258;17;622057754;10258;715;11719;11984;4.10;0.25;369.70;20.11;1461;28;4109.00;265
10263;17;622057774;10263;718;11722;11984;4.06;0.25;369.75;20.15;1459;28;4110.00;262
10265;17;622057796;10265;726;11723;11984;4.01;0.24;369.76;20.15;1458;28;4111.00;261
10268;17;622057821;10268;734;11724;11985;4.00;0.24;369.76;20.15;1456;28;4112.00;261
10272;17;622057844;10272;731;11728;11986;3.97;0.24;369.81;20.19;1456;28;4113.00;258
10277;17;622057866;10277;745;11729;11986;3.88;0.24;369.89;20.19;1452;28;4114.00;257
10278;17;622057887;10278;740;11733;11990;3.89;0.24;369.94;20.18;1455;28;4115.00;257
10284;17;622057904;10284;744;11734;11990;3.83;0.23;370.05;20.18;1450;28;4116.00;256
10289;17;622057921;10289;748;11736;11990;3.79;0.23;370.10;20.22;1447;28;4117.00;254
10292;17;622057938;10292;742;11736;11990;3.75;0.23;370.17;20.22;1444;28;4118.00;254
10296;17;622057954;10296;742;11743;11996;3.71;0.23;370.13;20.26;1447;28;4119.00;253
10298;17;622057971;10298;740;11743;11996;3.67;0.22;370.17;20.26;1445;28;4120.00;253
10301;17;622057988;10301;741;11744;11996;3.65;0.22;370.24;20.26;1443;28;4121.00;252
10304;17;622058004;10304;745;11746;11999;3.60;0.22;370.25;20.25;1442;28;4122.00;253
10305;17;622058019;10305;749;11748;11999;3.59;0.22;370.24;20.25;1443;28;4123.00;251
10309;17;622058034;10309;748;11749;11999;3.55;0.22;370.33;20.30;1440;28;4124.00;250
10313;17;622058051;10313;752;11749;12000;3.52;0.22;370.31;20.30;1436;28;4125.00;251
10316;17;622058065;10316;762;11752;12001;3.51;0.21;370.40;20.29;1436;28;4126.00;249
10319;17;622058081;10319;750;11753;12001;3.48;0.21;370.51;20.29;1434;28;4127.00;248
10324;17;622058096;10324;747;11765;12014;3.53;0.22;370.48;20.27;1441;28;4128.00;249
10326;17;622058112;10326;754;11765;12014;3.56;0.22;370.49;20.27;1439;28;4129.00;249
10328;17;622058129;10328;751;11765;12014;3.60;0.22;370.49;20.27;1437;28;4130.00;249
10330;17;622058144;10330;752;11766;12015;3.64;0.22;370.58;20.27;1436;28;4131.00;249
10336;17;622058161;10336;755;11766;12015;3.55;0.22;370.62;20.27;1430;28;4132.00;249
10339;17;622058176;10339;766;11770;12019;3.58;0.22;370.75;20.27;1431;28;4133.00;249
10342;17;622058195;10342;760;11771;12019;3.56;0.22;370.79;20.31;1429;28;4134.00;248
10344;17;622058212;10344;770;11774;12023;3.52;0.22;370.82;20.30;1430;28;4135.00;249
10348;17;622058228;10348;765;11774;12023;3.48;0.21;370.80;20.30;1426;28;4136.00;249
10349;17;622058244;10349;753;11774;12023;3.49;0.21;370.80;20.30;1425;28;4137.00;249
10350;17;622058261;10350;759;11774;12023;3.48;0.21;370.88;20.30;1424;28;4138.00;249
10352;17;622058277;10352;767;11774;12023;3.45;0.21;370.91;20.30;1422;28;4139.00;249
10356;17;622058301;10356;767;11800;12057;3.53;0.22;370.85;20.26;1444;28;4140.00;257
10359;17;622058321;10359;765;11800;12057;3.52;0.21;370.87;20.26;1441;28;4141.00;257
10359;17;622058338;10359;755;11802;12057;3.56;0.22;370.87;20.26;1443;28;4142.00;255
10359;17;622058354;10359;754;11802;12057;3.61;0.22;370.87;20.26;1443;28;4143.00;255
10361;17;622058369;10361;747;11803;12057;3.66;0.22;370.89;20.26;1442;28;4144.00;254
10362;17;622058385;10362;748;11803;12057;3.68;0.22;370.87;20.26;1441;28;4145.00;254
10363;17;622058402;10363;750;11803;12058;3.70;0.23;370.85;20.26;1440;28;4146.00;255
10364;17;622058418;10364;750;11803;12058;3.75;0.23;370.85;20.26;1439;28;4147.00;255
10366;17;622058434;10366;750;11808;12064;3.80;0.23;370.79;20.25;1442;28;4148.00;256
10369;17;622058451;10369;749;11810;12065;3.82;0.23;370.75;20.29;1441;28;4149.00;255
10371;17;622058468;10371;743;11810;12065;3.81;0.23;370.71;20.29;1439;28;4150.00;255
10374;17;622058484;10374;740;11810;12065;3.79;0.23;370.64;20.29;1436;28;4151.00;255
10374;17;622058499;10374;747;11813;12069;3.78;0.23;370.64;20.29;1439;28;4152.00;256
10374;17;622058516;10374;745;11813;12069;3.77;0.23;370.64;20.29;1439;28;4153.00;256
10376;17;622058531;10376;748;11813;12069;3.74;0.23;370.61;20.29;1437;28;4154.00;256
10379;17;622058547;10379;753;11814;12070;3.73;0.23;370.55;20.28;1435;28;4155.00;256
10382;17;622058563;10382;750;11817;12074;3.68;0.22;370.55;20.28;1435;28;4156.00;257
10384;17;622058579;10384;748;11817;12074;3.63;0.22;370.53;20.28;1433;28;4157.00;257
10386;17;622058594;10386;747;11819;12077;3.59;0.22;370.58;20.28;1433;28;4158.00;258
10386;17;622058610;10386;753;11819;12077;3.56;0.22;370.58;20.28;1433;28;4159.00;258
10387;17;622058625;10387;752;11820;12077;3.53;0.21;370.65;20.27;1433;28;4160.00;257
10388;17;622058641;10388;762;11820;12077;3.53;0.21;370.66;20.27;1432;28;4161.00;257
10389;17;622058655;10389;764;11824;12081;3.53;0.21;370.65;20.27;1435;28;4162.00;257
10389;17;622058671;10389;768;11824;12081;3.52;0.21;370.65;20.27;1435;28;4163.00;257
10390;17;622058686;10390;768;11824;12081;3.52;0.21;370.62;20.27;1434;28;4164.00;257
10392;17;622058701;10392;771;11824;12081;3.50;0.21;370.64;20.27;1432;28;4165.00;257
10393;17;622058716;10393;773;11824;12082;3.47;0.21;370.62;20.27;1431;28;4166.00;258
10393;17;622058731;10393;775;11825;12083;3.49;0.21;370.62;20.27;1432;28;4167.00;258
10394;17;622058746;10394;781;11825;12083;3.49;0.21;370.61;20.27;1431;28;4168.00;258
10394;17;622058761;10394;778;11826;12084;3.51;0.21;370.61;20.26;1432;28;4169.00;258
10394;17;622058781;10394;774;11826;12084;3.51;0.21;370.61;20.26;1432;28;4170.00;258
10396;17;622058797;10396;745;11826;12084;3.52;0.21;370.59;20.26;1430;28;4171.00;258
10397;17;622058813;10397;720;11826;12084;3.53;0.21;370.60;20.26;1429;28;4172.00;258
10398;17;622058829;10398;696;11828;12086;3.56;0.22;370.60;20.26;1430;28;4173.00;258
10399;17;622058845;10399;674;11828;12086;3.62;0.22;370.58;20.26;1429;28;4174.00;258
10400;17;622058860;10400;667;11828;12086;3.68;0.22;370.57;20.26;1428;28;4175.00;258
10401;17;622058875;10401;687;11894;12213;3.87;0.24;370.56;20.15;1493;28;4176.00;319
10403;18;622058900;10403;662;11895;12214;3.92;0.24;370.54;20.15;1492;29;4177.00;319
10405;18;622058928;10405;645;11901;12214;4.08;0.25;370.61;20.14;1496;29;4178.00;313
10408;18;622058944;10408;643;11903;12214;4.12;0.25;370.62;20.13;1495;29;4179.00;311
10411;18;622058966;10411;636;11907;12214;4.19;0.26;370.60;20.13;1496;29;4180.00;307
10411;18;622058982;10411;635;11910;12214;4.25;0.26;370.60;20.13;1499;29;4181.00;304
10411;18;622058998;10411;625;11913;12214;4.33;0.27;370.60;20.12;1502;29;4182.00;301
10414;18;622059013;10414;620;11917;12214;4.37;0.27;370.66;20.12;1503;29;4183.00;297
10415;18;622059029;10415;614;11921;12215;4.47;0.27;370.68;20.11;1506;29;4184.00;294
10420;18;622059044;10420;604;11925;12217;4.46;0.27;370.66;20.18;1505;29;4185.00;292
10423;18;622059064;10423;610;11927;12217;4.48;0.27;370.73;20.18;1504;29;4186.00;290
10424;18;622059080;10424;600;11929;12218;4.52;0.28;370.74;20.18;1505;29;4187.00;289
10426;18;622059097;10426;588;11931;12218;4.50;0.28;370.76;20.18;1505;29;4188.00;287
10427;18;622059113;10427;596;11933;12218;4.47;0.27;370.74;20.18;1506;29;4189.00;285
10428;18;622059128;10428;594;11936;12218;4.48;0.27;370.74;20.17;1508;29;4190.00;282
10430;18;622059144;10430;602;11939;12222;4.46;0.27;370.77;20.17;1509;29;4191.00;283
10430;18;622059160;10430;592;11941;12222;4.44;0.27;370.77;20.17;1511;29;4192.00;281
10434;18;622059176;10434;595;11943;12222;4.38;0.27;370.82;20.17;1509;29;4193.00;279
10437;18;622059193;10437;609;11944;12225;4.34;0.26;370.76;20.17;1507;29;4194.00;281
10439;18;622059210;10439;611;11946;12225;4.37;0.27;370.77;20.17;1507;29;4195.00;279
10441;18;622059226;10441;611;11948;12225;4.36;0.27;370.87;20.21;1507;29;4196.00;277
10442;18;622059243;10442;613;11953;12229;4.39;0.27;370.84;20.20;1511;29;4197.00;276
10445;18;622059259;10445;619;11955;12230;4.38;0.27;370.78;20.20;1510;29;4198.00;275
10448;18;622059276;10448;630;11956;12230;4.38;0.27;370.79;20.20;1508;29;4199.00;274
10453;18;622059295;10453;628;11967;12264;4.34;0.26;370.94;20.18;1514;29;4200.00;297
10453;18;622059325;10453;632;11971;12264;4.36;0.27;370.94;20.18;1518;29;4201.00;293
10453;18;622059347;10453;631;11972;12264;4.37;0.27;370.94;20.18;1519;29;4202.00;292
10455;18;622059362;10455;633;11974;12265;4.39;0.27;370.98;20.18;1519;29;4203.00;291
10458;18;622059378;10458;634;11975;12265;4.38;0.27;371.00;20.18;1517;29;4204.00;290
10460;18;622059395;10460;639;11979;12271;4.41;0.27;371.06;20.17;1519;29;4205.00;292
10464;18;622059411;10464;650;11983;12271;4.37;0.27;371.04;20.17;1519;29;4206.00;288
10465;18;622059428;10465;639;11983;12272;4.36;0.27;371.02;20.17;1518;29;4207.00;289
10469;18;622059444;10469;643;11983;12272;4.33;0.26;371.04;20.17;1514;29;4208.00;289
10471;18;622059460;10471;653;11984;12272;4.34;0.26;371.09;20.17;1513;29;4209.00;288
10474;18;622059477;10474;660;11985;12272;4.34;0.26;371.15;20.24;1511;29;4210.00;287
10477;18;622059493;10477;657;11987;12272;4.33;0.26;371.17;20.31;1510;29;4211.00;285
10480;18;622059516;10480;666;11999;12284;4.34;0.27;371.28;20.37;1519;29;4212.00;285
10481;18;622059533;10481;658;12001;12284;4.36;0.27;371.30;20.52;1520;29;4213.00;283
10482;18;622059555;10482;659;12003;12284;4.36;0.27;371.41;20.51;1521;29;4214.00;281
10487;18;622059571;10487;669;12005;12284;4.32;0.26;371.51;20.66;1518;29;4215.00;279
10490;18;622059587;10490;662;12006;12284;4.25;0.26;371.63;20.73;1516;29;4216.00;278
10495;19;622059605;10495;668;12006;12284;4.19;0.26;371.75;20.73;1511;30;4217.00;278
10497;19;622059635;10497;679;12011;12288;4.20;0.26;371.74;20.72;1514;30;4218.00;277
10499;19;622059652;10499;670;12012;12288;4.21;0.26;371.78;20.79;1513;30;4219.00;276
10501;19;622059667;10501;672;12016;12292;4.20;0.26;371.81;20.79;1515;30;4220.00;276
10504;19;622059688;10504;678;12018;12293;4.17;0.25;371.87;20.86;1514;30;4221.00;275
10504;19;622059704;10504;690;12018;12293;4.17;0.25;371.87;20.86;1514;30;4222.00;275
10506;19;622059720;10506;693;12021;12293;4.15;0.25;371.84;21.00;1515;30;4223.00;272
10509;19;622059735;10509;685;12032;12306;4.11;0.25;371.91;20.98;1523;30;4224.00;274
10511;19;622059753;10511;689;12034;12306;4.11;0.25;371.92;21.12;1523;30;4225.00;272
10515;19;622059779;10515;687;12036;12306;4.09;0.25;371.94;21.12;1521;30;4226.00;270
10516;19;622059804;10516;693;12038;12307;4.07;0.25;372.01;21.19;1522;30;4227.00;269
10516;19;622059831;10516;703;12038;12308;4.07;0.25;372.01;21.19;1522;30;4228.00;270
10519;19;622059853;10519;700;12039;12308;4.08;0.25;372.09;21.26;1520;30;4229.00;269
10520;19;622059880;10520;705;12044;12314;4.11;0.25;372.16;21.25;1524;30;4230.00;270
10523;19;622059899;10523;699;12046;12314;4.15;0.25;372.22;21.39;1523;30;4231.00;268
10526;19;622059917;10526;695;12049;12314;4.13;0.25;372.20;21.45;1523;30;4232.00;265
10529;19;622059934;10529;691;12049;12314;4.12;0.25;372.29;21.45;1520;30;4233.00;265
10529;19;622059952;10529;686;12055;12320;4.15;0.25;372.29;21.51;1526;30;4234.00;265
10532;19;622059971;10532;690;12056;12320;4.11;0.25;372.46;21.58;1524;30;4235.00;264
10534;19;622059989;10534;689;12058;12320;4.13;0.25;372.47;21.65;1524;30;4236.00;262
10539;19;622060006;10539;689;12058;12320;4.11;0.25;372.57;21.65;1519;30;4237.00;262
10540;19;622060023;10540;696;12063;12324;4.12;0.25;372.68;21.78;1523;30;4238.00;261
10544;19;622060041;10544;693;12064;12325;4.11;0.25;372.83;21.78;1520;30;4239.00;261
10550;19;622060060;10550;690;12064;12325;4.10;0.25;372.80;21.78;1514;30;4240.00;261
10552;19;622060077;10552;684;12067;12326;4.11;0.25;372.87;21.91;1515;30;4241.00;259
10556;19;622060094;10556;680;12068;12326;4.06;0.25;372.83;21.91;1512;30;4242.00;258
10559;19;622060110;10559;678;12068;12326;4.06;0.25;372.87;21.91;1509;30;4243.00;258
10562;19;622060126;10562;679;12069;12326;4.02;0.24;373.10;21.98;1507;30;4244.00;257
10565;19;622060143;10565;681;12070;12326;3.97;0.24;373.17;22.04;1505;30;4245.00;256
10567;19;622060161;10567;688;12071;12326;3.91;0.24;373.23;22.11;1504;30;4246.00;255
10573;19;622060177;10573;691;12072;12326;3.85;0.23;373.25;22.17;1499;30;4247.00;254
10576;19;622060193;10576;691;12114;12396;3.83;0.23;373.34;22.10;1538;30;4248.00;282
10578;19;622060215;10578;691;12118;12397;3.82;0.23;373.47;22.23;1540;30;4249.00;279
10583;19;622060231;10583;685;12121;12397;3.78;0.23;373.52;22.22;1538;30;4250.00;276
10585;19;622060248;10585;673;12121;12397;3.77;0.23;373.49;22.22;1536;30;4251.00;276
10588;19;622060265;10588;670;12124;12397;3.77;0.23;373.60;22.34;1536;30;4252.00;273
10591;19;622060281;10591;660;12124;12397;3.76;0.23;373.67;22.34;1533;30;4253.00;273
10593;19;622060298;10593;666;12127;12397;3.77;0.23;373.67;22.35;1534;30;4254.00;270
10596;19;622060315;10596;659;12128;12397;3.79;0.23;373.65;22.35;1532;30;4255.00;269
10599;19;622060332;10599;659;12130;12398;3.78;0.23;373.65;22.35;1531;30;4256.00;268
10603;19;622060349;10603;657;12133;12399;3.75;0.23;373.62;22.34;1530;30;4257.00;266
10605;19;622060375;10605;651;12133;12399;3.74;0.23;373.66;22.34;1528;30;4258.00;266
10609;19;622060394;10609;654;12137;12403;3.71;0.23;373.63;22.34;1528;30;4259.00;266
10612;19;622060415;10612;651;12140;12403;3.72;0.23;373.75;22.33;1528;30;4260.00;263
10617;19;622060441;10617;653;12141;12403;3.70;0.23;373.82;22.33;1524;30;4261.00;262
10620;19;622060458;10620;656;12143;12403;3.71;0.23;373.91;22.33;1523;30;4262.00;260
10627;19;622060475;10627;652;12146;12409;3.68;0.22;374.10;22.33;1519;30;4263.00;263
10630;19;622060493;10630;658;12147;12409;3.69;0.23;374.24;22.33;1517;30;4264.00;262
10635;19;622060510;10635;654;12148;12409;3.70;0.23;374.37;22.33;1513;30;4265.00;261
10640;19;622060528;10640;662;12150;12412;3.72;0.23;374.45;22.32;1510;30;4266.00;262
10646;19;622060544;10646;665;12151;12412;3.67;0.22;374.37;22.32;1505;30;4267.00;261
10650;19;622060561;10650;670;12152;12412;3.62;0.22;374.56;22.32;1502;30;4268.00;260
10652;19;622060577;10652;677;12153;12413;3.62;0.22;374.57;22.32;1501;30;4269.00;260
10659;19;622060594;10659;673;12154;12414;3.58;0.22;374.79;22.32;1495;30;4270.00;260
10660;19;622060611;10660;686;12155;12414;3.58;0.22;374.76;22.32;1495;30;4271.00;259
10664;19;622060628;10664;692;12164;12427;3.63;0.22;374.82;22.30;1500;30;4272.00;263
10669;19;622060647;10669;694;12164;12427;3.59;0.22;374.95;22.30;1495;30;4273.00;263
10671;19;622060663;10671;684;12165;12427;3.59;0.22;374.92;22.30;1494;30;4274.00;262
10675;19;622060680;10675;689;12166;12429;3.58;0.22;375.01;22.30;1491;30;4275.00;263
10678;19;622060696;10678;700;12166;12429;3.55;0.22;375.13;22.30;1488;30;4276.00;263
10679;19;622060712;10679;694;12169;12433;3.55;0.22;375.10;22.29;1490;30;4277.00;264
10684;19;622060729;10684;700;12171;12433;3.50;0.21;375.18;22.29;1487;30;4278.00;262
10685;19;622060745;10685;702;12174;12437;3.49;0.21;375.19;22.29;1489;30;4279.00;263
10689;19;622060761;10689;702;12174;12437;3.42;0.21;375.36;22.29;1485;30;4280.00;263
10690;19;622060779;10690;704;12174;12437;3.39;0.21;375.36;22.29;1484;30;4281.00;263
10696;19;622060795;10696;714;12175;12437;3.34;0.20;375.46;22.29;1479;30;4282.00;262
10698;19;622060811;10698;713;12175;12437;3.30;0.20;375.52;22.29;1477;30;4283.00;262
10702;19;622060827;10702;709;12185;12449;3.31;0.20;375.61;22.27;1483;30;4284.00;264
10704;19;622060844;10704;714;12186;12449;3.28;0.20;375.62;22.27;1482;30;4285.00;263
10707;19;622060859;10707;708;12187;12449;3.23;0.20;375.70;22.27;1480;30;4286.00;262
10712;19;622060874;10712;713;12187;12449;3.15;0.19;375.88;22.27;1475;30;4287.00;262
10713;19;622060889;10713;717;12189;12449;3.12;0.19;375.89;22.27;1476;30;4288.00;260
10715;19;622060904;10715;717;12189;12449;3.10;0.19;375.86;22.27;1474;30;4289.00;260
10716;19;622060921;10716;727;12190;12450;3.10;0.19;375.83;22.27;1474;30;4290.00;260
10720;19;622060937;10720;720;12190;12450;3.06;0.19;375.81;22.27;1470;30;4291.00;260
10724;19;622060951;10724;717;12194;12456;3.04;0.18;375.76;22.26;1470;30;4292.00;262
10725;19;622060967;10725;723;12195;12457;3.03;0.18;375.76;22.26;1470;30;4293.00;262
10726;19;622060984;10726;731;12195;12457;3.02;0.18;375.73;22.26;1469;30;4294.00;262
10728;19;622061000;10728;733;12196;12457;3.04;0.19;375.76;22.26;1468;30;4295.00;261
10729;19;622061015;10729;737;12200;12461;3.07;0.19;375.74;22.25;1471;30;4296.00;261
10732;19;622061032;10732;726;12200;12461;3.09;0.19;375.77;22.25;1468;30;4297.00;261
10733;19;622061047;10733;729;12200;12461;3.06;0.19;375.81;22.25;1467;30;4298.00;261
10735;19;622061062;10735;721;12201;12462;3.08;0.19;375.78;22.25;1466;30;4299.00;261
10737;19;622061079;10737;725;12204;12466;3.10;0.19;375.80;22.24;1467;30;4300.00;262
10740;19;622061098;10740;716;12204;12466;3.12;0.19;375.84;22.24;1464;30;4301.00;262
10740;19;622061113;10740;713;12206;12469;3.18;0.19;375.84;22.24;1466;30;4302.00;263
10740;19;622061127;10740;714;12206;12469;3.21;0.20;375.84;22.24;1466;30;4303.00;263
10742;19;622061142;10742;727;12207;12469;3.18;0.20;375.86;22.24;1465;30;4304.00;262
10745;19;622061157;10745;721;12207;12469;3.18;0.19;376.04;22.24;1462;30;4305.00;262
10749;19;622061178;10749;710;12211;12473;3.17;0.19;375.94;22.23;1462;30;4306.00;262
10751;19;622061193;10751;698;12211;12473;3.19;0.20;375.91;22.23;1460;30;4307.00;262
10752;19;622061209;10752;691;12211;12473;3.21;0.20;375.88;22.23;1459;30;4308.00;262
10755;19;622061224;10755;679;12211;12473;3.22;0.20;375.86;22.23;1456;30;4309.00;262
10759;19;622061239;10759;691;12212;12474;3.23;0.20;375.89;22.28;1453;30;4310.00;262
10761;19;622061260;10761;689;12213;12475;3.27;0.20;375.84;22.27;1452;30;4311.00;262
10761;19;622061276;10761;694;12213;12475;3.29;0.20;375.84;22.27;1452;30;4312.00;262
10762;19;622061292;10762;688;12214;12476;3.32;0.20;375.82;22.27;1452;30;4313.00;262
10764;19;622061307;10764;695;12214;12476;3.35;0.20;375.78;22.27;1450;30;4314.00;262
10768;19;622061328;10768;692;12214;12476;3.38;0.20;375.77;22.27;1446;30;4315.00;262
10768;19;622061343;10768;690;12214;12476;3.42;0.21;375.77;22.27;1446;30;4316.00;262
10768;19;622061358;10768;694;12214;12476;3.44;0.21;375.77;22.27;1446;30;4317.00;262
10768;19;622061373;10768;695;12214;12476;3.46;0.21;375.77;22.27;1446;30;4318.00;262
10769;19;622061388;10769;696;12214;12476;3.49;0.21;375.76;22.27;1445;30;4319.00;262
10770;19;622061404;10770;740;12328;12706;3.85;0.24;375.82;22.07;1558;30;4320.00;378
10772;19;622061438;10772;726;12332;12707;3.85;0.24;375.84;22.06;1560;30;4321.00;375
10773;19;622061454;10773;714;12343;12707;3.93;0.25;375.84;22.04;1570;30;4322.00;364
10773;19;622061470;10773;692;12347;12707;3.94;0.25;375.84;22.04;1574;30;4323.00;360
10774;19;622061487;10774;677;12354;12707;3.94;0.25;375.81;22.03;1580;30;4324.00;353
10775;19;622061503;10775;665;12359;12707;3.95;0.25;375.80;22.07;1584;30;4325.00;348
10775;19;622061520;10775;671;12365;12707;4.00;0.25;375.80;22.06;1590;30;4326.00;342
10775;19;622061536;10775;663;12371;12707;4.02;0.25;375.80;22.05;1596;30;4327.00;336
10775;19;622061552;10775;663;12376;12708;4.04;0.25;375.80;22.05;1601;30;4328.00;332
10778;19;622061575;10778;665;12380;12709;4.03;0.25;375.88;22.04;1602;30;4329.00;329
10778;19;622061597;10778;676;12384;12709;4.05;0.25;375.88;22.04;1606;30;4330.00;325
10780;19;622061614;10780;682;12388;12710;4.05;0.25;375.88;22.03;1608;30;4331.00;322
10782;19;622061631;10782;683;12391;12710;4.03;0.25;375.97;22.03;1609;30;4332.00;319
10784;19;622061654;10784;680;12391;12710;4.03;0.25;375.99;22.03;1607;30;4333.00;319
10784;19;622061676;10784;690;12392;12710;4.05;0.25;375.99;22.03;1608;30;4334.00;318
10784;19;622061693;10784;695;12394;12714;4.08;0.25;375.99;22.03;1610;30;4335.00;320
10785;19;622061711;10785;707;12395;12714;4.08;0.25;375.99;22.03;1610;30;4336.00;319
10786;19;622061734;10786;693;12397;12714;4.08;0.25;376.01;22.03;1611;30;4337.00;317
10788;19;622061752;10788;699;12398;12717;4.11;0.25;376.08;22.02;1610;30;4338.00;319
10789;19;622061770;10789;701;12398;12717;4.12;0.25;376.06;22.02;1609;30;4339.00;319
10791;19;622061801;10791;697;12398;12717;4.15;0.25;376.03;22.02;1607;30;4340.00;319
10792;19;622061833;10792;691;12403;12721;4.18;0.26;376.09;22.02;1611;30;4341.00;318
10796;19;622061862;10796;680;12404;12722;4.21;0.26;376.12;22.02;1608;30;4342.00;318
10796;19;622061908;10796;671;12406;12722;4.25;0.26;376.12;22.02;1610;30;4343.00;316
10803;19;622061939;10803;664;12408;12726;4.27;0.26;376.18;22.01;1605;30;4344.00;318
10804;19;622061984;10804;651;12410;12726;4.31;0.26;376.18;22.01;1606;30;4345.00;316
10808;19;622062023;10808;651;12411;12726;4.31;0.26;376.34;22.06;1603;30;4346.00;315
10811;19;622062044;10811;639;12413;12727;4.30;0.26;376.40;22.06;1602;30;4347.00;314
10813;19;622062065;10813;642;12413;12727;4.29;0.26;376.39;22.06;1600;30;4348.00;314
10816;19;622062085;10816;631;12417;12733;4.26;0.26;376.40;22.05;1601;30;4349.00;316
10817;19;622062110;10817;627;12418;12733;4.25;0.26;376.38;22.05;1601;30;4350.00;315
10820;19;622062130;10820;631;12419;12734;4.21;0.26;376.50;22.05;1599;30;4351.00;315
10822;19;622062151;10822;621;12420;12734;4.20;0.26;376.56;22.05;1598;30;4352.00;314
10826;19;622062172;10826;621;12424;12734;4.19;0.25;376.58;22.05;1598;30;4353.00;310
10829;20;622062192;10829;609;12425;12734;4.18;0.25;376.59;22.05;1596;31;4354.00;309
10830;20;622062226;10830;612;12425;12734;4.18;0.25;376.61;22.05;1595;31;4355.00;309
10831;20;622062246;10831;620;12435;12746;4.25;0.26;376.61;22.03;1604;31;4356.00;311
10836;20;622062266;10836;611;12436;12746;4.27;0.26;376.62;22.03;1600;31;4357.00;310
10836;21;622062286;10836;616;12436;12746;4.27;0.26;376.62;22.03;1600;32;4358.00;310
10840;21;622062328;10840;621;12436;12746;4.25;0.26;376.65;22.03;1596;32;4359.00;310
10842;21;622062353;10842;627;12436;12746;4.26;0.26;376.73;22.03;1594;32;4360.00;310
10844;21;622062382;10844;629;12436;12746;4.26;0.26;376.69;22.03;1592;32;4361.00;310
10846;21;622062407;10846;629;12439;12750;4.24;0.26;376.67;22.03;1593;32;4362.00;311
10848;21;622062432;10848;625;12440;12750;4.26;0.26;376.70;22.07;1592;32;4363.00;310
10851;21;622062460;10851;644;12443;12754;4.28;0.26;376.75;22.07;1592;32;4364.00;311
10855;21;622062482;10855;638;12445;12756;4.26;0.26;376.79;22.06;1590;32;4365.00;311
10856;21;622062512;10856;636;12446;12756;4.24;0.26;376.79;22.06;1590;32;4366.00;310
10858;21;622062532;10858;644;12446;12756;4.21;0.26;376.79;22.06;1588;32;4367.00;310
10859;21;622062550;10859;648;12457;12769;4.19;0.25;376.79;22.05;1598;32;4368.00;312
10863;21;622062571;10863;657;12458;12769;4.10;0.25;376.89;22.06;1595;32;4369.00;311
10864;21;622062599;10864;662;12460;12769;4.05;0.25;376.96;22.06;1596;32;4370.00;309
10866;21;622062618;10866;671;12462;12770;4.05;0.25;376.94;22.10;1596;32;4371.00;308
10870;21;622062638;10870;678;12463;12771;4.04;0.25;376.95;22.10;1593;32;4372.00;308
10874;21;622062658;10874;685;12464;12771;4.00;0.24;376.93;22.10;1590;32;4373.00;307
10874;21;622062677;10874;690;12468;12774;4.02;0.25;376.93;22.10;1594;32;4374.00;306
10877;21;622062696;10877;693;12468;12774;4.02;0.25;376.94;22.10;1591;32;4375.00;306
10879;21;622062715;10879;695;12469;12774;4.04;0.25;376.93;22.10;1590;32;4376.00;305
10881;21;622062734;10881;688;12469;12774;4.04;0.25;376.94;22.10;1588;32;4377.00;305
10882;21;622062753;10882;698;12475;12780;4.05;0.25;376.92;22.09;1593;32;4378.00;305
10883;21;622062777;10883;694;12475;12780;4.04;0.25;376.90;22.09;1592;32;4379.00;305
10888;21;622062800;10888;700;12476;12780;4.01;0.25;376.90;22.10;1588;32;4380.00;304
10892;21;622062823;10892;706;12477;12780;3.97;0.24;376.91;22.10;1585;32;4381.00;303
10894;21;622062841;10894;716;12481;12784;3.96;0.24;376.85;22.10;1587;32;4382.00;303
10896;21;622062860;10896;722;12482;12785;3.95;0.24;376.84;22.10;1586;32;4383.00;303
10899;21;622062878;10899;732;12484;12785;3.96;0.24;376.86;22.10;1585;32;4384.00;301
10902;21;622062897;10902;722;12485;12786;3.94;0.24;376.93;22.10;1583;32;4385.00;301
10907;21;622062916;10907;729;12486;12786;3.96;0.24;377.06;22.10;1579;33;4386.00;300
10910;21;622062946;10910;738;12487;12786;3.97;0.24;377.08;22.10;1577;33;4387.00;299
10913;21;622062964;10913;740;12488;12786;3.97;0.24;377.04;22.10;1575;33;4388.00;298
10915;21;622062983;10915;736;12488;12786;3.95;0.24;377.05;22.10;1573;33;4389.00;298
10918;21;622063001;10918;731;12488;12786;3.97;0.24;377.01;22.10;1570;34;4390.00;298
10922;21;622063038;10922;736;12488;12786;3.94;0.24;377.07;22.10;1566;34;4391.00;298
10922;21;622063056;10922;739;12522;12856;4.07;0.25;377.07;22.04;1600;34;4392.00;334
10926;21;622063078;10926;735;12524;12857;4.03;0.25;377.19;22.04;1598;34;4393.00;333
10928;21;622063094;10928;733;12529;12857;4.01;0.25;377.31;22.03;1601;34;4394.00;328
10930;21;622063110;10930;735;12529;12857;3.97;0.24;377.36;22.03;1599;34;4395.00;328
10933;21;622063127;10933;726;12530;12857;3.95;0.24;377.60;22.03;1597;34;4396.00;327
10936;21;622063143;10936;722;12531;12857;3.92;0.24;377.65;22.03;1595;34;4397.00;326
10938;21;622063159;10938;722;12532;12857;3.93;0.24;377.81;22.03;1594;34;4398.00;325
10941;21;622063175;10941;715;12533;12857;3.94;0.24;377.78;22.03;1592;34;4399.00;324
10944;21;622063193;10944;709;12534;12858;3.95;0.24;377.79;22.02;1590;34;4400.00;324
10945;21;622063216;10945;710;12535;12859;3.96;0.24;377.78;22.02;1590;34;4401.00;324
10950;21;622063233;10950;711;12536;12859;3.92;0.24;377.87;22.02;1586;34;4402.00;323
10951;21;622063250;10951;703;12537;12863;3.95;0.24;377.85;22.02;1586;34;4403.00;326
10953;21;622063267;10953;705;12538;12863;3.97;0.24;377.90;22.02;1585;34;4404.00;325
10955;21;622063293;10955;714;12539;12863;3.99;0.25;377.86;22.02;1584;34;4405.00;324
10960;21;622063319;10960;713;12540;12863;4.01;0.25;378.16;22.02;1580;34;4406.00;323
10961;21;622063343;10961;721;12544;12869;4.08;0.25;378.26;22.01;1583;34;4407.00;325
10963;21;622063370;10963;715;12544;12869;4.09;0.25;378.26;22.01;1581;34;4408.00;325
10968;21;622063393;10968;715;12544;12869;4.07;0.25;378.28;22.01;1576;34;4409.00;325
10970;21;622063413;10970;716;12546;12875;4.10;0.25;378.23;22.01;1576;34;4410.00;329
10973;21;622063432;10973;715;12546;12875;4.07;0.25;378.36;22.01;1573;34;4411.00;329
10978;21;622063451;10978;718;12547;12875;4.02;0.25;378.48;22.01;1569;34;4412.00;328
10983;21;622063469;10983;716;12547;12876;3.97;0.24;378.54;22.01;1564;34;4413.00;329
10987;21;622063486;10987;721;12548;12877;3.91;0.24;378.67;22.01;1561;34;4414.00;329
10989;21;622063504;10989;717;12550;12877;3.85;0.23;378.78;22.00;1561;34;4415.00;327
10994;21;622063521;10994;725;12560;12890;3.81;0.23;378.91;21.99;1566;34;4416.00;330
10997;21;622063539;10997;717;12560;12890;3.79;0.23;378.95;21.99;1563;34;4417.00;330
11002;21;622063555;11002;718;12560;12890;3.74;0.23;379.13;21.99;1558;34;4418.00;330
11007;21;622063572;11007;723;12560;12891;3.70;0.23;379.15;21.99;1553;34;4419.00;331
11010;21;622063588;11010;705;12561;12891;3.65;0.22;379.18;21.99;1551;34;4420.00;330
11015;21;622063605;11015;698;12564;12895;3.64;0.22;379.32;21.98;1549;34;4421.00;331
11017;21;622063632;11017;690;12564;12895;3.62;0.22;379.32;21.98;1547;34;4422.00;331
11021;21;622063649;11021;685;12564;12899;3.61;0.22;379.43;21.98;1543;34;4423.00;335
11023;21;622063666;11023;683;12564;12899;3.61;0.22;379.50;21.98;1541;34;4424.00;335
11027;21;622063683;11027;674;12564;12899;3.61;0.22;379.52;21.98;1537;34;4425.00;335
11031;21;622063699;11031;681;12565;12899;3.57;0.22;379.61;21.98;1534;34;4426.00;334
11035;21;622063715;11035;676;12565;12899;3.56;0.22;379.65;21.98;1530;34;4427.00;334
11039;21;622063733;11039;672;12572;12911;3.64;0.22;379.72;21.97;1533;34;4428.00;339
11045;21;622063752;11045;674;12572;12911;3.63;0.22;379.85;21.97;1527;34;4429.00;339
11047;21;622063769;11047;671;12574;12911;3.65;0.22;379.82;21.97;1527;34;4430.00;337
11050;21;622063787;11050;668;12576;12911;3.65;0.22;379.84;21.97;1526;34;4431.00;335
11056;21;622063804;11056;664;12577;12911;3.63;0.22;379.92;21.97;1521;34;4432.00;334
11058;21;622063821;11058;652;12577;12911;3.69;0.23;379.93;21.97;1519;34;4433.00;334
11062;21;622063839;11062;653;12578;12912;3.72;0.23;379.94;22.02;1516;34;4434.00;334
11065;21;622063857;11065;650;12578;12912;3.75;0.23;379.99;22.02;1513;34;4435.00;334
11070;21;622063873;11070;643;12582;12918;3.80;0.23;380.01;22.01;1512;34;4436.00;336
11073;21;622063891;11073;651;12582;12919;3.78;0.23;380.01;22.01;1509;34;4437.00;337
11077;21;622063908;11077;651;12582;12919;3.73;0.23;380.05;22.01;1505;34;4438.00;337
11081;21;622063924;11081;646;12582;12919;3.71;0.23;380.05;22.01;1501;34;4439.00;337
11086;21;622063943;11086;650;12586;12924;3.70;0.23;380.08;22.00;1500;34;4440.00;338
11090;21;622063960;11090;655;12586;12924;3.69;0.23;380.13;22.00;1496;34;4441.00;338
11095;21;622063979;11095;661;12586;12924;3.65;0.22;380.25;22.00;1491;34;4442.00;338
11099;21;622063997;11099;666;12587;12925;3.64;0.22;380.32;22.00;1488;34;4443.00;338
11101;21;622064015;11101;668;12589;12929;3.64;0.22;380.29;22.00;1488;34;4444.00;340
11109;21;622064031;11109;673;12589;12929;3.59;0.22;380.27;22.00;1480;34;4445.00;340
11114;21;622064049;11114;671;12590;12932;3.60;0.22;380.24;22.00;1476;34;4446.00;342
11115;21;622064066;11115;671;12591;12932;3.61;0.22;380.25;22.00;1476;34;4447.00;341
11117;21;622064081;11117;681;12591;12932;3.59;0.22;380.26;22.00;1474;34;4448.00;341
11120;21;622064098;11120;689;12591;12932;3.54;0.22;380.27;22.00;1471;34;4449.00;341
11123;21;622064114;11123;690;12596;12936;3.52;0.22;380.28;22.00;1473;34;4450.00;340
11128;21;622064132;11128;690;12596;12936;3.46;0.21;380.35;22.00;1468;34;4451.00;340
11131;21;622064148;11131;690;12597;12936;3.41;0.21;380.27;22.00;1466;34;4452.00;339
11136;21;622064163;11136;693;12599;12936;3.38;0.21;380.28;22.00;1463;34;4453.00;337
11139;21;622064179;11139;698;12599;12937;3.35;0.21;380.22;22.00;1460;34;4454.00;338
11143;21;622064195;11143;708;12601;12939;3.32;0.20;380.11;22.00;1458;34;4455.00;338
11144;21;622064211;11144;709;12601;12939;3.29;0.20;380.12;22.00;1457;34;4456.00;338
11147;21;622064227;11147;708;12603;12940;3.27;0.20;380.09;22.00;1456;34;4457.00;337
11151;21;622064242;11151;707;12603;12940;3.23;0.20;380.14;22.00;1452;34;4458.00;337
11153;21;622064257;11153;716;12603;12940;3.19;0.20;380.15;22.00;1450;34;4459.00;337
11155;21;622064273;11155;718;12605;12940;3.16;0.19;380.10;22.05;1450;34;4460.00;335
11159;21;622064288;11159;717;12605;12940;3.14;0.19;380.17;22.05;1446;34;4461.00;335
11162;21;622064305;11162;729;12605;12940;3.07;0.19;380.16;22.05;1443;34;4462.00;335
11164;21;622064320;11164;735;12606;12940;3.06;0.19;380.11;22.05;1442;34;4463.00;334
11169;21;622064335;11169;747;12673;13067;3.37;0.21;380.14;21.94;1504;34;4464.00;394
11173;21;622064360;11173;743;12675;13068;3.30;0.21;380.16;21.93;1502;34;4465.00;393
11178;21;622064375;11178;748;12681;13068;3.31;0.21;380.09;21.93;1503;34;4466.00;387
11179;21;622064389;11179;742;12682;13068;3.33;0.21;380.07;21.93;1503;34;4467.00;386
11182;21;622064404;11182;739;12686;13068;3.32;0.21;380.01;21.93;1504;34;4468.00;382
11184;21;622064419;11184;742;12688;13068;3.34;0.21;379.99;21.93;1504;34;4469.00;380
11186;21;622064437;11186;736;12690;13068;3.36;0.21;380.00;21.93;1504;34;4470.00;378
11187;21;622064452;11187;735;12692;13068;3.39;0.21;380.02;21.93;1505;34;4471.00;376
11190;21;622064469;11190;735;12694;13069;3.35;0.21;379.99;21.93;1504;34;4472.00;375
11192;21;622064493;11192;734;12695;13070;3.28;0.20;380.00;21.93;1503;34;4473.00;375
11192;21;622064509;11192;740;12697;13070;3.29;0.20;380.00;21.93;1505;34;4474.00;373
11194;21;622064525;11194;730;12698;13071;3.27;0.20;379.96;21.93;1504;34;4475.00;373
11196;21;622064542;11196;716;12701;13071;3.25;0.20;379.95;21.98;1505;34;4476.00;370
11197;21;622064558;11197;702;12704;13071;3.29;0.20;379.93;21.99;1507;34;4477.00;367
11199;21;622064574;11199;689;12706;13071;3.34;0.21;379.98;21.99;1507;34;4478.00;365
11200;21;622064590;11200;688;12709;13075;3.41;0.21;379.96;21.99;1509;34;4479.00;366
11201;21;622064606;11201;686;12710;13075;3.51;0.21;380.02;21.99;1509;34;4480.00;365
11202;21;622064622;11202;682;12712;13075;3.61;0.22;380.00;21.99;1510;34;4481.00;363
11202;21;622064645;11202;675;12714;13078;3.72;0.23;380.00;21.99;1512;34;4482.00;364
11203;21;622064662;11203;669;12715;13078;3.81;0.23;379.98;21.99;1512;34;4483.00;363
11203;21;622064684;11203;674;12716;13078;3.90;0.24;379.98;21.99;1513;34;4484.00;362
11205;21;622064700;11205;670;12720;13082;3.97;0.24;379.96;21.99;1515;34;4485.00;362
11206;21;622064717;11206;672;12721;13083;4.03;0.25;379.94;21.99;1515;34;4486.00;362
11209;21;622064740;11209;672;12723;13083;4.05;0.25;379.96;21.99;1514;34;4487.00;360
11212;21;622064757;11212;667;12725;13087;4.07;0.25;379.89;21.98;1513;34;4488.00;362
11215;21;622064786;11215;660;12726;13087;4.12;0.25;379.96;21.98;1511;34;4489.00;361
11215;21;622064805;11215;661;12727;13087;4.14;0.25;379.96;21.98;1512;34;4490.00;360
11215;21;622064822;11215;652;12728;13088;4.18;0.25;379.96;21.98;1513;34;4491.00;360
11215;21;622064841;11215;648;12728;13088;4.24;0.26;379.96;21.98;1513;34;4492.00;360
11215;21;622064858;11215;640;12732;13094;4.31;0.26;379.96;21.98;1517;34;4493.00;362
11216;21;622064877;11216;639;12732;13094;4.35;0.26;380.01;21.98;1516;34;4494.00;362
11216;21;622064894;11216;639;12732;13095;4.38;0.27;380.01;21.98;1516;34;4495.00;363
11220;21;622064912;11220;638;12734;13095;4.39;0.27;380.14;21.98;1514;34;4496.00;361
11223;21;622064931;11223;633;12734;13095;4.39;0.27;380.21;21.98;1511;34;4497.00;361
11224;21;622064949;11224;631;12734;13095;4.39;0.27;380.19;21.98;1510;34;4498.00;361
11225;21;622064966;11225;631;12734;13095;4.42;0.27;380.20;21.98;1509;34;4499.00;361
11226;21;622064993;11226;645;12758;13145;4.48;0.27;380.17;21.94;1532;34;4500.00;387
11228;21;622065019;11228;638;12759;13147;4.48;0.27;380.24;21.94;1531;34;4501.00;388
11232;21;622065043;11232;648;12763;13147;4.49;0.27;380.19;21.94;1531;34;4502.00;384
11233;21;622065062;11233;645;12763;13147;4.55;0.28;380.27;21.94;1530;34;4503.00;384
11235;21;622065080;11235;654;12765;13147;4.57;0.28;380.31;21.94;1530;34;4504.00;382
11237;21;622065097;11237;651;12765;13147;4.58;0.28;380.39;21.94;1528;34;4505.00;382
11239;21;622065115;11239;665;12769;13151;4.59;0.28;380.45;21.93;1530;34;4506.00;382
11244;21;622065134;11244;675;12770;13151;4.55;0.28;380.59;21.93;1526;34;4507.00;381
11246;21;622065153;11246;667;12773;13155;4.59;0.28;380.62;21.93;1527;34;4508.00;382
11250;21;622065171;11250;673;12773;13156;4.61;0.28;380.68;21.93;1523;34;4509.00;383
11252;21;622065189;11252;670;12773;13156;4.63;0.28;380.75;21.93;1521;34;4510.00;383
11255;21;622065206;11255;666;12773;13156;4.65;0.28;380.88;21.93;1518;34;4511.00;383
11256;21;622065223;11256;657;12783;13169;4.68;0.28;380.98;21.91;1527;34;4512.00;386
11258;21;622065241;11258;647;12783;13169;4.70;0.28;381.06;21.91;1525;34;4513.00;386
11260;21;622065265;11260;650;12784;13169;4.71;0.29;381.11;21.91;1524;34;4514.00;385
11266;21;622065282;11266;649;12785;13170;4.71;0.28;381.34;21.91;1519;34;4515.00;385
11267;21;622065300;11267;648;12785;13171;4.74;0.29;381.32;21.91;1518;34;4516.00;386
11268;21;622065319;11268;650;12785;13171;4.77;0.29;381.32;21.91;1517;34;4517.00;386
11271;21;622065345;11271;645;12788;13174;4.80;0.29;381.42;21.95;1517;34;4518.00;386
11277;21;622065372;11277;643;12788;13174;4.81;0.29;381.51;21.95;1511;34;4519.00;386
11280;21;622065397;11280;643;12789;13174;4.83;0.29;381.57;21.95;1509;34;4520.00;385
11285;21;622065423;11285;633;12791;13174;4.82;0.29;381.53;22.12;1506;35;4521.00;383
11287;21;622065458;11287;628;12794;13180;4.84;0.29;381.60;22.11;1507;35;4522.00;386
11288;21;622065478;11288;620;12794;13180;4.83;0.29;381.59;22.11;1506;35;4523.00;386
11292;21;622065498;11292;616;12796;13180;4.77;0.29;381.69;22.12;1504;35;4524.00;384
11293;21;622065517;11293;612;12796;13180;4.74;0.29;381.77;22.12;1503;35;4525.00;384
11297;21;622065536;11297;613;12798;13184;4.70;0.29;381.87;22.11;1501;35;4526.00;386
11301;21;622065555;11301;613;12798;13185;4.64;0.28;381.82;22.11;1497;36;4527.00;387
11304;21;622065577;11304;613;12798;13185;4.58;0.28;381.84;22.11;1494;36;4528.00;387
11306;21;622065596;11306;614;12799;13186;4.60;0.28;381.85;22.11;1493;36;4529.00;387
11308;21;622065615;11308;619;12800;13186;4.62;0.28;381.86;22.11;1492;36;4530.00;386
11312;21;622065633;11312;614;12800;13186;4.63;0.28;381.84;22.11;1488;36;4531.00;386
11312;21;622065652;11312;617;12801;13186;4.65;0.28;381.84;22.11;1489;36;4532.00;385
11313;21;622065671;11313;603;12801;13186;4.63;0.28;381.85;22.11;1488;36;4533.00;385
11316;21;622065695;11316;610;12801;13186;4.62;0.28;381.81;22.11;1485;36;4534.00;385
11318;21;622065719;11318;617;12802;13186;4.58;0.28;381.78;22.16;1484;36;4535.00;384
11324;21;622065736;11324;630;12833;13256;4.59;0.28;381.82;22.11;1509;36;4536.00;423
11326;21;622065760;11326;627;12836;13257;4.60;0.28;381.85;22.10;1510;36;4537.00;421
11327;21;622065777;11327;631;12842;13257;4.60;0.28;381.88;22.10;1515;36;4538.00;415
11330;21;622065806;11330;642;12843;13257;4.57;0.28;381.96;22.10;1513;36;4539.00;414
11331;21;622065823;11331;633;12844;13257;4.58;0.28;382.01;22.10;1513;36;4540.00;413
11333;21;622065841;11333;638;12847;13257;4.59;0.28;382.04;22.09;1514;36;4541.00;410
11337;21;622065862;11337;635;12850;13257;4.59;0.28;382.11;22.09;1513;36;4542.00;407
11339;21;622065879;11339;640;12852;13257;4.58;0.28;382.07;22.09;1513;36;4543.00;405
11342;21;622065896;11342;637;12855;13258;4.58;0.28;382.07;22.09;1513;36;4544.00;403
11344;21;622065914;11344;635;12858;13260;4.62;0.28;382.06;22.08;1514;36;4545.00;402
11347;21;622065932;11347;636;12860;13260;4.58;0.28;382.15;22.08;1513;36;4546.00;400
11348;21;622065949;11348;638;12862;13264;4.54;0.28;382.20;22.08;1514;36;4547.00;402
11348;21;622065967;11348;639;12863;13264;4.53;0.28;382.20;22.08;1515;36;4548.00;401
11354;21;622065988;11354;647;12863;13264;4.45;0.27;382.29;22.08;1509;36;4549.00;401
11361;21;622066008;11361;646;12864;13264;4.38;0.27;382.41;22.16;1503;36;4550.00;400
11363;21;622066031;11363;660;12868;13270;4.37;0.27;382.47;22.16;1505;36;4551.00;402
11367;21;622066060;11367;660;12868;13270;4.30;0.26;382.59;22.16;1501;36;4552.00;402
11369;21;622066093;11369;662;12868;13270;4.26;0.26;382.67;22.16;1499;36;4553.00;402
11370;21;622066119;11370;669;12870;13273;4.27;0.26;382.74;22.24;1500;36;4554.00;403
11372;21;622066144;11372;662;12870;13273;4.27;0.26;382.75;22.24;1498;36;4555.00;403
11373;21;622066163;11373;668;12870;13273;4.27;0.26;382.72;22.24;1497;36;4556.00;403
11375;21;622066182;11375;674;12871;13274;4.26;0.26;382.69;22.32;1496;36;4557.00;403
11378;21;622066201;11378;664;12872;13275;4.25;0.26;382.72;22.32;1494;36;4558.00;403
11380;21;622066221;11380;666;12873;13275;4.27;0.26;382.78;22.40;1493;36;4559.00;402
11381;21;622066240;11381;670;12888;13301;4.33;0.26;382.76;22.38;1507;36;4560.00;413
11384;21;622066270;11384;670;12888;13301;4.33;0.26;382.88;22.38;1504;36;4561.00;413
11387;21;622066287;11387;670;12891;13301;4.34;0.26;382.97;22.46;1504;36;4562.00;410
11389;21;622066305;11389;668;12892;13302;4.34;0.26;382.95;22.46;1503;36;4563.00;410
11391;21;622066323;11391;672;12893;13302;4.32;0.26;383.02;22.45;1502;36;4564.00;409
11394;21;622066339;11394;678;12896;13306;4.29;0.26;383.14;22.45;1502;36;4565.00;410
11397;21;622066357;11397;669;12896;13306;4.25;0.26;383.17;22.45;1499;36;4566.00;410
11397;21;622066374;11397;675;12897;13310;4.23;0.26;383.17;22.45;1500;36;4567.00;413
11401;21;622066391;11401;679;12897;13310;4.19;0.26;383.22;22.45;1496;36;4568.00;413
11403;21;622066408;11403;672;12897;13310;4.13;0.25;383.20;22.45;1494;36;4569.00;413
11405;21;622066425;11405;664;12897;13310;4.06;0.25;383.20;22.45;1492;36;4570.00;413
11409;21;622066441;11409;664;12897;13310;4.03;0.25;383.30;22.45;1488;36;4571.00;413
11411;21;622066458;11411;665;12905;13322;4.08;0.25;383.37;22.43;1494;36;4572.00;417
11414;21;622066475;11414;667;12905;13322;4.06;0.25;383.43;22.43;1491;36;4573.00;417
11416;21;622066491;11416;666;12905;13322;4.05;0.25;383.50;22.43;1489;36;4574.00;417
11418;21;622066506;11418;667;12906;13322;4.01;0.25;383.45;22.43;1488;36;4575.00;416
11421;21;622066522;11421;672;12906;13322;4.01;0.25;383.52;22.43;1485;36;4576.00;416
11423;21;622066538;11423;667;12906;13322;4.02;0.25;383.58;22.43;1483;36;4577.00;416
11425;21;622066554;11425;660;12906;13323;4.03;0.25;383.54;22.43;1481;36;4578.00;417
11427;22;622066571;11427;668;12906;13323;4.05;0.25;383.60;22.43;1479;37;4579.00;417
11430;22;622066593;11430;660;12910;13329;4.06;0.25;383.72;22.43;1480;37;4580.00;419
11430;22;622066615;11430;656;12910;13330;4.05;0.25;383.72;22.43;1480;37;4581.00;420
11435;22;622066630;11435;652;12910;13330;4.00;0.24;383.88;22.43;1475;37;4582.00;420
11437;22;622066646;11437;662;12910;13330;3.90;0.24;383.85;22.43;1473;37;4583.00;420
11439;22;622066662;11439;661;12913;13334;3.84;0.23;383.87;22.42;1474;37;4584.00;421
11444;22;622066678;11444;673;12915;13334;3.71;0.23;383.87;22.43;1471;37;4585.00;419
11445;22;622066693;11445;665;12915;13334;3.64;0.22;383.90;22.43;1470;37;4586.00;419
11448;22;622066708;11448;672;12916;13335;3.59;0.22;384.01;22.43;1468;37;4587.00;419
11451;22;622066723;11451;666;12917;13339;3.48;0.21;384.06;22.42;1466;37;4588.00;422
11453;22;622066739;11453;680;12917;13339;3.39;0.21;384.04;22.42;1464;37;4589.00;422
11455;22;622066755;11455;679;12920;13345;3.34;0.20;384.07;22.42;1465;37;4590.00;425
11459;22;622066772;11459;687;12920;13345;3.26;0.20;384.10;22.42;1461;37;4591.00;425
11461;22;622066787;11461;676;12920;13345;3.27;0.20;384.07;22.42;1459;37;4592.00;425
11463;22;622066802;11463;675;12920;13345;3.26;0.20;384.10;22.42;1457;37;4593.00;425
11466;22;622066818;11466;674;12923;13349;3.27;0.20;384.18;22.41;1457;37;4594.00;426
11468;22;622066833;11468;673;12923;13349;3.29;0.20;384.19;22.41;1455;37;4595.00;426
11470;22;622066849;11470;677;12923;13349;3.32;0.20;384.24;22.41;1453;37;4596.00;426
11471;22;622066863;11471;668;12923;13349;3.33;0.20;384.33;22.41;1452;37;4597.00;426
11473;22;622066879;11473;659;12923;13350;3.33;0.20;384.32;22.41;1450;37;4598.00;427
11477;22;622066895;11477;656;12923;13351;3.29;0.20;384.45;22.41;1446;37;4599.00;428
11481;22;622066910;11481;650;12923;13351;3.22;0.20;384.43;22.41;1442;37;4600.00;428
11485;22;622066930;11485;644;12924;13352;3.18;0.20;384.36;22.41;1439;37;4601.00;428
11489;22;622066946;11489;651;12924;13352;3.16;0.19;384.29;22.41;1435;37;4602.00;428
11492;22;622066961;11492;647;12924;13352;3.14;0.19;384.29;22.41;1432;37;4603.00;428
11495;22;622066976;11495;635;12924;13352;3.10;0.19;384.23;22.41;1429;37;4604.00;428
11501;22;622066991;11501;643;12924;13352;3.06;0.19;384.20;22.41;1423;37;4605.00;428
11504;22;622067005;11504;645;12924;13352;3.08;0.19;384.21;22.41;1420;37;4606.00;428
11508;22;622067020;11508;646;12924;13352;3.04;0.19;384.14;22.41;1416;37;4607.00;428
11512;22;622067036;11512;648;12976;13479;3.43;0.22;384.16;22.32;1464;37;4608.00;503
11516;22;622067061;11516;658;12980;13480;3.43;0.22;384.15;22.32;1464;37;4609.00;500
11520;22;622067076;11520;654;12986;13480;3.46;0.22;384.10;22.31;1466;37;4610.00;494
11521;22;622067092;11521;662;12990;13480;3.47;0.22;384.11;22.30;1469;37;4611.00;490
11524;22;622067107;11524;664;12996;13480;3.50;0.22;384.17;22.29;1472;37;4612.00;484
11527;22;622067122;11527;662;12998;13480;3.49;0.22;384.14;22.29;1471;37;4613.00;482
11530;22;622067138;11530;645;13001;13480;3.49;0.22;384.11;22.34;1471;37;4614.00;479
11534;22;622067154;11534;640;13005;13480;3.47;0.22;384.14;22.34;1471;37;4615.00;475
11537;22;622067170;11537;642;13007;13481;3.48;0.22;384.14;22.34;1470;37;4616.00;474
11543;22;622067187;11543;648;13010;13482;3.40;0.21;384.07;22.35;1467;37;4617.00;472
11543;22;622067203;11543;651;13012;13482;3.40;0.21;384.07;22.35;1469;37;4618.00;470
11546;22;622067218;11546;652;13013;13483;3.34;0.21;384.03;22.35;1467;37;4619.00;470
11548;22;622067235;11548;671;13014;13483;3.29;0.20;384.01;22.35;1466;37;4620.00;469
11553;22;622067251;11553;677;13017;13483;3.24;0.20;384.02;22.36;1464;37;4621.00;466
11555;22;622067273;11555;683;13018;13483;3.18;0.20;383.99;22.36;1463;37;4622.00;465
11558;22;622067289;11558;678;13022;13487;3.16;0.20;384.04;22.38;1464;37;4623.00;465
11562;22;622067304;11562;681;13023;13487;3.13;0.19;384.01;22.39;1461;37;4624.00;464
11564;22;622067320;11564;684;13023;13487;3.11;0.19;383.99;22.39;1459;37;4625.00;464
11567;22;622067345;11567;675;13025;13490;3.10;0.19;383.97;22.40;1458;37;4626.00;465
11571;22;622067370;11571;665;13027;13490;3.08;0.19;383.88;22.41;1456;37;4627.00;463
11572;22;622067403;11572;667;13028;13490;3.12;0.19;383.89;22.42;1456;37;4628.00;462
11573;22;622067426;11573;652;13030;13494;3.19;0.20;383.86;22.43;1457;37;4629.00;464
11577;22;622067446;11577;640;13036;13495;3.22;0.20;383.81;22.50;1459;37;4630.00;459
11578;22;622067463;11578;641;13037;13495;3.30;0.20;383.83;22.51;1459;37;4631.00;458
11579;22;622067481;11579;632;13041;13499;3.34;0.21;383.83;22.51;1462;37;4632.00;458
11582;22;622067498;11582;634;13042;13499;3.39;0.21;383.82;22.51;1460;37;4633.00;457
11588;22;622067524;11588;630;13043;13499;3.41;0.21;383.80;22.53;1455;37;4634.00;456
11590;22;622067540;11590;620;13043;13501;3.44;0.21;383.77;22.53;1453;37;4635.00;458
11593;22;622067557;11593;618;13043;13501;3.50;0.21;383.87;22.53;1450;37;4636.00;458
11594;22;622067573;11594;618;13047;13507;3.55;0.22;383.88;22.53;1453;37;4637.00;460
11597;22;622067590;11597;620;13047;13507;3.58;0.22;383.90;22.53;1450;37;4638.00;460
11601;22;622067607;11601;611;13047;13508;3.61;0.22;383.89;22.53;1446;37;4639.00;461
11605;22;622067624;11605;618;13048;13508;3.66;0.22;383.93;22.54;1443;37;4640.00;460
11609;22;622067641;11609;612;13049;13508;3.68;0.22;383.88;22.59;1440;37;4641.00;459
11613;22;622067664;11613;603;13050;13508;3.70;0.22;383.88;22.61;1437;37;4642.00;458
11614;22;622067680;11614;602;13050;13508;3.71;0.23;383.89;22.61;1436;37;4643.00;458
11618;22;622067696;11618;604;13059;13520;3.76;0.23;383.94;22.60;1441;37;4644.00;461
11622;22;622067714;11622;602;13060;13520;3.73;0.23;383.92;22.62;1438;37;4645.00;460
11622;22;622067731;11622;591;13061;13520;3.77;0.23;383.92;22.63;1439;37;4646.00;459
11625;22;622067747;11625;582;13062;13520;3.76;0.23;383.95;22.63;1437;37;4647.00;458
11629;22;622067763;11629;570;13062;13520;3.76;0.23;383.92;22.63;1433;37;4648.00;458
11633;22;622067786;11633;570;13063;13520;3.76;0.23;384.08;22.64;1430;37;4649.00;457
11635;22;622067805;11635;574;13066;13526;3.83;0.23;384.07;22.65;1431;37;4650.00;460
11637;22;622067823;11637;564;13066;13526;3.89;0.24;384.11;22.65;1429;37;4651.00;460
11640;22;622067841;11640;563;13069;13530;3.91;0.24;384.11;22.70;1429;37;4652.00;461
11642;22;622067859;11642;562;13070;13531;3.96;0.24;384.18;22.71;1428;37;4653.00;461
11643;22;622067876;11643;569;13071;13531;4.00;0.24;384.21;22.71;1428;37;4654.00;460
11646;22;622067893;11646;557;13071;13531;4.00;0.24;384.25;22.71;1425;37;4655.00;460
11647;22;622067917;11647;561;13081;13544;4.07;0.25;384.27;22.70;1434;37;4656.00;463
11652;22;622067934;11652;555;13082;13544;4.07;0.25;384.38;22.71;1430;37;4657.00;462
11654;22;622067951;11654;561;13082;13544;4.08;0.25;384.37;22.71;1428;37;4658.00;462
11656;22;622067969;11656;558;13084;13545;4.15;0.25;384.39;22.71;1428;37;4659.00;461
11659;22;622067986;11659;550;13085;13546;4.18;0.26;384.48;22.72;1426;37;4660.00;461
11661;22;622068002;11661;551;13085;13546;4.22;0.26;384.54;22.72;1424;37;4661.00;461
11665;22;622068020;11665;544;13086;13549;4.24;0.26;384.55;22.72;1421;37;4662.00;463
11666;22;622068038;11666;548;13088;13549;4.26;0.26;384.57;22.75;1422;37;4663.00;461
11666;22;622068056;11666;538;13088;13549;4.32;0.26;384.57;22.75;1422;37;4664.00;461
11669;22;622068072;11669;539;13089;13549;4.38;0.27;384.67;22.76;1420;37;4665.00;460
11670;22;622068089;11670;535;13093;13555;4.44;0.27;384.67;22.77;1423;37;4666.00;462
11675;22;622068107;11675;540;13094;13555;4.46;0.27;384.76;22.82;1419;37;4667.00;461
11676;22;622068123;11676;545;13094;13555;4.51;0.27;384.82;22.82;1418;37;4668.00;461
11680;22;622068140;11680;552;13096;13555;4.46;0.27;384.84;22.85;1416;37;4669.00;459
11682;22;622068164;11682;557;13097;13559;4.44;0.27;384.87;22.84;1415;37;4670.00;462
11685;22;622068181;11685;560;13098;13560;4.45;0.27;384.96;22.86;1413;37;4671.00;462
11688;22;622068197;11688;565;13100;13560;4.45;0.27;385.06;22.88;1412;37;4672.00;460
11689;22;622068214;11689;563;13101;13561;4.47;0.27;385.04;22.88;1412;37;4673.00;460
11692;22;622068231;11692;571;13103;13561;4.46;0.27;385.15;22.89;1411;37;4674.00;458
11695;22;622068248;11695;572;13105;13561;4.43;0.27;385.36;22.95;1410;37;4675.00;456
11698;22;622068265;11698;568;13106;13561;4.42;0.27;385.33;22.96;1408;37;4676.00;455
11700;22;622068283;11700;575;13107;13561;4.44;0.27;385.40;22.98;1407;37;4677.00;454
11702;22;622068299;11702;576;13108;13561;4.45;0.27;385.39;22.99;1406;37;4678.00;453
11705;22;622068316;11705;578;13110;13561;4.43;0.27;385.52;23.04;1405;37;4679.00;451
11708;22;622068338;11708;599;13164;13686;4.52;0.28;385.69;22.94;1456;37;4680.00;522
11712;22;622068364;11712;579;13165;13687;4.55;0.28;385.75;22.96;1453;37;4681.00;522
11714;22;622068382;11714;572;13169;13687;4.64;0.28;385.78;22.96;1455;37;4682.00;518
11717;22;622068400;11717;563;13169;13687;4.74;0.29;385.90;22.96;1452;37;4683.00;518
11718;22;622068416;11718;567;13170;13687;4.82;0.30;385.88;22.96;1452;37;4684.00;517
11721;22;622068432;11721;557;13172;13687;4.89;0.30;385.98;22.97;1451;37;4685.00;515
11724;22;622068449;11724;560;13173;13687;4.96;0.30;386.21;22.97;1449;37;4686.00;514
11726;22;622068465;11726;566;13174;13687;4.99;0.31;386.20;22.97;1448;37;4687.00;513
11731;22;622068481;11731;565;13175;13688;5.02;0.31;386.15;22.97;1444;37;4688.00;513
11734;22;622068497;11734;560;13177;13689;5.09;0.31;386.26;22.96;1443;37;4689.00;512
11738;22;622068514;11738;557;13177;13689;5.02;0.31;386.30;22.96;1439;37;4690.00;512
11741;22;622068529;11741;555;13181;13693;5.00;0.30;386.38;23.01;1440;37;4691.00;512
11743;22;622068546;11743;549;13183;13693;4.98;0.30;386.41;23.01;1440;37;4692.00;510
11747;22;622068562;11747;543;13187;13693;4.92;0.30;386.47;23.01;1440;37;4693.00;506
11748;22;622068579;11748;541;13191;13693;4.86;0.30;386.47;23.10;1443;38;4694.00;502
11751;22;622068609;11751;542;13194;13699;4.84;0.29;386.62;23.19;1443;39;4695.00;505
11756;22;622068632;11756;551;13195;13699;4.78;0.29;386.83;23.19;1439;39;4696.00;504
11758;22;622068652;11758;542;13195;13699;4.79;0.29;386.88;23.19;1437;39;4697.00;504
11762;22;622068673;11762;540;13196;13702;4.78;0.29;386.88;23.19;1434;39;4698.00;506
11765;22;622068690;11765;535;13196;13702;4.79;0.29;387.02;23.19;1431;39;4699.00;506
11768;22;622068707;11768;524;13197;13702;4.76;0.29;387.09;23.20;1429;39;4700.00;505
11771;22;622068727;11771;518;13197;13703;4.75;0.29;387.15;23.20;1426;39;4701.00;506
11777;22;622068745;11777;512;13199;13704;4.74;0.29;387.09;23.20;1422;39;4702.00;505
11780;22;622068762;11780;520;13200;13704;4.74;0.29;387.25;23.21;1420;39;4703.00;504
11783;22;622068778;11783;519;13209;13717;4.76;0.29;387.31;23.19;1426;39;4704.00;508
11785;22;622068796;11785;526;13209;13717;4.73;0.29;387.30;23.19;1424;39;4705.00;508
11787;22;622068812;11787;526;13209;13717;4.67;0.28;387.31;23.19;1422;39;4706.00;508
11790;22;622068829;11790;529;13210;13718;4.61;0.28;387.35;23.19;1420;39;4707.00;508
11793;22;622068846;11793;528;13210;13718;4.59;0.28;387.43;23.19;1417;39;4708.00;508
11798;22;622068862;11798;528;13211;13722;4.59;0.28;387.43;23.19;1413;39;4709.00;511
11801;22;622068880;11801;535;13211;13722;4.60;0.28;387.43;23.19;1410;39;4710.00;511
11803;22;622068896;11803;534;13212;13726;4.62;0.28;387.45;23.19;1409;39;4711.00;514
11807;22;622068912;11807;537;13215;13726;4.59;0.28;387.67;23.28;1408;39;4712.00;511
11807;22;622068931;11807;536;13216;13726;4.59;0.28;387.67;23.29;1409;39;4713.00;510
11808;22;622068947;11808;547;13216;13726;4.57;0.28;387.76;23.29;1408;39;4714.00;510
11811;22;622068964;11811;555;13218;13726;4.54;0.27;387.83;23.29;1407;39;4715.00;508
11813;22;622068980;11813;557;13226;13738;4.55;0.28;387.82;23.28;1413;39;4716.00;512
11815;22;622068996;11815;566;13227;13738;4.50;0.27;387.80;23.28;1412;39;4717.00;511
11818;22;622069012;11818;570;13227;13738;4.45;0.27;387.93;23.28;1409;39;4718.00;511
11818;22;622069028;11818;571;13227;13738;4.43;0.27;387.93;23.28;1409;39;4719.00;511
11818;22;622069043;11818;585;13227;13738;4.42;0.27;387.93;23.28;1409;39;4720.00;511
11819;22;622069058;11819;587;13227;13738;4.44;0.27;387.92;23.28;1408;39;4721.00;511
11822;22;622069073;11822;599;13227;13739;4.43;0.27;388.11;23.28;1405;39;4722.00;512
11824;22;622069088;11824;599;13227;13739;4.41;0.27;388.24;23.28;1403;39;4723.00;512
11826;22;622069104;11826;600;13230;13745;4.45;0.27;388.24;23.27;1404;39;4724.00;515
11827;22;622069119;11827;600;13230;13747;4.46;0.27;388.27;23.27;1403;39;4725.00;517
11830;22;622069133;11830;604;13230;13747;4.43;0.27;388.30;23.27;1400;39;4726.00;517
11836;22;622069148;11836;607;13230;13747;4.39;0.27;388.26;23.27;1394;39;4727.00;517
11837;22;622069163;11837;613;13233;13751;4.42;0.27;388.24;23.27;1396;39;4728.00;518
11839;22;622069178;11839;617;13233;13751;4.40;0.27;388.31;23.27;1394;39;4729.00;518
11840;22;622069192;11840;618;13233;13751;4.37;0.27;388.32;23.27;1393;39;4730.00;518
11843;22;622069207;11843;623;13234;13752;4.34;0.26;388.47;23.27;1391;39;4731.00;518
11843;22;622069222;11843;633;13235;13756;4.36;0.27;388.47;23.27;1392;39;4732.00;521
11847;22;622069236;11847;638;13235;13756;4.33;0.26;388.52;23.27;1388;39;4733.00;521
11850;22;622069251;11850;631;13236;13759;4.32;0.26;388.52;23.26;1386;39;4734.00;523
11851;22;622069266;11851;640;13236;13759;4.30;0.26;388.55;23.26;1385;39;4735.00;523
11854;22;622069280;11854;637;13236;13759;4.27;0.26;388.62;23.26;1382;39;4736.00;523
11855;22;622069294;11855;637;13236;13759;4.28;0.26;388.61;23.26;1381;39;4737.00;523
11855;22;622069309;11855;642;13238;13763;4.28;0.26;388.61;23.26;1383;39;4738.00;525
11859;22;622069324;11859;635;13238;13763;4.26;0.26;388.66;23.26;1379;39;4739.00;525
11861;22;622069349;11861;628;13238;13763;4.25;0.26;388.69;23.26;1377;39;4740.00;525
11863;22;622069370;11863;623;13238;13763;4.22;0.26;388.74;23.26;1375;39;4741.00;525
11866;22;622069392;11866;621;13238;13764;4.20;0.26;388.91;23.26;1372;39;4742.00;526
11869;22;622069412;11869;619;13238;13765;4.18;0.26;388.96;23.26;1369;39;4743.00;527
11871;22;622069433;11871;619;13238;13765;4.17;0.26;388.99;23.26;1367;39;4744.00;527
11874;22;622069452;11874;616;13239;13766;4.15;0.25;388.98;23.26;1365;39;4745.00;527
11876;22;622069476;11876;619;13239;13766;4.15;0.25;388.99;23.26;1363;39;4746.00;527
11877;22;622069491;11877;619;13239;13766;4.13;0.25;388.97;23.26;1362;39;4747.00;527
11881;22;622069505;11881;618;13239;13766;4.05;0.25;389.01;23.26;1358;39;4748.00;527
11881;22;622069520;11881;618;13239;13766;4.05;0.25;389.01;23.26;1358;39;4749.00;527
11884;22;622069536;11884;618;13239;13766;3.99;0.24;389.15;23.26;1355;39;4750.00;527
11887;22;622069550;11887;619;13239;13766;3.89;0.24;389.19;23.26;1352;39;4751.00;527
11891;22;622069563;11891;629;13295;13893;4.10;0.26;389.19;23.16;1404;39;4752.00;598
11895;22;622069586;11895;630;13299;13894;4.06;0.25;389.25;23.15;1404;39;4753.00;595
11899;22;622069602;11899;632;13306;13894;4.05;0.25;389.20;23.14;1407;39;4754.00;588
11900;22;622069617;11900;633;13312;13894;3.98;0.25;389.21;23.18;1412;39;4755.00;582
11904;22;622069634;11904;635;13314;13894;3.93;0.24;389.14;23.18;1410;39;4756.00;580
11907;22;622069649;11907;640;13316;13894;3.82;0.24;389.23;23.18;1409;39;4757.00;578
11910;22;622069663;11910;644;13318;13894;3.75;0.23;389.22;23.17;1408;39;4758.00;576
11914;22;622069677;11914;648;13320;13894;3.66;0.23;389.20;23.17;1406;39;4759.00;574
11916;22;622069691;11916;641;13321;13895;3.60;0.22;389.15;23.17;1405;39;4760.00;574
11920;22;622069705;11920;642;13322;13896;3.53;0.22;389.12;23.17;1402;39;4761.00;574
11920;22;622069720;11920;634;13323;13896;3.52;0.22;389.12;23.17;1403;39;4762.00;573
11923;22;622069733;11923;626;13326;13897;3.46;0.21;389.08;23.17;1403;39;4763.00;571
11926;22;622069749;11926;625;13327;13897;3.43;0.21;389.11;23.17;1401;39;4764.00;570
11929;22;622069762;11929;623;13328;13897;3.41;0.21;389.26;23.17;1399;39;4765.00;569
11932;22;622069777;11932;623;13329;13897;3.39;0.21;389.27;23.17;1397;39;4766.00;568
11935;22;622069794;11935;620;13332;13901;3.40;0.21;389.25;23.17;1397;39;4767.00;569
11937;22;622069811;11937;620;13333;13901;3.44;0.21;389.22;23.17;1396;39;4768.00;568
11939;22;622069826;11939;622;13334;13901;3.41;0.21;389.26;23.16;1395;39;4769.00;567
11941;22;622069843;11941;621;13335;13907;3.39;0.21;389.23;23.16;1394;39;4770.00;572
11942;22;622069858;11942;620;13335;13907;3.36;0.21;389.21;23.16;1393;39;4771.00;572
11944;22;622069873;11944;618;13335;13907;3.33;0.20;389.18;23.16;1391;39;4772.00;572
11947;22;622069887;11947;618;13336;13911;3.31;0.20;389.18;23.16;1389;39;4773.00;575
11949;22;622069902;11949;619;13337;13912;3.31;0.20;389.15;23.16;1388;39;4774.00;575
11955;22;622069917;11955;622;13337;13912;3.27;0.20;389.04;23.16;1382;39;4775.00;575
11956;22;622069934;11956;618;13339;13916;3.28;0.20;389.04;23.16;1383;39;4776.00;577
11960;22;622069950;11960;610;13339;13916;3.24;0.20;389.04;23.16;1379;39;4777.00;577
11960;22;622069964;11960;608;13340;13916;3.25;0.20;389.04;23.15;1380;39;4778.00;576
11962;22;622069979;11962;602;13340;13917;3.25;0.20;389.04;23.15;1378;39;4779.00;577
11964;22;622069994;11964;591;13340;13917;3.24;0.20;389.07;23.15;1376;39;4780.00;577
11970;22;622070011;11970;585;13344;13923;3.26;0.20;389.05;23.15;1374;39;4781.00;579
11972;22;622070028;11972;576;13344;13923;3.31;0.20;389.10;23.15;1372;39;4782.00;579
11975;22;622070044;11975;575;13344;13924;3.33;0.20;389.05;23.15;1369;39;4783.00;580
11979;22;622070060;11979;571;13344;13924;3.38;0.21;389.06;23.15;1365;39;4784.00;580
11982;22;622070076;11982;564;13344;13924;3.41;0.21;389.11;23.15;1362;39;4785.00;580
11986;22;622070099;11986;570;13345;13924;3.45;0.21;389.13;23.16;1359;39;4786.00;579
11987;22;622070115;11987;576;13346;13924;3.50;0.21;389.13;23.17;1359;39;4787.00;578
11990;22;622070131;11990;580;13354;13936;3.56;0.22;389.10;23.16;1364;39;4788.00;582
11991;22;622070148;11991;577;13356;13936;3.58;0.22;389.11;23.18;1365;39;4789.00;580
11992;22;622070164;11992;574;13356;13936;3.61;0.22;389.08;23.18;1364;39;4790.00;580
11997;22;622070179;11997;579;13356;13936;3.60;0.22;389.01;23.18;1359;39;4791.00;580
12001;22;622070194;12001;575;13357;13936;3.64;0.22;388.99;23.19;1356;39;4792.00;579
12002;22;622070209;12002;573;13357;13936;3.69;0.22;389.06;23.19;1355;39;4793.00;579
12005;22;622070232;12005;573;13359;13940;3.73;0.23;389.10;23.20;1354;39;4794.00;581
12007;22;622070248;12007;565;13360;13940;3.76;0.23;389.11;23.22;1353;39;4795.00;580
12008;22;622070263;12008;560;13362;13944;3.83;0.23;389.15;23.21;1354;39;4796.00;582
12009;22;622070278;12009;560;13363;13945;3.89;0.24;389.16;23.22;1354;39;4797.00;582
12014;22;622070293;12014;550;13364;13945;3.89;0.24;389.20;23.24;1350;39;4798.00;581
12015;22;622070308;12015;548;13364;13945;3.94;0.24;389.21;23.24;1349;39;4799.00;581
12020;22;622070326;12020;556;13385;13986;4.02;0.24;389.10;23.23;1365;39;4800.00;601
12024;22;622070350;12024;553;13389;13986;4.04;0.25;389.19;23.27;1365;39;4801.00;597
12026;22;622070366;12026;547;13390;13986;4.05;0.25;389.18;23.27;1364;39;4802.00;596
12027;22;622070380;12027;549;13394;13987;4.09;0.25;389.23;23.30;1367;39;4803.00;593
12029;22;622070394;12029;551;13395;13988;4.10;0.25;389.27;23.31;1366;39;4804.00;593
12031;22;622070409;12031;557;13397;13988;4.09;0.25;389.31;23.32;1366;39;4805.00;591
12034;22;622070423;12034;554;13401;13991;4.06;0.25;389.34;23.34;1367;39;4806.00;590
12035;22;622070440;12035;550;13403;13991;4.06;0.25;389.34;23.36;1368;39;4807.00;588
12038;22;622070455;12038;549;13405;13991;4.06;0.25;389.51;23.43;1367;39;4808.00;586
12043;22;622070471;12043;547;13406;13991;4.07;0.25;389.59;23.44;1363;39;4809.00;585
12045;22;622070486;12045;548;13411;13997;4.07;0.25;389.65;23.45;1366;39;4810.00;586
12049;22;622070502;12049;548;13413;13997;4.12;0.25;389.76;23.48;1364;39;4811.00;584
12054;22;622070516;12054;548;13415;13997;4.13;0.25;389.84;23.49;1361;39;4812.00;582
12058;22;622070531;12058;552;13417;13997;4.13;0.25;389.87;23.50;1359;39;4813.00;580
12059;22;622070546;12059;551;13419;14001;4.17;0.25;389.84;23.51;1360;39;4814.00;582
12062;22;622070561;12062;554;13419;14003;4.20;0.26;389.88;23.51;1357;39;4815.00;584
12068;22;622070577;12068;543;13422;14003;4.15;0.25;389.86;23.52;1354;39;4816.00;581
12069;22;622070593;12069;525;13424;14004;4.19;0.25;389.90;23.52;1355;39;4817.00;580
12073;22;622070608;12073;519;13424;14004;4.19;0.25;390.03;23.52;1351;39;4818.00;580
12076;22;622070622;12076;504;13426;14004;4.22;0.26;389.99;23.54;1350;39;4819.00;578
12080;22;622070638;12080;504;13428;14004;4.24;0.26;390.09;23.56;1348;39;4820.00;576
12081;22;622070656;12081;503;13429;14004;4.30;0.26;390.20;23.56;1348;39;4821.00;575
12083;22;622070672;12083;496;13430;14004;4.35;0.26;390.35;23.57;1347;39;4822.00;574
12085;22;622070688;12085;498;13431;14004;4.38;0.27;390.43;23.63;1346;39;4823.00;573
12086;22;622070704;12086;515;13466;14074;4.52;0.27;390.43;23.57;1380;39;4824.00;608
12088;22;622070728;12088;512;13468;14075;4.57;0.28;390.45;23.57;1380;39;4825.00;607
12090;22;622070744;12090;508;13470;14075;4.61;0.28;390.55;23.57;1380;39;4826.00;605
12092;22;622070760;12092;503;13477;14075;4.67;0.28;390.60;23.67;1385;39;4827.00;598
12097;22;622070776;12097;492;13479;14077;4.68;0.28;390.68;23.68;1382;39;4828.00;598
12100;22;622070792;12100;488;13480;14077;4.71;0.29;390.69;23.68;1380;39;4829.00;597
12102;22;622070810;12102;495;13482;14077;4.74;0.29;390.66;23.68;1380;39;4830.00;595
12106;22;622070825;12106;491;13483;14077;4.71;0.29;390.84;23.68;1377;39;4831.00;594
12108;22;622070840;12108;494;13487;14078;4.72;0.29;390.92;23.70;1379;39;4832.00;591
12110;22;622070856;12110;497;13490;14079;4.73;0.29;391.02;23.70;1380;39;4833.00;589
12114;22;622070872;12114;500;13492;14079;4.71;0.29;391.00;23.70;1378;39;4834.00;587
12117;22;622070887;12117;502;13495;14083;4.68;0.28;391.03;23.72;1378;39;4835.00;588
12119;22;622070906;12119;505;13496;14083;4.69;0.28;391.07;23.72;1377;39;4836.00;587
12121;22;622070922;12121;508;13499;14083;4.73;0.29;391.30;23.73;1378;39;4837.00;584
12125;22;622070938;12125;512;13499;14083;4.73;0.29;391.31;23.73;1374;39;4838.00;584
12125;22;622070953;12125;515;13504;14089;4.78;0.29;391.31;23.74;1379;39;4839.00;585
12127;22;622070968;12127;524;13504;14089;4.82;0.29;391.38;23.74;1377;39;4840.00;585
12129;22;622070984;12129;532;13505;14089;4.85;0.30;391.36;23.76;1376;39;4841.00;584
12130;22;622071005;12130;538;13507;14092;4.88;0.30;391.40;23.82;1377;39;4842.00;585
12131;22;622071021;12131;538;13507;14092;4.92;0.30;391.44;23.82;1376;39;4843.00;585
12137;22;622071036;12137;543;13509;14092;4.89;0.30;391.58;23.86;1372;39;4844.00;583
12138;22;622071051;12138;545;13509;14093;4.91;0.30;391.61;23.86;1371;39;4845.00;584
12139;22;622071067;12139;547;13511;14094;4.95;0.30;391.64;23.91;1372;39;4846.00;583
12142;22;622071083;12142;554;13512;14094;4.92;0.30;391.79;23.93;1370;39;4847.00;582
12146;22;622071099;12146;545;13522;14107;4.91;0.30;391.87;23.91;1376;39;4848.00;585
12148;22;622071116;12148;553;13522;14107;4.91;0.30;391.92;23.91;1374;39;4849.00;585
12150;22;622071132;12150;550;13524;14107;4.95;0.30;391.88;23.95;1374;39;4850.00;583
12152;22;622071149;12152;551;13524;14108;4.98;0.30;391.94;23.95;1372;39;4851.00;584
12155;22;622071164;12155;547;13524;14108;5.00;0.30;391.98;23.95;1369;39;4852.00;584
12159;22;622071181;12159;547;13526;14112;5.03;0.30;392.01;23.95;1367;39;4853.00;586
12161;22;622071198;12161;527;13529;14112;5.02;0.30;392.06;23.98;1368;39;4854.00;583
12164;22;622071214;12164;528;13530;14116;5.01;0.30;392.07;23.98;1366;39;4855.00;586
12169;22;622071230;12169;518;13531;14116;5.05;0.31;392.13;24.00;1362;39;4856.00;585
12169;22;622071246;12169;516;13532;14116;5.11;0.31;392.13;24.02;1363;39;4857.00;584
12174;22;622071261;12174;512;13532;14116;5.10;0.31;392.25;24.02;1358;39;4858.00;584
12175;22;622071277;12175;504;13533;14116;5.12;0.31;392.32;24.04;1358;39;4859.00;583
12180;22;622071295;12180;503;13551;14150;5.18;0.32;392.51;24.09;1371;39;4860.00;599
12183;22;622071313;12183;495;13551;14150;5.16;0.31;392.64;24.09;1368;39;4861.00;599
12186;22;622071331;12186;491;13552;14150;5.13;0.31;392.69;24.09;1366;39;4862.00;598
12187;22;622071354;12187;490;13556;14150;5.12;0.31;392.68;24.11;1369;39;4863.00;594
12189;22;622071383;12189;482;13557;14150;5.12;0.31;392.72;24.11;1368;39;4864.00;593
12192;22;622071408;12192;483;13559;14150;5.11;0.31;392.78;24.21;1367;39;4865.00;591
12195;22;622071442;12195;481;13559;14151;5.11;0.31;392.77;24.21;1364;39;4866.00;592
12198;22;622071461;12198;479;13559;14151;5.12;0.31;392.89;24.21;1361;39;4867.00;592
12203;22;622071479;12203;474;13562;14157;5.11;0.31;392.84;24.30;1359;40;4868.00;595
12207;22;622071504;12207;471;13562;14158;5.11;0.31;392.93;24.30;1355;40;4869.00;596
12211;22;622071522;12211;471;13564;14158;5.06;0.31;392.92;24.31;1353;40;4870.00;594
12212;22;622071544;12212;479;13564;14158;5.03;0.31;392.94;24.31;1352;40;4871.00;594
12213;22;622071559;12213;480;13568;14162;5.03;0.31;392.94;24.30;1355;40;4872.00;594
12213;22;622071575;12213;485;13570;14162;5.00;0.31;392.94;24.32;1357;40;4873.00;592
12216;22;622071597;12216;486;13572;14162;4.95;0.30;392.94;24.32;1356;40;4874.00;590
12220;22;622071613;12220;499;13574;14163;4.94;0.30;393.00;24.31;1354;40;4875.00;589
12225;22;622071632;12225;500;13578;14167;4.90;0.30;393.09;24.41;1353;40;4876.00;589
12228;22;622071649;12228;502;13578;14167;4.85;0.30;393.13;24.41;1350;40;4877.00;589
12230;22;622071665;12230;504;13580;14170;4.84;0.30;393.11;24.40;1350;40;4878.00;590
12233;22;622071682;12233;505;13580;14170;4.79;0.29;393.21;24.40;1347;40;4879.00;590
12236;22;622071697;12236;513;13580;14170;4.74;0.29;393.27;24.40;1344;40;4880.00;590
12240;22;622071713;12240;520;13581;14170;4.71;0.29;393.43;24.40;1341;40;4881.00;589
12244;22;622071729;12244;536;13583;14174;4.68;0.28;393.41;24.40;1339;40;4882.00;591
12244;22;622071745;12244;538;13583;14174;4.66;0.28;393.41;24.40;1339;40;4883.00;591
12246;22;622071760;12246;545;13583;14174;4.68;0.29;393.53;24.40;1337;40;4884.00;591
12248;22;622071776;12248;551;13583;14174;4.67;0.28;393.53;24.40;1335;40;4885.00;591
12250;22;622071799;12250;555;13583;14175;4.64;0.28;393.57;24.40;1333;40;4886.00;592
12253;22;622071816;12253;566;13583;14176;4.65;0.28;393.58;24.40;1330;40;4887.00;593
12254;22;622071831;12254;576;13583;14176;4.64;0.28;393.63;24.40;1329;40;4888.00;593
12254;22;622071847;12254;583;13584;14177;4.61;0.28;393.63;24.40;1330;40;4889.00;593
12255;22;622071865;12255;595;13584;14177;4.55;0.28;393.68;24.40;1329;40;4890.00;593
12257;22;622071881;12257;604;13584;14177;4.52;0.28;393.72;24.40;1327;40;4891.00;593
12263;22;622071896;12263;604;13584;14177;4.47;0.27;393.79;24.40;1321;40;4892.00;593
12264;22;622071913;12264;606;13584;14177;4.46;0.27;393.83;24.40;1320;40;4893.00;593
12265;22;622071928;12265;614;13584;14177;4.46;0.27;393.83;24.40;1319;40;4894.00;593
12265;22;622071945;12265;616;13585;14177;4.44;0.27;393.83;24.50;1320;40;4895.00;592
12271;22;622071960;12271;630;13640;14304;4.67;0.29;393.98;24.40;1369;40;4896.00;664
12273;22;622071986;12273;629;13644;14305;4.67;0.29;394.05;24.39;1371;40;4897.00;661
12275;22;622072001;12275;637;13650;14305;4.68;0.29;394.01;24.38;1375;40;4898.00;655
12278;22;622072016;12278;634;13653;14305;4.62;0.29;394.00;24.38;1375;40;4899.00;652
12279;22;622072032;12279;638;13656;14305;4.59;0.28;394.06;24.37;1377;40;4900.00;649
12280;22;622072051;12280;634;13658;14305;4.54;0.28;394.03;24.37;1378;40;4901.00;647
12282;22;622072066;12282;636;13660;14305;4.50;0.28;394.08;24.37;1378;40;4902.00;645
12282;22;622072081;12282;640;13661;14305;4.45;0.28;394.08;24.37;1379;40;4903.00;644
12287;22;622072097;12287;638;13663;14306;4.42;0.27;394.12;24.37;1376;40;4904.00;643
12289;22;622072113;12289;641;13664;14308;4.39;0.27;394.13;24.36;1375;40;4905.00;644
12289;22;622072127;12289;642;13665;14308;4.40;0.27;394.13;24.36;1376;40;4906.00;643
12291;22;622072142;12291;645;13667;14309;4.40;0.27;394.12;24.36;1376;40;4907.00;642
12296;22;622072156;12296;646;13668;14309;4.36;0.27;394.26;24.36;1372;40;4908.00;641
12298;22;622072176;12298;647;13669;14309;4.26;0.26;394.24;24.36;1371;40;4909.00;640
12302;22;622072190;12302;643;13670;14309;4.19;0.26;394.17;24.36;1368;40;4910.00;639
12304;22;622072205;12304;639;13672;14313;4.18;0.26;394.12;24.36;1368;40;4911.00;641
12307;22;622072220;12307;645;13674;14313;4.13;0.25;394.13;24.35;1367;40;4912.00;639
12307;22;622072234;12307;647;13675;14313;4.09;0.25;394.13;24.35;1368;40;4913.00;638
12307;22;622072248;12307;652;13676;14316;4.08;0.25;394.13;24.35;1369;40;4914.00;640
12310;22;622072263;12310;658;13676;14316;4.06;0.25;394.05;24.35;1366;40;4915.00;640
12312;22;622072277;12312;657;13676;14316;4.02;0.25;394.02;24.35;1364;40;4916.00;640
12312;22;622072291;12312;651;13677;14320;4.03;0.25;394.02;24.35;1365;40;4917.00;643
12316;22;622072305;12316;652;13678;14321;4.02;0.25;394.06;24.35;1362;40;4918.00;643
12317;22;622072320;12317;656;13678;14321;4.05;0.25;394.04;24.35;1361;40;4919.00;643
12320;22;622072337;12320;661;13682;14326;4.09;0.25;394.01;24.34;1362;40;4920.00;644
12322;22;622072352;12322;663;13682;14326;4.07;0.25;393.96;24.34;1360;40;4921.00;644
12324;22;622072367;12324;665;13682;14326;4.02;0.25;393.94;24.34;1358;40;4922.00;644
12324;22;622072380;12324;663;13682;14327;3.96;0.24;393.94;24.34;1358;40;4923.00;645
12327;22;622072393;12327;668;13682;14327;3.89;0.24;393.96;24.34;1355;40;4924.00;645
12329;22;622072406;12329;669;13688;14333;3.84;0.24;393.94;24.37;1359;40;4925.00;645
12331;22;622072422;12331;672;13688;14333;3.74;0.23;394.02;24.37;1357;40;4926.00;645
12334;22;622072435;12334;681;13688;14334;3.68;0.23;393.98;24.37;1354;40;4927.00;646
12335;22;622072448;12335;685;13688;14334;3.59;0.22;393.95;24.37;1353;40;4928.00;646
12339;22;622072460;12339;692;13688;14334;3.47;0.21;393.87;24.37;1349;40;4929.00;646
12342;22;622072473;12342;691;13688;14334;3.41;0.21;393.80;24.37;1346;40;4930.00;646
12344;22;622072486;12344;676;13688;14334;3.41;0.21;393.80;24.37;1344;40;4931.00;646
12347;22;622072498;12347;663;13697;14346;3.47;0.21;393.75;24.36;1350;40;4932.00;649
12349;22;622072512;12349;655;13697;14346;3.49;0.21;393.70;24.36;1348;40;4933.00;649
12352;22;622072525;12352;652;13697;14346;3.50;0.21;393.72;24.36;1345;40;4934.00;649
12355;22;622072538;12355;645;13698;14346;3.49;0.21;393.76;24.36;1343;40;4935.00;648
12357;22;622072552;12357;647;13698;14346;3.50;0.21;393.73;24.36;1341;40;4936.00;648
12360;22;622072564;12360;640;13698;14346;3.50;0.21;393.69;24.36;1338;40;4937.00;648
12362;22;622072584;12362;632;13700;14350;3.52;0.22;393.70;24.36;1338;40;4938.00;650
12364;22;622072597;12364;623;13700;14350;3.52;0.21;393.64;24.36;1336;40;4939.00;650
12366;22;622072611;12366;613;13703;14354;3.60;0.22;393.62;24.37;1337;40;4940.00;651
12367;22;622072624;12367;615;13704;14355;3.60;0.22;393.62;24.37;1337;40;4941.00;651
12370;22;622072638;12370;609;13704;14355;3.63;0.22;393.64;24.37;1334;40;4942.00;651
12372;22;622072652;12372;601;13704;14355;3.66;0.22;393.69;24.37;1332;40;4943.00;651
12373;22;622072666;12373;600;13715;14368;3.80;0.23;393.69;24.35;1342;40;4944.00;653
12377;22;622072681;12377;595;13715;14368;3.81;0.23;393.68;24.35;1338;40;4945.00;653
12379;22;622072696;12379;584;13715;14368;3.89;0.24;393.72;24.35;1336;40;4946.00;653
12380;22;622072710;12380;582;13716;14369;3.96;0.24;393.73;24.35;1336;40;4947.00;653
12381;22;622072724;12381;577;13716;14370;4.04;0.25;393.71;24.35;1335;40;4948.00;654
12384;22;622072739;12384;577;13716;14370;4.09;0.25;393.68;24.35;1332;40;4949.00;654
12388;22;622072756;12388;578;13719;14379;4.14;0.25;393.78;24.34;1331;40;4950.00;660
12393;22;622072771;12393;573;13719;14379;4.16;0.25;393.83;24.34;1326;40;4951.00;660
12395;22;622072785;12395;564;13719;14379;4.21;0.25;393.85;24.34;1324;40;4952.00;660
12396;22;622072799;12396;554;13719;14379;4.26;0.26;393.86;24.34;1323;40;4953.00;660
12400;22;622072814;12400;551;13722;14385;4.32;0.26;393.85;24.34;1322;40;4954.00;663
12406;22;622072829;12406;543;13722;14385;4.33;0.26;393.98;24.34;1316;40;4955.00;663
12410;22;622072844;12410;538;13722;14385;4.34;0.26;394.01;24.34;1312;40;4956.00;663
12415;22;622072858;12415;539;13723;14385;4.33;0.26;393.97;24.36;1308;40;4957.00;662
12417;22;622072872;12417;535;13724;14389;4.37;0.26;394.00;24.36;1307;40;4958.00;665
12420;22;622072887;12420;525;13726;14390;4.37;0.26;393.99;24.40;1306;40;4959.00;664
12422;22;622072902;12422;524;13728;14390;4.39;0.27;394.00;24.42;1306;40;4960.00;662
12425;22;622072927;12425;532;13729;14391;4.42;0.27;393.98;24.41;1304;40;4961.00;662
12430;22;622072942;12430;525;13730;14391;4.47;0.27;393.97;24.43;1300;40;4962.00;661
12431;22;622072957;12431;530;13731;14391;4.51;0.27;393.97;24.45;1300;40;4963.00;660
12434;22;622072972;12434;529;13732;14391;4.51;0.27;394.05;24.47;1298;40;4964.00;659
12437;22;622072987;12437;521;13734;14391;4.50;0.27;394.00;24.49;1297;40;4965.00;657
12441;22;622073001;12441;525;13736;14391;4.48;0.27;394.06;24.54;1295;40;4966.00;655
12447;22;622073016;12447;520;13737;14391;4.48;0.27;394.14;24.55;1290;40;4967.00;654
12447;22;622073030;12447;524;13776;14461;4.63;0.28;394.14;24.51;1329;40;4968.00;685
12452;22;622073050;12452;519;13781;14462;4.58;0.28;394.17;24.56;1329;40;4969.00;681
12453;22;622073065;12453;510;13784;14462;4.59;0.28;394.24;24.58;1331;40;4970.00;678
12456;22;622073080;12456;513;13790;14462;4.57;0.28;394.36;24.65;1334;40;4971.00;672
12458;22;622073095;12458;507;13792;14462;4.56;0.28;394.44;24.65;1334;40;4972.00;670
12461;22;622073109;12461;502;13796;14462;4.53;0.28;394.54;24.70;1335;40;4973.00;666
12461;22;622073124;12461;507;13800;14462;4.51;0.27;394.54;24.72;1339;40;4974.00;662
12464;22;622073139;12464;508;13803;14462;4.47;0.27;394.60;24.75;1339;40;4975.00;659
12466;22;622073154;12466;512;13804;14463;4.39;0.27;394.67;24.76;1338;40;4976.00;659
12467;22;622073168;12467;509;13807;14464;4.35;0.27;394.69;24.83;1340;40;4977.00;657
12468;22;622073184;12468;512;13809;14464;4.31;0.26;394.72;24.83;1341;40;4978.00;655
12470;22;622073199;12470;517;13811;14468;4.27;0.26;394.80;24.84;1341;40;4979.00;657
12474;22;622073216;12474;516;13812;14468;4.19;0.26;394.86;24.86;1338;40;4980.00;656
12475;22;622073236;12475;519;13813;14468;4.21;0.26;394.87;24.89;1338;40;4981.00;655
12479;22;622073252;12479;533;13818;14468;4.19;0.25;394.92;24.94;1339;40;4982.00;650
12481;22;622073267;12481;535;13822;14474;4.20;0.26;394.93;24.96;1341;40;4983.00;652
12484;22;622073283;12484;535;13825;14474;4.23;0.26;394.94;25.03;1341;40;4984.00;649
12485;22;622073298;12485;541;13825;14474;4.25;0.26;394.99;25.03;1340;40;4985.00;649
12487;22;622073319;12487;529;13828;14477;4.29;0.26;395.03;25.07;1341;40;4986.00;649
12489;22;622073339;12489;525;13830;14477;4.31;0.26;395.21;25.08;1341;40;4987.00;647
12491;22;622073363;12491;508;13832;14477;4.39;0.27;395.20;25.11;1341;40;4988.00;645
12492;22;622073385;12492;494;13835;14478;4.44;0.27;395.29;25.14;1343;40;4989.00;643
12494;22;622073409;12494;495;13837;14479;4.55;0.28;395.40;25.14;1343;40;4990.00;642
12495;22;622073433;12495;489;13839;14479;4.59;0.28;395.49;25.17;1344;40;4991.00;640
12498;22;622073454;12498;490;13849;14492;4.71;0.29;395.71;25.18;1351;40;4992.00;643
12499;22;622073474;12499;491;13852;14492;4.77;0.29;395.75;25.19;1353;40;4993.00;640
12503;22;622073492;12503;498;13853;14492;4.77;0.29;395.87;25.21;1350;40;4994.00;639
12506;22;622073509;12506;503;13856;14494;4.78;0.29;395.88;25.31;1350;40;4995.00;638
12508;22;622073528;12508;501;13857;14494;4.78;0.29;395.89;25.31;1349;40;4996.00;637
12512;22;622073545;12512;507;13860;14498;4.75;0.29;395.99;25.32;1348;40;4997.00;638
12514;22;622073563;12514;506;13862;14498;4.72;0.29;396.07;25.35;1348;40;4998.00;636
12516;22;622073580;12516;510;13864;14502;4.71;0.29;396.21;25.37;1348;40;4999.00;638
12519;22;622073599;12519;505;13867;14502;4.71;0.29;396.32;25.40;1348;40;5000.00;635
12521;22;622073622;12521;508;13869;14502;4.73;0.29;396.34;25.42;1348;40;5001.00;633
12522;22;622073640;12522;514;13869;14502;4.78;0.29;396.42;25.42;1347;40;5002.00;633
12524;22;622073657;12524;504;13870;14502;4.81;0.29;396.54;25.43;1346;40;5003.00;632
12529;22;622073675;12529;501;13878;14514;4.82;0.29;396.61;25.44;1349;40;5004.00;636
12531;22;622073695;12531;500;13881;14514;4.90;0.30;396.69;25.50;1350;40;5005.00;633
12535;22;622073711;12535;505;13883;14514;4.95;0.30;396.68;25.52;1348;40;5006.00;631
12537;22;622073728;12537;504;13886;14514;4.99;0.30;396.70;25.54;1349;40;5007.00;628
12541;22;622073745;12541;487;13886;14514;4.99;0.31;396.86;25.54;1345;40;5008.00;628
12543;22;622073761;12543;492;13889;14514;5.03;0.31;396.87;25.58;1346;40;5009.00;625
12546;22;622073780;12546;493;13889;14515;5.06;0.31;396.97;25.58;1343;40;5010.00;626
12550;22;622073797;12550;490;13891;14515;5.09;0.31;396.99;25.61;1341;40;5011.00;624
12553;22;622073814;12553;495;13896;14521;5.09;0.31;397.16;25.63;1343;40;5012.00;625
12560;22;622073839;12560;505;13897;14522;5.04;0.31;397.24;25.64;1337;40;5013.00;625
12562;22;622073857;12562;498;13898;14522;5.06;0.31;397.31;25.64;1336;40;5014.00;624
12565;22;622073874;12565;498;13899;14522;5.07;0.31;397.33;25.65;1334;40;5015.00;623
12567;22;622073891;12567;499;13905;14526;5.10;0.31;397.37;25.71;1338;40;5016.00;621
12572;22;622073907;12572;493;13905;14526;5.05;0.31;397.41;25.71;1333;40;5017.00;621
12576;22;622073924;12576;494;13905;14526;5.05;0.31;397.42;25.71;1329;40;5018.00;621
12577;22;622073941;12577;495;13906;14527;5.10;0.31;397.46;25.71;1329;40;5019.00;621
12577;22;622073957;12577;494;13907;14531;5.11;0.31;397.46;25.71;1330;40;5020.00;624
12578;22;622073974;12578;489;13909;14531;5.14;0.31;397.48;25.79;1331;40;5021.00;622
12579;22;622073990;12579;489;13910;14534;5.15;0.31;397.49;25.79;1331;40;5022.00;624
12581;22;622074007;12581;485;13911;14534;5.16;0.31;397.54;25.81;1330;40;5023.00;623
12583;22;622074023;12583;481;13913;14534;5.17;0.31;397.60;25.86;1330;40;5024.00;621
12585;22;622074038;12585;478;13914;14534;5.16;0.31;397.59;25.88;1329;40;5025.00;620
12589;22;622074053;12589;478;13917;14538;5.18;0.31;397.78;25.88;1328;40;5026.00;621
12593;22;622074070;12593;475;13918;14538;5.15;0.31;397.83;25.90;1325;40;5027.00;620
12595;22;622074086;12595;477;13919;14538;5.13;0.31;398.01;25.92;1324;40;5028.00;619
12596;22;622074102;12596;471;13919;14538;5.14;0.31;398.10;25.92;1323;40;5029.00;619
12598;22;622074118;12598;462;13920;14539;5.13;0.31;398.16;25.94;1322;40;5030.00;619
12600;22;622074133;12600;461;13920;14540;5.10;0.31;398.26;25.94;1320;40;5031.00;620
12602;22;622074148;12602;449;13920;14540;5.10;0.31;398.29;25.94;1318;40;5032.00;620
12604;22;622074164;12604;449;13922;14541;5.03;0.31;398.40;25.96;1318;40;5033.00;619
12607;22;622074179;12607;454;13924;14541;4.98;0.30;398.40;26.01;1317;40;5034.00;617
12608;22;622074195;12608;452;13925;14541;4.95;0.30;398.41;26.03;1317;40;5035.00;616
12610;22;622074210;12610;453;13925;14541;4.92;0.30;398.44;26.03;1315;40;5036.00;616
12611;22;622074226;12611;462;13926;14541;4.93;0.30;398.45;26.05;1315;40;5037.00;615
12616;22;622074242;12616;454;13926;14541;4.91;0.30;398.45;26.05;1310;40;5038.00;615
12624;22;622074258;12624;460;13927;14541;4.86;0.30;398.53;26.07;1303;40;5039.00;614
12627;22;622074275;12627;482;14015;14771;5.12;0.32;398.52;25.93;1388;40;5040.00;756
12631;22;622074309;12631;483;14018;14772;5.05;0.32;398.53;25.93;1387;40;5041.00;754
12632;22;622074325;12632;480;14025;14772;5.04;0.32;398.53;25.94;1393;40;5042.00;747
12633;22;622074342;12633;479;14032;14772;5.01;0.31;398.56;25.93;1399;40;5043.00;740
12639;22;622074357;12639;479;14038;14772;4.94;0.31;398.54;25.94;1399;40;5044.00;734
12642;22;622074373;12642;484;14045;14772;4.90;0.31;398.64;25.95;1403;40;5045.00;727
12644;22;622074390;12644;495;14050;14772;4.87;0.30;398.68;25.95;1406;40;5046.00;722
12644;22;622074411;12644;501;14054;14772;4.89;0.31;398.68;25.96;1410;40;5047.00;718
12646;22;622074430;12646;516;14061;14773;4.92;0.31;398.68;25.95;1415;40;5048.00;712
12647;22;622074446;12647;517;14066;14774;4.91;0.31;398.66;26.01;1419;40;5049.00;708
12647;22;622074461;12647;520;14070;14774;4.92;0.31;398.66;26.01;1423;40;5050.00;704
12649;22;622074476;12649;529;14075;14775;4.90;0.31;398.62;26.00;1426;40;5051.00;700
12651;22;622074491;12651;533;14078;14775;4.83;0.30;398.60;26.00;1427;40;5052.00;697
12654;22;622074506;12654;546;14081;14775;4.80;0.30;398.65;26.02;1427;40;5053.00;694
12654;22;622074527;12654;550;14083;14775;4.78;0.30;398.65;26.01;1429;40;5054.00;692
12656;22;622074542;12656;560;14085;14779;4.70;0.29;398.69;26.01;1429;40;5055.00;694
12657;22;622074558;12657;568;14088;14779;4.65;0.29;398.73;26.01;1431;40;5056.00;691
12659;22;622074573;12659;575;14089;14779;4.60;0.29;398.74;26.01;1430;40;5057.00;690
12661;22;622074588;12661;582;14090;14782;4.55;0.28;398.78;26.01;1429;40;5058.00;692
12662;22;622074604;12662;582;14093;14782;4.53;0.28;398.83;26.00;1431;40;5059.00;689
12663;22;622074620;12663;596;14093;14782;4.53;0.28;398.88;26.00;1430;40;5060.00;689
12668;22;622074635;12668;599;14096;14786;4.47;0.28;398.85;26.00;1428;40;5061.00;690
12669;22;622074651;12669;619;14099;14787;4.43;0.28;398.93;26.00;1430;40;5062.00;688
12676;22;622074666;12676;623;14099;14787;4.33;0.27;398.88;26.00;1423;40;5063.00;688
12679;23;622074685;12679;634;14101;14791;4.30;0.27;398.97;25.99;1422;41;5064.00;690
12681;23;622074721;12681;642;14103;14791;4.26;0.26;398.99;25.99;1422;41;5065.00;688
12688;23;622074741;12688;645;14104;14791;4.18;0.26;399.05;25.99;1416;41;5066.00;687
12693;23;622074762;12693;656;14104;14792;4.13;0.25;399.02;25.99;1411;41;5067.00;688
12694;23;622074784;12694;655;14105;14792;4.07;0.25;398.99;25.99;1411;41;5068.00;687
12696;23;622074799;12696;660;14109;14798;4.07;0.25;399.03;25.99;1413;41;5069.00;689
12698;23;622074822;12698;667;14109;14798;4.02;0.24;399.05;25.99;1411;41;5070.00;689
12698;23;622074837;12698;673;14110;14799;3.97;0.24;399.05;25.99;1412;41;5071.00;689
12698;23;622074851;12698;678;14112;14799;3.95;0.24;399.05;25.99;1414;41;5072.00;687
12699;23;622074864;12699;678;14113;14799;3.93;0.24;399.03;25.99;1414;41;5073.00;686
12701;23;622074879;12701;681;14113;14799;3.91;0.24;399.04;25.99;1412;41;5074.00;686
12703;23;622074893;12703;684;14113;14799;3.89;0.24;399.02;25.99;1410;41;5075.00;686
12704;23;622074906;12704;694;14120;14811;3.91;0.24;399.04;25.98;1416;41;5076.00;691
12705;23;622074921;12705;696;14120;14811;3.86;0.24;399.03;25.98;1415;41;5077.00;691
12705;23;622074934;12705;701;14121;14811;3.87;0.24;399.03;25.97;1416;41;5078.00;690
12705;23;622074948;12705;699;14121;14811;3.84;0.24;399.03;25.97;1416;41;5079.00;690
12705;23;622074961;12705;697;14121;14811;3.83;0.24;399.03;25.97;1416;41;5080.00;690
12710;23;622074975;12710;698;14121;14811;3.78;0.23;399.05;25.97;1411;41;5081.00;690
12710;23;622074990;12710;703;14122;14815;3.76;0.23;399.05;25.97;1412;41;5082.00;693
12711;23;622075004;12711;689;14122;14815;3.74;0.23;399.04;25.97;1411;41;5083.00;693
12712;23;622075018;12712;685;14125;14819;3.78;0.23;399.02;25.97;1413;41;5084.00;694
12712;23;622075033;12712;673;14125;14821;3.79;0.23;399.02;25.97;1413;41;5085.00;696
12716;23;622075047;12716;663;14125;14821;3.77;0.23;399.01;25.97;1409;41;5086.00;696
12717;23;622075062;12717;666;14125;14821;3.77;0.23;399.02;25.97;1408;41;5087.00;696
12719;23;622075076;12719;663;14135;14834;3.81;0.23;399.01;25.95;1416;41;5088.00;699
12720;23;622075091;12720;659;14135;14834;3.86;0.24;399.03;25.95;1415;41;5089.00;699
12721;23;622075111;12721;659;14135;14834;3.89;0.24;399.02;25.95;1414;41;5090.00;699
12721;23;622075125;12721;658;14136;14835;3.93;0.24;399.02;25.95;1415;41;5091.00;699
12723;23;622075140;12723;657;14136;14836;3.96;0.24;399.02;25.95;1413;41;5092.00;700
12726;23;622075154;12726;662;14136;14836;3.97;0.24;399.01;25.95;1410;41;5093.00;700
12728;23;622075168;12728;663;14138;14839;4.00;0.24;399.00;25.96;1410;41;5094.00;701
12730;23;622075183;12730;663;14138;14839;4.00;0.24;398.97;25.96;1408;41;5095.00;701
12735;23;622075204;12735;658;14138;14839;3.93;0.24;398.98;25.96;1403;41;5096.00;701
12736;23;622075219;12736;659;14138;14839;3.91;0.24;398.95;25.96;1402;41;5097.00;701
12739;23;622075238;12739;662;14142;14845;3.89;0.24;398.95;25.95;1403;41;5098.00;703
12742;23;622075253;12742;665;14142;14845;3.84;0.23;398.89;25.95;1400;41;5099.00;703
12746;23;622075269;12746;656;14145;14864;3.78;0.23;398.87;25.94;1399;41;5100.00;719
12748;23;622075290;12748;641;14145;14864;3.78;0.23;398.85;25.94;1397;41;5101.00;719
12750;23;622075303;12750;638;14147;14868;3.80;0.23;398.80;25.94;1397;41;5102.00;721
12755;23;622075318;12755;633;14147;14869;3.80;0.23;398.73;25.94;1392;41;5103.00;722
12756;23;622075337;12756;629;14147;14869;3.87;0.24;398.76;25.94;1391;41;5104.00;722
12759;23;622075359;12759;622;14148;14870;3.93;0.24;398.72;25.94;1389;41;5105.00;722
12761;23;622075382;12761;618;14150;14870;3.99;0.24;398.70;25.94;1389;41;5106.00;720
12764;23;622075406;12764;599;14150;14870;4.07;0.25;398.64;25.94;1386;41;5107.00;720
12767;23;622075428;12767;586;14151;14870;4.16;0.25;398.66;25.93;1384;41;5108.00;719
12769;23;622075448;12769;580;14151;14870;4.21;0.26;398.74;25.93;1382;41;5109.00;719
12773;23;622075494;12773;569;14151;14870;4.23;0.26;398.74;25.93;1378;41;5110.00;719
12775;23;622075510;12775;554;14151;14870;4.32;0.26;398.74;25.93;1376;41;5111.00;719
12777;23;622075526;12777;549;14189;14940;4.40;0.27;398.76;25.87;1412;41;5112.00;751
12780;23;622075549;12780;548;14195;14941;4.49;0.27;398.77;25.85;1415;41;5113.00;746
12782;23;622075566;12782;549;14200;14941;4.59;0.28;398.75;25.87;1418;41;5114.00;741
12786;23;622075583;12786;540;14200;14941;4.61;0.28;398.87;25.87;1414;41;5115.00;741
12793;23;622075601;12793;530;14201;14941;4.62;0.28;398.77;25.87;1408;41;5116.00;740
12795;23;622075618;12795;521;14201;14941;4.70;0.29;398.87;25.87;1406;41;5117.00;740
12798;23;622075640;12798;520;14202;14941;4.76;0.29;398.88;25.87;1404;41;5118.00;739
12804;23;622075659;12804;514;14204;14941;4.75;0.29;398.87;25.87;1400;41;5119.00;737
12807;23;622075677;12807;507;14204;14942;4.79;0.29;398.83;25.87;1397;41;5120.00;738
12811;23;622075702;12811;507;14204;14943;4.80;0.29;398.80;25.87;1393;41;5121.00;739
12815;23;622075720;12815;514;14206;14943;4.79;0.29;398.83;25.87;1391;41;5122.00;737
12817;23;622075737;12817;512;14207;14947;4.82;0.29;398.87;25.87;1390;41;5123.00;740
12821;23;622075760;12821;516;14208;14947;4.84;0.29;398.86;25.87;1387;41;5124.00;739
12825;23;622075778;12825;512;14210;14947;4.85;0.29;398.90;25.87;1385;41;5125.00;737
12827;23;622075796;12827;518;14212;14947;4.85;0.29;398.95;25.87;1385;41;5126.00;735
12832;23;622075814;12832;517;14214;14953;4.87;0.29;398.96;25.87;1382;41;5127.00;739
12837;23;622075832;12837;511;14215;14953;4.86;0.29;398.94;25.88;1378;41;5128.00;738
12838;23;622075850;12838;511;14215;14953;4.90;0.30;398.94;25.88;1377;41;5129.00;738
12842;23;622075870;12842;511;14219;14959;4.90;0.30;398.98;25.91;1377;41;5130.00;740
12845;23;622075887;12845;513;14220;14959;4.94;0.30;398.99;25.92;1375;41;5131.00;739
12848;23;622075905;12848;512;14222;14959;4.98;0.30;399.02;25.94;1374;41;5132.00;737
12853;23;622075922;12853;509;14225;14960;4.96;0.30;399.13;25.97;1372;41;5133.00;735
12856;23;622075941;12856;511;14227;14961;4.94;0.30;399.22;26.00;1371;41;5134.00;734
12859;23;622075958;12859;515;14230;14961;4.95;0.30;399.25;26.01;1371;41;5135.00;731
12860;23;622075975;12860;514;14240;14974;4.92;0.30;399.25;26.05;1380;41;5136.00;734
12864;23;622075994;12864;511;14241;14974;4.94;0.30;399.37;26.06;1377;41;5137.00;733
12866;23;622076011;12866;515;14244;14974;4.96;0.30;399.37;26.09;1378;41;5138.00;730
12869;23;622076027;12869;516;14246;14975;4.97;0.30;399.42;26.12;1377;41;5139.00;729
12871;23;622076044;12871;518;14247;14975;4.96;0.30;399.45;26.15;1376;41;5140.00;728
12875;23;622076060;12875;519;14254;14979;4.94;0.30;399.48;26.18;1379;41;5141.00;725
12878;23;622076078;12878;518;14254;14979;4.86;0.29;399.56;26.18;1376;41;5142.00;725
12882;23;622076094;12882;522;14259;14983;4.79;0.29;399.73;26.24;1377;41;5143.00;724
12885;23;622076111;12885;526;14261;14983;4.73;0.29;399.78;26.26;1376;41;5144.00;722
12886;23;622076127;12886;530;14264;14983;4.65;0.28;399.75;26.30;1378;41;5145.00;719
12888;23;622076144;12888;532;14266;14983;4.61;0.28;399.88;26.32;1378;41;5146.00;717
12890;23;622076161;12890;522;14267;14983;4.58;0.28;399.95;26.33;1377;41;5147.00;716
12893;23;622076178;12893;527;14275;14995;4.54;0.27;399.92;26.35;1382;41;5148.00;720
12895;23;622076196;12895;528;14277;14995;4.46;0.27;399.98;26.37;1382;41;5149.00;718
12896;23;622076212;12896;533;14278;14995;4.38;0.27;399.96;26.40;1382;41;5150.00;717
12896;23;622076228;12896;533;14280;14995;4.35;0.26;399.96;26.43;1384;41;5151.00;715
12901;23;622076245;12901;532;14282;14995;4.26;0.26;400.08;26.44;1381;41;5152.00;713
12904;23;622076261;12904;534;14283;14995;4.24;0.26;400.22;26.47;1379;41;5153.00;712
12906;23;622076278;12906;535;14286;14996;4.30;0.26;400.21;26.50;1380;41;5154.00;710
12910;23;622076295;12910;545;14288;14998;4.31;0.26;400.29;26.50;1378;41;5155.00;710
12912;23;622076319;12912;534;14295;15004;4.34;0.26;400.41;26.55;1383;41;5156.00;709
12916;23;622076338;12916;521;14297;15005;4.41;0.27;400.47;26.55;1381;41;5157.00;708
12919;23;622076356;12919;526;14301;15005;4.46;0.27;400.50;26.60;1382;41;5158.00;704
12921;23;622076373;12921;526;14303;15005;4.46;0.27;400.53;26.61;1382;41;5159.00;702
12922;23;622076391;12922;530;14306;15010;4.49;0.27;400.54;26.63;1384;41;5160.00;704
12925;23;622076412;12925;535;14309;15010;4.54;0.27;400.65;26.66;1384;41;5161.00;701
12928;23;622076429;12928;533;14312;15010;4.59;0.28;400.73;26.73;1384;41;5162.00;698
12929;23;622076446;12929;530;14314;15011;4.66;0.28;400.71;26.78;1385;41;5163.00;697
12930;23;622076462;12930;530;14321;15015;4.71;0.29;400.71;26.85;1391;41;5164.00;694
12932;23;622076479;12932;539;14321;15015;4.73;0.29;400.76;26.85;1389;41;5165.00;694
12933;23;622076496;12933;540;14325;15018;4.76;0.29;400.84;26.90;1392;42;5166.00;693
12936;23;622076521;12936;529;14326;15018;4.73;0.29;400.92;26.90;1390;42;5167.00;692
12937;23;622076543;12937;531;14329;15018;4.77;0.29;400.91;26.96;1392;42;5168.00;689
12941;23;622076559;12941;524;14333;15018;4.73;0.29;401.07;27.31;1392;43;5169.00;685
12945;23;622076590;12945;532;14338;15022;4.75;0.29;401.14;27.35;1393;43;5170.00;684
12945;23;622076607;12945;527;14339;15022;4.72;0.29;401.14;27.35;1394;43;5171.00;683
12948;23;622076622;12948;533;14342;15022;4.73;0.29;401.33;27.40;1394;43;5172.00;680
12948;23;622076639;12948;534;14343;15022;4.78;0.29;401.33;27.41;1395;43;5173.00;679
12949;23;622076655;12949;534;14346;15023;4.81;0.29;401.33;27.46;1397;43;5174.00;677
12953;23;622076671;12953;532;14346;15025;4.77;0.29;401.42;27.46;1393;44;5175.00;679
12955;23;622076692;12955;528;14349;15025;4.75;0.29;401.61;27.50;1394;44;5176.00;676
12956;23;622076708;12956;521;14352;15026;4.74;0.29;401.64;27.53;1396;44;5177.00;674
12956;23;622076723;12956;527;14353;15026;4.74;0.29;401.64;27.55;1397;44;5178.00;673
12960;23;622076739;12960;524;14355;15026;4.72;0.29;401.84;27.58;1395;44;5179.00;671
12960;23;622076754;12960;525;14357;15026;4.73;0.29;401.84;27.60;1397;44;5180.00;669
12965;23;622076770;12965;520;14358;15026;4.71;0.29;401.97;27.62;1393;44;5181.00;668
12969;23;622076788;12969;516;14361;15026;4.68;0.29;402.11;27.67;1392;44;5182.00;665
12973;23;622076805;12973;522;14363;15026;4.69;0.29;402.23;27.69;1390;44;5183.00;663
12977;23;622076821;12977;544;14427;15153;4.75;0.29;402.37;27.62;1450;44;5184.00;726
12981;23;622076848;12981;545;14429;15154;4.73;0.29;402.48;27.62;1448;44;5185.00;725
12984;23;622076865;12984;542;14434;15154;4.75;0.29;402.56;27.65;1450;44;5186.00;720
12987;23;622076880;12987;552;14438;15154;4.74;0.29;402.59;27.65;1451;44;5187.00;716
12987;23;622076896;12987;559;14442;15154;4.76;0.29;402.59;27.66;1455;44;5188.00;712
12992;23;622076912;12992;567;14447;15154;4.77;0.29;402.63;27.68;1455;44;5189.00;707
12994;23;622076930;12994;579;14452;15154;4.76;0.29;402.61;27.70;1458;44;5190.00;702
12996;23;622076946;12996;585;14457;15154;4.75;0.29;402.68;27.78;1461;44;5191.00;697
12999;23;622076967;12999;586;14461;15155;4.77;0.29;402.68;27.79;1462;44;5192.00;694
13000;23;622076983;13000;589;14463;15156;4.76;0.29;402.73;27.79;1463;44;5193.00;693
13003;23;622077001;13003;600;14464;15156;4.71;0.29;402.73;27.79;1461;44;5194.00;692
13004;23;622077017;13004;600;14467;15157;4.69;0.29;402.79;27.83;1463;44;5195.00;690
13007;23;622077033;13007;591;14469;15157;4.63;0.28;402.85;27.83;1462;44;5196.00;688
13010;23;622077055;13010;590;14470;15157;4.60;0.28;402.86;27.85;1460;44;5197.00;687
13013;23;622077072;13013;585;14473;15157;4.54;0.28;402.82;27.86;1460;44;5198.00;684
13015;23;622077089;13015;580;14474;15161;4.51;0.28;402.84;27.86;1459;44;5199.00;687
13017;23;622077108;13017;579;14477;15161;4.48;0.28;402.80;27.90;1460;44;5200.00;684
13018;23;622077127;13018;581;14478;15161;4.44;0.27;402.77;27.92;1460;44;5201.00;683
13019;23;622077142;13019;577;14479;15164;4.40;0.27;402.76;27.92;1460;44;5202.00;685
13025;23;622077157;13025;577;14481;15164;4.31;0.27;402.80;27.95;1456;44;5203.00;683
13027;23;622077173;13027;585;14481;15164;4.27;0.26;402.85;27.95;1454;44;5204.00;683
13033;23;622077188;13033;588;14486;15168;4.22;0.26;402.96;28.03;1453;45;5205.00;682
13035;23;622077209;13035;590;14489;15169;4.21;0.26;403.00;28.17;1454;45;5206.00;680
13038;23;622077229;13038;590;14491;15169;4.22;0.26;402.96;28.30;1453;45;5207.00;678
13041;23;622077244;13041;596;14494;15173;4.24;0.26;403.01;28.32;1453;45;5208.00;679
13046;23;622077260;13046;599;14495;15173;4.26;0.26;403.07;28.34;1449;45;5209.00;678
13050;23;622077275;13050;606;14496;15173;4.22;0.26;403.06;28.36;1446;45;5210.00;677
13052;23;622077291;13052;607;14496;15174;4.17;0.26;403.09;28.36;1444;45;5211.00;678
13054;23;622077306;13054;606;14498;15174;4.14;0.25;403.11;28.38;1444;45;5212.00;676
13059;23;622077321;13059;609;14501;15180;4.13;0.25;403.06;28.37;1442;45;5213.00;679
13062;23;622077340;13062;616;14501;15180;4.09;0.25;402.99;28.37;1439;45;5214.00;679
13064;23;622077365;13064;626;14501;15180;4.06;0.25;403.02;28.37;1437;45;5215.00;679
13065;23;622077389;13065;633;14503;15181;4.08;0.25;403.02;28.39;1438;45;5216.00;678
13067;23;622077413;13067;630;14503;15181;4.07;0.25;402.97;28.39;1436;45;5217.00;678
13070;23;622077436;13070;636;14504;15181;4.08;0.25;402.91;28.45;1434;45;5218.00;677
13072;23;622077456;13072;635;14504;15181;4.07;0.25;402.98;28.45;1432;45;5219.00;677
13074;23;622077474;13074;642;14520;15217;4.18;0.26;402.96;28.44;1446;45;5220.00;697
13074;23;622077494;13074;651;14522;15217;4.17;0.26;402.96;28.44;1448;45;5221.00;695
13079;23;622077511;13079;656;14525;15217;4.14;0.26;402.94;28.43;1446;45;5222.00;692
13080;23;622077528;13080;655;14525;15217;4.14;0.26;402.93;28.43;1445;45;5223.00;692
13084;23;622077545;13084;656;14529;15217;4.12;0.25;402.98;28.45;1445;45;5224.00;688
13085;23;622077561;13085;660;14529;15217;4.11;0.25;402.95;28.45;1444;45;5225.00;688
13088;23;622077578;13088;658;14532;15221;4.09;0.25;403.02;28.44;1444;45;5226.00;689
13092;23;622077594;13092;665;14532;15221;4.06;0.25;403.10;28.44;1440;45;5227.00;689
13094;23;622077610;13094;669;14535;15225;4.03;0.25;403.10;28.44;1441;45;5228.00;690
13095;23;622077626;13095;675;14535;15226;4.02;0.25;403.09;28.44;1440;45;5229.00;691
13097;23;622077648;13097;681;14535;15226;4.00;0.25;403.14;28.44;1438;45;5230.00;691
13099;23;622077663;13099;696;14535;15226;3.93;0.24;403.11;28.44;1436;45;5231.00;691
13101;23;622077679;13101;696;14546;15239;3.89;0.24;403.11;28.44;1445;45;5232.00;693
13101;23;622077695;13101;699;14546;15239;3.89;0.24;403.11;28.44;1445;45;5233.00;693
13103;23;622077711;13103;711;14546;15239;3.87;0.24;403.19;28.44;1443;45;5234.00;693
13107;23;622077726;13107;697;14547;15240;3.87;0.24;403.20;28.44;1440;45;5235.00;693
13107;23;622077742;13107;689;14548;15241;3.90;0.24;403.20;28.55;1441;45;5236.00;693
13107;23;622077757;13107;677;14548;15241;3.93;0.24;403.20;28.55;1441;45;5237.00;693
13107;23;622077773;13107;681;14549;15244;4.00;0.25;403.20;28.55;1442;45;5238.00;695
13110;23;622077795;13110;678;14549;15244;4.01;0.25;403.21;28.55;1439;45;5239.00;695
13113;23;622077812;13113;681;14549;15244;4.05;0.25;403.18;28.55;1436;45;5240.00;695
13116;23;622077829;13116;675;14549;15244;4.08;0.25;403.17;28.55;1433;45;5241.00;695
13117;23;622077852;13117;679;14553;15250;4.13;0.25;403.25;28.54;1436;45;5242.00;697
13118;23;622077868;13118;671;14553;15250;4.16;0.25;403.30;28.54;1435;45;5243.00;697
13118;23;622077883;13118;672;14553;15250;4.17;0.26;403.30;28.54;1435;45;5244.00;697
13118;23;622077906;13118;672;14553;15250;4.18;0.26;403.30;28.54;1435;45;5245.00;697
13119;23;622077921;13119;671;14554;15254;4.19;0.26;403.29;28.54;1435;45;5246.00;700
13120;23;622077936;13120;677;14554;15255;4.20;0.26;403.30;28.54;1434;45;5247.00;701
13123;23;622077951;13123;676;14554;15255;4.17;0.25;403.25;28.54;1431;45;5248.00;701
13124;23;622077972;13124;675;14555;15256;4.16;0.25;403.26;28.54;1431;45;5249.00;701
13126;23;622077989;13126;668;14555;15256;4.14;0.25;403.29;28.54;1429;45;5250.00;701
13130;23;622078004;13130;673;14555;15256;4.11;0.25;403.22;28.54;1425;45;5251.00;701
13131;23;622078023;13131;666;14555;15256;4.09;0.25;403.23;28.54;1424;45;5252.00;701
13131;23;622078038;13131;668;14555;15256;4.10;0.25;403.23;28.54;1424;45;5253.00;701
13132;23;622078052;13132;663;14555;15256;4.10;0.25;403.21;28.54;1423;45;5254.00;701
13133;23;622078066;13133;665;14555;15256;4.08;0.25;403.20;28.54;1422;45;5255.00;701
13135;23;622078081;13135;675;14590;15326;4.23;0.26;403.17;28.47;1455;45;5256.00;736
13136;23;622078100;13136;669;14594;15327;4.27;0.26;403.14;28.46;1458;45;5257.00;733
13138;23;622078116;13138;665;14596;15327;4.26;0.26;403.11;28.46;1458;45;5258.00;731
13139;23;622078131;13139;658;14598;15327;4.25;0.26;403.17;28.46;1459;45;5259.00;729
13140;23;622078145;13140;652;14598;15327;4.30;0.26;403.27;28.46;1458;45;5260.00;729
13142;23;622078160;13142;655;14600;15327;4.29;0.26;403.26;28.45;1458;45;5261.00;727
13146;23;622078174;13146;655;14600;15327;4.29;0.26;403.20;28.45;1454;45;5262.00;727
13149;23;622078188;13149;654;14602;15327;4.23;0.26;403.16;28.45;1453;45;5263.00;725
13155;23;622078203;13155;653;14602;15328;4.17;0.26;403.21;28.45;1447;45;5264.00;726
13160;23;622078219;13160;655;14604;15330;4.10;0.25;403.15;28.46;1444;45;5265.00;726
13165;23;622078234;13165;659;14606;15330;4.02;0.25;403.09;28.46;1441;45;5266.00;724
13168;23;622078250;13168;654;14607;15334;4.01;0.25;403.18;28.45;1439;45;5267.00;727
13171;23;622078265;13171;647;14609;15334;4.00;0.24;403.13;28.45;1438;45;5268.00;725
13175;23;622078282;13175;647;14609;15334;3.98;0.24;403.17;28.45;1434;45;5269.00;725
13176;23;622078314;13176;638;14609;15334;3.97;0.24;403.16;28.45;1433;45;5270.00;725
13181;23;622078331;13181;629;14611;15340;4.00;0.24;403.15;28.45;1430;45;5271.00;729
13184;23;622078348;13184;623;14612;15340;4.04;0.25;403.30;28.45;1428;45;5272.00;728
13187;23;622078367;13187;612;14613;15340;4.07;0.25;403.32;28.45;1426;45;5273.00;727
13191;23;622078383;13191;606;14615;15343;4.11;0.25;403.43;28.47;1424;45;5274.00;728
13193;23;622078399;13193;601;14615;15343;4.18;0.25;403.54;28.47;1422;45;5275.00;728
13194;23;622078415;13194;603;14615;15343;4.25;0.26;403.55;28.47;1421;45;5276.00;728
13196;23;622078429;13196;591;14615;15344;4.31;0.26;403.65;28.47;1419;45;5277.00;729
13200;23;622078445;13200;587;14616;15345;4.35;0.26;403.68;28.47;1416;45;5278.00;729
13202;23;622078461;13202;570;14616;15345;4.40;0.27;403.72;28.47;1414;45;5279.00;729
13204;23;622078479;13204;575;14631;15371;4.47;0.27;403.81;28.44;1427;45;5280.00;740
13209;23;622078496;13209;568;14632;15371;4.48;0.27;403.86;28.43;1423;45;5281.00;739
13211;23;622078511;13211;560;14634;15371;4.48;0.27;403.88;28.43;1423;45;5282.00;737
13214;23;622078527;13214;548;14636;15372;4.50;0.27;403.96;28.50;1422;45;5283.00;736
13218;23;622078543;13218;546;14636;15372;4.52;0.28;404.14;28.50;1418;45;5284.00;736
13221;23;622078560;13221;532;14637;15376;4.59;0.28;404.15;28.50;1416;45;5285.00;739
13226;23;622078575;13226;521;14637;15376;4.63;0.28;404.25;28.50;1411;45;5286.00;739
13230;23;622078591;13230;519;14640;15379;4.66;0.28;404.36;28.52;1410;45;5287.00;739
13233;23;622078608;13233;515;14640;15380;4.71;0.29;404.36;28.52;1407;45;5288.00;740
13237;23;622078623;13237;505;14640;15380;4.72;0.29;404.44;28.52;1403;45;5289.00;740
13240;23;622078640;13240;506;14640;15380;4.75;0.29;404.45;28.52;1400;45;5290.00;740
13244;23;622078657;13244;504;14640;15380;4.77;0.29;404.49;28.52;1396;45;5291.00;740
13250;23;622078673;13250;489;14646;15392;4.78;0.29;404.56;28.54;1396;45;5292.00;746
13253;23;622078690;13253;479;14647;15392;4.82;0.30;404.56;28.54;1394;45;5293.00;745
13257;23;622078707;13257;473;14647;15392;4.82;0.30;404.54;28.54;1390;45;5294.00;745
13260;23;622078723;13260;468;14647;15392;4.85;0.30;404.51;28.54;1387;45;5295.00;745
13265;23;622078740;13265;476;14649;15392;4.83;0.30;404.57;28.54;1384;45;5296.00;743
13273;23;622078756;13273;478;14649;15392;4.87;0.30;404.66;28.54;1376;45;5297.00;743
13275;23;622078773;13275;479;14649;15393;4.91;0.30;404.68;28.54;1374;45;5298.00;744
13278;23;622078790;13278;476;14652;15393;4.86;0.30;404.77;28.54;1374;45;5299.00;741
13282;23;622078808;13282;474;14658;15399;4.83;0.30;404.76;28.59;1376;45;5300.00;741
13289;23;622078828;13289;469;14660;15400;4.79;0.29;404.83;28.68;1371;45;5301.00;740
13293;23;622078847;13293;476;14661;15400;4.78;0.29;404.83;28.68;1368;45;5302.00;739
13299;23;622078862;13299;470;14664;15400;4.75;0.29;404.96;28.68;1365;45;5303.00;736
13301;23;622078879;13301;483;14667;15404;4.75;0.29;404.99;28.71;1366;45;5304.00;737
13306;23;622078895;13306;484;14669;15404;4.70;0.29;405.10;28.74;1363;45;5305.00;735
13309;23;622078911;13309;484;14673;15404;4.68;0.28;405.21;28.76;1364;45;5306.00;731
13312;23;622078926;13312;485;14675;15405;4.68;0.28;405.21;28.79;1363;45;5307.00;730
13316;23;622078942;13316;473;14681;15409;4.65;0.28;405.21;28.80;1365;45;5308.00;728
13319;23;622078958;13319;484;14682;15409;4.63;0.28;405.24;28.81;1363;45;5309.00;727
13322;23;622078976;13322;480;14684;15415;4.62;0.28;405.33;28.83;1362;45;5310.00;731
13325;23;622078997;13325;486;14687;15415;4.60;0.28;405.35;28.86;1362;45;5311.00;728
13328;23;622079013;13328;480;14692;15415;4.53;0.28;405.39;28.96;1364;45;5312.00;723
13331;23;622079028;13331;478;14693;15415;4.51;0.27;405.37;28.98;1362;45;5313.00;722
13332;23;622079044;13332;475;14697;15419;4.49;0.27;405.38;29.00;1365;45;5314.00;722
13337;23;622079060;13337;473;14699;15419;4.47;0.27;405.47;29.03;1362;45;5315.00;720
13340;23;622079075;13340;480;14700;15419;4.47;0.27;405.52;29.03;1360;45;5316.00;719
13343;23;622079090;13343;473;14702;15419;4.46;0.27;405.53;29.07;1359;45;5317.00;717
13344;23;622079106;13344;470;14704;15420;4.47;0.27;405.54;29.10;1360;45;5318.00;716
13345;23;622079121;13345;457;14707;15421;4.48;0.27;405.59;29.12;1362;45;5319.00;714
13349;23;622079137;13349;464;14708;15421;4.48;0.27;405.67;29.14;1359;45;5320.00;713
13355;23;622079153;13355;472;14713;15422;4.51;0.28;405.80;29.14;1358;45;5321.00;709
13357;23;622079169;13357;472;14714;15422;4.53;0.28;405.86;29.16;1357;45;5322.00;708
13359;23;622079184;13359;470;14715;15422;4.54;0.28;405.98;29.16;1356;45;5323.00;707
13364;23;622079200;13364;469;14717;15422;4.58;0.28;406.07;29.21;1353;45;5324.00;705
13366;23;622079216;13366;484;14720;15422;4.55;0.28;406.11;29.23;1354;45;5325.00;702
13367;23;622079232;13367;475;14720;15422;4.55;0.28;406.16;29.23;1353;45;5326.00;702
13371;23;622079247;13371;474;14722;15422;4.51;0.27;406.17;29.27;1351;45;5327.00;700
13373;23;622079263;13373;501;14784;15549;4.65;0.29;406.28;29.15;1411;45;5328.00;765
13377;23;622079292;13377;481;14788;15550;4.68;0.29;406.36;29.21;1411;45;5329.00;762
13381;23;622079315;13381;481;14793;15550;4.72;0.29;406.39;29.25;1412;45;5330.00;757
13385;23;622079332;13385;481;14797;15550;4.82;0.30;406.51;29.24;1412;45;5331.00;753
13388;23;622079359;13388;478;14799;15550;4.82;0.30;406.51;29.26;1411;45;5332.00;751
13390;23;622079384;13390;477;14802;15550;4.85;0.30;406.66;29.28;1412;45;5333.00;748
13391;23;622079409;13391;481;14805;15550;4.92;0.30;406.67;29.30;1414;45;5334.00;745
13396;23;622079433;13396;490;14807;15550;4.94;0.30;406.74;29.30;1411;45;5335.00;743
13396;23;622079454;13396;494;14812;15551;4.94;0.30;406.74;29.31;1416;45;5336.00;739
13398;23;622079473;13398;494;14814;15552;4.93;0.30;406.74;29.31;1416;45;5337.00;738
13400;23;622079492;13400;504;14817;15552;4.91;0.30;406.83;29.35;1417;45;5338.00;735
13401;23;622079510;13401;506;14818;15553;4.87;0.30;406.94;29.35;1417;45;5339.00;735
13403;23;622079531;13403;502;14820;15553;4.86;0.30;407.01;29.35;1417;45;5340.00;733
13404;23;622079549;13404;513;14822;15553;4.88;0.30;407.04;29.37;1418;45;5341.00;731
13407;23;622079567;13407;519;14825;15553;4.86;0.30;407.13;29.39;1418;45;5342.00;728
13408;23;622079586;13408;525;14829;15557;4.82;0.29;407.17;29.40;1421;45;5343.00;728
13411;23;622079611;13411;531;14832;15557;4.75;0.29;407.21;29.42;1421;45;5344.00;725
13413;23;622079629;13413;531;14835;15557;4.72;0.29;407.37;29.44;1422;45;5345.00;722
13416;23;622079648;13416;532;14836;15560;4.68;0.29;407.43;29.44;1420;45;5346.00;724
13418;23;622079665;13418;544;14838;15560;4.69;0.29;407.50;29.46;1420;45;5347.00;722
13420;23;622079683;13420;540;14840;15560;4.64;0.28;407.53;29.50;1420;45;5348.00;720
13421;23;622079700;13421;544;14843;15564;4.57;0.28;407.59;29.49;1422;45;5349.00;721
13422;23;622079718;13422;550;14846;15565;4.58;0.28;407.64;29.53;1424;45;5350.00;719
13425;23;622079735;13425;545;14847;15565;4.56;0.28;407.62;29.55;1422;45;5351.00;718
13426;23;622079752;13426;551;14851;15569;4.56;0.28;407.60;29.58;1425;45;5352.00;718
13430;23;622079776;13430;565;14852;15569;4.50;0.27;407.61;29.60;1422;45;5353.00;717
13430;23;622079793;13430;570;14855;15569;4.51;0.28;407.61;29.64;1425;45;5354.00;714
13432;23;622079810;13432;576;14857;15571;4.49;0.27;407.73;29.66;1425;45;5355.00;714
13435;23;622079827;13435;585;14858;15571;4.42;0.27;407.74;29.72;1423;45;5356.00;713
13438;23;622079845;13438;588;14865;15577;4.42;0.27;407.88;29.77;1427;45;5357.00;712
13438;23;622079862;13438;592;14866;15577;4.43;0.27;407.88;29.79;1428;45;5358.00;711
13440;23;622079879;13440;592;14866;15577;4.40;0.27;407.89;29.79;1426;45;5359.00;711
13442;23;622079895;13442;590;14866;15578;4.38;0.27;407.86;29.79;1424;45;5360.00;712
13445;23;622079912;13445;582;14868;15578;4.43;0.27;407.88;29.83;1423;45;5361.00;710
13447;23;622079928;13447;581;14869;15578;4.43;0.27;407.92;29.85;1422;45;5362.00;709
13449;23;622079945;13449;584;14870;15578;4.42;0.27;407.90;29.87;1421;45;5363.00;708
13451;23;622079961;13451;576;14879;15590;4.48;0.27;407.91;29.88;1428;45;5364.00;711
13453;23;622079980;13453;581;14880;15590;4.46;0.27;407.90;29.89;1427;45;5365.00;710
13456;23;622079996;13456;585;14881;15590;4.50;0.28;407.87;29.89;1425;45;5366.00;709
13462;23;622080021;13462;580;14883;15590;4.51;0.28;407.95;29.93;1421;45;5367.00;707
13468;23;622080046;13468;581;14883;15590;4.54;0.28;407.99;29.93;1415;45;5368.00;707
13470;23;622080064;13470;576;14883;15590;4.60;0.28;407.94;29.93;1413;45;5369.00;707
13474;23;622080082;13474;570;14887;15594;4.61;0.28;407.96;29.94;1413;45;5370.00;707
13479;23;622080099;13479;570;14887;15594;4.59;0.28;408.13;29.94;1408;45;5371.00;707
13483;23;622080116;13483;569;14891;15598;4.59;0.28;408.10;29.96;1408;45;5372.00;707
13487;23;622080134;13487;560;14894;15599;4.62;0.28;408.06;30.07;1407;45;5373.00;705
13489;23;622080152;13489;568;14894;15599;4.60;0.28;408.04;30.07;1405;45;5374.00;705
13495;23;622080169;13495;569;14896;15599;4.54;0.28;408.02;30.31;1401;45;5375.00;703
13497;23;622080194;13497;563;14908;15612;4.54;0.28;408.01;30.33;1411;45;5376.00;704
13500;23;622080213;13500;559;14908;15612;4.57;0.28;408.09;30.33;1408;45;5377.00;704
13502;23;622080237;13502;555;14910;15612;4.54;0.28;408.06;30.38;1408;45;5378.00;702
13505;23;622080254;13505;566;14911;15613;4.52;0.28;408.01;30.37;1406;45;5379.00;702
13509;23;622080271;13509;557;14912;15614;4.52;0.28;408.03;30.39;1403;45;5380.00;702
13512;23;622080289;13512;556;14912;15614;4.52;0.28;408.06;30.39;1400;45;5381.00;702
13515;23;622080312;13515;561;14915;15617;4.50;0.28;408.01;30.43;1400;45;5382.00;702
13517;23;622080329;13517;568;14916;15617;4.52;0.28;407.95;30.45;1399;45;5383.00;701
13519;23;622080348;13519;574;14916;15617;4.49;0.27;407.94;30.45;1397;45;5384.00;701
13521;23;622080364;13521;583;14916;15617;4.48;0.27;407.94;30.45;1395;45;5385.00;701
13522;23;622080381;13522;574;14921;15623;4.51;0.28;407.92;30.46;1399;45;5386.00;702
13522;23;622080398;13522;572;14921;15623;4.55;0.28;407.92;30.46;1399;45;5387.00;702
13525;23;622080414;13525;563;14922;15623;4.52;0.28;407.96;30.48;1397;45;5388.00;701
13527;23;622080429;13527;559;14924;15623;4.53;0.28;407.95;30.51;1397;45;5389.00;699
13529;23;622080445;13529;562;14928;15627;4.58;0.28;408.04;30.53;1399;45;5390.00;699
13531;23;622080462;13531;561;14928;15628;4.58;0.28;407.99;30.53;1397;45;5391.00;700
13533;23;622080479;13533;566;14929;15628;4.57;0.28;407.97;30.54;1396;45;5392.00;699
13534;23;622080495;13534;570;14930;15629;4.57;0.28;408.06;30.54;1396;45;5393.00;699
13534;23;622080517;13534;580;14931;15629;4.54;0.28;408.06;30.56;1397;45;5394.00;698
13537;23;622080533;13537;578;14931;15629;4.50;0.28;408.06;30.56;1394;45;5395.00;698
13538;23;622080551;13538;575;14932;15629;4.52;0.28;408.08;30.58;1394;45;5396.00;697
13539;23;622080568;13539;581;14932;15629;4.49;0.28;408.09;30.58;1393;45;5397.00;697
13541;23;622080589;13541;582;14933;15629;4.46;0.27;408.07;30.60;1392;45;5398.00;696
13542;23;622080612;13542;597;14934;15629;4.47;0.27;408.07;30.72;1392;45;5399.00;695
