step_arrived;step_collisions;step_duration;step_ended;step_halting;step_inserted;step_loaded;step_meanSpeed;step_meanSpeedRelative;step_meanTravelTime;step_meanWaitingTime;step_running;step_teleports;step_time;step_waiting
0;0;621919839;0;1;87;245;16.24;1.14;-1.00;0.00;87;0;0.00;158
0;0;621919867;0;1;101;245;15.35;1.06;-1.00;0.14;101;0;1.00;144
0;0;621919868;0;0;120;245;14.59;0.99;-1.00;0.43;120;0;2.00;125
0;0;621919869;0;3;136;245;13.56;0.91;-1.00;0.74;136;0;3.00;109
0;0;621919871;0;1;148;245;12.68;0.85;-1.00;1.00;148;0;4.00;97
0;0;621919873;0;5;161;245;11.56;0.77;-1.00;1.32;161;0;5.00;84
0;0;621919876;0;7;171;245;10.94;0.72;-1.00;1.60;171;0;6.00;74
0;0;621919878;0;11;182;245;10.18;0.67;-1.00;1.92;182;0;7.00;63
0;0;621919880;0;20;189;246;9.72;0.64;-1.00;2.15;189;0;8.00;57
0;0;621919882;0;20;193;247;9.32;0.61;-1.00;2.29;193;0;9.00;54
0;0;621919886;0;25;201;247;8.84;0.58;-1.00;2.60;201;0;10.00;46
1;0;621919888;1;28;206;248;8.44;0.56;11.00;2.75;205;0;11.00;42
2;0;621919891;2;32;209;248;8.24;0.54;11.50;2.89;207;0;12.00;39
2;0;621919894;2;34;214;248;8.05;0.53;11.50;3.12;212;0;13.00;34
3;0;621919896;3;40;216;248;7.99;0.52;12.33;3.22;213;0;14.00;32
3;0;621919898;3;45;221;252;7.89;0.51;12.33;3.36;218;0;15.00;31
3;0;621919901;3;48;223;252;7.89;0.51;12.33;3.48;220;0;16.00;29
3;0;621919904;3;47;226;252;7.94;0.51;12.33;3.62;223;0;17.00;26
4;0;621919907;4;53;230;255;7.92;0.51;13.75;3.81;226;0;18.00;25
4;0;621919910;4;59;232;255;7.98;0.51;13.75;3.87;228;0;19.00;23
4;0;621919913;4;64;235;255;8.01;0.51;13.75;4.07;231;0;20.00;20
5;0;621919916;5;72;242;259;8.06;0.51;15.20;4.23;237;0;21.00;17
5;0;621919919;5;76;244;260;8.08;0.51;15.20;4.29;239;0;22.00;16
5;0;621919922;5;81;245;260;8.02;0.51;15.20;4.37;240;0;23.00;15
6;0;621919926;6;85;249;264;8.01;0.51;16.67;4.39;243;0;24.00;15
6;0;621919929;6;84;253;264;7.97;0.50;16.67;4.57;247;0;25.00;11
6;0;621919932;6;86;253;264;8.09;0.51;16.67;4.57;247;0;26.00;11
6;0;621919936;6;89;253;265;8.25;0.52;16.67;4.57;247;0;27.00;12
6;0;621919939;6;90;254;265;8.32;0.52;16.67;4.66;248;0;28.00;11
6;0;621919942;6;91;259;271;8.39;0.52;16.67;4.59;253;0;29.00;12
7;0;621919948;7;93;259;271;8.45;0.53;18.57;4.59;252;0;30.00;12
8;0;621919952;8;95;261;272;8.41;0.52;19.75;4.68;253;0;31.00;11
8;0;621919956;8;97;262;272;8.44;0.52;19.75;4.71;254;0;32.00;10
8;0;621919960;8;102;263;272;8.47;0.53;19.75;4.82;255;0;33.00;9
10;0;621919963;10;104;263;272;8.44;0.52;22.10;4.82;253;0;34.00;9
11;0;621919966;11;105;264;272;8.42;0.52;23.27;4.83;253;0;35.00;8
11;0;621919970;11;106;275;284;8.58;0.53;23.27;4.77;264;0;36.00;9
12;0;621919974;12;109;276;284;8.43;0.52;24.17;4.75;264;0;37.00;8
13;0;621919978;13;113;277;284;8.35;0.52;24.92;4.87;264;0;38.00;7
13;0;621919981;13;115;277;284;8.28;0.51;24.92;4.87;264;0;39.00;7
14;0;621919984;14;117;278;284;8.18;0.51;25.64;4.97;264;0;40.00;6
14;0;621919988;14;119;281;284;8.10;0.50;25.64;5.06;267;0;41.00;3
15;0;621919991;15;123;285;288;8.03;0.50;26.27;5.01;270;0;42.00;3
16;0;621919995;16;126;285;288;7.88;0.49;27.19;5.01;269;0;43.00;3
18;0;621919998;18;129;289;292;7.79;0.48;27.56;4.95;271;0;44.00;3
18;0;621920002;18;134;291;294;7.66;0.48;27.56;4.92;273;0;45.00;3
18;0;621920005;18;137;291;294;7.54;0.47;27.56;4.92;273;0;46.00;3
18;0;621920008;18;137;291;294;7.46;0.46;27.56;4.92;273;0;47.00;3
19;0;621920011;19;141;301;307;7.71;0.48;28.63;4.75;282;0;48.00;6
19;0;621920015;19;143;302;307;7.63;0.47;28.63;4.74;283;0;49.00;5
19;0;621920018;19;145;302;307;7.59;0.47;28.63;4.74;283;0;50.00;5
19;0;621920022;19;145;303;308;7.59;0.47;28.63;4.73;284;0;51.00;5
19;0;621920025;19;147;304;309;7.50;0.47;28.63;4.72;285;0;52.00;5
20;0;621920028;20;149;304;309;7.48;0.46;29.80;4.72;284;0;53.00;5
21;0;621920031;21;147;306;312;7.51;0.47;29.95;4.69;285;0;54.00;6
22;0;621920036;22;149;306;312;7.45;0.46;31.09;4.69;284;0;55.00;6
24;0;621920039;24;139;307;312;7.32;0.45;31.67;4.68;283;0;56.00;5
25;0;621920045;25;138;307;312;7.26;0.45;32.68;4.68;282;0;57.00;5
26;0;621920049;26;137;311;318;7.33;0.45;33.58;4.63;285;0;58.00;7
28;0;621920052;28;140;312;318;7.22;0.44;35.39;4.62;284;0;59.00;6
29;0;621920057;29;143;312;318;7.14;0.44;36.14;4.62;283;0;60.00;6
30;0;621920061;30;145;312;318;7.10;0.44;36.17;4.62;282;0;61.00;6
30;0;621920064;30;148;316;322;7.12;0.44;36.17;4.58;286;0;62.00;6
30;0;621920067;30;151;317;323;7.29;0.45;36.17;4.56;287;0;63.00;6
31;0;621920070;31;151;317;323;7.34;0.45;35.71;4.56;286;0;64.00;6
32;0;621920073;32;152;318;324;7.47;0.46;36.47;4.55;286;0;65.00;6
34;0;621920076;34;155;318;324;7.47;0.46;37.85;4.55;284;0;66.00;6
34;0;621920080;34;144;318;324;7.53;0.46;37.85;4.55;284;0;67.00;6
35;0;621920083;35;138;318;324;7.63;0.46;38.71;4.55;283;0;68.00;6
35;0;621920093;35;136;318;324;7.68;0.47;38.71;4.55;283;0;69.00;6
35;0;621920095;35;132;318;324;7.86;0.48;38.71;4.55;283;0;70.00;6
35;0;621920098;35;131;318;324;8.07;0.49;38.71;4.55;283;0;71.00;6
35;0;621920102;35;134;352;394;8.31;0.51;38.71;4.11;317;0;72.00;42
35;0;621920111;35;126;353;395;8.51;0.52;38.71;4.10;318;0;73.00;42
36;0;621920115;36;119;360;395;8.88;0.54;39.11;4.06;324;0;74.00;35
36;0;621920119;36;119;362;395;9.11;0.56;39.11;4.06;326;0;75.00;33
37;0;621920122;37;115;364;395;9.28;0.57;40.11;4.05;327;0;76.00;31
38;0;621920126;38;113;366;395;9.36;0.57;41.08;4.06;328;0;77.00;29
38;0;621920130;38;114;368;395;9.46;0.57;41.08;4.07;330;0;78.00;27
40;0;621920140;40;117;370;395;9.49;0.58;42.58;4.09;330;0;79.00;25
40;0;621920145;40;119;372;396;9.44;0.57;42.58;4.11;332;0;80.00;24
40;0;621920149;40;123;374;397;9.40;0.57;42.58;4.13;334;0;81.00;23
40;0;621920153;40;128;376;397;9.34;0.57;42.58;4.16;336;0;82.00;21
40;0;621920157;40;128;381;401;9.21;0.56;42.58;4.15;341;0;83.00;20
40;0;621920161;40;126;383;401;9.21;0.56;42.58;4.17;343;0;84.00;18
40;0;621920165;40;128;384;401;9.14;0.56;42.58;4.19;344;0;85.00;17
40;0;621920168;40;128;385;401;9.06;0.55;42.58;4.20;345;0;86.00;16
42;0;621920173;42;128;390;407;9.00;0.55;44.67;4.16;348;0;87.00;17
42;0;621920177;42;132;390;407;8.94;0.55;44.67;4.16;348;0;88.00;17
45;0;621920181;45;132;390;407;8.76;0.53;47.40;4.16;345;0;89.00;17
47;0;621920187;47;132;394;413;8.76;0.53;49.21;4.11;347;0;90.00;19
49;0;621920192;49;130;394;413;8.73;0.53;50.92;4.11;345;0;91.00;19
49;0;621920196;49;130;396;413;8.82;0.54;50.92;4.10;347;0;92.00;17
50;0;621920200;50;131;397;414;8.69;0.53;51.66;4.10;347;0;93.00;17
50;0;621920205;50;131;398;415;8.62;0.52;51.66;4.09;348;0;94.00;17
52;0;621920209;52;131;398;415;8.44;0.51;53.33;4.09;346;0;95.00;17
55;0;621920214;55;137;409;428;8.31;0.50;54.22;3.98;354;0;96.00;19
57;0;621920219;57;135;409;428;8.19;0.50;55.67;3.98;352;0;97.00;19
58;0;621920223;58;136;409;428;8.15;0.49;56.40;3.98;351;0;98.00;19
59;0;621920227;59;134;410;429;8.20;0.50;57.12;3.97;351;0;99.00;19
60;0;621920232;60;133;410;429;8.29;0.50;57.83;3.97;350;0;100.00;19
62;0;621920240;62;127;413;433;8.39;0.51;59.19;3.95;351;0;101.00;20
62;0;621920245;62;121;413;433;8.53;0.52;59.19;3.95;351;0;102.00;20
63;0;621920249;63;115;420;437;8.52;0.52;59.89;4.32;357;0;103.00;17
63;0;621920255;63;108;420;437;8.71;0.53;59.89;4.32;357;0;104.00;17
65;0;621920259;65;104;420;437;8.92;0.54;61.25;4.32;355;0;105.00;17
65;0;621920265;65;98;420;437;9.18;0.56;61.25;4.32;355;0;106.00;17
66;0;621920269;66;92;420;437;9.41;0.57;61.79;4.32;354;0;107.00;17
66;0;621920273;66;87;430;449;9.68;0.59;61.79;4.22;364;0;108.00;19
67;0;621920279;67;82;431;449;9.84;0.60;62.46;4.21;364;0;109.00;18
67;0;621920284;67;76;432;449;10.10;0.61;62.46;4.21;365;0;110.00;17
69;0;621920289;69;74;432;449;10.30;0.63;63.83;4.21;363;0;111.00;17
69;0;621920294;69;70;432;449;10.52;0.64;63.83;4.21;363;0;112.00;17
69;0;621920299;69;68;432;449;10.58;0.64;63.83;4.21;363;0;113.00;17
70;0;621920303;70;67;433;450;10.62;0.65;64.54;4.20;363;0;114.00;17
70;0;621920309;70;67;433;450;10.62;0.65;64.54;4.20;363;0;115.00;17
70;0;621920314;70;65;438;456;10.77;0.66;64.54;4.16;368;0;116.00;18
70;0;621920320;70;66;439;457;10.80;0.66;64.54;4.42;369;0;117.00;18
71;0;621920326;71;67;440;457;10.80;0.66;65.24;4.41;369;0;118.00;17
74;0;621920331;74;69;441;457;10.86;0.66;66.91;4.67;367;0;119.00;16
74;0;621920338;74;69;447;462;10.88;0.66;66.91;4.82;373;0;120.00;15
74;0;621920345;74;70;447;462;10.93;0.67;66.91;4.82;373;0;121.00;15
74;0;621920350;74;74;448;462;10.94;0.67;66.91;4.98;374;0;122.00;14
75;0;621920356;75;74;451;463;10.92;0.67;67.51;5.17;376;0;123.00;12
75;0;621920361;75;75;456;467;10.83;0.66;67.51;5.29;381;0;124.00;11
76;0;621920368;76;76;456;467;10.90;0.67;67.95;5.29;380;0;125.00;11
77;0;621920374;77;78;460;470;11.01;0.68;68.65;5.48;383;0;126.00;10
80;0;621920381;80;79;462;470;11.18;0.68;70.64;5.58;382;0;127.00;8
81;0;621920387;81;81;465;470;11.23;0.69;71.27;5.85;384;0;128.00;5
83;0;621920394;83;81;465;470;11.37;0.70;72.65;5.85;382;0;129.00;5
83;0;621920400;83;83;471;474;11.48;0.70;72.65;6.01;388;0;130.00;3
83;0;621920406;83;86;471;474;11.45;0.70;72.65;6.01;388;0;131.00;3
84;0;621920413;84;88;474;474;11.44;0.70;73.32;6.04;390;0;132.00;0
84;0;621920420;84;88;474;474;11.55;0.71;73.32;6.04;390;0;133.00;0
84;0;621920426;84;89;475;475;11.55;0.71;73.32;6.03;391;0;134.00;0
85;0;621920433;85;88;477;477;11.64;0.71;74.02;6.01;392;0;135.00;0
87;0;621920441;87;90;477;477;11.70;0.72;74.99;6.01;390;0;136.00;0
89;0;621920447;89;92;478;478;11.71;0.72;76.36;6.00;389;0;137.00;0
91;0;621920454;91;93;478;478;11.69;0.72;76.92;6.00;387;0;138.00;0
93;0;621920461;93;98;478;478;11.75;0.72;76.71;6.00;385;0;139.00;0
96;0;621920469;96;99;478;478;11.76;0.72;77.29;6.00;382;0;140.00;0
98;0;621920476;98;100;478;478;11.63;0.72;78.55;6.00;380;0;141.00;0
101;0;621920482;101;98;478;478;11.61;0.71;79.93;6.00;377;0;142.00;0
102;0;621920489;102;99;478;478;11.50;0.71;80.50;6.00;376;0;143.00;0
102;0;621920495;102;120;548;605;11.26;0.71;80.50;5.24;446;0;144.00;57
104;0;621920514;104;112;554;606;11.25;0.71;81.64;5.19;450;0;145.00;52
106;0;621920523;106;116;564;606;11.33;0.71;82.84;5.13;458;0;146.00;42
108;0;621920530;108;114;569;606;11.23;0.70;83.95;5.11;461;0;147.00;37
109;0;621920536;109;114;574;606;11.15;0.70;84.51;5.10;465;0;148.00;32
112;0;621920545;112;114;577;606;10.98;0.69;85.17;5.10;465;0;149.00;29
116;0;621920555;116;114;582;611;10.75;0.67;87.01;5.09;466;0;150.00;29
117;0;621920566;117;111;584;611;10.72;0.67;87.41;5.10;467;0;151.00;27
120;0;621920577;120;117;586;612;10.74;0.67;88.29;5.11;466;0;152.00;26
120;0;621920589;120;119;589;613;10.77;0.67;88.29;5.13;469;0;153.00;24
122;0;621920599;122;117;591;613;10.77;0.67;89.20;5.14;469;0;154.00;22
123;0;621920606;123;122;594;614;10.77;0.67;89.67;5.16;471;0;155.00;20
125;0;621920613;125;126;601;614;10.57;0.66;89.12;5.22;476;0;156.00;13
127;0;621920619;127;126;603;614;10.46;0.65;89.52;5.24;476;0;157.00;11
127;0;621920625;127;133;605;614;10.38;0.64;89.52;5.26;478;0;158.00;9
131;0;621920632;131;136;610;618;10.24;0.64;91.60;5.25;479;0;159.00;8
133;0;621920639;133;141;610;618;10.11;0.63;92.05;5.25;477;0;160.00;8
136;0;621920644;136;147;611;618;9.94;0.62;92.33;5.27;475;0;161.00;7
136;0;621920651;136;148;613;621;9.80;0.61;92.33;5.28;477;0;162.00;8
137;0;621920657;137;150;614;621;9.62;0.59;92.85;5.30;477;0;163.00;7
139;0;621920663;139;150;615;621;9.59;0.59;93.79;5.33;476;0;164.00;6
140;0;621920669;140;152;620;625;9.54;0.59;94.12;5.34;480;0;165.00;5
141;0;621920675;141;153;624;626;9.50;0.59;94.56;5.36;483;0;166.00;2
146;0;621920681;146;149;624;626;9.42;0.58;96.31;5.36;478;0;167.00;2
147;0;621920687;147;148;629;630;9.37;0.58;96.78;5.32;482;0;168.00;1
149;0;621920693;149;148;629;630;9.31;0.58;97.13;5.32;480;0;169.00;1
149;0;621920698;149;143;629;630;9.34;0.58;97.13;5.32;480;0;170.00;1
150;0;621920704;150;137;630;631;9.32;0.58;97.62;5.31;480;0;171.00;1
151;0;621920710;151;131;630;631;9.37;0.58;98.11;5.31;479;0;172.00;1
153;0;621920715;153;128;636;637;9.48;0.59;98.02;5.27;483;0;173.00;1
153;0;621920722;153;132;636;637;9.47;0.59;98.02;5.27;483;0;174.00;1
155;0;621920727;155;126;637;638;9.41;0.58;98.39;5.26;482;0;175.00;1
156;0;621920734;156;124;637;638;9.38;0.58;98.81;5.26;481;0;176.00;1
157;0;621920739;157;121;637;638;9.36;0.58;98.55;5.26;480;0;177.00;1
159;0;621920745;159;119;637;638;9.38;0.58;99.04;5.26;478;0;178.00;1
159;0;621920751;159;120;638;638;9.44;0.58;99.04;5.30;479;0;179.00;0
160;0;621920759;160;118;669;672;9.69;0.60;99.46;5.06;509;0;180.00;3
162;0;621920768;162;115;669;672;9.77;0.60;98.92;5.06;507;0;181.00;3
165;0;621920776;165;111;671;672;9.86;0.61;98.80;5.05;506;0;182.00;1
168;0;621920783;168;117;671;672;9.88;0.61;99.52;5.05;503;0;183.00;1
168;0;621920791;168;126;672;672;10.02;0.62;99.52;5.04;504;0;184.00;0
170;0;621920799;170;129;672;672;10.04;0.62;100.24;5.04;502;0;185.00;0
170;0;621920807;170;134;676;676;10.16;0.63;100.24;5.02;506;0;186.00;0
173;0;621920815;173;138;676;676;10.11;0.62;100.60;5.02;503;0;187.00;0
174;0;621920822;174;143;680;680;10.03;0.62;100.58;5.00;506;0;188.00;0
178;0;621920831;178;150;681;681;9.80;0.60;100.52;4.99;503;0;189.00;0
181;0;621920840;181;152;681;681;9.60;0.59;102.01;4.99;500;0;190.00;0
184;0;621920849;184;156;681;681;9.39;0.58;102.24;4.99;497;0;191.00;0
188;0;621920857;188;163;694;694;9.25;0.57;101.72;4.90;506;0;192.00;0
189;0;621920865;189;169;694;694;9.15;0.56;101.63;4.90;505;0;193.00;0
191;0;621920871;191;171;694;694;9.02;0.56;101.48;4.90;503;0;194.00;0
192;0;621920878;192;172;695;695;8.93;0.55;101.80;4.89;503;0;195.00;0
193;0;621920889;193;179;696;696;8.84;0.54;101.54;4.89;503;0;196.00;0
194;0;621920895;194;183;696;696;8.76;0.54;102.02;4.89;502;0;197.00;0
199;0;621920902;199;189;698;699;8.71;0.53;101.70;4.87;499;0;198.00;1
200;0;621920908;200;197;698;699;8.59;0.53;101.47;4.87;498;0;199.00;1
202;0;621920916;202;205;699;699;8.46;0.52;101.22;4.87;497;0;200.00;0
202;0;621920928;202;207;699;699;8.32;0.51;101.22;4.87;497;0;201.00;0
204;0;621920935;204;213;704;705;8.23;0.50;101.82;4.84;500;0;202.00;1
206;0;621920942;206;216;705;705;8.08;0.49;101.64;4.84;499;0;203.00;0
206;0;621920948;206;219;705;705;8.00;0.49;101.64;4.84;499;0;204.00;0
207;0;621920954;207;228;705;705;7.87;0.48;101.44;4.84;498;0;205.00;0
208;0;621920960;208;235;709;709;7.81;0.48;101.25;4.81;501;0;206.00;0
210;0;621920967;210;238;710;710;7.77;0.48;101.19;4.81;500;0;207.00;0
211;0;621920973;211;242;710;710;7.70;0.47;100.81;4.81;499;0;208.00;0
212;0;621920979;212;245;711;711;7.60;0.47;100.64;4.80;499;0;209.00;0
214;0;621920987;214;251;711;711;7.36;0.45;99.93;4.80;497;0;210.00;0
215;0;621920993;215;255;711;711;7.15;0.44;100.09;4.80;496;0;211.00;0
216;0;621920998;216;259;711;711;6.94;0.43;100.25;4.80;495;0;212.00;0
218;0;621921004;218;262;711;711;6.74;0.41;100.48;4.80;493;0;213.00;0
219;0;621921009;219;267;711;711;6.59;0.40;100.58;4.80;492;0;214.00;0
219;0;621921015;219;274;711;711;6.48;0.40;100.58;4.80;492;0;215.00;0
220;0;621921020;220;290;753;781;6.63;0.41;100.67;4.53;533;0;216.00;28
221;0;621921031;221;275;755;782;6.57;0.41;101.16;4.52;534;0;217.00;27
222;0;621921038;222;265;762;782;6.70;0.41;101.50;4.50;540;0;218.00;20
224;0;621921044;224;248;763;782;6.82;0.42;102.54;4.50;539;0;219.00;19
224;0;621921050;224;236;767;782;7.07;0.44;102.54;4.50;543;0;220.00;15
226;0;621921057;226;228;768;782;7.25;0.45;102.97;4.50;542;0;221.00;14
229;0;621921064;229;225;770;782;7.45;0.46;103.91;4.50;541;0;222.00;12
231;0;621921070;231;221;772;782;7.65;0.47;104.30;4.51;541;0;223.00;10
231;0;621921077;231;219;774;783;7.83;0.48;104.30;4.52;543;0;224.00;9
233;0;621921084;233;218;776;785;7.91;0.48;105.31;4.52;543;0;225.00;9
233;0;621921091;233;211;778;785;8.04;0.49;105.31;4.53;545;0;226.00;7
234;0;621921099;234;203;784;789;8.15;0.50;105.47;4.53;550;0;227.00;5
235;0;621921108;235;194;786;789;8.32;0.51;105.97;4.54;551;0;228.00;3
237;0;621921116;237;187;787;789;8.52;0.52;105.94;4.55;550;0;229.00;2
237;0;621921125;237;179;788;789;8.70;0.53;105.94;4.56;551;0;230.00;1
239;0;621921133;239;179;794;795;8.82;0.54;106.36;4.54;555;0;231.00;1
240;0;621921143;240;175;795;795;9.01;0.55;106.88;4.54;555;0;232.00;0
240;0;621921151;240;170;795;795;9.13;0.56;106.88;4.54;555;0;233.00;0
242;0;621921161;242;164;797;798;9.26;0.57;107.50;4.53;555;0;234.00;1
244;0;621921169;244;166;797;798;9.35;0.57;107.30;4.53;553;0;235.00;1
245;0;621921178;245;164;798;798;9.51;0.58;107.79;4.52;553;0;236.00;0
245;0;621921186;245;154;799;799;9.62;0.59;107.79;4.52;554;0;237.00;0
246;0;621921205;246;148;800;800;9.64;0.59;108.30;4.51;554;0;238.00;0
248;0;621921217;248;141;800;800;9.61;0.59;108.35;4.51;552;0;239.00;0
250;0;621921231;250;142;823;826;9.51;0.58;109.30;4.39;573;0;240.00;3
251;0;621921241;251;138;824;826;9.62;0.59;109.65;4.38;573;0;241.00;2
256;0;621921247;256;134;825;826;9.66;0.59;110.51;4.38;569;0;242.00;1
258;0;621921254;258;128;827;827;9.78;0.60;110.97;4.37;569;0;243.00;0
261;0;621921262;261;127;827;827;9.87;0.60;111.49;4.37;566;0;244.00;0
261;0;621921269;261;123;831;831;9.98;0.61;111.49;4.36;570;0;245.00;0
265;0;621921275;265;124;831;831;10.08;0.62;111.54;4.36;566;0;246.00;0
268;0;621921283;268;126;835;835;10.09;0.62;112.32;4.34;567;0;247.00;0
269;0;621921290;269;120;835;835;10.18;0.62;112.29;4.34;566;0;248.00;0
272;0;621921296;272;121;835;835;10.21;0.62;113.59;4.34;563;0;249.00;0
276;0;621921309;276;121;835;835;10.22;0.62;114.46;4.34;559;0;250.00;0
280;0;621921315;280;123;835;835;10.16;0.62;115.56;4.34;555;0;251.00;0
282;0;621921322;282;124;845;847;10.13;0.62;115.80;4.29;563;0;252.00;2
284;1;621921330;284;128;845;847;10.08;0.61;116.25;4.29;561;1;253.00;2
286;1;621921344;286;130;847;847;10.07;0.61;116.90;4.29;561;1;254.00;0
286;1;621921356;286;133;847;847;10.07;0.61;116.90;4.29;561;1;255.00;0
288;1;621921370;288;141;847;847;10.06;0.61;117.56;4.29;559;1;256.00;0
292;1;621921377;292;141;847;847;9.97;0.60;118.55;4.29;555;1;257.00;0
292;1;621921384;292;146;848;848;9.90;0.60;118.55;4.28;556;1;258.00;0
294;1;621921396;294;150;848;848;9.83;0.59;118.50;4.28;554;1;259.00;0
295;1;621921402;295;146;854;854;9.67;0.59;118.81;4.26;559;1;260.00;0
295;1;621921409;295;144;855;855;9.66;0.58;118.81;4.25;560;1;261.00;0
296;1;621921416;296;139;855;855;9.64;0.58;118.81;4.25;559;1;262.00;0
298;1;621921422;298;138;855;855;9.70;0.59;118.74;4.25;557;1;263.00;0
298;1;621921429;298;133;859;859;9.75;0.59;118.74;4.23;561;1;264.00;0
298;1;621921436;298;129;859;859;9.84;0.60;118.74;4.23;561;1;265.00;0
298;1;621921442;298;129;859;859;9.91;0.60;118.74;4.23;561;1;266.00;0
300;1;621921447;300;128;860;860;10.00;0.61;119.38;4.23;560;1;267.00;0
304;1;621921454;304;127;864;864;9.99;0.61;120.69;4.22;560;1;268.00;0
305;1;621921460;305;121;864;864;10.04;0.61;120.82;4.22;559;1;269.00;0
308;1;621921468;308;118;868;870;10.16;0.62;121.03;4.20;560;1;270.00;2
311;1;621921476;311;115;868;870;10.18;0.62;121.58;4.20;557;1;271.00;2
315;1;621921482;315;110;870;870;10.25;0.62;122.53;4.19;555;1;272.00;0
318;1;621921489;318;106;870;870;10.31;0.62;122.57;4.19;552;1;273.00;0
320;1;621921495;320;102;874;874;10.48;0.64;122.84;4.18;554;1;274.00;0
322;1;621921502;322;95;874;874;10.60;0.64;122.78;4.18;552;1;275.00;0
327;1;621921508;327;92;874;874;10.78;0.65;122.98;4.18;547;1;276.00;0
330;1;621921515;330;89;874;874;10.92;0.66;122.93;4.18;544;1;277.00;0
331;1;621921521;331;87;875;875;11.07;0.67;123.40;4.17;544;1;278.00;0
332;1;621921528;332;80;876;876;11.08;0.67;123.32;4.17;544;1;279.00;0
336;1;621921534;336;79;876;876;11.04;0.67;123.47;4.17;540;1;280.00;0
337;1;621921540;337;75;877;877;11.08;0.67;123.30;4.16;540;1;281.00;0
338;1;621921547;338;71;877;877;11.09;0.67;123.34;4.16;539;1;282.00;0
340;1;621921554;340;72;877;877;11.11;0.67;122.99;4.16;537;1;283.00;0
341;1;621921561;341;76;877;877;11.22;0.68;123.04;4.16;536;1;284.00;0
341;1;621921567;341;78;877;877;11.33;0.69;123.04;4.16;536;1;285.00;0
341;1;621921573;341;78;877;877;11.42;0.70;123.04;4.16;536;1;286.00;0
346;1;621921580;346;79;877;877;11.46;0.70;124.22;4.16;531;1;287.00;0
347;1;621921591;347;95;949;1004;11.14;0.69;124.66;3.85;602;1;288.00;55
347;1;621921618;347;86;953;1005;11.15;0.69;124.66;3.84;606;1;289.00;52
349;1;621921634;349;83;959;1005;11.22;0.69;125.07;3.83;610;1;290.00;46
350;1;621921648;350;83;964;1005;11.13;0.69;124.93;3.82;614;1;291.00;41
351;1;621921660;351;83;968;1005;11.17;0.69;125.39;3.82;617;1;292.00;37
352;1;621921673;352;80;970;1005;11.17;0.69;125.45;3.83;618;1;293.00;35
354;1;621921684;354;79;973;1005;11.16;0.69;126.17;3.83;619;1;294.00;32
357;1;621921696;357;81;976;1005;11.16;0.68;127.17;3.84;619;1;295.00;29
358;1;621921706;358;82;979;1006;11.24;0.69;126.97;3.86;621;1;296.00;27
359;1;621921717;359;84;983;1007;11.26;0.69;127.22;3.88;624;1;297.00;24
360;1;621921726;360;84;985;1007;11.27;0.69;126.89;3.89;625;1;298.00;22
363;1;621921737;363;87;989;1008;11.20;0.69;127.44;3.92;626;1;299.00;19
363;1;621921749;363;89;992;1014;11.16;0.68;127.44;3.92;629;1;300.00;22
365;1;621921764;365;87;995;1014;11.08;0.68;128.32;3.94;630;1;301.00;19
365;1;621921774;365;91;997;1014;11.01;0.68;128.32;3.96;632;1;302.00;17
366;1;621921784;366;93;1000;1018;10.99;0.68;128.01;3.96;634;1;303.00;18
367;1;621921803;367;99;1003;1018;10.98;0.68;128.29;3.99;636;1;304.00;15
367;1;621921814;367;106;1005;1018;11.02;0.68;128.29;4.00;638;1;305.00;13
367;1;621921823;367;114;1008;1021;11.01;0.68;128.29;3.99;641;1;306.00;13
372;1;621921833;372;119;1010;1021;10.97;0.68;129.24;4.01;638;1;307.00;11
374;1;621921843;374;123;1011;1021;11.00;0.68;129.66;4.03;637;1;308.00;10
376;1;621921852;376;127;1015;1025;10.94;0.67;130.18;4.04;639;1;309.00;10
377;1;621921862;377;132;1016;1026;10.94;0.67;130.62;4.03;639;1;310.00;10
383;1;621921872;383;135;1019;1026;10.83;0.67;131.62;4.07;636;1;311.00;7
383;1;621921882;383;142;1025;1030;10.75;0.66;131.62;4.06;642;1;312.00;5
387;1;621921892;387;137;1025;1030;10.60;0.65;132.55;4.06;638;1;313.00;5
390;1;621921901;390;143;1027;1030;10.49;0.65;133.26;4.09;637;1;314.00;3
394;1;621921909;394;148;1029;1032;10.27;0.63;134.59;4.08;635;1;315.00;3
394;1;621921925;394;151;1030;1032;10.11;0.62;134.59;4.11;636;1;316.00;2
397;1;621921933;397;157;1036;1038;9.90;0.61;135.09;4.09;639;1;317.00;2
398;1;621921941;398;162;1036;1038;9.69;0.60;134.83;4.09;638;1;318.00;2
401;1;621921950;401;164;1037;1039;9.48;0.58;135.11;4.09;636;1;319.00;2
404;1;621921958;404;164;1037;1039;9.29;0.57;135.77;4.09;633;1;320.00;2
407;1;621921967;407;170;1037;1039;9.18;0.56;135.59;4.09;630;1;321.00;2
411;1;621921975;411;173;1038;1039;9.03;0.55;135.95;4.12;627;1;322.00;1
412;1;621921984;412;182;1039;1039;8.96;0.55;136.15;4.13;627;1;323.00;0
412;1;621921992;412;190;1051;1051;9.04;0.55;136.15;4.08;639;1;324.00;0
414;1;621922001;414;193;1051;1051;9.02;0.55;136.24;4.08;637;1;325.00;0
414;1;621922009;414;194;1051;1051;9.01;0.55;136.24;4.08;637;1;326.00;0
418;1;621922018;418;199;1051;1051;9.06;0.55;137.07;4.08;633;1;327.00;0
418;1;621922027;418;204;1051;1051;9.10;0.56;137.07;4.08;633;1;328.00;0
419;1;621922035;419;208;1051;1051;9.12;0.56;137.22;4.08;632;1;329.00;0
420;1;621922045;420;211;1055;1055;9.17;0.56;137.38;4.07;635;1;330.00;0
421;1;621922054;421;208;1055;1055;9.23;0.57;137.32;4.07;634;1;331.00;0
423;1;621922062;423;215;1059;1059;9.23;0.57;137.61;4.06;636;1;332.00;0
425;1;621922070;425;219;1060;1060;9.17;0.56;137.72;4.05;635;1;333.00;0
429;1;621922078;429;217;1060;1060;9.03;0.55;138.86;4.05;631;1;334.00;0
433;1;621922086;433;213;1060;1060;8.87;0.54;139.51;4.05;627;1;335.00;0
437;1;621922094;437;217;1073;1073;8.70;0.53;139.65;4.00;636;1;336.00;0
441;1;621922103;441;219;1073;1073;8.56;0.52;140.73;4.00;632;1;337.00;0
448;1;621922111;448;224;1073;1073;8.31;0.51;141.76;4.00;625;1;338.00;0
450;1;621922118;450;233;1074;1074;8.15;0.50;142.01;4.00;624;1;339.00;0
452;1;621922126;452;219;1075;1075;7.99;0.49;142.25;4.00;623;1;340.00;0
456;1;621922134;456;213;1075;1075;7.92;0.49;143.27;4.00;619;1;341.00;0
457;1;621922144;457;217;1078;1078;7.89;0.48;143.35;3.99;621;1;342.00;0
460;1;621922151;460;215;1078;1078;7.89;0.48;143.93;3.99;618;1;343.00;0
461;1;621922159;461;216;1078;1078;7.91;0.49;144.36;3.99;617;1;344.00;0
461;1;621922166;461;215;1078;1078;7.97;0.49;144.36;3.99;617;1;345.00;0
465;1;621922173;465;214;1084;1084;7.97;0.49;144.91;3.97;619;1;346.00;0
467;1;621922181;467;212;1084;1084;7.99;0.49;145.30;3.97;617;1;347.00;0
470;1;621922189;470;209;1084;1084;7.90;0.49;146.09;3.97;614;1;348.00;0
473;1;621922197;473;204;1084;1084;7.89;0.49;146.58;3.97;611;1;349.00;0
476;1;621922204;476;203;1088;1088;7.92;0.49;146.17;3.96;612;1;350.00;0
480;1;621922211;480;202;1089;1089;7.86;0.48;146.32;3.96;609;1;351.00;0
482;1;621922219;482;206;1089;1089;7.78;0.48;146.15;3.96;607;1;352.00;0
487;1;621922226;487;208;1090;1090;7.67;0.47;146.58;3.95;603;1;353.00;0
490;1;621922235;490;211;1090;1090;7.56;0.47;146.77;3.95;600;1;354.00;0
495;1;621922242;495;217;1090;1090;7.50;0.46;147.01;3.95;595;1;355.00;0
496;1;621922249;496;226;1090;1090;7.47;0.46;146.95;3.95;594;1;356.00;0
498;1;621922257;498;226;1090;1090;7.47;0.46;147.07;3.95;592;1;357.00;0
500;1;621922263;500;228;1090;1090;7.36;0.46;147.04;3.95;590;1;358.00;0
502;1;621922271;502;234;1090;1090;7.33;0.45;146.85;3.95;588;1;359.00;0
507;1;621922280;507;245;1154;1215;7.79;0.49;146.57;3.73;647;1;360.00;61
511;1;621922300;511;250;1161;1216;7.71;0.48;147.05;3.72;650;1;361.00;55
513;1;621922308;513;251;1175;1216;7.76;0.48;147.30;3.70;662;1;362.00;41
517;1;621922317;517;253;1183;1216;7.70;0.48;147.16;3.69;666;1;363.00;33
519;1;621922324;519;260;1188;1216;7.62;0.47;147.03;3.69;669;1;364.00;28
522;1;621922333;522;263;1191;1216;7.50;0.46;147.48;3.70;669;1;365.00;25
523;1;621922347;523;264;1196;1216;7.40;0.46;147.53;3.71;673;1;366.00;20
523;1;621922355;523;264;1201;1216;7.24;0.45;147.53;3.72;678;1;367.00;15
524;1;621922364;524;269;1205;1217;7.09;0.44;147.49;3.73;681;1;368.00;12
527;1;621922371;527;278;1210;1218;6.94;0.43;147.42;3.76;683;1;369.00;8
528;1;621922380;528;284;1211;1218;6.80;0.42;147.48;3.76;683;1;370.00;7
528;1;621922388;528;272;1218;1222;6.72;0.41;147.48;3.76;690;1;371.00;4
528;1;621922398;528;271;1219;1222;6.71;0.41;147.48;3.76;691;1;372.00;3
530;1;621922406;530;273;1220;1222;6.67;0.41;147.06;3.77;690;1;373.00;2
531;1;621922414;531;274;1220;1222;6.66;0.41;147.18;3.77;689;1;374.00;2
531;1;621922423;531;270;1227;1228;6.70;0.41;147.18;3.77;696;1;375.00;1
532;1;621922432;532;272;1227;1228;6.79;0.42;147.41;3.77;695;1;376.00;1
533;2;621922441;533;274;1228;1228;6.92;0.43;147.42;3.78;695;2;377.00;0
535;2;621922461;535;270;1230;1231;7.07;0.43;146.98;3.77;695;2;378.00;1
537;3;621922473;537;269;1230;1231;7.21;0.44;147.37;3.77;693;3;379.00;1
538;3;621922494;538;265;1230;1231;7.30;0.45;147.74;3.77;692;3;380.00;1
540;3;621922509;540;264;1232;1232;7.33;0.45;147.70;3.77;692;3;381.00;0
541;3;621922520;541;261;1233;1233;7.40;0.45;147.99;3.77;692;3;382.00;0
543;3;621922534;543;263;1233;1233;7.48;0.46;147.74;3.77;690;3;383.00;0
545;3;621922544;545;260;1245;1246;7.60;0.47;147.47;3.73;700;3;384.00;1
546;3;621922555;546;259;1245;1246;7.65;0.47;147.70;3.73;699;3;385.00;1
547;3;621922566;547;263;1245;1246;7.59;0.46;147.48;3.73;698;3;386.00;1
549;3;621922579;549;252;1246;1247;7.58;0.46;147.74;3.73;697;3;387.00;1
551;4;621922591;551;247;1246;1247;7.60;0.46;147.70;3.73;695;4;388.00;1
552;4;621922613;552;248;1251;1251;7.66;0.47;147.48;3.72;699;4;389.00;0
554;4;621922625;554;244;1251;1251;7.68;0.47;147.70;3.72;697;4;390.00;0
554;4;621922634;554;245;1255;1255;7.72;0.47;147.70;3.71;701;4;391.00;0
558;4;621922643;558;248;1255;1255;7.68;0.47;148.10;3.71;697;4;392.00;0
560;4;621922652;560;244;1255;1255;7.71;0.47;148.55;3.71;695;4;393.00;0
561;4;621922660;561;247;1255;1255;7.73;0.47;148.34;3.71;694;4;394.00;0
561;4;621922668;561;250;1255;1255;7.73;0.47;148.34;3.71;694;4;395.00;0
563;4;621922683;563;245;1266;1267;7.92;0.48;148.33;3.68;703;4;396.00;1
565;4;621922694;565;239;1266;1267;8.01;0.49;148.44;3.68;701;4;397.00;1
567;4;621922704;567;227;1267;1267;8.11;0.50;148.59;3.68;700;4;398.00;0
571;4;621922719;571;217;1267;1267;8.14;0.50;149.78;3.68;696;4;399.00;0
572;4;621922734;572;223;1267;1267;8.22;0.50;149.97;3.68;695;4;400.00;0
576;4;621922748;576;218;1267;1267;8.27;0.50;150.92;3.68;691;4;401.00;0
577;4;621922758;577;217;1268;1268;8.33;0.51;151.02;3.67;691;4;402.00;0
579;4;621922768;579;214;1268;1268;8.46;0.52;151.85;3.67;689;4;403.00;0
581;4;621922778;581;219;1274;1274;8.55;0.52;152.04;3.66;693;4;404.00;0
581;4;621922788;581;213;1276;1276;8.71;0.53;152.04;3.66;695;4;405.00;0
585;4;621922798;585;211;1276;1276;8.83;0.54;152.81;3.66;691;4;406.00;0
589;4;621922808;589;210;1276;1276;8.92;0.55;153.52;3.66;687;4;407.00;0
593;4;621922819;593;204;1280;1280;9.02;0.55;154.10;3.64;687;4;408.00;0
593;4;621922830;593;199;1280;1280;9.15;0.56;154.10;3.64;687;4;409.00;0
597;4;621922840;597;192;1280;1280;9.19;0.56;154.51;3.64;683;4;410.00;0
601;4;621922850;601;184;1281;1281;9.27;0.56;155.87;3.64;680;4;411.00;0
602;4;621922859;602;184;1285;1285;9.31;0.57;155.93;3.63;683;4;412.00;0
605;4;621922869;605;182;1285;1285;9.38;0.57;156.25;3.63;680;4;413.00;0
605;4;621922879;605;182;1287;1288;9.43;0.58;156.25;3.63;682;4;414.00;1
609;4;621922889;609;180;1287;1288;9.41;0.57;157.08;3.63;678;4;415.00;1
613;4;621922899;613;180;1288;1288;9.46;0.58;157.49;3.63;675;4;416.00;0
616;4;621922908;616;181;1288;1288;9.31;0.57;157.89;3.63;672;4;417.00;0
618;4;621922918;618;179;1292;1292;9.28;0.56;158.03;3.62;674;4;418.00;0
620;4;621922927;620;182;1292;1292;9.29;0.57;158.45;3.62;672;4;419.00;0
623;4;621922937;623;179;1292;1292;9.26;0.56;158.72;3.62;669;4;420.00;0
625;4;621922946;625;175;1292;1292;9.30;0.57;159.03;3.62;667;4;421.00;0
626;4;621922956;626;176;1293;1293;9.32;0.57;159.39;3.62;667;4;422.00;0
626;4;621922967;626;172;1294;1294;9.39;0.57;159.39;3.61;668;4;423.00;0
627;4;621922975;627;180;1294;1294;9.39;0.57;159.58;3.61;667;4;424.00;0
628;4;621922984;628;182;1295;1295;9.40;0.57;159.60;3.61;667;4;425.00;0
631;4;621922992;631;183;1295;1295;9.34;0.57;159.98;3.61;664;4;426.00;0
636;4;621923001;636;184;1295;1295;9.30;0.57;160.93;3.61;659;4;427.00;0
637;4;621923011;637;182;1295;1295;9.30;0.57;161.10;3.61;658;4;428.00;0
637;4;621923020;637;188;1295;1295;9.34;0.57;161.10;3.61;658;4;429.00;0
640;4;621923028;640;180;1295;1295;9.39;0.57;161.36;3.61;655;4;430.00;0
641;4;621923038;641;176;1295;1295;9.44;0.58;161.36;3.61;654;4;431.00;0
645;4;621923047;645;204;1374;1422;9.08;0.56;162.16;3.41;729;4;432.00;48
648;4;621923068;648;182;1376;1423;9.17;0.57;162.20;3.40;728;4;433.00;47
651;4;621923079;651;168;1382;1423;9.34;0.58;162.61;3.40;731;4;434.00;41
653;4;621923089;653;163;1383;1423;9.45;0.58;163.38;3.40;730;4;435.00;40
656;4;621923099;656;153;1387;1423;9.56;0.59;163.80;3.40;731;4;436.00;36
657;4;621923108;657;152;1388;1423;9.69;0.60;163.88;3.40;731;4;437.00;35
660;4;621923117;660;150;1390;1423;9.83;0.60;164.56;3.40;730;4;438.00;33
661;4;621923127;661;149;1392;1423;9.98;0.61;164.87;3.41;731;4;439.00;31
665;4;621923137;665;145;1394;1424;10.13;0.62;165.25;3.42;729;4;440.00;30
671;4;621923147;671;145;1399;1425;10.28;0.63;166.37;3.44;728;4;441.00;26
674;4;621923156;674;136;1401;1425;10.33;0.63;166.44;3.44;727;4;442.00;24
676;4;621923167;676;130;1405;1426;10.38;0.64;166.91;3.47;729;4;443.00;21
678;4;621923176;678;129;1407;1426;10.43;0.64;167.12;3.48;729;4;444.00;19
681;4;621923187;681;128;1411;1426;10.43;0.64;167.55;3.51;730;4;445.00;15
683;4;621923198;683;126;1413;1426;10.51;0.65;167.81;3.52;730;4;446.00;13
687;4;621923210;687;124;1417;1430;10.53;0.65;168.23;3.54;730;4;447.00;13
690;4;621923223;690;122;1420;1430;10.48;0.64;168.64;3.54;730;4;448.00;10
695;4;621923239;695;121;1420;1430;10.49;0.64;168.97;3.54;725;4;449.00;10
698;4;621923254;698;122;1424;1436;10.42;0.64;169.74;3.53;726;4;450.00;12
701;4;621923267;701;118;1425;1436;10.40;0.63;169.67;3.55;724;4;451.00;11
704;4;621923284;704;118;1426;1436;10.39;0.63;170.44;3.54;722;4;452.00;10
708;4;621923298;708;121;1431;1440;10.34;0.63;170.87;3.56;723;4;453.00;9
710;4;621923313;710;122;1433;1441;10.36;0.63;171.06;3.57;723;4;454.00;8
713;4;621923328;713;123;1434;1441;10.36;0.63;171.05;3.57;721;4;455.00;7
717;4;621923344;717;122;1437;1445;10.39;0.63;171.09;3.56;720;4;456.00;8
719;4;621923359;719;130;1437;1445;10.41;0.63;171.05;3.56;718;4;457.00;8
723;4;621923370;723;128;1437;1445;10.36;0.63;171.08;3.56;714;4;458.00;8
725;4;621923380;725;129;1438;1446;10.34;0.63;171.13;3.56;713;4;459.00;8
730;4;621923391;730;126;1439;1446;10.33;0.63;171.46;3.58;709;4;460.00;7
732;4;621923401;732;129;1443;1452;10.30;0.63;171.69;3.57;711;4;461.00;9
735;4;621923412;735;129;1443;1452;10.19;0.62;172.22;3.57;708;4;462.00;9
737;4;621923421;737;131;1445;1453;10.04;0.61;172.53;3.61;708;4;463.00;8
740;4;621923431;740;135;1445;1453;9.95;0.60;172.78;3.61;705;4;464.00;8
742;4;621923441;742;136;1445;1453;9.86;0.60;173.08;3.61;703;4;465.00;8
746;4;621923451;746;140;1446;1453;9.79;0.59;173.64;3.62;700;4;466.00;7
746;4;621923461;746;145;1447;1453;9.78;0.59;173.64;3.62;701;4;467.00;6
749;4;621923471;749;150;1457;1465;9.84;0.60;174.35;3.60;708;4;468.00;8
751;4;621923482;751;150;1457;1465;9.85;0.60;174.44;3.60;706;4;469.00;8
753;4;621923492;753;151;1460;1465;9.88;0.60;174.65;3.63;707;4;470.00;5
756;4;621923502;756;155;1460;1465;9.90;0.60;174.88;3.63;704;4;471.00;5
761;4;621923511;761;159;1461;1465;9.92;0.60;174.92;3.65;700;4;472.00;4
762;4;621923520;762;162;1462;1465;9.87;0.60;175.03;3.65;700;4;473.00;3
763;4;621923530;763;164;1465;1469;9.81;0.60;175.14;3.65;702;4;474.00;4
765;4;621923540;765;172;1466;1469;9.84;0.60;175.21;3.66;701;4;475.00;3
768;4;621923550;768;175;1470;1473;9.87;0.60;175.15;3.65;702;4;476.00;3
769;4;621923560;769;177;1471;1474;9.88;0.60;175.07;3.65;702;4;477.00;3
770;4;621923569;770;180;1473;1474;9.85;0.60;175.05;3.66;703;4;478.00;1
773;4;621923578;773;187;1473;1474;9.75;0.59;174.88;3.66;700;4;479.00;1
773;4;621923591;773;198;1494;1500;9.67;0.59;174.88;3.61;721;4;480.00;6
774;4;621923610;774;200;1497;1500;9.62;0.59;174.90;3.61;723;4;481.00;3
777;4;621923626;777;204;1500;1500;9.56;0.59;175.03;3.61;723;4;482.00;0
780;4;621923638;780;209;1501;1501;9.56;0.59;174.98;3.60;721;4;483.00;0
782;4;621923656;782;211;1502;1502;9.52;0.58;175.00;3.60;720;4;484.00;0
782;4;621923670;782;219;1502;1502;9.48;0.58;175.00;3.60;720;4;485.00;0
785;4;621923681;785;222;1504;1505;9.43;0.58;175.08;3.60;719;4;486.00;1
786;4;621923697;786;225;1504;1505;9.36;0.58;175.19;3.60;718;4;487.00;1
786;4;621923711;786;231;1505;1505;9.32;0.57;175.19;3.60;719;4;488.00;0
786;4;621923725;786;231;1505;1505;9.20;0.57;175.19;3.60;719;4;489.00;0
788;4;621923735;788;232;1511;1511;9.16;0.56;175.08;3.59;723;4;490.00;0
789;4;621923748;789;235;1511;1511;9.05;0.56;174.98;3.59;722;4;491.00;0
794;4;621923764;794;240;1511;1511;8.91;0.55;175.15;3.59;717;4;492.00;0
795;4;621923777;795;237;1511;1511;8.84;0.54;175.03;3.59;716;4;493.00;0
798;4;621923787;798;244;1515;1515;8.77;0.54;174.97;3.58;717;4;494.00;0
798;4;621923800;798;243;1517;1517;8.73;0.54;174.97;3.57;719;4;495.00;0
801;4;621923813;801;246;1517;1517;8.73;0.53;174.73;3.57;716;4;496.00;0
806;4;621923828;806;247;1518;1518;8.72;0.53;174.73;3.57;712;4;497.00;0
806;4;621923842;806;251;1518;1518;8.76;0.54;174.73;3.57;712;4;498.00;0
808;4;621923852;808;254;1518;1518;8.76;0.54;174.76;3.57;710;4;499.00;0
809;4;621923861;809;255;1518;1518;8.78;0.54;174.60;3.57;709;4;500.00;0
816;4;621923874;816;259;1518;1518;8.62;0.53;174.02;3.57;702;4;501.00;0
818;4;621923884;818;264;1518;1518;8.53;0.52;174.47;3.57;700;4;502.00;0
821;4;621923893;821;264;1518;1518;8.42;0.52;174.44;3.57;697;4;503.00;0
824;4;621923901;824;276;1558;1588;8.44;0.52;174.70;3.48;734;4;504.00;30
831;4;621923917;831;273;1562;1589;8.31;0.51;174.27;3.47;731;4;505.00;27
834;4;621923927;834;268;1571;1589;8.19;0.50;174.40;3.47;737;4;506.00;18
837;4;621923937;837;269;1575;1589;8.12;0.50;174.63;3.46;738;4;507.00;14
839;4;621923946;839;271;1577;1589;8.06;0.49;175.23;3.47;738;4;508.00;12
843;4;621923955;843;277;1580;1589;7.96;0.49;175.53;3.47;737;4;509.00;9
845;4;621923967;845;268;1582;1589;7.88;0.48;175.68;3.47;737;4;510.00;7
850;4;621923976;850;261;1584;1589;7.81;0.48;176.27;3.48;734;4;511.00;5
852;4;621923985;852;263;1585;1590;7.78;0.47;176.72;3.48;733;4;512.00;5
852;4;621923993;852;260;1588;1591;7.73;0.47;176.72;3.49;736;4;513.00;3
854;4;621924001;854;255;1588;1591;7.64;0.47;176.93;3.49;734;4;514.00;3
858;4;621924010;858;252;1594;1595;7.49;0.46;177.43;3.49;736;4;515.00;1
861;4;621924023;861;256;1594;1595;7.38;0.45;177.67;3.49;733;4;516.00;1
864;4;621924031;864;259;1594;1595;7.27;0.44;178.32;3.49;730;4;517.00;1
866;4;621924039;866;258;1595;1595;7.23;0.44;178.38;3.49;729;4;518.00;0
866;4;621924046;866;264;1600;1601;7.16;0.44;178.38;3.48;734;4;519.00;1
867;4;621924054;867;269;1601;1601;7.05;0.43;178.66;3.48;734;4;520.00;0
869;4;621924062;869;269;1601;1601;7.04;0.43;179.33;3.48;732;4;521.00;0
871;4;621924071;871;276;1603;1604;7.00;0.43;179.69;3.48;732;4;522.00;1
874;4;621924078;874;261;1604;1604;7.02;0.43;179.99;3.47;730;4;523.00;0
875;4;621924087;875;255;1604;1604;6.99;0.43;180.22;3.47;729;4;524.00;0
875;4;621924095;875;253;1605;1605;7.04;0.43;180.22;3.47;730;4;525.00;0
879;4;621924103;879;255;1606;1606;7.13;0.43;180.00;3.47;727;4;526.00;0
879;4;621924112;879;254;1606;1606;7.18;0.44;180.00;3.47;727;4;527.00;0
883;4;621924121;883;258;1618;1619;7.24;0.44;179.41;3.45;735;4;528.00;1
887;4;621924131;887;250;1619;1619;7.26;0.44;179.82;3.44;732;4;529.00;0
892;4;621924150;892;253;1619;1619;7.30;0.45;180.22;3.44;727;4;530.00;0
893;4;621924160;893;253;1620;1620;7.43;0.45;180.48;3.44;727;4;531.00;0
895;4;621924170;895;250;1620;1620;7.48;0.46;180.79;3.44;725;4;532.00;0
897;4;621924187;897;248;1624;1624;7.55;0.46;181.13;3.44;727;4;533.00;0
898;4;621924198;898;247;1624;1624;7.56;0.46;181.36;3.44;726;4;534.00;0
900;4;621924210;900;246;1628;1628;7.58;0.46;181.24;3.43;728;4;535.00;0
903;4;621924223;903;247;1628;1628;7.52;0.46;181.33;3.43;725;4;536.00;0
908;4;621924233;908;249;1628;1628;7.49;0.46;181.12;3.43;720;4;537.00;0
910;4;621924243;910;244;1628;1628;7.51;0.46;181.25;3.43;718;4;538.00;0
910;4;621924254;910;246;1628;1628;7.52;0.46;181.25;3.43;718;4;539.00;0
912;4;621924265;912;253;1659;1662;7.69;0.47;181.16;3.37;747;4;540.00;3
916;4;621924278;916;253;1659;1662;7.67;0.47;181.54;3.37;743;4;541.00;3
920;4;621924289;920;251;1661;1662;7.69;0.47;182.14;3.36;741;4;542.00;1
923;4;621924299;923;252;1661;1662;7.73;0.47;182.56;3.36;738;4;543.00;1
929;4;621924308;929;257;1662;1662;7.73;0.47;182.80;3.36;733;4;544.00;0
932;4;621924322;932;256;1662;1662;7.68;0.47;182.96;3.36;730;4;545.00;0
934;4;621924332;934;255;1663;1663;7.62;0.47;183.08;3.36;729;4;546.00;0
936;4;621924342;936;256;1663;1663;7.56;0.46;183.40;3.36;727;4;547.00;0
938;4;621924351;938;256;1669;1669;7.60;0.46;183.66;3.35;731;4;548.00;0
939;4;621924362;939;252;1670;1670;7.60;0.47;183.51;3.35;731;4;549.00;0
943;4;621924372;943;259;1670;1670;7.57;0.46;183.50;3.35;727;4;550.00;0
946;4;621924382;946;260;1670;1670;7.53;0.46;183.61;3.35;724;4;551.00;0
949;4;621924391;949;261;1674;1674;7.54;0.46;183.59;3.34;725;4;552.00;0
949;4;621924401;949;260;1674;1674;7.55;0.46;183.59;3.34;725;4;553.00;0
950;4;621924411;950;260;1674;1674;7.55;0.46;183.60;3.34;724;4;554.00;0
950;4;621924420;950;261;1675;1675;7.62;0.46;183.60;3.34;725;4;555.00;0
952;4;621924430;952;266;1679;1679;7.61;0.46;183.72;3.34;727;4;556.00;0
954;4;621924442;954;253;1679;1679;7.68;0.47;183.98;3.34;725;4;557.00;0
956;4;621924454;956;246;1681;1682;7.71;0.47;184.10;3.33;725;4;558.00;1
957;4;621924467;957;242;1681;1682;7.70;0.47;184.29;3.33;724;4;559.00;1
962;4;621924478;962;237;1682;1682;7.74;0.47;184.18;3.33;720;4;560.00;0
964;4;621924489;964;236;1682;1682;7.79;0.48;184.17;3.33;718;4;561.00;0
967;4;621924501;967;237;1686;1686;7.82;0.48;184.49;3.33;719;4;562.00;0
972;4;621924512;972;234;1686;1686;7.81;0.48;185.12;3.33;714;4;563.00;0
975;4;621924524;975;236;1686;1686;7.86;0.48;185.16;3.33;711;4;564.00;0
979;4;621924535;979;239;1686;1686;7.86;0.48;185.59;3.33;707;4;565.00;0
981;4;621924553;981;224;1687;1687;7.91;0.48;185.64;3.33;706;4;566.00;0
985;4;621924565;985;212;1688;1688;8.02;0.49;185.92;3.32;703;4;567.00;0
988;4;621924577;988;207;1688;1688;8.05;0.49;186.09;3.32;700;4;568.00;0
989;4;621924591;989;203;1689;1689;8.16;0.50;186.26;3.32;700;4;569.00;0
991;4;621924605;991;203;1689;1689;8.20;0.50;186.45;3.32;698;4;570.00;0
994;4;621924618;994;209;1689;1689;8.26;0.50;187.03;3.32;695;4;571.00;0
998;4;621924632;998;206;1689;1689;8.28;0.50;187.49;3.32;691;4;572.00;0
1001;4;621924646;1001;206;1689;1689;8.31;0.50;187.96;3.32;688;4;573.00;0
1004;4;621924659;1004;203;1689;1689;8.43;0.51;188.29;3.32;685;4;574.00;0
1005;4;621924670;1005;205;1689;1689;8.54;0.52;188.39;3.32;684;4;575.00;0
1006;4;621924681;1006;230;1772;1816;8.65;0.54;188.77;3.17;766;4;576.00;44
1007;4;621924707;1007;211;1775;1817;8.72;0.54;188.94;3.17;768;4;577.00;42
1008;4;621924719;1008;202;1782;1817;8.83;0.55;188.94;3.16;774;4;578.00;35
1010;4;621924731;1010;195;1785;1817;8.85;0.55;189.25;3.16;775;4;579.00;32
1012;4;621924747;1012;193;1789;1817;8.90;0.55;189.40;3.16;777;4;580.00;28
1016;4;621924758;1016;189;1791;1817;8.85;0.55;189.74;3.16;775;4;581.00;26
1018;4;621924770;1018;195;1792;1817;8.85;0.54;189.83;3.17;774;4;582.00;25
1019;4;621924781;1019;206;1794;1817;8.85;0.54;189.90;3.17;775;4;583.00;23
1022;4;621924793;1022;199;1797;1818;8.87;0.54;190.24;3.18;775;4;584.00;21
1023;4;621924805;1023;206;1800;1820;8.83;0.54;190.21;3.18;777;4;585.00;20
1027;4;621924816;1027;211;1804;1820;8.77;0.54;190.32;3.20;777;4;586.00;16
1029;4;621924827;1029;210;1807;1821;8.77;0.54;190.53;3.21;778;4;587.00;14
1030;4;621924838;1030;219;1811;1821;8.72;0.53;190.64;3.22;781;4;588.00;10
1032;4;621924849;1032;221;1812;1821;8.69;0.53;190.95;3.23;780;4;589.00;9
1033;4;621924859;1033;219;1815;1821;8.66;0.53;191.08;3.25;782;4;590.00;6
1035;4;621924875;1035;224;1818;1825;8.62;0.53;191.54;3.25;783;4;591.00;7
1037;4;621924891;1037;229;1821;1825;8.67;0.53;191.91;3.25;784;4;592.00;4
1041;4;621924902;1041;230;1821;1825;8.67;0.53;192.43;3.25;780;4;593.00;4
1043;4;621924919;1043;233;1824;1828;8.70;0.53;192.46;3.26;781;4;594.00;4
1045;4;621924930;1045;236;1825;1828;8.71;0.53;192.82;3.27;780;4;595.00;3
1048;4;621924940;1048;237;1825;1828;8.68;0.53;193.17;3.27;777;4;596.00;3
1049;4;621924951;1049;239;1831;1832;8.68;0.53;193.27;3.28;782;4;597.00;1
1051;4;621924963;1051;239;1832;1833;8.71;0.53;193.75;3.28;781;4;598.00;1
1055;4;621924973;1055;238;1832;1833;8.78;0.54;193.84;3.28;777;4;599.00;1
1058;4;621924986;1058;237;1845;1859;8.77;0.54;194.23;3.26;787;4;600.00;14
1059;4;621925004;1059;225;1845;1859;8.88;0.54;194.27;3.26;786;4;601.00;14
1061;4;621925014;1061;222;1845;1859;8.96;0.55;194.09;3.26;784;4;602.00;14
1062;4;621925024;1062;219;1847;1860;9.12;0.56;194.07;3.25;785;4;603.00;13
1063;4;621925035;1063;215;1848;1860;9.24;0.56;194.05;3.25;785;4;604.00;12
1065;4;621925045;1065;212;1852;1866;9.32;0.57;194.09;3.25;787;4;605.00;14
1067;4;621925060;1067;210;1854;1866;9.44;0.57;194.09;3.25;787;4;606.00;12
1069;4;621925071;1069;207;1854;1867;9.55;0.58;194.40;3.25;785;4;607.00;13
1072;4;621925082;1072;202;1855;1867;9.57;0.58;194.75;3.25;783;4;608.00;12
1074;4;621925094;1074;199;1856;1867;9.55;0.58;195.34;3.26;782;4;609.00;11
1076;4;621925104;1076;197;1856;1867;9.51;0.58;195.60;3.26;780;4;610.00;11
1080;4;621925115;1080;195;1857;1867;9.53;0.58;196.28;3.26;777;4;611.00;10
1082;4;621925126;1082;191;1864;1879;9.48;0.57;196.76;3.25;782;4;612.00;15
1085;4;621925138;1085;192;1865;1879;9.37;0.57;197.28;3.25;780;4;613.00;14
1088;4;621925149;1088;189;1866;1879;9.29;0.56;197.73;3.25;778;4;614.00;13
1090;4;621925159;1090;187;1868;1879;9.18;0.56;197.74;3.25;778;4;615.00;11
1092;4;621925170;1092;188;1868;1879;9.11;0.56;198.06;3.25;776;4;616.00;11
1096;4;621925180;1096;186;1870;1879;9.10;0.55;198.80;3.26;774;4;617.00;9
1097;4;621925190;1097;187;1874;1883;9.12;0.56;198.72;3.27;777;4;618.00;9
1101;4;621925200;1101;182;1874;1883;9.14;0.56;199.59;3.27;773;4;619.00;9
1108;4;621925210;1108;182;1879;1887;9.13;0.56;200.31;3.27;771;4;620.00;8
1112;4;621925221;1112;180;1880;1888;9.21;0.56;200.34;3.27;768;4;621.00;8
1118;4;621925233;1118;173;1881;1888;9.22;0.56;200.71;3.28;763;4;622.00;7
1120;4;621925245;1120;178;1881;1888;9.26;0.56;200.93;3.28;761;4;623.00;7
1124;4;621925255;1124;179;1889;1901;9.21;0.56;201.09;3.26;765;4;624.00;12
1127;5;621925267;1127;179;1889;1901;9.18;0.56;201.20;3.26;762;5;625.00;12
1129;5;621925295;1129;179;1889;1901;9.16;0.55;201.40;3.26;760;5;626.00;12
1132;5;621925308;1132;189;1891;1902;9.17;0.55;201.32;3.27;759;5;627.00;11
1135;5;621925329;1135;191;1893;1903;9.17;0.56;201.57;3.29;758;5;628.00;10
1136;5;621925340;1136;192;1893;1903;9.10;0.55;201.63;3.29;757;5;629.00;10
1137;5;621925351;1137;190;1898;1909;9.14;0.55;201.82;3.29;761;5;630.00;11
1140;5;621925362;1140;192;1899;1909;9.16;0.56;201.75;3.29;759;5;631.00;10
1141;5;621925375;1141;197;1901;1909;9.20;0.56;201.81;3.30;760;5;632.00;8
1142;5;621925387;1142;195;1901;1909;9.19;0.56;201.65;3.30;759;5;633.00;8
1144;5;621925398;1144;197;1906;1915;9.24;0.56;201.56;3.30;762;5;634.00;9
1144;5;621925410;1144;201;1906;1915;9.18;0.56;201.56;3.30;762;5;635.00;9
1145;5;621925421;1145;202;1906;1915;9.10;0.55;201.50;3.30;761;5;636.00;9
1145;5;621925431;1145;211;1908;1915;9.05;0.55;201.50;3.32;763;5;637.00;7
1148;5;621925451;1148;219;1911;1919;9.02;0.55;201.48;3.32;763;5;638.00;8
1148;5;621925464;1148;217;1913;1920;8.93;0.54;201.48;3.32;765;5;639.00;7
1151;5;621925475;1151;230;1915;1920;8.86;0.54;201.50;3.33;764;5;640.00;5
1151;5;621925485;1151;234;1916;1921;8.80;0.53;201.50;3.33;765;5;641.00;5
1154;5;621925496;1154;239;1916;1921;8.70;0.53;201.40;3.33;762;5;642.00;5
1157;5;621925507;1157;244;1916;1921;8.59;0.52;201.30;3.33;759;5;643.00;5
1159;5;621925517;1159;245;1917;1921;8.50;0.52;201.24;3.35;758;5;644.00;4
1159;5;621925527;1159;250;1918;1921;8.48;0.52;201.24;3.36;759;5;645.00;3
1159;5;621925538;1159;253;1920;1921;8.49;0.52;201.24;3.37;761;5;646.00;1
1160;5;621925547;1160;257;1920;1921;8.41;0.51;201.18;3.37;760;5;647.00;1
1161;5;621925557;1161;265;1958;1991;8.52;0.52;201.19;3.31;797;5;648.00;33
1163;5;621925575;1163;266;1960;1992;8.43;0.52;201.01;3.31;797;5;649.00;32
1164;5;621925587;1164;264;1972;1992;8.46;0.52;200.90;3.30;808;5;650.00;20
1166;5;621925601;1166;269;1974;1992;8.41;0.51;200.91;3.30;808;5;651.00;18
1167;5;621925614;1167;272;1978;1992;8.39;0.51;200.80;3.30;811;5;652.00;14
1168;5;621925630;1168;272;1979;1992;8.37;0.51;200.66;3.30;811;5;653.00;13
1169;5;621925653;1169;274;1982;1992;8.24;0.51;200.56;3.31;813;5;654.00;10
1170;5;621925667;1170;276;1985;1992;8.17;0.50;200.43;3.31;815;5;655.00;7
1174;5;621925681;1174;283;1987;1993;8.07;0.50;200.18;3.32;813;5;656.00;6
1176;5;621925695;1176;287;1990;1994;7.93;0.49;200.10;3.33;814;5;657.00;4
1179;5;621925710;1179;291;1992;1994;7.70;0.47;200.15;3.33;813;5;658.00;2
1182;5;621925723;1182;294;1997;1998;7.58;0.47;199.88;3.33;815;5;659.00;1
1184;5;621925736;1184;298;1998;1998;7.47;0.46;199.81;3.33;814;5;660.00;0
1184;5;621925748;1184;298;1998;1998;7.39;0.46;199.81;3.33;814;5;661.00;0
1185;5;621925760;1185;300;1998;1998;7.33;0.45;199.77;3.33;813;5;662.00;0
1187;5;621925772;1187;307;2004;2004;7.28;0.45;199.73;3.32;817;5;663.00;0
1189;5;621925785;1189;304;2004;2004;7.15;0.44;199.70;3.32;815;5;664.00;0
1191;5;621925797;1191;308;2004;2004;7.04;0.43;199.82;3.32;813;5;665.00;0
1193;5;621925810;1193;308;2007;2007;7.03;0.43;199.69;3.32;814;5;666.00;0
1196;5;621925823;1196;313;2007;2007;6.93;0.42;199.58;3.32;811;5;667.00;0
1196;5;621925835;1196;307;2007;2007;6.91;0.42;199.58;3.32;811;5;668.00;0
1200;5;621925847;1200;312;2008;2008;6.84;0.42;199.54;3.32;808;5;669.00;0
1202;5;621925858;1202;316;2009;2009;6.85;0.42;199.45;3.32;807;5;670.00;0
1203;5;621925869;1203;318;2009;2009;6.79;0.42;199.44;3.32;806;5;671.00;0
1210;5;621925878;1210;325;2022;2022;6.71;0.41;199.44;3.29;812;5;672.00;0
1213;5;621925890;1213;329;2022;2022;6.66;0.41;199.56;3.29;809;5;673.00;0
1215;5;621925900;1215;332;2022;2022;6.61;0.40;199.83;3.29;807;5;674.00;0
1220;5;621925910;1220;320;2024;2024;6.60;0.40;199.73;3.29;804;5;675.00;0
1223;5;621925921;1223;312;2024;2024;6.56;0.40;200.05;3.29;801;5;676.00;0
1225;5;621925931;1225;303;2028;2028;6.57;0.40;200.24;3.29;803;5;677.00;0
1230;5;621925942;1230;302;2028;2028;6.53;0.40;200.88;3.29;798;5;678.00;0
1233;5;621925951;1233;302;2032;2032;6.51;0.40;201.03;3.28;799;5;679.00;0
1234;5;621925962;1234;283;2032;2032;6.53;0.40;200.91;3.28;798;5;680.00;0
1238;5;621925973;1238;270;2032;2032;6.50;0.40;201.08;3.28;794;5;681.00;0
1240;5;621925985;1240;260;2032;2032;6.54;0.40;201.19;3.28;792;5;682.00;0
1243;5;621925999;1243;255;2032;2032;6.57;0.40;201.22;3.28;789;5;683.00;0
1245;5;621926011;1245;253;2043;2044;6.69;0.41;201.26;3.26;798;5;684.00;1
1247;5;621926029;1247;257;2043;2044;6.76;0.41;201.23;3.26;796;5;685.00;1
1250;6;621926040;1250;257;2044;2044;6.82;0.42;201.08;3.26;794;6;686.00;0
1252;6;621926059;1252;250;2044;2044;6.93;0.42;201.29;3.26;792;6;687.00;0
1253;6;621926069;1253;247;2044;2044;7.03;0.43;201.29;3.26;791;6;688.00;0
1255;6;621926086;1255;241;2044;2044;7.12;0.43;201.36;3.26;789;6;689.00;0
1257;6;621926099;1257;236;2045;2045;7.21;0.44;201.60;3.26;788;6;690.00;0
1261;6;621926109;1261;234;2045;2045;7.25;0.44;201.62;3.26;784;6;691.00;0
1262;6;621926118;1262;234;2051;2051;7.40;0.45;201.78;3.26;789;6;692.00;0
1263;6;621926131;1263;233;2052;2052;7.48;0.46;201.94;3.25;789;6;693.00;0
1266;6;621926143;1266;235;2052;2052;7.56;0.46;202.15;3.25;786;6;694.00;0
1272;6;621926155;1272;232;2052;2052;7.64;0.47;202.34;3.25;780;6;695.00;0
1274;6;621926168;1274;231;2056;2056;7.78;0.48;202.41;3.25;782;6;696.00;0
1280;6;621926181;1280;229;2056;2056;7.85;0.48;202.62;3.25;776;6;697.00;0
1283;6;621926195;1283;229;2056;2056;7.92;0.48;202.78;3.25;773;6;698.00;0
1287;6;621926209;1287;224;2057;2057;7.95;0.49;202.96;3.25;770;6;699.00;0
1291;6;621926222;1291;224;2061;2061;7.96;0.49;203.22;3.24;770;6;700.00;0
1295;6;621926246;1295;226;2061;2061;8.06;0.49;203.64;3.24;766;6;701.00;0
1300;6;621926262;1300;227;2063;2064;8.10;0.49;204.01;3.24;763;6;702.00;1
1305;6;621926274;1305;230;2063;2064;8.11;0.49;204.39;3.24;758;6;703.00;1
1309;6;621926284;1309;223;2064;2064;8.08;0.49;205.03;3.24;755;6;704.00;0
1313;6;621926296;1313;221;2064;2064;8.05;0.49;205.46;3.24;751;6;705.00;0
1315;6;621926307;1315;223;2068;2068;8.08;0.49;205.64;3.23;753;6;706.00;0
1321;6;621926318;1321;218;2068;2068;8.00;0.49;206.15;3.23;747;6;707.00;0
1326;6;621926329;1326;214;2068;2068;8.00;0.49;206.87;3.23;742;6;708.00;0
1329;6;621926340;1329;217;2068;2068;7.95;0.48;207.28;3.23;739;6;709.00;0
1334;6;621926351;1334;211;2069;2069;7.89;0.48;207.77;3.23;735;6;710.00;0
1338;6;621926361;1338;213;2070;2070;7.93;0.48;208.20;3.23;732;6;711.00;0
1342;6;621926372;1342;215;2070;2070;7.95;0.48;208.32;3.23;728;6;712.00;0
1344;6;621926383;1344;207;2071;2071;8.02;0.49;208.50;3.23;727;6;713.00;0
1349;6;621926393;1349;208;2071;2071;8.02;0.49;209.20;3.23;722;6;714.00;0
1353;6;621926404;1353;211;2071;2071;8.07;0.49;209.49;3.23;718;6;715.00;0
1357;6;621926416;1357;211;2071;2071;8.05;0.49;209.79;3.23;714;6;716.00;0
1360;6;621926428;1360;208;2071;2071;8.04;0.49;210.06;3.23;711;6;717.00;0
1361;6;621926438;1361;206;2071;2071;8.10;0.49;210.16;3.23;710;6;718.00;0
1366;6;621926447;1366;207;2071;2071;8.09;0.49;210.67;3.23;705;6;719.00;0
1373;6;621926459;1373;246;2193;2301;8.21;0.52;210.51;3.05;820;6;720.00;108
1375;6;621926494;1375;238;2202;2302;8.16;0.51;210.75;3.04;827;6;721.00;100
1378;6;621926506;1378;234;2216;2302;8.15;0.51;211.02;3.04;838;6;722.00;86
1380;6;621926517;1380;229;2226;2302;8.05;0.50;211.32;3.04;846;6;723.00;76
1382;6;621926528;1382;234;2234;2302;8.00;0.50;211.58;3.04;852;6;724.00;68
1383;6;621926539;1383;237;2241;2302;7.89;0.49;211.77;3.05;858;6;725.00;61
1386;6;621926551;1386;247;2246;2302;7.81;0.49;212.02;3.05;860;6;726.00;56
1386;6;621926562;1386;240;2249;2302;7.79;0.49;212.02;3.06;863;6;727.00;53
1390;6;621926573;1390;246;2255;2303;7.73;0.48;212.30;3.07;865;6;728.00;48
1395;6;621926595;1395;248;2258;2304;7.65;0.48;212.65;3.08;863;6;729.00;46
1396;6;621926609;1396;258;2263;2304;7.56;0.47;212.83;3.10;867;6;730.00;41
1398;6;621926621;1398;259;2271;2305;7.47;0.46;212.82;3.12;873;6;731.00;34
1401;6;621926633;1401;262;2274;2305;7.43;0.46;213.08;3.13;873;6;732.00;31
1405;6;621926645;1405;265;2274;2305;7.41;0.46;213.18;3.13;869;6;733.00;31
1408;6;621926658;1408;271;2277;2305;7.38;0.46;213.28;3.14;869;6;734.00;28
1410;6;621926669;1410;278;2280;2309;7.37;0.46;213.41;3.15;870;6;735.00;29
1414;6;621926687;1414;272;2282;2309;7.41;0.46;213.81;3.16;868;6;736.00;27
1417;6;621926699;1417;268;2284;2309;7.44;0.46;214.00;3.17;867;6;737.00;25
1419;6;621926717;1419;264;2285;2312;7.49;0.46;213.83;3.18;866;6;738.00;27
1422;6;621926729;1422;265;2288;2312;7.44;0.46;213.72;3.20;866;6;739.00;24
1424;6;621926741;1424;269;2289;2312;7.54;0.46;213.80;3.20;865;6;740.00;23
1425;6;621926753;1425;274;2293;2316;7.57;0.47;213.79;3.19;868;6;741.00;23
1429;6;621926765;1429;273;2294;2317;7.58;0.47;214.00;3.19;865;6;742.00;23
1433;6;621926778;1433;275;2296;2317;7.59;0.47;213.98;3.20;863;6;743.00;21
1434;6;621926789;1434;275;2299;2321;7.54;0.46;214.05;3.20;865;6;744.00;22
1436;6;621926806;1436;278;2302;2321;7.52;0.46;214.18;3.22;866;6;745.00;19
1438;6;621926818;1438;286;2302;2321;7.51;0.46;214.33;3.22;864;6;746.00;19
1439;6;621926830;1439;285;2304;2322;7.54;0.46;214.40;3.24;865;6;747.00;18
1443;6;621926842;1443;277;2304;2322;7.52;0.46;214.53;3.24;861;6;748.00;18
1446;6;621926853;1446;279;2309;2328;7.57;0.46;214.75;3.23;863;6;749.00;19
1447;6;621926868;1447;281;2311;2328;7.66;0.47;214.82;3.25;864;6;750.00;17
1450;6;621926879;1450;276;2312;2329;7.69;0.47;215.12;3.25;862;6;751.00;17
1451;6;621926891;1451;272;2312;2329;7.77;0.47;215.14;3.25;861;6;752.00;17
1455;6;621926902;1455;264;2314;2329;7.83;0.48;215.13;3.28;859;6;753.00;15
1455;6;621926913;1455;263;2315;2329;7.91;0.48;215.13;3.29;860;6;754.00;14
1459;6;621926924;1459;266;2315;2329;7.93;0.48;215.28;3.29;856;6;755.00;14
1463;6;621926936;1463;267;2327;2341;7.96;0.49;215.40;3.29;864;6;756.00;14
1465;6;621926949;1465;263;2328;2341;8.06;0.49;215.54;3.30;863;6;757.00;13
1466;6;621926959;1466;262;2329;2341;8.18;0.50;215.67;3.30;863;6;758.00;12
1469;6;621926971;1469;258;2331;2341;8.24;0.50;215.85;3.30;862;6;759.00;10
1470;6;621926983;1470;259;2331;2341;8.32;0.51;215.92;3.30;861;6;760.00;10
1471;6;621926994;1471;258;2332;2341;8.38;0.51;215.80;3.30;861;6;761.00;9
1472;6;621927006;1472;258;2336;2345;8.40;0.51;215.84;3.30;864;6;762.00;9
1475;6;621927018;1475;258;2336;2345;8.46;0.52;216.07;3.30;861;6;763.00;9
1476;6;621927030;1476;255;2340;2349;8.56;0.52;215.95;3.29;864;6;764.00;9
1477;6;621927040;1477;259;2342;2351;8.59;0.52;215.96;3.29;865;6;765.00;9
1480;6;621927052;1480;265;2342;2351;8.56;0.52;216.13;3.29;862;6;766.00;9
1481;6;621927064;1481;268;2342;2351;8.58;0.52;216.24;3.29;861;6;767.00;9
1483;6;621927074;1483;271;2351;2364;8.65;0.53;216.24;3.28;868;6;768.00;13
1486;6;621927087;1486;274;2351;2364;8.57;0.52;216.45;3.28;865;6;769.00;13
1489;6;621927098;1489;274;2351;2364;8.53;0.52;216.51;3.28;862;6;770.00;13
1490;6;621927109;1490;276;2352;2365;8.48;0.52;216.62;3.28;862;6;771.00;13
1492;6;621927120;1492;274;2352;2366;8.49;0.52;216.68;3.28;860;6;772.00;14
1493;6;621927131;1493;270;2352;2366;8.42;0.51;216.67;3.28;859;6;773.00;14
1495;6;621927143;1495;270;2354;2369;8.40;0.51;216.71;3.28;859;6;774.00;15
1496;6;621927154;1496;269;2354;2369;8.39;0.51;216.88;3.28;858;6;775.00;15
1496;6;621927164;1496;268;2355;2369;8.37;0.51;216.88;3.27;859;6;776.00;14
1498;6;621927174;1498;267;2355;2369;8.33;0.51;216.93;3.27;857;6;777.00;14
1502;6;621927184;1502;268;2360;2375;8.30;0.50;217.20;3.27;858;6;778.00;15
1504;6;621927195;1504;265;2360;2375;8.20;0.50;217.25;3.27;856;6;779.00;15
1506;6;621927207;1506;258;2360;2375;8.15;0.50;217.31;3.27;854;6;780.00;15
1508;6;621927217;1508;255;2360;2375;8.10;0.49;217.29;3.27;852;6;781.00;15
1512;6;621927227;1512;248;2363;2379;7.96;0.48;217.58;3.27;851;6;782.00;16
1516;6;621927238;1516;244;2364;2380;7.89;0.48;218.14;3.27;848;6;783.00;16
1517;6;621927248;1517;244;2364;2380;7.83;0.48;218.31;3.27;847;6;784.00;16
1518;6;621927259;1518;243;2367;2381;7.72;0.47;218.30;3.28;849;6;785.00;14
1521;6;621927270;1521;240;2367;2381;7.67;0.47;218.67;3.28;846;6;786.00;14
1523;6;621927280;1523;237;2367;2381;7.71;0.47;218.85;3.28;844;6;787.00;14
1525;6;621927290;1525;234;2367;2381;7.67;0.47;218.94;3.28;842;6;788.00;14
1528;6;621927299;1528;236;2367;2381;7.68;0.47;219.17;3.28;839;6;789.00;14
1531;6;621927309;1531;240;2367;2381;7.62;0.46;218.94;3.28;836;6;790.00;14
1532;6;621927319;1532;241;2367;2381;7.67;0.47;218.89;3.28;835;6;791.00;14
1534;6;621927329;1534;248;2400;2451;7.75;0.47;218.73;3.23;866;6;792.00;51
1534;6;621927346;1534;249;2400;2452;7.78;0.48;218.73;3.23;866;6;793.00;52
1535;6;621927357;1535;250;2408;2452;7.82;0.48;218.75;3.23;873;6;794.00;44
1536;6;621927367;1536;256;2411;2452;7.80;0.48;218.67;3.23;875;6;795.00;41
1537;6;621927378;1537;260;2413;2452;7.78;0.48;218.58;3.23;876;6;796.00;39
1541;6;621927388;1541;258;2416;2452;7.78;0.48;218.36;3.23;875;6;797.00;36
1543;6;621927399;1543;264;2420;2452;7.75;0.47;218.35;3.26;877;6;798.00;32
1543;6;621927410;1543;267;2422;2452;7.72;0.47;218.35;3.27;879;6;799.00;30
1545;6;621927421;1545;273;2428;2453;7.71;0.47;218.32;3.31;883;6;800.00;25
1546;6;621927436;1546;276;2430;2454;7.69;0.47;218.23;3.31;884;6;801.00;24
1548;6;621927447;1548;279;2433;2454;7.68;0.47;218.20;3.32;885;6;802.00;21
1551;6;621927457;1551;283;2439;2458;7.58;0.46;217.97;3.35;888;6;803.00;19
1553;6;621927469;1553;280;2440;2458;7.50;0.46;217.98;3.35;887;6;804.00;18
1556;6;621927480;1556;287;2441;2458;7.40;0.45;217.81;3.39;885;6;805.00;17
1559;6;621927490;1559;290;2441;2458;7.30;0.44;218.01;3.39;882;6;806.00;17
1559;6;621927501;1559;296;2447;2464;7.28;0.44;218.01;3.42;888;6;807.00;17
1561;6;621927512;1561;303;2447;2464;7.17;0.44;217.87;3.42;886;6;808.00;17
1563;6;621927522;1563;306;2448;2464;7.10;0.43;217.77;3.45;885;6;809.00;16
1567;6;621927535;1567;312;2452;2470;7.13;0.43;217.75;3.45;885;6;810.00;18
1567;6;621927547;1567;319;2454;2470;7.11;0.43;217.75;3.50;887;6;811.00;16
1570;6;621927557;1570;329;2458;2470;7.09;0.43;217.82;3.54;888;6;812.00;12
1570;6;621927569;1570;336;2461;2471;6.99;0.43;217.82;3.60;891;6;813.00;10
1572;6;621927579;1572;342;2464;2472;6.91;0.42;217.83;3.61;892;6;814.00;8
1573;6;621927593;1573;347;2465;2472;6.86;0.42;217.88;3.63;892;6;815.00;7
1573;6;621927616;1573;358;2474;2485;6.82;0.42;217.88;3.62;901;6;816.00;11
1576;6;621927634;1576;367;2477;2485;6.74;0.41;217.62;3.65;901;6;817.00;8
1577;6;621927649;1577;366;2478;2485;6.70;0.41;217.50;3.66;901;6;818.00;7
1578;6;621927665;1578;374;2480;2486;6.66;0.41;217.65;3.66;902;6;819.00;6
1579;6;621927680;1579;370;2482;2486;6.58;0.40;217.53;3.67;903;6;820.00;4
1581;6;621927693;1581;376;2488;2490;6.58;0.41;217.33;3.67;907;6;821.00;2
1583;6;621927709;1583;383;2489;2490;6.48;0.40;217.30;3.67;906;6;822.00;1
1584;6;621927722;1584;385;2494;2494;6.47;0.40;217.22;3.67;910;6;823.00;0
1586;6;621927734;1586;393;2494;2494;6.44;0.40;217.13;3.67;908;6;824.00;0
1591;6;621927744;1591;392;2494;2494;6.36;0.39;216.84;3.67;903;6;825.00;0
1591;6;621927755;1591;397;2494;2494;6.29;0.39;216.84;3.67;903;6;826.00;0
1594;6;621927766;1594;390;2494;2494;6.20;0.38;216.79;3.67;900;6;827.00;0
1595;6;621927776;1595;386;2505;2506;6.23;0.38;216.67;3.65;910;6;828.00;1
1596;6;621927789;1596;372;2506;2506;6.23;0.38;216.78;3.65;910;6;829.00;0
1599;6;621927801;1599;367;2506;2506;6.17;0.38;216.71;3.65;907;6;830.00;0
1601;6;621927813;1601;360;2506;2506;6.16;0.38;216.69;3.65;905;6;831.00;0
1601;6;621927824;1601;351;2506;2506;6.20;0.38;216.69;3.65;905;6;832.00;0
1602;6;621927835;1602;340;2506;2506;6.23;0.38;216.71;3.65;904;6;833.00;0
1602;6;621927853;1602;335;2507;2507;6.31;0.39;216.71;3.65;905;6;834.00;0
1603;6;621927864;1603;336;2507;2507;6.39;0.39;216.72;3.65;904;6;835.00;0
1604;6;621927874;1604;335;2513;2513;6.57;0.41;216.66;3.64;909;6;836.00;0
1606;6;621927886;1606;332;2514;2514;6.66;0.41;216.69;3.64;908;6;837.00;0
1607;6;621927898;1607;324;2514;2514;6.74;0.42;216.76;3.64;907;6;838.00;0
1610;6;621927910;1610;318;2514;2514;6.81;0.42;216.92;3.64;904;6;839.00;0
1613;6;621927923;1613;320;2519;2519;6.89;0.42;216.86;3.63;906;6;840.00;0
1616;6;621927934;1616;319;2519;2519;6.91;0.42;216.76;3.63;903;6;841.00;0
1617;6;621927952;1617;318;2519;2519;6.87;0.42;216.84;3.63;902;6;842.00;0
1621;6;621927962;1621;323;2520;2520;6.82;0.42;216.99;3.63;899;6;843.00;0
1622;6;621927973;1622;320;2524;2524;6.78;0.41;217.17;3.63;902;6;844.00;0
1627;6;621927985;1627;322;2524;2524;6.71;0.41;217.45;3.63;897;6;845.00;0
1627;6;621927996;1627;320;2526;2527;6.73;0.41;217.45;3.63;899;6;846.00;1
1631;6;621928007;1631;326;2527;2527;6.72;0.41;217.59;3.62;896;6;847.00;0
1635;6;621928018;1635;324;2527;2527;6.65;0.41;217.62;3.62;892;6;848.00;0
1641;6;621928029;1641;329;2527;2527;6.54;0.40;217.80;3.62;886;6;849.00;0
1644;6;621928038;1644;313;2531;2531;6.57;0.40;217.73;3.62;887;6;850.00;0
1646;6;621928049;1646;301;2531;2531;6.54;0.40;217.94;3.62;885;6;851.00;0
1652;6;621928059;1652;299;2531;2531;6.50;0.40;218.30;3.62;879;6;852.00;0
1654;6;621928069;1654;291;2531;2531;6.55;0.40;218.15;3.62;877;6;853.00;0
1659;6;621928080;1659;289;2532;2532;6.53;0.40;218.36;3.62;873;6;854.00;0
1662;6;621928097;1662;285;2534;2534;6.54;0.40;218.65;3.62;872;6;855.00;0
1665;6;621928107;1665;281;2534;2534;6.62;0.41;218.78;3.62;869;6;856.00;0
1670;6;621928118;1670;275;2535;2535;6.69;0.41;218.75;3.62;865;6;857.00;0
1672;6;621928128;1672;269;2535;2535;6.76;0.41;219.18;3.62;863;6;858.00;0
1678;6;621928139;1678;264;2535;2535;6.77;0.41;219.74;3.62;857;6;859.00;0
1680;6;621928151;1680;256;2535;2535;6.79;0.41;219.73;3.62;855;6;860.00;0
1682;6;621928161;1682;253;2535;2535;6.75;0.41;220.11;3.62;853;6;861.00;0
1686;6;621928171;1686;252;2535;2535;6.73;0.41;220.53;3.62;849;6;862.00;0
1690;6;621928182;1690;238;2535;2535;6.77;0.41;221.04;3.62;845;6;863.00;0
1694;6;621928192;1694;246;2612;2662;7.08;0.44;221.48;3.51;918;6;864.00;50
1697;6;621928216;1697;241;2616;2663;7.09;0.44;221.63;3.51;919;6;865.00;47
1701;6;621928233;1701;233;2624;2663;7.21;0.45;221.71;3.50;923;6;866.00;39
1705;6;621928249;1705;233;2629;2663;7.28;0.45;221.86;3.50;924;6;867.00;34
1708;6;621928264;1708;233;2634;2663;7.38;0.46;222.07;3.50;926;6;868.00;29
1712;6;621928277;1712;225;2636;2663;7.38;0.46;222.55;3.50;924;6;869.00;27
1714;6;621928296;1714;231;2639;2663;7.44;0.46;222.52;3.51;925;6;870.00;24
1718;6;621928309;1718;230;2640;2663;7.42;0.46;222.78;3.51;922;6;871.00;23
1719;6;621928322;1719;231;2643;2664;7.38;0.45;222.78;3.51;924;6;872.00;21
1723;6;621928334;1723;233;2646;2665;7.31;0.45;223.10;3.52;923;6;873.00;19
1728;6;621928346;1728;242;2647;2665;7.28;0.45;223.34;3.52;919;6;874.00;18
1732;6;621928359;1732;246;2651;2666;7.18;0.44;223.69;3.53;919;6;875.00;15
1737;6;621928371;1737;249;2651;2666;7.15;0.44;223.96;3.53;914;6;876.00;15
1740;6;621928382;1740;255;2652;2666;7.17;0.44;224.14;3.53;912;6;877.00;14
1744;6;621928396;1744;251;2659;2666;7.14;0.44;224.14;3.56;915;6;878.00;7
1749;6;621928408;1749;254;2661;2670;7.18;0.44;224.35;3.56;912;6;879.00;9
1753;6;621928428;1753;261;2663;2670;7.20;0.44;224.64;3.57;910;6;880.00;7
1757;6;621928441;1757;263;2664;2670;7.20;0.44;224.88;3.57;907;6;881.00;6
1761;6;621928454;1761;269;2664;2673;7.27;0.44;225.22;3.57;903;6;882.00;9
1763;6;621928469;1763;269;2664;2673;7.35;0.45;225.51;3.57;901;6;883.00;9
1767;6;621928482;1767;267;2666;2673;7.35;0.45;225.53;3.58;899;6;884.00;7
1771;6;621928495;1771;264;2669;2677;7.38;0.45;225.80;3.58;898;6;885.00;8
1776;6;621928508;1776;261;2669;2678;7.39;0.45;226.34;3.58;893;6;886.00;9
1781;6;621928521;1781;261;2671;2678;7.45;0.46;226.29;3.58;890;6;887.00;7
1787;6;621928533;1787;263;2675;2682;7.43;0.45;226.65;3.58;888;6;888.00;7
1789;6;621928546;1789;261;2676;2682;7.48;0.46;227.05;3.59;887;6;889.00;6
1792;6;621928558;1792;259;2676;2682;7.52;0.46;227.23;3.59;884;6;890.00;6
1796;6;621928569;1796;262;2678;2683;7.53;0.46;227.50;3.59;882;6;891.00;5
1800;6;621928582;1800;262;2678;2683;7.53;0.46;227.83;3.59;878;6;892.00;5
1803;6;621928597;1803;261;2683;2689;7.56;0.46;228.06;3.59;880;6;893.00;6
1807;6;621928609;1807;262;2683;2689;7.53;0.46;228.50;3.59;876;6;894.00;6
1813;6;621928621;1813;268;2684;2690;7.46;0.46;228.72;3.59;871;6;895.00;6
1819;6;621928634;1819;278;2684;2690;7.39;0.45;229.15;3.59;865;6;896.00;6
1822;6;621928647;1822;270;2684;2690;7.41;0.45;229.47;3.59;862;6;897.00;6
1827;6;621928660;1827;268;2686;2690;7.33;0.45;229.78;3.60;859;6;898.00;4
1832;6;621928672;1832;264;2686;2690;7.28;0.44;230.53;3.60;854;6;899.00;4
1835;6;621928687;1835;267;2714;2736;7.26;0.44;230.55;3.56;879;6;900.00;22
1838;6;621928707;1838;262;2715;2736;7.30;0.45;230.80;3.56;877;6;901.00;21
1840;6;621928719;1840;257;2719;2736;7.35;0.45;230.94;3.56;879;6;902.00;17
1843;6;621928737;1843;260;2720;2736;7.40;0.45;231.04;3.57;877;6;903.00;16
1844;6;621928749;1844;261;2723;2736;7.52;0.46;231.09;3.57;879;6;904.00;13
1846;6;621928761;1846;267;2724;2736;7.55;0.46;231.26;3.57;878;6;905.00;12
1848;6;621928778;1848;257;2730;2740;7.57;0.46;231.37;3.57;882;6;906.00;10
1848;6;621928790;1848;250;2734;2740;7.59;0.47;231.37;3.58;886;6;907.00;6
1853;6;621928802;1853;237;2737;2744;7.67;0.47;231.60;3.57;884;6;908.00;7
1855;6;621928815;1855;234;2738;2745;7.77;0.48;231.75;3.57;883;6;909.00;7
1859;6;621928828;1859;239;2738;2745;7.84;0.48;232.07;3.57;879;6;910.00;7
1862;6;621928841;1862;239;2738;2745;7.90;0.48;232.17;3.57;876;6;911.00;7
1866;6;621928854;1866;245;2750;2758;7.89;0.48;232.56;3.56;884;6;912.00;8
1870;6;621928867;1870;248;2752;2758;7.94;0.49;232.65;3.56;882;6;913.00;6
1873;6;621928880;1873;251;2752;2758;7.99;0.49;232.81;3.56;879;6;914.00;6
1875;6;621928892;1875;251;2753;2759;8.03;0.49;232.86;3.56;878;6;915.00;6
1879;6;621928905;1879;256;2754;2760;8.00;0.49;233.03;3.56;875;6;916.00;6
1881;6;621928917;1881;250;2754;2760;7.94;0.49;233.26;3.56;873;6;917.00;6
1886;6;621928929;1886;250;2757;2763;7.88;0.48;233.24;3.57;871;6;918.00;6
1889;6;621928941;1889;249;2758;2763;7.84;0.48;233.23;3.57;869;6;919.00;5
1892;6;621928953;1892;251;2759;2763;7.82;0.48;233.43;3.57;867;6;920.00;4
1894;6;621928966;1894;250;2759;2763;7.83;0.48;233.45;3.57;865;6;921.00;4
1896;6;621928978;1896;258;2763;2769;7.82;0.48;233.74;3.57;867;6;922.00;6
1897;6;621928992;1897;257;2764;2769;7.77;0.47;233.80;3.57;867;6;923.00;5
1901;6;621929010;1901;255;2765;2769;7.75;0.47;234.05;3.57;864;6;924.00;4
1903;6;621929024;1903;256;2767;2769;7.76;0.47;234.13;3.58;864;6;925.00;2
1907;6;621929036;1907;255;2772;2773;7.77;0.47;234.26;3.59;865;6;926.00;1
1908;6;621929049;1908;258;2774;2774;7.78;0.47;234.32;3.59;866;6;927.00;0
1909;6;621929061;1909;255;2774;2774;7.78;0.47;234.26;3.59;865;6;928.00;0
1910;6;621929072;1910;264;2775;2775;7.80;0.47;234.29;3.59;865;6;929.00;0
1910;6;621929086;1910;263;2775;2775;7.87;0.48;234.29;3.59;865;6;930.00;0
1911;6;621929098;1911;263;2775;2775;7.90;0.48;234.31;3.59;864;6;931.00;0
1914;6;621929109;1914;266;2775;2775;7.89;0.48;234.34;3.59;861;6;932.00;0
1915;6;621929120;1915;270;2775;2775;7.89;0.48;234.40;3.59;860;6;933.00;0
1917;6;621929131;1917;277;2775;2775;7.95;0.48;234.41;3.59;858;6;934.00;0
1917;6;621929142;1917;287;2775;2775;7.92;0.48;234.41;3.59;858;6;935.00;0
1919;6;621929153;1919;292;2811;2845;7.83;0.48;234.46;3.54;892;6;936.00;34
1920;6;621929172;1920;291;2811;2846;7.82;0.48;234.48;3.54;891;6;937.00;35
1920;6;621929183;1920;298;2817;2846;7.81;0.48;234.48;3.54;897;6;938.00;29
1924;6;621929194;1924;301;2818;2846;7.80;0.47;234.57;3.54;894;6;939.00;28
1926;6;621929206;1926;298;2821;2846;7.80;0.47;234.53;3.54;895;6;940.00;25
1926;6;621929217;1926;295;2822;2846;7.79;0.47;234.53;3.54;896;6;941.00;24
1929;6;621929229;1929;297;2824;2846;7.84;0.48;234.77;3.54;895;6;942.00;22
1929;6;621929240;1929;292;2826;2846;7.91;0.48;234.77;3.54;897;6;943.00;20
1933;6;621929257;1933;292;2826;2847;7.94;0.48;234.72;3.54;893;6;944.00;21
1935;6;621929269;1935;287;2830;2849;7.96;0.48;234.61;3.55;895;6;945.00;19
1939;6;621929281;1939;290;2831;2849;7.94;0.48;234.67;3.55;892;6;946.00;18
1942;6;621929292;1942;285;2837;2853;7.94;0.48;234.66;3.55;895;6;947.00;16
1945;6;621929303;1945;293;2838;2853;7.86;0.48;234.68;3.55;893;6;948.00;15
1947;6;621929314;1947;286;2840;2853;7.78;0.47;234.83;3.56;893;6;949.00;13
1949;6;621929325;1949;283;2842;2853;7.63;0.46;234.89;3.57;893;6;950.00;11
1954;6;621929336;1954;274;2847;2859;7.48;0.45;234.86;3.57;893;6;951.00;12
1955;6;621929348;1955;279;2848;2859;7.34;0.45;234.85;3.57;893;6;952.00;11
1958;6;621929359;1958;272;2849;2859;7.22;0.44;234.92;3.57;891;6;953.00;10
1960;6;621929369;1960;283;2851;2862;7.14;0.43;234.94;3.57;891;6;954.00;11
1961;6;621929380;1961;286;2854;2862;6.99;0.42;234.86;3.59;893;6;955.00;8
1964;6;621929391;1964;285;2855;2862;6.97;0.42;234.87;3.59;891;6;956.00;7
1967;6;621929401;1967;281;2855;2863;6.96;0.42;234.80;3.59;888;6;957.00;8
1967;6;621929411;1967;279;2856;2864;6.93;0.42;234.80;3.59;889;6;958.00;8
1975;6;621929421;1975;279;2856;2864;6.89;0.42;235.01;3.59;881;6;959.00;8
1978;6;621929433;1978;284;2873;2890;6.93;0.42;234.97;3.56;895;6;960.00;17
1978;6;621929446;1978;281;2873;2890;6.94;0.42;234.97;3.56;895;6;961.00;17
1981;6;621929456;1981;288;2876;2890;6.98;0.42;235.05;3.57;895;6;962.00;14
1984;6;621929468;1984;288;2878;2891;6.99;0.43;234.86;3.57;894;6;963.00;13
1985;6;621929479;1985;283;2879;2891;6.99;0.43;234.79;3.57;894;6;964.00;12
1987;6;621929489;1987;287;2882;2895;7.07;0.43;234.69;3.57;895;6;965.00;13
1989;6;621929499;1989;288;2883;2895;7.07;0.43;234.49;3.57;894;6;966.00;12
1991;6;621929509;1991;294;2886;2899;7.05;0.43;234.37;3.57;895;6;967.00;13
1992;6;621929520;1992;299;2886;2899;7.05;0.43;234.33;3.57;894;6;968.00;13
1994;6;621929530;1994;305;2887;2899;7.02;0.43;234.34;3.57;893;6;969.00;12
1995;6;621929540;1995;306;2887;2899;7.01;0.43;234.34;3.57;892;6;970.00;12
1996;6;621929550;1996;307;2889;2899;6.97;0.42;234.24;3.59;893;6;971.00;10
1999;6;621929560;1999;310;2900;2911;6.99;0.43;234.11;3.58;901;6;972.00;11
2000;6;621929572;2000;310;2902;2911;6.99;0.43;234.12;3.59;902;6;973.00;9
2001;6;621929583;2001;319;2902;2911;7.01;0.43;234.06;3.59;901;6;974.00;9
2002;6;621929594;2002;322;2903;2911;7.03;0.43;233.96;3.59;901;6;975.00;8
2004;6;621929611;2004;323;2903;2911;7.02;0.43;234.05;3.59;899;6;976.00;8
2006;6;621929628;2006;325;2903;2911;6.98;0.43;233.97;3.59;897;6;977.00;8
2007;6;621929642;2007;337;2903;2912;6.91;0.42;233.96;3.59;896;6;978.00;9
2008;6;621929657;2008;328;2903;2912;6.85;0.42;233.99;3.59;895;6;979.00;9
2010;6;621929681;2010;327;2910;2918;6.93;0.42;233.98;3.61;900;6;980.00;8
2011;6;621929700;2011;322;2911;2919;6.98;0.43;233.96;3.61;900;6;981.00;8
2011;6;621929714;2011;321;2911;2919;7.00;0.43;233.96;3.61;900;6;982.00;8
2013;6;621929724;2013;320;2913;2919;7.04;0.43;233.96;3.63;900;6;983.00;6
2016;6;621929735;2016;320;2916;2923;7.09;0.43;233.99;3.62;900;6;984.00;7
2017;6;621929755;2017;319;2918;2923;7.08;0.43;233.96;3.63;901;6;985.00;5
2019;6;621929766;2019;320;2918;2923;7.07;0.43;233.75;3.63;899;6;986.00;5
2022;6;621929777;2022;323;2920;2924;7.09;0.43;233.85;3.64;898;6;987.00;4
2023;6;621929797;2023;322;2924;2928;7.15;0.44;233.82;3.64;901;6;988.00;4
2024;6;621929808;2024;325;2926;2928;7.19;0.44;233.79;3.65;902;6;989.00;2
2026;6;621929821;2026;321;2931;2934;7.27;0.44;233.72;3.64;905;6;990.00;3
2027;6;621929833;2027;321;2932;2934;7.29;0.45;233.61;3.64;905;6;991.00;2
2029;6;621929843;2029;322;2934;2934;7.29;0.45;233.60;3.64;905;6;992.00;0
2031;6;621929853;2031;320;2934;2934;7.27;0.44;233.59;3.64;903;6;993.00;0
2032;6;621929863;2032;319;2938;2938;7.30;0.45;233.55;3.64;906;6;994.00;0
2034;6;621929873;2034;319;2938;2938;7.27;0.45;233.52;3.64;904;6;995.00;0
2035;6;621929883;2035;318;2938;2938;7.20;0.44;233.60;3.64;903;6;996.00;0
2035;6;621929894;2035;317;2938;2938;7.18;0.44;233.60;3.64;903;6;997.00;0
2037;6;621929904;2037;324;2939;2939;7.11;0.44;233.53;3.64;902;6;998.00;0
2037;6;621929914;2037;318;2940;2940;7.10;0.44;233.53;3.64;903;6;999.00;0
2040;6;621929926;2040;309;2940;2940;7.06;0.43;233.42;3.64;900;6;1000.00;0
2043;6;621929941;2043;309;2941;2941;7.03;0.43;233.21;3.64;898;6;1001.00;0
2046;6;621929952;2046;308;2941;2941;6.98;0.43;233.18;3.64;895;6;1002.00;0
2048;6;621929961;2048;307;2941;2941;6.93;0.42;233.14;3.64;893;6;1003.00;0
2049;6;621929972;2049;302;2941;2941;6.98;0.43;233.12;3.64;892;6;1004.00;0
2052;6;621929982;2052;300;2941;2941;6.89;0.42;233.32;3.64;889;6;1005.00;0
2055;6;621929991;2055;299;2941;2941;6.83;0.42;233.46;3.64;886;6;1006.00;0
2056;6;621930001;2056;292;2941;2941;6.84;0.42;233.52;3.64;885;6;1007.00;0
2059;6;621930013;2059;310;3015;3068;6.98;0.43;233.62;3.55;956;6;1008.00;53
2062;6;621930037;2062;306;3020;3069;6.95;0.43;233.47;3.54;958;6;1009.00;49
2063;6;621930048;2063;290;3030;3069;6.95;0.43;233.50;3.54;967;6;1010.00;39
2065;6;621930060;2065;293;3034;3069;6.93;0.43;233.58;3.54;969;6;1011.00;35
2069;6;621930070;2069;288;3041;3069;6.85;0.42;233.82;3.54;972;6;1012.00;28
2071;6;621930080;2071;286;3043;3069;6.75;0.42;233.89;3.54;972;6;1013.00;26
2073;6;621930090;2073;289;3046;3069;6.68;0.41;234.00;3.54;973;6;1014.00;23
2077;6;621930100;2077;294;3049;3069;6.61;0.41;234.01;3.55;972;6;1015.00;20
2079;6;621930111;2079;298;3050;3070;6.60;0.41;234.13;3.55;971;6;1016.00;20
2082;6;621930121;2082;308;3052;3071;6.50;0.40;234.19;3.55;970;6;1017.00;19
2086;6;621930132;2086;306;3053;3071;6.51;0.40;234.25;3.55;967;6;1018.00;18
2087;6;621930143;2087;309;3056;3072;6.49;0.40;234.14;3.56;969;6;1019.00;16
2095;6;621930155;2095;301;3057;3072;6.40;0.39;234.33;3.56;962;6;1020.00;15
2097;6;621930166;2097;295;3059;3072;6.35;0.39;234.43;3.57;962;6;1021.00;13
2100;6;621930176;2100;293;3062;3072;6.34;0.39;234.28;3.58;962;6;1022.00;10
2105;6;621930186;2105;293;3067;3076;6.36;0.39;234.45;3.58;962;6;1023.00;9
2107;6;621930198;2107;287;3068;3076;6.40;0.39;234.47;3.58;961;6;1024.00;8
2108;6;621930209;2108;286;3070;3076;6.49;0.40;234.57;3.59;962;6;1025.00;6
2114;6;621930220;2114;282;3071;3079;6.52;0.40;234.87;3.59;957;6;1026.00;8
2118;6;621930231;2118;282;3072;3079;6.58;0.40;234.94;3.60;954;6;1027.00;7
2120;6;621930243;2120;273;3074;3079;6.68;0.41;235.07;3.60;954;6;1028.00;5
2123;6;621930255;2123;267;3079;3083;6.72;0.41;235.45;3.60;956;6;1029.00;4
2125;6;621930274;2125;265;3080;3084;6.79;0.42;235.60;3.60;955;6;1030.00;4
2129;6;621930285;2129;264;3082;3084;6.82;0.42;235.77;3.61;953;6;1031.00;2
2134;6;621930296;2134;260;3084;3088;6.88;0.42;236.08;3.61;950;6;1032.00;4
2139;6;621930308;2139;261;3087;3088;6.92;0.42;236.61;3.61;948;6;1033.00;1
2142;6;621930319;2142;254;3087;3088;6.96;0.43;236.83;3.61;945;6;1034.00;1
2146;6;621930331;2146;252;3089;3090;7.03;0.43;236.83;3.61;943;6;1035.00;1
2151;6;621930343;2151;245;3089;3090;7.08;0.43;237.19;3.61;938;6;1036.00;1
2153;6;621930355;2153;243;3092;3096;7.22;0.44;237.39;3.61;939;6;1037.00;4
2158;6;621930367;2158;240;3093;3096;7.23;0.44;237.61;3.61;935;6;1038.00;3
2164;6;621930387;2164;240;3096;3097;7.18;0.44;238.23;3.61;932;6;1039.00;1
2169;6;621930407;2169;243;3096;3097;7.17;0.44;238.61;3.61;927;6;1040.00;1
2175;6;621930419;2175;248;3096;3097;7.21;0.44;238.76;3.61;921;6;1041.00;1
2176;6;621930429;2176;248;3097;3097;7.25;0.44;238.92;3.61;921;6;1042.00;0
2183;6;621930441;2183;249;3097;3097;7.25;0.44;239.38;3.61;914;6;1043.00;0
2187;6;621930452;2187;248;3106;3109;7.33;0.45;239.67;3.60;919;6;1044.00;3
2194;6;621930465;2194;251;3107;3109;7.30;0.45;240.25;3.60;913;6;1045.00;2
2198;6;621930478;2198;248;3108;3109;7.33;0.45;240.48;3.59;910;6;1046.00;1
2202;6;621930489;2202;243;3108;3109;7.40;0.45;240.59;3.59;906;6;1047.00;1
2211;6;621930499;2211;251;3109;3109;7.40;0.45;240.65;3.60;898;6;1048.00;0
2214;6;621930511;2214;246;3109;3109;7.45;0.45;240.85;3.60;895;6;1049.00;0
2220;6;621930525;2220;248;3115;3115;7.49;0.46;240.88;3.59;895;6;1050.00;0
2222;6;621930537;2222;247;3115;3115;7.49;0.46;240.92;3.59;893;6;1051.00;0
2224;6;621930549;2224;243;3119;3119;7.54;0.46;241.13;3.59;895;6;1052.00;0
2229;6;621930561;2229;241;3120;3120;7.55;0.46;241.30;3.58;891;6;1053.00;0
2233;6;621930573;2233;241;3120;3120;7.53;0.46;241.58;3.58;887;6;1054.00;0
2234;6;621930584;2234;239;3120;3120;7.57;0.46;241.74;3.58;886;6;1055.00;0
2238;6;621930596;2238;245;3132;3133;7.62;0.46;241.89;3.57;894;6;1056.00;1
2240;6;621930609;2240;248;3133;3133;7.67;0.47;242.00;3.57;893;6;1057.00;0
2242;6;621930621;2242;245;3133;3133;7.77;0.47;242.10;3.57;891;6;1058.00;0
2243;6;621930632;2243;249;3134;3134;7.86;0.48;242.02;3.57;891;6;1059.00;0
2244;6;621930644;2244;242;3135;3135;7.86;0.48;242.02;3.57;891;6;1060.00;0
2246;6;621930656;2246;242;3135;3135;7.80;0.48;242.27;3.57;889;6;1061.00;0
2253;6;621930671;2253;247;3137;3138;7.72;0.47;242.56;3.57;884;6;1062.00;1
2257;6;621930684;2257;251;3137;3138;7.69;0.47;242.97;3.57;880;6;1063.00;1
2260;6;621930695;2260;260;3138;3138;7.69;0.47;242.99;3.57;878;6;1064.00;0
2266;6;621930708;2266;261;3138;3138;7.63;0.47;243.37;3.57;872;6;1065.00;0
2270;6;621930719;2270;266;3144;3144;7.59;0.46;243.46;3.56;874;6;1066.00;0
2274;6;621930731;2274;259;3144;3144;7.55;0.46;243.57;3.56;870;6;1067.00;0
2279;6;621930743;2279;258;3144;3144;7.48;0.46;244.23;3.56;865;6;1068.00;0
2282;6;621930756;2282;258;3144;3144;7.51;0.46;244.33;3.56;862;6;1069.00;0
2285;6;621930768;2285;261;3148;3148;7.49;0.46;244.52;3.56;863;6;1070.00;0
2288;6;621930781;2288;262;3149;3149;7.48;0.46;244.73;3.56;861;6;1071.00;0
2291;6;621930794;2291;260;3149;3149;7.47;0.46;244.88;3.56;858;6;1072.00;0
2294;6;621930805;2294;266;3150;3150;7.54;0.46;245.04;3.56;856;6;1073.00;0
2299;6;621930817;2299;275;3150;3150;7.54;0.46;245.42;3.56;851;6;1074.00;0
2303;6;621930828;2303;280;3150;3150;7.56;0.46;245.16;3.56;847;6;1075.00;0
2308;6;621930840;2308;269;3150;3150;7.56;0.46;245.49;3.56;842;6;1076.00;0
2309;6;621930852;2309;264;3150;3150;7.57;0.46;245.65;3.56;841;6;1077.00;0
2311;6;621930863;2311;263;3150;3150;7.59;0.46;245.70;3.56;839;6;1078.00;0
2318;6;621930875;2318;266;3150;3150;7.58;0.46;245.95;3.56;832;6;1079.00;0
2318;6;621930889;2318;302;3233;3275;7.60;0.47;245.95;3.46;915;6;1080.00;42
2322;6;621930913;2322;299;3240;3276;7.57;0.46;246.05;3.46;918;6;1081.00;36
2325;6;621930926;2325;291;3245;3276;7.62;0.47;246.31;3.46;920;6;1082.00;31
2327;6;621930939;2327;289;3247;3276;7.62;0.47;246.57;3.46;920;6;1083.00;29
2328;6;621930951;2328;281;3253;3276;7.65;0.47;246.67;3.46;925;6;1084.00;23
2329;6;621930964;2329;281;3255;3276;7.69;0.47;246.72;3.46;926;6;1085.00;21
2330;6;621930976;2330;289;3260;3276;7.65;0.47;246.67;3.46;930;6;1086.00;16
2331;6;621930989;2331;284;3263;3276;7.58;0.46;246.60;3.47;932;6;1087.00;13
2332;6;621931002;2332;283;3267;3277;7.51;0.46;246.59;3.47;935;6;1088.00;10
2334;6;621931014;2334;284;3270;3278;7.40;0.45;246.71;3.48;936;6;1089.00;8
2335;6;621931027;2335;284;3273;3278;7.30;0.45;246.76;3.48;938;6;1090.00;5
2337;6;621931039;2337;283;3278;3282;7.21;0.44;246.87;3.48;941;6;1091.00;4
2341;6;621931052;2341;285;3278;3282;7.14;0.44;247.23;3.48;937;6;1092.00;4
2342;6;621931065;2342;282;3278;3282;7.15;0.44;247.27;3.48;936;6;1093.00;4
2344;6;621931077;2344;290;3278;3282;7.17;0.44;247.31;3.48;934;6;1094.00;4
2345;6;621931089;2345;295;3283;3288;7.22;0.44;247.30;3.48;938;6;1095.00;5
2348;6;621931101;2348;293;3283;3288;7.30;0.45;247.26;3.48;935;6;1096.00;5
2353;6;621931113;2353;296;3283;3288;7.33;0.45;247.58;3.48;930;6;1097.00;5
2357;6;621931124;2357;300;3286;3291;7.40;0.45;247.62;3.48;929;6;1098.00;5
2361;6;621931144;2361;302;3286;3291;7.41;0.45;247.83;3.48;925;6;1099.00;5
2364;6;621931157;2364;302;3286;3291;7.40;0.45;248.04;3.48;922;6;1100.00;5
2365;6;621931172;2365;306;3286;3292;7.46;0.46;248.10;3.48;921;6;1101.00;6
2366;6;621931184;2366;311;3288;3293;7.43;0.45;248.03;3.47;922;6;1102.00;5
2371;6;621931196;2371;316;3288;3293;7.40;0.45;247.88;3.47;917;6;1103.00;5
2371;6;621931208;2371;321;3299;3306;7.38;0.45;247.88;3.46;928;6;1104.00;7
2376;6;621931221;2376;317;3299;3306;7.32;0.44;247.89;3.46;923;6;1105.00;7
2379;6;621931232;2379;322;3299;3306;7.30;0.44;247.82;3.46;920;6;1106.00;7
2381;6;621931243;2381;317;3300;3307;7.28;0.44;247.93;3.46;919;6;1107.00;7
2382;6;621931255;2382;320;3300;3307;7.24;0.44;247.87;3.46;918;6;1108.00;7
2383;6;621931266;2383;325;3304;3311;7.25;0.44;247.86;3.46;921;6;1109.00;7
2384;6;621931280;2384;322;3304;3311;7.22;0.44;247.88;3.46;920;6;1110.00;7
2387;6;621931291;2387;320;3308;3315;7.23;0.44;247.89;3.47;921;6;1111.00;7
2388;6;621931303;2388;318;3308;3315;7.28;0.44;247.86;3.47;920;6;1112.00;7
2391;6;621931314;2391;317;3308;3315;7.24;0.44;247.70;3.47;917;6;1113.00;7
2392;6;621931325;2392;313;3308;3315;7.19;0.44;247.76;3.47;916;6;1114.00;7
2394;6;621931337;2394;316;3308;3315;7.18;0.44;247.71;3.47;914;6;1115.00;7
2395;6;621931348;2395;309;3318;3327;7.20;0.44;247.62;3.45;923;6;1116.00;9
2399;6;621931360;2399;316;3318;3327;7.19;0.44;247.62;3.45;919;6;1117.00;9
2403;6;621931371;2403;310;3320;3327;7.16;0.44;247.61;3.46;917;6;1118.00;7
2405;6;621931383;2405;305;3320;3327;7.16;0.44;247.75;3.46;915;6;1119.00;7
2407;6;621931393;2407;299;3321;3327;7.15;0.43;247.73;3.48;914;6;1120.00;6
2409;6;621931403;2409;300;3321;3327;7.09;0.43;247.76;3.48;912;6;1121.00;6
2410;6;621931413;2410;293;3321;3328;7.06;0.43;247.88;3.48;911;6;1122.00;7
2412;6;621931422;2412;294;3321;3328;6.99;0.43;247.98;3.48;909;6;1123.00;7
2415;6;621931431;2415;294;3326;3334;6.99;0.43;248.16;3.47;911;6;1124.00;8
2419;6;621931441;2419;297;3330;3336;6.99;0.42;248.19;3.48;911;6;1125.00;6
2422;6;621931452;2422;297;3330;3336;6.91;0.42;248.32;3.48;908;6;1126.00;6
2424;6;621931462;2424;295;3330;3336;6.88;0.42;248.37;3.48;906;6;1127.00;6
2426;6;621931473;2426;295;3333;3340;6.88;0.42;248.43;3.48;907;6;1128.00;7
2428;6;621931484;2428;302;3333;3340;6.86;0.42;248.31;3.48;905;6;1129.00;7
2429;6;621931494;2429;304;3333;3340;6.83;0.41;248.38;3.48;904;6;1130.00;7
2431;6;621931505;2431;287;3334;3341;6.87;0.42;248.30;3.48;903;6;1131.00;7
2432;6;621931516;2432;268;3337;3345;6.92;0.42;248.21;3.48;905;6;1132.00;8
2433;6;621931527;2433;263;3337;3345;7.02;0.42;248.16;3.48;904;6;1133.00;8
2436;6;621931538;2436;256;3339;3348;7.14;0.43;248.06;3.48;903;6;1134.00;9
2437;6;621931550;2437;248;3340;3348;7.26;0.44;248.13;3.48;903;6;1135.00;8
2439;6;621931560;2439;239;3340;3348;7.38;0.45;248.02;3.48;901;6;1136.00;8
2440;6;621931572;2440;239;3340;3348;7.46;0.45;247.97;3.48;900;6;1137.00;8
2441;6;621931596;2441;238;3344;3352;7.58;0.46;247.95;3.47;903;6;1138.00;8
2441;6;621931611;2441;234;3344;3352;7.66;0.46;247.95;3.47;903;6;1139.00;8
2442;6;621931631;2442;233;3344;3352;7.75;0.47;247.96;3.47;902;6;1140.00;8
2442;6;621931648;2442;234;3344;3352;7.83;0.47;247.96;3.47;902;6;1141.00;8
2443;6;621931667;2443;229;3344;3353;7.88;0.48;247.93;3.47;901;6;1142.00;9
2443;6;621931683;2443;221;3345;3354;7.92;0.48;247.93;3.47;902;6;1143.00;9
2444;6;621931700;2444;220;3345;3354;7.91;0.48;247.92;3.47;901;6;1144.00;9
2444;6;621931715;2444;220;3346;3355;7.95;0.48;247.92;3.47;902;6;1145.00;9
2444;6;621931736;2444;218;3346;3355;7.95;0.48;247.92;3.47;902;6;1146.00;9
2446;6;621931748;2446;219;3346;3355;7.96;0.48;247.92;3.47;900;6;1147.00;9
2446;6;621931760;2446;218;3346;3355;8.02;0.49;247.92;3.47;900;6;1148.00;9
2446;6;621931772;2446;217;3346;3355;8.06;0.49;247.92;3.47;900;6;1149.00;9
2447;6;621931783;2447;221;3347;3355;8.06;0.49;247.99;3.48;900;6;1150.00;8
2448;6;621931794;2448;220;3348;3355;8.03;0.49;247.95;3.49;900;6;1151.00;7
2450;6;621931805;2450;236;3412;3482;8.18;0.50;248.01;3.43;962;6;1152.00;70
2452;6;621931826;2452;231;3416;3483;8.12;0.50;248.08;3.44;964;6;1153.00;67
2454;6;621931838;2454;223;3425;3483;8.14;0.50;248.23;3.43;971;6;1154.00;58
2457;6;621931849;2457;227;3434;3483;8.09;0.50;248.50;3.44;977;6;1155.00;49
2460;6;621931860;2460;229;3441;3483;8.09;0.50;248.52;3.45;981;6;1156.00;42
2462;6;621931871;2462;223;3446;3483;7.95;0.49;248.47;3.46;984;6;1157.00;37
2464;6;621931882;2464;228;3449;3483;7.84;0.48;248.78;3.46;985;6;1158.00;34
2467;6;621931899;2467;227;3452;3483;7.82;0.48;248.96;3.47;985;6;1159.00;31
2468;6;621931910;2468;228;3455;3484;7.85;0.48;249.06;3.48;987;6;1160.00;29
2470;6;621931929;2470;235;3460;3485;7.81;0.48;249.09;3.49;990;6;1161.00;25
2471;6;621931940;2471;238;3463;3485;7.76;0.48;249.12;3.50;992;6;1162.00;22
2472;6;621931951;2472;245;3465;3486;7.73;0.48;249.11;3.51;993;6;1163.00;21
2477;6;621931973;2477;248;3468;3486;7.68;0.47;248.91;3.52;991;6;1164.00;18
2478;6;621931984;2478;255;3471;3486;7.56;0.47;248.89;3.53;993;6;1165.00;15
2479;6;621931995;2479;256;3478;3486;7.50;0.46;248.92;3.55;999;6;1166.00;8
2483;6;621932006;2483;266;3480;3490;7.44;0.46;248.90;3.54;997;6;1167.00;10
2484;6;621932018;2484;268;3484;3490;7.35;0.45;248.85;3.55;1000;6;1168.00;6
2487;6;621932029;2487;271;3484;3490;7.24;0.45;249.10;3.55;997;6;1169.00;6
2493;6;621932042;2493;271;3491;3496;7.15;0.44;249.01;3.56;998;6;1170.00;5
2494;6;621932053;2494;275;3491;3496;7.08;0.44;249.08;3.56;997;6;1171.00;5
2495;6;621932064;2495;274;3494;3496;7.05;0.44;249.07;3.56;999;6;1172.00;2
2499;6;621932074;2499;277;3498;3500;6.94;0.43;249.18;3.56;999;6;1173.00;2
2501;6;621932086;2501;280;3499;3501;6.92;0.43;249.32;3.56;998;6;1174.00;2
2505;6;621932098;2505;285;3500;3501;6.90;0.43;249.43;3.56;995;6;1175.00;1
2507;6;621932108;2507;283;3504;3505;6.96;0.43;249.34;3.56;997;6;1176.00;1
2508;6;621932119;2508;280;3505;3505;6.98;0.43;249.42;3.56;997;6;1177.00;0
2510;6;621932130;2510;279;3505;3505;6.95;0.43;249.49;3.56;995;6;1178.00;0
2514;6;621932141;2514;278;3506;3506;6.92;0.43;249.41;3.56;992;6;1179.00;0
2517;6;621932153;2517;276;3506;3506;6.93;0.43;249.47;3.56;989;6;1180.00;0
2521;6;621932164;2521;282;3512;3512;6.94;0.43;249.49;3.56;991;6;1181.00;0
2524;6;621932175;2524;278;3512;3512;6.93;0.43;249.51;3.56;988;6;1182.00;0
2531;6;621932185;2531;285;3513;3513;6.92;0.43;249.62;3.56;982;6;1183.00;0
2535;6;621932196;2535;283;3513;3513;6.95;0.43;249.55;3.56;978;6;1184.00;0
2540;6;621932207;2540;287;3513;3513;6.96;0.43;249.60;3.56;973;6;1185.00;0
2543;6;621932217;2543;295;3513;3513;6.96;0.43;249.79;3.56;970;6;1186.00;0
2550;6;621932228;2550;293;3513;3513;6.94;0.42;250.03;3.56;963;6;1187.00;0
2555;6;621932239;2555;304;3522;3525;6.97;0.43;250.07;3.55;967;6;1188.00;3
2561;6;621932250;2561;302;3523;3525;6.94;0.42;250.00;3.55;962;6;1189.00;2
2566;6;621932261;2566;294;3524;3525;6.97;0.43;250.14;3.54;958;6;1190.00;1
2570;6;621932271;2570;294;3525;3525;7.02;0.43;250.34;3.54;955;6;1191.00;0
2572;6;621932282;2572;288;3525;3525;7.02;0.43;250.33;3.54;953;6;1192.00;0
2576;7;621932292;2576;291;3525;3525;7.05;0.43;250.43;3.54;949;7;1193.00;0
2579;7;621932318;2579;289;3529;3529;7.09;0.43;250.39;3.54;950;7;1194.00;0
2581;7;621932329;2581;286;3529;3529;7.11;0.44;250.55;3.54;948;7;1195.00;0
2584;7;621932354;2584;287;3533;3533;7.15;0.44;250.77;3.54;949;7;1196.00;0
2586;7;621932365;2586;280;3534;3534;7.17;0.44;250.87;3.54;948;7;1197.00;0
2588;7;621932376;2588;275;3534;3534;7.16;0.44;251.07;3.54;946;7;1198.00;0
2593;7;621932388;2593;271;3534;3534;7.13;0.44;251.39;3.54;941;7;1199.00;0
2597;7;621932403;2597;272;3560;3575;7.09;0.43;251.56;3.51;963;7;1200.00;15
2600;7;621932425;2600;274;3561;3575;7.05;0.43;251.49;3.51;961;7;1201.00;14
2604;7;621932439;2604;264;3564;3575;6.99;0.43;251.79;3.51;960;7;1202.00;11
2606;7;621932452;2606;268;3566;3576;6.95;0.42;252.00;3.51;960;7;1203.00;10
2611;7;621932463;2611;273;3569;3577;6.90;0.42;252.22;3.51;958;7;1204.00;8
2614;7;621932475;2614;271;3569;3577;6.92;0.42;252.50;3.51;955;7;1205.00;8
2618;7;621932487;2618;274;3572;3580;6.93;0.42;252.68;3.51;954;7;1206.00;8
2621;7;621932499;2621;278;3573;3580;6.95;0.42;252.93;3.51;952;7;1207.00;7
2627;7;621932510;2627;282;3576;3580;6.90;0.42;253.04;3.51;949;7;1208.00;4
2631;7;621932522;2631;280;3576;3580;6.92;0.42;253.12;3.51;945;7;1209.00;4
2638;7;621932533;2638;285;3582;3586;6.89;0.42;253.34;3.51;944;7;1210.00;4
2643;7;621932545;2643;288;3582;3586;6.90;0.42;253.35;3.51;939;7;1211.00;4
2646;7;621932556;2646;287;3582;3586;6.90;0.42;253.60;3.51;936;7;1212.00;4
2649;7;621932567;2649;289;3582;3586;6.94;0.42;253.75;3.51;933;7;1213.00;4
2652;7;621932580;2652;286;3587;3590;6.96;0.42;254.00;3.51;935;7;1214.00;3
2654;7;621932592;2654;292;3589;3592;7.01;0.43;254.02;3.50;935;7;1215.00;3
2659;7;621932605;2659;294;3589;3592;7.02;0.43;254.16;3.50;930;7;1216.00;3
2663;7;621932616;2663;299;3590;3593;7.06;0.43;254.69;3.50;927;7;1217.00;3
2667;7;621932628;2667;301;3590;3593;7.08;0.43;254.79;3.50;923;7;1218.00;3
2673;7;621932639;2673;308;3590;3593;7.08;0.43;254.99;3.50;917;7;1219.00;3
2676;7;621932651;2676;308;3591;3593;7.07;0.43;255.15;3.51;915;7;1220.00;2
2682;7;621932669;2682;312;3591;3593;6.99;0.43;255.44;3.51;909;7;1221.00;2
2690;7;621932679;2690;313;3591;3593;6.91;0.42;255.58;3.51;901;7;1222.00;2
2693;7;621932690;2693;321;3591;3593;6.89;0.42;255.64;3.51;898;7;1223.00;2
2701;7;621932700;2701;337;3631;3663;6.89;0.42;255.76;3.47;930;7;1224.00;32
2706;7;621932715;2706;338;3635;3664;6.82;0.42;256.05;3.47;929;7;1225.00;29
2710;7;621932726;2710;332;3642;3664;6.87;0.42;256.23;3.47;932;7;1226.00;22
2715;7;621932736;2715;334;3642;3664;6.83;0.42;256.51;3.47;927;7;1227.00;22
2720;7;621932747;2720;339;3645;3666;6.86;0.42;256.57;3.47;925;7;1228.00;21
2723;7;621932758;2723;335;3647;3666;6.96;0.42;256.66;3.47;924;7;1229.00;19
2728;7;621932770;2728;333;3648;3666;6.90;0.42;256.78;3.47;920;7;1230.00;18
2729;7;621932781;2729;335;3650;3666;6.91;0.42;256.77;3.47;921;7;1231.00;16
2732;7;621932791;2732;337;3654;3667;6.88;0.42;256.97;3.49;922;7;1232.00;13
2734;7;621932802;2734;343;3656;3668;6.83;0.42;256.92;3.49;922;7;1233.00;12
2738;7;621932813;2738;355;3659;3668;6.76;0.41;257.02;3.49;921;7;1234.00;9
2741;7;621932824;2741;358;3665;3672;6.74;0.41;257.27;3.50;924;7;1235.00;7
2744;7;621932834;2744;363;3668;3672;6.72;0.41;257.37;3.50;924;7;1236.00;4
2746;7;621932845;2746;355;3670;3672;6.76;0.41;257.47;3.50;924;7;1237.00;2
2747;7;621932855;2747;352;3672;3672;6.74;0.41;257.58;3.51;925;7;1238.00;0
2750;7;621932866;2750;345;3678;3678;6.79;0.42;257.77;3.50;928;7;1239.00;0
2753;7;621932877;2753;339;3678;3678;6.82;0.42;257.93;3.50;925;7;1240.00;0
2758;7;621932888;2758;338;3678;3678;6.81;0.42;258.35;3.50;920;7;1241.00;0
2760;7;621932898;2760;339;3680;3681;6.93;0.43;258.51;3.50;920;7;1242.00;1
2763;7;621932909;2763;336;3680;3681;6.91;0.42;258.51;3.50;917;7;1243.00;1
2765;7;621932920;2765;337;3681;3681;6.90;0.42;258.57;3.50;916;7;1244.00;0
2769;7;621932931;2769;339;3682;3682;6.87;0.42;258.63;3.50;913;7;1245.00;0
2770;7;621932941;2770;333;3683;3683;6.92;0.42;258.60;3.50;913;7;1246.00;0
2773;7;621932958;2773;325;3683;3683;6.92;0.42;258.72;3.50;910;7;1247.00;0
2774;7;621932973;2774;322;3696;3696;7.00;0.43;258.73;3.49;922;7;1248.00;0
2775;7;621932985;2775;321;3696;3696;6.96;0.43;258.70;3.49;921;7;1249.00;0
2780;7;621933002;2780;322;3696;3696;6.96;0.42;258.81;3.49;916;7;1250.00;0
2784;7;621933013;2784;325;3697;3697;6.96;0.42;258.89;3.49;913;7;1251.00;0
2786;7;621933025;2786;319;3697;3697;6.98;0.43;258.89;3.49;911;7;1252.00;0
2786;7;621933036;2786;321;3701;3701;6.98;0.43;258.89;3.48;915;7;1253.00;0
2789;7;621933047;2789;317;3701;3701;6.98;0.43;258.85;3.48;912;7;1254.00;0
2792;7;621933058;2792;314;3705;3705;6.95;0.42;258.93;3.48;913;7;1255.00;0
2795;7;621933070;2795;321;3705;3705;6.97;0.43;259.05;3.48;910;7;1256.00;0
2795;7;621933082;2795;315;3705;3705;7.00;0.43;259.05;3.48;910;7;1257.00;0
2798;7;621933094;2798;315;3705;3705;6.98;0.43;259.01;3.48;907;7;1258.00;0
2801;7;621933107;2801;309;3705;3705;6.99;0.43;258.97;3.48;904;7;1259.00;0
2803;7;621933120;2803;314;3731;3739;7.04;0.43;258.95;3.46;928;7;1260.00;8
2806;7;621933133;2806;319;3732;3739;7.07;0.43;258.91;3.46;926;7;1261.00;7
2808;7;621933145;2808;317;3735;3739;7.08;0.43;258.78;3.46;927;7;1262.00;4
2810;7;621933158;2810;317;3735;3739;7.08;0.43;258.82;3.46;925;7;1263.00;4
2812;7;621933168;2812;315;3736;3739;7.05;0.43;258.75;3.46;924;7;1264.00;3
2816;7;621933179;2816;322;3736;3739;6.98;0.43;258.65;3.46;920;7;1265.00;3
2822;7;621933189;2822;325;3736;3740;6.88;0.42;258.46;3.46;914;7;1266.00;4
2825;7;621933200;2825;324;3736;3740;6.84;0.42;258.45;3.46;911;7;1267.00;4
2825;7;621933211;2825;330;3741;3746;6.87;0.42;258.45;3.45;916;7;1268.00;5
2826;7;621933222;2826;334;3742;3747;6.81;0.42;258.37;3.45;916;7;1269.00;5
2826;7;621933232;2826;326;3742;3747;6.77;0.41;258.37;3.45;916;7;1270.00;5
2827;7;621933243;2827;331;3742;3747;6.71;0.41;258.29;3.45;915;7;1271.00;5
2827;7;621933254;2827;336;3745;3751;6.64;0.41;258.29;3.45;918;7;1272.00;6
2829;7;621933265;2829;339;3745;3751;6.57;0.40;258.26;3.45;916;7;1273.00;6
2830;7;621933275;2830;341;3745;3751;6.50;0.40;258.29;3.45;915;7;1274.00;6
2832;7;621933285;2832;343;3746;3752;6.50;0.40;258.24;3.45;914;7;1275.00;6
2834;7;621933295;2834;347;3749;3756;6.47;0.39;258.20;3.45;915;7;1276.00;7
2836;7;621933306;2836;351;3749;3756;6.46;0.39;258.20;3.45;913;7;1277.00;7
2837;7;621933316;2837;348;3751;3759;6.48;0.39;258.19;3.44;914;7;1278.00;8
2839;7;621933326;2839;349;3751;3759;6.45;0.39;258.13;3.44;912;7;1279.00;8
2841;7;621933336;2841;339;3752;3759;6.47;0.39;258.19;3.44;911;7;1280.00;7
2842;7;621933346;2842;329;3752;3759;6.49;0.39;258.29;3.44;910;7;1281.00;7
2845;7;621933359;2845;331;3756;3763;6.49;0.39;258.23;3.44;911;7;1282.00;7
2846;7;621933370;2846;312;3756;3763;6.51;0.39;258.37;3.44;910;7;1283.00;7
2848;7;621933381;2848;303;3756;3763;6.54;0.39;258.45;3.44;908;7;1284.00;7
2850;7;621933393;2850;294;3756;3763;6.54;0.39;258.55;3.44;906;7;1285.00;7
2850;7;621933405;2850;283;3756;3764;6.64;0.40;258.55;3.44;906;7;1286.00;8
2850;7;621933416;2850;278;3757;3765;6.73;0.41;258.55;3.44;907;7;1287.00;8
2853;7;621933428;2853;269;3757;3765;6.75;0.41;258.69;3.44;904;7;1288.00;8
2854;7;621933439;2854;264;3758;3766;6.84;0.41;258.72;3.44;904;7;1289.00;8
2857;7;621933452;2857;258;3758;3766;6.85;0.41;258.80;3.44;901;7;1290.00;8
2857;8;621933463;2857;249;3758;3766;6.89;0.42;258.80;3.44;901;8;1291.00;8
2859;8;621933485;2859;242;3758;3766;6.92;0.42;258.86;3.44;899;8;1292.00;8
2859;8;621933497;2859;234;3758;3766;6.97;0.42;258.86;3.44;899;8;1293.00;8
2861;8;621933507;2861;228;3759;3766;7.03;0.42;258.93;3.45;898;8;1294.00;7
2863;8;621933520;2863;224;3759;3766;7.07;0.43;258.96;3.45;896;8;1295.00;7
2865;8;621933531;2865;238;3824;3893;7.34;0.45;258.98;3.40;959;8;1296.00;69
2870;8;621933561;2870;228;3825;3894;7.40;0.45;259.01;3.40;955;8;1297.00;69
2873;8;621933573;2873;215;3833;3894;7.52;0.46;259.01;3.39;960;8;1298.00;61
2874;9;621933585;2874;206;3836;3894;7.56;0.46;258.96;3.39;962;9;1299.00;58
2875;9;621933613;2875;203;3841;3894;7.62;0.47;259.03;3.39;966;9;1300.00;53
2875;9;621933639;2875;197;3843;3894;7.67;0.47;259.03;3.40;968;9;1301.00;51
2876;9;621933658;2876;189;3845;3894;7.68;0.47;259.06;3.40;969;9;1302.00;49
2878;9;621933674;2878;191;3849;3894;7.72;0.47;259.01;3.40;971;9;1303.00;45
2879;9;621933692;2879;194;3852;3895;7.79;0.47;259.14;3.40;973;9;1304.00;43
2884;9;621933710;2884;200;3857;3897;7.75;0.47;259.13;3.41;973;9;1305.00;40
2886;9;621933725;2886;197;3861;3897;7.82;0.47;259.09;3.42;975;9;1306.00;36
2888;9;621933739;2888;188;3864;3898;7.90;0.48;259.15;3.42;976;9;1307.00;34
2888;9;621933752;2888;186;3866;3898;7.98;0.48;259.15;3.43;978;9;1308.00;32
2890;9;621933766;2890;179;3871;3898;8.00;0.49;259.23;3.44;981;9;1309.00;27
2892;9;621933779;2892;176;3875;3898;8.03;0.49;259.11;3.45;983;9;1310.00;23
2894;9;621933792;2894;177;3878;3902;8.07;0.49;259.14;3.45;984;9;1311.00;24
2896;9;621933806;2896;175;3881;3902;8.03;0.49;259.12;3.46;985;9;1312.00;21
2898;9;621933820;2898;182;3882;3902;8.00;0.49;259.10;3.46;984;9;1313.00;20
2901;9;621933834;2901;185;3884;3905;8.05;0.49;259.12;3.46;983;9;1314.00;21
2903;9;621933849;2903;188;3886;3905;8.03;0.49;259.30;3.46;983;9;1315.00;19
2905;9;621933861;2905;194;3888;3905;8.04;0.49;259.42;3.48;983;9;1316.00;17
2910;9;621933874;2910;193;3892;3909;8.06;0.49;259.50;3.49;982;9;1317.00;17
2913;9;621933888;2913;201;3893;3910;8.11;0.49;259.79;3.49;980;9;1318.00;17
2916;9;621933901;2916;209;3894;3910;8.12;0.49;259.90;3.50;978;9;1319.00;16
2919;9;621933916;2919;209;3901;3915;8.17;0.50;259.94;3.51;982;9;1320.00;14
2921;9;621933930;2921;216;3902;3915;8.19;0.50;259.87;3.52;981;9;1321.00;13
2924;9;621933943;2924;221;3902;3915;8.18;0.50;260.02;3.52;978;9;1322.00;13
2925;9;621933956;2925;232;3904;3916;8.16;0.49;260.09;3.53;979;9;1323.00;12
2927;9;621933970;2927;239;3905;3916;8.14;0.49;260.11;3.54;978;9;1324.00;11
2930;9;621933982;2930;249;3911;3922;8.05;0.49;260.32;3.54;981;9;1325.00;11
2934;9;621933996;2934;249;3912;3922;7.96;0.48;260.47;3.55;978;9;1326.00;10
2936;9;621934008;2936;256;3912;3923;7.89;0.48;260.42;3.55;976;9;1327.00;11
2938;9;621934021;2938;260;3912;3923;7.77;0.47;260.53;3.55;974;9;1328.00;11
2940;9;621934033;2940;264;3914;3923;7.70;0.47;260.63;3.56;974;9;1329.00;9
2941;9;621934045;2941;268;3914;3923;7.70;0.47;260.69;3.56;973;9;1330.00;9
2942;9;621934058;2942;271;3915;3923;7.66;0.47;260.76;3.57;973;9;1331.00;8
2944;9;621934070;2944;277;3925;3935;7.70;0.47;260.76;3.56;981;9;1332.00;10
2947;9;621934083;2947;281;3926;3935;7.69;0.47;260.88;3.57;979;9;1333.00;9
2949;9;621934096;2949;282;3929;3935;7.70;0.47;260.79;3.58;980;9;1334.00;6
2952;9;621934110;2952;281;3929;3935;7.71;0.47;260.86;3.58;977;9;1335.00;6
2955;9;621934122;2955;286;3930;3935;7.66;0.47;260.85;3.59;975;9;1336.00;5
2956;9;621934134;2956;285;3930;3935;7.52;0.46;260.84;3.59;974;9;1337.00;5
2957;9;621934147;2957;288;3936;3939;7.43;0.45;260.83;3.61;979;9;1338.00;3
2961;9;621934160;2961;280;3936;3939;7.34;0.45;260.86;3.61;975;9;1339.00;3
2962;9;621934171;2962;284;3941;3943;7.33;0.45;260.93;3.61;979;9;1340.00;2
2965;9;621934184;2965;278;3942;3944;7.26;0.44;260.88;3.60;977;9;1341.00;2
2968;9;621934202;2968;281;3942;3944;7.24;0.44;260.87;3.60;974;9;1342.00;2
2971;9;621934215;2971;279;3944;3944;7.14;0.44;260.94;3.61;973;9;1343.00;0
2974;9;621934226;2974;287;3955;3957;7.11;0.43;261.23;3.60;981;9;1344.00;2
2975;9;621934240;2975;285;3956;3957;7.13;0.44;261.21;3.60;981;9;1345.00;1
2977;9;621934252;2977;288;3957;3957;7.12;0.44;261.33;3.60;980;9;1346.00;0
2978;9;621934264;2978;283;3958;3958;7.17;0.44;261.38;3.59;980;9;1347.00;0
2980;9;621934276;2980;286;3959;3959;7.20;0.44;261.44;3.59;979;9;1348.00;0
2985;9;621934288;2985;282;3959;3959;7.21;0.44;261.58;3.59;974;9;1349.00;0
2989;9;621934302;2989;281;3966;3968;7.25;0.44;261.83;3.59;977;9;1350.00;2
2993;9;621934315;2993;281;3966;3968;7.23;0.44;261.84;3.59;973;9;1351.00;2
2997;9;621934327;2997;283;3967;3968;7.19;0.44;262.13;3.59;970;9;1352.00;1
3000;9;621934338;3000;284;3967;3968;7.15;0.44;262.21;3.59;967;9;1353.00;1
3007;9;621934350;3007;286;3973;3974;7.06;0.43;262.24;3.58;966;9;1354.00;1
3009;9;621934363;3009;285;3974;3974;6.98;0.43;262.25;3.58;965;9;1355.00;0
3014;9;621934374;3014;284;3974;3974;6.91;0.42;262.39;3.58;960;9;1356.00;0
3016;9;621934386;3016;289;3974;3974;6.86;0.42;262.39;3.58;958;9;1357.00;0
3021;9;621934397;3021;293;3978;3978;6.75;0.41;262.52;3.58;957;9;1358.00;0
3022;9;621934409;3022;296;3979;3979;6.73;0.41;262.51;3.58;957;9;1359.00;0
3026;9;621934420;3026;289;3979;3979;6.72;0.41;262.32;3.58;953;9;1360.00;0
3030;9;621934431;3030;287;3980;3980;6.80;0.42;262.21;3.58;950;9;1361.00;0
3033;9;621934443;3033;289;3980;3980;6.83;0.42;262.30;3.58;947;9;1362.00;0
3036;9;621934455;3036;283;3980;3980;6.89;0.42;262.43;3.58;944;9;1363.00;0
3040;9;621934465;3040;276;3980;3980;6.90;0.42;262.50;3.58;940;9;1364.00;0
3045;9;621934478;3045;279;3980;3980;6.90;0.42;262.58;3.58;935;9;1365.00;0
3045;9;621934489;3045;275;3980;3980;6.90;0.42;262.58;3.58;935;9;1366.00;0
3050;9;621934500;3050;275;3980;3980;6.87;0.42;262.71;3.58;930;9;1367.00;0
3054;9;621934512;3054;272;4015;4050;6.97;0.43;262.85;3.55;961;9;1368.00;35
3057;9;621934531;3057;264;4020;4051;6.94;0.43;262.96;3.55;963;9;1369.00;31
3062;9;621934543;3062;265;4026;4051;6.99;0.43;263.05;3.54;964;9;1370.00;25
3066;9;621934556;3066;269;4029;4051;6.96;0.43;263.48;3.54;963;9;1371.00;22
3071;9;621934574;3071;269;4032;4051;6.93;0.43;263.54;3.54;961;9;1372.00;19
3075;9;621934588;3075;273;4035;4051;6.91;0.42;263.40;3.54;960;9;1373.00;16
3082;9;621934601;3082;277;4038;4051;6.87;0.42;263.65;3.55;956;9;1374.00;13
3086;9;621934616;3086;278;4041;4051;6.83;0.42;263.84;3.55;955;9;1375.00;10
3090;9;621934628;3090;285;4042;4052;6.76;0.41;263.78;3.55;952;9;1376.00;10
3094;9;621934640;3094;292;4044;4053;6.70;0.41;264.04;3.55;950;9;1377.00;9
3095;9;621934652;3095;294;4046;4053;6.62;0.41;263.98;3.55;951;9;1378.00;7
3102;9;621934663;3102;298;4051;4057;6.56;0.40;264.30;3.55;949;9;1379.00;6
3104;9;621934677;3104;305;4053;4057;6.50;0.40;264.40;3.56;949;9;1380.00;4
3110;9;621934688;3110;316;4053;4057;6.48;0.40;264.56;3.56;943;9;1381.00;4
3115;9;621934699;3115;311;4053;4057;6.49;0.40;264.80;3.56;938;9;1382.00;4
3120;9;621934709;3120;315;4060;4063;6.49;0.40;265.14;3.56;940;9;1383.00;3
3126;9;621934721;3126;318;4060;4063;6.45;0.39;265.25;3.56;934;9;1384.00;3
3130;9;621934733;3130;319;4060;4063;6.43;0.39;265.47;3.56;930;9;1385.00;3
3135;9;621934744;3135;328;4063;4066;6.40;0.39;265.57;3.56;928;9;1386.00;3
3142;9;621934756;3142;334;4065;4066;6.34;0.39;265.67;3.56;923;9;1387.00;1
3146;9;621934768;3146;338;4066;4066;6.30;0.38;265.78;3.56;920;9;1388.00;0
3151;9;621934779;3151;345;4067;4067;6.24;0.38;265.87;3.56;916;9;1389.00;0
3156;9;621934791;3156;350;4068;4068;6.14;0.37;266.21;3.56;912;9;1390.00;0
3159;9;621934802;3159;362;4068;4068;6.06;0.37;266.25;3.56;909;9;1391.00;0
3162;9;621934814;3162;372;4080;4081;6.09;0.37;266.36;3.55;918;9;1392.00;1
3164;9;621934826;3164;380;4081;4081;5.96;0.36;266.49;3.55;917;9;1393.00;0
3166;9;621934837;3166;381;4081;4081;5.90;0.36;266.54;3.55;915;9;1394.00;0
3171;9;621934847;3171;391;4083;4083;5.80;0.35;266.66;3.55;912;9;1395.00;0
3174;9;621934858;3174;396;4083;4083;5.68;0.35;266.82;3.55;909;9;1396.00;0
3177;9;621934869;3177;404;4087;4087;5.66;0.35;266.95;3.55;910;9;1397.00;0
3180;9;621934879;3180;407;4087;4087;5.55;0.34;267.05;3.55;907;9;1398.00;0
3184;9;621934890;3184;401;4091;4091;5.52;0.34;267.14;3.54;907;9;1399.00;0
3185;9;621934901;3185;410;4091;4091;5.50;0.34;267.09;3.54;906;9;1400.00;0
3186;9;621934915;3186;416;4091;4091;5.44;0.33;267.09;3.54;905;9;1401.00;0
3188;9;621934925;3188;417;4091;4091;5.39;0.33;266.96;3.54;903;9;1402.00;0
3189;9;621934936;3189;423;4091;4091;5.39;0.33;267.01;3.54;902;9;1403.00;0
3190;9;621934945;3190;432;4102;4103;5.52;0.34;266.98;3.53;912;9;1404.00;1
3190;9;621934957;3190;432;4102;4103;5.55;0.34;266.98;3.53;912;9;1405.00;1
3192;9;621934968;3192;435;4103;4103;5.59;0.35;266.96;3.53;911;9;1406.00;0
3196;9;621934978;3196;429;4103;4103;5.57;0.35;267.05;3.53;907;9;1407.00;0
3197;9;621934989;3197;419;4103;4103;5.57;0.35;267.07;3.53;906;9;1408.00;0
3202;9;621934999;3202;417;4103;4103;5.52;0.34;267.07;3.53;901;9;1409.00;0
3206;9;621935013;3206;413;4104;4104;5.47;0.34;267.15;3.53;898;9;1410.00;0
3210;9;621935025;3210;410;4104;4104;5.46;0.34;267.17;3.53;894;9;1411.00;0
3211;9;621935036;3211;409;4110;4110;5.53;0.34;267.09;3.53;899;9;1412.00;0
3216;9;621935047;3216;403;4111;4111;5.57;0.34;267.14;3.53;895;9;1413.00;0
3218;9;621935058;3218;401;4111;4111;5.63;0.35;267.06;3.53;893;9;1414.00;0
3222;9;621935075;3222;405;4111;4111;5.57;0.34;267.15;3.53;889;9;1415.00;0
3227;9;621935085;3227;390;4115;4115;5.63;0.35;267.08;3.53;888;9;1416.00;0
3230;9;621935096;3230;383;4115;4115;5.69;0.35;266.90;3.53;885;9;1417.00;0
3233;9;621935106;3233;376;4115;4115;5.77;0.35;266.92;3.53;882;9;1418.00;0
3234;9;621935116;3234;367;4116;4116;5.89;0.36;266.97;3.53;882;9;1419.00;0
3236;9;621935126;3236;365;4120;4120;6.04;0.37;266.90;3.52;884;9;1420.00;0
3237;9;621935137;3237;358;4120;4120;6.17;0.38;266.82;3.52;883;9;1421.00;0
3240;9;621935147;3240;361;4122;4123;6.26;0.38;266.81;3.52;882;9;1422.00;1
3242;9;621935158;3242;355;4122;4123;6.31;0.38;266.81;3.52;880;9;1423.00;1
3245;9;621935169;3245;354;4123;4123;6.39;0.39;266.92;3.52;878;9;1424.00;0
3246;9;621935179;3246;359;4123;4123;6.49;0.39;266.95;3.52;877;9;1425.00;0
3249;9;621935189;3249;363;4127;4127;6.66;0.40;267.00;3.52;878;10;1426.00;0
3251;9;621935209;3251;361;4127;4127;6.71;0.41;267.03;3.52;876;10;1427.00;0
3252;9;621935221;3252;359;4127;4127;6.74;0.41;267.06;3.52;875;10;1428.00;0
3253;9;621935234;3253;354;4127;4127;6.79;0.41;267.11;3.52;874;10;1429.00;0
3253;9;621935244;3253;355;4128;4128;6.78;0.41;267.11;3.52;875;10;1430.00;0
3253;9;621935257;3253;351;4129;4129;6.85;0.41;267.11;3.52;876;10;1431.00;0
3254;9;621935268;3254;352;4129;4129;6.84;0.41;267.13;3.52;875;10;1432.00;0
3254;9;621935280;3254;353;4130;4130;6.90;0.42;267.13;3.52;876;10;1433.00;0
3256;9;621935292;3256;352;4130;4130;6.87;0.42;267.16;3.52;874;10;1434.00;0
3256;9;621935303;3256;340;4130;4130;6.89;0.42;267.16;3.52;874;10;1435.00;0
3257;9;621935314;3257;334;4130;4130;6.87;0.42;267.24;3.52;873;10;1436.00;0
3259;9;621935327;3259;327;4130;4130;6.86;0.42;267.21;3.52;871;10;1437.00;0
3262;9;621935340;3262;318;4130;4130;6.89;0.42;267.21;3.52;868;10;1438.00;0
3263;9;621935351;3263;313;4130;4130;6.89;0.42;267.24;3.52;867;10;1439.00;0
3263;9;621935363;3263;369;4253;4360;6.94;0.43;267.24;3.42;990;10;1440.00;107
3266;9;621935391;3266;352;4256;4361;6.93;0.43;267.14;3.41;990;10;1441.00;105
3267;9;621935416;3267;331;4266;4361;7.07;0.44;267.12;3.41;999;10;1442.00;95
3269;9;621935429;3269;326;4269;4361;7.13;0.44;267.18;3.41;1000;10;1443.00;92
3269;9;621935442;3269;319;4277;4361;7.20;0.45;267.18;3.41;1008;10;1444.00;84
3271;9;621935454;3271;318;4281;4361;7.23;0.45;267.18;3.41;1010;10;1445.00;80
3273;9;621935473;3273;314;4289;4361;7.23;0.45;267.16;3.42;1016;10;1446.00;72
3274;9;621935486;3274;321;4295;4361;7.26;0.45;267.14;3.42;1021;10;1447.00;66
3274;9;621935499;3274;324;4300;4362;7.27;0.45;267.14;3.43;1026;10;1448.00;62
3274;9;621935511;3274;330;4305;4363;7.24;0.45;267.14;3.43;1031;10;1449.00;58
3275;9;621935524;3275;325;4309;4363;7.21;0.45;267.19;3.44;1034;10;1450.00;54
3275;9;621935537;3275;325;4310;4364;7.20;0.44;267.19;3.44;1035;10;1451.00;54
3278;9;621935550;3278;321;4314;4364;7.19;0.44;267.27;3.45;1036;10;1452.00;50
3278;9;621935563;3278;321;4315;4364;7.21;0.44;267.27;3.45;1037;10;1453.00;49
3280;9;621935576;3280;315;4316;4364;7.26;0.45;267.27;3.45;1036;10;1454.00;48
3281;9;621935590;3281;312;4321;4368;7.29;0.45;267.30;3.46;1040;10;1455.00;47
3284;9;621935604;3284;310;4321;4368;7.23;0.44;267.43;3.46;1037;10;1456.00;47
3288;9;621935625;3288;308;4325;4368;7.26;0.44;267.52;3.47;1037;10;1457.00;43
3289;9;621935644;3289;312;4326;4371;7.29;0.45;267.58;3.47;1037;10;1458.00;45
3289;9;621935664;3289;313;4327;4371;7.31;0.45;267.58;3.47;1038;10;1459.00;44
3294;9;621935681;3294;306;4327;4371;7.30;0.45;267.71;3.47;1033;10;1460.00;44
3296;9;621935699;3296;300;4331;4375;7.36;0.45;267.80;3.48;1035;10;1461.00;44
3300;9;621935718;3300;299;4332;4376;7.38;0.45;268.03;3.48;1032;10;1462.00;44
3304;9;621935741;3304;296;4337;4376;7.35;0.45;267.99;3.50;1033;10;1463.00;39
3308;9;621935756;3308;293;4340;4380;7.36;0.45;267.97;3.50;1032;10;1464.00;40
3312;9;621935778;3312;292;4342;4380;7.36;0.45;268.21;3.51;1030;10;1465.00;38
3313;9;621935793;3313;293;4343;4380;7.42;0.45;268.29;3.51;1030;10;1466.00;37
3316;9;621935807;3316;284;4343;4381;7.47;0.46;268.44;3.51;1027;10;1467.00;38
3318;9;621935823;3318;277;4345;4381;7.57;0.46;268.46;3.52;1027;10;1468.00;36
3319;9;621935836;3319;273;4349;4387;7.66;0.47;268.47;3.53;1030;10;1469.00;38
3322;9;621935853;3322;276;4350;4387;7.71;0.47;268.45;3.53;1028;10;1470.00;37
3325;9;621935867;3325;275;4350;4388;7.75;0.47;268.51;3.53;1025;10;1471.00;38
3328;9;621935880;3328;268;4352;4388;7.74;0.47;268.44;3.54;1024;10;1472.00;36
3330;9;621935893;3330;264;4352;4388;7.72;0.47;268.39;3.54;1022;10;1473.00;36
3333;9;621935906;3333;265;4354;4388;7.72;0.47;268.29;3.56;1021;10;1474.00;34
3338;9;621935920;3338;259;4354;4388;7.69;0.47;268.58;3.56;1016;10;1475.00;34
3339;9;621935934;3339;262;4364;4400;7.67;0.47;268.57;3.55;1025;10;1476.00;36
3341;9;621935953;3341;266;4365;4400;7.69;0.47;268.61;3.56;1024;10;1477.00;35
3342;9;621935967;3342;269;4368;4400;7.68;0.47;268.60;3.56;1026;10;1478.00;32
3343;9;621935981;3343;264;4369;4400;7.70;0.47;268.73;3.57;1026;10;1479.00;31
3344;9;621935994;3344;262;4370;4400;7.74;0.47;268.84;3.57;1026;10;1480.00;30
3347;9;621936007;3347;263;4372;4400;7.71;0.47;269.04;3.59;1025;10;1481.00;28
3350;9;621936022;3350;268;4376;4404;7.64;0.46;268.98;3.60;1026;10;1482.00;28
3351;9;621936035;3351;263;4376;4404;7.62;0.46;269.08;3.60;1025;10;1483.00;28
3353;9;621936048;3353;262;4380;4408;7.62;0.46;269.08;3.60;1027;10;1484.00;28
3355;9;621936062;3355;260;4384;4410;7.62;0.46;269.27;3.61;1029;10;1485.00;26
3357;9;621936076;3357;259;4385;4410;7.58;0.46;269.39;3.61;1028;10;1486.00;25
3359;9;621936089;3359;260;4385;4410;7.62;0.46;269.43;3.61;1026;10;1487.00;25
3362;9;621936102;3362;261;4395;4423;7.67;0.47;269.60;3.61;1033;10;1488.00;28
3364;9;621936117;3364;264;4395;4423;7.72;0.47;269.62;3.61;1031;10;1489.00;28
3366;9;621936130;3366;270;4395;4423;7.75;0.47;269.68;3.61;1029;10;1490.00;28
3367;9;621936144;3367;274;4398;4424;7.73;0.47;269.72;3.63;1031;10;1491.00;26
3372;9;621936158;3372;281;4400;4425;7.65;0.47;269.69;3.66;1028;10;1492.00;25
3372;9;621936172;3372;283;4402;4425;7.58;0.46;269.69;3.68;1030;10;1493.00;23
3377;9;621936184;3377;289;4405;4428;7.55;0.46;269.91;3.69;1028;10;1494.00;23
3380;9;621936204;3380;292;4408;4428;7.50;0.46;270.07;3.72;1028;10;1495.00;20
3382;9;621936217;3382;288;4410;4428;7.47;0.46;270.10;3.73;1028;10;1496.00;18
3386;9;621936230;3386;296;4413;4428;7.50;0.46;270.32;3.77;1027;10;1497.00;15
3390;9;621936243;3390;297;4419;4434;7.59;0.46;270.40;3.78;1029;10;1498.00;15
3396;9;621936258;3396;299;4422;4434;7.54;0.46;270.51;3.81;1026;10;1499.00;12
3398;9;621936275;3398;309;4426;4453;7.47;0.46;270.64;3.80;1028;10;1500.00;27
3399;9;621936296;3399;306;4430;4453;7.37;0.45;270.62;3.83;1031;10;1501.00;23
3402;9;621936310;3402;310;4433;4457;7.28;0.44;270.88;3.82;1031;10;1502.00;24
3404;9;621936322;3404;314;4435;4458;7.26;0.44;270.87;3.83;1031;10;1503.00;23
3410;9;621936336;3410;316;4436;4458;7.22;0.44;270.73;3.83;1026;10;1504.00;22
3416;9;621936350;3416;317;4441;4459;7.16;0.44;270.81;3.85;1025;10;1505.00;18
3420;9;621936362;3420;315;4444;4459;7.09;0.43;270.81;3.85;1024;10;1506.00;15
3422;9;621936374;3422;317;4445;4459;7.07;0.43;270.77;3.86;1023;10;1507.00;14
3424;9;621936386;3424;316;4445;4459;7.09;0.43;270.85;3.86;1021;10;1508.00;14
3426;9;621936398;3426;312;4448;4459;7.08;0.43;270.88;3.86;1022;10;1509.00;11
3430;9;621936410;3430;305;4448;4459;7.05;0.43;271.04;3.86;1018;10;1510.00;11
3431;9;621936422;3431;303;4449;4459;7.05;0.43;271.06;3.86;1018;10;1511.00;10
3434;9;621936434;3434;319;4489;4529;6.94;0.43;271.06;3.83;1055;10;1512.00;40
3436;9;621936459;3436;307;4497;4530;6.91;0.42;271.01;3.83;1061;10;1513.00;33
3441;9;621936472;3441;305;4501;4530;6.94;0.42;271.12;3.83;1060;10;1514.00;29
3443;9;621936485;3443;307;4504;4530;6.94;0.43;271.15;3.83;1061;10;1515.00;26
3445;9;621936498;3445;311;4506;4530;7.05;0.43;271.17;3.83;1061;10;1516.00;24
3446;9;621936510;3446;313;4509;4530;7.12;0.44;271.24;3.83;1063;10;1517.00;21
3449;9;621936522;3449;320;4512;4530;7.20;0.44;271.20;3.83;1063;10;1518.00;18
3452;9;621936534;3452;319;4513;4530;7.26;0.44;271.33;3.83;1061;10;1519.00;17
3457;9;621936546;3457;323;4514;4531;7.31;0.45;271.35;3.84;1057;10;1520.00;17
3459;9;621936560;3459;327;4516;4532;7.30;0.45;271.33;3.84;1057;10;1521.00;16
3461;9;621936573;3461;328;4517;4532;7.29;0.44;271.38;3.84;1056;10;1522.00;15
3462;9;621936586;3462;334;4521;4536;7.20;0.44;271.50;3.84;1059;10;1523.00;15
3468;9;621936601;3468;333;4522;4536;7.09;0.43;271.53;3.84;1054;10;1524.00;14
3473;9;621936620;3473;332;4522;4536;7.01;0.43;271.77;3.84;1049;10;1525.00;14
3476;9;621936638;3476;338;4522;4536;6.93;0.42;271.79;3.84;1046;10;1526.00;14
3481;9;621936652;3481;345;4526;4542;6.86;0.42;272.04;3.84;1045;10;1527.00;16
3484;9;621936665;3484;344;4526;4542;6.69;0.41;272.29;3.84;1042;10;1528.00;16
3485;9;621936676;3485;347;4526;4542;6.58;0.40;272.35;3.84;1041;10;1529.00;16
3488;9;621936689;3488;343;4531;4548;6.44;0.39;272.33;3.85;1043;10;1530.00;17
3491;9;621936701;3491;336;4531;4548;6.33;0.39;272.39;3.85;1040;10;1531.00;17
3496;9;621936713;3496;338;4533;4548;6.27;0.38;272.41;3.86;1037;10;1532.00;15
3497;9;621936725;3497;332;4536;4549;6.27;0.38;272.53;3.87;1039;10;1533.00;13
3500;9;621936737;3500;326;4537;4550;6.30;0.39;272.77;3.87;1037;10;1534.00;13
3504;9;621936749;3504;327;4538;4550;6.27;0.38;272.82;3.87;1034;10;1535.00;12
3509;9;621936762;3509;325;4550;4563;6.30;0.38;272.78;3.87;1041;10;1536.00;13
3515;9;621936776;3515;324;4552;4563;6.31;0.38;273.12;3.88;1037;10;1537.00;11
3518;9;621936789;3518;314;4555;4563;6.36;0.39;273.09;3.88;1037;10;1538.00;8
3522;9;621936802;3522;316;4555;4564;6.33;0.39;273.15;3.88;1033;10;1539.00;9
3528;9;621936814;3528;314;4558;4564;6.27;0.38;273.36;3.89;1030;10;1540.00;6
3532;9;621936826;3532;311;4560;4568;6.24;0.38;273.43;3.89;1028;10;1541.00;8
3536;9;621936840;3536;317;4564;4568;6.20;0.38;273.61;3.90;1028;10;1542.00;4
3541;9;621936853;3541;314;4569;4572;6.15;0.37;273.42;3.90;1028;10;1543.00;3
3545;9;621936866;3545;317;4570;4572;6.09;0.37;273.46;3.90;1025;10;1544.00;2
3548;9;621936878;3548;320;4571;4572;6.02;0.37;273.59;3.90;1023;10;1545.00;1
3550;9;621936890;3550;328;4571;4572;5.95;0.36;273.48;3.90;1021;10;1546.00;1
3554;9;621936901;3554;320;4572;4572;5.87;0.36;273.57;3.90;1018;10;1547.00;0
3555;9;621936914;3555;339;4584;4584;5.90;0.36;273.60;3.89;1029;10;1548.00;0
3557;9;621936927;3557;343;4584;4584;5.85;0.36;273.63;3.89;1027;10;1549.00;0
3558;9;621936939;3558;350;4584;4584;5.84;0.36;273.66;3.89;1026;10;1550.00;0
3561;9;621936951;3561;362;4584;4584;5.82;0.36;273.75;3.89;1023;10;1551.00;0
3564;9;621936963;3564;359;4584;4584;5.78;0.35;273.91;3.89;1020;10;1552.00;0
3564;9;621936975;3564;366;4584;4584;5.79;0.36;273.91;3.89;1020;10;1553.00;0
3572;9;621936986;3572;372;4585;4585;5.65;0.35;273.75;3.89;1013;10;1554.00;0
3574;9;621936998;3574;379;4587;4587;5.57;0.34;273.75;3.89;1013;10;1555.00;0
3578;9;621937010;3578;389;4593;4593;5.44;0.33;273.84;3.89;1015;10;1556.00;0
3582;9;621937023;3582;396;4594;4594;5.41;0.33;273.97;3.89;1012;10;1557.00;0
3587;9;621937034;3587;399;4594;4594;5.39;0.33;273.98;3.89;1007;10;1558.00;0
3590;9;621937046;3590;406;4594;4594;5.39;0.33;273.99;3.89;1004;10;1559.00;0
3593;9;621937059;3593;411;4599;4599;5.37;0.33;274.12;3.88;1006;10;1560.00;0
3596;9;621937071;3596;417;4599;4599;5.33;0.33;274.10;3.88;1003;10;1561.00;0
3601;9;621937082;3601;425;4599;4599;5.32;0.33;274.19;3.88;998;10;1562.00;0
3604;9;621937094;3604;427;4600;4600;5.31;0.33;274.12;3.88;996;10;1563.00;0
3611;9;621937104;3611;424;4604;4604;5.27;0.32;273.94;3.88;993;10;1564.00;0
3618;9;621937116;3618;429;4604;4604;5.22;0.32;273.88;3.88;986;10;1565.00;0
3622;9;621937127;3622;441;4606;4607;5.22;0.32;273.91;3.88;984;10;1566.00;1
3630;9;621937139;3630;443;4606;4607;5.15;0.31;273.90;3.88;976;10;1567.00;1
3634;9;621937150;3634;447;4607;4607;5.12;0.31;273.85;3.88;973;10;1568.00;0
3637;9;621937161;3637;442;4607;4607;5.09;0.31;273.81;3.88;970;10;1569.00;0
3640;9;621937171;3640;446;4611;4611;5.12;0.31;273.87;3.87;971;10;1570.00;0
3646;9;621937182;3646;446;4611;4611;5.04;0.31;273.82;3.87;965;10;1571.00;0
3650;9;621937194;3650;446;4611;4611;5.05;0.31;273.72;3.87;961;10;1572.00;0
3651;9;621937206;3651;442;4611;4611;5.02;0.31;273.65;3.87;960;10;1573.00;0
3651;9;621937223;3651;449;4612;4612;4.99;0.30;273.65;3.87;961;10;1574.00;0
3651;9;621937234;3651;457;4614;4614;4.93;0.30;273.65;3.87;963;10;1575.00;0
3653;9;621937244;3653;462;4614;4614;4.82;0.29;273.67;3.87;961;10;1576.00;0
3656;9;621937257;3656;456;4615;4615;4.75;0.29;273.68;3.87;959;10;1577.00;0
3656;9;621937268;3656;450;4615;4615;4.73;0.29;273.68;3.87;959;10;1578.00;0
3657;9;621937279;3657;455;4615;4615;4.75;0.29;273.68;3.87;958;10;1579.00;0
3659;9;621937290;3659;453;4615;4615;4.79;0.29;273.72;3.87;956;10;1580.00;0
3659;9;621937300;3659;451;4615;4615;4.85;0.30;273.72;3.87;956;10;1581.00;0
3659;9;621937311;3659;450;4615;4615;4.94;0.30;273.72;3.87;956;10;1582.00;0
3660;9;621937322;3660;457;4615;4615;5.03;0.31;273.69;3.87;955;10;1583.00;0
3662;9;621937332;3662;481;4690;4742;5.46;0.34;273.65;3.81;1028;10;1584.00;52
3664;9;621937357;3664;469;4693;4743;5.50;0.34;273.69;3.81;1029;10;1585.00;50
3666;9;621937368;3666;448;4700;4743;5.60;0.35;273.61;3.80;1034;10;1586.00;43
3667;9;621937380;3667;429;4702;4743;5.67;0.35;273.66;3.80;1035;10;1587.00;41
3667;9;621937393;3667;405;4708;4743;5.82;0.36;273.66;3.80;1041;10;1588.00;35
3669;9;621937405;3669;383;4709;4743;5.89;0.37;273.72;3.80;1040;10;1589.00;34
3669;9;621937420;3669;366;4712;4743;6.05;0.37;273.72;3.81;1043;10;1590.00;31
3671;9;621937433;3671;359;4713;4743;6.10;0.38;273.84;3.81;1042;10;1591.00;30
3671;9;621937447;3671;358;4716;4744;6.24;0.39;273.84;3.81;1045;10;1592.00;28
3672;9;621937461;3672;354;4721;4745;6.41;0.40;273.86;3.82;1049;10;1593.00;24
3676;9;621937476;3676;353;4724;4745;6.49;0.40;273.87;3.82;1048;10;1594.00;21
3678;9;621937490;3678;357;4726;4746;6.57;0.40;273.88;3.82;1048;10;1595.00;20
3678;9;621937505;3678;362;4728;4746;6.70;0.41;273.88;3.83;1050;10;1596.00;18
3679;9;621937525;3679;359;4731;4746;6.82;0.42;273.90;3.83;1052;10;1597.00;15
3680;10;621937538;3680;363;4734;4746;6.87;0.42;273.92;3.84;1054;11;1598.00;12
3682;10;621937559;3682;357;4737;4750;6.93;0.43;273.93;3.84;1055;11;1599.00;13
3684;10;621937574;3684;360;4738;4750;6.94;0.43;273.91;3.84;1054;11;1600.00;12
3686;11;621937605;3686;357;4740;4750;6.95;0.43;273.91;3.84;1054;12;1601.00;10
3689;11;621937647;3689;353;4741;4753;6.99;0.43;273.94;3.84;1052;12;1602.00;12
3690;11;621937670;3690;351;4741;4753;7.04;0.43;273.91;3.84;1051;12;1603.00;12
3690;11;621937690;3690;343;4743;4753;7.14;0.44;273.91;3.85;1053;12;1604.00;10
3691;11;621937719;3691;338;4746;4757;7.15;0.44;273.90;3.85;1055;12;1605.00;11
3694;11;621937736;3694;334;4747;4758;7.20;0.44;273.90;3.85;1053;12;1606.00;11
3697;11;621937753;3697;327;4749;4758;7.25;0.44;273.84;3.85;1052;12;1607.00;9
3699;11;621937768;3699;325;4751;4762;7.32;0.45;273.89;3.85;1052;12;1608.00;11
3703;11;621937783;3703;328;4752;4762;7.33;0.45;273.78;3.85;1049;12;1609.00;10
3704;11;621937798;3704;318;4754;4762;7.35;0.45;273.79;3.85;1050;12;1610.00;8
3707;11;621937814;3707;319;4756;4763;7.34;0.45;273.82;3.85;1049;12;1611.00;7
3710;11;621937828;3710;320;4756;4763;7.27;0.44;273.88;3.85;1046;12;1612.00;7
3712;11;621937843;3712;323;4761;4769;7.26;0.44;273.80;3.85;1049;12;1613.00;8
3719;12;621937857;3719;328;4761;4769;7.22;0.44;273.99;3.85;1042;13;1614.00;8
3720;12;621937885;3720;329;4761;4770;7.24;0.44;274.06;3.85;1041;13;1615.00;9
3721;12;621937903;3721;328;4761;4770;7.22;0.44;274.16;3.85;1040;13;1616.00;9
3722;12;621937922;3722;332;4761;4770;7.22;0.44;274.22;3.85;1039;13;1617.00;9
3724;12;621937972;3724;330;4761;4770;7.19;0.44;274.39;3.85;1037;13;1618.00;9
3725;12;621937987;3725;324;4761;4770;7.23;0.44;274.41;3.85;1036;13;1619.00;9
3730;12;621938002;3730;317;4788;4806;7.24;0.44;274.56;3.83;1058;13;1620.00;18
3733;12;621938021;3733;313;4790;4806;7.27;0.44;274.65;3.83;1057;13;1621.00;16
3733;12;621938037;3733;309;4792;4806;7.36;0.45;274.65;3.83;1059;13;1622.00;14
3734;12;621938051;3734;304;4793;4806;7.43;0.45;274.72;3.83;1059;13;1623.00;13
3736;12;621938066;3736;302;4794;4806;7.49;0.46;274.80;3.83;1058;13;1624.00;12
3738;12;621938081;3738;301;4794;4806;7.54;0.46;274.78;3.83;1056;13;1625.00;12
3739;12;621938096;3739;299;4797;4810;7.60;0.46;274.81;3.82;1058;13;1626.00;13
3742;12;621938117;3742;299;4797;4810;7.60;0.46;274.95;3.82;1055;13;1627.00;13
3745;12;621938138;3745;304;4801;4814;7.63;0.46;275.14;3.82;1056;13;1628.00;13
3748;13;621938153;3748;305;4802;4815;7.63;0.46;275.17;3.82;1054;14;1629.00;13
3751;13;621938175;3751;296;4802;4815;7.55;0.46;275.46;3.82;1051;14;1630.00;13
3754;13;621938189;3754;295;4802;4815;7.52;0.46;275.49;3.82;1048;14;1631.00;13
3758;13;621938202;3758;291;4813;4828;7.47;0.45;275.62;3.81;1055;14;1632.00;15
3761;13;621938218;3761;286;4813;4828;7.38;0.45;275.72;3.81;1052;14;1633.00;15
3764;13;621938231;3764;285;4813;4828;7.38;0.45;275.91;3.81;1049;14;1634.00;15
3768;13;621938252;3768;283;4815;4829;7.36;0.45;276.10;3.82;1047;14;1635.00;14
3771;13;621938272;3771;276;4815;4830;7.41;0.45;276.17;3.82;1044;14;1636.00;15
3774;13;621938288;3774;282;4815;4830;7.43;0.45;276.17;3.82;1041;14;1637.00;15
3779;13;621938302;3779;281;4817;4833;7.46;0.45;276.16;3.82;1038;14;1638.00;16
3781;13;621938317;3781;285;4818;4833;7.54;0.46;276.26;3.82;1037;14;1639.00;15
3786;13;621938331;3786;282;4818;4833;7.54;0.46;276.24;3.82;1032;14;1640.00;15
3787;13;621938345;3787;284;4818;4833;7.61;0.46;276.26;3.82;1031;14;1641.00;15
3789;13;621938359;3789;283;4823;4839;7.69;0.46;276.17;3.82;1034;14;1642.00;16
3793;13;621938375;3793;280;4823;4839;7.70;0.47;276.12;3.82;1030;14;1643.00;16
3793;13;621938391;3793;281;4823;4839;7.74;0.47;276.12;3.82;1030;14;1644.00;16
3794;13;621938409;3794;287;4823;4839;7.74;0.47;276.07;3.82;1029;14;1645.00;16
3796;13;621938430;3796;286;4826;4843;7.70;0.47;276.10;3.81;1030;14;1646.00;17
3797;13;621938444;3797;284;4827;4844;7.73;0.47;276.17;3.81;1030;14;1647.00;17
3797;13;621938458;3797;288;4827;4844;7.74;0.47;276.17;3.81;1030;14;1648.00;17
3799;13;621938479;3799;286;4828;4845;7.74;0.47;276.21;3.81;1029;14;1649.00;17
3802;13;621938495;3802;285;4828;4845;7.68;0.46;276.24;3.81;1026;14;1650.00;17
3803;13;621938508;3803;287;4829;4845;7.62;0.46;276.30;3.83;1026;14;1651.00;16
3807;14;621938521;3807;284;4829;4845;7.56;0.46;276.24;3.83;1022;15;1652.00;16
3807;14;621938552;3807;279;4829;4845;7.58;0.46;276.24;3.83;1022;15;1653.00;16
3809;14;621938565;3809;282;4829;4845;7.50;0.46;276.21;3.83;1020;15;1654.00;16
3813;14;621938577;3813;283;4830;4845;7.43;0.45;276.20;3.83;1017;15;1655.00;15
3814;14;621938591;3814;293;4867;4915;7.49;0.46;276.19;3.81;1053;15;1656.00;48
3816;14;621938613;3816;291;4867;4916;7.42;0.45;276.24;3.81;1051;15;1657.00;49
3817;14;621938627;3817;290;4873;4916;7.46;0.46;276.21;3.80;1056;15;1658.00;43
3821;14;621938645;3821;292;4880;4916;7.44;0.45;276.49;3.82;1059;15;1659.00;36
3823;14;621938660;3823;304;4883;4916;7.36;0.45;276.42;3.82;1060;15;1660.00;33
3824;14;621938673;3824;304;4885;4916;7.34;0.45;276.44;3.82;1061;15;1661.00;31
3829;14;621938691;3829;307;4890;4916;7.31;0.45;276.71;3.85;1061;15;1662.00;26
3830;14;621938703;3830;314;4892;4916;7.31;0.45;276.69;3.85;1062;15;1663.00;24
3834;14;621938717;3834;312;4893;4917;7.23;0.44;276.71;3.85;1059;15;1664.00;24
3838;14;621938730;3838;306;4898;4919;7.22;0.44;276.70;3.87;1060;15;1665.00;21
3841;14;621938744;3841;307;4900;4919;7.17;0.44;276.77;3.87;1059;15;1666.00;19
3843;14;621938757;3843;314;4906;4923;7.11;0.44;276.73;3.89;1063;15;1667.00;17
3847;14;621938771;3847;313;4908;4923;7.10;0.43;276.74;3.89;1061;15;1668.00;15
3849;14;621938784;3849;315;4909;4923;7.14;0.44;276.84;3.89;1060;15;1669.00;14
3851;14;621938797;3851;317;4910;4923;7.16;0.44;276.92;3.90;1059;15;1670.00;13
3853;14;621938811;3853;320;4916;4929;7.18;0.44;276.90;3.90;1063;15;1671.00;13
3857;14;621938824;3857;318;4916;4929;7.19;0.44;277.06;3.90;1059;15;1672.00;13
3860;14;621938838;3860;314;4918;4929;7.24;0.44;277.17;3.92;1058;15;1673.00;11
3864;14;621938851;3864;317;4920;4932;7.22;0.44;277.36;3.92;1056;15;1674.00;12
3867;14;621938864;3867;317;4920;4932;7.21;0.44;277.44;3.92;1053;15;1675.00;12
3871;14;621938877;3871;320;4924;4932;7.13;0.44;277.46;3.94;1053;15;1676.00;8
3875;14;621938890;3875;320;4925;4933;7.05;0.43;277.63;3.95;1050;15;1677.00;8
3878;14;621938902;3878;328;4926;4934;6.98;0.43;277.54;3.95;1048;15;1678.00;8
3882;14;621938914;3882;324;4928;4934;6.89;0.42;277.72;3.96;1046;15;1679.00;6
3886;14;621938928;3886;334;4948;4960;6.79;0.41;277.81;3.95;1062;15;1680.00;12
3887;14;621938943;3887;332;4949;4960;6.71;0.41;277.87;3.95;1062;15;1681.00;11
3891;14;621938955;3891;334;4951;4960;6.64;0.41;277.89;3.95;1060;15;1682.00;9
3897;14;621938967;3897;334;4954;4961;6.62;0.40;277.96;3.95;1057;15;1683.00;7
3899;14;621938980;3899;329;4957;4961;6.57;0.40;278.15;3.96;1058;15;1684.00;4
3904;14;621938992;3904;326;4961;4965;6.61;0.40;278.22;3.96;1057;15;1685.00;4
3907;14;621939005;3907;326;4962;4965;6.60;0.40;278.36;3.96;1055;15;1686.00;3
3909;14;621939017;3909;330;4965;4969;6.61;0.40;278.53;3.96;1056;15;1687.00;4
3913;14;621939029;3913;330;4966;4969;6.61;0.40;278.54;3.96;1053;15;1688.00;3
3916;14;621939041;3916;328;4966;4969;6.59;0.40;278.67;3.96;1050;15;1689.00;3
3917;14;621939053;3917;332;4967;4969;6.60;0.40;278.81;3.96;1050;15;1690.00;2
3918;14;621939064;3918;344;4967;4969;6.55;0.40;278.84;3.96;1049;15;1691.00;2
3924;14;621939076;3924;344;4978;4981;6.50;0.40;279.05;3.96;1054;15;1692.00;3
3925;14;621939089;3925;355;4978;4981;6.46;0.39;279.01;3.96;1053;15;1693.00;3
3928;15;621939101;3928;363;4981;4981;6.38;0.39;279.16;3.96;1053;16;1694.00;0
3931;15;621939131;3931;374;4981;4981;6.25;0.38;279.32;3.96;1050;16;1695.00;0
3935;15;621939143;3935;377;4981;4981;6.08;0.37;279.39;3.96;1046;16;1696.00;0
3938;15;621939154;3938;379;4981;4981;5.89;0.36;279.58;3.96;1043;16;1697.00;0
3943;15;621939165;3943;388;4982;4982;5.77;0.35;279.56;3.95;1039;16;1698.00;0
3950;15;621939176;3950;391;4982;4982;5.61;0.34;279.72;3.95;1032;16;1699.00;0
3956;15;621939188;3956;385;4988;4988;5.53;0.34;279.81;3.95;1032;16;1700.00;0
3959;15;621939204;3959;380;4989;4989;5.46;0.33;279.75;3.95;1030;16;1701.00;0
3965;15;621939215;3965;381;4989;4989;5.40;0.33;280.10;3.95;1024;16;1702.00;0
3968;15;621939226;3968;373;4989;4989;5.36;0.33;280.19;3.95;1021;16;1703.00;0
3970;15;621939236;3970;372;4993;4993;5.36;0.33;280.24;3.95;1023;16;1704.00;0
3972;15;621939248;3972;369;4993;4993;5.31;0.32;280.36;3.95;1021;16;1705.00;0
3976;15;621939259;3976;380;4993;4993;5.22;0.32;280.43;3.95;1017;16;1706.00;0
3980;15;621939271;3980;376;4994;4994;5.21;0.32;280.48;3.95;1014;16;1707.00;0
3983;15;621939282;3983;377;4998;4998;5.20;0.32;280.63;3.94;1015;16;1708.00;0
3986;15;621939293;3986;372;4998;4998;5.18;0.32;280.67;3.94;1012;16;1709.00;0
3988;15;621939306;3988;375;5002;5004;5.24;0.32;280.62;3.94;1014;16;1710.00;2
3990;15;621939318;3990;375;5003;5004;5.26;0.32;280.69;3.94;1013;16;1711.00;1
3994;15;621939328;3994;371;5004;5004;5.26;0.32;280.63;3.94;1010;16;1712.00;0
3997;15;621939338;3997;372;5004;5004;5.29;0.32;280.56;3.94;1007;16;1713.00;0
4002;15;621939348;4002;376;5008;5008;5.32;0.33;280.59;3.94;1006;16;1714.00;0
4005;15;621939359;4005;382;5008;5008;5.28;0.32;280.59;3.94;1003;16;1715.00;0
4008;15;621939369;4008;384;5008;5008;5.27;0.32;280.58;3.94;1000;16;1716.00;0
4012;15;621939379;4012;388;5008;5008;5.23;0.32;280.47;3.94;996;16;1717.00;0
4017;15;621939389;4017;391;5009;5009;5.16;0.32;280.39;3.94;992;16;1718.00;0
4019;15;621939399;4019;394;5010;5010;5.14;0.31;280.32;3.94;991;16;1719.00;0
4020;15;621939409;4020;403;5010;5010;5.14;0.31;280.31;3.94;990;16;1720.00;0
4026;15;621939418;4026;405;5011;5011;5.08;0.31;280.15;3.94;985;16;1721.00;0
4029;15;621939428;4029;418;5011;5011;5.05;0.31;280.09;3.94;982;16;1722.00;0
4033;15;621939438;4033;413;5011;5011;5.05;0.31;279.99;3.94;978;16;1723.00;0
4037;15;621939448;4037;413;5011;5011;5.00;0.31;279.97;3.94;974;16;1724.00;0
4041;15;621939458;4041;412;5011;5011;4.95;0.30;279.99;3.94;970;16;1725.00;0
4044;15;621939468;4044;420;5011;5011;4.97;0.31;279.99;3.94;967;16;1726.00;0
4046;15;621939478;4046;433;5011;5011;4.97;0.31;280.00;3.94;965;16;1727.00;0
4048;15;621939487;4048;451;5089;5138;5.35;0.33;280.14;3.88;1041;16;1728.00;49
4051;15;621939507;4051;448;5092;5139;5.33;0.33;280.06;3.87;1041;16;1729.00;47
4056;15;621939517;4056;450;5100;5139;5.38;0.34;280.14;3.87;1044;16;1730.00;39
4060;15;621939528;4060;446;5100;5139;5.36;0.33;280.26;3.87;1040;16;1731.00;39
4063;15;621939539;4063;452;5107;5139;5.42;0.34;280.26;3.87;1044;16;1732.00;32
4066;15;621939549;4066;455;5108;5139;5.40;0.34;280.23;3.87;1042;16;1733.00;31
4070;15;621939559;4070;456;5111;5139;5.43;0.34;280.30;3.87;1041;16;1734.00;28
4076;15;621939570;4076;462;5115;5139;5.45;0.34;280.28;3.88;1039;16;1735.00;24
4079;15;621939580;4079;463;5118;5140;5.42;0.33;280.35;3.88;1039;16;1736.00;22
4082;15;621939591;4082;466;5123;5141;5.39;0.33;280.37;3.88;1041;16;1737.00;18
4084;15;621939608;4084;481;5126;5141;5.36;0.33;280.43;3.89;1042;16;1738.00;15
4087;15;621939625;4087;469;5130;5142;5.33;0.33;280.66;3.89;1043;16;1739.00;12
4089;15;621939647;4089;465;5131;5142;5.37;0.33;280.74;3.89;1042;16;1740.00;11
4091;15;621939664;4091;461;5136;5142;5.39;0.33;280.76;3.90;1045;16;1741.00;6
4093;15;621939681;4093;465;5137;5142;5.39;0.33;280.71;3.90;1044;16;1742.00;5
4095;15;621939698;4095;465;5140;5146;5.46;0.34;280.74;3.90;1045;16;1743.00;6
4097;15;621939716;4097;461;5141;5146;5.48;0.34;280.81;3.90;1044;16;1744.00;5
4100;15;621939732;4100;460;5143;5146;5.47;0.34;280.78;3.90;1043;16;1745.00;3
4101;15;621939753;4101;458;5144;5149;5.53;0.34;280.80;3.90;1043;16;1746.00;5
4104;15;621939767;4104;451;5144;5149;5.56;0.34;280.83;3.90;1040;16;1747.00;5
4105;15;621939781;4105;451;5145;5149;5.58;0.34;280.86;3.91;1040;16;1748.00;4
4107;15;621939794;4107;448;5149;5153;5.61;0.34;280.88;3.90;1042;16;1749.00;4
4111;15;621939808;4111;445;5151;5154;5.65;0.35;280.85;3.90;1040;16;1750.00;3
4112;15;621939823;4112;444;5152;5154;5.72;0.35;280.80;3.91;1040;16;1751.00;2
4116;15;621939837;4116;433;5156;5158;5.72;0.35;280.89;3.91;1040;16;1752.00;2
4120;15;621939851;4120;432;5157;5158;5.78;0.35;280.86;3.91;1037;16;1753.00;1
4122;15;621939865;4122;431;5158;5158;5.84;0.36;280.83;3.91;1036;16;1754.00;0
4123;15;621939877;4123;423;5160;5160;5.91;0.36;280.79;3.91;1037;16;1755.00;0
4126;15;621939892;4126;403;5160;5160;5.94;0.36;280.87;3.91;1034;16;1756.00;0
4130;15;621939906;4130;391;5165;5166;5.99;0.36;281.04;3.90;1035;16;1757.00;1
4132;15;621939927;4132;379;5165;5166;6.04;0.37;281.08;3.90;1033;16;1758.00;1
4133;15;621939941;4133;364;5165;5167;6.10;0.37;281.02;3.90;1032;16;1759.00;2
4136;15;621939954;4136;361;5165;5167;6.23;0.38;281.13;3.90;1029;16;1760.00;2
4140;15;621939968;4140;361;5165;5167;6.32;0.38;281.36;3.90;1025;16;1761.00;2
4143;15;621939982;4143;361;5165;5167;6.41;0.39;281.55;3.90;1022;16;1762.00;2
4145;15;621939996;4145;359;5165;5167;6.44;0.39;281.51;3.90;1020;16;1763.00;2
4147;15;621940009;4147;355;5175;5179;6.56;0.40;281.67;3.90;1028;16;1764.00;4
4151;15;621940025;4151;362;5176;5179;6.54;0.40;281.81;3.89;1025;16;1765.00;3
4152;15;621940039;4152;365;5176;5179;6.52;0.40;281.81;3.89;1024;16;1766.00;3
4157;15;621940052;4157;370;5176;5179;6.49;0.39;281.96;3.89;1019;16;1767.00;3
4159;15;621940067;4159;365;5176;5179;6.49;0.39;282.07;3.89;1017;16;1768.00;3
4159;15;621940081;4159;362;5176;5179;6.53;0.40;282.07;3.89;1017;16;1769.00;3
4162;15;621940096;4162;362;5179;5183;6.53;0.40;282.16;3.89;1017;16;1770.00;4
4165;15;621940111;4165;356;5179;5183;6.52;0.40;282.13;3.89;1014;16;1771.00;4
4166;15;621940123;4166;351;5183;5187;6.58;0.40;282.23;3.89;1017;16;1772.00;4
4167;15;621940136;4167;353;5184;5188;6.60;0.40;282.27;3.89;1017;16;1773.00;4
4167;15;621940149;4167;352;5184;5188;6.69;0.41;282.27;3.89;1017;16;1774.00;4
4171;15;621940162;4171;354;5184;5188;6.69;0.41;282.53;3.89;1013;16;1775.00;4
4173;15;621940175;4173;357;5195;5201;6.80;0.41;282.73;3.88;1022;16;1776.00;6
4175;15;621940190;4175;356;5195;5201;6.85;0.42;282.77;3.88;1020;16;1777.00;6
4178;15;621940202;4178;359;5195;5201;6.88;0.42;282.93;3.88;1017;16;1778.00;6
4183;15;621940216;4183;356;5196;5202;6.93;0.42;282.95;3.88;1013;16;1779.00;6
4185;15;621940230;4185;360;5196;5203;6.96;0.42;282.98;3.88;1011;16;1780.00;7
4190;15;621940243;4190;360;5196;5203;6.95;0.42;283.14;3.88;1006;16;1781.00;7
4191;15;621940257;4191;361;5198;5206;6.95;0.42;283.24;3.88;1007;16;1782.00;8
4193;15;621940271;4193;360;5198;5206;6.94;0.42;283.30;3.88;1005;16;1783.00;8
4197;15;621940284;4197;361;5199;5206;6.90;0.42;283.43;3.88;1002;16;1784.00;7
4201;15;621940297;4201;358;5199;5206;6.85;0.42;283.75;3.88;998;16;1785.00;7
4202;15;621940311;4202;362;5204;5212;6.87;0.42;283.78;3.88;1002;16;1786.00;8
4206;15;621940324;4206;358;5204;5212;6.85;0.42;283.81;3.88;998;16;1787.00;8
4209;15;621940337;4209;361;5204;5212;6.78;0.41;283.96;3.88;995;16;1788.00;8
4213;15;621940349;4213;364;5204;5212;6.69;0.40;284.09;3.88;991;16;1789.00;8
4218;15;621940362;4218;361;5207;5216;6.59;0.40;284.23;3.88;989;16;1790.00;9
4220;15;621940375;4220;364;5208;5217;6.53;0.40;284.26;3.87;988;16;1791.00;9
4224;15;621940388;4224;363;5208;5217;6.51;0.39;284.35;3.87;984;16;1792.00;9
4226;15;621940401;4226;354;5209;5218;6.51;0.39;284.37;3.87;983;16;1793.00;9
4232;15;621940415;4232;352;5209;5218;6.51;0.39;284.50;3.87;977;16;1794.00;9
4233;15;621940427;4233;344;5209;5218;6.48;0.39;284.52;3.87;976;16;1795.00;9
4236;15;621940439;4236;343;5209;5218;6.49;0.39;284.59;3.87;973;16;1796.00;9
4237;15;621940450;4237;339;5209;5218;6.52;0.39;284.62;3.87;972;16;1797.00;9
4239;15;621940462;4239;332;5209;5218;6.55;0.40;284.72;3.87;970;16;1798.00;9
4241;15;621940475;4241;324;5209;5218;6.63;0.40;284.76;3.87;968;16;1799.00;9
4245;15;621940490;4245;344;5275;5356;6.68;0.41;284.97;3.83;1030;16;1800.00;81
4248;15;621940521;4248;326;5277;5357;6.71;0.41;285.03;3.82;1029;16;1801.00;80
4250;15;621940534;4250;299;5290;5357;6.79;0.42;285.19;3.82;1040;16;1802.00;67
4252;15;621940547;4252;292;5293;5357;6.84;0.42;285.23;3.82;1041;16;1803.00;64
4255;15;621940559;4255;290;5300;5357;6.89;0.42;285.34;3.82;1045;16;1804.00;57
4258;15;621940572;4258;286;5304;5357;6.95;0.43;285.40;3.84;1046;16;1805.00;53
4260;15;621940586;4260;280;5311;5357;7.03;0.43;285.40;3.84;1051;16;1806.00;46
4263;15;621940599;4263;278;5316;5357;7.06;0.43;285.56;3.84;1053;16;1807.00;41
4266;15;621940621;4266;277;5322;5358;7.11;0.44;285.57;3.85;1056;16;1808.00;36
4270;15;621940635;4270;273;5324;5359;7.11;0.44;285.74;3.85;1054;16;1809.00;35
4274;15;621940649;4274;268;5327;5359;7.11;0.44;285.81;3.85;1053;16;1810.00;32
4279;15;621940663;4279;265;5331;5363;7.12;0.43;285.95;3.85;1052;16;1811.00;32
4281;15;621940677;4281;268;5332;5363;7.20;0.44;285.91;3.85;1051;16;1812.00;31
4286;15;621940690;4286;257;5334;5363;7.10;0.43;286.08;3.85;1048;16;1813.00;29
4288;15;621940709;4288;257;5335;5363;7.11;0.43;285.99;3.86;1047;16;1814.00;28
4291;15;621940722;4291;255;5339;5369;7.12;0.43;285.93;3.85;1048;16;1815.00;30
4294;15;621940737;4294;257;5340;5369;7.11;0.43;286.04;3.86;1046;16;1816.00;29
4296;15;621940750;4296;258;5340;5369;7.15;0.43;286.10;3.86;1044;16;1817.00;29
4300;15;621940762;4300;261;5343;5372;7.20;0.44;286.22;3.86;1043;16;1818.00;29
4303;15;621940776;4303;263;5344;5372;7.16;0.43;286.15;3.86;1041;16;1819.00;28
4305;15;621940790;4305;261;5345;5372;7.17;0.44;286.18;3.86;1040;16;1820.00;27
4307;15;621940803;4307;260;5346;5373;7.23;0.44;286.26;3.86;1039;16;1821.00;27
4308;15;621940816;4308;257;5349;5374;7.20;0.44;286.25;3.87;1041;16;1822.00;25
4309;15;621940830;4309;257;5349;5374;7.17;0.44;286.26;3.87;1040;16;1823.00;25
4312;15;621940844;4312;257;5361;5387;7.10;0.43;286.27;3.87;1049;16;1824.00;26
4314;15;621940858;4314;258;5361;5387;7.13;0.43;286.30;3.87;1047;16;1825.00;26
4316;15;621940876;4316;261;5363;5387;7.14;0.43;286.33;3.88;1047;16;1826.00;24
4317;15;621940890;4317;258;5366;5388;7.12;0.43;286.35;3.88;1049;16;1827.00;22
4320;15;621940903;4320;253;5366;5388;7.12;0.43;286.28;3.88;1046;16;1828.00;22
4323;15;621940915;4323;250;5369;5392;7.01;0.43;286.22;3.88;1046;16;1829.00;23
4327;15;621940932;4327;250;5371;5392;6.98;0.43;286.18;3.90;1044;16;1830.00;21
4331;15;621940945;4331;263;5375;5396;6.95;0.42;286.22;3.90;1044;16;1831.00;21
4332;15;621940959;4332;269;5377;5396;6.89;0.42;286.27;3.92;1045;16;1832.00;19
4333;15;621940972;4333;269;5377;5396;6.95;0.43;286.29;3.92;1044;16;1833.00;19
4334;15;621940984;4334;280;5378;5396;6.95;0.43;286.27;3.92;1044;16;1834.00;18
4338;15;621941002;4338;279;5379;5396;6.92;0.42;286.36;3.93;1041;16;1835.00;17
4339;15;621941015;4339;281;5390;5408;7.01;0.43;286.38;3.93;1051;16;1836.00;18
4343;15;621941029;4343;285;5392;5408;6.95;0.43;286.51;3.94;1049;16;1837.00;16
4346;15;621941042;4346;293;5392;5408;6.88;0.42;286.52;3.94;1046;16;1838.00;16
4349;15;621941054;4349;302;5394;5408;6.82;0.42;286.50;3.95;1045;16;1839.00;14
4353;15;621941066;4353;314;5394;5408;6.75;0.41;286.65;3.95;1041;16;1840.00;14
4354;15;621941079;4354;318;5395;5408;6.73;0.41;286.75;3.96;1041;16;1841.00;13
4356;15;621941090;4356;318;5395;5409;6.67;0.41;286.96;3.96;1039;16;1842.00;14
4360;15;621941103;4360;326;5397;5409;6.62;0.41;287.03;3.98;1037;16;1843.00;12
4362;15;621941115;4362;329;5403;5415;6.64;0.41;287.00;3.98;1041;16;1844.00;12
4366;15;621941133;4366;336;5405;5417;6.57;0.40;287.03;3.98;1039;16;1845.00;12
4368;15;621941145;4368;346;5405;5417;6.46;0.40;287.04;3.98;1037;16;1846.00;12
4371;15;621941158;4371;349;5407;5417;6.33;0.39;287.07;3.99;1036;16;1847.00;10
4374;15;621941170;4374;356;5410;5421;6.29;0.39;286.97;3.99;1036;16;1848.00;11
4377;15;621941181;4377;355;5410;5421;6.21;0.38;287.01;3.99;1033;16;1849.00;11
4378;15;621941193;4378;345;5410;5421;6.18;0.38;287.03;3.99;1032;16;1850.00;11
4381;15;621941205;4381;345;5415;5422;6.16;0.38;287.03;4.01;1034;16;1851.00;7
4383;15;621941217;4383;349;5418;5426;6.16;0.38;287.09;4.01;1035;16;1852.00;8
4385;15;621941229;4385;346;5419;5426;6.16;0.38;287.16;4.02;1034;16;1853.00;7
4387;15;621941240;4387;341;5423;5429;6.22;0.38;287.17;4.02;1036;16;1854.00;6
4390;15;621941252;4390;336;5424;5429;6.25;0.39;287.20;4.02;1034;16;1855.00;5
4391;15;621941264;4391;339;5425;5429;6.30;0.39;287.23;4.02;1034;16;1856.00;4
4393;15;621941277;4393;339;5426;5429;6.34;0.39;287.33;4.03;1033;16;1857.00;3
4394;15;621941289;4394;340;5431;5433;6.42;0.40;287.48;4.02;1037;16;1858.00;2
4399;15;621941303;4399;340;5432;5433;6.37;0.39;287.32;4.02;1033;16;1859.00;1
4401;15;621941317;4401;339;5432;5433;6.38;0.39;287.27;4.02;1031;16;1860.00;1
4401;15;621941328;4401;346;5432;5433;6.33;0.39;287.27;4.02;1031;16;1861.00;1
4406;15;621941340;4406;351;5433;5434;6.18;0.38;287.44;4.02;1027;16;1862.00;1
4409;15;621941352;4409;349;5434;5435;6.12;0.38;287.33;4.02;1025;16;1863.00;1
4412;15;621941369;4412;358;5434;5435;6.04;0.37;287.42;4.02;1022;16;1864.00;1
4417;15;621941380;4417;357;5435;5436;5.95;0.37;287.47;4.02;1018;16;1865.00;1
4420;15;621941391;4420;363;5435;5436;5.82;0.36;287.38;4.02;1015;16;1866.00;1
4422;15;621941402;4422;368;5435;5436;5.70;0.35;287.38;4.02;1013;16;1867.00;1
4427;15;621941413;4427;378;5435;5436;5.54;0.34;287.31;4.02;1008;16;1868.00;1
4429;15;621941423;4429;387;5435;5436;5.41;0.33;287.25;4.02;1006;16;1869.00;1
4433;15;621941433;4433;379;5435;5436;5.30;0.33;287.29;4.02;1002;16;1870.00;1
4438;15;621941444;4438;379;5435;5436;5.21;0.32;287.16;4.02;997;16;1871.00;1
4439;15;621941454;4439;396;5506;5563;5.53;0.35;287.15;3.97;1067;16;1872.00;57
4442;15;621941477;4442;383;5511;5564;5.53;0.35;287.10;3.97;1069;16;1873.00;53
4444;15;621941487;4444;378;5519;5564;5.61;0.35;287.11;3.97;1075;16;1874.00;45
4449;15;621941499;4449;368;5524;5564;5.61;0.35;286.92;3.97;1075;16;1875.00;40
4455;15;621941509;4455;369;5530;5564;5.58;0.35;286.77;3.97;1075;16;1876.00;34
4458;15;621941521;4458;366;5533;5564;5.54;0.34;286.74;3.97;1075;16;1877.00;31
4462;15;621941533;4462;364;5537;5564;5.52;0.34;286.61;3.97;1075;16;1878.00;27
4465;15;621941544;4465;367;5540;5564;5.47;0.34;286.65;3.97;1075;16;1879.00;24
4466;15;621941560;4466;366;5542;5565;5.39;0.33;286.68;3.97;1076;16;1880.00;23
4469;15;621941572;4469;372;5545;5566;5.36;0.33;286.79;3.97;1076;16;1881.00;21
4473;15;621941584;4473;380;5549;5568;5.27;0.33;286.83;3.97;1076;16;1882.00;19
4475;15;621941596;4475;380;5554;5569;5.19;0.32;286.82;3.98;1079;16;1883.00;15
4477;15;621941607;4477;386;5555;5569;5.12;0.32;286.75;3.98;1078;16;1884.00;14
4483;15;621941623;4483;393;5555;5569;5.02;0.31;286.81;3.98;1072;16;1885.00;14
4485;15;621941643;4485;399;5558;5569;4.98;0.31;286.83;3.99;1073;16;1886.00;11
4487;15;621941659;4487;407;5561;5573;4.95;0.31;286.84;3.99;1074;16;1887.00;12
4490;15;621941684;4490;412;5562;5573;4.91;0.30;286.87;3.99;1072;16;1888.00;11
4492;15;621941700;4492;421;5563;5573;4.87;0.30;286.88;3.99;1071;16;1889.00;10
4495;15;621941721;4495;420;5567;5579;4.86;0.30;286.87;3.99;1072;16;1890.00;12
4499;15;621941737;4499;408;5568;5579;4.82;0.30;286.85;3.99;1069;16;1891.00;11
4502;15;621941750;4502;406;5569;5579;4.80;0.30;286.93;3.99;1067;16;1892.00;10
4505;15;621941764;4505;405;5573;5583;4.79;0.30;286.98;3.99;1068;16;1893.00;10
4507;15;621941777;4507;407;5574;5584;4.80;0.30;286.91;3.99;1067;16;1894.00;10
4512;15;621941790;4512;411;5575;5584;4.83;0.30;286.90;3.99;1063;16;1895.00;9
4516;15;621941804;4516;413;5577;5588;4.86;0.30;286.79;3.99;1061;16;1896.00;11
4519;15;621941818;4519;412;5578;5588;4.90;0.30;286.82;4.00;1059;16;1897.00;10
4521;15;621941837;4521;412;5579;5588;4.93;0.30;286.80;4.00;1058;16;1898.00;9
4522;15;621941850;4522;411;5580;5589;4.97;0.31;286.84;4.00;1058;16;1899.00;9
4524;15;621941862;4524;408;5581;5589;5.01;0.31;286.92;4.00;1057;16;1900.00;8
4530;15;621941880;4530;412;5585;5595;5.04;0.31;286.84;4.00;1055;16;1901.00;10
4531;15;621941893;4531;413;5585;5595;5.11;0.31;286.82;4.00;1054;16;1902.00;10
4535;15;621941905;4535;418;5587;5596;5.10;0.31;286.75;4.00;1052;16;1903.00;9
4536;15;621941917;4536;412;5587;5596;5.16;0.32;286.77;4.00;1051;16;1904.00;9
4539;15;621941930;4539;412;5587;5596;5.20;0.32;286.92;4.00;1048;16;1905.00;9
4542;15;621941943;4542;417;5588;5596;5.26;0.32;286.95;4.00;1046;16;1906.00;8
4545;15;621941956;4545;425;5588;5596;5.33;0.33;286.93;4.00;1043;16;1907.00;8
4546;15;621941969;4546;422;5599;5608;5.47;0.34;286.95;3.99;1053;16;1908.00;9
4549;15;621941982;4549;422;5600;5608;5.51;0.34;286.98;4.00;1051;16;1909.00;8
4553;15;621941994;4553;420;5600;5608;5.54;0.34;286.91;4.00;1047;16;1910.00;8
4556;15;621942007;4556;428;5600;5608;5.55;0.34;286.86;4.00;1044;16;1911.00;8
4559;15;621942018;4559;434;5600;5608;5.58;0.34;286.91;4.00;1041;16;1912.00;8
4563;15;621942032;4563;433;5600;5608;5.59;0.34;287.00;4.00;1037;16;1913.00;8
4566;15;621942045;4566;439;5603;5612;5.59;0.34;286.95;4.00;1037;16;1914.00;9
4567;15;621942058;4567;441;5603;5612;5.63;0.34;286.99;4.00;1036;16;1915.00;9
4570;15;621942070;4570;454;5607;5616;5.68;0.35;286.99;3.99;1037;16;1916.00;9
4573;15;621942085;4573;447;5608;5617;5.68;0.35;286.95;3.99;1035;16;1917.00;9
4574;15;621942101;4574;436;5608;5617;5.71;0.35;286.98;3.99;1034;16;1918.00;9
4578;15;621942114;4578;434;5608;5617;5.71;0.35;287.14;3.99;1030;16;1919.00;9
4578;15;621942128;4578;435;5632;5646;5.83;0.36;287.14;3.98;1054;16;1920.00;14
4581;15;621942144;4581;429;5632;5646;5.82;0.35;287.28;3.98;1051;16;1921.00;14
4585;15;621942159;4585;424;5633;5646;5.87;0.36;287.29;3.98;1048;16;1922.00;13
4590;15;621942173;4590;427;5634;5647;5.88;0.36;287.31;3.97;1044;16;1923.00;13
4593;15;621942186;4593;432;5634;5648;5.89;0.36;287.40;3.97;1041;16;1924.00;14
4595;16;621942198;4595;430;5635;5648;5.94;0.36;287.40;3.98;1040;17;1925.00;13
4598;16;621942219;4598;415;5637;5651;5.98;0.36;287.56;3.98;1039;17;1926.00;14
4602;16;621942232;4602;407;5637;5651;6.00;0.36;287.87;3.98;1035;17;1927.00;14
4603;16;621942245;4603;402;5638;5651;6.07;0.37;287.90;3.98;1035;17;1928.00;13
4605;16;621942259;4605;393;5638;5651;6.07;0.37;288.06;3.98;1033;17;1929.00;13
4608;16;621942280;4608;396;5643;5657;6.08;0.37;288.07;3.98;1035;17;1930.00;14
4611;16;621942295;4611;400;5643;5657;6.08;0.37;288.15;3.98;1032;17;1931.00;14
4611;16;621942311;4611;395;5643;5657;6.12;0.37;288.15;3.98;1032;17;1932.00;14
4613;16;621942325;4613;398;5644;5657;6.13;0.37;288.29;3.98;1031;17;1933.00;13
4615;16;621942345;4615;403;5647;5661;6.12;0.37;288.36;3.98;1032;17;1934.00;14
4619;16;621942359;4619;406;5649;5663;6.12;0.37;288.42;3.98;1030;17;1935.00;14
4621;16;621942372;4621;406;5649;5663;6.12;0.37;288.57;3.98;1028;17;1936.00;14
4623;16;621942386;4623;403;5650;5664;6.18;0.38;288.70;3.98;1027;18;1937.00;14
4625;16;621942409;4625;395;5650;5664;6.21;0.38;288.84;3.98;1025;18;1938.00;14
4628;16;621942423;4628;391;5650;5664;6.18;0.38;288.91;3.98;1022;18;1939.00;14
4630;16;621942436;4630;392;5650;5664;6.21;0.38;289.02;3.98;1020;18;1940.00;14
4633;16;621942449;4633;381;5650;5664;6.22;0.38;289.18;3.98;1017;18;1941.00;14
4635;16;621942462;4635;383;5650;5664;6.23;0.38;289.30;3.98;1015;18;1942.00;14
4636;16;621942476;4636;376;5650;5664;6.18;0.37;289.32;3.98;1014;18;1943.00;14
4638;16;621942490;4638;384;5694;5734;6.16;0.37;289.41;3.95;1056;18;1944.00;40
4639;16;621942509;4639;375;5694;5735;6.18;0.38;289.37;3.95;1055;18;1945.00;41
4640;16;621942522;4640;376;5699;5735;6.28;0.38;289.41;3.94;1059;18;1946.00;36
4641;16;621942536;4641;373;5701;5735;6.37;0.39;289.43;3.94;1060;18;1947.00;34
4644;16;621942550;4644;368;5703;5735;6.41;0.39;289.48;3.94;1059;18;1948.00;32
4644;16;621942564;4644;370;5705;5735;6.45;0.39;289.48;3.94;1061;18;1949.00;30
4648;16;621942579;4648;376;5710;5737;6.44;0.39;289.49;3.94;1062;18;1950.00;27
4651;16;621942593;4651;373;5713;5737;6.44;0.39;289.54;3.95;1062;18;1951.00;24
4655;16;621942607;4655;379;5715;5738;6.43;0.39;289.78;3.95;1060;18;1952.00;23
4658;16;621942621;4658;379;5717;5739;6.38;0.39;289.94;3.95;1059;18;1953.00;22
4661;16;621942634;4661;381;5718;5739;6.36;0.39;290.03;3.95;1057;18;1954.00;21
4665;16;621942647;4665;381;5722;5743;6.27;0.38;290.03;3.95;1057;18;1955.00;21
4668;16;621942668;4668;387;5723;5743;6.22;0.38;290.13;3.95;1055;18;1956.00;20
4669;16;621942681;4669;392;5724;5743;6.17;0.38;290.21;3.98;1055;18;1957.00;19
4669;16;621942694;4669;390;5724;5743;6.13;0.38;290.21;3.98;1055;18;1958.00;19
4671;16;621942707;4671;385;5730;5749;6.15;0.38;290.22;3.98;1059;18;1959.00;19
4673;16;621942721;4673;378;5730;5749;6.11;0.37;290.27;3.98;1057;18;1960.00;19
4677;16;621942734;4677;373;5730;5749;6.08;0.37;290.29;3.98;1053;18;1961.00;19
4679;16;621942746;4679;371;5733;5752;6.11;0.37;290.34;3.98;1054;18;1962.00;19
4681;16;621942766;4681;367;5733;5752;6.15;0.38;290.35;3.98;1052;18;1963.00;19
4681;16;621942779;4681;368;5734;5752;6.28;0.38;290.35;3.98;1053;18;1964.00;18
4683;16;621942792;4683;364;5734;5753;6.27;0.38;290.47;3.98;1051;18;1965.00;19
4687;16;621942805;4687;359;5735;5754;6.34;0.39;290.52;3.98;1048;18;1966.00;19
4693;16;621942818;4693;355;5735;5754;6.36;0.39;290.81;3.98;1042;18;1967.00;19
4696;16;621942832;4696;358;5744;5767;6.38;0.39;291.05;3.97;1048;18;1968.00;23
4697;16;621942846;4697;348;5745;5767;6.42;0.39;291.06;3.97;1048;18;1969.00;22
4698;16;621942858;4698;346;5745;5767;6.49;0.39;291.01;3.97;1047;18;1970.00;22
4700;16;621942870;4700;341;5746;5768;6.46;0.39;291.23;3.97;1046;18;1971.00;22
4702;16;621942883;4702;323;5746;5768;6.44;0.39;291.31;3.97;1044;18;1972.00;22
4704;16;621942900;4704;315;5751;5772;6.47;0.39;291.35;3.97;1047;18;1973.00;21
4707;16;621942914;4707;311;5752;5772;6.48;0.39;291.46;3.98;1045;18;1974.00;20
4711;16;621942927;4711;310;5755;5776;6.48;0.39;291.55;3.98;1044;18;1975.00;21
4713;16;621942940;4713;302;5756;5776;6.52;0.40;291.56;4.00;1043;18;1976.00;20
4715;16;621942958;4715;292;5756;5776;6.57;0.40;291.62;4.00;1041;18;1977.00;20
4716;16;621942971;4716;300;5756;5776;6.61;0.40;291.63;4.00;1040;18;1978.00;20
4717;16;621942984;4717;296;5756;5776;6.64;0.40;291.65;4.00;1039;18;1979.00;20
4721;16;621942998;4721;290;5778;5810;6.72;0.41;291.69;3.98;1057;18;1980.00;32
4724;16;621943014;4724;288;5779;5810;6.78;0.42;291.69;3.98;1055;18;1981.00;31
4726;16;621943026;4726;285;5781;5810;6.80;0.42;291.60;3.98;1055;18;1982.00;29
4727;16;621943039;4727;287;5782;5810;6.81;0.42;291.62;3.98;1055;18;1983.00;28
4731;16;621943052;4731;285;5782;5810;6.76;0.41;291.65;3.98;1051;18;1984.00;28
4733;16;621943065;4733;286;5782;5810;6.75;0.41;291.65;3.98;1049;18;1985.00;28
4738;16;621943077;4738;294;5782;5811;6.72;0.41;291.84;3.98;1044;18;1986.00;29
4742;16;621943089;4742;292;5783;5811;6.71;0.41;291.91;3.98;1041;18;1987.00;28
4745;16;621943102;4745;295;5787;5817;6.75;0.41;291.84;3.98;1042;18;1988.00;30
4749;16;621943115;4749;296;5787;5818;6.72;0.41;291.75;3.98;1038;18;1989.00;31
4752;16;621943127;4752;297;5788;5818;6.66;0.41;291.77;3.98;1036;18;1990.00;30
4753;16;621943141;4753;304;5791;5818;6.63;0.40;291.75;4.00;1038;18;1991.00;27
4755;16;621943153;4755;300;5794;5822;6.64;0.40;291.82;3.99;1039;18;1992.00;28
4756;16;621943166;4756;311;5794;5822;6.62;0.40;291.86;3.99;1038;18;1993.00;28
4759;16;621943178;4759;311;5796;5822;6.62;0.40;291.94;4.00;1037;18;1994.00;26
4760;16;621943191;4760;309;5797;5823;6.66;0.41;291.94;4.00;1037;18;1995.00;26
4762;16;621943204;4762;321;5803;5827;6.67;0.41;291.94;4.02;1041;18;1996.00;24
4766;16;621943217;4766;313;5803;5827;6.69;0.41;292.06;4.02;1037;18;1997.00;24
4769;16;621943235;4769;319;5805;5830;6.67;0.41;292.16;4.02;1036;18;1998.00;25
4770;16;621943248;4770;319;5806;5830;6.67;0.41;292.26;4.02;1036;18;1999.00;24
4772;16;621943262;4772;336;5807;5830;6.57;0.40;292.35;4.04;1035;18;2000.00;23
4776;16;621943278;4776;340;5808;5830;6.51;0.40;292.36;4.05;1032;18;2001.00;22
4778;16;621943291;4778;343;5813;5834;6.48;0.39;292.41;4.07;1035;18;2002.00;21
4782;16;621943304;4782;342;5813;5834;6.44;0.39;292.47;4.07;1031;18;2003.00;21
4783;16;621943316;4783;348;5813;5834;6.46;0.39;292.55;4.07;1030;18;2004.00;21
4786;16;621943329;4786;354;5814;5834;6.45;0.39;292.59;4.08;1028;18;2005.00;20
4786;16;621943341;4786;357;5815;5835;6.39;0.39;292.59;4.09;1029;18;2006.00;20
4790;16;621943354;4790;362;5817;5836;6.33;0.39;292.59;4.11;1027;18;2007.00;19
4794;16;621943367;4794;367;5817;5836;6.28;0.38;292.52;4.11;1023;18;2008.00;19
4794;16;621943378;4794;370;5818;5837;6.25;0.38;292.52;4.11;1024;18;2009.00;19
4795;16;621943393;4795;382;5819;5837;6.20;0.38;292.59;4.12;1024;18;2010.00;18
4796;16;621943405;4796;387;5820;5837;6.12;0.37;292.69;4.13;1024;18;2011.00;17
4798;16;621943417;4798;390;5820;5837;6.08;0.37;292.61;4.13;1022;18;2012.00;17
4799;16;621943428;4799;397;5820;5837;6.04;0.37;292.58;4.13;1021;18;2013.00;17
4804;16;621943439;4804;408;5821;5837;5.95;0.36;292.56;4.14;1017;18;2014.00;16
4806;16;621943451;4806;407;5821;5837;5.88;0.36;292.63;4.14;1015;18;2015.00;16
4808;16;621943461;4808;428;5886;5964;6.08;0.38;292.66;4.11;1078;18;2016.00;78
4808;16;621943492;4808;421;5887;5965;6.07;0.38;292.66;4.11;1079;18;2017.00;78
4812;16;621943503;4812;429;5896;5965;6.09;0.38;292.64;4.10;1084;18;2018.00;69
4813;16;621943514;4813;422;5900;5965;6.05;0.38;292.59;4.12;1087;18;2019.00;65
4817;16;621943525;4817;418;5908;5965;5.99;0.37;292.43;4.12;1091;18;2020.00;57
4819;16;621943537;4819;419;5911;5965;5.91;0.37;292.43;4.12;1092;18;2021.00;54
4826;16;621943549;4826;415;5915;5965;5.79;0.36;292.28;4.14;1089;18;2022.00;50
4828;16;621943563;4828;416;5917;5965;5.76;0.35;292.21;4.14;1089;18;2023.00;48
4829;16;621943574;4829;414;5922;5966;5.76;0.35;292.26;4.16;1093;18;2024.00;44
4830;16;621943587;4830;419;5925;5968;5.71;0.35;292.35;4.16;1095;18;2025.00;43
4833;16;621943599;4833;412;5929;5968;5.65;0.35;292.34;4.18;1096;18;2026.00;39
4834;16;621943611;4834;409;5930;5969;5.64;0.35;292.38;4.18;1096;18;2027.00;39
4836;16;621943627;4836;415;5932;5969;5.61;0.34;292.29;4.18;1096;18;2028.00;37
4837;16;621943646;4837;417;5934;5969;5.55;0.34;292.25;4.19;1097;18;2029.00;35
4838;16;621943661;4838;423;5940;5969;5.50;0.34;292.22;4.22;1102;18;2030.00;29
4839;16;621943679;4839;433;5945;5973;5.46;0.34;292.17;4.22;1106;18;2031.00;28
4843;16;621943694;4843;444;5949;5973;5.34;0.33;292.16;4.24;1106;18;2032.00;24
4846;16;621943711;4846;454;5952;5973;5.23;0.32;292.24;4.24;1106;18;2033.00;21
4847;16;621943727;4847;460;5955;5976;5.17;0.32;292.22;4.25;1108;18;2034.00;21
4849;16;621943741;4849;463;5958;5976;5.07;0.31;292.23;4.26;1109;18;2035.00;18
4852;16;621943754;4852;468;5960;5976;4.93;0.30;292.18;4.27;1108;18;2036.00;16
4854;16;621943774;4854;478;5965;5980;4.85;0.30;292.17;4.27;1111;18;2037.00;15
4857;16;621943787;4857;492;5967;5981;4.72;0.29;292.19;4.27;1110;18;2038.00;14
4859;16;621943798;4859;504;5968;5981;4.67;0.29;292.25;4.27;1109;18;2039.00;13
4860;16;621943812;4860;500;5973;5986;4.67;0.29;292.23;4.27;1113;18;2040.00;13
4864;16;621943825;4864;495;5974;5986;4.68;0.29;292.23;4.27;1110;18;2041.00;12
4870;16;621943838;4870;493;5975;5986;4.67;0.29;292.16;4.27;1105;18;2042.00;11
4872;16;621943850;4872;480;5976;5987;4.69;0.29;292.11;4.27;1104;18;2043.00;11
4875;16;621943861;4875;463;5976;5987;4.73;0.29;292.08;4.27;1101;18;2044.00;11
4879;16;621943872;4879;452;5981;5993;4.80;0.29;292.01;4.27;1102;18;2045.00;12
4881;16;621943884;4881;451;5981;5993;4.85;0.30;291.91;4.27;1100;18;2046.00;12
4885;16;621943896;4885;438;5981;5994;4.87;0.30;291.84;4.27;1096;18;2047.00;13
4887;16;621943909;4887;435;5981;5994;4.95;0.30;291.74;4.27;1094;18;2048.00;13
4889;16;621943921;4889;428;5981;5994;4.98;0.30;291.67;4.27;1092;18;2049.00;13
4891;16;621943934;4891;422;5981;5994;5.00;0.31;291.64;4.27;1090;18;2050.00;13
4893;16;621943946;4893;416;5981;5994;5.08;0.31;291.64;4.27;1088;18;2051.00;13
4899;16;621943958;4899;415;5990;6006;5.13;0.31;291.52;4.26;1091;18;2052.00;16
4901;16;621943972;4901;406;5990;6006;5.18;0.32;291.59;4.26;1089;18;2053.00;16
4903;16;621943985;4903;409;5992;6006;5.24;0.32;291.59;4.26;1089;18;2054.00;14
4904;16;621943998;4904;406;5992;6006;5.26;0.32;291.62;4.26;1088;18;2055.00;14
4907;16;621944011;4907;401;5992;6006;5.30;0.32;291.71;4.26;1085;18;2056.00;14
4910;16;621944024;4910;400;5992;6006;5.30;0.32;291.78;4.26;1082;18;2057.00;14
4912;16;621944037;4912;401;5995;6010;5.37;0.33;291.77;4.26;1083;18;2058.00;15
4915;16;621944056;4915;398;5995;6010;5.40;0.33;291.79;4.26;1080;18;2059.00;15
4915;16;621944069;4915;395;5999;6014;5.48;0.33;291.79;4.26;1084;18;2060.00;15
4917;16;621944089;4917;393;5999;6015;5.56;0.34;291.81;4.26;1082;18;2061.00;16
4922;16;621944102;4922;391;5999;6015;5.56;0.34;291.76;4.26;1077;18;2062.00;16
4924;16;621944115;4924;391;5999;6015;5.56;0.34;291.77;4.26;1075;18;2063.00;16
4930;16;621944128;4930;386;6010;6028;5.62;0.34;291.76;4.25;1080;18;2064.00;18
4932;16;621944144;4932;388;6010;6028;5.60;0.34;291.71;4.25;1078;18;2065.00;18
4938;16;621944158;4938;391;6010;6028;5.57;0.34;291.86;4.25;1072;18;2066.00;18
4942;16;621944173;4942;396;6012;6029;5.59;0.34;291.91;4.25;1070;18;2067.00;17
4945;16;621944186;4945;401;6012;6030;5.63;0.34;291.92;4.25;1067;18;2068.00;18
4949;16;621944199;4949;398;6012;6030;5.64;0.34;292.06;4.25;1063;18;2069.00;18
4953;16;621944214;4953;399;6017;6036;5.69;0.35;292.05;4.25;1064;18;2070.00;19
4954;16;621944228;4954;395;6017;6036;5.78;0.35;292.17;4.25;1063;18;2071.00;19
4959;16;621944241;4959;404;6018;6036;5.78;0.35;292.21;4.25;1059;18;2072.00;18
4962;16;621944255;4962;401;6018;6036;5.74;0.35;292.23;4.25;1056;18;2073.00;18
4965;16;621944269;4965;402;6023;6042;5.74;0.35;292.25;4.24;1058;18;2074.00;19
4970;16;621944283;4970;402;6023;6042;5.74;0.35;292.25;4.24;1053;18;2075.00;19
4972;16;621944297;4972;399;6023;6042;5.78;0.35;292.24;4.24;1051;18;2076.00;19
4973;16;621944310;4973;399;6023;6042;5.79;0.35;292.36;4.24;1050;18;2077.00;19
4977;16;621944322;4977;405;6026;6046;5.84;0.35;292.36;4.24;1049;18;2078.00;20
4979;16;621944336;4979;404;6027;6047;5.90;0.36;292.43;4.24;1048;18;2079.00;20
4982;16;621944350;4982;407;6027;6047;5.88;0.36;292.54;4.24;1045;18;2080.00;20
4986;16;621944363;4986;407;6028;6048;5.86;0.36;292.81;4.24;1042;18;2081.00;20
4986;16;621944376;4986;408;6028;6048;5.81;0.35;292.81;4.24;1042;18;2082.00;20
4988;16;621944389;4988;408;6028;6048;5.80;0.35;292.86;4.24;1040;18;2083.00;20
4991;16;621944402;4991;417;6028;6048;5.75;0.35;292.83;4.24;1037;18;2084.00;20
4995;16;621944415;4995;424;6028;6048;5.72;0.35;293.06;4.24;1033;18;2085.00;20
5000;16;621944428;5000;426;6028;6048;5.68;0.35;293.13;4.24;1028;18;2086.00;20
5003;16;621944442;5003;410;6028;6048;5.72;0.35;293.45;4.24;1025;18;2087.00;20
5009;17;621944455;5009;420;6070;6118;5.83;0.36;293.73;4.21;1061;19;2088.00;48
5010;17;621944488;5010;400;6071;6119;5.83;0.36;293.84;4.21;1061;19;2089.00;48
5014;17;621944501;5014;395;6076;6119;5.90;0.36;293.97;4.21;1062;19;2090.00;43
5018;17;621944514;5018;391;6078;6119;5.92;0.36;294.12;4.21;1060;19;2091.00;41
5020;17;621944528;5020;396;6081;6119;6.00;0.36;294.25;4.21;1061;19;2092.00;38
5021;17;621944542;5021;393;6084;6119;6.09;0.37;294.22;4.21;1063;19;2093.00;35
5023;17;621944555;5023;390;6087;6119;6.10;0.37;294.35;4.21;1064;19;2094.00;32
5024;17;621944570;5024;396;6088;6119;6.10;0.37;294.42;4.21;1064;19;2095.00;31
5024;18;621944583;5024;384;6090;6120;6.15;0.37;294.42;4.21;1066;20;2096.00;30
5026;18;621944617;5026;376;6091;6121;6.10;0.37;294.54;4.21;1065;20;2097.00;30
5027;18;621944630;5027;376;6093;6121;6.12;0.37;294.59;4.21;1066;20;2098.00;28
5031;18;621944644;5031;379;6098;6125;6.07;0.37;294.79;4.21;1067;20;2099.00;27
5035;18;621944660;5035;389;6104;6140;6.05;0.37;294.98;4.21;1069;20;2100.00;36
5037;18;621944682;5037;388;6104;6140;6.10;0.37;295.01;4.21;1067;20;2101.00;36
5039;18;621944696;5039;393;6104;6140;6.10;0.37;295.16;4.21;1065;20;2102.00;36
5042;18;621944708;5042;399;6108;6146;6.10;0.37;295.31;4.21;1066;20;2103.00;38
5043;18;621944722;5043;411;6108;6146;6.11;0.37;295.34;4.21;1065;20;2104.00;38
5045;18;621944735;5045;413;6109;6146;6.06;0.37;295.48;4.21;1064;20;2105.00;37
5046;18;621944747;5046;418;6112;6149;6.08;0.37;295.51;4.21;1066;20;2106.00;37
5048;18;621944761;5048;420;6112;6149;6.04;0.37;295.49;4.21;1064;20;2107.00;37
5048;18;621944774;5048;418;6113;6149;6.03;0.37;295.49;4.21;1065;20;2108.00;36
5052;18;621944788;5052;403;6113;6150;6.01;0.37;295.57;4.21;1061;20;2109.00;37
5054;18;621944801;5054;405;6114;6151;5.96;0.36;295.68;4.21;1060;20;2110.00;37
5056;18;621944815;5056;404;6115;6151;5.97;0.36;295.72;4.21;1059;20;2111.00;36
5057;18;621944828;5057;400;6126;6164;5.97;0.36;295.84;4.20;1069;20;2112.00;38
5060;18;621944842;5060;400;6126;6164;5.97;0.36;296.01;4.20;1066;20;2113.00;38
5062;18;621944855;5062;395;6126;6164;5.98;0.37;296.02;4.20;1064;20;2114.00;38
5063;18;621944869;5063;394;6128;6166;6.00;0.37;295.98;4.20;1065;20;2115.00;38
5063;18;621944882;5063;396;6128;6166;6.04;0.37;295.98;4.20;1065;20;2116.00;38
5068;18;621944895;5068;392;6132;6170;6.09;0.37;296.10;4.20;1064;20;2117.00;38
5071;18;621944908;5071;394;6133;6170;6.13;0.38;296.09;4.20;1062;20;2118.00;37
5076;18;621944921;5076;391;6136;6174;6.13;0.38;296.18;4.20;1060;20;2119.00;38
5081;18;621944935;5081;395;6136;6174;6.16;0.38;296.30;4.20;1055;20;2120.00;38
5085;18;621944948;5085;393;6136;6174;6.19;0.38;296.40;4.20;1051;20;2121.00;38
5087;18;621944960;5087;390;6136;6174;6.24;0.38;296.46;4.20;1049;20;2122.00;38
5090;18;621944972;5090;391;6137;6174;6.22;0.38;296.46;4.21;1047;20;2123.00;37
5094;18;621944984;5094;388;6147;6186;6.24;0.38;296.46;4.20;1053;20;2124.00;39
5096;18;621945003;5096;389;6149;6186;6.28;0.38;296.52;4.21;1053;20;2125.00;37
5101;18;621945016;5101;397;6150;6186;6.29;0.38;296.48;4.21;1049;20;2126.00;36
5103;18;621945034;5103;402;6150;6186;6.32;0.38;296.60;4.21;1047;20;2127.00;36
5106;18;621945048;5106;405;6150;6186;6.31;0.38;296.66;4.21;1044;20;2128.00;36
5108;18;621945060;5108;400;6150;6186;6.34;0.39;296.71;4.21;1042;20;2129.00;36
5110;18;621945075;5110;392;6152;6187;6.31;0.38;296.70;4.21;1042;20;2130.00;35
5112;18;621945088;5112;384;6153;6187;6.31;0.38;296.77;4.21;1041;20;2131.00;34
5113;18;621945101;5113;375;6158;6193;6.35;0.38;296.80;4.21;1045;20;2132.00;35
5115;18;621945114;5115;362;6159;6194;6.32;0.38;296.84;4.21;1044;20;2133.00;35
5116;18;621945127;5116;360;6159;6194;6.30;0.38;296.88;4.21;1043;20;2134.00;35
5120;18;621945141;5120;356;6159;6194;6.21;0.38;296.90;4.21;1039;20;2135.00;35
5121;18;621945154;5121;357;6162;6198;6.22;0.38;297.01;4.21;1041;20;2136.00;36
5123;18;621945167;5123;355;6162;6198;6.15;0.37;297.08;4.21;1039;20;2137.00;36
5126;18;621945180;5126;359;6162;6198;6.14;0.37;297.13;4.21;1036;20;2138.00;36
5129;18;621945192;5129;355;6163;6199;6.14;0.37;297.16;4.21;1034;20;2139.00;36
5131;18;621945204;5131;357;6166;6203;6.11;0.37;297.29;4.21;1035;20;2140.00;37
5133;18;621945217;5133;351;6166;6203;6.07;0.37;297.40;4.21;1033;20;2141.00;37
5136;18;621945229;5136;347;6168;6206;6.07;0.37;297.44;4.20;1032;20;2142.00;38
5141;18;621945246;5141;355;6169;6206;6.00;0.36;297.55;4.20;1028;20;2143.00;37
5145;18;621945259;5145;362;6169;6206;5.97;0.36;297.57;4.20;1024;20;2144.00;37
5147;18;621945272;5147;355;6171;6206;5.95;0.36;297.68;4.24;1024;20;2145.00;35
5150;18;621945284;5150;346;6175;6210;6.04;0.37;297.77;4.24;1025;20;2146.00;35
5153;18;621945297;5153;354;6175;6210;6.08;0.37;297.76;4.24;1022;20;2147.00;35
5157;18;621945308;5157;350;6175;6210;6.10;0.37;297.76;4.24;1018;20;2148.00;35
5161;18;621945321;5161;342;6175;6210;6.15;0.37;297.95;4.24;1014;20;2149.00;35
5164;18;621945333;5164;341;6175;6211;6.17;0.37;297.99;4.24;1011;20;2150.00;36
5166;18;621945346;5166;334;6176;6212;6.24;0.38;298.04;4.24;1010;20;2151.00;36
5168;18;621945358;5168;332;6176;6212;6.28;0.38;297.99;4.24;1008;20;2152.00;36
5169;18;621945370;5169;332;6177;6213;6.28;0.38;297.96;4.24;1008;20;2153.00;36
5173;18;621945382;5173;327;6177;6213;6.20;0.38;297.99;4.24;1004;20;2154.00;36
5176;18;621945396;5176;335;6177;6213;6.16;0.37;298.02;4.24;1001;20;2155.00;36
5178;18;621945409;5178;329;6177;6213;6.09;0.37;298.07;4.24;999;20;2156.00;36
5179;18;621945421;5179;332;6177;6213;6.06;0.37;298.05;4.24;998;20;2157.00;36
5181;18;621945433;5181;333;6177;6213;6.01;0.36;298.08;4.24;996;20;2158.00;36
5183;18;621945445;5183;334;6177;6213;5.96;0.36;298.13;4.24;994;20;2159.00;36
5185;18;621945460;5185;359;6281;6443;6.18;0.39;298.17;4.17;1096;20;2160.00;162
5187;18;621945501;5187;358;6287;6444;6.17;0.39;298.14;4.17;1100;20;2161.00;157
5188;18;621945514;5188;340;6298;6444;6.23;0.39;298.11;4.16;1110;20;2162.00;146
5189;18;621945527;5189;335;6305;6444;6.20;0.39;298.08;4.16;1116;20;2163.00;139
5189;18;621945539;5189;340;6315;6444;6.19;0.39;298.08;4.16;1126;20;2164.00;129
5192;18;621945551;5192;334;6323;6444;6.12;0.38;297.98;4.16;1131;20;2165.00;121
5193;18;621945570;5193;329;6331;6444;6.15;0.38;297.99;4.17;1138;20;2166.00;113
5196;18;621945583;5196;335;6340;6444;6.21;0.39;297.92;4.17;1144;20;2167.00;104
5196;18;621945597;5196;341;6346;6445;6.22;0.39;297.92;4.17;1150;20;2168.00;99
5197;18;621945610;5197;351;6351;6446;6.21;0.39;297.93;4.18;1154;20;2169.00;95
5199;18;621945629;5199;353;6357;6446;6.21;0.39;297.86;4.21;1158;20;2170.00;89
5202;18;621945651;5202;352;6361;6447;6.14;0.38;297.77;4.21;1159;20;2171.00;86
5202;18;621945673;5202;359;6365;6447;6.10;0.38;297.77;4.22;1163;20;2172.00;82
5203;18;621945692;5203;372;6369;6447;6.00;0.37;297.71;4.27;1166;20;2173.00;78
5203;18;621945721;5203;381;6372;6447;5.96;0.37;297.71;4.27;1169;20;2174.00;75
5205;18;621945737;5205;393;6375;6451;5.86;0.36;297.63;4.27;1170;20;2175.00;76
5205;18;621945751;5205;397;6381;6451;5.75;0.36;297.63;4.34;1176;20;2176.00;70
5207;18;621945766;5207;405;6385;6451;5.63;0.35;297.54;4.38;1178;20;2177.00;66
5211;18;621945781;5211;409;6387;6454;5.52;0.34;297.49;4.38;1176;20;2178.00;67
5212;18;621945796;5212;414;6389;6454;5.43;0.34;297.44;4.40;1177;20;2179.00;65
5213;18;621945810;5213;428;6391;6454;5.36;0.33;297.41;4.41;1178;20;2180.00;63
5215;18;621945824;5215;433;6396;6458;5.28;0.33;297.38;4.41;1181;20;2181.00;62
5216;18;621945839;5216;440;6399;6459;5.15;0.32;297.39;4.43;1183;20;2182.00;60
5219;18;621945853;5219;441;6400;6459;5.06;0.31;297.41;4.44;1181;20;2183.00;59
5221;18;621945866;5221;451;6406;6463;5.03;0.31;297.39;4.50;1185;20;2184.00;57
5223;18;621945880;5223;457;6407;6463;5.03;0.31;297.38;4.50;1184;20;2185.00;56
5224;18;621945894;5224;454;6409;6463;5.03;0.31;297.37;4.52;1185;20;2186.00;54
5228;18;621945906;5228;461;6411;6464;5.01;0.31;297.36;4.53;1183;20;2187.00;53
5229;18;621945919;5229;463;6412;6464;4.97;0.31;297.35;4.55;1183;20;2188.00;52
5233;18;621945935;5233;465;6417;6470;4.98;0.31;297.24;4.56;1184;20;2189.00;53
5235;18;621945952;5235;465;6418;6470;4.95;0.31;297.30;4.57;1183;20;2190.00;52
5237;18;621945965;5237;464;6419;6471;4.94;0.30;297.27;4.58;1182;20;2191.00;52
5239;18;621945979;5239;468;6421;6471;4.90;0.30;297.24;4.59;1182;20;2192.00;50
5242;18;621945992;5242;469;6423;6471;4.83;0.30;297.18;4.63;1181;20;2193.00;48
5244;18;621946005;5244;471;6424;6471;4.78;0.29;297.14;4.63;1180;20;2194.00;47
5245;18;621946018;5245;465;6426;6471;4.78;0.29;297.10;4.65;1181;20;2195.00;45
5246;18;621946031;5246;460;6434;6483;4.83;0.30;297.08;4.64;1188;20;2196.00;49
5246;18;621946050;5246;453;6437;6483;4.84;0.30;297.08;4.68;1191;20;2197.00;46
5251;18;621946063;5251;454;6439;6483;4.86;0.30;296.99;4.68;1188;20;2198.00;44
5252;18;621946076;5252;454;6440;6483;4.86;0.30;296.94;4.69;1188;20;2199.00;43
5253;18;621946090;5253;462;6441;6483;4.84;0.30;296.95;4.70;1188;20;2200.00;42
5254;18;621946106;5254;462;6442;6483;4.81;0.29;296.90;4.70;1188;20;2201.00;41
5257;18;621946126;5257;464;6447;6487;4.76;0.29;296.85;4.72;1190;20;2202.00;40
5259;18;621946152;5259;477;6448;6487;4.74;0.29;296.82;4.73;1189;20;2203.00;39
5262;18;621946166;5262;484;6453;6491;4.76;0.29;296.75;4.73;1191;20;2204.00;38
5264;18;621946179;5264;479;6455;6493;4.73;0.29;296.68;4.74;1191;20;2205.00;38
5265;18;621946192;5265;480;6455;6493;4.69;0.29;296.66;4.74;1190;20;2206.00;38
5267;18;621946204;5267;485;6456;6493;4.62;0.28;296.68;4.74;1189;20;2207.00;37
5268;19;621946217;5268;495;6469;6506;4.61;0.28;296.66;4.76;1201;21;2208.00;37
5273;19;621946238;5273;497;6470;6506;4.58;0.28;296.56;4.76;1197;21;2209.00;36
5275;19;621946251;5275;484;6472;6508;4.57;0.28;296.53;4.76;1197;21;2210.00;36
5277;19;621946265;5277;475;6473;6509;4.58;0.28;296.61;4.76;1196;21;2211.00;36
5280;19;621946277;5280;476;6473;6510;4.56;0.28;296.58;4.76;1193;21;2212.00;37
5283;19;621946290;5283;470;6473;6510;4.59;0.28;296.57;4.76;1190;21;2213.00;37
5284;19;621946304;5284;465;6475;6513;4.67;0.29;296.61;4.76;1191;21;2214.00;38
5288;19;621946317;5288;454;6475;6513;4.70;0.29;296.67;4.76;1187;21;2215.00;38
5290;19;621946335;5290;444;6475;6513;4.77;0.29;296.63;4.76;1185;21;2216.00;38
5295;19;621946348;5295;434;6475;6513;4.81;0.29;296.75;4.76;1180;21;2217.00;38
5298;19;621946361;5298;433;6479;6519;4.87;0.30;296.92;4.76;1181;21;2218.00;40
5300;19;621946376;5300;416;6479;6519;4.91;0.30;296.94;4.76;1179;21;2219.00;40
5302;19;621946391;5302;418;6479;6519;4.93;0.30;297.00;4.76;1177;21;2220.00;40
5304;19;621946404;5304;404;6479;6519;4.99;0.31;296.91;4.76;1175;21;2221.00;40
5308;19;621946417;5308;395;6482;6523;4.99;0.31;297.05;4.75;1174;21;2222.00;41
5310;19;621946431;5310;394;6483;6524;5.04;0.31;297.10;4.76;1173;21;2223.00;41
5313;19;621946444;5313;394;6483;6524;5.12;0.31;297.19;4.76;1170;21;2224.00;41
5317;19;621946459;5317;391;6484;6525;5.14;0.32;297.21;4.76;1167;21;2225.00;41
5318;19;621946473;5318;388;6484;6525;5.22;0.32;297.17;4.76;1166;21;2226.00;41
5322;19;621946486;5322;393;6484;6525;5.27;0.32;297.42;4.76;1162;21;2227.00;41
5328;19;621946499;5328;396;6484;6525;5.32;0.33;297.48;4.76;1156;21;2228.00;41
5332;19;621946513;5332;401;6484;6525;5.38;0.33;297.66;4.76;1152;21;2229.00;41
5336;19;621946526;5336;400;6484;6525;5.38;0.33;297.68;4.76;1148;21;2230.00;41
5340;19;621946540;5340;405;6484;6525;5.38;0.33;297.78;4.76;1144;21;2231.00;41
5344;19;621946554;5344;412;6527;6595;5.48;0.34;297.96;4.73;1183;21;2232.00;68
5350;19;621946575;5350;407;6529;6596;5.44;0.33;297.96;4.73;1179;21;2233.00;67
5353;20;621946590;5353;409;6532;6596;5.48;0.34;298.06;4.73;1179;22;2234.00;64
5357;20;621946619;5357;406;6534;6596;5.49;0.34;298.19;4.73;1177;22;2235.00;62
5360;20;621946633;5360;398;6534;6596;5.47;0.34;298.24;4.73;1174;22;2236.00;62
5368;20;621946655;5368;386;6535;6596;5.42;0.33;298.31;4.73;1167;22;2237.00;61
5373;20;621946669;5373;385;6536;6596;5.44;0.33;298.49;4.74;1163;22;2238.00;60
5375;20;621946683;5375;382;6538;6596;5.47;0.33;298.42;4.75;1163;22;2239.00;58
5381;20;621946697;5381;380;6541;6597;5.43;0.33;298.55;4.75;1160;22;2240.00;56
5382;20;621946712;5382;377;6541;6598;5.44;0.33;298.60;4.75;1159;22;2241.00;57
5384;20;621946725;5384;376;6544;6598;5.47;0.33;298.71;4.75;1160;22;2242.00;54
5388;20;621946743;5388;387;6548;6602;5.49;0.34;298.76;4.75;1160;22;2243.00;54
5390;20;621946763;5390;394;6549;6602;5.50;0.34;298.83;4.75;1159;22;2244.00;53
5393;20;621946777;5393;394;6552;6602;5.49;0.34;298.93;4.75;1159;22;2245.00;50
5396;20;621946791;5396;398;6553;6602;5.52;0.34;299.02;4.76;1157;22;2246.00;49
5400;20;621946806;5400;398;6557;6608;5.56;0.34;299.01;4.75;1157;22;2247.00;51
5407;20;621946821;5407;401;6558;6608;5.62;0.34;299.02;4.76;1151;22;2248.00;50
5409;20;621946836;5409;406;6560;6608;5.65;0.34;299.00;4.76;1151;22;2249.00;48
5414;20;621946852;5414;406;6562;6614;5.74;0.35;299.03;4.76;1148;22;2250.00;52
5417;20;621946868;5417;408;6564;6614;5.77;0.35;299.17;4.76;1147;22;2251.00;50
5420;20;621946882;5420;405;6566;6614;5.81;0.35;299.18;4.76;1146;22;2252.00;48
5424;20;621946897;5424;410;6567;6615;5.80;0.35;299.18;4.77;1143;22;2253.00;48
5425;20;621946910;5425;418;6568;6616;5.84;0.35;299.29;4.77;1143;22;2254.00;48
5427;20;621946924;5427;422;6569;6616;5.81;0.35;299.36;4.79;1142;22;2255.00;47
5429;20;621946939;5429;429;6578;6629;5.81;0.35;299.40;4.78;1149;22;2256.00;51
5431;20;621946954;5431;421;6578;6629;5.83;0.35;299.42;4.78;1147;22;2257.00;51
5435;20;621946968;5435;419;6578;6629;5.84;0.35;299.55;4.78;1143;22;2258.00;51
5438;20;621946983;5438;416;6580;6630;5.82;0.35;299.78;4.78;1142;22;2259.00;50
5441;20;621946997;5441;420;6580;6630;5.76;0.35;299.83;4.78;1139;22;2260.00;50
5445;20;621947012;5445;421;6584;6634;5.71;0.35;299.97;4.78;1139;22;2261.00;50
5447;20;621947027;5447;426;6586;6634;5.65;0.34;300.04;4.78;1139;22;2262.00;48
5450;20;621947041;5450;435;6589;6638;5.63;0.34;300.18;4.78;1139;22;2263.00;49
5454;20;621947055;5454;438;6589;6638;5.62;0.34;300.29;4.78;1135;22;2264.00;49
5456;20;621947069;5456;442;6590;6638;5.63;0.34;300.23;4.78;1134;22;2265.00;48
5458;20;621947083;5458;429;6590;6638;5.64;0.34;300.35;4.78;1132;22;2266.00;48
5459;20;621947097;5459;419;6592;6638;5.69;0.35;300.46;4.78;1133;22;2267.00;46
5463;20;621947111;5463;417;6599;6650;5.71;0.35;300.54;4.78;1136;22;2268.00;51
5464;20;621947131;5464;411;6600;6650;5.74;0.35;300.58;4.78;1136;22;2269.00;50
5466;20;621947146;5466;417;6603;6650;5.81;0.35;300.68;4.78;1137;22;2270.00;47
5468;20;621947161;5468;419;6603;6650;5.86;0.36;300.79;4.78;1135;22;2271.00;47
5471;20;621947176;5471;422;6603;6650;5.85;0.36;300.96;4.78;1132;22;2272.00;47
5472;20;621947190;5472;421;6603;6650;5.86;0.36;301.08;4.78;1131;22;2273.00;47
5474;20;621947204;5474;427;6603;6651;5.90;0.36;301.24;4.78;1129;22;2274.00;48
5476;20;621947219;5476;432;6603;6651;5.94;0.36;301.38;4.78;1127;22;2275.00;48
5480;20;621947232;5480;428;6609;6657;5.94;0.36;301.46;4.79;1129;22;2276.00;48
5481;20;621947247;5481;422;6609;6658;5.98;0.36;301.50;4.79;1128;22;2277.00;49
5484;20;621947260;5484;424;6610;6658;6.00;0.36;301.63;4.79;1126;22;2278.00;48
5488;20;621947275;5488;421;6610;6658;5.99;0.36;301.80;4.79;1122;22;2279.00;48
5491;20;621947290;5491;419;6614;6663;5.96;0.36;301.92;4.79;1123;22;2280.00;49
5494;20;621947310;5494;413;6614;6663;5.95;0.36;302.13;4.79;1120;22;2281.00;49
5499;20;621947324;5499;412;6614;6663;5.96;0.36;302.24;4.79;1115;22;2282.00;49
5502;20;621947338;5502;410;6615;6664;5.97;0.36;302.37;4.79;1113;22;2283.00;49
5503;20;621947352;5503;414;6618;6668;5.96;0.36;302.49;4.79;1115;22;2284.00;50
5507;20;621947366;5507;416;6618;6668;5.93;0.36;302.49;4.79;1111;22;2285.00;50
5509;20;621947381;5509;416;6620;6671;5.96;0.36;302.58;4.78;1111;22;2286.00;51
5510;20;621947394;5510;414;6620;6671;5.99;0.36;302.63;4.78;1110;22;2287.00;51
5511;20;621947408;5511;416;6621;6671;5.98;0.36;302.60;4.78;1110;22;2288.00;50
5516;20;621947421;5516;421;6621;6671;5.90;0.36;302.61;4.78;1105;22;2289.00;50
5516;20;621947434;5516;424;6625;6675;5.90;0.36;302.61;4.78;1109;22;2290.00;50
5518;20;621947447;5518;413;6625;6675;5.85;0.36;302.77;4.78;1107;22;2291.00;50
5522;20;621947461;5522;415;6626;6675;5.77;0.35;302.83;4.79;1104;22;2292.00;49
5525;20;621947475;5525;415;6626;6675;5.72;0.35;302.80;4.79;1101;22;2293.00;49
5526;20;621947495;5526;419;6626;6676;5.71;0.35;302.81;4.79;1100;22;2294.00;50
5527;20;621947508;5527;422;6628;6678;5.68;0.35;302.85;4.79;1101;22;2295.00;50
5530;20;621947521;5530;420;6628;6678;5.65;0.34;302.99;4.79;1098;22;2296.00;50
5531;20;621947534;5531;425;6629;6679;5.64;0.34;303.03;4.79;1098;22;2297.00;50
5533;20;621947547;5533;432;6629;6679;5.60;0.34;303.08;4.79;1096;22;2298.00;50
5535;20;621947560;5535;435;6629;6679;5.64;0.34;303.10;4.79;1094;22;2299.00;50
5535;20;621947574;5535;433;6629;6679;5.63;0.34;303.10;4.79;1094;22;2300.00;50
5537;20;621947592;5537;429;6629;6679;5.65;0.34;303.07;4.79;1092;22;2301.00;50
5539;20;621947605;5539;435;6629;6679;5.63;0.34;303.07;4.79;1090;22;2302.00;50
5541;20;621947618;5541;426;6629;6679;5.65;0.34;303.07;4.79;1088;22;2303.00;50
5544;20;621947639;5544;451;6701;6806;5.75;0.36;303.12;4.74;1157;22;2304.00;105
5547;20;621947681;5547;436;6702;6807;5.77;0.36;303.20;4.74;1155;22;2305.00;105
5549;20;621947701;5549;424;6709;6807;5.87;0.36;303.15;4.73;1160;22;2306.00;98
5549;20;621947720;5549;425;6711;6807;5.92;0.37;303.15;4.73;1162;22;2307.00;96
5551;20;621947739;5551;426;6715;6807;5.96;0.37;303.19;4.73;1164;22;2308.00;92
5553;20;621947755;5553;426;6718;6807;5.94;0.37;303.23;4.73;1165;22;2309.00;89
5554;20;621947772;5554;420;6722;6807;5.92;0.37;303.20;4.73;1168;22;2310.00;85
5558;20;621947786;5558;427;6726;6807;5.92;0.36;303.26;4.73;1168;22;2311.00;81
5560;20;621947801;5560;420;6729;6808;5.87;0.36;303.30;4.74;1169;22;2312.00;79
5561;20;621947816;5561;416;6733;6809;5.82;0.36;303.27;4.74;1172;22;2313.00;76
5564;20;621947830;5564;415;6736;6809;5.78;0.36;303.27;4.74;1172;22;2314.00;73
5566;20;621947845;5566;422;6740;6810;5.73;0.35;303.26;4.80;1174;22;2315.00;70
5569;20;621947861;5569;418;6743;6810;5.70;0.35;303.28;4.80;1174;22;2316.00;67
5573;20;621947874;5573;419;6744;6810;5.60;0.35;303.26;4.80;1171;22;2317.00;66
5576;20;621947889;5576;419;6747;6810;5.56;0.34;303.23;4.81;1171;22;2318.00;63
5581;20;621947902;5581;415;6751;6814;5.49;0.34;303.32;4.81;1170;22;2319.00;63
5582;20;621947917;5582;422;6753;6814;5.48;0.34;303.30;4.81;1171;22;2320.00;61
5585;20;621947931;5585;422;6753;6814;5.39;0.33;303.19;4.81;1168;22;2321.00;61
5588;20;621947950;5588;427;6756;6817;5.35;0.33;303.06;4.81;1168;22;2322.00;61
5592;20;621947971;5592;433;6756;6817;5.31;0.33;302.95;4.81;1164;22;2323.00;61
5594;20;621947984;5594;431;6756;6817;5.30;0.33;302.86;4.81;1162;22;2324.00;61
5596;20;621947997;5596;432;6761;6821;5.27;0.32;302.91;4.81;1165;22;2325.00;60
5598;20;621948011;5598;439;6764;6822;5.23;0.32;302.82;4.81;1166;22;2326.00;58
5600;20;621948024;5600;439;6764;6822;5.18;0.32;302.83;4.81;1164;22;2327.00;58
5603;20;621948039;5603;442;6766;6826;5.17;0.32;302.80;4.81;1163;22;2328.00;60
5605;20;621948052;5605;448;6767;6826;5.13;0.32;302.84;4.81;1162;22;2329.00;59
5606;20;621948065;5606;457;6767;6826;5.07;0.31;302.87;4.81;1161;22;2330.00;59
5609;20;621948077;5609;457;6768;6827;5.04;0.31;302.88;4.81;1159;22;2331.00;59
5612;20;621948090;5612;461;6768;6827;4.99;0.31;302.92;4.81;1156;22;2332.00;59
5615;20;621948103;5615;457;6773;6833;5.03;0.31;302.94;4.81;1158;22;2333.00;60
5615;20;621948117;5615;465;6773;6833;5.04;0.31;302.94;4.81;1158;22;2334.00;60
5619;20;621948129;5619;466;6773;6834;5.05;0.31;302.89;4.81;1154;22;2335.00;61
5622;20;621948143;5622;462;6773;6834;5.02;0.31;302.95;4.81;1151;22;2336.00;61
5623;20;621948157;5623;460;6773;6834;4.98;0.30;302.95;4.81;1150;22;2337.00;61
5623;20;621948171;5623;467;6773;6834;4.95;0.30;302.95;4.81;1150;22;2338.00;61
5624;20;621948184;5624;469;6773;6834;4.91;0.30;302.90;4.81;1149;22;2339.00;61
5626;20;621948199;5626;474;6801;6870;5.03;0.31;302.91;4.82;1175;22;2340.00;69
5627;20;621948217;5627;475;6802;6870;4.99;0.31;302.86;4.82;1175;22;2341.00;68
5627;20;621948242;5627;473;6806;6870;5.03;0.31;302.86;4.85;1179;22;2342.00;64
5629;20;621948257;5629;481;6806;6870;5.03;0.31;302.83;4.85;1177;22;2343.00;64
5629;20;621948271;5629;484;6809;6870;4.99;0.31;302.83;4.91;1180;22;2344.00;61
5630;20;621948284;5630;484;6809;6870;4.93;0.30;302.83;4.91;1179;22;2345.00;61
5632;20;621948298;5632;486;6814;6874;4.86;0.30;302.80;4.94;1182;22;2346.00;60
5634;20;621948311;5634;478;6814;6874;4.83;0.30;302.78;4.94;1180;22;2347.00;60
5636;20;621948325;5636;477;6819;6878;4.85;0.30;302.78;4.97;1183;22;2348.00;59
5637;20;621948340;5637;463;6820;6879;4.87;0.30;302.76;4.97;1183;22;2349.00;59
5638;20;621948352;5638;461;6823;6879;4.84;0.30;302.73;5.06;1185;22;2350.00;56
5638;20;621948366;5638;460;6824;6879;4.86;0.30;302.73;5.09;1186;22;2351.00;55
5641;20;621948378;5641;455;6836;6892;4.85;0.30;302.68;5.11;1195;22;2352.00;56
5642;20;621948395;5642;453;6838;6892;4.84;0.29;302.65;5.16;1196;22;2353.00;54
5642;20;621948414;5642;462;6838;6892;4.83;0.29;302.65;5.16;1196;22;2354.00;54
5643;20;621948427;5643;462;6840;6893;4.83;0.29;302.63;5.19;1197;22;2355.00;53
5644;20;621948441;5644;472;6841;6894;4.81;0.29;302.62;5.22;1197;22;2356.00;53
5644;20;621948460;5644;461;6842;6894;4.76;0.29;302.62;5.25;1198;22;2357.00;52
5645;20;621948475;5645;467;6845;6897;4.80;0.29;302.57;5.27;1200;22;2358.00;52
5646;20;621948488;5646;466;6845;6897;4.80;0.29;302.54;5.27;1199;22;2359.00;52
5647;20;621948501;5647;454;6847;6897;4.77;0.29;302.57;5.30;1200;22;2360.00;50
5649;20;621948513;5649;450;6848;6897;4.76;0.29;302.54;5.33;1199;22;2361.00;49
5651;20;621948527;5651;451;6854;6903;4.81;0.29;302.47;5.35;1203;22;2362.00;49
5653;20;621948540;5653;447;6854;6903;4.79;0.29;302.44;5.35;1201;22;2363.00;49
5654;20;621948553;5654;447;6855;6903;4.83;0.29;302.43;5.38;1201;22;2364.00;48
5655;20;621948567;5655;454;6857;6903;4.84;0.29;302.41;5.43;1202;22;2365.00;46
5657;20;621948579;5657;451;6860;6907;4.83;0.29;302.35;5.43;1203;22;2366.00;47
5657;20;621948594;5657;448;6862;6908;4.90;0.30;302.35;5.45;1205;22;2367.00;46
5660;20;621948607;5660;450;6862;6908;4.91;0.30;302.27;5.45;1202;22;2368.00;46
5662;20;621948623;5662;444;6865;6909;4.92;0.30;302.20;5.50;1203;22;2369.00;44
5664;20;621948639;5664;442;6866;6909;4.89;0.30;302.28;5.51;1202;22;2370.00;43
5666;20;621948652;5666;439;6867;6909;4.90;0.30;302.22;5.53;1201;22;2371.00;42
5670;20;621948665;5670;433;6868;6909;4.85;0.29;302.44;5.55;1198;22;2372.00;41
5672;20;621948678;5672;437;6868;6909;4.82;0.29;302.54;5.55;1196;22;2373.00;41
5673;20;621948690;5673;437;6870;6909;4.85;0.29;302.57;5.59;1197;22;2374.00;39
5676;20;621948702;5676;439;6870;6909;4.81;0.29;302.76;5.59;1194;22;2375.00;39
5680;20;621948715;5680;464;6923;6979;4.87;0.30;302.78;5.57;1243;22;2376.00;56
5684;20;621948734;5684;453;6926;6980;4.82;0.29;302.88;5.58;1242;22;2377.00;54
5684;20;621948751;5684;457;6931;6980;4.85;0.30;302.88;5.60;1247;22;2378.00;49
5686;20;621948762;5686;451;6931;6980;4.87;0.30;302.90;5.60;1245;22;2379.00;49
5688;20;621948773;5688;443;6932;6980;4.90;0.30;302.97;5.60;1244;22;2380.00;48
5693;20;621948785;5693;436;6933;6980;4.90;0.30;303.03;5.60;1240;22;2381.00;47
5696;20;621948797;5696;441;6935;6980;4.90;0.30;303.05;5.62;1239;22;2382.00;45
5700;20;621948809;5700;424;6936;6980;4.96;0.30;303.13;5.62;1236;22;2383.00;44
5705;20;621948820;5705;428;6937;6981;4.94;0.30;303.20;5.62;1232;22;2384.00;44
5708;20;621948834;5708;424;6938;6983;4.99;0.31;303.20;5.62;1230;22;2385.00;45
5711;20;621948846;5711;426;6939;6983;5.06;0.31;303.25;5.62;1228;22;2386.00;44
5715;20;621948859;5715;423;6942;6987;5.08;0.31;303.25;5.62;1227;22;2387.00;45
5716;20;621948873;5716;422;6943;6987;5.18;0.32;303.23;5.62;1227;22;2388.00;44
5719;20;621948889;5719;422;6944;6987;5.22;0.32;303.26;5.62;1225;22;2389.00;43
5725;20;621948903;5725;419;6944;6987;5.22;0.32;303.36;5.62;1219;22;2390.00;43
5725;20;621948917;5725;410;6948;6993;5.29;0.32;303.36;5.62;1223;22;2391.00;45
5731;20;621948931;5731;408;6949;6993;5.30;0.32;303.67;5.62;1218;22;2392.00;44
5736;20;621948945;5736;397;6949;6993;5.32;0.33;303.75;5.62;1213;22;2393.00;44
5738;20;621948959;5738;399;6949;6996;5.45;0.33;303.77;5.62;1211;22;2394.00;47
5744;20;621948975;5744;394;6949;6996;5.51;0.34;303.77;5.62;1205;22;2395.00;47
5748;20;621948989;5748;388;6949;6996;5.59;0.34;303.82;5.62;1201;22;2396.00;47
5752;20;621949004;5752;386;6949;6997;5.61;0.34;303.93;5.62;1197;22;2397.00;48
5757;20;621949019;5757;385;6949;6998;5.64;0.34;303.96;5.62;1192;22;2398.00;49
5760;20;621949034;5760;390;6949;6998;5.63;0.34;304.06;5.62;1189;22;2399.00;49
5766;20;621949051;5766;388;6970;7057;5.63;0.34;304.27;5.61;1204;22;2400.00;87
5772;20;621949077;5772;377;6971;7057;5.58;0.34;304.30;5.61;1199;22;2401.00;86
5776;20;621949092;5776;372;6973;7057;5.58;0.34;304.32;5.60;1197;22;2402.00;84
5779;20;621949106;5779;370;6974;7058;5.61;0.34;304.42;5.60;1195;22;2403.00;84
5784;20;621949121;5784;368;6977;7058;5.59;0.34;304.49;5.61;1193;22;2404.00;81
5789;20;621949135;5789;375;6979;7062;5.59;0.34;304.68;5.61;1190;22;2405.00;83
5798;20;621949151;5798;378;6980;7062;5.57;0.34;304.87;5.61;1182;22;2406.00;82
5802;20;621949167;5802;374;6985;7066;5.62;0.34;305.14;5.60;1183;22;2407.00;81
5805;20;621949181;5805;370;6985;7066;5.67;0.35;305.33;5.60;1180;22;2408.00;81
5807;20;621949196;5807;370;6986;7066;5.71;0.35;305.36;5.61;1179;22;2409.00;80
5813;20;621949211;5813;373;6987;7066;5.72;0.35;305.49;5.61;1174;22;2410.00;79
5815;20;621949225;5815;376;6988;7066;5.74;0.35;305.60;5.61;1173;22;2411.00;78
5820;20;621949240;5820;384;6993;7078;5.75;0.35;305.69;5.61;1173;22;2412.00;85
5822;20;621949262;5822;396;6996;7078;5.74;0.35;305.83;5.61;1174;22;2413.00;82
5825;20;621949277;5825;395;6996;7078;5.73;0.35;305.88;5.61;1171;22;2414.00;82
5828;20;621949292;5828;398;6998;7078;5.74;0.35;305.83;5.62;1170;22;2415.00;80
5835;20;621949306;5835;402;6999;7078;5.72;0.35;305.96;5.62;1164;22;2416.00;79
5839;20;621949321;5839;402;7001;7078;5.72;0.35;306.02;5.62;1162;22;2417.00;77
5841;20;621949336;5841;408;7004;7079;5.76;0.35;306.06;5.63;1163;22;2418.00;75
5846;20;621949350;5846;410;7008;7079;5.72;0.35;306.27;5.63;1162;22;2419.00;71
5852;20;621949365;5852;422;7010;7085;5.65;0.34;306.45;5.63;1158;22;2420.00;75
5854;20;621949380;5854;428;7014;7086;5.62;0.34;306.44;5.64;1160;22;2421.00;72
5858;20;621949395;5858;426;7018;7086;5.55;0.34;306.59;5.64;1160;22;2422.00;68
5863;20;621949409;5863;432;7020;7086;5.49;0.33;306.63;5.64;1157;22;2423.00;66
5864;20;621949424;5864;438;7020;7090;5.47;0.33;306.65;5.64;1156;22;2424.00;70
5869;20;621949438;5869;444;7022;7090;5.41;0.33;306.92;5.64;1153;22;2425.00;68
5871;20;621949453;5871;447;7025;7090;5.36;0.33;306.96;5.65;1154;22;2426.00;65
5876;20;621949468;5876;436;7028;7091;5.26;0.32;306.95;5.65;1152;22;2427.00;63
5880;20;621949483;5880;429;7031;7095;5.21;0.32;306.89;5.65;1151;22;2428.00;64
5881;20;621949500;5881;430;7032;7095;5.20;0.32;306.92;5.65;1151;22;2429.00;63
5885;20;621949516;5885;423;7036;7101;5.22;0.32;307.18;5.65;1151;22;2430.00;65
5887;20;621949531;5887;424;7037;7101;5.26;0.32;307.27;5.65;1150;22;2431.00;64
5888;20;621949545;5888;431;7038;7101;5.33;0.32;307.31;5.65;1150;22;2432.00;63
5893;20;621949562;5893;434;7041;7101;5.36;0.33;307.57;5.66;1148;22;2433.00;60
5896;20;621949581;5896;442;7045;7105;5.38;0.33;307.56;5.65;1149;22;2434.00;60
5896;20;621949595;5896;442;7045;7105;5.41;0.33;307.56;5.65;1149;22;2435.00;60
5899;20;621949607;5899;436;7045;7105;5.44;0.33;307.58;5.65;1146;22;2436.00;60
5902;20;621949620;5902;433;7045;7105;5.44;0.33;307.59;5.65;1143;22;2437.00;60
5903;20;621949642;5903;428;7045;7106;5.45;0.33;307.61;5.65;1142;22;2438.00;61
5908;20;621949663;5908;431;7047;7107;5.50;0.33;307.85;5.66;1139;22;2439.00;60
5910;20;621949689;5910;431;7047;7107;5.56;0.34;307.88;5.66;1137;22;2440.00;60
5912;20;621949708;5912;432;7048;7108;5.57;0.34;308.01;5.66;1136;22;2441.00;60
5914;20;621949728;5914;432;7048;7108;5.60;0.34;308.12;5.66;1134;22;2442.00;60
5917;20;621949745;5917;432;7048;7108;5.58;0.34;308.25;5.66;1131;22;2443.00;60
5919;20;621949760;5919;435;7048;7108;5.55;0.34;308.47;5.66;1129;22;2444.00;60
5923;20;621949775;5923;441;7049;7108;5.51;0.33;308.63;5.66;1126;22;2445.00;59
5925;20;621949788;5925;441;7049;7108;5.50;0.33;308.62;5.66;1124;23;2446.00;59
5926;20;621949820;5926;439;7049;7108;5.47;0.33;308.70;5.66;1123;23;2447.00;59
5929;20;621949836;5929;462;7114;7235;5.51;0.34;308.75;5.61;1185;23;2448.00;121
5930;20;621949860;5930;449;7114;7236;5.50;0.34;308.77;5.61;1184;23;2449.00;122
5934;20;621949879;5934;441;7121;7236;5.59;0.34;308.80;5.61;1187;23;2450.00;115
5936;20;621949895;5936;442;7125;7236;5.62;0.35;308.89;5.61;1189;23;2451.00;111
5936;20;621949909;5936;443;7130;7236;5.71;0.35;308.89;5.61;1194;23;2452.00;106
5938;20;621949924;5938;448;7134;7236;5.77;0.35;308.96;5.61;1196;23;2453.00;102
5942;20;621949939;5942;445;7138;7236;5.77;0.35;309.13;5.61;1196;23;2454.00;98
5944;20;621949954;5944;449;7140;7236;5.82;0.36;309.14;5.61;1196;23;2455.00;96
5946;20;621949969;5946;456;7143;7237;5.87;0.36;309.25;5.62;1197;23;2456.00;94
5949;20;621949984;5949;461;7148;7238;5.83;0.36;309.25;5.62;1199;23;2457.00;90
5950;20;621949999;5950;459;7149;7238;5.88;0.36;309.26;5.63;1199;23;2458.00;89
5955;20;621950014;5955;469;7151;7239;5.79;0.35;309.34;5.63;1196;23;2459.00;88
5956;20;621950031;5956;467;7155;7239;5.72;0.35;309.34;5.63;1199;23;2460.00;84
5959;20;621950046;5959;471;7158;7239;5.68;0.35;309.38;5.63;1199;23;2461.00;81
5964;20;621950062;5964;479;7158;7239;5.62;0.34;309.47;5.63;1194;23;2462.00;81
5965;20;621950076;5965;488;7165;7243;5.57;0.34;309.54;5.64;1200;23;2463.00;78
5966;20;621950098;5966;491;7168;7243;5.49;0.34;309.54;5.65;1202;23;2464.00;75
5966;20;621950113;5966;494;7168;7243;5.47;0.34;309.54;5.65;1202;23;2465.00;75
5969;20;621950135;5969;505;7171;7246;5.42;0.33;309.58;5.65;1202;23;2466.00;75
5973;20;621950151;5973;508;7171;7246;5.36;0.33;309.58;5.65;1198;23;2467.00;75
5975;20;621950166;5975;510;7171;7246;5.33;0.33;309.63;5.65;1196;23;2468.00;75
5977;20;621950181;5977;513;7177;7250;5.25;0.32;309.61;5.66;1200;23;2469.00;73
5978;20;621950195;5978;511;7181;7251;5.27;0.32;309.58;5.67;1203;23;2470.00;70
5980;20;621950210;5980;512;7183;7251;5.24;0.32;309.58;5.67;1203;23;2471.00;68
5982;20;621950224;5982;504;7185;7255;5.24;0.32;309.62;5.67;1203;23;2472.00;70
5985;20;621950239;5985;504;7185;7255;5.24;0.32;309.61;5.67;1200;23;2473.00;70
5986;20;621950255;5986;504;7185;7255;5.22;0.32;309.67;5.67;1199;23;2474.00;70
5988;20;621950270;5988;499;7187;7257;5.22;0.32;309.59;5.67;1199;23;2475.00;70
5992;20;621950285;5992;496;7187;7257;5.18;0.32;309.64;5.67;1195;23;2476.00;70
5996;20;621950298;5996;495;7192;7263;5.20;0.32;309.57;5.66;1196;23;2477.00;71
5998;20;621950313;5998;493;7192;7263;5.18;0.32;309.55;5.66;1194;23;2478.00;71
6001;20;621950327;6001;486;7192;7264;5.16;0.32;309.52;5.66;1191;23;2479.00;72
6006;20;621950340;6006;486;7192;7264;5.15;0.32;309.58;5.66;1186;23;2480.00;72
6008;20;621950355;6008;488;7192;7264;5.06;0.31;309.57;5.66;1184;23;2481.00;72
6015;20;621950369;6015;482;7192;7264;4.95;0.30;309.52;5.66;1177;23;2482.00;72
6016;20;621950383;6016;475;7192;7264;4.97;0.31;309.52;5.66;1176;23;2483.00;72
6018;20;621950395;6018;476;7202;7276;5.01;0.31;309.51;5.65;1184;23;2484.00;74
6023;20;621950410;6023;477;7203;7276;4.99;0.31;309.42;5.65;1180;23;2485.00;73
6027;20;621950424;6027;473;7204;7276;4.94;0.30;309.46;5.69;1177;23;2486.00;72
6029;20;621950439;6029;474;7205;7276;4.94;0.30;309.51;5.70;1176;23;2487.00;71
6032;20;621950453;6032;481;7205;7276;4.96;0.30;309.46;5.70;1173;23;2488.00;71
6034;20;621950468;6034;488;7205;7276;4.95;0.30;309.46;5.70;1171;23;2489.00;71
6037;20;621950483;6037;489;7209;7280;4.94;0.30;309.40;5.73;1172;23;2490.00;71
6039;20;621950497;6039;495;7209;7280;4.89;0.30;309.43;5.73;1170;23;2491.00;71
6039;20;621950518;6039;490;7213;7284;4.88;0.30;309.43;5.73;1174;23;2492.00;71
6043;20;621950537;6043;497;7214;7285;4.80;0.29;309.36;5.73;1171;23;2493.00;71
6045;20;621950551;6045;489;7214;7285;4.77;0.29;309.35;5.73;1169;23;2494.00;71
6045;20;621950565;6045;496;7214;7285;4.77;0.29;309.35;5.73;1169;23;2495.00;71
6046;20;621950578;6046;506;7224;7298;4.80;0.29;309.33;5.73;1178;23;2496.00;74
6049;20;621950592;6049;505;7224;7298;4.82;0.29;309.27;5.73;1175;23;2497.00;74
6050;20;621950607;6050;505;7224;7298;4.85;0.30;309.24;5.73;1174;23;2498.00;74
6054;20;621950620;6054;491;7225;7299;4.85;0.30;309.24;5.73;1171;23;2499.00;74
6056;20;621950636;6056;479;7225;7300;4.91;0.30;309.21;5.73;1169;23;2500.00;75
6056;20;621950656;6056;475;7227;7300;4.97;0.30;309.21;5.75;1171;23;2501.00;73
6061;20;621950670;6061;470;7229;7303;5.00;0.30;309.13;5.75;1168;23;2502.00;74
6062;20;621950685;6062;460;7231;7303;5.06;0.31;309.09;5.76;1169;23;2503.00;72
6065;20;621950698;6065;459;7231;7303;5.10;0.31;309.12;5.76;1166;23;2504.00;72
6067;20;621950712;6067;455;7232;7303;5.09;0.31;309.18;5.76;1165;23;2505.00;71
6068;20;621950730;6068;451;7238;7309;5.17;0.31;309.28;5.80;1170;23;2506.00;71
6068;20;621950745;6068;449;7239;7309;5.16;0.31;309.28;5.80;1171;23;2507.00;70
6068;20;621950759;6068;448;7240;7309;5.20;0.32;309.28;5.81;1172;23;2508.00;69
6069;20;621950772;6069;455;7241;7309;5.22;0.32;309.26;5.81;1172;23;2509.00;68
6070;20;621950787;6070;448;7245;7313;5.27;0.32;309.22;5.84;1175;23;2510.00;68
6071;20;621950800;6071;454;7246;7314;5.27;0.32;309.18;5.84;1175;23;2511.00;68
6071;20;621950813;6071;452;7248;7314;5.30;0.32;309.18;5.88;1177;23;2512.00;66
6072;20;621950826;6072;451;7249;7315;5.31;0.32;309.20;5.88;1177;23;2513.00;66
6073;20;621950845;6073;453;7250;7315;5.36;0.33;309.18;5.92;1177;23;2514.00;65
6073;20;621950858;6073;450;7251;7315;5.35;0.33;309.18;5.95;1178;23;2515.00;64
6074;20;621950871;6074;454;7251;7315;5.36;0.33;309.20;5.95;1177;23;2516.00;64
6076;20;621950885;6076;449;7252;7315;5.38;0.33;309.17;5.99;1176;23;2517.00;63
6078;20;621950898;6078;452;7252;7315;5.37;0.33;309.13;5.99;1174;23;2518.00;63
6078;20;621950911;6078;453;7252;7315;5.43;0.33;309.13;5.99;1174;23;2519.00;63
6081;20;621950926;6081;466;7306;7440;5.65;0.35;309.04;5.98;1225;23;2520.00;134
6082;20;621950957;6082;464;7309;7441;5.64;0.35;309.01;5.98;1227;23;2521.00;132
6084;20;621950971;6084;465;7322;7441;5.70;0.35;308.98;6.01;1238;23;2522.00;119
6088;20;621950984;6088;458;7331;7441;5.68;0.35;308.89;6.00;1243;23;2523.00;110
6089;20;621950998;6089;460;7337;7441;5.66;0.35;308.85;6.04;1248;23;2524.00;104
6090;20;621951012;6090;454;7343;7441;5.59;0.34;308.82;6.04;1253;23;2525.00;98
6093;20;621951025;6093;465;7349;7441;5.57;0.34;308.89;6.07;1256;23;2526.00;92
6097;20;621951039;6097;467;7352;7441;5.48;0.34;308.93;6.07;1255;23;2527.00;89
6099;20;621951053;6099;469;7358;7442;5.46;0.33;308.85;6.10;1259;23;2528.00;84
6101;20;621951068;6101;462;7360;7443;5.39;0.33;308.89;6.10;1259;23;2529.00;83
6103;20;621951082;6103;457;7365;7443;5.36;0.33;308.85;6.14;1262;23;2530.00;78
6105;20;621951096;6105;464;7369;7447;5.26;0.32;308.94;6.14;1264;23;2531.00;78
6109;20;621951110;6109;464;7371;7447;5.21;0.32;308.97;6.14;1262;23;2532.00;76
6110;20;621951128;6110;464;7372;7447;5.19;0.32;309.01;6.17;1262;23;2533.00;75
6111;20;621951142;6111;466;7372;7447;5.19;0.32;309.13;6.17;1261;23;2534.00;75
6115;20;621951156;6115;463;7377;7453;5.18;0.32;309.26;6.17;1262;23;2535.00;76
6116;20;621951172;6116;463;7378;7453;5.18;0.32;309.36;6.20;1262;23;2536.00;75
6119;20;621951186;6119;469;7379;7455;5.20;0.32;309.41;6.20;1260;23;2537.00;76
6120;20;621951200;6120;459;7383;7458;5.21;0.32;309.51;6.22;1263;23;2538.00;75
6123;20;621951221;6123;458;7383;7458;5.21;0.32;309.55;6.22;1260;23;2539.00;75
6126;20;621951235;6126;459;7384;7458;5.18;0.32;309.60;6.26;1258;23;2540.00;74
6127;20;621951250;6127;460;7385;7459;5.15;0.31;309.66;6.26;1258;23;2541.00;74
6128;20;621951265;6128;472;7388;7460;5.12;0.31;309.68;6.32;1260;23;2542.00;72
6132;20;621951278;6132;478;7388;7460;5.10;0.31;309.75;6.32;1256;23;2543.00;72
6134;20;621951293;6134;480;7398;7473;5.12;0.31;309.86;6.31;1264;23;2544.00;75
6137;20;621951308;6137;474;7400;7473;5.19;0.32;309.92;6.37;1263;23;2545.00;73
6143;20;621951322;6143;475;7400;7473;5.15;0.31;309.92;6.37;1257;23;2546.00;73
6143;20;621951337;6143;475;7403;7474;5.19;0.32;309.92;6.43;1260;23;2547.00;71
6149;20;621951351;6149;483;7404;7474;5.16;0.32;310.04;6.43;1255;23;2548.00;70
6150;20;621951364;6150;482;7408;7478;5.17;0.32;310.05;6.42;1258;23;2549.00;70
6154;20;621951380;6154;468;7410;7481;5.15;0.32;310.10;6.42;1256;23;2550.00;71
6155;20;621951395;6155;456;7414;7485;5.12;0.31;310.11;6.42;1259;23;2551.00;71
6158;20;621951409;6158;442;7414;7485;5.11;0.31;310.18;6.42;1256;23;2552.00;71
6161;20;621951422;6161;437;7414;7485;5.08;0.31;310.17;6.42;1253;23;2553.00;71
6164;20;621951435;6164;429;7414;7485;5.10;0.31;310.44;6.42;1250;23;2554.00;71
6167;20;621951449;6167;430;7414;7485;5.11;0.31;310.43;6.42;1247;23;2555.00;71
6171;20;621951470;6171;432;7423;7497;5.17;0.32;310.51;6.41;1252;23;2556.00;74
6174;20;621951485;6174;430;7423;7497;5.23;0.32;310.66;6.41;1249;23;2557.00;74
6177;20;621951499;6177;425;7424;7497;5.31;0.33;310.82;6.41;1247;23;2558.00;73
6179;20;621951514;6179;413;7425;7497;5.39;0.33;310.87;6.41;1246;23;2559.00;72
6186;20;621951528;6186;405;7425;7497;5.36;0.33;311.07;6.41;1239;23;2560.00;72
6194;20;621951548;6194;401;7425;7497;5.35;0.33;311.37;6.41;1231;23;2561.00;72
6197;20;621951564;6197;390;7425;7498;5.39;0.33;311.33;6.41;1228;23;2562.00;73
6200;20;621951580;6200;375;7425;7498;5.43;0.33;311.48;6.41;1225;23;2563.00;73
6204;20;621951606;6204;379;7430;7504;5.51;0.34;311.65;6.41;1226;23;2564.00;74
6208;20;621951622;6208;373;7432;7506;5.58;0.34;311.75;6.41;1224;23;2565.00;74
6214;20;621951654;6214;374;7432;7506;5.62;0.34;311.96;6.41;1218;23;2566.00;74
6216;20;621951678;6216;384;7432;7506;5.69;0.35;312.11;6.41;1216;23;2567.00;74
6218;20;621951698;6218;377;7434;7510;5.78;0.35;312.11;6.40;1216;23;2568.00;76
6223;20;621951720;6223;378;7435;7510;5.81;0.36;312.24;6.40;1212;23;2569.00;75
6230;20;621951742;6230;372;7435;7510;5.83;0.36;312.13;6.40;1205;23;2570.00;75
6234;20;621951760;6234;377;7436;7511;5.80;0.35;312.14;6.40;1202;23;2571.00;75
6239;20;621951777;6239;387;7439;7515;5.76;0.35;312.32;6.40;1200;23;2572.00;76
6241;20;621951793;6241;381;7439;7515;5.74;0.35;312.42;6.40;1198;23;2573.00;76
6247;20;621951808;6247;383;7442;7518;5.73;0.35;312.59;6.40;1195;23;2574.00;76
6252;20;621951824;6252;388;7442;7518;5.71;0.35;312.67;6.40;1190;23;2575.00;76
6256;20;621951839;6256;390;7442;7518;5.65;0.35;312.71;6.40;1186;23;2576.00;76
6260;20;621951853;6260;398;7442;7518;5.64;0.34;312.83;6.40;1182;23;2577.00;76
6269;20;621951868;6269;399;7446;7522;5.60;0.34;313.09;6.39;1177;23;2578.00;76
6274;20;621951883;6274;405;7446;7522;5.60;0.34;313.10;6.39;1172;23;2579.00;76
6280;20;621951899;6280;404;7446;7522;5.61;0.34;313.20;6.39;1166;23;2580.00;76
6285;20;621951922;6285;404;7446;7522;5.62;0.34;313.37;6.39;1161;23;2581.00;76
6287;20;621951938;6287;406;7446;7523;5.64;0.34;313.36;6.39;1159;23;2582.00;77
6291;20;621951954;6291;404;7447;7524;5.65;0.34;313.46;6.39;1156;23;2583.00;77
6292;20;621951969;6292;413;7447;7524;5.69;0.35;313.42;6.39;1155;23;2584.00;77
6301;20;621951983;6301;415;7448;7525;5.66;0.34;313.49;6.39;1147;23;2585.00;77
6306;20;621951998;6306;420;7448;7525;5.63;0.34;313.57;6.39;1142;23;2586.00;77
6307;20;621952013;6307;419;7448;7525;5.66;0.34;313.59;6.39;1141;23;2587.00;77
6309;20;621952027;6309;426;7448;7525;5.68;0.35;313.65;6.39;1139;23;2588.00;77
6314;20;621952041;6314;431;7448;7525;5.63;0.34;313.72;6.39;1134;23;2589.00;77
6317;20;621952055;6317;442;7448;7525;5.54;0.34;313.80;6.39;1131;23;2590.00;77
6318;20;621952068;6318;454;7448;7525;5.46;0.33;313.80;6.39;1130;23;2591.00;77
6320;20;621952082;6320;475;7518;7652;5.60;0.35;313.89;6.33;1198;23;2592.00;134
6324;20;621952109;6324;470;7520;7653;5.54;0.34;313.94;6.33;1196;23;2593.00;133
6326;20;621952123;6326;463;7527;7653;5.60;0.35;313.96;6.33;1201;23;2594.00;126
6328;20;621952137;6328;470;7527;7653;5.55;0.34;314.01;6.33;1199;23;2595.00;126
6332;20;621952152;6332;479;7533;7653;5.51;0.34;314.27;6.33;1201;23;2596.00;120
6335;20;621952169;6335;469;7535;7653;5.49;0.34;314.24;6.33;1200;23;2597.00;118
6336;20;621952186;6336;467;7538;7653;5.49;0.34;314.21;6.33;1202;23;2598.00;115
6338;20;621952202;6338;472;7543;7653;5.44;0.34;314.28;6.33;1205;23;2599.00;110
6341;20;621952219;6341;476;7547;7654;5.46;0.34;314.40;6.33;1206;23;2600.00;107
6343;20;621952239;6343;481;7551;7655;5.44;0.34;314.44;6.33;1208;23;2601.00;104
6347;20;621952257;6347;479;7553;7655;5.38;0.33;314.52;6.33;1206;23;2602.00;102
6350;20;621952272;6350;482;7556;7656;5.36;0.33;314.54;6.33;1206;23;2603.00;100
6354;20;621952295;6354;484;7558;7656;5.31;0.33;314.71;6.33;1204;23;2604.00;98
6357;20;621952311;6357;496;7561;7656;5.27;0.33;314.86;6.34;1204;23;2605.00;95
6359;20;621952325;6359;489;7561;7656;5.27;0.33;314.85;6.34;1202;23;2606.00;95
6362;20;621952341;6362;492;7565;7660;5.27;0.32;314.92;6.33;1203;23;2607.00;95
6362;20;621952356;6362;486;7567;7660;5.30;0.33;314.92;6.33;1205;23;2608.00;93
6364;20;621952373;6364;485;7568;7660;5.33;0.33;315.03;6.34;1204;23;2609.00;92
6366;20;621952390;6366;488;7572;7666;5.38;0.33;315.09;6.33;1206;23;2610.00;94
6370;20;621952406;6370;497;7573;7666;5.33;0.33;315.15;6.33;1203;23;2611.00;93
6374;20;621952422;6374;498;7574;7666;5.31;0.33;315.28;6.33;1200;23;2612.00;92
6377;20;621952437;6377;508;7578;7670;5.30;0.32;315.21;6.33;1201;23;2613.00;92
6379;20;621952453;6379;514;7579;7671;5.35;0.33;315.29;6.33;1200;23;2614.00;92
6381;20;621952469;6381;520;7582;7671;5.39;0.33;315.33;6.34;1201;23;2615.00;89
6383;20;621952484;6383;520;7585;7675;5.46;0.33;315.39;6.33;1202;23;2616.00;90
6383;20;621952500;6383;522;7585;7675;5.53;0.34;315.39;6.33;1202;23;2617.00;90
6389;20;621952516;6389;521;7585;7675;5.53;0.34;315.36;6.33;1196;23;2618.00;90
6391;20;621952531;6391;520;7586;7676;5.55;0.34;315.39;6.33;1195;23;2619.00;90
6394;20;621952546;6394;515;7586;7676;5.56;0.34;315.45;6.33;1192;23;2620.00;90
6395;20;621952562;6395;515;7591;7682;5.56;0.34;315.42;6.33;1196;23;2621.00;91
6397;20;621952577;6397;516;7591;7682;5.51;0.34;315.44;6.33;1194;23;2622.00;91
6400;20;621952593;6400;514;7591;7683;5.46;0.33;315.41;6.33;1191;23;2623.00;92
6402;20;621952608;6402;518;7591;7683;5.35;0.33;315.35;6.33;1189;23;2624.00;92
6404;20;621952627;6404;520;7591;7683;5.26;0.32;315.33;6.33;1187;23;2625.00;92
6407;20;621952645;6407;517;7591;7683;5.22;0.32;315.29;6.33;1184;23;2626.00;92
6408;20;621952661;6408;522;7591;7683;5.17;0.31;315.32;6.33;1183;23;2627.00;92
6411;20;621952675;6411;517;7601;7695;5.13;0.31;315.25;6.32;1190;23;2628.00;94
6415;20;621952691;6415;515;7602;7695;5.01;0.31;315.37;6.33;1187;23;2629.00;93
6418;20;621952705;6418;512;7603;7695;4.95;0.30;315.36;6.33;1185;23;2630.00;92
6421;20;621952720;6421;512;7603;7695;4.85;0.29;315.32;6.33;1182;23;2631.00;92
6421;20;621952733;6421;521;7603;7695;4.79;0.29;315.32;6.33;1182;23;2632.00;92
6423;20;621952746;6423;524;7603;7695;4.72;0.29;315.31;6.33;1180;23;2633.00;92
6425;20;621952760;6425;529;7606;7699;4.67;0.28;315.23;6.33;1181;23;2634.00;93
6427;20;621952773;6427;525;7606;7699;4.65;0.28;315.26;6.33;1179;23;2635.00;93
6428;20;621952786;6428;528;7610;7703;4.66;0.28;315.30;6.33;1182;23;2636.00;93
6429;20;621952800;6429;529;7611;7704;4.68;0.29;315.38;6.33;1182;23;2637.00;93
6433;20;621952813;6433;532;7611;7704;4.61;0.28;315.33;6.33;1178;23;2638.00;93
6438;20;621952832;6438;535;7611;7704;4.58;0.28;315.35;6.33;1173;23;2639.00;93
6438;20;621952847;6438;535;7634;7733;4.66;0.28;315.35;6.31;1196;23;2640.00;99
6441;20;621952863;6441;529;7634;7733;4.69;0.29;315.30;6.31;1193;23;2641.00;99
6441;20;621952877;6441;525;7636;7733;4.77;0.29;315.30;6.31;1195;23;2642.00;97
6444;20;621952890;6444;526;7637;7734;4.83;0.29;315.28;6.31;1193;23;2643.00;97
6445;20;621952903;6445;527;7637;7735;4.89;0.30;315.37;6.31;1192;23;2644.00;98
6449;20;621952917;6449;517;7637;7735;4.92;0.30;315.40;6.31;1188;23;2645.00;98
6450;20;621952930;6450;517;7640;7738;4.98;0.30;315.42;6.32;1190;23;2646.00;98
6452;20;621952944;6452;514;7640;7738;4.96;0.30;315.40;6.32;1188;23;2647.00;98
6454;20;621952958;6454;514;7641;7738;4.95;0.30;315.41;6.32;1187;23;2648.00;97
6456;20;621952971;6456;517;7641;7738;4.92;0.30;315.47;6.32;1185;23;2649.00;97
6456;20;621952983;6456;517;7646;7744;4.91;0.30;315.47;6.32;1190;23;2650.00;98
6459;20;621952997;6459;497;7646;7744;4.89;0.30;315.54;6.32;1187;23;2651.00;98
6462;20;621953010;6462;482;7646;7744;4.90;0.30;315.64;6.32;1184;23;2652.00;98
6462;20;621953023;6462;476;7646;7744;4.90;0.30;315.64;6.32;1184;23;2653.00;98
6465;20;621953041;6465;471;7650;7748;4.90;0.30;315.63;6.33;1185;23;2654.00;98
6467;20;621953056;6467;460;7652;7750;4.96;0.30;315.62;6.33;1185;23;2655.00;98
6469;20;621953071;6469;455;7652;7750;4.97;0.30;315.63;6.33;1183;23;2656.00;98
6471;20;621953085;6471;448;7655;7751;5.01;0.30;315.66;6.41;1184;23;2657.00;96
6473;20;621953104;6473;444;7656;7751;5.05;0.31;315.65;6.43;1183;23;2658.00;95
6476;20;621953118;6476;451;7656;7751;5.11;0.31;315.65;6.43;1180;23;2659.00;95
6477;20;621953131;6477;448;7656;7751;5.16;0.31;315.61;6.43;1179;23;2660.00;95
6478;20;621953145;6478;447;7656;7751;5.21;0.32;315.60;6.43;1178;23;2661.00;95
6479;20;621953158;6479;445;7656;7751;5.28;0.32;315.56;6.43;1177;23;2662.00;95
6481;20;621953172;6481;442;7656;7751;5.37;0.33;315.55;6.43;1175;23;2663.00;95
6482;20;621953185;6482;441;7693;7821;5.57;0.34;315.54;6.40;1211;23;2664.00;128
6483;20;621953206;6483;444;7693;7822;5.56;0.34;315.49;6.40;1210;23;2665.00;129
6485;20;621953220;6485;437;7702;7822;5.60;0.34;315.55;6.39;1217;23;2666.00;120
6488;20;621953233;6488;429;7706;7822;5.61;0.34;315.54;6.39;1218;23;2667.00;116
6489;20;621953248;6489;425;7710;7822;5.64;0.34;315.52;6.39;1221;23;2668.00;112
6491;20;621953262;6491;422;7713;7822;5.68;0.34;315.52;6.39;1222;23;2669.00;109
6491;20;621953277;6491;420;7716;7822;5.65;0.34;315.52;6.39;1225;23;2670.00;106
6493;20;621953290;6493;420;7718;7822;5.63;0.34;315.52;6.39;1225;23;2671.00;104
6495;21;621953304;6495;418;7719;7823;5.65;0.34;315.52;6.39;1224;24;2672.00;104
6497;21;621953334;6497;411;7721;7824;5.65;0.34;315.56;6.39;1224;24;2673.00;103
6499;21;621953349;6499;409;7722;7824;5.67;0.34;315.68;6.39;1223;24;2674.00;102
6501;21;621953369;6501;408;7726;7828;5.65;0.34;315.84;6.39;1225;24;2675.00;102
6502;21;621953389;6502;403;7727;7828;5.71;0.35;315.83;6.39;1225;24;2676.00;101
6504;21;621953404;6504;404;7727;7828;5.70;0.35;315.75;6.39;1223;24;2677.00;101
6504;21;621953418;6504;404;7727;7828;5.73;0.35;315.75;6.39;1223;24;2678.00;101
6509;21;621953431;6509;405;7733;7834;5.76;0.35;315.74;6.43;1224;24;2679.00;101
6511;21;621953447;6511;414;7733;7834;5.75;0.35;315.89;6.43;1222;24;2680.00;101
6514;21;621953461;6514;416;7734;7834;5.75;0.35;315.83;6.47;1220;24;2681.00;100
6516;21;621953476;6516;420;7737;7837;5.78;0.35;315.91;6.51;1221;24;2682.00;100
6518;21;621953491;6518;426;7738;7837;5.75;0.35;316.13;6.56;1220;24;2683.00;99
6518;21;621953505;6518;434;7739;7837;5.73;0.35;316.13;6.56;1221;24;2684.00;98
6520;21;621953519;6520;432;7740;7838;5.72;0.35;316.13;6.60;1220;24;2685.00;98
6523;21;621953533;6523;433;7742;7839;5.71;0.35;316.17;6.64;1219;24;2686.00;97
6524;21;621953552;6524;440;7742;7839;5.75;0.35;316.20;6.64;1218;24;2687.00;97
6528;21;621953567;6528;440;7755;7852;5.73;0.35;316.22;6.71;1227;24;2688.00;97
6530;21;621953584;6530;440;7755;7852;5.71;0.35;316.31;6.71;1225;24;2689.00;97
6533;22;621953600;6533;448;7756;7852;5.68;0.35;316.42;6.75;1223;25;2690.00;96
6534;22;621953629;6534;448;7757;7853;5.68;0.35;316.49;6.75;1223;25;2691.00;96
6537;22;621953649;6537;448;7759;7853;5.66;0.34;316.52;6.83;1222;25;2692.00;94
6538;22;621953671;6538;444;7763;7857;5.66;0.34;316.65;6.83;1225;25;2693.00;94
6539;22;621953692;6539;443;7764;7857;5.63;0.34;316.74;6.87;1225;25;2694.00;93
6542;22;621953712;6542;446;7767;7861;5.57;0.34;316.84;6.87;1225;25;2695.00;94
6546;22;621953733;6546;445;7768;7861;5.50;0.33;316.85;6.91;1222;25;2696.00;93
6549;22;621953749;6549;451;7769;7861;5.48;0.33;316.88;6.95;1220;25;2697.00;92
6553;22;621953765;6553;452;7769;7861;5.41;0.33;317.03;6.95;1216;25;2698.00;92
6554;22;621953780;6554;459;7771;7861;5.39;0.33;317.14;7.02;1217;25;2699.00;90
6556;22;621953802;6556;449;7797;7910;5.51;0.34;317.15;7.00;1241;25;2700.00;113
6557;22;621953828;6557;449;7800;7910;5.52;0.34;317.25;7.07;1243;25;2701.00;110
6557;22;621953844;6557;448;7803;7910;5.58;0.34;317.25;7.07;1246;25;2702.00;107
6560;22;621953858;6560;455;7803;7910;5.58;0.34;317.32;7.07;1243;25;2703.00;107
6563;22;621953873;6563;452;7805;7910;5.63;0.35;317.28;7.07;1242;25;2704.00;105
6567;22;621953890;6567;456;7805;7910;5.62;0.34;317.30;7.07;1238;25;2705.00;105
6569;23;621953905;6569;457;7810;7911;5.64;0.35;317.43;7.18;1241;26;2706.00;101
6571;23;621953931;6571;457;7810;7911;5.65;0.35;317.53;7.18;1239;26;2707.00;101
6573;23;621953946;6573;453;7816;7917;5.71;0.35;317.58;7.21;1243;26;2708.00;101
6576;23;621953961;6576;453;7818;7918;5.73;0.35;317.55;7.24;1242;26;2709.00;100
6580;23;621953978;6580;450;7818;7918;5.67;0.35;317.62;7.24;1238;26;2710.00;100
6583;23;621953993;6583;448;7818;7918;5.68;0.35;317.58;7.24;1235;26;2711.00;100
6592;23;621954007;6592;446;7823;7922;5.60;0.34;317.69;7.24;1231;26;2712.00;99
6595;23;621954022;6595;444;7823;7922;5.57;0.34;317.85;7.24;1228;26;2713.00;99
6599;23;621954036;6599;447;7823;7922;5.55;0.34;317.91;7.24;1224;26;2714.00;99
6602;23;621954051;6602;443;7824;7923;5.52;0.34;318.01;7.24;1222;26;2715.00;99
6606;23;621954072;6606;444;7827;7927;5.46;0.33;318.01;7.24;1221;26;2716.00;100
6608;23;621954087;6608;440;7827;7927;5.44;0.33;318.06;7.24;1219;26;2717.00;100
6617;23;621954100;6617;438;7831;7930;5.35;0.33;318.13;7.24;1214;26;2718.00;99
6619;23;621954122;6619;438;7831;7930;5.30;0.32;318.18;7.24;1212;26;2719.00;99
6624;23;621954136;6624;429;7832;7930;5.28;0.32;318.35;7.24;1208;26;2720.00;98
6629;23;621954151;6629;414;7832;7930;5.31;0.32;318.37;7.24;1203;26;2721.00;98
6631;23;621954166;6631;408;7835;7934;5.40;0.33;318.37;7.24;1204;26;2722.00;99
6635;23;621954182;6635;405;7835;7934;5.45;0.33;318.41;7.24;1200;26;2723.00;99
6638;23;621954196;6638;403;7837;7934;5.51;0.34;318.50;7.24;1199;26;2724.00;97
6641;23;621954215;6641;403;7837;7934;5.58;0.34;318.68;7.24;1196;26;2725.00;97
6646;23;621954235;6646;405;7837;7935;5.62;0.34;318.70;7.24;1191;26;2726.00;98
6650;23;621954250;6650;392;7838;7936;5.69;0.35;318.79;7.24;1188;26;2727.00;98
6653;23;621954266;6653;382;7838;7936;5.73;0.35;318.78;7.24;1185;26;2728.00;98
6656;23;621954281;6656;373;7839;7937;5.78;0.35;318.75;7.24;1183;26;2729.00;98
6658;23;621954298;6658;364;7841;7937;5.79;0.35;318.83;7.24;1183;26;2730.00;96
6662;23;621954313;6662;358;7841;7937;5.79;0.35;318.90;7.24;1179;26;2731.00;96
6666;23;621954329;6666;358;7843;7937;5.82;0.35;319.02;7.25;1177;26;2732.00;94
6670;23;621954344;6670;355;7843;7937;5.83;0.36;319.16;7.25;1173;26;2733.00;94
6672;23;621954360;6672;351;7843;7937;5.84;0.36;319.22;7.25;1171;26;2734.00;94
6675;23;621954375;6675;355;7844;7937;5.84;0.36;319.25;7.25;1169;26;2735.00;93
6678;23;621954391;6678;359;7910;8064;6.05;0.37;319.29;7.19;1232;26;2736.00;154
6681;23;621954418;6681;363;7917;8065;6.08;0.38;319.32;7.19;1236;26;2737.00;148
6684;23;621954434;6684;365;7922;8065;6.12;0.38;319.36;7.18;1238;26;2738.00;143
6688;23;621954449;6688;369;7929;8065;6.16;0.38;319.53;7.18;1241;26;2739.00;136
6692;23;621954464;6692;374;7933;8065;6.16;0.38;319.59;7.18;1241;26;2740.00;132
6693;23;621954481;6693;379;7936;8065;6.17;0.38;319.63;7.18;1243;26;2741.00;129
6698;23;621954495;6698;380;7938;8065;6.11;0.38;319.62;7.18;1240;26;2742.00;127
6702;23;621954517;6702;382;7941;8065;6.02;0.37;319.71;7.20;1239;26;2743.00;124
6705;23;621954532;6705;380;7942;8066;5.97;0.37;319.71;7.20;1237;26;2744.00;124
6711;23;621954547;6711;385;7947;8068;5.84;0.36;319.85;7.20;1236;26;2745.00;121
6714;23;621954564;6714;388;7948;8068;5.74;0.35;319.95;7.20;1234;26;2746.00;120
6717;23;621954579;6717;403;7950;8069;5.67;0.35;320.00;7.20;1233;26;2747.00;119
6724;23;621954594;6724;406;7950;8069;5.65;0.35;320.34;7.20;1226;26;2748.00;119
6728;23;621954611;6728;410;7953;8069;5.61;0.35;320.40;7.21;1225;26;2749.00;116
6735;23;621954627;6735;417;7956;8069;5.55;0.34;320.54;7.21;1221;26;2750.00;113
6738;23;621954644;6738;417;7961;8073;5.55;0.34;320.61;7.21;1223;26;2751.00;112
6740;23;621954659;6740;421;7962;8073;5.53;0.34;320.74;7.21;1222;26;2752.00;111
6745;23;621954675;6745;424;7965;8073;5.52;0.34;320.70;7.21;1220;26;2753.00;108
6753;23;621954690;6753;429;7966;8076;5.53;0.34;320.75;7.21;1213;26;2754.00;110
6756;23;621954706;6756;427;7967;8076;5.55;0.34;320.81;7.21;1211;26;2755.00;109
6761;23;621954720;6761;432;7968;8076;5.54;0.34;320.85;7.21;1207;26;2756.00;108
6766;23;621954741;6766;441;7972;8080;5.53;0.34;320.86;7.21;1206;26;2757.00;108
6769;23;621954756;6769;445;7973;8081;5.49;0.34;320.75;7.21;1204;26;2758.00;108
6773;23;621954771;6773;449;7976;8081;5.50;0.34;320.68;7.24;1203;26;2759.00;105
6778;23;621954787;6778;452;7981;8086;5.45;0.34;320.82;7.24;1203;26;2760.00;105
6781;23;621954801;6781;458;7982;8086;5.40;0.33;320.81;7.24;1201;26;2761.00;104
6789;23;621954815;6789;472;7982;8086;5.32;0.33;320.86;7.24;1193;26;2762.00;104
6792;23;621954829;6792;472;7983;8087;5.25;0.32;321.10;7.24;1191;26;2763.00;104
6795;23;621954844;6795;473;7983;8087;5.13;0.31;321.08;7.24;1188;26;2764.00;104
6800;23;621954857;6800;475;7988;8093;5.01;0.31;321.13;7.24;1188;26;2765.00;105
6801;23;621954873;6801;481;7988;8093;4.93;0.30;321.16;7.24;1187;26;2766.00;105
6805;23;621954886;6805;477;7988;8094;4.84;0.30;321.17;7.24;1183;26;2767.00;106
6808;23;621954901;6808;481;7988;8094;4.75;0.29;321.24;7.24;1180;26;2768.00;106
6811;23;621954915;6811;481;7988;8094;4.70;0.29;321.40;7.24;1177;26;2769.00;106
6815;23;621954929;6815;490;7989;8094;4.65;0.28;321.38;7.27;1174;26;2770.00;105
6819;23;621954943;6819;492;7989;8094;4.64;0.28;321.52;7.27;1170;26;2771.00;105
6823;23;621954957;6823;497;7998;8106;4.72;0.29;321.50;7.26;1175;26;2772.00;108
6825;23;621954973;6825;499;7999;8106;4.77;0.29;321.49;7.26;1174;26;2773.00;107
6828;23;621954987;6828;509;8000;8106;4.81;0.29;321.51;7.26;1172;26;2774.00;106
6828;23;621955001;6828;516;8000;8106;4.85;0.30;321.51;7.26;1172;26;2775.00;106
6831;23;621955025;6831;505;8000;8106;4.90;0.30;321.54;7.26;1169;26;2776.00;106
6833;23;621955044;6833;502;8000;8106;4.92;0.30;321.64;7.26;1167;26;2777.00;106
6834;23;621955058;6834;496;8003;8110;4.98;0.30;321.68;7.25;1169;26;2778.00;107
6835;23;621955073;6835;486;8004;8110;5.00;0.31;321.63;7.28;1169;26;2779.00;106
6836;23;621955088;6836;479;8008;8114;5.06;0.31;321.65;7.28;1172;26;2780.00;106
6838;23;621955103;6838;477;8009;8115;5.09;0.31;321.61;7.28;1171;26;2781.00;106
6841;23;621955117;6841;481;8010;8115;5.06;0.31;321.56;7.31;1169;26;2782.00;105
6843;23;621955131;6843;480;8010;8115;5.04;0.31;321.60;7.31;1167;26;2783.00;105
6848;23;621955145;6848;479;8021;8128;5.07;0.31;321.56;7.30;1173;26;2784.00;107
6848;23;621955161;6848;479;8021;8128;5.09;0.31;321.56;7.30;1173;26;2785.00;107
6850;23;621955176;6850;483;8022;8128;5.12;0.31;321.58;7.33;1172;27;2786.00;106
6852;23;621955198;6852;475;8023;8129;5.16;0.31;321.60;7.33;1171;27;2787.00;106
6852;23;621955213;6852;477;8023;8130;5.18;0.32;321.60;7.33;1171;27;2788.00;107
6854;23;621955227;6854;466;8024;8130;5.23;0.32;321.58;7.36;1170;27;2789.00;106
6854;23;621955242;6854;468;8028;8136;5.29;0.32;321.58;7.35;1174;27;2790.00;108
6856;23;621955256;6856;463;8028;8136;5.32;0.32;321.54;7.35;1172;27;2791.00;108
6860;23;621955270;6860;458;8030;8136;5.32;0.32;321.68;7.35;1170;27;2792.00;106
6862;23;621955285;6862;458;8031;8136;5.29;0.32;321.63;7.38;1169;27;2793.00;105
6865;23;621955298;6865;458;8036;8142;5.29;0.32;321.57;7.37;1171;27;2794.00;106
6866;23;621955313;6866;458;8036;8142;5.23;0.32;321.62;7.37;1170;27;2795.00;106
6867;23;621955327;6867;471;8036;8142;5.19;0.31;321.61;7.37;1169;27;2796.00;106
6868;23;621955341;6868;476;8036;8142;5.16;0.31;321.62;7.37;1168;27;2797.00;106
6872;23;621955354;6872;472;8039;8146;5.10;0.31;321.65;7.37;1167;27;2798.00;107
6873;23;621955368;6873;483;8040;8147;5.07;0.31;321.61;7.37;1167;27;2799.00;107
6874;23;621955382;6874;486;8040;8147;5.06;0.31;321.57;7.37;1166;27;2800.00;107
6874;23;621955399;6874;490;8041;8148;5.05;0.31;321.57;7.37;1167;27;2801.00;107
6877;23;621955412;6877;491;8041;8148;5.00;0.30;321.80;7.37;1164;27;2802.00;107
6877;23;621955426;6877;480;8041;8148;4.98;0.30;321.80;7.37;1164;27;2803.00;107
6879;23;621955440;6879;470;8041;8148;4.96;0.30;321.80;7.37;1162;27;2804.00;107
6881;23;621955453;6881;472;8041;8148;4.98;0.30;321.83;7.37;1160;27;2805.00;107
6883;23;621955466;6883;466;8041;8148;5.02;0.30;321.81;7.37;1158;27;2806.00;107
6884;23;621955480;6884;465;8041;8148;5.08;0.31;321.86;7.37;1157;27;2807.00;107
6885;23;621955493;6885;471;8081;8218;5.08;0.31;321.87;7.33;1196;27;2808.00;137
6887;23;621955514;6887;465;8081;8219;5.10;0.31;321.88;7.33;1194;27;2809.00;138
6887;23;621955533;6887;451;8088;8219;5.19;0.32;321.88;7.33;1201;27;2810.00;131
6887;23;621955547;6887;440;8090;8219;5.27;0.32;321.88;7.33;1203;27;2811.00;129
6890;23;621955562;6890;436;8092;8219;5.32;0.32;321.96;7.33;1202;27;2812.00;127
6892;23;621955576;6892;428;8095;8219;5.42;0.33;321.97;7.35;1203;27;2813.00;124
6892;23;621955591;6892;420;8097;8219;5.50;0.33;321.97;7.35;1205;27;2814.00;122
6893;23;621955606;6893;414;8099;8219;5.60;0.34;321.95;7.35;1206;27;2815.00;120
6895;23;621955625;6895;411;8101;8220;5.70;0.35;321.96;7.35;1206;27;2816.00;119
6895;23;621955657;6895;407;8102;8221;5.78;0.35;321.96;7.35;1207;27;2817.00;119
6896;23;621955677;6896;412;8104;8221;5.82;0.35;321.97;7.35;1208;27;2818.00;117
6897;23;621955700;6897;407;8109;8225;5.83;0.35;322.01;7.34;1212;27;2819.00;116
6897;23;621955735;6897;399;8111;8225;5.85;0.36;322.01;7.34;1214;27;2820.00;114
6901;23;621955754;6901;395;8112;8225;5.79;0.35;321.96;7.35;1211;27;2821.00;113
6901;23;621955770;6901;388;8113;8225;5.80;0.35;321.96;7.35;1212;27;2822.00;112
6904;23;621955787;6904;381;8118;8231;5.80;0.35;321.98;7.34;1214;27;2823.00;113
6905;23;621955803;6905;381;8118;8231;5.78;0.35;321.95;7.34;1213;27;2824.00;113
6908;23;621955819;6908;382;8119;8231;5.78;0.35;322.03;7.39;1211;27;2825.00;112
6912;23;621955837;6912;392;8121;8234;5.79;0.35;322.21;7.39;1209;27;2826.00;113
6913;23;621955854;6913;387;8121;8234;5.79;0.35;322.19;7.39;1208;27;2827.00;113
6918;23;621955869;6918;379;8122;8234;5.78;0.35;322.24;7.39;1204;27;2828.00;112
6920;23;621955885;6920;379;8122;8235;5.80;0.35;322.22;7.39;1202;27;2829.00;113
6923;23;621955901;6923;364;8123;8236;5.82;0.35;322.14;7.39;1200;27;2830.00;113
6928;23;621955916;6928;374;8123;8236;5.86;0.35;322.30;7.39;1195;27;2831.00;113
6933;23;621955932;6933;381;8133;8249;5.92;0.36;322.22;7.38;1200;27;2832.00;116
6935;23;621955948;6935;375;8134;8249;5.96;0.36;322.15;7.38;1199;27;2833.00;115
6937;23;621955963;6937;385;8134;8249;5.98;0.36;322.19;7.38;1197;27;2834.00;115
6938;23;621955978;6938;378;8136;8251;6.06;0.37;322.30;7.37;1198;27;2835.00;115
6939;23;621955993;6939;381;8136;8251;6.14;0.37;322.26;7.37;1197;27;2836.00;115
6943;23;621956007;6943;379;8140;8255;6.17;0.37;322.34;7.37;1197;27;2837.00;115
6945;24;621956029;6945;372;8140;8255;6.17;0.37;322.46;7.37;1195;28;2838.00;115
6947;24;621956057;6947;368;8143;8259;6.16;0.37;322.47;7.37;1196;28;2839.00;116
6951;24;621956073;6951;371;8143;8259;6.20;0.37;322.56;7.37;1192;28;2840.00;116
6951;24;621956087;6951;369;8143;8259;6.22;0.38;322.56;7.37;1192;28;2841.00;116
6951;24;621956102;6951;376;8143;8259;6.23;0.38;322.56;7.37;1192;28;2842.00;116
6952;24;621956122;6952;377;8143;8259;6.23;0.38;322.59;7.37;1191;28;2843.00;116
6954;24;621956136;6954;374;8152;8271;6.26;0.38;322.60;7.36;1198;28;2844.00;119
6954;24;621956153;6954;376;8153;8271;6.21;0.38;322.60;7.36;1199;28;2845.00;118
6956;24;621956168;6956;377;8155;8271;6.19;0.38;322.66;7.41;1199;28;2846.00;116
6959;24;621956183;6959;382;8155;8271;6.19;0.38;322.68;7.41;1196;28;2847.00;116
6961;24;621956204;6961;390;8155;8271;6.19;0.38;322.70;7.41;1194;28;2848.00;116
6962;24;621956221;6962;397;8156;8271;6.23;0.38;322.70;7.46;1194;28;2849.00;115
6963;24;621956238;6963;406;8159;8274;6.19;0.38;322.72;7.51;1196;28;2850.00;115
6965;24;621956255;6965;407;8160;8274;6.20;0.38;322.68;7.56;1195;28;2851.00;114
6966;24;621956276;6966;408;8166;8280;6.26;0.38;322.70;7.60;1200;28;2852.00;114
6968;24;621956294;6968;410;8168;8281;6.26;0.38;322.78;7.64;1200;28;2853.00;113
6970;24;621956309;6970;420;8169;8281;6.22;0.38;322.71;7.69;1199;28;2854.00;112
6973;24;621956326;6973;422;8169;8281;6.18;0.38;322.77;7.69;1196;28;2855.00;112
6974;24;621956341;6974;421;8173;8285;6.21;0.38;322.75;7.73;1199;28;2856.00;112
6974;24;621956355;6974;419;8174;8285;6.20;0.38;322.75;7.77;1200;28;2857.00;111
6977;24;621956378;6977;425;8174;8285;6.21;0.38;322.74;7.77;1197;28;2858.00;111
6980;24;621956393;6980;430;8177;8286;6.23;0.38;322.81;7.86;1197;28;2859.00;109
6982;24;621956408;6982;426;8180;8290;6.23;0.38;322.87;7.86;1198;28;2860.00;110
6982;24;621956423;6982;425;8182;8290;6.21;0.38;322.87;7.95;1200;28;2861.00;108
6982;24;621956438;6982;429;8184;8293;6.25;0.38;322.87;7.95;1202;28;2862.00;109
6985;24;621956460;6985;428;8185;8293;6.26;0.38;322.84;7.99;1200;28;2863.00;108
6987;24;621956476;6987;428;8189;8295;6.23;0.38;322.86;8.04;1202;28;2864.00;106
6990;24;621956491;6990;424;8190;8295;6.22;0.38;322.96;8.08;1200;28;2865.00;105
6992;24;621956506;6992;427;8195;8299;6.26;0.38;322.97;8.12;1203;28;2866.00;104
6993;24;621956523;6993;429;8196;8299;6.26;0.38;322.94;8.16;1203;28;2867.00;103
6999;24;621956537;6999;429;8197;8299;6.21;0.38;323.07;8.21;1198;28;2868.00;102
7004;24;621956552;7004;429;8198;8299;6.17;0.38;323.28;8.25;1194;28;2869.00;101
7006;24;621956568;7006;426;8200;8300;6.12;0.37;323.25;8.34;1194;28;2870.00;100
7012;24;621956584;7012;419;8202;8301;6.08;0.37;323.23;8.37;1190;28;2871.00;99
7015;24;621956600;7015;414;8203;8301;6.03;0.36;323.24;8.42;1188;28;2872.00;98
7015;24;621956615;7015;414;8205;8302;6.06;0.37;323.24;8.45;1190;28;2873.00;97
7018;24;621956631;7018;406;8206;8302;6.03;0.37;323.36;8.50;1188;28;2874.00;96
7019;24;621956647;7019;406;8207;8302;6.05;0.37;323.42;8.53;1188;28;2875.00;95
7020;24;621956661;7020;409;8207;8302;6.05;0.37;323.45;8.53;1187;28;2876.00;95
7024;24;621956676;7024;399;8208;8302;6.05;0.37;323.56;8.57;1184;28;2877.00;94
7024;24;621956692;7024;404;8209;8302;6.06;0.37;323.56;8.60;1185;28;2878.00;93
7026;24;621956706;7026;403;8210;8302;6.08;0.37;323.79;8.64;1184;28;2879.00;92
7027;24;621956721;7027;445;8312;8532;6.26;0.39;323.89;8.57;1285;28;2880.00;220
7030;24;621956757;7030;435;8318;8533;6.28;0.39;323.84;8.61;1288;28;2881.00;215
7034;24;621956772;7034;421;8329;8533;6.35;0.39;323.97;8.62;1295;28;2882.00;204
7039;24;621956787;7039;420;8334;8533;6.33;0.39;324.05;8.62;1295;28;2883.00;199
7046;24;621956803;7046;420;8342;8533;6.33;0.39;324.13;8.66;1296;28;2884.00;191
7050;24;621956823;7050;426;8348;8533;6.31;0.39;324.14;8.68;1298;28;2885.00;185
7055;24;621956844;7055;428;8354;8533;6.24;0.39;324.30;8.72;1299;28;2886.00;179
7060;24;621956859;7060;434;8363;8533;6.21;0.38;324.29;8.74;1303;28;2887.00;170
7062;24;621956874;7062;437;8368;8534;6.14;0.38;324.36;8.74;1306;28;2888.00;166
7067;24;621956889;7067;454;8373;8535;6.02;0.37;324.43;8.74;1306;28;2889.00;162
7071;24;621956903;7071;444;8380;8535;5.92;0.37;324.41;8.78;1309;28;2890.00;155
7074;24;621956918;7074;455;8385;8536;5.83;0.36;324.46;8.80;1311;28;2891.00;151
7077;24;621956932;7077;451;8389;8536;5.71;0.35;324.53;8.85;1312;28;2892.00;147
7079;24;621956947;7079;454;8395;8536;5.59;0.34;324.68;8.87;1316;28;2893.00;141
7080;24;621956960;7080;465;8398;8536;5.47;0.34;324.67;8.91;1318;28;2894.00;138
7083;24;621956975;7083;465;8403;8540;5.32;0.33;324.77;8.91;1320;28;2895.00;137
7090;24;621956991;7090;474;8405;8540;5.17;0.32;324.80;8.91;1315;28;2896.00;135
7092;24;621957005;7092;467;8408;8540;5.07;0.31;324.78;8.91;1316;28;2897.00;132
7096;24;621957020;7096;470;8411;8543;5.01;0.31;324.93;8.92;1315;28;2898.00;132
7099;24;621957035;7099;474;8413;8543;4.97;0.31;325.07;8.92;1314;28;2899.00;130
7104;24;621957050;7104;470;8414;8543;4.99;0.31;325.27;8.92;1310;28;2900.00;129
7108;24;621957069;7108;468;8419;8547;4.99;0.31;325.45;8.92;1311;28;2901.00;128
7110;24;621957084;7110;461;8420;8548;5.00;0.31;325.42;8.92;1310;28;2902.00;128
7113;24;621957098;7113;468;8423;8548;5.02;0.31;325.50;8.92;1310;28;2903.00;125
7116;24;621957111;7116;479;8428;8552;5.04;0.31;325.54;8.93;1312;28;2904.00;124
7124;24;621957126;7124;489;8428;8552;4.95;0.31;325.48;8.93;1304;28;2905.00;124
7129;24;621957141;7129;489;8429;8552;4.88;0.30;325.56;8.93;1300;28;2906.00;123
7133;24;621957155;7133;494;8431;8553;4.82;0.30;325.66;8.93;1298;28;2907.00;122
7137;24;621957169;7137;501;8433;8553;4.74;0.29;325.73;8.94;1296;28;2908.00;120
7141;24;621957188;7141;501;8438;8559;4.72;0.29;325.73;8.93;1297;28;2909.00;121
7144;24;621957205;7144;508;8441;8559;4.68;0.29;325.77;8.94;1297;28;2910.00;118
7149;24;621957218;7149;523;8441;8560;4.67;0.29;325.77;8.94;1292;28;2911.00;119
7151;24;621957233;7151;531;8443;8560;4.67;0.29;325.72;8.94;1292;28;2912.00;117
7154;24;621957246;7154;527;8443;8560;4.64;0.29;325.72;8.94;1289;28;2913.00;117
7160;24;621957261;7160;526;8444;8560;4.62;0.28;325.80;8.94;1284;28;2914.00;116
7162;24;621957277;7162;528;8444;8560;4.62;0.28;325.85;8.94;1282;28;2915.00;116
7169;24;621957291;7169;529;8453;8572;4.63;0.28;326.11;8.94;1284;28;2916.00;119
7173;24;621957307;7173;530;8454;8572;4.58;0.28;326.25;8.94;1281;28;2917.00;118
7179;24;621957321;7179;546;8455;8572;4.52;0.28;326.22;8.94;1276;28;2918.00;117
7181;24;621957336;7181;549;8456;8572;4.50;0.28;326.19;8.93;1275;28;2919.00;116
7186;24;621957351;7186;551;8456;8572;4.45;0.27;326.30;8.93;1270;28;2920.00;116
7188;24;621957365;7188;563;8457;8572;4.39;0.27;326.34;8.94;1269;28;2921.00;115
7192;24;621957380;7192;575;8460;8576;4.34;0.27;326.40;8.93;1268;28;2922.00;116
7194;24;621957395;7194;570;8461;8576;4.26;0.26;326.43;8.93;1267;28;2923.00;115
7196;24;621957408;7196;575;8464;8580;4.25;0.26;326.45;8.93;1268;28;2924.00;116
7199;24;621957424;7199;575;8467;8582;4.17;0.26;326.49;8.93;1268;28;2925.00;115
7203;24;621957438;7203;585;8467;8582;4.12;0.25;326.43;8.93;1264;28;2926.00;115
7207;24;621957452;7207;586;8467;8582;4.08;0.25;326.45;8.93;1260;28;2927.00;115
7209;24;621957466;7209;581;8476;8595;4.17;0.26;326.43;8.92;1267;28;2928.00;119
7210;24;621957482;7210;580;8477;8595;4.16;0.25;326.40;8.92;1267;28;2929.00;118
7213;24;621957497;7213;584;8477;8595;4.14;0.25;326.46;8.92;1264;28;2930.00;118
7213;24;621957511;7213;592;8478;8596;4.17;0.26;326.46;8.92;1265;28;2931.00;118
7214;24;621957524;7214;587;8478;8597;4.20;0.26;326.46;8.92;1264;28;2932.00;119
7217;24;621957538;7217;588;8478;8597;4.18;0.26;326.38;8.92;1261;28;2933.00;119
7219;24;621957552;7219;593;8481;8600;4.18;0.26;326.43;8.91;1262;28;2934.00;119
7220;24;621957565;7220;596;8481;8600;4.16;0.25;326.44;8.91;1261;28;2935.00;119
7223;24;621957579;7223;598;8481;8600;4.13;0.25;326.47;8.91;1258;28;2936.00;119
7225;24;621957593;7225;583;8481;8600;4.10;0.25;326.40;8.91;1256;28;2937.00;119
7227;24;621957607;7227;583;8487;8606;4.13;0.25;326.43;8.94;1260;28;2938.00;119
7231;24;621957623;7231;582;8487;8606;4.15;0.25;326.29;8.94;1256;28;2939.00;119
7233;24;621957644;7233;574;8487;8606;4.17;0.25;326.31;8.94;1254;28;2940.00;119
7236;24;621957664;7236;580;8487;8606;4.19;0.26;326.29;8.94;1251;28;2941.00;119
7240;24;621957685;7240;583;8490;8610;4.22;0.26;326.28;8.94;1250;28;2942.00;120
7241;24;621957706;7241;583;8491;8611;4.23;0.26;326.24;8.94;1250;28;2943.00;120
7244;24;621957728;7244;583;8491;8611;4.25;0.26;326.19;8.94;1247;28;2944.00;120
7245;24;621957748;7245;588;8492;8612;4.25;0.26;326.21;8.94;1247;28;2945.00;120
7247;24;621957768;7247;582;8492;8612;4.25;0.26;326.26;8.94;1245;28;2946.00;120
7248;24;621957785;7248;570;8492;8612;4.26;0.26;326.22;8.94;1244;28;2947.00;120
7250;24;621957802;7250;561;8492;8612;4.29;0.26;326.18;8.94;1242;28;2948.00;120
7254;24;621957820;7254;553;8492;8612;4.27;0.26;326.08;8.94;1238;28;2949.00;120
7255;24;621957843;7255;549;8492;8612;4.32;0.26;326.17;8.94;1237;28;2950.00;120
7257;24;621957859;7257;548;8492;8612;4.32;0.26;326.22;8.94;1235;28;2951.00;120
7259;24;621957874;7259;549;8527;8682;4.53;0.28;326.17;8.90;1268;28;2952.00;155
7261;24;621957896;7261;550;8528;8683;4.59;0.28;326.14;8.90;1267;28;2953.00;155
7263;24;621957911;7263;548;8534;8683;4.68;0.29;326.17;8.89;1271;28;2954.00;149
7264;24;621957925;7264;537;8535;8683;4.72;0.29;326.13;8.89;1271;28;2955.00;148
7264;24;621957941;7264;533;8539;8683;4.80;0.29;326.13;8.89;1275;28;2956.00;144
7264;24;621957956;7264;525;8539;8683;4.85;0.30;326.13;8.89;1275;28;2957.00;144
7267;24;621957972;7267;512;8542;8683;4.91;0.30;326.23;8.89;1275;28;2958.00;141
7268;24;621957988;7268;512;8545;8683;5.00;0.30;326.23;8.89;1277;28;2959.00;138
7268;24;621958003;7268;509;8548;8684;5.08;0.31;326.23;8.89;1280;28;2960.00;136
7271;24;621958019;7271;506;8553;8685;5.13;0.31;326.26;8.89;1282;28;2961.00;132
7272;24;621958042;7272;505;8555;8685;5.23;0.32;326.23;8.89;1283;28;2962.00;130
7273;24;621958058;7273;505;8559;8689;5.30;0.32;326.21;8.89;1286;28;2963.00;130
7275;24;621958076;7275;507;8559;8689;5.38;0.33;326.24;8.89;1284;28;2964.00;130
7278;24;621958094;7278;502;8559;8689;5.44;0.33;326.32;8.89;1281;28;2965.00;130
7279;24;621958116;7279;502;8559;8689;5.43;0.33;326.28;8.89;1280;28;2966.00;130
7281;24;621958133;7281;502;8563;8695;5.42;0.33;326.32;8.88;1282;28;2967.00;132
7281;24;621958152;7281;501;8564;8695;5.38;0.33;326.32;8.92;1283;28;2968.00;131
7284;24;621958169;7284;505;8564;8695;5.35;0.32;326.37;8.92;1280;28;2969.00;131
7284;24;621958187;7284;510;8568;8701;5.40;0.33;326.37;8.91;1284;28;2970.00;133
7286;25;621958203;7286;502;8568;8701;5.41;0.33;326.38;8.91;1282;29;2971.00;133
7286;25;621958237;7286;507;8570;8701;5.43;0.33;326.38;8.91;1284;29;2972.00;131
7289;25;621958254;7289;510;8570;8702;5.39;0.33;326.36;8.91;1281;29;2973.00;132
7291;25;621958270;7291;506;8571;8703;5.37;0.33;326.34;8.91;1280;29;2974.00;132
7293;25;621958287;7293;505;8571;8703;5.35;0.32;326.33;8.91;1278;29;2975.00;132
7295;25;621958303;7295;499;8579;8716;5.37;0.33;326.42;8.90;1284;29;2976.00;137
7296;25;621958320;7296;499;8580;8716;5.42;0.33;326.40;8.90;1284;29;2977.00;136
7298;25;621958335;7298;498;8580;8716;5.43;0.33;326.46;8.90;1282;29;2978.00;136
7300;25;621958352;7300;501;8581;8717;5.42;0.33;326.47;8.90;1281;29;2979.00;136
7303;25;621958368;7303;488;8581;8717;5.42;0.33;326.59;8.90;1278;29;2980.00;136
7305;25;621958385;7305;490;8584;8721;5.43;0.33;326.58;8.90;1279;29;2981.00;137
7305;25;621958403;7305;485;8584;8721;5.44;0.33;326.58;8.90;1279;29;2982.00;137
7307;25;621958419;7307;482;8587;8725;5.43;0.33;326.57;8.89;1280;29;2983.00;138
7309;25;621958436;7309;474;8587;8725;5.44;0.33;326.56;8.89;1278;29;2984.00;138
7311;25;621958452;7311;469;8587;8725;5.49;0.33;326.54;8.89;1276;29;2985.00;138
7314;25;621958470;7314;465;8587;8725;5.53;0.34;326.60;8.89;1273;29;2986.00;138
7316;25;621958488;7316;463;8587;8725;5.60;0.34;326.61;8.89;1271;29;2987.00;138
7318;25;621958504;7318;461;8596;8737;5.76;0.35;326.66;8.88;1278;29;2988.00;141
7319;25;621958521;7319;452;8596;8737;5.85;0.36;326.68;8.88;1277;29;2989.00;141
7324;25;621958538;7324;443;8598;8737;5.91;0.36;326.81;8.88;1274;29;2990.00;139
7325;25;621958555;7325;437;8598;8737;5.97;0.36;326.80;8.88;1273;29;2991.00;139
7326;25;621958577;7326;432;8598;8737;6.01;0.36;326.82;8.88;1272;29;2992.00;139
7331;25;621958595;7331;428;8598;8737;6.05;0.37;327.14;8.88;1267;29;2993.00;139
7334;25;621958611;7334;424;8600;8738;6.05;0.37;327.37;8.89;1266;29;2994.00;138
7337;25;621958628;7337;418;8602;8738;6.07;0.37;327.43;8.99;1265;29;2995.00;136
7340;25;621958650;7340;410;8606;8744;6.07;0.37;327.51;8.99;1266;29;2996.00;138
7345;25;621958667;7345;408;8606;8745;6.07;0.37;327.66;8.99;1261;29;2997.00;139
7352;25;621958684;7352;410;8607;8745;6.07;0.37;327.93;8.99;1255;29;2998.00;138
7355;25;621958700;7355;408;8607;8745;6.08;0.37;327.93;8.99;1252;29;2999.00;138
7357;25;621958718;7357;404;8613;8765;6.13;0.37;328.01;8.98;1256;29;3000.00;152
7361;25;621958741;7361;396;8613;8765;6.19;0.37;328.03;8.98;1252;29;3001.00;152
7365;25;621958756;7365;398;8613;8765;6.18;0.37;328.06;8.98;1248;29;3002.00;152
7367;25;621958777;7367;394;8614;8766;6.19;0.37;328.08;8.98;1247;29;3003.00;152
7370;25;621958793;7370;396;8617;8770;6.13;0.37;328.03;8.98;1247;29;3004.00;153
7374;25;621958809;7374;401;8617;8770;6.15;0.37;328.08;8.98;1243;29;3005.00;153
7375;25;621958825;7375;406;8621;8773;6.21;0.38;328.20;8.98;1246;29;3006.00;152
7376;25;621958841;7376;408;8624;8773;6.24;0.38;328.21;8.99;1248;29;3007.00;149
7379;25;621958857;7379;410;8625;8773;6.22;0.38;328.30;8.99;1246;29;3008.00;148
7384;25;621958873;7384;412;8625;8773;6.19;0.38;328.48;8.99;1241;29;3009.00;148
7387;25;621958888;7387;421;8628;8777;6.17;0.37;328.45;9.00;1241;29;3010.00;149
7391;25;621958904;7391;419;8629;8777;6.14;0.37;328.40;9.00;1238;29;3011.00;148
7394;25;621958919;7394;433;8633;8777;6.10;0.37;328.47;9.00;1239;29;3012.00;144
7398;25;621958934;7398;430;8634;8777;6.12;0.37;328.58;9.00;1236;29;3013.00;143
7400;25;621958949;7400;433;8635;8778;6.07;0.37;328.63;9.00;1235;29;3014.00;143
7402;25;621958964;7402;435;8638;8780;6.10;0.37;328.67;9.00;1236;29;3015.00;142
7403;25;621958979;7403;437;8638;8780;6.11;0.37;328.68;9.00;1235;29;3016.00;142
7405;25;621958994;7405;442;8639;8781;6.13;0.37;328.82;9.00;1234;29;3017.00;142
7408;25;621959009;7408;443;8641;8781;6.11;0.37;328.81;9.00;1233;29;3018.00;140
7412;25;621959024;7412;444;8641;8781;6.13;0.37;328.80;9.00;1229;29;3019.00;140
7415;25;621959039;7415;451;8642;8781;6.14;0.37;328.84;9.06;1227;29;3020.00;139
7417;25;621959054;7417;452;8643;8781;6.16;0.38;328.87;9.06;1226;29;3021.00;138
7420;25;621959069;7420;451;8644;8781;6.14;0.37;328.98;9.11;1224;29;3022.00;137
7423;25;621959085;7423;452;8644;8781;6.14;0.37;329.05;9.11;1221;29;3023.00;137
7429;25;621959106;7429;478;8708;8908;6.20;0.38;329.24;9.05;1279;29;3024.00;200
7431;25;621959134;7431;467;8712;8909;6.18;0.38;329.34;9.10;1281;29;3025.00;197
7433;25;621959151;7433;463;8719;8909;6.23;0.38;329.31;9.09;1286;29;3026.00;190
7435;25;621959166;7435;463;8724;8909;6.20;0.38;329.34;9.20;1289;29;3027.00;185
7438;25;621959181;7438;461;8731;8909;6.22;0.38;329.43;9.25;1293;29;3028.00;178
7441;25;621959196;7441;471;8736;8909;6.16;0.38;329.51;9.29;1295;29;3029.00;173
7442;25;621959215;7442;471;8740;8909;6.17;0.38;329.52;9.30;1298;29;3030.00;169
7445;25;621959231;7445;473;8744;8909;6.23;0.38;329.63;9.39;1299;29;3031.00;165
7449;25;621959246;7449;474;8746;8910;6.25;0.38;329.76;9.39;1297;29;3032.00;164
7450;25;621959262;7450;480;8749;8911;6.25;0.38;329.72;9.44;1299;29;3033.00;162
7453;25;621959278;7453;482;8754;8911;6.26;0.38;329.77;9.44;1301;29;3034.00;157
7455;25;621959294;7455;484;8756;8912;6.24;0.38;329.80;9.44;1301;29;3035.00;156
7458;25;621959310;7458;485;8761;8912;6.16;0.38;329.99;9.45;1303;29;3036.00;151
7461;25;621959326;7461;488;8763;8912;6.09;0.37;330.08;9.50;1302;29;3037.00;149
7463;25;621959342;7463;490;8767;8912;6.08;0.37;330.25;9.50;1304;29;3038.00;145
7466;25;621959357;7466;491;8772;8916;6.05;0.37;330.16;9.55;1306;29;3039.00;144
7469;25;621959374;7469;485;8776;8916;6.04;0.37;330.31;9.55;1307;29;3040.00;140
7472;25;621959390;7472;492;8777;8916;5.98;0.37;330.48;9.55;1305;29;3041.00;139
7473;25;621959406;7473;492;8781;8919;5.91;0.36;330.46;9.60;1308;29;3042.00;138
7476;25;621959426;7476;489;8781;8919;5.84;0.36;330.71;9.60;1305;29;3043.00;138
7479;25;621959442;7479;481;8782;8919;5.78;0.35;330.78;9.60;1303;29;3044.00;137
7480;25;621959457;7480;485;8786;8923;5.78;0.35;330.76;9.69;1306;29;3045.00;137
7484;25;621959474;7484;484;8789;8924;5.77;0.35;330.82;9.70;1305;29;3046.00;135
7486;25;621959489;7486;484;8792;8924;5.70;0.35;330.96;9.79;1306;29;3047.00;132
7487;25;621959504;7487;485;8794;8928;5.70;0.35;330.94;9.79;1307;29;3048.00;134
7489;25;621959519;7489;485;8795;8928;5.64;0.35;331.06;9.79;1306;29;3049.00;133
7492;25;621959533;7492;482;8796;8928;5.64;0.35;331.11;9.79;1304;29;3050.00;132
7495;25;621959549;7495;480;8800;8929;5.58;0.34;331.26;9.88;1305;29;3051.00;129
7496;25;621959574;7496;479;8801;8929;5.58;0.34;331.29;9.93;1305;29;3052.00;128
7500;25;621959596;7500;483;8807;8935;5.58;0.34;331.46;9.97;1307;29;3053.00;128
7506;25;621959611;7506;492;8807;8935;5.54;0.34;331.61;9.97;1301;29;3054.00;128
7507;25;621959626;7507;487;8809;8936;5.45;0.34;331.63;10.06;1302;29;3055.00;127
7513;25;621959647;7513;487;8809;8936;5.32;0.33;331.71;10.06;1296;29;3056.00;127
7519;25;621959674;7519;489;8809;8936;5.17;0.32;331.86;10.06;1290;29;3057.00;127
7523;25;621959698;7523;492;8811;8936;5.05;0.31;331.96;10.14;1288;29;3058.00;125
7529;25;621959720;7529;500;8811;8936;4.92;0.30;332.02;10.14;1282;29;3059.00;125
7530;25;621959743;7530;502;8835;8972;4.97;0.31;332.12;10.12;1305;29;3060.00;137
7535;25;621959766;7535;504;8837;8972;4.89;0.30;332.16;10.20;1302;29;3061.00;135
7538;25;621959782;7538;508;8842;8972;4.86;0.30;332.26;10.20;1304;29;3062.00;130
7544;25;621959796;7544;506;8842;8972;4.80;0.30;332.42;10.20;1298;29;3063.00;130
7550;25;621959812;7550;509;8843;8972;4.73;0.29;332.47;10.20;1293;29;3064.00;129
7554;25;621959826;7554;516;8843;8972;4.71;0.29;332.60;10.20;1289;29;3065.00;129
7557;25;621959842;7557;512;8847;8976;4.69;0.29;332.62;10.19;1290;29;3066.00;129
7561;25;621959857;7561;511;8847;8976;4.65;0.29;332.64;10.19;1286;29;3067.00;129
7562;25;621959871;7562;512;8851;8980;4.65;0.29;332.65;10.19;1289;29;3068.00;129
7564;25;621959886;7564;507;8852;8981;4.59;0.28;332.72;10.19;1288;29;3069.00;129
7568;25;621959900;7568;511;8852;8981;4.51;0.28;332.63;10.19;1284;29;3070.00;129
7571;25;621959914;7571;517;8852;8981;4.45;0.27;332.74;10.19;1281;29;3071.00;129
7573;25;621959928;7573;520;8863;8994;4.47;0.28;332.75;10.18;1290;29;3072.00;131
7579;25;621959944;7579;529;8863;8994;4.42;0.27;332.76;10.18;1284;29;3073.00;131
7585;25;621959960;7585;532;8863;8994;4.40;0.27;332.71;10.18;1278;29;3074.00;131
7588;25;621959975;7588;532;8864;8995;4.41;0.27;332.64;10.18;1276;29;3075.00;131
7593;25;621959989;7593;537;8864;8996;4.36;0.27;332.65;10.18;1271;29;3076.00;132
7598;25;621960007;7598;540;8864;8996;4.34;0.27;332.75;10.18;1266;29;3077.00;132
7603;25;621960030;7603;537;8867;8999;4.32;0.27;332.65;10.17;1264;29;3078.00;132
7608;25;621960051;7608;542;8867;8999;4.32;0.26;332.66;10.17;1259;29;3079.00;132
7610;25;621960066;7610;540;8867;8999;4.33;0.27;332.69;10.17;1257;29;3080.00;132
7615;25;621960081;7615;553;8867;8999;4.31;0.26;332.80;10.17;1252;29;3081.00;132
7620;25;621960096;7620;550;8872;9005;4.29;0.26;332.75;10.17;1252;29;3082.00;133
7624;25;621960110;7624;552;8872;9005;4.26;0.26;332.76;10.17;1248;29;3083.00;133
7625;25;621960125;7625;560;8872;9005;4.25;0.26;332.79;10.17;1247;29;3084.00;133
7628;25;621960139;7628;572;8872;9005;4.21;0.26;332.81;10.17;1244;29;3085.00;133
7630;25;621960153;7630;573;8875;9009;4.20;0.26;332.85;10.16;1245;29;3086.00;134
7632;25;621960166;7632;575;8876;9010;4.15;0.25;332.81;10.16;1244;29;3087.00;134
7635;25;621960181;7635;583;8876;9010;4.11;0.25;332.87;10.16;1241;29;3088.00;134
7641;25;621960195;7641;584;8877;9011;4.11;0.25;332.96;10.16;1236;29;3089.00;134
7643;25;621960211;7643;591;8877;9011;4.09;0.25;332.96;10.16;1234;29;3090.00;134
7646;25;621960225;7646;595;8877;9011;4.06;0.25;332.89;10.16;1231;29;3091.00;134
7651;25;621960239;7651;594;8877;9011;4.02;0.24;333.07;10.16;1226;29;3092.00;134
7654;25;621960252;7654;596;8877;9011;4.01;0.24;333.03;10.16;1223;29;3093.00;134
7656;25;621960267;7656;599;8877;9011;3.97;0.24;333.05;10.16;1221;29;3094.00;134
7658;25;621960280;7658;605;8877;9011;3.96;0.24;333.09;10.16;1219;29;3095.00;134
7661;25;621960293;7661;622;8915;9081;4.13;0.25;333.03;10.12;1254;29;3096.00;166
7664;25;621960315;7664;611;8916;9082;4.11;0.25;333.02;10.12;1252;29;3097.00;166
7667;25;621960329;7667;613;8922;9082;4.17;0.26;332.94;10.11;1255;29;3098.00;160
7670;25;621960343;7670;609;8924;9082;4.20;0.26;333.02;10.11;1254;29;3099.00;158
7672;25;621960358;7672;607;8927;9082;4.22;0.26;333.02;10.11;1255;29;3100.00;155
7675;25;621960376;7675;609;8928;9082;4.24;0.26;333.02;10.11;1253;29;3101.00;154
7679;25;621960389;7679;599;8930;9082;4.21;0.26;333.06;10.11;1251;29;3102.00;152
7682;25;621960403;7682;605;8932;9082;4.20;0.26;333.05;10.11;1250;29;3103.00;150
7684;25;621960416;7684;605;8934;9083;4.16;0.25;333.02;10.11;1250;29;3104.00;149
7687;25;621960431;7687;600;8937;9085;4.12;0.25;333.16;10.10;1250;29;3105.00;148
7689;25;621960445;7689;605;8939;9085;4.06;0.25;333.18;10.15;1250;29;3106.00;146
7693;25;621960459;7693;580;8944;9089;4.05;0.25;333.13;10.15;1251;29;3107.00;145
7695;25;621960473;7695;569;8946;9089;4.09;0.25;333.15;10.14;1251;29;3108.00;143
7696;25;621960489;7696;570;8947;9089;4.16;0.25;333.16;10.14;1251;29;3109.00;142
7699;25;621960503;7699;551;8948;9089;4.24;0.26;333.09;10.15;1249;29;3110.00;141
7700;25;621960518;7700;545;8953;9095;4.35;0.27;333.10;10.14;1253;29;3111.00;142
7702;25;621960534;7702;540;8954;9095;4.45;0.27;333.21;10.14;1252;29;3112.00;141
7704;25;621960549;7704;540;8955;9095;4.56;0.28;333.23;10.14;1251;29;3113.00;140
7705;25;621960575;7705;534;8957;9098;4.62;0.28;333.24;10.14;1252;29;3114.00;141
7706;25;621960591;7706;534;8957;9098;4.65;0.28;333.28;10.14;1251;29;3115.00;141
7709;25;621960606;7709;518;8958;9098;4.63;0.28;333.34;10.14;1249;29;3116.00;140
7710;25;621960628;7710;517;8958;9099;4.64;0.28;333.37;10.14;1248;29;3117.00;141
7711;25;621960646;7711;498;8959;9100;4.70;0.29;333.36;10.14;1248;29;3118.00;141
7711;25;621960662;7711;488;8959;9100;4.78;0.29;333.36;10.14;1248;29;3119.00;141
7714;25;621960686;7714;478;8980;9126;4.92;0.30;333.32;10.16;1266;29;3120.00;146
7714;25;621960703;7714;469;8980;9126;4.99;0.30;333.32;10.16;1266;29;3121.00;146
7715;25;621960717;7715;463;8982;9126;5.05;0.31;333.28;10.16;1267;29;3122.00;144
7718;25;621960732;7718;459;8983;9127;5.11;0.31;333.24;10.16;1265;29;3123.00;144
7720;25;621960747;7720;450;8983;9127;5.14;0.31;333.21;10.16;1263;29;3124.00;144
7720;25;621960762;7720;453;8987;9131;5.21;0.32;333.21;10.15;1267;29;3125.00;144
7722;25;621960779;7722;452;8987;9131;5.27;0.32;333.24;10.15;1265;30;3126.00;144
7722;25;621960803;7722;450;8990;9135;5.31;0.32;333.24;10.15;1268;30;3127.00;145
7725;25;621960820;7725;448;8990;9135;5.35;0.32;333.27;10.15;1265;30;3128.00;145
7727;25;621960836;7727;443;8990;9135;5.41;0.33;333.36;10.15;1263;30;3129.00;145
7728;25;621960852;7728;447;8990;9135;5.49;0.33;333.38;10.15;1262;30;3130.00;145
7729;25;621960867;7729;448;8990;9135;5.56;0.34;333.41;10.15;1261;30;3131.00;145
7730;25;621960883;7730;447;9001;9147;5.72;0.35;333.39;10.18;1271;30;3132.00;146
7733;25;621960900;7733;441;9001;9147;5.76;0.35;333.55;10.18;1268;30;3133.00;146
7734;25;621960916;7734;432;9002;9147;5.78;0.35;333.54;10.18;1268;30;3134.00;145
7736;25;621960932;7736;427;9002;9147;5.83;0.36;333.59;10.18;1266;30;3135.00;145
7743;25;621960947;7743;430;9002;9147;5.84;0.36;333.56;10.18;1259;30;3136.00;145
7743;25;621960963;7743;427;9002;9147;5.87;0.36;333.56;10.18;1259;30;3137.00;145
7748;25;621960978;7748;424;9002;9148;5.87;0.36;333.61;10.18;1254;30;3138.00;146
7753;25;621960994;7753;423;9002;9148;5.86;0.36;333.75;10.18;1249;30;3139.00;146
7756;25;621961011;7756;424;9007;9154;5.86;0.36;333.79;10.18;1251;30;3140.00;147
7759;25;621961027;7759;427;9008;9155;5.86;0.36;333.91;10.17;1249;30;3141.00;147
7762;25;621961042;7762;426;9008;9155;5.84;0.36;334.05;10.17;1246;30;3142.00;147
7765;25;621961059;7765;433;9008;9155;5.81;0.35;334.13;10.17;1243;30;3143.00;147
7766;25;621961079;7766;431;9011;9159;5.82;0.35;334.19;10.17;1245;30;3144.00;148
7768;25;621961095;7768;430;9011;9159;5.86;0.36;334.22;10.17;1243;30;3145.00;148
7770;25;621961110;7770;426;9011;9159;5.87;0.36;334.33;10.17;1241;30;3146.00;148
7775;25;621961126;7775;433;9012;9160;5.90;0.36;334.48;10.17;1237;30;3147.00;148
7775;25;621961141;7775;431;9015;9164;5.92;0.36;334.48;10.17;1240;30;3148.00;149
7779;25;621961155;7779;431;9015;9164;5.91;0.36;334.59;10.17;1236;30;3149.00;149
7782;25;621961172;7782;425;9019;9170;5.98;0.36;334.60;10.16;1237;30;3150.00;151
7786;25;621961189;7786;431;9019;9170;5.97;0.36;334.77;10.16;1233;30;3151.00;151
7789;25;621961205;7789;430;9021;9170;6.03;0.37;334.87;10.16;1232;30;3152.00;149
7790;25;621961220;7790;429;9021;9170;6.05;0.37;334.86;10.16;1231;30;3153.00;149
7795;25;621961236;7795;421;9025;9174;6.08;0.37;334.81;10.16;1230;30;3154.00;149
7796;25;621961252;7796;418;9025;9174;6.09;0.37;334.82;10.16;1229;30;3155.00;149
7798;25;621961273;7798;417;9025;9174;6.08;0.37;334.95;10.16;1227;30;3156.00;149
7801;25;621961290;7801;411;9025;9174;6.08;0.37;334.98;10.16;1224;30;3157.00;149
7802;25;621961304;7802;396;9026;9175;6.07;0.37;335.05;10.20;1224;30;3158.00;149
7805;25;621961320;7805;394;9027;9176;6.13;0.37;335.13;10.20;1222;30;3159.00;149
7807;25;621961336;7807;384;9027;9176;6.11;0.37;335.24;10.20;1220;30;3160.00;149
7808;25;621961351;7808;371;9028;9177;6.08;0.37;335.30;10.20;1220;30;3161.00;149
7813;25;621961367;7813;369;9028;9177;6.07;0.37;335.36;10.20;1215;30;3162.00;149
7815;25;621961388;7815;360;9028;9177;6.08;0.37;335.48;10.20;1213;30;3163.00;149
7816;25;621961402;7816;365;9028;9177;6.11;0.37;335.50;10.20;1212;30;3164.00;149
7819;25;621961416;7819;362;9030;9177;6.11;0.37;335.49;10.30;1211;30;3165.00;147
7823;25;621961433;7823;353;9030;9177;6.10;0.37;335.47;10.30;1207;30;3166.00;147
7831;25;621961447;7831;349;9030;9177;6.14;0.37;335.69;10.30;1199;30;3167.00;147
7834;25;621961462;7834;370;9100;9304;6.28;0.39;335.74;10.22;1266;30;3168.00;204
7837;25;621961487;7837;353;9102;9305;6.32;0.39;335.73;10.22;1265;30;3169.00;203
7839;25;621961503;7839;343;9108;9305;6.40;0.39;335.84;10.22;1269;30;3170.00;197
7843;25;621961518;7843;347;9109;9305;6.36;0.39;335.76;10.22;1266;30;3171.00;196
7846;25;621961534;7846;343;9115;9305;6.41;0.39;335.85;10.21;1269;30;3172.00;190
7849;25;621961550;7849;345;9117;9305;6.43;0.39;335.85;10.21;1268;30;3173.00;188
7853;25;621961567;7853;346;9120;9305;6.42;0.39;335.92;10.21;1267;30;3174.00;185
7855;25;621961584;7855;345;9123;9305;6.49;0.40;335.90;10.21;1268;30;3175.00;182
7857;25;621961600;7857;343;9126;9306;6.51;0.40;335.98;10.21;1269;30;3176.00;180
7860;25;621961616;7860;356;9132;9307;6.49;0.40;335.97;10.21;1272;30;3177.00;175
7863;25;621961632;7863;357;9135;9307;6.52;0.40;336.06;10.21;1272;30;3178.00;172
7865;25;621961655;7865;362;9135;9308;6.53;0.40;336.14;10.21;1270;30;3179.00;173
7866;25;621961682;7866;362;9139;9308;6.53;0.40;336.21;10.21;1273;30;3180.00;169
7869;25;621961708;7869;361;9141;9308;6.48;0.40;336.22;10.21;1272;30;3181.00;167
7870;25;621961730;7870;360;9144;9308;6.42;0.39;336.23;10.21;1274;30;3182.00;164
7873;25;621961753;7873;351;9148;9312;6.43;0.39;336.20;10.21;1275;30;3183.00;164
7877;25;621961772;7877;361;9148;9312;6.41;0.39;336.22;10.21;1271;30;3184.00;164
7881;25;621961789;7881;363;9149;9312;6.37;0.39;336.38;10.21;1268;30;3185.00;163
7883;25;621961805;7883;366;9150;9315;6.41;0.39;336.36;10.20;1267;30;3186.00;165
7884;25;621961824;7884;372;9150;9315;6.42;0.39;336.46;10.20;1266;30;3187.00;165
7885;25;621961841;7885;381;9152;9315;6.43;0.39;336.59;10.21;1267;30;3188.00;163
7889;25;621961863;7889;394;9155;9319;6.41;0.39;336.76;10.20;1266;30;3189.00;164
7891;25;621961881;7891;400;9156;9320;6.39;0.39;336.76;10.20;1265;30;3190.00;164
7895;25;621961899;7895;396;9162;9322;6.33;0.39;336.84;10.31;1267;30;3191.00;160
7898;25;621961918;7898;404;9167;9326;6.31;0.39;336.97;10.31;1269;30;3192.00;159
7900;25;621961943;7900;413;9170;9326;6.25;0.38;337.00;10.41;1270;30;3193.00;156
7903;25;621961967;7903;406;9170;9326;6.17;0.38;337.18;10.41;1267;30;3194.00;156
7905;25;621961985;7905;417;9174;9328;6.14;0.37;337.18;10.51;1269;30;3195.00;154
7907;25;621962002;7907;413;9174;9328;6.08;0.37;337.24;10.51;1267;30;3196.00;154
7912;25;621962019;7912;413;9181;9334;6.02;0.37;337.27;10.61;1269;30;3197.00;153
7914;25;621962036;7914;422;9181;9334;5.90;0.36;337.22;10.61;1267;30;3198.00;153
7916;25;621962053;7916;427;9181;9335;5.75;0.35;337.28;10.61;1265;30;3199.00;154
7918;25;621962070;7918;434;9183;9335;5.65;0.34;337.28;10.70;1265;30;3200.00;152
7920;25;621962091;7920;432;9183;9335;5.60;0.34;337.32;10.70;1263;30;3201.00;152
7922;25;621962106;7922;449;9185;9335;5.52;0.34;337.47;10.79;1263;30;3202.00;150
7923;25;621962122;7923;447;9185;9335;5.52;0.34;337.46;10.79;1262;30;3203.00;150
7926;25;621962136;7926;446;9196;9347;5.52;0.34;337.60;10.82;1270;30;3204.00;151
7929;25;621962152;7929;457;9197;9347;5.49;0.34;337.56;10.87;1268;30;3205.00;150
7931;25;621962167;7931;460;9199;9347;5.50;0.34;337.58;10.91;1268;30;3206.00;148
7934;25;621962183;7934;458;9200;9347;5.49;0.34;337.61;10.96;1266;30;3207.00;147
7936;25;621962199;7936;475;9200;9347;5.46;0.33;337.57;10.96;1264;30;3208.00;147
7938;25;621962215;7938;477;9202;9347;5.42;0.33;337.74;11.05;1264;30;3209.00;145
7941;25;621962231;7941;468;9205;9351;5.35;0.33;337.80;11.05;1264;30;3210.00;146
7941;25;621962247;7941;474;9206;9351;5.33;0.32;337.80;11.08;1265;30;3211.00;145
7944;25;621962262;7944;490;9210;9355;5.33;0.32;337.92;11.08;1266;30;3212.00;145
7947;25;621962276;7947;490;9212;9356;5.32;0.32;337.93;11.13;1265;30;3213.00;144
7950;25;621962291;7950;498;9213;9356;5.27;0.32;337.93;11.16;1263;30;3214.00;143
7955;25;621962306;7955;498;9214;9356;5.25;0.32;337.93;11.21;1259;30;3215.00;142
7957;25;621962321;7957;500;9226;9369;5.28;0.32;337.97;11.24;1269;30;3216.00;143
7960;25;621962338;7960;492;9227;9369;5.26;0.32;338.09;11.28;1267;30;3217.00;142
7961;25;621962354;7961;505;9228;9369;5.28;0.32;338.07;11.32;1267;30;3218.00;141
7965;25;621962368;7965;501;9230;9370;5.26;0.32;338.20;11.37;1265;30;3219.00;140
7967;25;621962383;7967;499;9230;9371;5.30;0.32;338.25;11.37;1263;30;3220.00;141
7969;25;621962398;7969;505;9230;9371;5.28;0.32;338.35;11.37;1261;30;3221.00;141
7974;25;621962412;7974;506;9234;9374;5.25;0.32;338.57;11.41;1260;30;3222.00;140
7977;25;621962426;7977;515;9234;9374;5.23;0.32;338.52;11.41;1257;30;3223.00;140
7984;25;621962440;7984;514;9234;9374;5.19;0.31;338.58;11.41;1250;30;3224.00;140
7987;25;621962454;7987;516;9234;9374;5.16;0.31;338.67;11.41;1247;30;3225.00;140
7989;25;621962470;7989;520;9239;9380;5.16;0.31;338.75;11.41;1250;30;3226.00;141
7991;25;621962484;7991;523;9239;9380;5.07;0.31;338.79;11.41;1248;30;3227.00;141
7996;25;621962498;7996;526;9239;9380;4.95;0.30;338.89;11.41;1243;30;3228.00;141
7999;25;621962512;7999;536;9239;9380;4.83;0.30;338.95;11.41;1240;30;3229.00;141
8003;25;621962525;8003;526;9242;9384;4.74;0.29;338.99;11.40;1239;30;3230.00;142
8009;25;621962539;8009;517;9243;9385;4.65;0.28;339.15;11.40;1234;30;3231.00;142
8013;25;621962554;8013;521;9243;9385;4.56;0.28;339.22;11.40;1230;30;3232.00;142
8016;25;621962568;8016;522;9244;9386;4.53;0.28;339.24;11.40;1228;30;3233.00;142
8019;25;621962583;8019;525;9244;9386;4.49;0.27;339.30;11.40;1225;30;3234.00;142
8022;25;621962597;8022;523;9244;9386;4.50;0.27;339.32;11.40;1222;30;3235.00;142
8025;25;621962612;8025;518;9244;9386;4.51;0.28;339.38;11.40;1219;30;3236.00;142
8027;25;621962625;8027;514;9244;9386;4.57;0.28;339.34;11.40;1217;30;3237.00;142
8030;25;621962640;8030;513;9244;9386;4.60;0.28;339.33;11.40;1214;30;3238.00;142
8035;25;621962654;8035;506;9244;9386;4.60;0.28;339.31;11.40;1209;30;3239.00;142
8038;25;621962669;8038;508;9306;9511;4.90;0.30;339.25;11.32;1268;30;3240.00;205
8042;25;621962696;8042;506;9311;9512;4.92;0.30;339.35;11.32;1269;30;3241.00;201
8048;25;621962710;8048;498;9320;9512;4.93;0.30;339.32;11.31;1272;30;3242.00;192
8051;25;621962724;8051;500;9321;9512;4.95;0.30;339.25;11.31;1270;30;3243.00;191
8056;25;621962739;8056;503;9327;9512;4.92;0.30;339.32;11.30;1271;30;3244.00;185
8060;25;621962753;8060;510;9327;9512;4.89;0.30;339.39;11.30;1267;30;3245.00;185
8062;25;621962768;8062;512;9331;9512;4.93;0.30;339.39;11.30;1269;30;3246.00;181
8066;25;621962782;8066;505;9332;9512;4.94;0.30;339.42;11.30;1266;30;3247.00;180
8070;25;621962796;8070;506;9335;9513;4.98;0.31;339.39;11.30;1265;30;3248.00;178
8073;25;621962810;8073;506;9338;9514;4.99;0.31;339.34;11.30;1265;30;3249.00;176
8075;25;621962825;8075;509;9342;9514;4.99;0.31;339.33;11.30;1267;30;3250.00;172
8080;25;621962840;8080;503;9346;9518;4.98;0.31;339.30;11.29;1266;30;3251.00;172
8084;25;621962854;8084;503;9346;9518;4.92;0.30;339.42;11.29;1262;30;3252.00;172
8088;25;621962869;8088;507;9346;9518;4.89;0.30;339.36;11.29;1258;30;3253.00;172
8092;25;621962883;8092;506;9346;9518;4.83;0.30;339.33;11.29;1254;30;3254.00;172
8096;25;621962897;8096;519;9350;9524;4.79;0.30;339.40;11.29;1254;30;3255.00;174
8101;25;621962913;8101;526;9350;9524;4.72;0.29;339.38;11.29;1249;30;3256.00;174
8105;25;621962927;8105;525;9350;9524;4.64;0.29;339.33;11.29;1245;30;3257.00;174
8110;25;621962941;8110;535;9352;9527;4.55;0.28;339.40;11.29;1242;30;3258.00;175
8113;25;621962956;8113;532;9352;9527;4.49;0.28;339.35;11.29;1239;30;3259.00;175
8118;25;621962970;8118;523;9352;9527;4.45;0.27;339.28;11.29;1234;30;3260.00;175
8122;25;621962984;8122;519;9352;9528;4.41;0.27;339.35;11.29;1230;30;3261.00;176
8127;25;621962998;8127;521;9354;9529;4.38;0.27;339.23;11.29;1227;30;3262.00;175
8129;25;621963012;8129;524;9355;9529;4.39;0.27;339.25;11.29;1226;30;3263.00;174
8133;26;621963026;8133;515;9366;9542;4.44;0.27;339.20;11.28;1233;31;3264.00;176
8135;26;621963053;8135;517;9369;9542;4.43;0.27;339.19;11.28;1234;31;3265.00;173
8138;26;621963067;8138;514;9371;9542;4.46;0.27;339.23;11.33;1233;31;3266.00;171
8142;26;621963082;8142;515;9372;9543;4.46;0.27;339.20;11.33;1230;31;3267.00;171
8144;26;621963097;8144;511;9373;9543;4.48;0.27;339.21;11.33;1229;31;3268.00;170
8147;26;621963112;8147;515;9376;9547;4.48;0.27;339.21;11.33;1229;31;3269.00;171
8149;26;621963128;8149;518;9378;9547;4.50;0.28;339.22;11.33;1229;31;3270.00;169
8152;26;621963143;8152;518;9381;9551;4.54;0.28;339.19;11.33;1229;31;3271.00;170
8154;26;621963157;8154;518;9381;9551;4.51;0.28;339.17;11.33;1227;31;3272.00;170
8155;26;621963171;8155;519;9382;9551;4.46;0.27;339.13;11.33;1227;31;3273.00;169
8159;26;621963190;8159;516;9383;9551;4.40;0.27;339.21;11.32;1224;31;3274.00;168
8162;27;621963205;8162;520;9383;9551;4.36;0.27;339.20;11.32;1221;32;3275.00;168
8164;27;621963225;8164;519;9393;9563;4.43;0.27;339.20;11.31;1229;32;3276.00;170
8165;27;621963240;8165;513;9393;9563;4.46;0.27;339.17;11.31;1228;32;3277.00;170
8167;27;621963254;8167;513;9394;9563;4.50;0.27;339.15;11.31;1227;32;3278.00;169
8169;27;621963273;8169;503;9394;9563;4.55;0.28;339.26;11.31;1225;32;3279.00;169
8171;27;621963287;8171;499;9394;9563;4.59;0.28;339.30;11.31;1223;32;3280.00;169
8174;27;621963300;8174;498;9394;9563;4.62;0.28;339.32;11.31;1220;32;3281.00;169
8177;27;621963313;8177;498;9394;9564;4.65;0.28;339.31;11.31;1217;32;3282.00;170
8179;27;621963326;8179;494;9395;9564;4.69;0.29;339.42;11.35;1216;32;3283.00;169
8182;27;621963339;8182;494;9400;9570;4.73;0.29;339.35;11.35;1218;32;3284.00;170
8183;27;621963353;8183;494;9402;9572;4.72;0.29;339.37;11.35;1219;32;3285.00;170
8185;27;621963372;8185;477;9402;9572;4.74;0.29;339.46;11.35;1217;32;3286.00;170
8186;27;621963387;8186;469;9402;9572;4.76;0.29;339.49;11.35;1216;32;3287.00;170
8187;27;621963402;8187;465;9405;9576;4.84;0.30;339.47;11.34;1218;32;3288.00;171
8189;27;621963417;8189;455;9405;9576;4.93;0.30;339.51;11.34;1216;32;3289.00;171
8192;27;621963431;8192;449;9405;9576;5.02;0.31;339.54;11.34;1213;32;3290.00;171
8196;27;621963445;8196;450;9406;9577;5.13;0.31;339.54;11.34;1210;32;3291.00;171
8198;27;621963461;8198;451;9409;9581;5.23;0.32;339.55;11.34;1211;32;3292.00;172
8200;27;621963476;8200;444;9409;9581;5.33;0.33;339.65;11.34;1209;32;3293.00;172
8200;27;621963490;8200;440;9411;9584;5.42;0.33;339.65;11.34;1211;32;3294.00;173
8203;27;621963509;8203;445;9412;9584;5.45;0.33;339.64;11.38;1209;32;3295.00;172
8205;27;621963531;8205;441;9413;9584;5.50;0.34;339.73;11.38;1208;32;3296.00;171
8205;27;621963564;8205;437;9413;9584;5.51;0.34;339.73;11.38;1208;32;3297.00;171
8208;27;621963587;8208;430;9417;9588;5.53;0.34;339.92;11.37;1209;32;3298.00;171
8213;27;621963612;8213;435;9417;9588;5.49;0.33;339.99;11.37;1204;32;3299.00;171
8215;27;621963631;8215;438;9422;9607;5.47;0.33;340.02;11.37;1207;32;3300.00;185
8219;27;621963658;8219;431;9422;9607;5.48;0.33;340.10;11.37;1203;32;3301.00;185
8221;27;621963692;8221;431;9422;9608;5.48;0.33;340.15;11.37;1201;32;3302.00;186
8223;27;621963715;8223;427;9423;9609;5.51;0.34;340.15;11.37;1200;32;3303.00;186
8225;27;621963739;8225;430;9423;9609;5.53;0.34;340.27;11.37;1198;32;3304.00;186
8228;27;621963759;8228;436;9425;9610;5.55;0.34;340.38;11.36;1197;32;3305.00;185
8230;27;621963775;8230;430;9426;9610;5.57;0.34;340.38;11.36;1196;32;3306.00;184
8232;27;621963790;8232;425;9426;9610;5.61;0.34;340.51;11.36;1194;32;3307.00;184
8234;27;621963805;8234;421;9426;9610;5.63;0.34;340.62;11.36;1192;32;3308.00;184
8237;27;621963821;8237;422;9426;9610;5.65;0.34;340.60;11.36;1189;32;3309.00;184
8238;27;621963836;8238;419;9426;9610;5.66;0.35;340.63;11.36;1188;32;3310.00;184
8240;27;621963852;8240;421;9428;9610;5.66;0.35;340.69;11.41;1188;32;3311.00;182
8242;27;621963868;8242;441;9496;9737;5.76;0.36;340.74;11.33;1254;32;3312.00;241
8244;27;621963897;8244;435;9496;9738;5.76;0.36;340.89;11.33;1252;32;3313.00;242
8247;27;621963912;8247;432;9499;9738;5.77;0.36;341.07;11.32;1252;32;3314.00;239
8249;27;621963928;8249;442;9500;9738;5.78;0.36;341.05;11.32;1251;32;3315.00;238
8256;27;621963943;8256;437;9502;9738;5.72;0.35;341.19;11.32;1246;32;3316.00;236
8256;27;621963958;8256;440;9506;9738;5.76;0.36;341.19;11.32;1250;32;3317.00;232
8258;27;621963974;8258;441;9508;9738;5.78;0.36;341.21;11.32;1250;32;3318.00;230
8260;27;621963990;8260;441;9511;9738;5.82;0.36;341.22;11.32;1251;32;3319.00;227
8264;27;621964006;8264;440;9514;9739;5.81;0.36;341.34;11.32;1250;32;3320.00;225
8266;27;621964029;8266;433;9519;9740;5.85;0.36;341.32;11.32;1253;32;3321.00;221
8269;27;621964044;8269;430;9523;9740;5.83;0.36;341.39;11.32;1254;32;3322.00;217
8272;27;621964060;8272;436;9527;9741;5.82;0.36;341.43;11.32;1255;32;3323.00;214
8274;27;621964076;8274;434;9530;9741;5.83;0.36;341.43;11.32;1256;32;3324.00;211
8276;27;621964092;8276;431;9533;9741;5.86;0.36;341.49;11.32;1257;32;3325.00;208
8279;27;621964107;8279;428;9535;9741;5.87;0.36;341.56;11.32;1256;32;3326.00;206
8281;27;621964123;8281;426;9537;9745;5.91;0.36;341.59;11.32;1256;32;3327.00;208
8283;27;621964139;8283;425;9540;9745;5.93;0.36;341.62;11.32;1257;32;3328.00;205
8284;27;621964155;8284;417;9542;9745;5.91;0.36;341.62;11.32;1258;32;3329.00;203
8287;27;621964172;8287;415;9545;9751;5.90;0.36;341.68;11.32;1258;32;3330.00;206
8290;27;621964189;8290;408;9545;9751;5.87;0.36;341.71;11.32;1255;32;3331.00;206
8292;27;621964205;8292;403;9549;9751;5.91;0.36;341.78;11.32;1257;32;3332.00;202
8298;27;621964220;8298;397;9553;9755;5.89;0.36;341.79;11.32;1255;32;3333.00;202
8303;27;621964236;8303;393;9556;9756;5.86;0.36;341.81;11.32;1253;32;3334.00;200
8305;27;621964252;8305;385;9563;9756;5.85;0.36;341.76;11.44;1258;32;3335.00;193
8308;27;621964271;8308;386;9564;9760;5.83;0.36;341.83;11.44;1256;32;3336.00;196
8314;27;621964287;8314;392;9565;9760;5.80;0.35;341.93;11.44;1251;32;3337.00;195
8316;27;621964302;8316;393;9566;9760;5.80;0.35;341.99;11.43;1250;32;3338.00;194
8320;27;621964318;8320;388;9567;9761;5.79;0.35;342.21;11.43;1247;32;3339.00;194
8323;27;621964334;8323;389;9567;9761;5.81;0.35;342.21;11.43;1244;32;3340.00;194
8326;27;621964349;8326;384;9572;9767;5.87;0.36;342.17;11.43;1246;32;3341.00;195
8330;27;621964365;8330;378;9572;9767;5.88;0.36;342.31;11.43;1242;32;3342.00;195
8335;27;621964380;8335;378;9574;9768;5.90;0.36;342.23;11.44;1239;32;3343.00;194
8335;27;621964397;8335;378;9574;9768;5.97;0.36;342.23;11.44;1239;32;3344.00;194
8338;27;621964418;8338;378;9574;9768;5.98;0.36;342.31;11.44;1236;32;3345.00;194
8340;27;621964435;8340;379;9577;9768;6.01;0.36;342.36;11.44;1237;32;3346.00;191
8343;27;621964452;8343;385;9577;9768;6.02;0.37;342.42;11.44;1234;32;3347.00;191
8346;27;621964469;8346;390;9585;9780;6.02;0.37;342.42;11.43;1239;32;3348.00;195
8350;27;621964487;8350;387;9587;9780;5.99;0.36;342.40;11.43;1237;32;3349.00;193
8353;27;621964503;8353;386;9588;9780;5.95;0.36;342.53;11.43;1235;32;3350.00;192
8356;27;621964519;8356;383;9590;9780;5.91;0.36;342.69;11.43;1234;32;3351.00;190
8357;27;621964536;8357;390;9590;9780;5.88;0.36;342.74;11.43;1233;32;3352.00;190
8360;27;621964551;8360;388;9590;9780;5.87;0.36;342.87;11.43;1230;32;3353.00;190
8361;27;621964567;8361;390;9593;9784;5.87;0.36;342.86;11.43;1232;32;3354.00;191
8364;27;621964583;8364;391;9595;9784;5.83;0.35;342.95;11.44;1231;32;3355.00;189
8367;27;621964606;8367;396;9598;9788;5.78;0.35;343.04;11.43;1231;32;3356.00;190
8371;27;621964622;8371;396;9601;9789;5.76;0.35;343.19;11.43;1230;32;3357.00;188
8377;27;621964637;8377;406;9601;9789;5.72;0.35;343.31;11.43;1224;32;3358.00;188
8379;27;621964654;8379;409;9602;9789;5.70;0.35;343.36;11.49;1223;32;3359.00;187
8380;27;621964670;8380;418;9623;9818;5.70;0.35;343.35;11.46;1243;32;3360.00;195
8382;27;621964688;8382;417;9625;9818;5.65;0.34;343.49;11.51;1243;32;3361.00;193
8383;27;621964702;8383;426;9628;9818;5.63;0.34;343.50;11.57;1245;32;3362.00;190
8386;27;621964718;8386;440;9631;9819;5.62;0.34;343.76;11.62;1245;32;3363.00;188
8388;27;621964733;8388;441;9631;9820;5.61;0.34;343.85;11.62;1243;32;3364.00;189
8390;27;621964748;8390;456;9631;9820;5.61;0.34;343.99;11.62;1241;32;3365.00;189
8393;27;621964762;8393;462;9634;9823;5.60;0.34;344.11;11.67;1241;32;3366.00;189
8394;27;621964779;8394;465;9636;9823;5.59;0.34;344.20;11.79;1242;32;3367.00;187
8395;27;621964794;8395;471;9638;9823;5.59;0.34;344.23;11.84;1243;32;3368.00;185
8398;27;621964808;8398;475;9638;9823;5.53;0.34;344.39;11.84;1240;32;3369.00;185
8400;27;621964823;8400;491;9644;9829;5.52;0.34;344.46;11.89;1244;32;3370.00;185
8401;27;621964839;8401;495;9645;9829;5.46;0.33;344.44;11.95;1244;32;3371.00;184
8401;27;621964853;8401;497;9645;9829;5.39;0.33;344.44;11.95;1244;32;3372.00;184
8402;27;621964867;8402;500;9645;9829;5.29;0.32;344.41;11.95;1243;32;3373.00;184
8404;27;621964881;8404;510;9649;9833;5.20;0.32;344.51;12.00;1245;32;3374.00;184
8406;27;621964896;8406;517;9652;9835;5.09;0.31;344.47;12.06;1246;32;3375.00;183
8410;27;621964910;8410;524;9653;9835;4.96;0.30;344.43;12.11;1243;32;3376.00;182
8411;27;621964925;8411;533;9654;9836;4.96;0.30;344.41;12.11;1243;32;3377.00;182
8414;27;621964939;8414;545;9656;9836;4.90;0.30;344.37;12.22;1242;32;3378.00;180
8416;27;621964953;8416;538;9657;9836;4.87;0.30;344.33;12.27;1241;32;3379.00;179
8418;27;621964966;8418;534;9657;9836;4.87;0.30;344.29;12.27;1239;32;3380.00;179
8421;27;621964980;8421;530;9657;9836;4.88;0.30;344.23;12.27;1236;32;3381.00;179
8425;27;621964994;8425;530;9660;9836;4.85;0.30;344.12;12.43;1235;32;3382.00;176
8425;27;621965008;8425;527;9661;9836;4.86;0.30;344.12;12.48;1236;32;3383.00;175
8426;27;621965021;8426;536;9695;9906;5.07;0.31;344.09;12.49;1269;32;3384.00;211
8431;27;621965042;8431;532;9697;9907;5.02;0.31;343.97;12.49;1266;32;3385.00;210
8434;27;621965056;8434;521;9705;9907;5.04;0.31;343.88;12.48;1271;32;3386.00;202
8434;27;621965070;8434;521;9712;9907;5.01;0.31;343.88;12.57;1278;32;3387.00;195
8438;27;621965084;8438;519;9715;9907;5.02;0.31;343.88;12.57;1277;32;3388.00;192
8439;27;621965098;8439;519;9718;9907;4.99;0.30;343.85;12.67;1279;32;3389.00;189
8440;27;621965114;8440;526;9722;9907;5.00;0.30;343.81;12.72;1282;32;3390.00;185
8441;27;621965128;8441;535;9724;9907;4.97;0.30;343.78;12.77;1283;32;3391.00;183
8444;27;621965141;8444;541;9727;9908;4.92;0.30;343.78;12.77;1283;32;3392.00;181
8446;27;621965154;8446;542;9730;9909;4.87;0.30;343.76;12.77;1284;32;3393.00;179
8448;27;621965168;8448;544;9734;9909;4.81;0.29;343.71;12.86;1286;32;3394.00;175
8451;27;621965182;8451;549;9739;9913;4.72;0.29;343.64;12.86;1288;32;3395.00;174
8453;27;621965197;8453;556;9739;9913;4.60;0.28;343.61;12.86;1286;32;3396.00;174
8455;27;621965210;8455;564;9741;9913;4.52;0.27;343.59;12.96;1286;32;3397.00;172
8458;27;621965224;8458;578;9741;9913;4.43;0.27;343.58;12.96;1283;32;3398.00;172
8460;27;621965237;8460;583;9747;9919;4.39;0.27;343.57;13.05;1287;32;3399.00;172
8464;27;621965252;8464;571;9747;9919;4.30;0.26;343.54;13.05;1283;32;3400.00;172
8465;27;621965270;8465;571;9749;9919;4.23;0.26;343.53;13.14;1284;32;3401.00;170
8468;27;621965283;8468;568;9750;9922;4.18;0.26;343.50;13.14;1282;32;3402.00;172
8471;27;621965296;8471;565;9750;9922;4.14;0.25;343.46;13.14;1279;32;3403.00;172
8473;27;621965310;8473;565;9750;9922;4.11;0.25;343.41;13.14;1277;32;3404.00;172
8475;27;621965323;8475;570;9751;9923;4.06;0.25;343.41;13.14;1276;32;3405.00;172
8479;27;621965337;8479;573;9752;9924;4.07;0.25;343.34;13.14;1273;32;3406.00;172
8481;27;621965351;8481;572;9752;9924;4.07;0.25;343.37;13.14;1271;32;3407.00;172
8483;27;621965364;8483;581;9762;9937;4.14;0.25;343.30;13.12;1279;32;3408.00;175
8485;27;621965378;8485;581;9762;9937;4.13;0.25;343.33;13.12;1277;32;3409.00;175
8487;27;621965392;8487;583;9762;9937;4.09;0.25;343.31;13.12;1275;32;3410.00;175
8488;27;621965405;8488;556;9763;9938;4.09;0.25;343.30;13.13;1275;32;3411.00;175
8490;27;621965418;8490;542;9763;9938;4.08;0.25;343.29;13.13;1273;32;3412.00;175
8491;27;621965431;8491;544;9766;9942;4.16;0.25;343.28;13.12;1275;32;3413.00;176
8493;27;621965445;8493;541;9766;9942;4.19;0.26;343.26;13.12;1273;32;3414.00;176
8500;27;621965459;8500;541;9769;9946;4.20;0.26;343.25;13.12;1269;32;3415.00;177
8505;27;621965475;8505;535;9769;9946;4.23;0.26;343.23;13.12;1264;32;3416.00;177
8505;27;621965489;8505;532;9769;9946;4.29;0.26;343.23;13.12;1264;32;3417.00;177
8512;27;621965508;8512;525;9769;9946;4.27;0.26;343.20;13.12;1257;32;3418.00;177
8513;27;621965523;8513;524;9769;9946;4.29;0.26;343.22;13.12;1256;32;3419.00;177
8517;27;621965538;8517;523;9795;9980;4.44;0.27;343.14;13.08;1278;32;3420.00;185
8519;27;621965555;8519;522;9796;9980;4.50;0.28;343.15;13.08;1277;32;3421.00;184
8521;27;621965570;8521;517;9796;9980;4.53;0.28;343.15;13.08;1275;32;3422.00;184
8524;27;621965584;8524;516;9796;9980;4.54;0.28;343.12;13.08;1272;32;3423.00;184
8525;28;621965599;8525;509;9797;9980;4.59;0.28;343.14;13.08;1272;33;3424.00;183
8530;28;621965626;8530;507;9797;9980;4.59;0.28;343.12;13.08;1267;33;3425.00;183
8530;28;621965648;8530;502;9797;9981;4.60;0.28;343.12;13.08;1267;33;3426.00;184
8533;28;621965669;8533;502;9797;9981;4.49;0.27;343.15;13.08;1264;33;3427.00;184
8536;28;621965690;8536;503;9801;9987;4.45;0.27;343.14;13.08;1265;33;3428.00;186
8540;28;621965712;8540;501;9801;9988;4.42;0.27;343.12;13.08;1261;33;3429.00;187
8543;28;621965733;8543;502;9802;9988;4.38;0.27;343.17;13.08;1259;33;3430.00;186
8546;28;621965760;8546;508;9802;9988;4.35;0.27;343.26;13.08;1256;33;3431.00;186
8549;28;621965777;8549;510;9805;9992;4.38;0.27;343.22;13.08;1256;33;3432.00;187
8552;28;621965793;8552;508;9807;9992;4.37;0.27;343.18;13.13;1255;33;3433.00;185
8557;28;621965808;8557;507;9808;9992;4.37;0.27;343.10;13.14;1251;33;3434.00;184
8560;28;621965824;8560;498;9809;9993;4.35;0.27;343.11;13.13;1249;33;3435.00;184
8563;28;621965840;8563;490;9814;9997;4.37;0.27;343.16;13.13;1251;33;3436.00;183
8565;28;621965856;8565;495;9815;9997;4.39;0.27;343.18;13.13;1250;33;3437.00;182
8569;28;621965871;8569;493;9817;10000;4.42;0.27;343.22;13.13;1248;33;3438.00;183
8570;28;621965886;8570;491;9818;10000;4.43;0.27;343.19;13.13;1248;33;3439.00;182
8572;28;621965901;8572;484;9818;10000;4.42;0.27;343.25;13.13;1246;33;3440.00;182
8574;28;621965916;8574;496;9819;10000;4.39;0.27;343.28;13.13;1245;33;3441.00;181
8577;28;621965931;8577;495;9823;10004;4.39;0.27;343.33;13.13;1246;33;3442.00;181
8580;28;621965949;8580;497;9823;10004;4.35;0.27;343.46;13.13;1243;33;3443.00;181
8585;28;621965966;8585;492;9823;10004;4.27;0.26;343.40;13.13;1238;33;3444.00;181
8589;28;621965982;8589;501;9824;10004;4.22;0.26;343.44;13.13;1235;33;3445.00;180
8590;28;621966004;8590;504;9825;10005;4.19;0.26;343.48;13.12;1235;33;3446.00;180
8592;28;621966022;8592;495;9826;10006;4.18;0.26;343.56;13.12;1234;33;3447.00;180
8597;28;621966037;8597;498;9827;10006;4.18;0.26;343.68;13.18;1230;33;3448.00;179
8597;28;621966052;8597;489;9828;10007;4.22;0.26;343.68;13.18;1231;33;3449.00;179
8600;28;621966068;8600;484;9828;10007;4.22;0.26;343.74;13.18;1228;33;3450.00;179
8603;28;621966084;8603;476;9828;10007;4.20;0.26;343.78;13.18;1225;33;3451.00;179
8606;28;621966099;8606;469;9829;10007;4.20;0.26;343.80;13.24;1223;33;3452.00;178
8608;28;621966113;8608;472;9829;10007;4.22;0.26;343.88;13.24;1221;33;3453.00;178
8611;28;621966129;8611;464;9829;10007;4.32;0.26;344.04;13.24;1218;33;3454.00;178
8613;28;621966144;8613;474;9829;10007;4.36;0.27;344.12;13.24;1216;33;3455.00;178
8616;28;621966158;8616;480;9902;10134;4.69;0.29;344.30;13.14;1286;33;3456.00;232
8618;28;621966188;8618;462;9904;10135;4.75;0.30;344.29;13.14;1286;33;3457.00;231
8620;28;621966210;8620;451;9912;10135;4.85;0.30;344.36;13.13;1292;33;3458.00;223
8624;28;621966232;8624;437;9914;10135;4.95;0.31;344.48;13.12;1290;33;3459.00;221
8627;28;621966248;8627;430;9920;10135;5.01;0.31;344.55;13.18;1293;33;3460.00;215
8629;28;621966265;8629;431;9921;10135;5.06;0.31;344.59;13.18;1292;33;3461.00;214
8631;28;621966282;8631;434;9923;10135;5.15;0.32;344.61;13.17;1292;33;3462.00;212
8634;28;621966299;8634;432;9926;10135;5.16;0.32;344.75;13.17;1292;33;3463.00;209
8636;28;621966315;8636;426;9929;10136;5.18;0.32;344.80;13.17;1293;33;3464.00;207
8638;28;621966332;8638;432;9935;10138;5.17;0.32;344.78;13.17;1297;33;3465.00;203
8641;28;621966350;8641;443;9939;10138;5.10;0.31;344.89;13.22;1298;33;3466.00;199
8643;28;621966366;8643;430;9942;10139;5.09;0.31;344.99;13.22;1299;33;3467.00;197
8645;28;621966383;8645;429;9944;10139;5.09;0.31;345.02;13.22;1299;33;3468.00;195
8649;28;621966400;8649;429;9946;10139;5.12;0.31;344.98;13.22;1297;33;3469.00;193
8650;28;621966418;8650;431;9946;10139;5.16;0.32;345.04;13.22;1296;33;3470.00;193
8654;28;621966434;8654;436;9952;10143;5.19;0.32;345.08;13.28;1298;33;3471.00;191
8656;28;621966453;8656;432;9952;10143;5.23;0.32;345.06;13.28;1296;33;3472.00;191
8659;28;621966470;8659;442;9953;10143;5.23;0.32;345.13;13.28;1294;33;3473.00;190
8662;28;621966487;8662;426;9956;10146;5.24;0.32;345.17;13.27;1294;33;3474.00;190
8665;28;621966504;8665;426;9956;10146;5.27;0.32;345.26;13.27;1291;33;3475.00;190
8670;28;621966521;8670;429;9956;10146;5.32;0.32;345.43;13.27;1286;33;3476.00;190
8672;28;621966536;8672;423;9959;10150;5.35;0.33;345.56;13.27;1287;33;3477.00;191
8676;28;621966554;8676;429;9962;10151;5.35;0.33;345.62;13.33;1286;33;3478.00;189
8677;28;621966571;8677;427;9963;10151;5.39;0.33;345.65;13.33;1286;33;3479.00;188
8678;28;621966591;8678;432;9968;10156;5.45;0.33;345.69;13.33;1290;33;3480.00;188
8681;28;621966609;8681;437;9969;10156;5.46;0.33;345.74;13.32;1288;33;3481.00;187
8681;28;621966633;8681;439;9969;10156;5.49;0.33;345.74;13.32;1288;33;3482.00;187
8682;28;621966652;8682;446;9970;10157;5.49;0.33;345.73;13.32;1288;33;3483.00;187
8683;28;621966669;8683;443;9970;10157;5.48;0.33;345.75;13.32;1287;33;3484.00;187
8685;28;621966696;8685;454;9975;10163;5.52;0.34;345.72;13.32;1290;33;3485.00;188
8687;28;621966735;8687;445;9975;10163;5.54;0.34;345.72;13.32;1288;33;3486.00;188
8689;28;621966768;8689;452;9975;10164;5.55;0.34;345.77;13.32;1286;33;3487.00;189
8690;28;621966788;8690;456;9975;10164;5.56;0.34;345.76;13.32;1285;33;3488.00;189
8695;28;621966806;8695;457;9975;10164;5.52;0.34;345.74;13.32;1280;33;3489.00;189
8695;28;621966824;8695;445;9975;10164;5.53;0.34;345.74;13.32;1280;33;3490.00;189
8696;28;621966843;8696;449;9975;10164;5.53;0.34;345.73;13.32;1279;33;3491.00;189
8696;28;621966862;8696;439;9985;10176;5.57;0.34;345.73;13.30;1289;33;3492.00;191
8697;28;621966881;8697;428;9985;10176;5.55;0.34;345.71;13.30;1288;33;3493.00;191
8697;28;621966900;8697;415;9986;10176;5.59;0.34;345.71;13.30;1289;33;3494.00;190
8702;28;621966918;8702;415;9986;10176;5.57;0.34;345.73;13.30;1284;33;3495.00;190
8706;28;621966935;8706;413;9986;10176;5.60;0.34;345.85;13.30;1280;33;3496.00;190
8709;28;621966953;8709;407;9986;10176;5.61;0.34;345.87;13.30;1277;33;3497.00;190
8710;28;621966977;8710;408;9989;10180;5.63;0.34;345.89;13.30;1279;33;3498.00;191
8712;28;621967000;8712;402;9990;10180;5.62;0.34;345.92;13.36;1278;33;3499.00;190
8713;28;621967019;8713;395;9994;10184;5.67;0.34;346.00;13.35;1281;33;3500.00;190
8714;28;621967040;8714;386;9995;10185;5.67;0.34;346.00;13.35;1281;33;3501.00;190
8718;28;621967059;8718;387;9995;10185;5.66;0.34;346.05;13.35;1277;33;3502.00;190
8720;28;621967078;8720;384;9995;10185;5.63;0.34;346.14;13.35;1275;33;3503.00;190
8725;28;621967096;8725;396;10006;10198;5.60;0.34;346.36;13.34;1281;33;3504.00;192
8728;28;621967113;8728;392;10008;10198;5.64;0.34;346.44;13.45;1280;33;3505.00;190
8732;28;621967133;8732;396;10008;10198;5.66;0.34;346.47;13.45;1276;33;3506.00;190
8735;28;621967150;8735;394;10009;10199;5.68;0.35;346.45;13.45;1274;33;3507.00;190
8739;28;621967167;8739;389;10009;10200;5.70;0.35;346.52;13.45;1270;33;3508.00;191
8742;28;621967183;8742;384;10009;10200;5.70;0.35;346.55;13.45;1267;33;3509.00;191
8746;28;621967202;8746;385;10013;10206;5.72;0.35;346.60;13.44;1267;33;3510.00;193
8750;28;621967220;8750;383;10014;10206;5.68;0.35;346.70;13.44;1264;33;3511.00;192
8753;28;621967237;8753;383;10015;10206;5.66;0.34;346.66;13.44;1262;33;3512.00;191
8758;28;621967255;8758;385;10015;10206;5.66;0.34;346.97;13.44;1257;33;3513.00;191
8764;28;621967273;8764;386;10020;10212;5.62;0.34;347.05;13.43;1256;33;3514.00;192
8765;28;621967290;8765;388;10020;10212;5.59;0.34;347.05;13.43;1255;33;3515.00;192
8768;28;621967308;8768;388;10020;10212;5.54;0.34;347.11;13.43;1252;33;3516.00;192
8770;28;621967325;8770;400;10020;10212;5.46;0.33;347.11;13.43;1250;33;3517.00;192
8773;28;621967343;8773;405;10023;10216;5.38;0.33;347.24;13.43;1250;33;3518.00;193
8774;28;621967361;8774;414;10026;10219;5.41;0.33;347.34;13.43;1252;33;3519.00;193
8778;28;621967377;8778;410;10026;10219;5.40;0.33;347.53;13.43;1248;33;3520.00;193
8781;28;621967393;8781;413;10027;10220;5.38;0.33;347.54;13.42;1246;33;3521.00;193
8784;28;621967417;8784;414;10027;10220;5.39;0.33;347.66;13.42;1243;33;3522.00;193
8785;28;621967433;8785;417;10027;10220;5.36;0.33;347.64;13.42;1242;33;3523.00;193
8788;28;621967449;8788;423;10027;10220;5.25;0.32;347.84;13.42;1239;33;3524.00;193
8792;28;621967467;8792;422;10027;10220;5.18;0.31;347.87;13.42;1235;33;3525.00;193
8792;28;621967482;8792;427;10027;10220;5.11;0.31;347.87;13.42;1235;33;3526.00;193
8793;28;621967507;8793;440;10027;10220;5.07;0.31;347.86;13.42;1234;33;3527.00;193
8794;28;621967523;8794;449;10062;10290;5.25;0.32;347.86;13.38;1268;33;3528.00;228
8798;28;621967544;8798;455;10064;10291;5.19;0.32;347.93;13.38;1266;33;3529.00;227
8799;28;621967559;8799;467;10074;10291;5.20;0.32;347.93;13.42;1275;33;3530.00;217
8800;28;621967575;8800;471;10077;10291;5.14;0.31;348.01;13.42;1277;33;3531.00;214
8804;28;621967591;8804;476;10081;10291;5.11;0.31;348.09;13.47;1277;33;3532.00;210
8806;28;621967607;8806;485;10084;10291;5.05;0.31;348.05;13.47;1278;33;3533.00;207
8809;28;621967623;8809;481;10087;10291;5.02;0.31;348.00;13.47;1278;33;3534.00;204
8812;28;621967638;8812;492;10090;10291;4.98;0.30;347.93;13.52;1278;33;3535.00;201
8814;28;621967660;8814;497;10091;10292;4.99;0.30;347.97;13.52;1277;33;3536.00;201
8815;28;621967684;8815;500;10095;10293;4.96;0.30;347.93;13.58;1280;33;3537.00;198
8817;28;621967716;8817;509;10097;10293;4.96;0.30;347.88;13.58;1280;33;3538.00;196
8820;28;621967740;8820;513;10101;10297;4.90;0.30;347.89;13.57;1281;33;3539.00;196
8821;28;621967765;8821;521;10103;10297;4.81;0.29;347.88;13.63;1282;33;3540.00;194
8825;28;621967785;8825;531;10103;10297;4.75;0.29;347.79;13.63;1278;33;3541.00;194
8826;28;621967804;8826;527;10103;10297;4.69;0.29;347.76;13.63;1277;33;3542.00;194
8829;28;621967826;8829;530;10111;10303;4.69;0.29;347.88;13.78;1282;33;3543.00;192
8831;28;621967846;8831;535;10111;10303;4.64;0.28;347.88;13.78;1280;33;3544.00;192
8836;28;621967864;8836;548;10113;10303;4.54;0.28;347.84;13.89;1277;33;3545.00;190
8838;28;621967882;8838;556;10116;10306;4.50;0.27;347.83;13.89;1278;33;3546.00;190
8838;28;621967904;8838;560;10116;10306;4.44;0.27;347.83;13.89;1278;33;3547.00;190
8839;28;621967921;8839;573;10118;10306;4.34;0.27;347.80;14.00;1279;33;3548.00;188
8842;28;621967939;8842;578;10118;10307;4.25;0.26;347.82;14.00;1276;33;3549.00;189
8843;28;621967956;8843;585;10119;10308;4.22;0.26;347.80;14.00;1276;33;3550.00;189
8844;28;621967973;8844;585;10120;10308;4.12;0.25;347.76;14.05;1276;33;3551.00;188
8846;28;621967988;8846;593;10131;10321;4.12;0.25;347.79;14.04;1285;33;3552.00;190
8846;28;621968011;8846;595;10131;10321;4.11;0.25;347.79;14.04;1285;33;3553.00;190
8847;28;621968026;8847;600;10131;10321;4.12;0.25;347.83;14.04;1284;33;3554.00;190
8849;28;621968041;8849;610;10133;10323;4.12;0.25;347.77;14.03;1284;33;3555.00;190
8850;28;621968056;8850;614;10133;10323;4.13;0.25;347.74;14.03;1283;33;3556.00;190
8855;28;621968071;8855;615;10137;10327;4.15;0.25;347.69;14.03;1282;33;3557.00;190
8856;28;621968092;8856;621;10137;10327;4.16;0.25;347.72;14.03;1281;33;3558.00;190
8857;28;621968107;8857;624;10140;10331;4.18;0.25;347.69;14.02;1283;33;3559.00;191
8860;28;621968131;8860;626;10140;10331;4.14;0.25;347.64;14.02;1280;33;3560.00;191
8860;28;621968146;8860;623;10140;10331;4.14;0.25;347.64;14.02;1280;33;3561.00;191
8863;28;621968161;8863;623;10140;10331;4.07;0.25;347.61;14.02;1277;33;3562.00;191
8867;28;621968176;8867;608;10140;10331;4.01;0.24;347.54;14.02;1273;33;3563.00;191
8869;28;621968192;8869;603;10149;10343;4.07;0.25;347.55;14.01;1280;33;3564.00;194
8870;28;621968213;8870;592;10149;10343;4.08;0.25;347.54;14.01;1279;33;3565.00;194
8872;28;621968230;8872;586;10151;10343;4.11;0.25;347.57;14.01;1279;33;3566.00;192
8875;28;621968247;8875;593;10151;10343;4.05;0.25;347.60;14.01;1276;33;3567.00;192
8875;28;621968264;8875;588;10151;10343;4.00;0.24;347.60;14.01;1276;33;3568.00;192
8876;28;621968281;8876;588;10151;10343;3.99;0.24;347.58;14.01;1275;33;3569.00;192
8878;28;621968302;8878;578;10151;10344;4.00;0.24;347.56;14.01;1273;33;3570.00;193
8880;28;621968324;8880;568;10151;10344;4.03;0.24;347.61;14.01;1271;33;3571.00;193
8883;28;621968340;8883;564;10156;10350;4.10;0.25;347.56;14.00;1273;33;3572.00;194
8886;28;621968356;8886;558;10157;10351;4.15;0.25;347.52;14.00;1271;33;3573.00;194
8886;28;621968373;8886;556;10157;10351;4.21;0.26;347.52;14.00;1271;33;3574.00;194
8890;28;621968393;8890;550;10157;10351;4.23;0.26;347.60;14.00;1267;33;3575.00;194
8894;28;621968413;8894;545;10160;10355;4.33;0.26;347.62;14.00;1266;33;3576.00;195
8894;28;621968433;8894;535;10160;10355;4.38;0.27;347.62;14.00;1266;33;3577.00;195
8897;28;621968459;8897;534;10160;10355;4.40;0.27;347.63;14.00;1263;33;3578.00;195
8898;28;621968477;8898;524;10161;10356;4.41;0.27;347.61;14.00;1263;33;3579.00;195
8900;28;621968503;8900;520;10164;10360;4.37;0.27;347.63;13.99;1264;33;3580.00;196
8902;28;621968519;8902;515;10164;10360;4.38;0.27;347.65;13.99;1262;33;3581.00;196
8902;28;621968538;8902;504;10167;10363;4.41;0.27;347.65;13.99;1265;33;3582.00;196
8905;28;621968555;8905;498;10167;10363;4.42;0.27;347.69;13.99;1262;33;3583.00;196
8910;28;621968573;8910;492;10167;10363;4.39;0.27;347.73;13.99;1257;33;3584.00;196
8911;28;621968591;8911;486;10167;10363;4.45;0.27;347.71;13.99;1256;33;3585.00;196
8917;28;621968614;8917;478;10171;10367;4.52;0.28;347.76;13.98;1254;33;3586.00;196
8921;28;621968632;8921;477;10171;10367;4.57;0.28;347.92;13.98;1250;33;3587.00;196
8922;28;621968653;8922;468;10171;10367;4.63;0.28;347.89;13.98;1249;33;3588.00;196
8929;28;621968672;8929;461;10171;10367;4.61;0.28;348.18;13.98;1242;33;3589.00;196
8933;28;621968697;8933;455;10171;10368;4.63;0.28;348.20;13.98;1238;33;3590.00;197
8936;28;621968713;8936;447;10173;10369;4.68;0.28;348.34;14.05;1237;33;3591.00;196
8939;28;621968729;8939;447;10173;10369;4.69;0.29;348.30;14.05;1234;33;3592.00;196
8941;28;621968745;8941;429;10174;10370;4.74;0.29;348.32;14.05;1233;33;3593.00;196
8942;28;621968761;8942;434;10174;10370;4.79;0.29;348.33;14.05;1232;33;3594.00;196
8946;28;621968778;8946;425;10174;10370;4.78;0.29;348.43;14.05;1228;33;3595.00;196
8950;28;621968794;8950;419;10174;10370;4.77;0.29;348.50;14.05;1224;33;3596.00;196
8954;28;621968813;8954;417;10174;10370;4.80;0.29;348.45;14.05;1220;33;3597.00;196
8957;28;621968830;8957;420;10174;10370;4.85;0.30;348.45;14.05;1217;33;3598.00;196
8963;28;621968847;8963;422;10174;10370;4.89;0.30;348.57;14.05;1211;33;3599.00;196
8969;28;621968868;8969;458;10285;10623;5.22;0.33;348.69;13.90;1316;33;3600.00;338
8972;28;621968915;8972;459;10292;10624;5.26;0.33;348.74;13.89;1320;33;3601.00;332
8973;28;621968933;8973;444;10304;10624;5.31;0.33;348.73;13.87;1331;33;3602.00;320
8978;28;621968949;8978;437;10313;10624;5.33;0.33;348.78;13.86;1335;33;3603.00;311
8984;28;621968966;8984;431;10320;10624;5.34;0.33;348.85;13.86;1336;33;3604.00;304
8986;28;621968982;8986;422;10326;10624;5.33;0.33;348.87;13.85;1340;33;3605.00;298
8987;28;621968999;8987;420;10332;10624;5.33;0.33;348.92;13.85;1345;33;3606.00;292
8989;28;621969022;8989;418;10339;10624;5.33;0.33;348.94;13.84;1350;33;3607.00;285
8993;28;621969038;8993;422;10346;10625;5.26;0.33;349.08;13.84;1353;33;3608.00;279
8998;28;621969056;8998;433;10349;10626;5.20;0.33;349.23;13.84;1351;33;3609.00;277
9002;28;621969073;9002;439;10357;10626;5.12;0.32;349.26;13.91;1355;33;3610.00;269
9005;28;621969101;9005;439;10357;10627;5.06;0.32;349.23;13.91;1352;33;3611.00;270
9010;28;621969119;9010;450;10360;10627;4.95;0.31;349.22;13.90;1350;33;3612.00;267
9014;28;621969138;9014;458;10363;10627;4.86;0.30;349.27;13.90;1349;33;3613.00;264
9016;28;621969157;9016;465;10364;10627;4.79;0.30;349.26;13.90;1348;33;3614.00;263
9018;28;621969176;9018;478;10370;10631;4.74;0.29;349.30;13.90;1352;33;3615.00;261
9020;28;621969199;9020;488;10371;10631;4.73;0.29;349.32;13.90;1351;33;3616.00;260
9024;28;621969220;9024;487;10372;10631;4.71;0.29;349.41;13.90;1348;33;3617.00;259
9026;28;621969246;9026;483;10374;10634;4.71;0.29;349.45;13.90;1348;33;3618.00;260
9030;28;621969275;9030;484;10377;10634;4.70;0.29;349.52;13.90;1347;33;3619.00;257
9033;28;621969292;9033;483;10377;10634;4.69;0.29;349.59;13.90;1344;33;3620.00;257
9036;28;621969322;9036;494;10381;10638;4.72;0.29;349.67;13.90;1345;33;3621.00;257
9039;28;621969340;9039;494;10381;10639;4.75;0.29;349.76;13.90;1342;33;3622.00;258
9042;28;621969364;9042;497;10382;10639;4.78;0.29;349.80;13.90;1340;33;3623.00;257
9045;28;621969382;9045;506;10383;10643;4.79;0.30;349.79;13.90;1338;33;3624.00;260
9047;28;621969405;9047;506;10385;10643;4.87;0.30;349.87;13.98;1338;33;3625.00;258
9050;28;621969423;9050;491;10385;10643;4.93;0.30;349.84;13.98;1335;33;3626.00;258
9053;28;621969442;9053;473;10386;10644;4.96;0.30;350.08;13.98;1333;33;3627.00;258
9054;28;621969460;9054;476;10388;10644;4.99;0.31;350.14;13.98;1334;33;3628.00;256
9055;28;621969478;9055;468;10391;10650;5.06;0.31;350.12;13.97;1336;33;3629.00;259
9058;28;621969510;9058;463;10393;10650;5.08;0.31;350.13;13.98;1335;33;3630.00;257
9061;28;621969531;9061;459;10397;10651;5.08;0.31;350.11;13.98;1336;33;3631.00;254
9065;28;621969550;9065;462;10399;10651;5.08;0.31;350.17;14.05;1334;33;3632.00;252
9067;28;621969569;9067;465;10400;10651;5.10;0.31;350.29;14.05;1333;33;3633.00;251
9069;28;621969588;9069;475;10401;10651;5.08;0.31;350.37;14.05;1332;33;3634.00;250
9071;28;621969605;9071;480;10403;10651;5.06;0.31;350.41;14.05;1332;33;3635.00;248
9073;28;621969623;9073;480;10412;10663;4.99;0.31;350.50;14.05;1339;33;3636.00;251
9075;28;621969645;9075;486;10414;10663;4.99;0.31;350.51;14.05;1339;33;3637.00;249
9078;28;621969670;9078;496;10417;10663;4.97;0.30;350.54;14.12;1339;33;3638.00;246
9080;28;621969699;9080;485;10418;10663;4.97;0.30;350.59;14.12;1338;33;3639.00;245
9085;28;621969727;9085;479;10420;10663;5.00;0.31;350.63;14.11;1335;33;3640.00;243
9090;28;621969751;9090;479;10421;10663;5.00;0.31;350.79;14.11;1331;33;3641.00;242
9094;28;621969776;9094;475;10424;10667;4.99;0.31;350.70;14.11;1330;34;3642.00;243
9098;28;621969813;9098;476;10426;10667;5.03;0.31;350.87;14.18;1328;34;3643.00;241
9103;28;621969836;9103;474;10430;10671;5.10;0.31;350.91;14.17;1327;34;3644.00;241
9105;28;621969859;9105;476;10433;10673;5.16;0.32;351.01;14.17;1328;34;3645.00;240
9109;28;621969881;9109;475;10433;10673;5.23;0.32;351.08;14.17;1324;34;3646.00;240
9112;28;621969902;9112;484;10433;10673;5.25;0.32;351.10;14.17;1321;34;3647.00;240
9115;28;621969926;9115;482;10442;10686;5.30;0.32;351.14;14.16;1327;34;3648.00;244
9116;28;621969953;9116;472;10442;10686;5.31;0.32;351.16;14.16;1326;34;3649.00;244
9118;28;621969977;9118;472;10442;10686;5.32;0.32;351.19;14.16;1324;34;3650.00;244
9120;28;621969996;9120;465;10443;10687;5.30;0.32;351.24;14.16;1323;34;3651.00;244
9122;28;621970018;9122;463;10443;10688;5.29;0.32;351.23;14.16;1321;34;3652.00;245
9125;28;621970039;9125;465;10443;10688;5.25;0.32;351.26;14.16;1318;34;3653.00;245
9128;28;621970071;9128;466;10445;10691;5.22;0.32;351.29;14.15;1317;34;3654.00;246
9128;28;621970097;9128;472;10445;10691;5.19;0.32;351.29;14.15;1317;34;3655.00;246
9129;28;621970116;9129;483;10446;10691;5.16;0.32;351.34;14.15;1317;34;3656.00;245
9136;28;621970135;9136;487;10446;10691;5.05;0.31;351.49;14.15;1310;34;3657.00;245
9138;28;621970156;9138;490;10451;10697;5.04;0.31;351.51;14.15;1313;34;3658.00;246
9139;28;621970177;9139;484;10451;10697;4.99;0.30;351.54;14.15;1312;34;3659.00;246
9139;28;621970201;9139;484;10451;10697;5.00;0.31;351.54;14.15;1312;34;3660.00;246
9141;28;621970221;9141;481;10451;10697;4.97;0.30;351.51;14.15;1310;34;3661.00;246
9143;28;621970241;9143;478;10454;10701;4.98;0.30;351.54;14.14;1311;34;3662.00;247
9145;28;621970265;9145;480;10455;10702;5.00;0.31;351.58;14.14;1310;34;3663.00;247
9145;28;621970288;9145;477;10455;10702;5.03;0.31;351.58;14.14;1310;34;3664.00;247
9147;28;621970304;9147;479;10456;10703;5.02;0.31;351.58;14.14;1309;34;3665.00;247
9151;28;621970320;9151;483;10456;10703;4.99;0.31;351.74;14.14;1305;34;3666.00;247
9154;28;621970335;9154;491;10456;10703;4.96;0.30;351.85;14.14;1302;34;3667.00;247
9156;28;621970352;9156;492;10456;10703;4.92;0.30;351.90;14.14;1300;34;3668.00;247
9160;28;621970368;9160;494;10457;10703;4.87;0.30;352.03;14.14;1297;34;3669.00;246
9164;28;621970383;9164;491;10457;10703;4.83;0.30;352.14;14.14;1293;34;3670.00;246
9169;28;621970399;9169;484;10457;10703;4.76;0.29;352.19;14.14;1288;34;3671.00;246
9172;28;621970414;9172;486;10486;10773;4.80;0.29;352.19;14.11;1314;34;3672.00;287
9177;28;621970437;9177;477;10488;10774;4.76;0.29;352.25;14.10;1311;34;3673.00;286
9179;28;621970454;9179;470;10493;10774;4.80;0.29;352.27;14.10;1314;34;3674.00;281
9181;28;621970469;9181;469;10500;10774;4.81;0.29;352.29;14.22;1319;34;3675.00;274
9182;28;621970489;9182;456;10503;10774;4.83;0.30;352.31;14.22;1321;34;3676.00;271
9186;28;621970505;9186;460;10505;10774;4.81;0.29;352.40;14.22;1319;34;3677.00;269
9189;28;621970520;9189;449;10506;10774;4.81;0.29;352.39;14.22;1317;34;3678.00;268
9192;28;621970536;9192;449;10509;10774;4.81;0.29;352.43;14.22;1317;34;3679.00;265
9196;28;621970552;9196;454;10510;10775;4.78;0.29;352.42;14.22;1314;34;3680.00;265
9200;28;621970568;9200;456;10515;10776;4.78;0.29;352.38;14.21;1315;34;3681.00;261
9200;28;621970585;9200;454;10518;10776;4.80;0.29;352.38;14.21;1318;34;3682.00;258
9202;28;621970602;9202;457;10523;10780;4.80;0.29;352.35;14.21;1321;34;3683.00;257
9204;28;621970618;9204;452;10525;10780;4.77;0.29;352.29;14.21;1321;34;3684.00;255
9205;28;621970633;9205;466;10526;10780;4.78;0.29;352.26;14.21;1321;34;3685.00;254
9207;28;621970650;9207;465;10526;10780;4.79;0.29;352.27;14.21;1319;34;3686.00;254
9208;28;621970667;9208;467;10531;10786;4.84;0.30;352.25;14.21;1323;34;3687.00;255
9211;28;621970693;9211;478;10531;10786;4.82;0.29;352.34;14.21;1320;34;3688.00;255
9216;28;621970711;9216;476;10531;10786;4.78;0.29;352.30;14.21;1315;34;3689.00;255
9217;28;621970733;9217;486;10535;10792;4.81;0.29;352.37;14.20;1318;34;3690.00;257
9218;28;621970749;9218;491;10537;10792;4.79;0.29;352.34;14.21;1319;34;3691.00;255
9220;28;621970765;9220;487;10539;10792;4.77;0.29;352.42;14.21;1319;34;3692.00;253
9221;28;621970779;9221;500;10541;10793;4.72;0.29;352.39;14.22;1320;34;3693.00;252
9227;28;621970795;9227;505;10542;10794;4.62;0.28;352.35;14.22;1315;34;3694.00;252
9228;28;621970811;9228;513;10544;10794;4.56;0.28;352.31;14.22;1316;34;3695.00;250
9230;28;621970826;9230;520;10552;10807;4.57;0.28;352.36;14.21;1322;34;3696.00;255
9235;28;621970843;9235;520;10554;10807;4.49;0.27;352.25;14.22;1319;34;3697.00;253
9237;28;621970858;9237;523;10555;10807;4.51;0.27;352.19;14.22;1318;34;3698.00;252
9237;28;621970872;9237;525;10557;10808;4.54;0.28;352.19;14.23;1320;34;3699.00;251
9240;28;621970888;9240;534;10558;10808;4.49;0.27;352.16;14.29;1318;34;3700.00;250
9243;28;621970907;9243;534;10563;10812;4.49;0.27;352.13;14.29;1320;34;3701.00;249
9247;28;621970922;9247;544;10563;10812;4.42;0.27;352.01;14.29;1316;34;3702.00;249
9248;28;621970938;9248;550;10568;10816;4.37;0.27;352.06;14.36;1320;34;3703.00;248
9249;28;621970952;9249;555;10569;10816;4.38;0.27;352.13;14.37;1320;34;3704.00;247
9251;28;621970967;9251;551;10570;10816;4.32;0.26;352.09;14.43;1319;34;3705.00;246
9252;28;621970981;9252;548;10571;10816;4.33;0.26;352.05;14.50;1319;34;3706.00;245
9255;28;621970995;9255;552;10572;10816;4.29;0.26;351.99;14.50;1317;34;3707.00;244
9255;28;621971011;9255;567;10582;10828;4.36;0.27;351.99;14.49;1327;34;3708.00;246
9258;28;621971026;9258;570;10582;10828;4.32;0.26;351.91;14.49;1324;34;3709.00;246
9260;28;621971040;9260;572;10583;10828;4.30;0.26;351.87;14.49;1323;34;3710.00;245
9261;28;621971055;9261;579;10583;10828;4.30;0.26;351.92;14.49;1322;34;3711.00;245
9262;28;621971069;9262;587;10583;10828;4.32;0.26;351.90;14.49;1321;34;3712.00;245
9266;28;621971083;9266;601;10586;10828;4.26;0.26;351.92;14.57;1320;34;3713.00;242
9266;28;621971098;9266;602;10586;10829;4.26;0.26;351.92;14.57;1320;34;3714.00;243
9267;28;621971111;9267;595;10587;10829;4.21;0.26;351.89;14.57;1320;34;3715.00;242
9267;28;621971125;9267;592;10593;10835;4.20;0.26;351.89;14.57;1326;34;3716.00;242
9268;28;621971140;9268;594;10595;10836;4.19;0.26;351.88;14.63;1327;34;3717.00;241
9269;28;621971154;9269;590;10596;10836;4.18;0.25;351.86;14.63;1327;34;3718.00;240
9269;28;621971168;9269;581;10598;10836;4.18;0.25;351.86;14.70;1329;34;3719.00;238
9271;28;621971184;9271;570;10601;10841;4.20;0.26;351.80;14.69;1330;34;3720.00;240
9271;28;621971199;9271;559;10605;10841;4.22;0.26;351.80;14.89;1334;34;3721.00;236
9272;28;621971224;9272;557;10605;10841;4.25;0.26;351.78;14.89;1333;34;3722.00;236
9272;28;621971238;9272;550;10607;10842;4.32;0.26;351.78;14.95;1335;34;3723.00;235
9273;28;621971253;9273;548;10610;10846;4.38;0.27;351.76;14.95;1337;34;3724.00;236
9275;28;621971273;9275;545;10612;10846;4.43;0.27;351.73;15.01;1337;34;3725.00;234
9275;28;621971293;9275;552;10614;10849;4.46;0.27;351.73;15.01;1339;34;3726.00;235
9277;28;621971308;9277;552;10615;10849;4.52;0.28;351.79;15.01;1338;34;3727.00;234
9280;28;621971323;9280;555;10615;10849;4.56;0.28;351.77;15.01;1335;34;3728.00;234
9282;28;621971337;9282;557;10615;10849;4.63;0.28;351.75;15.01;1333;34;3729.00;234
9286;28;621971352;9286;554;10620;10853;4.67;0.28;351.67;15.06;1334;34;3730.00;233
9287;28;621971368;9287;558;10620;10853;4.70;0.29;351.65;15.06;1333;34;3731.00;233
9288;28;621971382;9288;543;10621;10853;4.72;0.29;351.67;15.13;1333;34;3732.00;232
9289;28;621971397;9289;542;10621;10853;4.68;0.28;351.66;15.13;1332;34;3733.00;232
9290;28;621971411;9290;539;10622;10854;4.66;0.28;351.67;15.19;1332;34;3734.00;232
9292;28;621971425;9292;542;10625;10856;4.67;0.28;351.66;15.25;1333;34;3735.00;231
9294;28;621971442;9294;536;10625;10856;4.62;0.28;351.65;15.25;1331;34;3736.00;231
9300;28;621971457;9300;540;10627;10857;4.56;0.28;351.78;15.31;1327;34;3737.00;230
9301;28;621971473;9301;543;10627;10857;4.54;0.28;351.78;15.31;1326;34;3738.00;230
9306;28;621971486;9306;548;10627;10857;4.44;0.27;351.80;15.31;1321;34;3739.00;230
9308;28;621971501;9308;540;10627;10857;4.40;0.27;351.81;15.31;1319;34;3740.00;230
9312;28;621971514;9312;540;10627;10857;4.35;0.26;351.86;15.31;1315;34;3741.00;230
9317;28;621971528;9317;538;10627;10857;4.30;0.26;351.82;15.31;1310;34;3742.00;230
9322;28;621971542;9322;534;10627;10857;4.26;0.26;351.92;15.31;1305;34;3743.00;230
9325;28;621971555;9325;547;10688;10984;4.57;0.28;351.88;15.22;1363;34;3744.00;296
9327;28;621971582;9327;540;10691;10985;4.59;0.28;351.90;15.22;1364;34;3745.00;294
9331;28;621971597;9331;528;10701;10985;4.67;0.29;351.93;15.21;1370;34;3746.00;284
9332;28;621971611;9332;516;10708;10985;4.72;0.29;352.04;15.20;1376;34;3747.00;277
9334;28;621971626;9334;507;10715;10985;4.74;0.29;352.10;15.19;1381;34;3748.00;270
9339;28;621971640;9339;500;10718;10985;4.72;0.29;352.25;15.19;1379;34;3749.00;267
9342;28;621971660;9342;498;10725;10990;4.65;0.29;352.27;15.18;1383;34;3750.00;265
9344;28;621971685;9344;494;10726;10990;4.60;0.28;352.38;15.18;1382;34;3751.00;264
9349;28;621971708;9349;480;10729;10991;4.55;0.28;352.59;15.18;1380;34;3752.00;262
9349;28;621971731;9349;486;10730;10992;4.58;0.28;352.59;15.18;1381;34;3753.00;262
9352;28;621971755;9352;484;10732;10992;4.63;0.29;352.71;15.18;1380;34;3754.00;260
9357;28;621971777;9357;479;10738;10993;4.67;0.29;352.73;15.17;1381;34;3755.00;255
9360;28;621971796;9360;490;10739;10993;4.68;0.29;352.83;15.17;1379;34;3756.00;254
9362;28;621971821;9362;482;10741;10993;4.71;0.29;352.82;15.17;1379;34;3757.00;252
9368;28;621971836;9368;482;10743;10993;4.72;0.29;352.96;15.17;1375;34;3758.00;250
9373;28;621971853;9373;480;10745;10997;4.74;0.29;353.02;15.17;1372;34;3759.00;252
9374;28;621971869;9374;476;10747;10997;4.76;0.29;353.03;15.17;1373;34;3760.00;250
9381;28;621971885;9381;480;10747;10997;4.74;0.29;353.30;15.17;1366;34;3761.00;250
9386;28;621971901;9386;491;10747;11000;4.76;0.29;353.42;15.17;1361;34;3762.00;253
9389;28;621971918;9389;489;10749;11000;4.78;0.29;353.42;15.17;1360;34;3763.00;251
9396;28;621971934;9396;483;10750;11000;4.80;0.29;353.56;15.17;1354;34;3764.00;250
9397;28;621971949;9397;476;10753;11004;4.85;0.30;353.57;15.17;1356;34;3765.00;251
9400;28;621971966;9400;480;10754;11005;4.91;0.30;353.60;15.16;1354;34;3766.00;251
9404;28;621971982;9404;488;10755;11005;4.91;0.30;353.57;15.17;1351;34;3767.00;250
9411;28;621971998;9411;483;10756;11009;4.89;0.30;353.55;15.16;1345;34;3768.00;253
9417;28;621972014;9417;479;10756;11009;4.88;0.30;353.47;15.16;1339;34;3769.00;253
9421;28;621972030;9421;474;10758;11009;4.89;0.30;353.48;15.16;1337;34;3770.00;251
9422;28;621972057;9422;484;10758;11010;4.91;0.30;353.55;15.16;1336;34;3771.00;252
9425;28;621972072;9425;480;10758;11010;4.90;0.30;353.59;15.16;1333;34;3772.00;252
9427;28;621972087;9427;476;10763;11016;4.92;0.30;353.66;15.16;1336;34;3773.00;253
9431;28;621972104;9431;486;10763;11016;4.94;0.30;353.70;15.16;1332;34;3774.00;253
9436;28;621972119;9436;491;10765;11017;4.91;0.30;353.67;15.23;1329;34;3775.00;252
9437;28;621972135;9437;486;10765;11017;4.93;0.30;353.69;15.23;1328;34;3776.00;252
9439;28;621972150;9439;482;10766;11017;4.94;0.30;353.68;15.23;1327;34;3777.00;251
9443;28;621972165;9443;478;10767;11017;4.94;0.30;353.72;15.23;1324;34;3778.00;250
9447;28;621972180;9447;481;10768;11017;4.95;0.30;353.80;15.23;1321;34;3779.00;249
9450;28;621972198;9450;494;10792;11053;5.04;0.31;353.85;15.20;1342;34;3780.00;261
9453;28;621972216;9453;494;10792;11053;5.00;0.30;354.05;15.20;1339;34;3781.00;261
9453;28;621972231;9453;491;10795;11053;4.99;0.30;354.05;15.19;1342;34;3782.00;258
9457;28;621972246;9457;496;10795;11053;5.00;0.30;354.14;15.19;1338;34;3783.00;258
9460;28;621972262;9460;495;10796;11053;5.01;0.31;354.19;15.19;1336;34;3784.00;257
9462;28;621972278;9462;506;10798;11053;5.00;0.30;354.22;15.19;1336;34;3785.00;255
9465;28;621972293;9465;507;10801;11057;4.98;0.30;354.22;15.19;1336;34;3786.00;256
9469;28;621972310;9469;495;10801;11057;4.91;0.30;354.31;15.19;1332;34;3787.00;256
9471;28;621972327;9471;487;10805;11061;4.88;0.30;354.49;15.18;1334;34;3788.00;256
9472;28;621972346;9472;481;10807;11062;4.82;0.29;354.56;15.18;1335;34;3789.00;255
9473;28;621972364;9473;484;10808;11062;4.79;0.29;354.60;15.18;1335;34;3790.00;254
9476;28;621972381;9476;487;10809;11062;4.77;0.29;354.58;15.18;1333;34;3791.00;253
9481;28;621972399;9481;501;10819;11075;4.78;0.29;354.72;15.17;1338;34;3792.00;256
9483;28;621972416;9483;499;10820;11075;4.73;0.29;354.71;15.17;1337;34;3793.00;255
9489;28;621972433;9489;507;10820;11075;4.68;0.28;354.77;15.17;1331;34;3794.00;255
9491;28;621972449;9491;508;10820;11076;4.65;0.28;354.78;15.17;1329;34;3795.00;256
9494;28;621972473;9494;505;10821;11077;4.64;0.28;354.81;15.17;1327;34;3796.00;256
9497;28;621972490;9497;509;10823;11077;4.65;0.28;354.92;15.17;1326;34;3797.00;254
9498;28;621972506;9498;509;10825;11080;4.67;0.28;354.97;15.17;1327;34;3798.00;255
9500;28;621972523;9500;507;10825;11080;4.67;0.28;354.98;15.17;1325;34;3799.00;255
9502;28;621972541;9502;508;10827;11080;4.71;0.29;355.00;15.16;1325;34;3800.00;253
9503;28;621972562;9503;511;10827;11080;4.72;0.29;354.98;15.16;1324;34;3801.00;253
9504;28;621972579;9504;505;10831;11086;4.74;0.29;355.02;15.16;1327;34;3802.00;255
9508;28;621972597;9508;505;10832;11086;4.71;0.29;355.07;15.16;1324;34;3803.00;254
9512;28;621972614;9512;507;10832;11086;4.72;0.29;354.99;15.16;1320;34;3804.00;254
9515;28;621972631;9515;517;10833;11086;4.72;0.29;355.10;15.23;1318;34;3805.00;253
9516;28;621972647;9516;520;10836;11090;4.68;0.28;355.11;15.23;1320;34;3806.00;254
9520;28;621972668;9520;519;10837;11091;4.64;0.28;355.33;15.22;1317;34;3807.00;254
9523;28;621972685;9523;528;10838;11091;4.61;0.28;355.43;15.29;1315;34;3808.00;253
9525;28;621972704;9525;526;10839;11092;4.61;0.28;355.45;15.29;1314;34;3809.00;253
9528;28;621972722;9528;528;10839;11092;4.61;0.28;355.47;15.29;1311;34;3810.00;253
9530;28;621972738;9530;525;10839;11092;4.59;0.28;355.58;15.29;1309;34;3811.00;253
9534;28;621972753;9534;529;10839;11092;4.57;0.28;355.62;15.29;1305;34;3812.00;253
9537;28;621972769;9537;522;10839;11092;4.55;0.27;355.69;15.29;1302;34;3813.00;253
9539;28;621972784;9539;522;10839;11092;4.58;0.28;355.71;15.29;1300;34;3814.00;253
9541;28;621972800;9541;525;10839;11092;4.57;0.28;355.80;15.29;1298;34;3815.00;253
9542;28;621972815;9542;532;10874;11162;4.59;0.28;355.87;15.24;1332;34;3816.00;288
9543;28;621972837;9543;531;10875;11163;4.58;0.28;355.86;15.24;1332;34;3817.00;288
9545;28;621972853;9545;528;10879;11163;4.63;0.28;355.89;15.24;1334;34;3818.00;284
9545;28;621972868;9545;531;10880;11163;4.64;0.28;355.89;15.31;1335;34;3819.00;283
9546;28;621972883;9546;529;10882;11163;4.66;0.28;355.89;15.30;1336;34;3820.00;281
9548;28;621972903;9548;533;10884;11163;4.66;0.28;355.90;15.30;1336;34;3821.00;279
9550;28;621972919;9550;537;10891;11163;4.68;0.29;355.93;15.30;1341;34;3822.00;272
9550;28;621972934;9550;544;10893;11163;4.71;0.29;355.93;15.30;1343;34;3823.00;270
9554;28;621972948;9554;547;10896;11164;4.70;0.29;355.94;15.29;1342;34;3824.00;268
9556;28;621972963;9556;550;10899;11166;4.73;0.29;356.04;15.29;1343;34;3825.00;267
9557;28;621972978;9557;552;10902;11166;4.75;0.29;356.04;15.29;1345;34;3826.00;264
9557;28;621972993;9557;546;10908;11170;4.77;0.29;356.04;15.28;1351;34;3827.00;262
9558;28;621973008;9558;552;10911;11170;4.80;0.29;356.02;15.28;1353;34;3828.00;259
9559;28;621973023;9559;551;10911;11170;4.82;0.29;356.02;15.28;1352;34;3829.00;259
9559;28;621973038;9559;556;10911;11170;4.83;0.30;356.02;15.28;1352;34;3830.00;259
9562;28;621973054;9562;548;10915;11176;4.85;0.30;356.05;15.28;1353;34;3831.00;261
9564;28;621973070;9564;548;10915;11176;4.85;0.30;356.06;15.28;1351;34;3832.00;261
9565;28;621973086;9565;541;10915;11176;4.84;0.30;356.07;15.28;1350;34;3833.00;261
9567;28;621973101;9567;540;10917;11179;4.88;0.30;356.05;15.27;1350;34;3834.00;262
9568;28;621973117;9568;531;10917;11179;4.90;0.30;356.04;15.27;1349;34;3835.00;262
9572;28;621973133;9572;519;10919;11179;4.92;0.30;356.02;15.34;1347;34;3836.00;260
9573;28;621973149;9573;518;10919;11180;4.93;0.30;356.01;15.34;1346;34;3837.00;261
9577;28;621973165;9577;516;10920;11181;4.94;0.30;356.02;15.34;1343;34;3838.00;261
9581;28;621973180;9581;515;10920;11181;4.92;0.30;356.07;15.34;1339;34;3839.00;261
9585;28;621973197;9585;508;10936;11207;4.89;0.30;356.07;15.32;1351;34;3840.00;271
9589;28;621973215;9589;505;10936;11207;4.86;0.30;356.02;15.32;1347;34;3841.00;271
9595;28;621973230;9595;489;10938;11207;4.84;0.30;355.99;15.32;1343;34;3842.00;269
9598;28;621973245;9598;492;10941;11208;4.86;0.30;355.97;15.31;1343;34;3843.00;267
9600;28;621973261;9600;484;10942;11208;4.83;0.30;355.95;15.38;1342;34;3844.00;266
9605;28;621973286;9605;488;10945;11212;4.85;0.30;355.98;15.38;1340;34;3845.00;267
9608;28;621973302;9608;485;10947;11214;4.84;0.30;356.02;15.45;1339;34;3846.00;267
9612;28;621973318;9612;484;10951;11218;4.81;0.29;356.05;15.44;1339;34;3847.00;267
9618;28;621973334;9618;485;10951;11218;4.80;0.29;355.96;15.44;1333;34;3848.00;267
9619;28;621973350;9619;478;10951;11218;4.82;0.30;356.00;15.44;1332;34;3849.00;267
9625;28;621973365;9625;481;10951;11218;4.82;0.30;355.93;15.44;1326;34;3850.00;267
9625;28;621973380;9625;482;10951;11218;4.86;0.30;355.93;15.44;1326;34;3851.00;267
9630;28;621973398;9630;476;10961;11230;4.89;0.30;355.95;15.43;1331;34;3852.00;269
9633;28;621973414;9633;480;10962;11230;4.89;0.30;355.91;15.43;1329;34;3853.00;268
9635;28;621973428;9635;487;10963;11230;4.88;0.30;355.89;15.49;1328;34;3854.00;267
9637;28;621973442;9637;493;10963;11230;4.82;0.29;355.85;15.49;1326;34;3855.00;267
9638;28;621973457;9638;494;10964;11230;4.76;0.29;355.83;15.49;1326;34;3856.00;266
9640;28;621973471;9640;504;10964;11230;4.69;0.29;355.82;15.49;1324;34;3857.00;266
9644;28;621973485;9644;507;10964;11231;4.67;0.29;355.73;15.49;1320;34;3858.00;267
9645;28;621973500;9645;509;10964;11231;4.68;0.29;355.77;15.49;1319;34;3859.00;267
9647;28;621973513;9647;512;10969;11237;4.67;0.29;355.79;15.49;1322;34;3860.00;268
9648;28;621973528;9648;514;10971;11238;4.61;0.28;355.79;15.49;1323;34;3861.00;267
9649;28;621973542;9649;520;10972;11238;4.58;0.28;355.82;15.49;1323;34;3862.00;266
9650;28;621973556;9650;517;10972;11238;4.53;0.28;355.82;15.49;1322;34;3863.00;266
9652;28;621973571;9652;518;10977;11242;4.53;0.28;355.79;15.56;1325;34;3864.00;265
9654;28;621973585;9654;531;10978;11242;4.48;0.27;355.80;15.56;1324;34;3865.00;264
9658;28;621973599;9658;538;10979;11242;4.44;0.27;355.72;15.63;1321;34;3866.00;263
9660;28;621973612;9660;529;10980;11243;4.41;0.27;355.70;15.63;1320;34;3867.00;263
9662;28;621973626;9662;530;10983;11247;4.41;0.27;355.68;15.62;1321;34;3868.00;264
9663;28;621973641;9663;529;10983;11247;4.42;0.27;355.64;15.62;1320;34;3869.00;264
9664;28;621973657;9664;539;10989;11253;4.41;0.27;355.65;15.76;1325;34;3870.00;264
9666;28;621973679;9666;538;10990;11253;4.44;0.27;355.71;15.76;1324;34;3871.00;263
9668;28;621973703;9668;542;10992;11253;4.47;0.27;355.72;15.82;1324;34;3872.00;261
9670;28;621973725;9670;551;10993;11253;4.48;0.27;355.71;15.89;1323;34;3873.00;260
9671;28;621973769;9671;547;10997;11257;4.54;0.28;355.73;15.89;1326;34;3874.00;260
9672;28;621973789;9672;550;10998;11257;4.54;0.28;355.70;15.95;1326;34;3875.00;259
9673;28;621973805;9673;559;10998;11257;4.56;0.28;355.68;15.95;1325;34;3876.00;259
9674;28;621973821;9674;562;10998;11257;4.57;0.28;355.67;15.95;1324;34;3877.00;259
9676;28;621973837;9676;564;10999;11258;4.58;0.28;355.73;16.03;1323;34;3878.00;259
9677;28;621973853;9677;564;11000;11259;4.60;0.28;355.72;16.02;1323;34;3879.00;259
9677;28;621973874;9677;564;11000;11259;4.62;0.28;355.72;16.02;1323;34;3880.00;259
9678;28;621973888;9678;568;11004;11260;4.65;0.28;355.71;16.23;1326;34;3881.00;256
9681;28;621973902;9681;571;11004;11260;4.64;0.28;355.70;16.23;1323;34;3882.00;256
9683;28;621973917;9683;575;11006;11260;4.66;0.28;355.68;16.37;1323;34;3883.00;254
9683;28;621973931;9683;580;11006;11260;4.73;0.29;355.68;16.37;1323;34;3884.00;254
9684;28;621973944;9684;577;11007;11260;4.76;0.29;355.66;16.44;1323;34;3885.00;253
9685;28;621973958;9685;581;11008;11260;4.76;0.29;355.65;16.51;1323;34;3886.00;252
9687;28;621973972;9687;578;11009;11260;4.76;0.29;355.65;16.57;1322;34;3887.00;251
9690;28;621973986;9690;588;11072;11387;5.01;0.31;355.64;16.48;1382;34;3888.00;315
9690;28;621974011;9690;581;11076;11388;5.04;0.31;355.64;16.47;1386;34;3889.00;312
9693;28;621974025;9693;566;11088;11388;5.08;0.31;355.62;16.59;1395;34;3890.00;300
9696;28;621974040;9696;561;11090;11388;5.08;0.31;355.65;16.59;1394;34;3891.00;298
9697;28;621974055;9697;555;11098;11388;5.11;0.31;355.71;16.72;1401;34;3892.00;290
9700;28;621974070;9700;549;11102;11388;5.10;0.31;355.78;16.71;1402;34;3893.00;286
9702;28;621974085;9702;550;11105;11388;5.11;0.31;355.88;16.71;1403;34;3894.00;283
9706;28;621974100;9706;547;11110;11388;5.08;0.31;355.93;16.84;1404;34;3895.00;278
9706;28;621974116;9706;552;11112;11389;5.11;0.31;355.93;16.83;1406;34;3896.00;277
9708;28;621974131;9708;556;11118;11390;5.11;0.31;355.92;16.96;1410;34;3897.00;272
9712;28;621974147;9712;565;11121;11390;5.07;0.31;356.04;16.96;1409;34;3898.00;269
9714;28;621974163;9714;571;11124;11391;5.01;0.31;356.06;17.02;1410;34;3899.00;267
9715;28;621974183;9715;582;11131;11406;4.95;0.30;356.07;17.08;1416;34;3900.00;275
9717;28;621974210;9717;575;11134;11406;4.89;0.30;356.09;17.14;1417;34;3901.00;272
9721;28;621974236;9721;585;11137;11406;4.77;0.29;356.14;17.20;1416;34;3902.00;269
9725;28;621974254;9725;593;11140;11410;4.72;0.29;356.20;17.20;1415;34;3903.00;270
9729;28;621974270;9729;590;11143;11410;4.68;0.29;356.36;17.26;1414;34;3904.00;267
9732;28;621974287;9732;603;11145;11410;4.65;0.28;356.46;17.25;1413;34;3905.00;265
9737;28;621974302;9737;599;11150;11413;4.63;0.28;356.51;17.31;1413;34;3906.00;263
9739;28;621974319;9739;605;11152;11413;4.60;0.28;356.50;17.37;1413;34;3907.00;261
9742;28;621974335;9742;609;11154;11413;4.52;0.28;356.59;17.44;1412;34;3908.00;259
9745;28;621974351;9745;605;11159;11417;4.45;0.27;356.53;17.49;1414;34;3909.00;258
9750;28;621974367;9750;593;11162;11418;4.39;0.27;356.57;17.55;1412;34;3910.00;256
9754;28;621974383;9754;587;11164;11418;4.33;0.27;356.49;17.61;1410;34;3911.00;254
9757;28;621974400;9757;583;11168;11422;4.35;0.27;356.50;17.61;1411;34;3912.00;254
9759;28;621974417;9759;585;11169;11422;4.37;0.27;356.56;17.67;1410;34;3913.00;253
9763;28;621974433;9763;582;11170;11422;4.38;0.27;356.50;17.67;1407;34;3914.00;252
9766;28;621974450;9766;590;11174;11424;4.38;0.27;356.61;17.67;1408;34;3915.00;250
9769;28;621974467;9769;587;11174;11424;4.40;0.27;356.73;17.67;1405;34;3916.00;250
9773;28;621974489;9773;580;11178;11430;4.42;0.27;356.81;17.66;1405;34;3917.00;252
9776;28;621974506;9776;569;11179;11430;4.44;0.27;356.93;17.66;1403;34;3918.00;251
9779;28;621974522;9779;563;11179;11431;4.49;0.28;357.16;17.66;1400;34;3919.00;252
9785;28;621974539;9785;561;11179;11431;4.56;0.28;357.15;17.66;1394;34;3920.00;252
9788;28;621974555;9788;557;11179;11431;4.62;0.28;357.25;17.66;1391;34;3921.00;252
9792;28;621974572;9792;560;11181;11431;4.65;0.29;357.37;17.73;1389;34;3922.00;250
9798;28;621974590;9798;555;11181;11431;4.67;0.29;357.53;17.73;1383;34;3923.00;250
9800;28;621974607;9800;558;11192;11443;4.75;0.29;357.55;17.72;1392;34;3924.00;251
9804;28;621974625;9804;553;11192;11443;4.75;0.29;357.55;17.72;1388;34;3925.00;251
9810;28;621974642;9810;544;11192;11443;4.80;0.29;357.55;17.72;1382;34;3926.00;251
9815;28;621974661;9815;547;11194;11443;4.81;0.30;357.83;17.72;1379;34;3927.00;249
9820;28;621974684;9820;546;11195;11443;4.81;0.29;357.81;17.72;1375;34;3928.00;248
9825;28;621974702;9825;538;11195;11443;4.81;0.29;357.79;17.72;1370;34;3929.00;248
9828;28;621974721;9828;534;11199;11447;4.84;0.30;357.81;17.71;1371;34;3930.00;248
9832;28;621974737;9832;535;11199;11447;4.83;0.30;357.80;17.71;1367;34;3931.00;248
9834;28;621974754;9834;533;11203;11451;4.87;0.30;357.92;17.71;1369;34;3932.00;248
9837;28;621974771;9837;534;11203;11452;4.90;0.30;358.05;17.71;1366;34;3933.00;249
9842;28;621974789;9842;549;11204;11452;4.90;0.30;358.14;17.70;1362;34;3934.00;248
9846;28;621974806;9846;547;11204;11452;4.91;0.30;358.26;17.70;1358;34;3935.00;248
9852;28;621974822;9852;557;11213;11465;4.92;0.30;358.31;17.69;1361;34;3936.00;252
9857;28;621974840;9857;554;11214;11465;4.88;0.30;358.43;17.69;1357;34;3937.00;251
9861;28;621974863;9861;564;11215;11465;4.86;0.30;358.54;17.69;1354;34;3938.00;250
9865;28;621974879;9865;569;11216;11466;4.83;0.30;358.68;17.69;1351;34;3939.00;250
9869;28;621974896;9869;565;11216;11467;4.80;0.29;358.72;17.69;1347;34;3940.00;251
9874;28;621974912;9874;569;11216;11467;4.75;0.29;358.78;17.69;1342;34;3941.00;251
9879;28;621974928;9879;571;11219;11470;4.75;0.29;358.82;17.68;1340;34;3942.00;251
9882;28;621974945;9882;563;11219;11470;4.72;0.29;358.88;17.68;1337;34;3943.00;251
9887;28;621974961;9887;568;11219;11470;4.68;0.29;359.16;17.68;1332;34;3944.00;251
9891;28;621974977;9891;576;11219;11470;4.68;0.29;359.11;17.68;1328;34;3945.00;251
9897;28;621974993;9897;577;11224;11476;4.67;0.29;359.23;17.67;1327;34;3946.00;252
9900;28;621975009;9900;570;11224;11476;4.67;0.29;359.39;17.67;1324;34;3947.00;252
9903;28;621975025;9903;572;11224;11476;4.68;0.29;359.53;17.67;1321;34;3948.00;252
9906;28;621975041;9906;571;11224;11476;4.69;0.29;359.58;17.67;1318;34;3949.00;252
9910;28;621975056;9910;569;11227;11480;4.68;0.29;359.67;17.67;1317;34;3950.00;253
9911;28;621975072;9911;564;11229;11481;4.69;0.29;359.68;17.74;1318;34;3951.00;252
9916;28;621975087;9916;558;11229;11481;4.67;0.29;359.74;17.74;1313;34;3952.00;252
9919;28;621975103;9919;563;11230;11482;4.59;0.28;359.82;17.74;1311;34;3953.00;252
9921;28;621975119;9921;565;11230;11482;4.51;0.28;359.81;17.74;1309;34;3954.00;252
9925;28;621975134;9925;572;11230;11482;4.40;0.27;359.86;17.74;1305;34;3955.00;252
9932;28;621975149;9932;574;11230;11482;4.29;0.26;360.08;17.74;1298;34;3956.00;252
9934;28;621975165;9934;570;11230;11482;4.26;0.26;360.16;17.74;1296;34;3957.00;252
9936;28;621975180;9936;566;11230;11482;4.18;0.25;360.21;17.74;1294;34;3958.00;252
9939;28;621975195;9939;568;11230;11482;4.16;0.25;360.36;17.74;1291;34;3959.00;252
9940;28;621975213;9940;588;11301;11607;4.42;0.27;360.38;17.63;1361;34;3960.00;306
9943;28;621975239;9943;580;11303;11608;4.43;0.27;360.44;17.62;1360;34;3961.00;305
9948;28;621975256;9948;567;11310;11608;4.53;0.28;360.55;17.61;1362;34;3962.00;298
9951;28;621975272;9951;558;11312;11608;4.56;0.28;360.59;17.61;1361;34;3963.00;296
9953;28;621975287;9953;564;11316;11608;4.59;0.28;360.59;17.61;1363;34;3964.00;292
9957;28;621975309;9957;568;11317;11608;4.61;0.28;360.67;17.61;1360;34;3965.00;291
9959;28;621975326;9959;562;11321;11608;4.59;0.28;360.69;17.60;1362;34;3966.00;287
9961;28;621975342;9961;556;11324;11608;4.58;0.28;360.67;17.60;1363;34;3967.00;284
9963;28;621975358;9963;562;11330;11609;4.56;0.28;360.75;17.59;1367;34;3968.00;279
9964;28;621975374;9964;566;11333;11610;4.54;0.28;360.74;17.59;1369;34;3969.00;277
9967;28;621975396;9967;574;11337;11610;4.46;0.27;360.73;17.59;1370;34;3970.00;273
9968;28;621975412;9968;588;11340;11614;4.42;0.27;360.74;17.58;1372;34;3971.00;274
9971;28;621975429;9971;590;11340;11614;4.42;0.27;360.82;17.58;1369;34;3972.00;274
9973;28;621975445;9973;593;11340;11614;4.40;0.27;360.86;17.58;1367;34;3973.00;274
9977;28;621975461;9977;599;11341;11614;4.42;0.27;360.94;17.65;1364;34;3974.00;273
9979;28;621975484;9979;608;11346;11620;4.43;0.27;360.94;17.65;1367;34;3975.00;274
9981;28;621975502;9981;611;11346;11620;4.40;0.27;361.04;17.65;1365;34;3976.00;274
9986;28;621975519;9986;610;11346;11620;4.37;0.27;361.03;17.65;1360;34;3977.00;274
9987;28;621975535;9987;615;11347;11623;4.40;0.27;361.08;17.64;1360;34;3978.00;276
9990;28;621975552;9990;613;11347;11623;4.36;0.27;361.12;17.64;1357;34;3979.00;276
9991;28;621975568;9991;608;11347;11623;4.35;0.26;361.16;17.64;1356;34;3980.00;276
9993;28;621975585;9993;606;11347;11624;4.34;0.26;361.14;17.64;1354;34;3981.00;277
9995;28;621975601;9995;605;11349;11625;4.39;0.27;361.27;17.64;1354;34;3982.00;276
9995;28;621975618;9995;604;11349;11625;4.45;0.27;361.27;17.64;1354;34;3983.00;276
9996;28;621975634;9996;606;11359;11638;4.52;0.27;361.26;17.63;1363;34;3984.00;279
9998;28;621975652;9998;599;11359;11638;4.52;0.27;361.27;17.63;1361;34;3985.00;279
10001;28;621975673;10001;601;11360;11638;4.52;0.27;361.44;17.62;1359;34;3986.00;278
10005;28;621975698;10005;595;11361;11639;4.50;0.27;361.47;17.62;1356;34;3987.00;278
10008;28;621975724;10008;597;11361;11639;4.46;0.27;361.50;17.62;1353;34;3988.00;278
10011;28;621975748;10011;606;11364;11643;4.47;0.27;361.54;17.62;1353;34;3989.00;279
10012;28;621975775;10012;609;11364;11643;4.43;0.27;361.51;17.62;1352;34;3990.00;279
10014;28;621975793;10014;613;11368;11647;4.41;0.27;361.52;17.69;1354;34;3991.00;279
10015;28;621975812;10015;606;11369;11647;4.37;0.26;361.49;17.68;1354;34;3992.00;278
10016;28;621975828;10016;606;11369;11647;4.36;0.26;361.48;17.68;1353;34;3993.00;278
10019;28;621975845;10019;605;11369;11647;4.37;0.26;361.41;17.68;1350;34;3994.00;278
10019;28;621975862;10019;606;11370;11647;4.38;0.27;361.41;17.68;1351;34;3995.00;277
10019;28;621975878;10019;607;11380;11659;4.43;0.27;361.41;17.67;1361;34;3996.00;279
10021;28;621975895;10021;617;11380;11659;4.41;0.27;361.39;17.67;1359;34;3997.00;279
10022;28;621975911;10022;612;11381;11659;4.42;0.27;361.36;17.67;1359;34;3998.00;278
10023;28;621975927;10023;605;11381;11659;4.42;0.27;361.36;17.67;1358;34;3999.00;278
10025;28;621975944;10025;603;11381;11659;4.40;0.27;361.34;17.67;1356;34;4000.00;278
10025;28;621975963;10025;596;11381;11659;4.40;0.27;361.34;17.67;1356;34;4001.00;278
10027;28;621975979;10027;592;11381;11660;4.40;0.27;361.27;17.67;1354;34;4002.00;279
10030;28;621975994;10030;589;11381;11660;4.36;0.27;361.22;17.67;1351;34;4003.00;279
10032;28;621976009;10032;580;11386;11666;4.38;0.27;361.18;17.66;1354;34;4004.00;280
10034;28;621976026;10034;584;11388;11668;4.38;0.27;361.12;17.66;1354;34;4005.00;280
10035;28;621976041;10035;580;11388;11668;4.39;0.27;361.10;17.66;1353;34;4006.00;280
10036;28;621976058;10036;586;11389;11668;4.39;0.27;361.10;17.72;1353;34;4007.00;279
10040;28;621976074;10040;585;11392;11672;4.40;0.27;361.14;17.72;1352;34;4008.00;280
10044;28;621976092;10044;585;11392;11672;4.36;0.27;361.13;17.72;1348;34;4009.00;280
10045;28;621976107;10045;585;11392;11672;4.34;0.26;361.10;17.72;1347;34;4010.00;280
10048;28;621976122;10048;579;11393;11673;4.33;0.26;361.08;17.72;1345;34;4011.00;280
10051;28;621976139;10051;577;11396;11677;4.29;0.26;361.04;17.71;1345;34;4012.00;281
10052;28;621976155;10052;578;11396;11677;4.30;0.26;361.09;17.71;1344;34;4013.00;281
10056;28;621976171;10056;574;11398;11680;4.29;0.26;361.09;17.71;1342;34;4014.00;282
10059;28;621976186;10059;569;11401;11680;4.29;0.26;361.16;17.85;1342;34;4015.00;279
10060;28;621976206;10060;568;11401;11680;4.30;0.26;361.17;17.85;1341;34;4016.00;279
10062;28;621976221;10062;576;11401;11680;4.30;0.26;361.17;17.85;1339;34;4017.00;279
10064;28;621976235;10064;573;11405;11684;4.30;0.26;361.15;17.84;1341;34;4018.00;279
10066;28;621976258;10066;557;11405;11684;4.31;0.26;361.11;17.84;1339;34;4019.00;279
10067;28;621976276;10067;547;11405;11684;4.35;0.27;361.13;17.84;1338;34;4020.00;279
10069;28;621976292;10069;536;11405;11684;4.40;0.27;361.09;17.84;1336;34;4021.00;279
10070;28;621976308;10070;528;11405;11685;4.44;0.27;361.06;17.84;1335;34;4022.00;280
10072;28;621976324;10072;527;11406;11686;4.52;0.28;361.11;17.84;1334;34;4023.00;280
10074;28;621976341;10074;526;11406;11686;4.55;0.28;361.11;17.84;1332;34;4024.00;280
10075;28;621976364;10075;524;11407;11687;4.57;0.28;361.10;17.84;1332;34;4025.00;280
10079;28;621976380;10079;530;11407;11687;4.56;0.28;361.00;17.84;1328;34;4026.00;280
10081;28;621976396;10081;526;11407;11687;4.61;0.28;360.96;17.84;1326;34;4027.00;280
10082;28;621976413;10082;523;11407;11687;4.65;0.28;360.97;17.84;1325;34;4028.00;280
10083;28;621976429;10083;521;11407;11687;4.71;0.29;360.98;17.84;1324;34;4029.00;280
10083;28;621976444;10083;520;11407;11687;4.78;0.29;360.98;17.84;1324;34;4030.00;280
10087;28;621976460;10087;513;11408;11687;4.79;0.29;360.97;17.91;1321;34;4031.00;279
10087;28;621976477;10087;521;11472;11814;5.02;0.31;360.97;17.81;1385;34;4032.00;342
10090;28;621976504;10090;504;11475;11815;5.06;0.31;360.98;17.81;1385;34;4033.00;340
10090;28;621976520;10090;504;11484;11815;5.14;0.32;360.98;17.79;1394;34;4034.00;331
10090;28;621976535;10090;495;11485;11815;5.13;0.32;360.98;17.79;1395;34;4035.00;330
10092;28;621976552;10092;499;11492;11815;5.17;0.32;360.97;17.78;1400;34;4036.00;323
10094;28;621976568;10094;494;11494;11815;5.16;0.32;360.97;17.78;1400;34;4037.00;321
10098;28;621976585;10098;497;11499;11815;5.08;0.31;361.00;17.85;1401;34;4038.00;316
10099;28;621976601;10099;500;11501;11815;5.06;0.31;361.01;17.85;1402;34;4039.00;314
10101;28;621976618;10101;502;11504;11816;5.09;0.31;361.13;17.91;1403;34;4040.00;312
10104;28;621976635;10104;511;11507;11817;5.03;0.31;361.14;17.98;1403;34;4041.00;310
10105;28;621976652;10105;509;11509;11817;5.00;0.31;361.18;18.05;1404;34;4042.00;308
10108;28;621976670;10108;513;11511;11818;4.94;0.30;361.12;18.05;1403;34;4043.00;307
10110;28;621976687;10110;523;11513;11818;4.85;0.30;361.24;18.12;1403;34;4044.00;305
10110;28;621976704;10110;529;11517;11818;4.79;0.29;361.24;18.11;1407;34;4045.00;301
10111;28;621976720;10111;529;11519;11818;4.73;0.29;361.22;18.18;1408;34;4046.00;299
10112;28;621976736;10112;536;11525;11822;4.71;0.29;361.20;18.25;1413;34;4047.00;297
10114;28;621976752;10114;550;11531;11822;4.65;0.28;361.17;18.38;1417;34;4048.00;291
10116;28;621976769;10116;557;11533;11822;4.61;0.28;361.36;18.38;1417;34;4049.00;289
10119;28;621976787;10119;562;11538;11828;4.57;0.28;361.47;18.44;1419;34;4050.00;290
10120;28;621976804;10120;566;11539;11828;4.52;0.28;361.45;18.44;1419;34;4051.00;289
10121;28;621976821;10121;575;11542;11828;4.50;0.27;361.53;18.51;1421;34;4052.00;286
10121;28;621976840;10121;576;11550;11832;4.50;0.27;361.53;18.57;1429;34;4053.00;282
10123;28;621976861;10123;581;11553;11833;4.46;0.27;361.57;18.57;1430;34;4054.00;280
10125;28;621976876;10125;581;11555;11833;4.40;0.27;361.76;18.71;1430;34;4055.00;278
10126;28;621976891;10126;582;11559;11837;4.38;0.27;361.86;18.70;1433;34;4056.00;278
10127;28;621976905;10127;584;11562;11837;4.33;0.26;361.87;18.90;1435;34;4057.00;275
10129;28;621976920;10129;589;11562;11837;4.30;0.26;361.95;18.90;1433;34;4058.00;275
10131;28;621976934;10131;595;11563;11838;4.28;0.26;362.00;18.90;1432;34;4059.00;275
10134;28;621976949;10134;595;11564;11838;4.24;0.26;362.09;18.97;1430;34;4060.00;274
10135;28;621976965;10135;592;11569;11844;4.31;0.26;362.12;18.96;1434;34;4061.00;275
10137;28;621976980;10137;595;11571;11844;4.31;0.26;362.13;19.09;1434;34;4062.00;273
10139;28;621976995;10139;601;11571;11845;4.34;0.26;362.15;19.09;1432;34;4063.00;274
10141;28;621977016;10141;606;11572;11845;4.37;0.27;362.20;19.15;1431;34;4064.00;273
10143;28;621977032;10143;608;11572;11845;4.37;0.27;362.22;19.15;1429;34;4065.00;273
10145;28;621977048;10145;602;11572;11845;4.38;0.27;362.30;19.15;1427;34;4066.00;273
10146;28;621977064;10146;607;11573;11845;4.38;0.27;362.35;19.22;1427;34;4067.00;272
10149;28;621977079;10149;605;11584;11857;4.40;0.27;362.36;19.20;1435;34;4068.00;273
10152;28;621977096;10152;599;11584;11857;4.43;0.27;362.51;19.20;1432;34;4069.00;273
10155;28;621977112;10155;599;11584;11857;4.45;0.27;362.70;19.20;1429;34;4070.00;273
10157;28;621977128;10157;604;11584;11857;4.49;0.27;362.68;19.20;1427;34;4071.00;273
10161;28;621977143;10161;607;11584;11857;4.50;0.27;362.75;19.20;1423;34;4072.00;273
10165;28;621977159;10165;611;11584;11857;4.48;0.27;362.85;19.20;1419;34;4073.00;273
10168;28;621977175;10168;606;11587;11861;4.45;0.27;362.81;19.19;1419;34;4074.00;274
10172;28;621977191;10172;604;11587;11861;4.46;0.27;362.85;19.19;1415;34;4075.00;274
10176;28;621977206;10176;608;11591;11865;4.43;0.27;362.88;19.19;1415;34;4076.00;274
10179;28;621977222;10179;610;11592;11866;4.41;0.27;362.97;19.19;1413;34;4077.00;274
10185;28;621977238;10185;611;11592;11866;4.37;0.27;363.01;19.19;1407;34;4078.00;274
10186;28;621977253;10186;614;11592;11866;4.37;0.27;363.00;19.19;1406;34;4079.00;274
10191;28;621977270;10191;618;11613;11895;4.34;0.27;362.94;19.15;1422;34;4080.00;282
10196;28;621977289;10196;611;11615;11895;4.32;0.26;363.00;19.15;1419;34;4081.00;280
10199;28;621977310;10199;610;11617;11895;4.33;0.27;362.95;19.15;1418;34;4082.00;278
10204;28;621977326;10204;608;11618;11896;4.32;0.26;363.05;19.14;1414;34;4083.00;278
10206;28;621977343;10206;604;11618;11897;4.35;0.27;363.17;19.14;1412;34;4084.00;279
10210;28;621977358;10210;607;11618;11897;4.37;0.27;363.22;19.14;1408;34;4085.00;279
10215;28;621977374;10215;603;11621;11900;4.39;0.27;363.47;19.14;1406;34;4086.00;279
10218;28;621977390;10218;597;11621;11900;4.41;0.27;363.45;19.14;1403;34;4087.00;279
10222;28;621977406;10222;600;11621;11900;4.44;0.27;363.57;19.14;1399;34;4088.00;279
10225;28;621977422;10225;602;11621;11900;4.47;0.27;363.55;19.14;1396;34;4089.00;279
10230;28;621977438;10230;599;11625;11906;4.47;0.27;363.74;19.13;1395;34;4090.00;281
10234;28;621977454;10234;600;11625;11906;4.47;0.27;363.83;19.13;1391;34;4091.00;281
10236;28;621977470;10236;598;11625;11906;4.47;0.27;363.98;19.13;1389;34;4092.00;281
10242;28;621977487;10242;604;11625;11906;4.43;0.27;364.09;19.13;1383;34;4093.00;281
10245;28;621977508;10245;603;11628;11910;4.39;0.27;364.23;19.13;1383;34;4094.00;282
10249;28;621977524;10249;593;11630;11912;4.38;0.27;364.22;19.13;1381;34;4095.00;282
10254;28;621977540;10254;594;11630;11912;4.38;0.27;364.26;19.13;1376;34;4096.00;282
10258;28;621977555;10258;595;11631;11913;4.36;0.27;364.28;19.12;1373;34;4097.00;282
10260;28;621977571;10260;591;11631;11913;4.38;0.27;364.25;19.12;1371;34;4098.00;282
10264;28;621977587;10264;586;11631;11913;4.37;0.27;364.34;19.12;1367;34;4099.00;282
10269;28;621977603;10269;586;11631;11913;4.34;0.26;364.55;19.12;1362;34;4100.00;282
10274;28;621977623;10274;588;11631;11913;4.32;0.26;364.65;19.12;1357;34;4101.00;282
10276;28;621977638;10276;596;11631;11913;4.34;0.26;364.62;19.12;1355;34;4102.00;282
10279;28;621977653;10279;592;11631;11913;4.36;0.27;364.61;19.12;1352;34;4103.00;282
10282;28;621977673;10282;600;11670;11983;4.44;0.27;364.60;19.06;1388;34;4104.00;313
10285;28;621977718;10285;592;11670;11984;4.44;0.27;364.73;19.06;1385;34;4105.00;314
10290;28;621977742;10290;586;11673;11984;4.44;0.27;364.86;19.06;1383;34;4106.00;311
10294;28;621977766;10294;590;11675;11984;4.48;0.27;364.84;19.05;1381;34;4107.00;309
10300;28;621977785;10300;599;11677;11984;4.48;0.27;364.84;19.05;1377;34;4108.00;307
10304;28;621977802;10304;606;11678;11984;4.45;0.27;364.86;19.05;1374;34;4109.00;306
10306;28;621977822;10306;607;11680;11984;4.44;0.27;364.83;19.05;1374;34;4110.00;304
10312;28;621977838;10312;611;11681;11984;4.40;0.27;364.88;19.05;1369;34;4111.00;303
10313;28;621977855;10313;615;11682;11985;4.37;0.27;364.89;19.05;1369;34;4112.00;303
10318;28;621977872;10318;614;11684;11986;4.34;0.26;365.09;19.04;1366;34;4113.00;302
10321;28;621977889;10321;625;11687;11986;4.32;0.26;365.17;19.04;1366;34;4114.00;299
10326;28;621977905;10326;634;11690;11990;4.28;0.26;365.24;19.04;1364;34;4115.00;300
10330;28;621977927;10330;639;11691;11990;4.22;0.26;365.33;19.04;1361;34;4116.00;299
10333;28;621977944;10333;643;11693;11990;4.21;0.26;365.32;19.04;1360;34;4117.00;297
10336;28;621977959;10336;647;11693;11990;4.15;0.25;365.48;19.04;1357;34;4118.00;297
10339;28;621977976;10339;645;11699;11996;4.13;0.25;365.53;19.03;1360;34;4119.00;297
10342;28;621977992;10342;649;11699;11996;4.08;0.25;365.69;19.03;1357;34;4120.00;297
10345;28;621978009;10345;652;11700;11996;4.05;0.25;365.77;19.03;1355;34;4121.00;296
10347;28;621978026;10347;658;11701;11999;4.00;0.25;365.77;19.03;1354;34;4122.00;298
10353;28;621978041;10353;659;11705;11999;3.95;0.24;365.83;19.02;1352;34;4123.00;294
10354;28;621978057;10354;662;11706;11999;3.90;0.24;365.81;19.02;1352;34;4124.00;293
10357;28;621978071;10357;672;11707;12000;3.82;0.23;365.95;19.02;1350;34;4125.00;293
10359;28;621978087;10359;672;11708;12001;3.79;0.23;365.95;19.02;1349;34;4126.00;293
10363;28;621978103;10363;671;11708;12001;3.76;0.23;365.96;19.02;1345;34;4127.00;293
10367;28;621978118;10367;666;11720;12014;3.85;0.23;365.90;19.01;1353;34;4128.00;294
10369;28;621978135;10369;667;11720;12014;3.84;0.23;365.94;19.01;1351;34;4129.00;294
10374;28;621978151;10374;672;11721;12014;3.82;0.23;366.04;19.01;1347;34;4130.00;293
10377;28;621978167;10377;674;11722;12015;3.83;0.23;366.06;19.01;1345;34;4131.00;293
10380;28;621978183;10380;675;11723;12015;3.85;0.24;366.07;19.00;1343;34;4132.00;292
10383;28;621978199;10383;678;11727;12019;3.91;0.24;366.20;19.00;1344;34;4133.00;292
10385;28;621978217;10385;683;11728;12019;3.94;0.24;366.23;19.00;1343;34;4134.00;291
10387;28;621978232;10387;679;11731;12023;3.94;0.24;366.25;18.99;1344;34;4135.00;292
10388;28;621978250;10388;673;11731;12023;3.97;0.24;366.28;18.99;1343;34;4136.00;292
10389;28;621978267;10389;659;11731;12023;4.01;0.25;366.27;18.99;1342;34;4137.00;292
10392;28;621978287;10392;656;11731;12023;4.04;0.25;366.37;18.99;1339;34;4138.00;292
10396;28;621978306;10396;648;11731;12023;4.04;0.25;366.40;18.99;1335;34;4139.00;292
10397;28;621978324;10397;645;11755;12057;4.20;0.26;366.43;18.95;1358;34;4140.00;302
10401;28;621978346;10401;642;11755;12057;4.23;0.26;366.47;18.95;1354;34;4141.00;302
10401;28;621978364;10401;636;11757;12057;4.32;0.26;366.47;18.95;1356;34;4142.00;300
10402;28;621978381;10402;643;11757;12057;4.32;0.26;366.51;18.95;1355;34;4143.00;300
10403;28;621978399;10403;642;11758;12057;4.37;0.27;366.48;18.95;1355;34;4144.00;299
10406;28;621978416;10406;646;11758;12057;4.40;0.27;366.49;18.95;1352;34;4145.00;299
10408;28;621978433;10408;646;11758;12058;4.39;0.27;366.51;18.95;1350;34;4146.00;300
10411;28;621978449;10411;634;11758;12058;4.38;0.27;366.45;18.95;1347;34;4147.00;300
10412;28;621978466;10412;639;11762;12064;4.40;0.27;366.45;18.94;1350;34;4148.00;302
10413;28;621978484;10413;641;11763;12065;4.39;0.27;366.45;18.94;1350;34;4149.00;302
10415;28;621978503;10415;640;11763;12065;4.38;0.27;366.48;18.94;1348;34;4150.00;302
10417;28;621978521;10417;632;11763;12065;4.37;0.27;366.44;18.94;1346;34;4151.00;302
10417;28;621978539;10417;626;11766;12069;4.44;0.27;366.44;18.94;1349;34;4152.00;303
10418;28;621978556;10418;624;11766;12069;4.46;0.27;366.41;18.94;1348;34;4153.00;303
10419;28;621978572;10419;624;11766;12069;4.47;0.27;366.44;18.94;1347;34;4154.00;303
10419;28;621978589;10419;628;11767;12070;4.50;0.28;366.44;18.94;1348;34;4155.00;303
10424;28;621978606;10424;622;11770;12074;4.47;0.27;366.45;18.93;1346;34;4156.00;304
10425;28;621978622;10425;624;11770;12074;4.42;0.27;366.49;18.93;1345;34;4157.00;304
10426;28;621978639;10426;629;11772;12077;4.43;0.27;366.48;18.93;1346;34;4158.00;305
10427;28;621978656;10427;623;11772;12077;4.38;0.27;366.45;18.93;1345;34;4159.00;305
10429;28;621978676;10429;623;11773;12077;4.34;0.27;366.48;18.93;1344;34;4160.00;304
10432;28;621978692;10432;630;11773;12077;4.28;0.26;366.42;18.93;1341;34;4161.00;304
10433;28;621978708;10433;630;11776;12081;4.28;0.26;366.41;18.92;1343;34;4162.00;305
10433;28;621978724;10433;627;11776;12081;4.25;0.26;366.41;18.92;1343;34;4163.00;305
10434;28;621978738;10434;627;11776;12081;4.22;0.26;366.45;18.92;1342;34;4164.00;305
10436;28;621978753;10436;633;11776;12081;4.20;0.26;366.42;18.92;1340;34;4165.00;305
10439;28;621978773;10439;633;11776;12082;4.16;0.25;366.35;18.92;1337;34;4166.00;306
10443;28;621978787;10443;642;11777;12083;4.11;0.25;366.53;18.92;1334;34;4167.00;306
10445;28;621978803;10445;638;11777;12083;4.11;0.25;366.54;18.92;1332;34;4168.00;306
10446;28;621978817;10446;632;11778;12084;4.13;0.25;366.60;18.92;1332;34;4169.00;306
10446;28;621978834;10446;616;11779;12084;4.15;0.25;366.60;19.00;1333;34;4170.00;305
10450;28;621978850;10450;591;11779;12084;4.14;0.25;366.56;19.00;1329;34;4171.00;305
10453;28;621978865;10453;571;11779;12084;4.15;0.25;366.52;19.00;1326;34;4172.00;305
10455;28;621978882;10455;558;11781;12086;4.18;0.26;366.56;18.99;1326;34;4173.00;305
10458;28;621978899;10458;551;11781;12086;4.22;0.26;366.57;18.99;1323;34;4174.00;305
10460;28;621978915;10460;540;11781;12086;4.26;0.26;366.57;18.99;1321;34;4175.00;305
10461;28;621978931;10461;546;11845;12213;4.53;0.28;366.55;18.89;1384;34;4176.00;368
10461;28;621978958;10461;531;11846;12214;4.61;0.28;366.55;18.89;1385;34;4177.00;368
10464;28;621978980;10464;524;11851;12214;4.68;0.29;366.60;18.88;1387;34;4178.00;363
10467;28;621978996;10467;523;11856;12214;4.74;0.29;366.53;18.88;1389;34;4179.00;358
10468;28;621979012;10468;514;11859;12214;4.79;0.29;366.54;18.87;1391;34;4180.00;355
10471;28;621979028;10471;504;11862;12214;4.82;0.30;366.56;18.87;1391;34;4181.00;352
10473;28;621979044;10473;496;11865;12214;4.84;0.30;366.52;18.86;1392;34;4182.00;349
10475;28;621979060;10475;487;11867;12214;4.86;0.30;366.54;18.86;1392;34;4183.00;347
10477;28;621979075;10477;481;11870;12215;4.95;0.30;366.52;18.86;1393;34;4184.00;345
10478;28;621979092;10478;483;11875;12217;4.97;0.30;366.54;19.00;1397;34;4185.00;342
10480;28;621979112;10480;471;11878;12217;5.04;0.31;366.57;19.00;1398;34;4186.00;339
10482;28;621979128;10482;475;11881;12218;5.03;0.31;366.58;19.00;1399;34;4187.00;337
10485;28;621979144;10485;467;11882;12218;5.04;0.31;366.59;19.00;1397;34;4188.00;336
10489;28;621979160;10489;470;11883;12218;5.06;0.31;366.70;19.00;1394;34;4189.00;335
10489;28;621979176;10489;468;11886;12218;5.06;0.31;366.70;18.99;1397;34;4190.00;332
10491;28;621979193;10491;468;11888;12222;5.06;0.31;366.71;18.99;1397;34;4191.00;334
10496;28;621979210;10496;463;11890;12222;5.00;0.31;366.78;18.99;1394;34;4192.00;332
10499;28;621979228;10499;468;11891;12222;4.94;0.30;366.81;18.99;1392;34;4193.00;331
10500;28;621979244;10500;466;11893;12225;4.95;0.30;366.80;18.99;1393;34;4194.00;332
10505;28;621979261;10505;468;11894;12225;4.90;0.30;366.89;18.99;1389;34;4195.00;331
10509;28;621979278;10509;466;11895;12225;4.89;0.30;366.95;18.99;1386;34;4196.00;330
10512;28;621979299;10512;476;11900;12229;4.88;0.30;366.92;18.99;1388;34;4197.00;329
10515;28;621979316;10515;478;11904;12230;4.86;0.30;366.88;18.99;1389;34;4198.00;326
10518;28;621979333;10518;485;11905;12230;4.84;0.30;366.84;18.99;1387;34;4199.00;325
10522;28;621979352;10522;497;11916;12264;4.82;0.29;366.83;18.98;1394;34;4200.00;348
10524;28;621979377;10524;494;11920;12264;4.80;0.29;366.83;18.97;1396;34;4201.00;344
10525;28;621979394;10525;492;11922;12264;4.81;0.29;366.81;18.97;1397;34;4202.00;342
10527;28;621979410;10527;494;11923;12265;4.82;0.29;366.89;18.97;1396;34;4203.00;342
10529;28;621979426;10529;495;11924;12265;4.78;0.29;366.86;18.97;1395;34;4204.00;341
10529;28;621979443;10529;493;11927;12271;4.80;0.29;366.86;18.97;1398;34;4205.00;344
10531;28;621979460;10531;495;11931;12271;4.81;0.29;366.85;18.97;1400;34;4206.00;340
10533;28;621979477;10533;505;11932;12272;4.84;0.30;366.84;18.96;1399;34;4207.00;340
10534;28;621979493;10534;516;11933;12272;4.86;0.30;366.85;18.97;1399;34;4208.00;339
10538;28;621979510;10538;527;11934;12272;4.87;0.30;366.84;18.97;1396;34;4209.00;338
10540;28;621979526;10540;522;11937;12272;4.90;0.30;366.83;18.97;1397;34;4210.00;335
10542;28;621979542;10542;532;11939;12272;4.89;0.30;366.88;19.04;1397;34;4211.00;333
10546;28;621979559;10546;544;11953;12284;4.91;0.30;366.88;19.10;1407;34;4212.00;331
10548;28;621979582;10548;534;11954;12284;4.93;0.30;366.86;19.18;1406;34;4213.00;330
10550;28;621979599;10550;540;11957;12284;5.00;0.30;366.86;19.18;1407;34;4214.00;327
10550;28;621979616;10550;546;11958;12284;5.03;0.31;366.86;19.25;1408;34;4215.00;326
10551;28;621979632;10551;549;11960;12284;5.02;0.31;366.89;19.25;1409;34;4216.00;324
10553;28;621979648;10553;555;11961;12284;5.02;0.31;366.89;19.25;1408;34;4217.00;323
10556;28;621979666;10556;557;11967;12288;5.03;0.31;366.90;19.47;1411;34;4218.00;321
10560;28;621979700;10560;560;11967;12288;5.01;0.30;367.05;19.47;1407;34;4219.00;321
10561;28;621979727;10561;564;11972;12292;5.04;0.31;367.06;19.60;1411;34;4220.00;320
10565;28;621979752;10565;567;11974;12293;5.00;0.30;367.03;19.68;1409;34;4221.00;319
10566;28;621979774;10566;571;11976;12293;4.95;0.30;367.00;19.68;1410;34;4222.00;317
10569;28;621979792;10569;568;11978;12293;4.94;0.30;367.09;19.75;1409;34;4223.00;315
10572;28;621979809;10572;576;11988;12306;4.91;0.30;367.12;19.73;1416;34;4224.00;318
10575;28;621979828;10575;574;11993;12306;4.92;0.30;367.20;19.95;1418;34;4225.00;313
10577;28;621979855;10577;583;11994;12306;4.93;0.30;367.27;20.02;1417;34;4226.00;312
10580;28;621979873;10580;583;11995;12307;4.94;0.30;367.34;20.02;1415;34;4227.00;312
10583;28;621979897;10583;596;11996;12308;4.91;0.30;367.41;20.09;1413;34;4228.00;312
10585;28;621979914;10585;593;11999;12308;4.94;0.30;367.41;20.23;1414;34;4229.00;309
10589;28;621979933;10589;588;12004;12314;4.93;0.30;367.50;20.22;1415;34;4230.00;310
10589;28;621979952;10589;582;12005;12314;4.92;0.30;367.50;20.22;1416;34;4231.00;309
10590;28;621979969;10590;577;12005;12314;4.89;0.30;367.50;20.22;1415;34;4232.00;309
10591;28;621979986;10591;578;12006;12314;4.83;0.29;367.54;20.29;1415;34;4233.00;308
10595;28;621980002;10595;578;12014;12320;4.83;0.29;367.47;20.49;1419;34;4234.00;306
10597;28;621980020;10597;583;12016;12320;4.81;0.29;367.54;20.57;1419;34;4235.00;304
10598;28;621980037;10598;579;12017;12320;4.84;0.30;367.60;20.63;1419;34;4236.00;303
10600;28;621980053;10600;577;12018;12320;4.82;0.29;367.64;20.70;1418;34;4237.00;302
10601;28;621980071;10601;572;12022;12324;4.84;0.30;367.70;20.77;1421;34;4238.00;302
10601;28;621980087;10601;568;12024;12325;4.89;0.30;367.70;20.83;1423;34;4239.00;301
10603;28;621980104;10603;567;12024;12325;4.87;0.30;367.75;20.83;1421;34;4240.00;301
10605;28;621980121;10605;579;12027;12326;4.84;0.30;367.72;20.90;1422;34;4241.00;299
10609;28;621980137;10609;574;12027;12326;4.77;0.29;367.70;20.90;1418;34;4242.00;299
10610;28;621980155;10610;581;12027;12326;4.71;0.29;367.76;20.90;1417;34;4243.00;299
10613;28;621980171;10613;582;12030;12326;4.63;0.28;367.81;21.10;1417;34;4244.00;296
10617;28;621980188;10617;581;12030;12326;4.52;0.28;367.80;21.10;1413;34;4245.00;296
10621;28;621980209;10621;584;12031;12326;4.45;0.27;367.87;21.17;1410;34;4246.00;295
10622;28;621980227;10622;590;12033;12326;4.34;0.27;367.87;21.24;1411;34;4247.00;293
10624;28;621980243;10624;609;12074;12396;4.34;0.27;367.83;21.23;1450;34;4248.00;322
10628;28;621980265;10628;611;12076;12397;4.27;0.26;367.98;21.23;1448;34;4249.00;321
10630;28;621980282;10630;599;12081;12397;4.26;0.26;367.98;21.22;1451;34;4250.00;316
10632;28;621980297;10632;596;12081;12397;4.24;0.26;367.94;21.22;1449;34;4251.00;316
10637;28;621980314;10637;591;12083;12397;4.22;0.26;367.91;21.22;1446;34;4252.00;314
10640;28;621980330;10640;590;12085;12397;4.17;0.26;367.95;21.22;1445;34;4253.00;312
10642;28;621980347;10642;584;12088;12397;4.17;0.26;367.95;21.22;1446;34;4254.00;309
10644;28;621980364;10644;590;12092;12397;4.16;0.25;367.91;21.22;1448;34;4255.00;305
10648;28;621980380;10648;593;12094;12398;4.10;0.25;367.92;21.21;1446;34;4256.00;304
10652;28;621980396;10652;597;12095;12399;4.08;0.25;368.00;21.21;1443;34;4257.00;304
10654;28;621980412;10654;599;12097;12399;4.09;0.25;368.11;21.21;1443;34;4258.00;302
10656;28;621980429;10656;598;12099;12403;4.08;0.25;368.08;21.21;1443;34;4259.00;304
10659;28;621980448;10659;598;12100;12403;4.03;0.25;368.06;21.21;1441;34;4260.00;303
10659;28;621980464;10659;600;12102;12403;4.07;0.25;368.06;21.21;1443;34;4261.00;301
10662;28;621980481;10662;598;12102;12403;4.06;0.25;368.14;21.21;1440;34;4262.00;301
10668;28;621980497;10668;602;12106;12409;4.01;0.25;368.32;21.20;1438;34;4263.00;303
10670;28;621980514;10670;598;12106;12409;3.97;0.24;368.37;21.20;1436;34;4264.00;303
10680;28;621980531;10680;598;12106;12409;3.90;0.24;368.44;21.20;1426;34;4265.00;303
10684;28;621980554;10684;601;12108;12412;3.92;0.24;368.48;21.20;1424;34;4266.00;304
10686;28;621980571;10686;603;12108;12412;3.97;0.24;368.60;21.20;1422;34;4267.00;304
10692;28;621980588;10692;608;12109;12412;3.97;0.24;368.68;21.20;1417;34;4268.00;303
10697;28;621980606;10697;611;12110;12413;3.95;0.24;368.75;21.20;1413;34;4269.00;303
10701;28;621980623;10701;610;12111;12414;3.93;0.24;368.70;21.19;1410;34;4270.00;303
10705;28;621980640;10705;609;12111;12414;3.92;0.24;368.87;21.19;1406;34;4271.00;303
10709;28;621980657;10709;610;12121;12427;3.99;0.24;368.79;21.18;1412;34;4272.00;306
10712;28;621980675;10712;612;12121;12427;3.96;0.24;368.83;21.18;1409;34;4273.00;306
10716;28;621980692;10716;619;12121;12427;3.93;0.24;368.87;21.18;1405;34;4274.00;306
10721;28;621980708;10721;613;12122;12429;3.91;0.24;369.00;21.17;1401;34;4275.00;307
10726;28;621980725;10726;629;12123;12429;3.88;0.24;369.08;21.18;1397;34;4276.00;306
10730;28;621980741;10730;627;12126;12433;3.84;0.23;369.16;21.17;1396;34;4277.00;307
10733;28;621980756;10733;625;12126;12433;3.82;0.23;369.12;21.17;1393;34;4278.00;307
10737;28;621980772;10737;631;12129;12437;3.79;0.23;369.18;21.17;1392;34;4279.00;308
10741;28;621980787;10741;639;12131;12437;3.77;0.23;369.13;21.17;1390;34;4280.00;306
10744;28;621980803;10744;648;12131;12437;3.75;0.23;369.19;21.17;1387;34;4281.00;306
10747;28;621980819;10747;650;12132;12437;3.71;0.23;369.30;21.17;1385;34;4282.00;305
10752;28;621980834;10752;646;12132;12437;3.70;0.23;369.43;21.17;1380;34;4283.00;305
10754;28;621980850;10754;648;12143;12449;3.78;0.23;369.44;21.15;1389;34;4284.00;306
10759;28;621980866;10759;658;12143;12449;3.72;0.23;369.50;21.15;1384;34;4285.00;306
10763;28;621980882;10763;667;12144;12449;3.65;0.22;369.69;21.15;1381;34;4286.00;305
10765;28;621980898;10765;679;12145;12449;3.62;0.22;369.69;21.15;1380;34;4287.00;304
10770;28;621980912;10770;677;12146;12449;3.57;0.22;369.65;21.15;1376;34;4288.00;303
10775;28;621980928;10775;673;12146;12449;3.50;0.21;369.71;21.15;1371;34;4289.00;303
10778;28;621980946;10778;680;12147;12450;3.46;0.21;369.69;21.15;1369;34;4290.00;303
10781;28;621980960;10781;685;12147;12450;3.37;0.21;369.76;21.15;1366;34;4291.00;303
10784;28;621980976;10784;696;12151;12456;3.27;0.20;369.87;21.14;1367;34;4292.00;305
10784;28;621980991;10784;700;12152;12457;3.22;0.20;369.87;21.14;1368;34;4293.00;305
10787;28;621981006;10787;710;12153;12457;3.14;0.19;369.99;21.14;1366;34;4294.00;304
10789;28;621981021;10789;709;12154;12457;3.08;0.19;370.07;21.14;1365;34;4295.00;303
10790;28;621981035;10790;717;12158;12461;3.07;0.19;370.05;21.22;1368;34;4296.00;303
10796;28;621981050;10796;715;12158;12461;3.00;0.18;370.15;21.22;1362;34;4297.00;303
10796;28;621981065;10796;706;12158;12461;3.00;0.18;370.15;21.22;1362;34;4298.00;303
10800;28;621981079;10800;704;12159;12462;3.02;0.18;370.06;21.21;1359;34;4299.00;303
10803;28;621981095;10803;703;12162;12466;3.09;0.19;370.04;21.21;1359;34;4300.00;304
10805;28;621981114;10805;702;12162;12466;3.15;0.19;370.01;21.21;1357;34;4301.00;304
10808;28;621981128;10808;700;12164;12469;3.21;0.20;370.04;21.21;1356;34;4302.00;305
10808;28;621981143;10808;700;12164;12469;3.25;0.20;370.04;21.21;1356;34;4303.00;305
10809;28;621981157;10809;703;12165;12469;3.32;0.20;370.01;21.20;1356;34;4304.00;304
10809;28;621981171;10809;707;12165;12469;3.35;0.20;370.01;21.20;1356;34;4305.00;304
10811;28;621981186;10811;692;12169;12473;3.41;0.21;370.01;21.20;1358;34;4306.00;304
10813;28;621981202;10813;681;12169;12473;3.41;0.21;369.95;21.20;1356;34;4307.00;304
10813;28;621981218;10813;676;12169;12473;3.47;0.21;369.95;21.20;1356;34;4308.00;304
10815;28;621981232;10815;667;12169;12473;3.53;0.21;369.92;21.20;1354;34;4309.00;304
10817;28;621981248;10817;668;12170;12474;3.55;0.21;369.87;21.28;1353;34;4310.00;304
10820;28;621981262;10820;664;12171;12475;3.63;0.22;369.84;21.28;1351;34;4311.00;304
10820;28;621981279;10820;663;12171;12475;3.71;0.22;369.84;21.28;1351;34;4312.00;304
10821;28;621981294;10821;665;12172;12476;3.76;0.23;369.83;21.28;1351;34;4313.00;304
10821;28;621981309;10821;676;12172;12476;3.79;0.23;369.83;21.28;1351;34;4314.00;304
10822;28;621981325;10822;677;12172;12476;3.79;0.23;369.87;21.28;1350;34;4315.00;304
10824;28;621981340;10824;683;12172;12476;3.80;0.23;369.92;21.28;1348;34;4316.00;304
10824;28;621981354;10824;679;12172;12476;3.82;0.23;369.92;21.28;1348;34;4317.00;304
10824;28;621981369;10824;678;12172;12476;3.81;0.23;369.92;21.28;1348;34;4318.00;304
10824;28;621981384;10824;675;12172;12476;3.81;0.23;369.92;21.28;1348;34;4319.00;304
10826;28;621981400;10826;731;12286;12706;4.10;0.26;369.97;21.08;1460;34;4320.00;420
10827;28;621981437;10827;724;12290;12707;4.15;0.26;369.97;21.08;1463;34;4321.00;417
10828;28;621981453;10828;707;12301;12707;4.22;0.26;369.98;21.06;1473;34;4322.00;406
10829;28;621981469;10829;683;12305;12707;4.22;0.26;369.95;21.05;1476;34;4323.00;402
10831;28;621981484;10831;675;12312;12707;4.24;0.26;370.03;21.04;1481;34;4324.00;395
10831;28;621981501;10831;661;12316;12707;4.30;0.27;370.03;21.04;1485;34;4325.00;391
10834;28;621981517;10834;656;12323;12707;4.34;0.27;370.16;21.03;1489;34;4326.00;384
10834;28;621981534;10834;648;12329;12707;4.41;0.27;370.16;21.02;1495;34;4327.00;378
10834;28;621981551;10834;643;12335;12708;4.45;0.28;370.16;21.02;1501;34;4328.00;373
10836;28;621981568;10836;640;12338;12709;4.45;0.27;370.14;21.01;1502;34;4329.00;371
10836;28;621981590;10836;644;12343;12709;4.45;0.27;370.14;21.01;1507;34;4330.00;366
10838;28;621981606;10838;639;12343;12710;4.46;0.28;370.15;21.01;1505;34;4331.00;367
10839;28;621981623;10839;651;12345;12710;4.48;0.28;370.16;21.01;1506;34;4332.00;365
10840;28;621981645;10840;642;12347;12710;4.49;0.28;370.18;21.01;1507;34;4333.00;363
10841;28;621981662;10841;657;12348;12710;4.50;0.28;370.18;21.01;1507;34;4334.00;362
10841;28;621981695;10841;655;12350;12714;4.54;0.28;370.18;21.00;1509;34;4335.00;364
10842;28;621981736;10842;664;12351;12714;4.58;0.28;370.16;21.00;1509;34;4336.00;363
10842;28;621981762;10842;663;12353;12714;4.64;0.28;370.16;21.00;1511;34;4337.00;361
10843;28;621981797;10843;663;12355;12717;4.71;0.29;370.15;21.00;1512;34;4338.00;362
10843;28;621981817;10843;662;12356;12717;4.74;0.29;370.15;21.00;1513;34;4339.00;361
10844;28;621981835;10844;653;12356;12717;4.78;0.29;370.16;21.00;1512;34;4340.00;361
10845;28;621981854;10845;648;12359;12721;4.81;0.29;370.15;20.99;1514;34;4341.00;362
10850;28;621981874;10850;641;12360;12722;4.83;0.29;370.20;20.99;1510;34;4342.00;362
10853;28;621981901;10853;642;12361;12722;4.85;0.30;370.29;20.99;1508;34;4343.00;361
10858;28;621981931;10858;647;12363;12726;4.83;0.29;370.32;20.99;1505;34;4344.00;363
10860;28;621981951;10860;641;12364;12726;4.84;0.29;370.34;20.99;1504;34;4345.00;362
10862;28;621981971;10862;640;12364;12726;4.87;0.30;370.35;20.99;1502;34;4346.00;362
10864;28;621981996;10864;628;12366;12727;4.85;0.29;370.40;20.99;1502;34;4347.00;361
10864;28;621982014;10864;628;12366;12727;4.88;0.30;370.40;20.99;1502;34;4348.00;361
10867;28;621982032;10867;624;12369;12733;4.85;0.29;370.48;20.98;1502;34;4349.00;364
10869;28;621982064;10869;625;12371;12733;4.85;0.29;370.44;20.98;1502;34;4350.00;362
10873;28;621982084;10873;627;12373;12734;4.80;0.29;370.49;20.99;1500;34;4351.00;361
10877;28;621982103;10877;623;12373;12734;4.76;0.29;370.49;20.99;1496;34;4352.00;361
10881;28;621982122;10881;622;12378;12734;4.68;0.28;370.53;21.08;1497;34;4353.00;356
10881;28;621982143;10881;613;12382;12734;4.66;0.28;370.53;21.15;1501;34;4354.00;352
10886;28;621982165;10886;609;12383;12734;4.60;0.28;370.52;21.22;1497;34;4355.00;351
10886;28;621982183;10886;617;12393;12746;4.63;0.28;370.52;21.20;1507;34;4356.00;353
10889;28;621982204;10889;624;12394;12746;4.59;0.28;370.59;21.20;1505;34;4357.00;352
10891;28;621982224;10891;622;12394;12746;4.60;0.28;370.57;21.20;1503;34;4358.00;352
10893;28;621982243;10893;625;12394;12746;4.62;0.28;370.54;21.20;1501;34;4359.00;352
10894;28;621982261;10894;618;12394;12746;4.63;0.28;370.52;21.20;1500;34;4360.00;352
10895;28;621982278;10895;613;12394;12746;4.64;0.28;370.52;21.20;1499;34;4361.00;352
10897;28;621982295;10897;610;12397;12750;4.63;0.28;370.50;21.20;1500;34;4362.00;353
10897;28;621982314;10897;619;12397;12750;4.65;0.28;370.50;21.20;1500;34;4363.00;353
10899;28;621982332;10899;627;12400;12754;4.70;0.29;370.46;21.19;1501;34;4364.00;354
10901;28;621982352;10901;624;12402;12756;4.71;0.29;370.62;21.19;1501;34;4365.00;354
10904;28;621982371;10904;622;12402;12756;4.72;0.29;370.89;21.19;1498;34;4366.00;354
10905;28;621982393;10905;630;12403;12756;4.73;0.29;370.89;21.19;1498;34;4367.00;353
10911;28;621982413;10911;627;12414;12769;4.72;0.29;370.97;21.18;1503;34;4368.00;355
10912;28;621982433;10912;631;12414;12769;4.72;0.29;371.09;21.18;1502;34;4369.00;355
10913;28;621982454;10913;632;12417;12769;4.72;0.29;371.14;21.18;1504;34;4370.00;352
10916;28;621982474;10916;631;12418;12770;4.69;0.29;371.12;21.18;1502;34;4371.00;352
10918;28;621982491;10918;643;12418;12771;4.70;0.29;371.10;21.18;1500;34;4372.00;353
10920;28;621982509;10920;639;12420;12771;4.67;0.29;371.12;21.18;1500;34;4373.00;351
10922;28;621982528;10922;640;12423;12774;4.65;0.28;371.19;21.18;1501;34;4374.00;351
10926;28;621982547;10926;642;12423;12774;4.62;0.28;371.29;21.18;1497;34;4375.00;351
10929;28;621982565;10929;644;12425;12774;4.60;0.28;371.45;21.18;1496;34;4376.00;349
10930;28;621982583;10930;652;12426;12774;4.60;0.28;371.45;21.26;1496;34;4377.00;348
10932;28;621982601;10932;666;12431;12780;4.61;0.28;371.52;21.25;1499;34;4378.00;349
10935;28;621982619;10935;667;12432;12780;4.56;0.28;371.60;21.25;1497;34;4379.00;348
10935;28;621982640;10935;679;12432;12780;4.51;0.27;371.60;21.25;1497;34;4380.00;348
10939;28;621982658;10939;683;12432;12780;4.43;0.27;371.68;21.25;1493;34;4381.00;348
10942;28;621982677;10942;688;12436;12784;4.39;0.27;371.74;21.32;1494;34;4382.00;348
10943;28;621982696;10943;691;12440;12785;4.41;0.27;371.79;21.33;1497;34;4383.00;345
10946;28;621982713;10946;700;12441;12785;4.40;0.27;371.81;21.40;1495;34;4384.00;344
10947;28;621982730;10947;701;12443;12786;4.41;0.27;371.85;21.41;1496;34;4385.00;343
10950;28;621982747;10950;701;12444;12786;4.39;0.27;371.77;21.41;1494;34;4386.00;342
10957;28;621982770;10957;700;12446;12786;4.36;0.27;371.91;21.49;1489;34;4387.00;340
10959;28;621982787;10959;704;12446;12786;4.36;0.27;371.96;21.49;1487;34;4388.00;340
10962;28;621982804;10962;715;12448;12786;4.38;0.27;372.00;21.56;1486;34;4389.00;338
10964;28;621982821;10964;712;12448;12786;4.38;0.27;371.99;21.56;1484;34;4390.00;338
10965;28;621982839;10965;717;12451;12786;4.33;0.27;372.03;21.71;1486;34;4391.00;335
10968;28;621982856;10968;722;12486;12856;4.44;0.27;372.03;21.65;1518;34;4392.00;370
10969;28;621982880;10969;717;12489;12857;4.42;0.27;372.03;21.64;1520;34;4393.00;368
10971;28;621982898;10971;714;12497;12857;4.41;0.27;372.05;21.78;1526;34;4394.00;360
10975;28;621982914;10975;713;12500;12857;4.38;0.27;372.02;21.78;1525;34;4395.00;357
10980;28;621982931;10980;711;12506;12857;4.36;0.27;372.11;21.92;1526;34;4396.00;351
10982;28;621982948;10982;711;12507;12857;4.32;0.26;372.09;21.92;1525;34;4397.00;350
10983;28;621982966;10983;706;12512;12857;4.30;0.26;372.14;21.98;1529;34;4398.00;345
10985;28;621982983;10985;707;12517;12857;4.30;0.26;372.17;22.05;1532;34;4399.00;340
10989;28;621983000;10989;709;12519;12858;4.29;0.26;372.12;22.05;1530;34;4400.00;339
10990;28;621983026;10990;712;12523;12859;4.27;0.26;372.18;22.19;1533;34;4401.00;336
10992;28;621983043;10992;708;12525;12859;4.26;0.26;372.24;22.18;1533;34;4402.00;334
10995;28;621983061;10995;708;12528;12863;4.18;0.25;372.23;22.25;1533;34;4403.00;335
10998;28;621983078;10998;703;12529;12863;4.12;0.25;372.31;22.32;1531;34;4404.00;334
11000;28;621983095;11000;706;12529;12863;4.13;0.25;372.27;22.32;1529;34;4405.00;334
11002;28;621983113;11002;703;12529;12863;4.15;0.25;372.36;22.32;1527;34;4406.00;334
11004;28;621983129;11004;708;12536;12869;4.23;0.26;372.36;22.46;1532;34;4407.00;333
11007;28;621983147;11007;704;12536;12869;4.30;0.26;372.51;22.46;1529;34;4408.00;333
11011;28;621983164;11011;701;12536;12869;4.36;0.27;372.56;22.46;1525;34;4409.00;333
11014;28;621983183;11014;705;12541;12875;4.41;0.27;372.56;22.45;1527;34;4410.00;334
11019;28;621983203;11019;705;12541;12875;4.41;0.27;372.67;22.45;1522;34;4411.00;334
11023;28;621983223;11023;704;12542;12875;4.36;0.26;372.76;22.44;1519;34;4412.00;333
11025;28;621983242;11025;706;12542;12876;4.31;0.26;372.85;22.44;1517;34;4413.00;334
11032;28;621983259;11032;711;12543;12877;4.24;0.26;373.05;22.44;1511;34;4414.00;334
11037;28;621983283;11037;725;12543;12877;4.18;0.25;373.24;22.44;1506;34;4415.00;334
11041;28;621983302;11041;721;12552;12890;4.17;0.25;373.20;22.43;1511;34;4416.00;338
11047;28;621983319;11047;725;12553;12890;4.12;0.25;373.39;22.43;1506;34;4417.00;337
11051;28;621983336;11051;725;12554;12890;4.08;0.25;373.42;22.43;1503;34;4418.00;336
11053;28;621983352;11053;726;12555;12891;4.03;0.25;373.45;22.42;1502;34;4419.00;336
11058;28;621983368;11058;715;12555;12891;4.00;0.24;373.60;22.42;1497;34;4420.00;336
11062;28;621983385;11062;710;12558;12895;4.02;0.25;373.71;22.42;1496;34;4421.00;337
11066;28;621983403;11066;711;12558;12895;4.01;0.24;373.84;22.42;1492;34;4422.00;337
11069;28;621983419;11069;707;12560;12899;4.00;0.24;373.82;22.42;1491;34;4423.00;339
11074;28;621983435;11074;711;12560;12899;3.97;0.24;373.86;22.42;1486;34;4424.00;339
11078;28;621983451;11078;711;12561;12899;3.93;0.24;373.90;22.42;1483;34;4425.00;338
11081;28;621983468;11081;713;12561;12899;3.90;0.24;373.93;22.42;1480;34;4426.00;338
11084;28;621983484;11084;712;12561;12899;3.87;0.24;373.91;22.42;1477;34;4427.00;338
11088;28;621983500;11088;713;12572;12911;3.89;0.24;373.94;22.40;1484;34;4428.00;339
11091;28;621983518;11091;715;12572;12911;3.84;0.23;374.01;22.40;1481;34;4429.00;339
11097;28;621983533;11097;717;12573;12911;3.77;0.23;374.12;22.40;1476;34;4430.00;338
11099;28;621983550;11099;711;12574;12911;3.74;0.23;374.12;22.40;1475;34;4431.00;337
11102;28;621983566;11102;702;12574;12911;3.70;0.23;374.26;22.40;1472;34;4432.00;337
11107;28;621983587;11107;703;12574;12911;3.64;0.22;374.23;22.40;1467;34;4433.00;337
11111;28;621983603;11111;696;12574;12912;3.64;0.22;374.31;22.40;1463;34;4434.00;338
11117;28;621983618;11117;693;12574;12912;3.63;0.22;374.46;22.40;1457;34;4435.00;338
11119;28;621983633;11119;698;12578;12918;3.68;0.23;374.56;22.39;1459;34;4436.00;340
11124;28;621983649;11124;698;12578;12919;3.64;0.22;374.55;22.39;1454;34;4437.00;341
11129;28;621983664;11129;698;12578;12919;3.59;0.22;374.58;22.39;1449;34;4438.00;341
11130;28;621983686;11130;703;12578;12919;3.58;0.22;374.57;22.39;1448;34;4439.00;341
11134;28;621983714;11134;702;12582;12924;3.59;0.22;374.54;22.38;1448;34;4440.00;342
11138;28;621983739;11138;708;12582;12924;3.55;0.22;374.56;22.38;1444;34;4441.00;342
11139;28;621983763;11139;710;12582;12924;3.54;0.22;374.54;22.38;1443;34;4442.00;342
11143;28;621983785;11143;713;12583;12925;3.48;0.21;374.48;22.38;1440;34;4443.00;342
11145;28;621983803;11145;714;12586;12929;3.46;0.21;374.46;22.38;1441;34;4444.00;343
11148;28;621983820;11148;708;12587;12929;3.43;0.21;374.39;22.47;1439;34;4445.00;342
11151;28;621983840;11151;701;12588;12932;3.45;0.21;374.39;22.47;1437;34;4446.00;344
11153;28;621983857;11153;697;12588;12932;3.45;0.21;374.35;22.47;1435;34;4447.00;344
11158;28;621983873;11158;701;12588;12932;3.41;0.21;374.35;22.47;1430;34;4448.00;344
11164;28;621983891;11164;704;12588;12932;3.35;0.21;374.27;22.47;1424;34;4449.00;344
11167;28;621983908;11167;706;12591;12936;3.37;0.21;374.30;22.46;1424;34;4450.00;345
11171;28;621983924;11171;712;12592;12936;3.34;0.21;374.29;22.46;1421;34;4451.00;344
11173;28;621983941;11173;713;12592;12936;3.32;0.20;374.27;22.46;1419;34;4452.00;344
11177;28;621983957;11177;718;12593;12936;3.30;0.20;374.21;22.47;1416;34;4453.00;343
11181;28;621983974;11181;717;12593;12937;3.29;0.20;374.19;22.47;1412;34;4454.00;344
11186;28;621983991;11186;719;12595;12939;3.25;0.20;374.19;22.46;1409;34;4455.00;344
11188;28;621984007;11188;720;12596;12939;3.24;0.20;374.17;22.46;1408;34;4456.00;343
11192;28;621984023;11192;717;12598;12940;3.20;0.20;374.14;22.46;1406;34;4457.00;342
11196;28;621984039;11196;718;12599;12940;3.14;0.19;374.09;22.46;1403;34;4458.00;341
11201;28;621984054;11201;730;12599;12940;3.08;0.19;374.05;22.46;1398;34;4459.00;341
11204;28;621984069;11204;727;12599;12940;3.06;0.19;374.01;22.46;1395;34;4460.00;341
11206;28;621984084;11206;733;12600;12940;3.01;0.18;373.99;22.46;1394;34;4461.00;340
11208;28;621984099;11208;733;12601;12940;2.96;0.18;373.93;22.46;1393;34;4462.00;339
11208;28;621984113;11208;738;12601;12940;2.97;0.18;373.93;22.46;1393;34;4463.00;339
11209;28;621984128;11209;759;12667;13067;3.33;0.21;373.90;22.34;1458;34;4464.00;400
11209;28;621984155;11209;755;12670;13068;3.32;0.21;373.90;22.34;1461;34;4465.00;398
11211;28;621984171;11211;764;12677;13068;3.33;0.21;373.94;22.33;1466;34;4466.00;391
11211;28;621984186;11211;760;12682;13068;3.34;0.21;373.94;22.32;1471;34;4467.00;386
11213;28;621984202;11213;749;12689;13068;3.36;0.21;373.93;22.31;1476;34;4468.00;379
11214;28;621984219;11214;752;12694;13068;3.40;0.21;373.90;22.30;1480;34;4469.00;374
11215;28;621984237;11215;749;12697;13068;3.44;0.21;373.89;22.30;1482;34;4470.00;371
11216;28;621984253;11216;749;12700;13068;3.43;0.21;373.88;22.30;1484;34;4471.00;368
11217;28;621984270;11217;756;12702;13069;3.42;0.21;373.85;22.29;1485;34;4472.00;367
11218;28;621984289;11218;762;12703;13070;3.41;0.21;373.83;22.29;1485;34;4473.00;367
11220;28;621984307;11220;764;12704;13070;3.38;0.21;373.79;22.29;1484;34;4474.00;366
11220;28;621984324;11220;757;12706;13071;3.38;0.21;373.79;22.29;1486;34;4475.00;365
11224;28;621984342;11224;740;12709;13071;3.39;0.21;373.80;22.38;1485;34;4476.00;362
11225;28;621984360;11225;733;12711;13071;3.44;0.21;373.80;22.38;1486;34;4477.00;360
11227;28;621984377;11227;721;12713;13071;3.50;0.22;373.77;22.38;1486;34;4478.00;358
11230;28;621984395;11230;710;12719;13075;3.61;0.22;373.81;22.37;1489;34;4479.00;356
11230;28;621984413;11230;699;12719;13075;3.73;0.23;373.81;22.37;1489;34;4480.00;356
11231;28;621984431;11231;690;12721;13075;3.84;0.24;373.81;22.37;1490;34;4481.00;354
11231;28;621984467;11231;679;12723;13078;3.97;0.24;373.81;22.37;1492;34;4482.00;355
11233;28;621984486;11233;678;12723;13078;4.06;0.25;373.80;22.37;1490;34;4483.00;355
11233;28;621984504;11233;669;12723;13078;4.12;0.25;373.80;22.37;1490;34;4484.00;355
11236;28;621984522;11236;670;12727;13082;4.18;0.25;373.79;22.36;1491;34;4485.00;355
11237;28;621984546;11237;665;12730;13083;4.26;0.26;373.81;22.36;1493;35;4486.00;353
11239;28;621984573;11239;659;12731;13083;4.30;0.26;373.76;22.36;1492;35;4487.00;352
11242;28;621984593;11242;651;12735;13087;4.31;0.26;373.79;22.36;1493;35;4488.00;352
11243;29;621984613;11243;640;12736;13087;4.33;0.26;373.76;22.36;1493;36;4489.00;351
11244;29;621984646;11244;643;12736;13087;4.38;0.27;373.81;22.36;1492;36;4490.00;351
11246;29;621984666;11246;642;12737;13088;4.41;0.27;373.84;22.36;1491;36;4491.00;351
11247;29;621984698;11247;636;12738;13088;4.45;0.27;373.82;22.35;1491;36;4492.00;350
11247;29;621984717;11247;633;12743;13094;4.47;0.27;373.82;22.35;1496;36;4493.00;351
11248;29;621984734;11248;631;12743;13094;4.47;0.27;373.85;22.35;1495;36;4494.00;351
11249;29;621984751;11249;635;12743;13095;4.48;0.27;373.85;22.35;1494;36;4495.00;352
11252;29;621984771;11252;633;12743;13095;4.47;0.27;373.81;22.35;1491;36;4496.00;352
11255;29;621984790;11255;636;12744;13095;4.48;0.27;373.87;22.44;1489;36;4497.00;351
11256;29;621984808;11256;627;12744;13095;4.50;0.27;373.85;22.44;1488;36;4498.00;351
11258;29;621984825;11258;625;12744;13095;4.51;0.27;373.99;22.44;1486;36;4499.00;351
11260;29;621984846;11260;629;12770;13145;4.53;0.28;374.09;22.40;1510;36;4500.00;375
11264;29;621984873;11264;620;12770;13147;4.51;0.28;374.22;22.40;1506;36;4501.00;377
11266;29;621984897;11266;621;12774;13147;4.55;0.28;374.25;22.39;1508;36;4502.00;373
11269;29;621984915;11269;616;12774;13147;4.53;0.28;374.33;22.39;1505;36;4503.00;373
11270;29;621984933;11270;614;12776;13147;4.59;0.28;374.33;22.39;1506;36;4504.00;371
11270;29;621984950;11270;616;12776;13147;4.63;0.28;374.33;22.39;1506;36;4505.00;371
11273;29;621984970;11273;618;12779;13151;4.63;0.28;374.36;22.38;1506;36;4506.00;372
11275;29;621984988;11275;621;12780;13151;4.63;0.28;374.38;22.38;1505;36;4507.00;371
11276;29;621985005;11276;622;12785;13155;4.63;0.28;374.45;22.37;1509;36;4508.00;370
11279;29;621985023;11279;625;12786;13156;4.62;0.28;374.50;22.37;1507;36;4509.00;370
11282;29;621985041;11282;629;12786;13156;4.60;0.28;374.61;22.37;1504;36;4510.00;370
11283;29;621985059;11283;624;12786;13156;4.61;0.28;374.65;22.37;1503;36;4511.00;370
11284;29;621985077;11284;629;12798;13169;4.58;0.28;374.69;22.45;1514;36;4512.00;371
11287;29;621985096;11287;617;12798;13169;4.54;0.28;374.68;22.45;1511;36;4513.00;371
11287;29;621985113;11287;611;12799;13169;4.56;0.28;374.68;22.45;1512;36;4514.00;370
11290;29;621985130;11290;611;12800;13170;4.58;0.28;374.70;22.45;1510;36;4515.00;370
11292;29;621985148;11292;610;12800;13171;4.61;0.28;374.78;22.45;1508;36;4516.00;371
11294;29;621985165;11294;610;12800;13171;4.65;0.28;374.92;22.45;1506;36;4517.00;371
11298;29;621985183;11298;616;12804;13174;4.63;0.28;374.97;22.44;1506;36;4518.00;370
11301;29;621985201;11301;618;12804;13174;4.67;0.28;375.13;22.44;1503;36;4519.00;370
11308;29;621985219;11308;616;12805;13174;4.70;0.29;375.20;22.44;1497;36;4520.00;369
11310;29;621985237;11310;617;12806;13174;4.67;0.28;375.23;22.54;1496;36;4521.00;368
11313;29;621985255;11313;617;12810;13180;4.63;0.28;375.30;22.53;1497;36;4522.00;370
11317;29;621985273;11317;610;12810;13180;4.59;0.28;375.32;22.53;1493;36;4523.00;370
11320;29;621985290;11320;607;12811;13180;4.56;0.28;375.30;22.53;1491;36;4524.00;369
11322;29;621985314;11322;603;12811;13180;4.53;0.28;375.31;22.53;1489;36;4525.00;369
11323;29;621985332;11323;600;12815;13184;4.54;0.28;375.30;22.53;1492;36;4526.00;369
11326;29;621985351;11326;603;12816;13185;4.54;0.28;375.37;22.53;1490;36;4527.00;369
11328;29;621985368;11328;607;12816;13185;4.52;0.28;375.38;22.53;1488;36;4528.00;369
11333;29;621985386;11333;605;12817;13186;4.51;0.28;375.49;22.53;1484;36;4529.00;369
11338;29;621985406;11338;608;12818;13186;4.48;0.27;375.50;22.53;1480;36;4530.00;368
11341;29;621985422;11341;618;12818;13186;4.45;0.27;375.58;22.53;1477;36;4531.00;368
11344;29;621985440;11344;631;12819;13186;4.43;0.27;375.66;22.53;1475;36;4532.00;367
11348;29;621985457;11348;628;12819;13186;4.39;0.27;375.73;22.53;1471;36;4533.00;367
11351;29;621985474;11351;632;12819;13186;4.37;0.27;375.70;22.53;1468;36;4534.00;367
11355;29;621985491;11355;639;12819;13186;4.37;0.27;375.68;22.53;1464;36;4535.00;367
11358;29;621985507;11358;652;12856;13256;4.46;0.27;375.72;22.47;1498;36;4536.00;400
11359;29;621985531;11359;651;12858;13257;4.49;0.27;375.74;22.46;1499;36;4537.00;399
11361;29;621985548;11361;658;12865;13257;4.51;0.28;375.76;22.46;1504;36;4538.00;392
11363;29;621985566;11363;656;12865;13257;4.51;0.28;375.72;22.46;1502;36;4539.00;392
11364;29;621985583;11364;661;12871;13257;4.57;0.28;375.71;22.45;1507;36;4540.00;386
11366;29;621985601;11366;664;12874;13257;4.59;0.28;375.67;22.45;1508;36;4541.00;383
11370;29;621985619;11370;659;12876;13257;4.57;0.28;375.70;22.44;1506;36;4542.00;381
11371;29;621985636;11371;656;12877;13257;4.59;0.28;375.69;22.44;1506;36;4543.00;380
11373;29;621985654;11373;664;12881;13258;4.57;0.28;375.63;22.44;1508;36;4544.00;377
11377;29;621985691;11377;669;12884;13260;4.58;0.28;375.68;22.44;1507;36;4545.00;376
11381;29;621985721;11381;665;12886;13260;4.52;0.28;375.72;22.44;1505;36;4546.00;374
11385;29;621985747;11385;661;12889;13264;4.48;0.27;375.75;22.43;1504;36;4547.00;375
11387;29;621985775;11387;663;12889;13264;4.46;0.27;375.73;22.43;1502;36;4548.00;375
11388;29;621985798;11388;671;12889;13264;4.46;0.27;375.75;22.43;1501;36;4549.00;375
11391;29;621985818;11391;674;12889;13264;4.41;0.27;375.92;22.43;1498;36;4550.00;375
11393;29;621985837;11393;677;12893;13270;4.36;0.27;375.98;22.42;1500;36;4551.00;377
11396;29;621985857;11396;677;12893;13270;4.30;0.26;376.01;22.42;1497;36;4552.00;377
11401;29;621985878;11401;688;12893;13270;4.25;0.26;376.33;22.42;1492;36;4553.00;377
11404;29;621985897;11404;684;12894;13273;4.26;0.26;376.43;22.42;1490;36;4554.00;379
11407;29;621985914;11407;693;12894;13273;4.26;0.26;376.42;22.42;1487;36;4555.00;379
11409;29;621985933;11409;695;12894;13273;4.24;0.26;376.59;22.42;1485;36;4556.00;379
11412;29;621985951;11412;697;12894;13274;4.23;0.26;376.69;22.42;1482;36;4557.00;380
11414;29;621985969;11414;693;12895;13275;4.26;0.26;376.84;22.42;1481;36;4558.00;380
11414;29;621985988;11414;692;12895;13275;4.29;0.26;376.84;22.42;1481;36;4559.00;380
11414;29;621986007;11414;700;12911;13301;4.37;0.27;376.84;22.39;1497;36;4560.00;390
11417;29;621986027;11417;685;12912;13301;4.40;0.27;376.94;22.39;1495;36;4561.00;389
11418;29;621986045;11418;690;12914;13301;4.43;0.27;376.91;22.39;1496;36;4562.00;387
11421;29;621986062;11421;685;12915;13302;4.44;0.27;376.98;22.39;1494;36;4563.00;387
11423;29;621986080;11423;688;12915;13302;4.42;0.27;377.03;22.39;1492;36;4564.00;387
11427;29;621986097;11427;690;12918;13306;4.40;0.27;377.13;22.38;1491;36;4565.00;388
11430;29;621986115;11430;696;12918;13306;4.35;0.27;377.25;22.38;1488;36;4566.00;388
11432;29;621986138;11432;694;12920;13310;4.30;0.26;377.29;22.38;1488;36;4567.00;390
11436;29;621986155;11436;700;12920;13310;4.26;0.26;377.40;22.38;1484;36;4568.00;390
11440;29;621986174;11440;692;12920;13310;4.20;0.26;377.47;22.38;1480;36;4569.00;390
11441;29;621986192;11441;687;12920;13310;4.22;0.26;377.49;22.38;1479;36;4570.00;390
11444;29;621986209;11444;683;12920;13310;4.21;0.26;377.54;22.38;1476;36;4571.00;390
11447;29;621986227;11447;681;12927;13322;4.24;0.26;377.66;22.37;1480;36;4572.00;395
11449;29;621986245;11449;676;12927;13322;4.24;0.26;377.69;22.37;1478;36;4573.00;395
11450;29;621986261;11450;674;12929;13322;4.27;0.26;377.76;22.36;1479;36;4574.00;393
11453;29;621986277;11453;675;12929;13322;4.24;0.26;377.82;22.36;1476;36;4575.00;393
11455;29;621986294;11455;680;12930;13322;4.25;0.26;377.81;22.36;1475;36;4576.00;392
11459;29;621986314;11459;677;12930;13322;4.25;0.26;377.86;22.36;1471;36;4577.00;392
11462;29;621986330;11462;684;12930;13323;4.23;0.26;377.98;22.36;1468;36;4578.00;393
11467;29;621986346;11467;678;12930;13323;4.20;0.26;378.21;22.36;1463;36;4579.00;393
11470;30;621986362;11470;680;12934;13329;4.19;0.25;378.23;22.36;1464;37;4580.00;395
11473;30;621986401;11473;673;12934;13330;4.16;0.25;378.36;22.36;1461;37;4581.00;396
11475;30;621986417;11475;684;12934;13330;4.11;0.25;378.38;22.36;1459;37;4582.00;396
11482;30;621986433;11482;681;12934;13330;3.99;0.24;378.50;22.36;1452;37;4583.00;396
11485;30;621986449;11485;679;12937;13334;3.93;0.24;378.58;22.35;1452;37;4584.00;397
11488;30;621986465;11488;677;12937;13334;3.85;0.23;378.66;22.35;1449;37;4585.00;397
11493;30;621986482;11493;681;12937;13334;3.75;0.23;378.66;22.35;1444;37;4586.00;397
11494;30;621986501;11494;680;12938;13335;3.65;0.22;378.78;22.35;1444;37;4587.00;397
11496;30;621986523;11496;690;12940;13339;3.60;0.22;378.79;22.35;1444;37;4588.00;399
11502;30;621986538;11502;703;12940;13339;3.46;0.21;378.87;22.35;1438;37;4589.00;399
11503;30;621986558;11503;694;12943;13345;3.41;0.21;378.87;22.34;1440;37;4590.00;402
11505;30;621986575;11505;687;12943;13345;3.36;0.21;378.88;22.34;1438;37;4591.00;402
11508;30;621986591;11508;684;12943;13345;3.31;0.20;378.87;22.34;1435;37;4592.00;402
11512;30;621986606;11512;673;12943;13345;3.26;0.20;379.01;22.34;1431;37;4593.00;402
11515;30;621986622;11515;670;12946;13349;3.25;0.20;378.98;22.34;1431;37;4594.00;403
11517;30;621986637;11517;675;12946;13349;3.22;0.20;378.98;22.34;1429;37;4595.00;403
11522;30;621986651;11522;673;12946;13349;3.19;0.19;378.91;22.34;1424;37;4596.00;403
11525;30;621986666;11525;670;12946;13349;3.15;0.19;378.87;22.34;1421;37;4597.00;403
11530;30;621986683;11530;661;12946;13350;3.12;0.19;378.85;22.34;1416;37;4598.00;404
11534;30;621986699;11534;652;12946;13351;3.09;0.19;378.82;22.34;1412;37;4599.00;405
11535;30;621986714;11535;656;12946;13351;3.10;0.19;378.82;22.34;1411;37;4600.00;405
11537;30;621986734;11537;659;12947;13352;3.12;0.19;378.78;22.33;1410;37;4601.00;405
11542;30;621986748;11542;654;12947;13352;3.10;0.19;378.73;22.33;1405;37;4602.00;405
11543;30;621986763;11543;647;12947;13352;3.14;0.19;378.75;22.33;1404;37;4603.00;405
11546;30;621986778;11546;644;12947;13352;3.14;0.19;378.75;22.33;1401;37;4604.00;405
11552;30;621986793;11552;648;12947;13352;3.12;0.19;378.64;22.33;1395;37;4605.00;405
11552;30;621986808;11552;643;12947;13352;3.17;0.19;378.64;22.33;1395;37;4606.00;405
11557;30;621986823;11557;638;12947;13352;3.15;0.19;378.55;22.33;1390;37;4607.00;405
11560;30;621986837;11560;645;13003;13479;3.55;0.22;378.51;22.24;1443;37;4608.00;476
11562;30;621986864;11562;637;13008;13480;3.57;0.22;378.54;22.23;1446;37;4609.00;472
11567;30;621986879;11567;644;13016;13480;3.58;0.22;378.43;22.22;1449;37;4610.00;464
11573;30;621986895;11573;642;13020;13480;3.54;0.22;378.41;22.21;1447;37;4611.00;460
11574;30;621986910;11574;646;13022;13480;3.56;0.22;378.38;22.21;1448;37;4612.00;458
11575;30;621986925;11575;649;13025;13480;3.54;0.22;378.39;22.31;1450;37;4613.00;455
11577;30;621986947;11577;649;13027;13480;3.49;0.22;378.39;22.31;1450;37;4614.00;453
11581;30;621986962;11581;648;13029;13480;3.44;0.21;378.41;22.30;1448;37;4615.00;451
11583;30;621986978;11583;656;13030;13481;3.41;0.21;378.36;22.30;1447;37;4616.00;451
11587;30;621986993;11587;656;13032;13482;3.35;0.21;378.40;22.30;1445;37;4617.00;450
11590;30;621987009;11590;659;13033;13482;3.30;0.20;378.39;22.30;1443;37;4618.00;449
11592;30;621987024;11592;662;13034;13483;3.26;0.20;378.41;22.30;1442;37;4619.00;449
11595;30;621987042;11595;658;13035;13483;3.21;0.20;378.41;22.30;1440;37;4620.00;448
11597;30;621987063;11597;666;13038;13483;3.18;0.20;378.44;22.30;1441;37;4621.00;445
11600;30;621987079;11600;670;13039;13483;3.15;0.19;378.43;22.30;1439;37;4622.00;444
11603;30;621987094;11603;670;13041;13487;3.14;0.19;378.40;22.30;1438;37;4623.00;446
11605;30;621987114;11605;670;13042;13487;3.15;0.19;378.40;22.30;1437;37;4624.00;445
11607;30;621987129;11607;676;13042;13487;3.14;0.19;378.41;22.30;1435;37;4625.00;445
11610;30;621987144;11610;683;13043;13490;3.13;0.19;378.42;22.30;1433;37;4626.00;447
11613;30;621987160;11613;664;13044;13490;3.17;0.19;378.40;22.31;1431;37;4627.00;446
11614;30;621987175;11614;658;13045;13490;3.19;0.20;378.41;22.31;1431;37;4628.00;445
11614;30;621987190;11614;659;13048;13494;3.25;0.20;378.41;22.32;1434;37;4629.00;446
11617;30;621987206;11617;648;13049;13495;3.29;0.20;378.45;22.31;1432;37;4630.00;446
11619;30;621987221;11619;644;13050;13495;3.33;0.20;378.43;22.32;1431;37;4631.00;445
11621;30;621987236;11621;642;13053;13499;3.35;0.21;378.41;22.31;1432;37;4632.00;446
11625;30;621987252;11625;632;13056;13499;3.40;0.21;378.49;22.33;1431;37;4633.00;443
11628;30;621987268;11628;632;13056;13499;3.46;0.21;378.51;22.33;1428;37;4634.00;443
11630;30;621987283;11630;624;13058;13501;3.49;0.21;378.51;22.34;1428;37;4635.00;443
11633;30;621987305;11633;628;13058;13501;3.51;0.21;378.61;22.34;1425;37;4636.00;443
11636;30;621987321;11636;621;13062;13507;3.55;0.22;378.67;22.34;1426;37;4637.00;445
11637;30;621987339;11637;607;13065;13507;3.57;0.22;378.67;22.34;1428;37;4638.00;442
11641;30;621987355;11641;604;13065;13508;3.57;0.22;378.58;22.34;1424;37;4639.00;443
11642;31;621987370;11642;602;13066;13508;3.60;0.22;378.58;22.35;1424;38;4640.00;442
11644;31;621987398;11644;597;13067;13508;3.63;0.22;378.58;22.35;1423;38;4641.00;441
11648;31;621987417;11648;595;13068;13508;3.60;0.22;378.63;22.35;1420;38;4642.00;440
11649;32;621987433;11649;599;13070;13508;3.65;0.22;378.60;22.36;1421;39;4643.00;438
11651;32;621987461;11651;594;13078;13520;3.76;0.23;378.59;22.34;1427;39;4644.00;442
11651;32;621987478;11651;581;13078;13520;3.81;0.23;378.59;22.34;1427;39;4645.00;442
11654;32;621987499;11654;566;13079;13520;3.84;0.23;378.66;22.34;1425;39;4646.00;441
11656;32;621987520;11656;555;13079;13520;3.87;0.24;378.77;22.34;1423;39;4647.00;441
11659;32;621987536;11659;553;13079;13520;3.93;0.24;378.76;22.34;1420;39;4648.00;441
11659;32;621987553;11659;546;13080;13520;4.01;0.24;378.76;22.35;1421;39;4649.00;440
11662;32;621987571;11662;546;13082;13526;4.07;0.25;378.82;22.34;1420;39;4650.00;444
11665;32;621987589;11665;541;13082;13526;4.13;0.25;378.89;22.34;1417;39;4651.00;444
11666;32;621987607;11666;542;13085;13530;4.17;0.25;378.88;22.34;1419;39;4652.00;445
11668;32;621987630;11668;547;13085;13531;4.16;0.25;378.91;22.34;1417;39;4653.00;446
11672;32;621987648;11672;545;13086;13531;4.15;0.25;378.97;22.34;1414;39;4654.00;445
11676;32;621987665;11676;550;13086;13531;4.12;0.25;379.02;22.34;1410;39;4655.00;445
11678;32;621987686;11678;559;13096;13544;4.17;0.25;379.10;22.33;1418;39;4656.00;448
11679;32;621987714;11679;555;13097;13544;4.18;0.25;379.10;22.32;1418;39;4657.00;447
11683;32;621987740;11683;544;13097;13544;4.17;0.25;379.20;22.32;1414;39;4658.00;447
11685;32;621987764;11685;543;13098;13545;4.21;0.26;379.23;22.32;1413;39;4659.00;447
11688;32;621987787;11688;541;13098;13546;4.23;0.26;379.31;22.32;1410;39;4660.00;448
11691;32;621987805;11691;539;13098;13546;4.26;0.26;379.33;22.32;1407;39;4661.00;448
11692;32;621987823;11692;539;13099;13549;4.31;0.26;379.37;22.32;1407;39;4662.00;450
11694;32;621987842;11694;537;13099;13549;4.30;0.26;379.35;22.32;1405;39;4663.00;450
11696;32;621987860;11696;537;13099;13549;4.31;0.26;379.34;22.32;1403;39;4664.00;450
11698;32;621987878;11698;542;13100;13549;4.32;0.26;379.40;22.32;1402;39;4665.00;449
11699;32;621987896;11699;544;13105;13555;4.33;0.26;379.48;22.32;1406;39;4666.00;450
11702;32;621987913;11702;544;13105;13555;4.32;0.26;379.53;22.32;1403;39;4667.00;450
11705;32;621987931;11705;547;13105;13555;4.32;0.26;379.67;22.32;1400;39;4668.00;450
11706;32;621987948;11706;553;13105;13555;4.35;0.26;379.67;22.32;1399;39;4669.00;450
11707;32;621987965;11707;552;13106;13559;4.35;0.26;379.70;22.32;1399;39;4670.00;453
11708;32;621987983;11708;554;13106;13560;4.38;0.26;379.75;22.32;1398;39;4671.00;454
11709;32;621987999;11709;555;13106;13560;4.39;0.27;379.74;22.32;1397;39;4672.00;454
11714;32;621988016;11714;556;13107;13561;4.38;0.27;379.82;22.32;1393;39;4673.00;454
11715;32;621988033;11715;555;13107;13561;4.40;0.27;379.80;22.32;1392;39;4674.00;454
11720;32;621988051;11720;555;13108;13561;4.39;0.27;379.92;22.32;1388;39;4675.00;453
11721;32;621988067;11721;550;13108;13561;4.42;0.27;379.95;22.32;1387;39;4676.00;453
11723;32;621988083;11723;555;13108;13561;4.44;0.27;380.02;22.32;1385;39;4677.00;453
11727;32;621988100;11727;550;13109;13561;4.50;0.27;380.12;22.43;1382;39;4678.00;452
11729;32;621988118;11729;548;13109;13561;4.53;0.28;380.15;22.43;1380;39;4679.00;452
11732;32;621988135;11732;565;13164;13686;4.58;0.28;380.17;22.34;1432;39;4680.00;522
11732;32;621988163;11732;554;13164;13687;4.61;0.28;380.17;22.34;1432;39;4681.00;523
11737;32;621988180;11737;540;13168;13687;4.66;0.29;380.39;22.34;1431;39;4682.00;519
11739;32;621988197;11739;542;13173;13687;4.71;0.29;380.48;22.60;1434;40;4683.00;514
11741;32;621988226;11741;538;13173;13687;4.74;0.29;380.49;22.60;1432;40;4684.00;514
11744;32;621988250;11744;538;13176;13687;4.75;0.29;380.52;22.60;1432;40;4685.00;511
11749;32;621988272;11749;535;13176;13687;4.76;0.29;380.55;22.60;1427;40;4686.00;511
11752;32;621988290;11752;542;13178;13687;4.80;0.29;380.68;22.59;1426;41;4687.00;509
11754;32;621988312;11754;538;13181;13688;4.84;0.30;380.64;22.59;1427;41;4688.00;507
11761;32;621988333;11761;546;13183;13689;4.80;0.29;380.83;22.59;1422;41;4689.00;506
11763;32;621988350;11763;541;13185;13689;4.84;0.30;380.86;22.59;1422;41;4690.00;504
11767;32;621988365;11767;537;13189;13693;4.81;0.29;381.04;22.58;1422;41;4691.00;504
11770;32;621988381;11770;535;13190;13693;4.75;0.29;381.06;22.58;1420;41;4692.00;503
11772;32;621988399;11772;531;13191;13693;4.71;0.29;381.16;22.58;1419;41;4693.00;502
11775;32;621988415;11775;530;13191;13693;4.69;0.29;381.26;22.58;1416;41;4694.00;502
11778;32;621988431;11778;530;13193;13699;4.73;0.29;381.34;22.58;1415;41;4695.00;506
11783;32;621988447;11783;531;13193;13699;4.73;0.29;381.44;22.58;1410;41;4696.00;506
11788;32;621988464;11788;533;13194;13699;4.71;0.29;381.48;22.58;1406;41;4697.00;505
11791;32;621988481;11791;529;13195;13702;4.73;0.29;381.49;22.58;1404;41;4698.00;507
11795;32;621988497;11795;525;13195;13702;4.74;0.29;381.58;22.58;1400;41;4699.00;507
11799;32;621988514;11799;529;13195;13702;4.76;0.29;381.66;22.58;1396;41;4700.00;507
11804;32;621988533;11804;524;13195;13703;4.77;0.29;381.82;22.58;1391;41;4701.00;508
11808;32;621988549;11808;519;13196;13704;4.77;0.29;381.85;22.58;1388;41;4702.00;508
11814;32;621988565;11814;516;13197;13704;4.75;0.29;381.85;22.58;1383;41;4703.00;507
11819;32;621988580;11819;522;13205;13717;4.76;0.29;381.99;22.56;1386;41;4704.00;512
11822;32;621988599;11822;523;13207;13717;4.81;0.29;382.00;22.57;1385;41;4705.00;510
11827;32;621988614;11827;527;13207;13717;4.81;0.29;382.15;22.57;1380;41;4706.00;510
11830;32;621988630;11830;529;13209;13718;4.81;0.29;382.14;22.57;1379;41;4707.00;509
11836;32;621988646;11836;528;13210;13718;4.77;0.29;382.19;22.57;1374;41;4708.00;508
11837;32;621988662;11837;528;13212;13722;4.79;0.29;382.18;22.57;1375;41;4709.00;510
11840;32;621988682;11840;530;13213;13722;4.74;0.29;382.26;22.57;1373;41;4710.00;509
11842;32;621988699;11842;536;13214;13726;4.72;0.29;382.28;22.57;1372;41;4711.00;512
11844;32;621988714;11844;545;13214;13726;4.70;0.29;382.35;22.57;1370;41;4712.00;512
11847;32;621988730;11847;550;13215;13726;4.70;0.29;382.46;22.57;1368;41;4713.00;511
11850;33;621988745;11850;551;13216;13726;4.68;0.29;382.51;22.57;1366;42;4714.00;510
11850;33;621988779;11850;544;13217;13726;4.69;0.29;382.51;22.56;1367;42;4715.00;509
11851;33;621988794;11851;550;13224;13738;4.66;0.29;382.51;22.55;1373;42;4716.00;514
11853;33;621988809;11853;555;13224;13738;4.60;0.28;382.52;22.55;1371;42;4717.00;514
11854;33;621988824;11854;555;13225;13738;4.56;0.28;382.56;22.55;1371;42;4718.00;513
11857;33;621988839;11857;560;13225;13738;4.52;0.28;382.59;22.55;1368;42;4719.00;513
11858;33;621988853;11858;570;13225;13738;4.49;0.28;382.62;22.55;1367;42;4720.00;513
11861;33;621988868;11861;576;13225;13738;4.43;0.27;382.73;22.55;1364;42;4721.00;513
11864;33;621988889;11864;576;13225;13739;4.44;0.27;382.79;22.55;1361;43;4722.00;514
11869;33;621988912;11869;573;13225;13739;4.40;0.27;382.86;22.55;1356;43;4723.00;514
11871;33;621988927;11871;571;13228;13745;4.42;0.27;383.00;22.55;1357;43;4724.00;517
11872;33;621988942;11872;573;13228;13747;4.43;0.27;383.00;22.55;1356;43;4725.00;519
11878;33;621988956;11878;572;13228;13747;4.45;0.27;383.15;22.55;1350;44;4726.00;519
11882;33;621988981;11882;573;13228;13747;4.46;0.27;383.21;22.55;1346;44;4727.00;519
11884;33;621988996;11884;580;13231;13751;4.50;0.27;383.27;22.54;1347;44;4728.00;520
11886;33;621989011;11886;579;13231;13751;4.50;0.28;383.37;22.54;1345;44;4729.00;520
11887;33;621989027;11887;578;13231;13751;4.53;0.28;383.47;22.54;1344;44;4730.00;520
11890;33;621989042;11890;584;13232;13752;4.51;0.28;383.56;22.54;1342;44;4731.00;520
11896;33;621989057;11896;588;13236;13756;4.46;0.27;383.65;22.57;1340;45;4732.00;520
11898;33;621989079;11898;597;13236;13756;4.45;0.27;383.65;22.57;1338;45;4733.00;520
11898;33;621989093;11898;594;13237;13759;4.44;0.27;383.65;22.56;1339;45;4734.00;522
11901;33;621989108;11901;591;13237;13759;4.43;0.27;383.81;22.56;1336;45;4735.00;522
11905;33;621989123;11905;586;13237;13759;4.39;0.27;383.96;22.56;1332;45;4736.00;522
11906;33;621989137;11906;590;13237;13759;4.36;0.27;383.95;22.56;1331;45;4737.00;522
11908;33;621989152;11908;595;13239;13763;4.36;0.27;384.00;22.56;1331;45;4738.00;524
11910;33;621989166;11910;590;13239;13763;4.31;0.26;384.06;22.56;1329;45;4739.00;524
11911;33;621989182;11911;595;13239;13763;4.30;0.26;384.08;22.56;1328;45;4740.00;524
11913;33;621989197;11913;592;13239;13763;4.28;0.26;384.16;22.56;1326;45;4741.00;524
11915;33;621989211;11915;581;13239;13764;4.25;0.26;384.16;22.56;1324;45;4742.00;525
11917;33;621989226;11917;574;13239;13765;4.22;0.26;384.15;22.56;1322;45;4743.00;526
11921;33;621989239;11921;575;13239;13765;4.21;0.26;384.09;22.56;1318;45;4744.00;526
11923;33;621989253;11923;572;13240;13766;4.25;0.26;384.14;22.56;1317;45;4745.00;526
11926;33;621989268;11926;567;13240;13766;4.29;0.26;384.11;22.56;1314;45;4746.00;526
11926;33;621989282;11926;565;13240;13766;4.34;0.27;384.11;22.56;1314;45;4747.00;526
11930;33;621989299;11930;562;13240;13766;4.33;0.26;384.05;22.56;1310;45;4748.00;526
11933;33;621989313;11933;562;13240;13766;4.34;0.27;384.01;22.56;1307;45;4749.00;526
11934;33;621989327;11934;558;13240;13766;4.36;0.27;383.99;22.56;1306;45;4750.00;526
11935;33;621989340;11935;554;13240;13766;4.37;0.27;384.00;22.56;1305;45;4751.00;526
11938;33;621989354;11938;566;13294;13893;4.63;0.29;383.96;22.47;1356;45;4752.00;599
11941;33;621989381;11941;566;13297;13894;4.60;0.28;383.95;22.46;1356;45;4753.00;597
11945;33;621989396;11945;564;13304;13894;4.59;0.28;383.96;22.45;1359;46;4754.00;590
11947;33;621989419;11947;559;13309;13894;4.53;0.28;383.94;22.46;1362;46;4755.00;585
11951;33;621989433;11951;564;13313;13894;4.50;0.28;383.87;22.45;1362;46;4756.00;581
11954;33;621989447;11954;561;13316;13894;4.41;0.27;383.84;22.45;1362;46;4757.00;578
11956;33;621989462;11956;562;13317;13894;4.29;0.26;383.82;22.45;1361;46;4758.00;577
11962;33;621989476;11962;571;13320;13894;4.20;0.26;383.80;22.45;1358;46;4759.00;574
11967;33;621989498;11967;561;13322;13895;4.16;0.25;383.77;22.45;1355;46;4760.00;573
11968;33;621989512;11968;563;13324;13896;4.17;0.26;383.78;22.44;1356;46;4761.00;572
11970;33;621989527;11970;568;13325;13896;4.14;0.25;383.75;22.44;1355;46;4762.00;571
11972;33;621989541;11972;567;13326;13897;4.13;0.25;383.72;22.44;1354;46;4763.00;571
11973;33;621989556;11973;578;13326;13897;4.12;0.25;383.76;22.44;1353;46;4764.00;571
11975;33;621989570;11975;586;13328;13897;4.10;0.25;383.73;22.44;1353;46;4765.00;569
11977;33;621989585;11977;598;13330;13897;4.04;0.25;383.69;22.44;1353;46;4766.00;567
11977;33;621989599;11977;589;13333;13901;4.01;0.25;383.69;22.44;1356;46;4767.00;568
11978;33;621989614;11978;586;13333;13901;3.98;0.25;383.70;22.44;1355;46;4768.00;568
11980;33;621989633;11980;591;13334;13901;3.94;0.24;383.70;22.44;1354;46;4769.00;567
11982;33;621989650;11982;591;13335;13907;3.88;0.24;383.74;22.44;1353;46;4770.00;572
11984;33;621989665;11984;588;13335;13907;3.83;0.24;383.70;22.44;1351;46;4771.00;572
11987;33;621989683;11987;594;13336;13907;3.78;0.23;383.74;22.44;1349;46;4772.00;571
11989;33;621989705;11989;587;13337;13911;3.75;0.23;383.76;22.44;1348;46;4773.00;574
11992;33;621989729;11992;587;13338;13912;3.75;0.23;383.73;22.44;1346;46;4774.00;574
11997;33;621989752;11997;583;13339;13912;3.70;0.23;383.72;22.44;1342;46;4775.00;573
12000;33;621989773;12000;569;13342;13916;3.72;0.23;383.66;22.44;1342;46;4776.00;574
12001;33;621989795;12001;567;13343;13916;3.76;0.23;383.63;22.44;1342;46;4777.00;573
12003;33;621989812;12003;557;13343;13916;3.76;0.23;383.65;22.44;1340;46;4778.00;573
12005;33;621989828;12005;549;13344;13917;3.79;0.23;383.65;22.44;1339;46;4779.00;573
12009;33;621989845;12009;543;13344;13917;3.81;0.24;383.64;22.44;1335;46;4780.00;573
12013;33;621989863;12013;531;13348;13923;3.85;0.24;383.66;22.43;1335;46;4781.00;575
12015;33;621989880;12015;522;13350;13923;3.88;0.24;383.65;22.54;1335;46;4782.00;573
12020;33;621989897;12020;513;13350;13924;3.90;0.24;383.64;22.54;1330;46;4783.00;574
12022;33;621989913;12022;503;13350;13924;3.91;0.24;383.64;22.54;1328;46;4784.00;574
12026;33;621989936;12026;493;13351;13924;3.91;0.24;383.59;22.54;1325;46;4785.00;573
12031;33;621989958;12031;489;13352;13924;3.93;0.24;383.63;22.56;1321;46;4786.00;572
12033;33;621989975;12033;495;13354;13924;3.99;0.24;383.65;22.57;1321;46;4787.00;570
12037;33;621989997;12037;496;13362;13936;4.08;0.25;383.70;22.56;1325;46;4788.00;574
12039;33;621990018;12039;495;13366;13936;4.09;0.25;383.79;22.59;1327;46;4789.00;570
12045;33;621990037;12045;495;13366;13936;4.06;0.25;383.85;22.59;1321;46;4790.00;570
12046;33;621990057;12046;501;13366;13936;4.12;0.25;383.82;22.59;1320;46;4791.00;570
12050;33;621990073;12050;505;13367;13936;4.17;0.25;383.82;22.60;1317;46;4792.00;569
12053;33;621990090;12053;508;13369;13936;4.17;0.25;383.84;22.63;1316;46;4793.00;567
12054;33;621990106;12054;504;13370;13940;4.21;0.26;383.84;22.62;1316;46;4794.00;570
12055;33;621990122;12055;500;13372;13940;4.22;0.26;383.85;22.65;1317;46;4795.00;568
12057;33;621990137;12057;501;13376;13944;4.23;0.26;383.84;22.66;1319;46;4796.00;568
12060;33;621990153;12060;503;13378;13945;4.22;0.26;383.91;22.68;1318;46;4797.00;567
12061;33;621990168;12061;510;13379;13945;4.23;0.26;383.89;22.69;1318;46;4798.00;566
12063;33;621990184;12063;513;13380;13945;4.26;0.26;383.91;22.70;1317;46;4799.00;565
12065;33;621990201;12065;516;13402;13986;4.32;0.26;383.88;22.68;1337;46;4800.00;584
12066;33;621990226;12066;518;13404;13986;4.33;0.26;383.89;22.70;1338;46;4801.00;582
12069;33;621990243;12069;508;13405;13986;4.34;0.26;383.91;22.70;1336;46;4802.00;581
12070;33;621990258;12070;510;13411;13987;4.36;0.27;383.91;22.83;1341;46;4803.00;576
12074;33;621990274;12074;518;13411;13988;4.36;0.27;383.96;22.83;1337;46;4804.00;577
12075;33;621990290;12075;517;13413;13988;4.38;0.27;384.05;22.83;1338;46;4805.00;575
12076;33;621990306;12076;526;13416;13991;4.40;0.27;384.02;22.84;1340;46;4806.00;575
12079;33;621990322;12079;519;13420;13991;4.36;0.27;384.17;22.88;1341;46;4807.00;571
12080;33;621990342;12080;511;13422;13991;4.36;0.27;384.18;22.89;1342;46;4808.00;569
12083;33;621990362;12083;508;13424;13991;4.33;0.26;384.23;22.90;1341;46;4809.00;567
12087;33;621990381;12087;504;13428;13997;4.31;0.26;384.19;22.91;1341;46;4810.00;569
12092;33;621990398;12092;510;13429;13997;4.29;0.26;384.28;22.91;1337;46;4811.00;568
12094;33;621990416;12094;512;13432;13997;4.32;0.26;384.30;22.93;1338;46;4812.00;565
12094;33;621990432;12094;514;13432;13997;4.36;0.27;384.30;22.93;1338;46;4813.00;565
12098;33;621990448;12098;520;13434;14001;4.33;0.26;384.26;22.93;1336;46;4814.00;567
12101;33;621990465;12101;524;13439;14003;4.34;0.26;384.31;22.97;1338;46;4815.00;564
12105;33;621990482;12105;512;13439;14003;4.39;0.27;384.36;22.97;1334;46;4816.00;564
12106;33;621990498;12106;509;13440;14004;4.47;0.27;384.38;22.96;1334;46;4817.00;564
12109;33;621990516;12109;505;13442;14004;4.53;0.28;384.41;22.98;1333;46;4818.00;562
12111;33;621990532;12111;497;13443;14004;4.60;0.28;384.52;23.09;1332;46;4819.00;561
12111;33;621990549;12111;498;13445;14004;4.62;0.28;384.52;23.10;1334;46;4820.00;559
12113;33;621990567;12113;491;13446;14004;4.62;0.28;384.52;23.10;1333;46;4821.00;558
12116;33;621990585;12116;488;13446;14004;4.64;0.28;384.60;23.10;1330;46;4822.00;558
12116;33;621990607;12116;500;13449;14004;4.64;0.28;384.60;23.13;1333;46;4823.00;555
12118;33;621990624;12118;518;13486;14074;4.69;0.29;384.68;23.06;1368;46;4824.00;588
12121;33;621990651;12121;509;13486;14075;4.69;0.29;384.80;23.06;1365;46;4825.00;589
12123;33;621990700;12123;508;13492;14075;4.70;0.29;384.89;23.07;1369;46;4826.00;583
12127;33;621990716;12127;507;13492;14075;4.70;0.29;385.15;23.07;1365;46;4827.00;583
12129;33;621990734;12129;508;13497;14077;4.74;0.29;385.22;23.07;1368;46;4828.00;580
12133;33;621990750;12133;506;13501;14077;4.74;0.29;385.32;23.09;1368;46;4829.00;576
12136;33;621990769;12136;510;13505;14077;4.73;0.29;385.48;23.10;1369;46;4830.00;572
12139;33;621990785;12139;515;13508;14077;4.74;0.29;385.59;23.10;1369;46;4831.00;569
12141;33;621990801;12141;518;13513;14078;4.77;0.29;385.67;23.11;1372;46;4832.00;565
12144;33;621990818;12144;521;13517;14079;4.82;0.29;385.86;23.12;1373;46;4833.00;562
12148;33;621990835;12148;529;13517;14079;4.83;0.29;385.85;23.12;1369;46;4834.00;562
12149;33;621990851;12149;534;13521;14083;4.85;0.30;385.85;23.13;1372;46;4835.00;562
12153;33;621990868;12153;536;13524;14083;4.87;0.30;385.82;23.26;1371;46;4836.00;559
12153;33;621990884;12153;543;13525;14083;4.89;0.30;385.82;23.27;1372;46;4837.00;558
12155;33;621990899;12155;545;13527;14083;4.88;0.30;385.85;23.27;1372;46;4838.00;556
12157;33;621990916;12157;547;13533;14089;4.90;0.30;385.90;23.28;1376;46;4839.00;556
12159;33;621990934;12159;542;13534;14089;4.93;0.30;385.98;23.29;1375;46;4840.00;555
12165;33;621990950;12165;544;13534;14089;4.95;0.30;386.06;23.29;1369;46;4841.00;555
12167;33;621990967;12167;540;13538;14092;5.02;0.31;386.07;23.32;1371;46;4842.00;554
12168;33;621990985;12168;544;13540;14092;5.04;0.31;386.11;23.34;1372;46;4843.00;552
12172;33;621991007;12172;551;13543;14092;5.00;0.31;386.19;23.36;1371;46;4844.00;549
12173;33;621991024;12173;554;13544;14093;5.02;0.31;386.18;23.37;1371;46;4845.00;549
12179;33;621991040;12179;551;13547;14094;4.99;0.30;386.23;23.38;1368;46;4846.00;547
12179;33;621991057;12179;553;13548;14094;4.98;0.30;386.23;23.39;1369;46;4847.00;546
12181;33;621991073;12181;560;13558;14107;4.99;0.30;386.26;23.39;1377;46;4848.00;549
12184;33;621991091;12184;563;13559;14107;5.03;0.31;386.34;23.38;1375;46;4849.00;548
12186;33;621991107;12186;560;13561;14107;5.02;0.31;386.42;23.41;1375;46;4850.00;546
12188;33;621991123;12188;555;13561;14108;5.05;0.31;386.47;23.41;1373;46;4851.00;547
12190;33;621991140;12190;549;13561;14108;5.08;0.31;386.49;23.41;1371;46;4852.00;547
12192;33;621991156;12192;546;13565;14112;5.15;0.31;386.56;23.41;1373;46;4853.00;547
12194;33;621991174;12194;546;13566;14112;5.19;0.31;386.63;23.42;1372;46;4854.00;546
12199;33;621991191;12199;536;13569;14116;5.17;0.31;386.77;23.54;1370;46;4855.00;547
12203;33;621991208;12203;536;13570;14116;5.12;0.31;386.77;23.55;1367;46;4856.00;546
12204;33;621991225;12204;535;13571;14116;5.10;0.31;386.84;23.57;1367;46;4857.00;545
12205;33;621991241;12205;538;13573;14116;5.10;0.31;386.84;23.59;1368;46;4858.00;543
12209;33;621991257;12209;531;13574;14116;5.08;0.31;387.00;23.60;1365;46;4859.00;542
12211;33;621991275;12211;532;13591;14150;5.12;0.31;387.05;23.58;1380;46;4860.00;559
12212;33;621991295;12212;527;13592;14150;5.15;0.32;387.14;23.59;1380;46;4861.00;558
12217;33;621991311;12217;522;13593;14150;5.14;0.31;387.27;23.59;1376;46;4862.00;557
12218;33;621991328;12218;522;13594;14150;5.15;0.32;387.33;23.59;1376;46;4863.00;556
12223;33;621991345;12223;525;13597;14150;5.14;0.31;387.39;23.60;1374;46;4864.00;553
12225;33;621991362;12225;525;13597;14150;5.12;0.31;387.36;23.60;1372;46;4865.00;553
12230;33;621991379;12230;524;13597;14151;5.10;0.31;387.42;23.60;1367;46;4866.00;554
12233;33;621991395;12233;511;13598;14151;5.05;0.31;387.51;23.61;1365;46;4867.00;553
12238;33;621991412;12238;517;13601;14157;5.03;0.31;387.54;23.61;1363;46;4868.00;556
12244;33;621991429;12244;522;13601;14158;4.95;0.30;387.66;23.61;1357;46;4869.00;557
12250;33;621991446;12250;516;13601;14158;4.86;0.30;387.75;23.61;1351;46;4870.00;557
12251;33;621991463;12251;515;13602;14158;4.77;0.29;387.74;23.61;1351;46;4871.00;556
12252;33;621991478;12252;514;13606;14162;4.75;0.29;387.80;23.60;1354;46;4872.00;556
12256;33;621991494;12256;516;13607;14162;4.68;0.28;387.97;23.61;1351;46;4873.00;555
12258;33;621991510;12258;528;13607;14162;4.63;0.28;388.02;23.61;1349;46;4874.00;555
12261;33;621991525;12261;522;13608;14163;4.59;0.28;388.06;23.61;1347;46;4875.00;555
12264;33;621991542;12264;521;13610;14167;4.56;0.28;388.03;23.61;1346;46;4876.00;557
12266;33;621991557;12266;516;13610;14167;4.58;0.28;388.09;23.61;1344;46;4877.00;557
12270;33;621991573;12270;511;13612;14170;4.59;0.28;388.11;23.62;1342;46;4878.00;558
12272;33;621991590;12272;524;13612;14170;4.59;0.28;388.18;23.62;1340;46;4879.00;558
12274;33;621991606;12274;533;13612;14170;4.62;0.28;388.18;23.62;1338;46;4880.00;558
12275;33;621991622;12275;538;13612;14170;4.65;0.28;388.18;23.62;1337;46;4881.00;558
12276;33;621991637;12276;543;13615;14174;4.70;0.29;388.17;23.61;1339;46;4882.00;559
12279;33;621991654;12279;546;13615;14174;4.70;0.29;388.19;23.61;1336;46;4883.00;559
12281;33;621991669;12281;559;13615;14174;4.69;0.29;388.28;23.61;1334;46;4884.00;559
12285;33;621991689;12285;568;13615;14174;4.67;0.29;388.30;23.61;1330;46;4885.00;559
12288;33;621991720;12288;571;13615;14175;4.63;0.28;388.26;23.61;1327;46;4886.00;560
12289;33;621991745;12289;575;13615;14176;4.60;0.28;388.26;23.61;1326;46;4887.00;561
12293;33;621991767;12293;578;13615;14176;4.54;0.28;388.34;23.61;1322;46;4888.00;561
12295;33;621991790;12295;583;13616;14177;4.52;0.28;388.36;23.61;1321;46;4889.00;561
12297;33;621991812;12297;598;13616;14177;4.49;0.28;388.40;23.61;1319;46;4890.00;561
12300;33;621991829;12300;603;13616;14177;4.46;0.27;388.46;23.61;1316;46;4891.00;561
12302;33;621991845;12302;605;13616;14177;4.44;0.27;388.45;23.61;1314;46;4892.00;561
12303;33;621991861;12303;615;13616;14177;4.41;0.27;388.49;23.61;1313;46;4893.00;561
12305;33;621991878;12305;611;13616;14177;4.40;0.27;388.50;23.61;1311;46;4894.00;561
12307;33;621991894;12307;607;13616;14177;4.37;0.27;388.55;23.61;1309;46;4895.00;561
12309;33;621991910;12309;621;13671;14304;4.67;0.29;388.60;23.52;1362;46;4896.00;633
12312;33;621991936;12312;623;13675;14305;4.65;0.29;388.64;23.51;1363;46;4897.00;630
12312;33;621991953;12312;618;13684;14305;4.70;0.29;388.64;23.49;1372;46;4898.00;621
12316;33;621991968;12316;617;13685;14305;4.62;0.29;388.66;23.49;1369;46;4899.00;620
12316;33;621991984;12316;613;13690;14305;4.64;0.29;388.66;23.49;1374;46;4900.00;615
12321;33;621992006;12321;622;13691;14305;4.62;0.29;388.56;23.48;1370;46;4901.00;614
12322;33;621992022;12322;628;13693;14305;4.60;0.29;388.54;23.48;1371;46;4902.00;612
12325;33;621992037;12325;627;13696;14305;4.61;0.29;388.54;23.48;1371;46;4903.00;609
12328;33;621992059;12328;628;13698;14306;4.62;0.28;388.59;23.48;1370;46;4904.00;608
12328;33;621992075;12328;626;13700;14308;4.61;0.28;388.59;23.47;1372;46;4905.00;608
12333;33;621992092;12333;623;13701;14308;4.55;0.28;388.57;23.47;1368;46;4906.00;607
12333;33;621992107;12333;627;13702;14309;4.51;0.28;388.57;23.47;1369;46;4907.00;607
12335;33;621992124;12335;631;13704;14309;4.50;0.28;388.52;23.47;1369;46;4908.00;605
12338;33;621992145;12338;634;13705;14309;4.43;0.27;388.53;23.47;1367;46;4909.00;604
12340;33;621992162;12340;628;13706;14309;4.40;0.27;388.48;23.47;1366;46;4910.00;603
12342;33;621992177;12342;634;13709;14313;4.37;0.27;388.45;23.46;1367;46;4911.00;604
12344;33;621992193;12344;636;13710;14313;4.33;0.27;388.45;23.46;1366;46;4912.00;603
12345;33;621992208;12345;633;13710;14313;4.31;0.27;388.42;23.46;1365;46;4913.00;603
12348;33;621992224;12348;640;13711;14316;4.25;0.26;388.48;23.46;1363;46;4914.00;605
12351;33;621992239;12351;637;13711;14316;4.19;0.26;388.47;23.46;1360;46;4915.00;605
12354;33;621992254;12354;645;13711;14316;4.13;0.25;388.43;23.46;1357;46;4916.00;605
12354;33;621992269;12354;649;13712;14320;4.14;0.25;388.43;23.46;1358;46;4917.00;608
12356;33;621992284;12356;652;13713;14321;4.11;0.25;388.44;23.46;1357;46;4918.00;608
12356;33;621992299;12356;653;13713;14321;4.10;0.25;388.44;23.46;1357;46;4919.00;608
12358;33;621992315;12358;654;13717;14326;4.07;0.25;388.48;23.45;1359;46;4920.00;609
12360;33;621992330;12360;650;13717;14326;4.00;0.25;388.44;23.45;1357;46;4921.00;609
12363;33;621992350;12363;653;13717;14326;3.89;0.24;388.48;23.45;1354;46;4922.00;609
12366;33;621992366;12366;660;13717;14327;3.80;0.23;388.46;23.45;1351;46;4923.00;610
12369;33;621992380;12369;663;13717;14327;3.73;0.23;388.47;23.45;1348;46;4924.00;610
12371;33;621992394;12371;661;13723;14333;3.68;0.23;388.46;23.46;1352;46;4925.00;610
12374;33;621992410;12374;671;13723;14333;3.63;0.22;388.45;23.46;1349;46;4926.00;610
12376;33;621992424;12376;673;13723;14334;3.59;0.22;388.46;23.46;1347;46;4927.00;611
12378;33;621992438;12378;681;13723;14334;3.54;0.22;388.45;23.46;1345;46;4928.00;611
12381;33;621992451;12381;690;13723;14334;3.47;0.21;388.41;23.46;1342;46;4929.00;611
12385;33;621992466;12385;686;13723;14334;3.40;0.21;388.45;23.46;1338;46;4930.00;611
12387;33;621992482;12387;667;13723;14334;3.43;0.21;388.45;23.46;1336;46;4931.00;611
12391;33;621992495;12391;657;13730;14346;3.52;0.22;388.41;23.44;1339;46;4932.00;616
12392;33;621992511;12392;647;13730;14346;3.57;0.22;388.39;23.44;1338;46;4933.00;616
12395;33;621992526;12395;647;13731;14346;3.64;0.22;388.33;23.44;1336;46;4934.00;615
12399;33;621992540;12399;637;13731;14346;3.68;0.22;388.35;23.44;1332;46;4935.00;615
12400;33;621992554;12400;623;13731;14346;3.73;0.23;388.33;23.44;1331;46;4936.00;615
12402;33;621992569;12402;614;13731;14346;3.77;0.23;388.35;23.44;1329;46;4937.00;615
12404;33;621992598;12404;605;13732;14350;3.85;0.23;388.33;23.44;1328;46;4938.00;618
12406;33;621992616;12406;586;13732;14350;3.92;0.24;388.28;23.44;1326;46;4939.00;618
12407;33;621992630;12407;584;13735;14354;4.02;0.24;388.27;23.44;1328;46;4940.00;619
12409;33;621992646;12409;569;13735;14355;4.05;0.25;388.21;23.44;1326;46;4941.00;620
12411;33;621992663;12411;553;13735;14355;4.08;0.25;388.23;23.44;1324;46;4942.00;620
12414;33;621992678;12414;551;13735;14355;4.12;0.25;388.21;23.44;1321;46;4943.00;620
12416;33;621992695;12416;546;13744;14368;4.25;0.26;388.20;23.42;1328;46;4944.00;624
12417;33;621992712;12417;541;13744;14368;4.27;0.26;388.18;23.42;1327;46;4945.00;624
12422;33;621992734;12422;535;13745;14368;4.30;0.26;388.15;23.42;1323;46;4946.00;623
12425;33;621992749;12425;536;13746;14369;4.34;0.26;388.13;23.42;1321;46;4947.00;623
12426;33;621992764;12426;527;13746;14370;4.44;0.27;388.12;23.42;1320;46;4948.00;624
12431;33;621992780;12431;525;13746;14370;4.49;0.27;388.06;23.42;1315;46;4949.00;624
12433;33;621992797;12433;516;13750;14379;4.56;0.28;388.07;23.41;1317;46;4950.00;629
12436;33;621992814;12436;513;13750;14379;4.61;0.28;388.10;23.41;1314;46;4951.00;629
12439;33;621992830;12439;506;13751;14379;4.65;0.28;388.11;23.41;1312;46;4952.00;628
12443;33;621992845;12443;512;13751;14379;4.66;0.28;388.07;23.41;1308;46;4953.00;628
12446;33;621992861;12446;501;13755;14385;4.71;0.29;388.09;23.40;1309;46;4954.00;630
12449;33;621992878;12449;493;13755;14385;4.76;0.29;388.06;23.40;1306;46;4955.00;630
12451;33;621992893;12451;493;13756;14385;4.81;0.29;388.06;23.40;1305;46;4956.00;629
12456;33;621992909;12456;493;13757;14385;4.78;0.29;388.10;23.42;1301;46;4957.00;628
12460;33;621992924;12460;489;13758;14389;4.80;0.29;388.15;23.42;1298;46;4958.00;631
12465;33;621992940;12465;487;13760;14390;4.76;0.29;388.16;23.44;1295;46;4959.00;630
12467;34;621992957;12467;484;13761;14390;4.75;0.29;388.14;23.46;1294;47;4960.00;629
12469;34;621992978;12469;475;13762;14391;4.78;0.29;388.13;23.46;1293;47;4961.00;629
12473;34;621992994;12473;478;13765;14391;4.81;0.29;388.15;23.48;1292;47;4962.00;626
12474;34;621993009;12474;482;13765;14391;4.87;0.29;388.16;23.48;1291;47;4963.00;626
12477;34;621993025;12477;485;13767;14391;4.88;0.30;388.14;23.50;1290;47;4964.00;624
12484;34;621993041;12484;480;13769;14391;4.89;0.30;388.12;23.51;1285;47;4965.00;622
12486;34;621993057;12486;477;13770;14391;4.92;0.30;388.15;23.53;1284;47;4966.00;621
12489;34;621993078;12489;482;13772;14391;4.95;0.30;388.17;23.55;1283;47;4967.00;619
12494;34;621993093;12494;497;13814;14461;5.00;0.30;388.25;23.50;1320;47;4968.00;647
12496;34;621993117;12496;488;13817;14462;5.07;0.31;388.24;23.53;1321;47;4969.00;645
12498;34;621993133;12498;487;13822;14462;5.11;0.31;388.28;23.53;1324;47;4970.00;640
12504;34;621993149;12504;485;13826;14462;5.09;0.31;388.44;23.55;1322;47;4971.00;636
12508;34;621993166;12508;482;13828;14462;5.09;0.31;388.56;23.55;1320;47;4972.00;634
12509;34;621993183;12509;487;13830;14462;5.09;0.31;388.53;23.56;1321;47;4973.00;632
12512;34;621993204;12512;495;13835;14462;5.08;0.31;388.65;23.60;1323;47;4974.00;627
12514;34;621993220;12514;503;13840;14462;5.06;0.31;388.72;23.62;1326;47;4975.00;622
12516;34;621993236;12516;506;13841;14463;5.03;0.31;388.78;23.64;1325;47;4976.00;622
12519;34;621993254;12519;497;13843;14464;4.93;0.30;388.85;23.66;1324;47;4977.00;621
12520;34;621993271;12520;495;13845;14464;4.88;0.30;388.89;23.66;1325;47;4978.00;619
12522;34;621993287;12522;496;13847;14468;4.85;0.29;388.96;23.67;1325;47;4979.00;621
12522;34;621993306;12522;497;13852;14468;4.86;0.30;388.96;23.71;1330;47;4980.00;616
12525;34;621993324;12525;501;13856;14468;4.85;0.30;389.11;23.75;1331;47;4981.00;612
12526;34;621993340;12526;502;13856;14468;4.90;0.30;389.14;23.75;1330;47;4982.00;612
12527;34;621993361;12527;506;13863;14474;4.90;0.30;389.20;23.78;1336;47;4983.00;611
12528;34;621993379;12528;512;13864;14474;4.90;0.30;389.24;23.78;1336;48;4984.00;610
12529;34;621993401;12529;516;13865;14474;4.91;0.30;389.24;23.78;1336;48;4985.00;609
12531;34;621993422;12531;503;13869;14477;4.93;0.30;389.33;23.92;1338;48;4986.00;608
12534;34;621993441;12534;494;13871;14477;4.94;0.30;389.47;23.94;1337;48;4987.00;606
12538;34;621993459;12538;494;13873;14477;4.95;0.30;389.64;23.96;1335;48;4988.00;604
12540;34;621993477;12540;491;13874;14478;4.98;0.30;389.69;23.96;1334;48;4989.00;604
12542;34;621993494;12542;490;13878;14479;4.96;0.30;389.69;24.00;1336;48;4990.00;601
12545;34;621993511;12545;496;13879;14479;4.98;0.30;389.72;24.00;1334;48;4991.00;600
12549;34;621993529;12549;487;13893;14492;4.99;0.30;389.75;24.23;1344;49;4992.00;599
12549;34;621993561;12549;491;13895;14492;4.95;0.30;389.75;24.22;1346;49;4993.00;597
12552;34;621993579;12552;498;13896;14492;4.95;0.30;389.85;24.22;1344;49;4994.00;596
12554;34;621993596;12554;510;13898;14494;4.95;0.30;389.84;24.24;1344;49;4995.00;596
12554;34;621993628;12554;514;13898;14494;4.97;0.30;389.84;24.24;1344;49;4996.00;596
12554;34;621993644;12554;518;13903;14498;5.01;0.30;389.84;24.26;1349;49;4997.00;595
12557;34;621993660;12557;515;13905;14498;5.01;0.30;389.86;24.29;1348;49;4998.00;593
12558;34;621993676;12558;515;13908;14502;4.97;0.30;389.85;24.29;1350;49;4999.00;594
12560;34;621993701;12560;520;13910;14502;4.92;0.30;389.88;24.32;1350;49;5000.00;592
12561;34;621993731;12561;520;13910;14502;4.90;0.30;389.91;24.32;1349;49;5001.00;592
12561;34;621993754;12561;518;13913;14502;4.89;0.30;389.91;24.46;1352;49;5002.00;589
12564;34;621993779;12564;524;13913;14502;4.83;0.29;390.04;24.46;1349;49;5003.00;589
12564;34;621993803;12564;530;13923;14514;4.84;0.30;390.04;24.47;1359;49;5004.00;591
12567;34;621993822;12567;531;13923;14514;4.84;0.30;390.19;24.47;1356;49;5005.00;591
12571;34;621993864;12571;535;13926;14514;4.84;0.30;390.36;24.50;1355;49;5006.00;588
12575;34;621993882;12575;536;13926;14514;4.80;0.29;390.34;24.50;1351;49;5007.00;588
12578;34;621993900;12578;541;13928;14514;4.77;0.29;390.37;24.52;1350;49;5008.00;586
12579;34;621993917;12579;536;13929;14514;4.76;0.29;390.40;24.53;1350;49;5009.00;585
12583;34;621993936;12583;537;13931;14515;4.72;0.29;390.49;24.56;1348;49;5010.00;584
12583;34;621993953;12583;539;13932;14515;4.64;0.28;390.49;24.57;1349;49;5011.00;583
12586;34;621993971;12586;548;13937;14521;4.62;0.28;390.46;24.57;1351;49;5012.00;584
12589;34;621993989;12589;552;13937;14522;4.59;0.28;390.59;24.57;1348;49;5013.00;585
12589;34;621994004;12589;548;13939;14522;4.59;0.28;390.59;24.60;1350;49;5014.00;583
12591;34;621994021;12591;552;13939;14522;4.58;0.28;390.61;24.60;1348;49;5015.00;583
12593;34;621994037;12593;552;13944;14526;4.61;0.28;390.65;24.62;1351;49;5016.00;582
12595;34;621994054;12595;552;13944;14526;4.62;0.28;390.67;24.62;1349;49;5017.00;582
12597;34;621994070;12597;556;13946;14526;4.66;0.28;390.69;24.64;1349;49;5018.00;580
12598;34;621994087;12598;555;13947;14527;4.69;0.29;390.72;24.64;1349;49;5019.00;580
12601;34;621994103;12601;553;13951;14531;4.72;0.29;390.74;24.65;1350;49;5020.00;580
12605;34;621994121;12605;555;13951;14531;4.73;0.29;390.83;24.65;1346;49;5021.00;580
12607;34;621994137;12607;547;13953;14534;4.74;0.29;390.86;24.66;1346;49;5022.00;581
12610;34;621994154;12610;544;13954;14534;4.72;0.29;390.97;24.77;1344;49;5023.00;580
12613;34;621994171;12613;546;13957;14534;4.67;0.28;391.05;24.81;1344;49;5024.00;577
12616;34;621994188;12616;540;13958;14534;4.68;0.29;391.16;24.82;1342;49;5025.00;576
12624;34;621994204;12624;538;13961;14538;4.66;0.28;391.20;24.81;1337;49;5026.00;577
12627;34;621994222;12627;531;13962;14538;4.62;0.28;391.20;24.82;1335;49;5027.00;576
12630;34;621994238;12630;528;13962;14538;4.59;0.28;391.28;24.82;1332;49;5028.00;576
12634;34;621994255;12634;517;13963;14538;4.56;0.28;391.28;24.83;1329;49;5029.00;575
12638;34;621994271;12638;509;13963;14539;4.51;0.27;391.31;24.83;1325;49;5030.00;576
12642;34;621994286;12642;503;13964;14540;4.49;0.27;391.45;24.84;1322;49;5031.00;576
12646;34;621994301;12646;500;13964;14540;4.48;0.27;391.62;24.84;1318;49;5032.00;576
12648;34;621994317;12648;495;13966;14541;4.49;0.27;391.63;24.85;1318;49;5033.00;575
12651;34;621994333;12651;484;13966;14541;4.47;0.27;391.61;24.85;1315;49;5034.00;575
12655;34;621994350;12655;482;13967;14541;4.45;0.27;391.75;24.86;1312;49;5035.00;574
12656;34;621994366;12656;477;13967;14541;4.45;0.27;391.77;24.86;1311;49;5036.00;574
12660;34;621994381;12660;478;13967;14541;4.42;0.27;391.88;24.86;1307;49;5037.00;574
12663;34;621994397;12663;475;13967;14541;4.39;0.27;391.83;24.86;1304;49;5038.00;574
12665;34;621994412;12665;484;13968;14541;4.38;0.27;391.84;24.87;1303;49;5039.00;573
12669;34;621994429;12669;521;14063;14771;4.69;0.30;391.83;24.71;1394;49;5040.00;708
12669;34;621994475;12669;526;14068;14772;4.73;0.30;391.83;24.70;1399;49;5041.00;704
12673;34;621994491;12673;524;14076;14772;4.79;0.30;391.87;24.70;1403;49;5042.00;696
12677;34;621994508;12677;530;14082;14772;4.81;0.30;391.91;24.69;1405;49;5043.00;690
12679;34;621994524;12679;527;14088;14772;4.81;0.30;391.95;24.69;1409;49;5044.00;684
12680;34;621994541;12680;529;14094;14772;4.75;0.30;391.98;24.68;1414;49;5045.00;678
12680;34;621994564;12680;536;14098;14772;4.75;0.30;391.98;24.68;1418;49;5046.00;674
12685;34;621994580;12685;547;14102;14772;4.72;0.30;392.02;24.67;1417;49;5047.00;670
12687;34;621994597;12687;550;14108;14773;4.72;0.30;392.00;24.67;1421;49;5048.00;665
12687;34;621994614;12687;553;14112;14774;4.74;0.30;392.00;24.66;1425;49;5049.00;662
12690;34;621994632;12690;556;14117;14774;4.69;0.29;392.02;24.67;1427;49;5050.00;657
12691;34;621994650;12691;573;14122;14775;4.69;0.29;392.04;24.66;1431;49;5051.00;653
12693;34;621994675;12693;570;14126;14775;4.67;0.29;392.01;24.66;1433;49;5052.00;649
12698;34;621994696;12698;577;14127;14775;4.56;0.28;392.07;24.66;1429;49;5053.00;648
12698;34;621994717;12698;583;14129;14775;4.50;0.28;392.07;24.66;1431;49;5054.00;646
12701;34;621994735;12701;586;14133;14779;4.42;0.27;392.05;24.65;1432;49;5055.00;646
12702;34;621994752;12702;591;14136;14779;4.32;0.27;392.07;24.65;1434;49;5056.00;643
12705;34;621994776;12705;597;14138;14779;4.24;0.26;392.16;24.65;1433;49;5057.00;641
12708;34;621994793;12708;605;14140;14782;4.21;0.26;392.15;24.65;1432;49;5058.00;642
12709;34;621994815;12709;615;14140;14782;4.17;0.26;392.13;24.65;1431;49;5059.00;642
12709;34;621994831;12709;628;14141;14782;4.13;0.25;392.13;24.65;1432;49;5060.00;641
12710;34;621994848;12710;639;14143;14786;4.06;0.25;392.12;24.64;1433;49;5061.00;643
12711;34;621994864;12711;640;14144;14787;4.04;0.25;392.14;24.64;1433;49;5062.00;643
12712;34;621994886;12712;645;14145;14787;4.02;0.25;392.11;24.64;1433;49;5063.00;642
12714;34;621994901;12714;657;14148;14791;4.05;0.25;392.15;24.64;1434;49;5064.00;643
12721;34;621994916;12721;671;14148;14791;3.97;0.25;392.07;24.64;1427;49;5065.00;643
12726;34;621994931;12726;668;14149;14791;3.95;0.24;392.12;24.64;1423;49;5066.00;642
12728;34;621994947;12728;671;14150;14792;3.92;0.24;392.09;24.64;1422;49;5067.00;642
12732;34;621994961;12732;675;14150;14792;3.87;0.24;392.11;24.64;1418;49;5068.00;642
12732;34;621994977;12732;677;14156;14798;3.92;0.24;392.11;24.63;1424;49;5069.00;642
12733;34;621994994;12733;683;14156;14798;3.92;0.24;392.12;24.63;1423;49;5070.00;642
12737;34;621995010;12737;685;14157;14799;3.89;0.24;392.11;24.63;1420;49;5071.00;642
12739;34;621995031;12739;693;14157;14799;3.90;0.24;392.10;24.63;1418;49;5072.00;642
12740;34;621995045;12740;695;14158;14799;3.91;0.24;392.07;24.63;1418;49;5073.00;641
12741;34;621995061;12741;699;14158;14799;3.88;0.24;392.08;24.63;1417;49;5074.00;641
12743;34;621995076;12743;699;14159;14799;3.86;0.24;392.06;24.63;1416;49;5075.00;640
12745;34;621995091;12745;706;14169;14811;3.90;0.24;392.00;24.62;1424;49;5076.00;642
12746;34;621995108;12746;711;14169;14811;3.86;0.24;392.01;24.62;1423;49;5077.00;642
12746;34;621995123;12746;719;14169;14811;3.82;0.23;392.01;24.62;1423;49;5078.00;642
12749;34;621995137;12749;715;14169;14811;3.77;0.23;392.06;24.62;1420;49;5079.00;642
12752;34;621995156;12752;719;14169;14811;3.73;0.23;392.06;24.62;1417;49;5080.00;642
12753;34;621995171;12753;719;14169;14811;3.69;0.23;392.08;24.62;1416;49;5081.00;642
12756;34;621995184;12756;712;14170;14815;3.64;0.22;392.05;24.62;1414;49;5082.00;645
12757;34;621995198;12757;703;14170;14815;3.63;0.22;392.02;24.62;1413;49;5083.00;645
12758;34;621995213;12758;691;14173;14819;3.68;0.22;392.00;24.61;1415;49;5084.00;646
12759;34;621995227;12759;683;14173;14821;3.71;0.23;391.98;24.61;1414;49;5085.00;648
12763;34;621995242;12763;678;14173;14821;3.73;0.23;391.95;24.61;1410;49;5086.00;648
12764;34;621995256;12764;681;14173;14821;3.79;0.23;391.92;24.61;1409;49;5087.00;648
12764;34;621995271;12764;668;14183;14834;3.90;0.24;391.92;24.60;1419;49;5088.00;651
12766;34;621995287;12766;658;14183;14834;3.92;0.24;391.93;24.60;1417;49;5089.00;651
12766;34;621995311;12766;653;14183;14834;4.00;0.24;391.93;24.60;1417;49;5090.00;651
12768;34;621995325;12768;657;14184;14835;4.06;0.25;391.89;24.59;1416;49;5091.00;651
12770;34;621995340;12770;656;14184;14836;4.07;0.25;391.85;24.59;1414;49;5092.00;652
12774;34;621995355;12774;661;14184;14836;4.05;0.25;391.92;24.59;1410;49;5093.00;652
12775;34;621995375;12775;665;14187;14839;4.06;0.25;391.91;24.59;1412;49;5094.00;652
12777;34;621995390;12777;664;14187;14839;4.05;0.25;391.89;24.59;1410;49;5095.00;652
12781;34;621995405;12781;662;14187;14839;4.01;0.25;391.83;24.59;1406;49;5096.00;652
12781;34;621995420;12781;667;14187;14839;3.98;0.24;391.83;24.59;1406;49;5097.00;652
12783;34;621995436;12783;670;14191;14845;4.00;0.25;391.81;24.59;1408;49;5098.00;654
12785;34;621995451;12785;677;14191;14845;3.96;0.24;391.79;24.59;1406;49;5099.00;654
12788;34;621995470;12788;670;14195;14864;3.95;0.24;391.82;24.58;1407;49;5100.00;669
12792;34;621995492;12792;653;14195;14864;3.93;0.24;391.77;24.58;1403;49;5101.00;669
12794;34;621995507;12794;644;14196;14868;3.97;0.24;391.75;24.58;1402;49;5102.00;672
12797;34;621995523;12797;629;14196;14869;3.98;0.24;391.78;24.58;1399;49;5103.00;673
12801;34;621995538;12801;622;14196;14869;4.02;0.25;391.84;24.58;1395;49;5104.00;673
12803;34;621995553;12803;617;14197;14870;4.08;0.25;391.88;24.58;1394;49;5105.00;673
12807;34;621995569;12807;606;14200;14870;4.11;0.25;391.81;24.57;1393;49;5106.00;670
12811;34;621995585;12811;591;14200;14870;4.17;0.25;391.97;24.57;1389;49;5107.00;670
12813;34;621995601;12813;579;14200;14870;4.25;0.26;391.98;24.57;1387;49;5108.00;670
12816;34;621995616;12816;567;14200;14870;4.32;0.26;392.02;24.57;1384;49;5109.00;670
12819;34;621995631;12819;557;14200;14870;4.36;0.27;392.01;24.57;1381;49;5110.00;670
12822;34;621995647;12822;542;14202;14870;4.40;0.27;392.03;24.57;1380;49;5111.00;668
12826;34;621995663;12826;561;14246;14940;4.43;0.27;392.06;24.50;1420;49;5112.00;694
12830;34;621995688;12830;538;14249;14941;4.48;0.27;392.10;24.49;1419;49;5113.00;692
12834;34;621995716;12834;521;14250;14941;4.51;0.27;392.15;24.49;1416;49;5114.00;691
12839;34;621995743;12839;508;14252;14941;4.53;0.28;392.17;24.49;1413;49;5115.00;689
12842;34;621995768;12842;501;14252;14941;4.59;0.28;392.29;24.49;1410;49;5116.00;689
12848;34;621995792;12848;493;14254;14941;4.60;0.28;392.36;24.48;1406;49;5117.00;687
12852;34;621995812;12852;482;14254;14941;4.64;0.28;392.38;24.48;1402;49;5118.00;687
12853;34;621995832;12853;484;14254;14941;4.70;0.29;392.47;24.48;1401;49;5119.00;687
12859;34;621995851;12859;483;14254;14942;4.69;0.28;392.57;24.48;1395;49;5120.00;688
12863;34;621995870;12863;483;14254;14943;4.72;0.29;392.52;24.48;1391;49;5121.00;689
12865;34;621995889;12865;486;14255;14943;4.76;0.29;392.57;24.60;1390;49;5122.00;688
12870;34;621995909;12870;487;14259;14947;4.74;0.29;392.66;24.60;1389;49;5123.00;688
12872;34;621995927;12872;477;14261;14947;4.76;0.29;392.65;24.62;1389;49;5124.00;686
12875;34;621995945;12875;483;14261;14947;4.73;0.29;392.74;24.62;1386;49;5125.00;686
12879;34;621995963;12879;473;14262;14947;4.71;0.29;392.71;24.63;1383;49;5126.00;685
12890;34;621995981;12890;490;14265;14953;4.66;0.28;392.84;24.63;1375;49;5127.00;688
12892;34;621996000;12892;497;14266;14953;4.71;0.29;392.90;24.63;1374;49;5128.00;687
12898;34;621996018;12898;493;14268;14953;4.68;0.29;392.97;24.63;1370;49;5129.00;685
12900;34;621996037;12900;497;14270;14959;4.67;0.29;392.96;24.63;1370;49;5130.00;689
12902;34;621996056;12902;496;14273;14959;4.70;0.29;393.01;24.66;1371;49;5131.00;686
12909;34;621996073;12909;491;14275;14959;4.65;0.28;393.09;24.66;1366;49;5132.00;684
12911;34;621996091;12911;499;14277;14960;4.68;0.29;393.12;24.68;1366;49;5133.00;683
12917;34;621996109;12917;497;14280;14961;4.69;0.29;393.14;24.70;1363;49;5134.00;681
12923;34;621996127;12923;491;14283;14961;4.70;0.29;393.21;24.71;1360;49;5135.00;678
12923;34;621996144;12923;492;14293;14974;4.76;0.29;393.21;24.72;1370;49;5136.00;681
12929;34;621996162;12929;488;14294;14974;4.76;0.29;393.27;24.73;1365;49;5137.00;680
12935;34;621996181;12935;484;14296;14974;4.77;0.29;393.37;24.85;1361;49;5138.00;678
12938;34;621996199;12938;484;14299;14975;4.79;0.29;393.36;24.86;1361;49;5139.00;676
12942;34;621996217;12942;485;14303;14975;4.79;0.29;393.42;24.88;1361;49;5140.00;672
12943;34;621996236;12943;480;14309;14979;4.78;0.29;393.40;25.02;1366;49;5141.00;670
12946;34;621996253;12946;483;14312;14979;4.75;0.29;393.42;25.03;1366;49;5142.00;667
12947;34;621996272;12947;488;14314;14983;4.77;0.29;393.41;25.03;1367;49;5143.00;669
12949;34;621996290;12949;489;14318;14983;4.77;0.29;393.46;25.06;1369;49;5144.00;665
12954;34;621996307;12954;496;14319;14983;4.75;0.29;393.49;25.06;1365;49;5145.00;664
12956;34;621996325;12956;499;14320;14983;4.69;0.28;393.55;25.06;1364;49;5146.00;663
12957;34;621996344;12957;494;14324;14983;4.69;0.29;393.57;25.19;1367;49;5147.00;659
12960;34;621996361;12960;495;14331;14995;4.67;0.28;393.60;25.20;1371;49;5148.00;664
12963;34;621996380;12963;493;14334;14995;4.69;0.29;393.64;25.23;1371;49;5149.00;661
12967;34;621996398;12967;496;14334;14995;4.71;0.29;393.67;25.23;1367;49;5150.00;661
12970;34;621996416;12970;499;14337;14995;4.73;0.29;393.67;25.24;1367;49;5151.00;658
12976;34;621996435;12976;498;14337;14995;4.72;0.29;393.75;25.24;1361;49;5152.00;658
12978;34;621996452;12978;503;14339;14995;4.78;0.29;393.77;25.27;1361;49;5153.00;656
12979;34;621996476;12979;509;14340;14996;4.84;0.29;393.87;25.27;1361;49;5154.00;656
12985;34;621996494;12985;512;14344;14998;4.80;0.29;393.98;25.30;1359;49;5155.00;654
12988;34;621996519;12988;504;14348;15004;4.81;0.29;394.01;25.29;1360;49;5156.00;656
12993;34;621996537;12993;498;14350;15005;4.79;0.29;394.20;25.33;1357;49;5157.00;655
12995;34;621996563;12995;496;14351;15005;4.78;0.29;394.28;25.32;1356;49;5158.00;654
12998;34;621996582;12998;498;14353;15005;4.74;0.29;394.39;25.35;1355;49;5159.00;652
12999;34;621996603;12999;502;14356;15010;4.77;0.29;394.42;25.35;1357;49;5160.00;654
13002;34;621996628;13002;504;14359;15010;4.77;0.29;394.57;25.38;1357;49;5161.00;651
13004;34;621996646;13004;508;14359;15010;4.80;0.29;394.72;25.38;1355;49;5162.00;651
13007;34;621996664;13007;510;14362;15011;4.82;0.29;394.69;25.40;1355;49;5163.00;649
13009;34;621996682;13009;517;14365;15015;4.82;0.29;394.69;25.40;1356;49;5164.00;650
13013;34;621996701;13013;516;14367;15015;4.79;0.29;394.94;25.42;1354;49;5165.00;648
13016;34;621996722;13016;520;14369;15018;4.76;0.29;395.00;25.44;1353;49;5166.00;649
13021;34;621996741;13021;522;14370;15018;4.70;0.29;395.14;25.45;1349;49;5167.00;648
13026;34;621996758;13026;520;14371;15018;4.63;0.28;395.33;25.46;1345;49;5168.00;647
13028;34;621996775;13028;520;14371;15018;4.62;0.28;395.31;25.46;1343;49;5169.00;647
13032;34;621996792;13032;517;14376;15022;4.60;0.28;395.61;25.48;1344;49;5170.00;646
13036;34;621996809;13036;518;14377;15022;4.61;0.28;395.73;25.49;1341;49;5171.00;645
13036;34;621996826;13036;521;14378;15022;4.58;0.28;395.73;25.60;1342;49;5172.00;644
13039;34;621996843;13039;519;14380;15022;4.53;0.28;395.70;25.63;1341;49;5173.00;642
13042;34;621996860;13042;523;14380;15023;4.48;0.27;395.69;25.63;1338;49;5174.00;643
13045;34;621996876;13045;525;14381;15025;4.45;0.27;395.71;25.62;1336;49;5175.00;644
13046;34;621996893;13046;535;14383;15025;4.39;0.27;395.81;25.65;1337;49;5176.00;642
13049;34;621996908;13049;522;14384;15026;4.37;0.27;395.91;25.65;1335;49;5177.00;642
13051;34;621996924;13051;522;14384;15026;4.36;0.27;395.90;25.65;1333;49;5178.00;642
13052;34;621996939;13052;514;14386;15026;4.37;0.27;395.88;25.67;1334;49;5179.00;640
13053;34;621996955;13053;518;14387;15026;4.44;0.27;395.87;25.69;1334;49;5180.00;639
13056;34;621996971;13056;523;14387;15026;4.50;0.27;395.88;25.69;1331;49;5181.00;639
13057;34;621996987;13057;524;14389;15026;4.52;0.28;395.87;25.71;1332;49;5182.00;637
13060;34;621997004;13060;527;14390;15026;4.51;0.28;395.88;25.72;1330;49;5183.00;636
13065;34;621997019;13065;553;14461;15153;4.57;0.28;396.08;25.61;1396;49;5184.00;692
13066;34;621997048;13066;543;14462;15154;4.56;0.28;396.08;25.61;1396;49;5185.00;692
13072;34;621997064;13072;535;14468;15154;4.58;0.28;396.19;25.61;1396;49;5186.00;686
13074;34;621997081;13074;544;14470;15154;4.56;0.28;396.22;25.72;1396;49;5187.00;684
13078;34;621997097;13078;546;14474;15154;4.60;0.28;396.27;25.71;1396;49;5188.00;680
13080;34;621997113;13080;549;14477;15154;4.64;0.29;396.28;25.72;1397;49;5189.00;677
13083;34;621997136;13083;549;14480;15154;4.68;0.29;396.30;25.74;1397;49;5190.00;674
13083;34;621997154;13083;546;14483;15154;4.74;0.29;396.30;25.77;1400;49;5191.00;671
13084;34;621997170;13084;550;14485;15155;4.78;0.29;396.33;25.77;1401;49;5192.00;670
13085;34;621997192;13085;548;14487;15156;4.82;0.30;396.33;25.77;1402;49;5193.00;669
13089;34;621997209;13089;558;14489;15156;4.79;0.29;396.35;25.78;1400;49;5194.00;667
13090;34;621997227;13090;556;14490;15157;4.79;0.29;396.33;25.78;1400;49;5195.00;667
13093;34;621997243;13093;559;14494;15157;4.77;0.29;396.36;25.80;1401;49;5196.00;663
13093;34;621997261;13093;561;14495;15157;4.75;0.29;396.36;25.80;1402;49;5197.00;662
13095;34;621997282;13095;567;14497;15157;4.68;0.29;396.35;25.81;1402;49;5198.00;660
13095;34;621997299;13095;578;14499;15161;4.63;0.29;396.35;25.81;1404;49;5199.00;662
13098;34;621997315;13098;575;14502;15161;4.54;0.28;396.31;25.82;1404;49;5200.00;659
13101;34;621997336;13101;580;14502;15161;4.49;0.28;396.29;25.82;1401;49;5201.00;659
13104;34;621997353;13104;576;14503;15164;4.49;0.28;396.24;25.82;1399;49;5202.00;661
13107;34;621997370;13107;580;14506;15164;4.44;0.27;396.22;25.85;1399;49;5203.00;658
13108;34;621997387;13108;587;14507;15164;4.44;0.27;396.23;25.86;1399;49;5204.00;657
13111;34;621997408;13111;589;14513;15168;4.41;0.27;396.19;25.86;1402;49;5205.00;655
13115;34;621997426;13115;594;14516;15169;4.39;0.27;396.24;25.88;1401;49;5206.00;653
13121;34;621997443;13121;594;14516;15169;4.33;0.27;396.20;25.88;1395;50;5207.00;653
13121;34;621997476;13121;597;14520;15173;4.35;0.27;396.20;26.01;1399;50;5208.00;653
13126;34;621997493;13126;601;14520;15173;4.30;0.26;396.15;26.01;1394;50;5209.00;653
13126;34;621997515;13126;604;14521;15173;4.32;0.27;396.15;26.01;1395;50;5210.00;652
13128;34;621997532;13128;605;14522;15174;4.34;0.27;396.17;26.02;1394;50;5211.00;652
13130;34;621997548;13130;605;14523;15174;4.35;0.27;396.19;26.02;1393;50;5212.00;651
13133;34;621997564;13133;604;14526;15180;4.40;0.27;396.18;26.01;1393;50;5213.00;654
13138;34;621997581;13138;611;14526;15180;4.32;0.26;396.27;26.01;1388;50;5214.00;654
13139;34;621997598;13139;611;14526;15180;4.31;0.26;396.24;26.01;1387;50;5215.00;654
13140;34;621997614;13140;609;14528;15181;4.32;0.26;396.21;26.02;1388;50;5216.00;653
13141;34;621997630;13141;605;14528;15181;4.34;0.27;396.25;26.02;1387;50;5217.00;653
13144;34;621997646;13144;615;14528;15181;4.32;0.26;396.27;26.02;1384;50;5218.00;653
13148;34;621997662;13148;619;14529;15181;4.29;0.26;396.26;26.03;1381;50;5219.00;652
13149;34;621997679;13149;628;14550;15217;4.35;0.27;396.25;26.00;1401;50;5220.00;667
13153;34;621997707;13153;630;14552;15217;4.28;0.26;396.18;25.99;1399;50;5221.00;665
13155;34;621997730;13155;631;14554;15217;4.23;0.26;396.13;25.99;1399;50;5222.00;663
13160;34;621997756;13160;638;14558;15217;4.13;0.25;396.10;26.00;1398;50;5223.00;659
13161;34;621997780;13161;643;14558;15217;4.08;0.25;396.07;26.00;1397;50;5224.00;659
13161;34;621997803;13161;649;14560;15217;4.06;0.25;396.07;26.02;1399;50;5225.00;657
13164;35;621997821;13164;649;14564;15221;4.03;0.25;396.02;26.01;1400;51;5226.00;657
13164;35;621997848;13164;655;14564;15221;4.00;0.24;396.02;26.01;1400;51;5227.00;657
13164;35;621997865;13164;656;14566;15225;3.97;0.24;396.02;26.01;1402;51;5228.00;659
13166;35;621997883;13166;662;14567;15226;3.93;0.24;396.04;26.01;1401;51;5229.00;659
13167;35;621997899;13167;669;14568;15226;3.87;0.24;396.02;26.02;1401;51;5230.00;658
13169;35;621997916;13169;674;14568;15226;3.84;0.24;395.98;26.02;1399;51;5231.00;658
13170;35;621997931;13170;691;14577;15239;3.84;0.24;395.97;26.00;1407;51;5232.00;662
13171;35;621997948;13171;695;14578;15239;3.83;0.24;395.96;26.01;1407;51;5233.00;661
13171;35;621997964;13171;712;14579;15239;3.83;0.23;395.96;26.01;1408;51;5234.00;660
13171;35;621997993;13171;702;14580;15240;3.81;0.23;395.96;26.01;1409;51;5235.00;660
13173;35;621998009;13173;700;14580;15241;3.80;0.23;395.95;26.01;1407;51;5236.00;661
13174;35;621998024;13174;697;14580;15241;3.81;0.23;395.93;26.01;1406;51;5237.00;661
13175;35;621998040;13175;701;14581;15244;3.83;0.24;395.98;26.01;1406;51;5238.00;663
13177;35;621998056;13177;698;14581;15244;3.83;0.23;396.01;26.01;1404;51;5239.00;663
13178;35;621998073;13178;702;14581;15244;3.83;0.23;396.00;26.01;1403;51;5240.00;663
13179;35;621998089;13179;705;14581;15244;3.82;0.23;396.01;26.01;1402;51;5241.00;663
13183;35;621998111;13183;707;14584;15250;3.86;0.24;396.06;26.00;1401;51;5242.00;666
13184;35;621998128;13184;711;14584;15250;3.85;0.24;396.09;26.00;1400;51;5243.00;666
13188;35;621998145;13188;708;14584;15250;3.80;0.23;396.02;26.00;1396;51;5244.00;666
13188;35;621998161;13188;706;14584;15250;3.83;0.23;396.02;26.00;1396;51;5245.00;666
13189;35;621998177;13189;711;14587;15254;3.82;0.23;396.01;26.00;1398;51;5246.00;667
13190;35;621998193;13190;709;14587;15255;3.84;0.23;395.99;26.00;1397;51;5247.00;668
13191;35;621998208;13191;715;14587;15255;3.87;0.24;395.97;26.00;1396;51;5248.00;668
13191;35;621998223;13191;717;14588;15256;3.93;0.24;395.97;26.00;1397;51;5249.00;668
13193;35;621998248;13193;713;14588;15256;3.95;0.24;395.96;26.00;1395;51;5250.00;668
13193;35;621998263;13193;711;14588;15256;4.00;0.24;395.96;26.00;1395;51;5251.00;668
13194;35;621998279;13194;721;14588;15256;4.07;0.25;395.95;26.00;1394;51;5252.00;668
13197;35;621998294;13197;712;14588;15256;4.06;0.25;395.90;26.00;1391;51;5253.00;668
13201;35;621998310;13201;707;14588;15256;4.05;0.25;395.85;26.00;1387;51;5254.00;668
13201;35;621998326;13201;708;14588;15256;4.04;0.25;395.85;26.00;1387;51;5255.00;668
13206;35;621998341;13206;708;14618;15326;4.19;0.26;395.77;25.94;1412;51;5256.00;708
13206;35;621998363;13206;707;14620;15327;4.21;0.26;395.77;25.94;1414;51;5257.00;707
13207;35;621998379;13207;696;14626;15327;4.26;0.26;395.75;25.93;1419;51;5258.00;701
13207;35;621998396;13207;691;14631;15327;4.29;0.26;395.75;25.92;1424;51;5259.00;696
13208;35;621998411;13208;682;14633;15327;4.30;0.26;395.81;25.92;1425;51;5260.00;694
13212;35;621998426;13212;680;14635;15327;4.30;0.26;395.90;25.92;1423;51;5261.00;692
13214;35;621998443;13214;680;14637;15327;4.28;0.26;395.93;25.91;1423;51;5262.00;690
13215;35;621998458;13215;684;14638;15327;4.23;0.26;395.95;25.91;1423;51;5263.00;689
13218;36;621998475;13218;687;14639;15328;4.20;0.26;395.98;25.91;1421;52;5264.00;689
13221;36;621998508;13221;680;14643;15330;4.18;0.25;395.92;25.92;1422;52;5265.00;687
13224;36;621998526;13224;686;14644;15330;4.13;0.25;395.99;25.92;1420;52;5266.00;686
13228;36;621998542;13228;684;14647;15334;4.11;0.25;396.00;25.92;1419;52;5267.00;687
13232;36;621998558;13232;687;14648;15334;4.08;0.25;395.96;25.92;1416;52;5268.00;686
13235;36;621998573;13235;681;14648;15334;4.13;0.25;396.08;25.92;1413;52;5269.00;686
13240;36;621998589;13240;680;14649;15334;4.13;0.25;396.10;25.92;1409;52;5270.00;685
13241;36;621998606;13241;674;14652;15340;4.19;0.25;396.09;25.91;1411;52;5271.00;688
13245;36;621998624;13245;673;14652;15340;4.16;0.25;396.14;25.91;1407;52;5272.00;688
13248;36;621998646;13248;664;14652;15340;4.14;0.25;396.21;25.91;1404;52;5273.00;688
13250;36;621998662;13250;667;14654;15343;4.15;0.25;396.33;25.91;1404;52;5274.00;689
13252;36;621998679;13252;668;14654;15343;4.15;0.25;396.32;25.91;1402;52;5275.00;689
13258;36;621998697;13258;673;14654;15343;4.10;0.25;396.52;25.91;1396;52;5276.00;689
13260;36;621998713;13260;665;14654;15344;4.10;0.25;396.60;25.91;1394;52;5277.00;690
13266;36;621998729;13266;654;14656;15345;4.07;0.25;396.80;25.91;1390;52;5278.00;689
13266;36;621998747;13266;646;14656;15345;4.11;0.25;396.80;25.91;1390;52;5279.00;689
13268;36;621998765;13268;643;14673;15371;4.15;0.25;396.82;25.88;1405;52;5280.00;698
13270;36;621998783;13270;625;14675;15371;4.16;0.25;396.82;25.87;1405;52;5281.00;696
13273;36;621998802;13273;616;14677;15371;4.17;0.25;396.92;25.87;1404;52;5282.00;694
13276;36;621998818;13276;611;14677;15372;4.16;0.25;396.99;25.87;1401;52;5283.00;695
13278;36;621998836;13278;604;14678;15372;4.21;0.26;396.97;25.87;1400;52;5284.00;694
13281;36;621998853;13281;602;14680;15376;4.23;0.26;397.08;25.86;1399;52;5285.00;696
13284;36;621998873;13284;599;14680;15376;4.26;0.26;397.13;25.86;1396;52;5286.00;696
13284;36;621998889;13284;590;14683;15379;4.30;0.26;397.13;25.86;1399;52;5287.00;696
13288;36;621998905;13288;584;14683;15380;4.30;0.26;397.16;25.86;1395;52;5288.00;697
13289;36;621998922;13289;579;14686;15380;4.31;0.26;397.19;26.21;1397;53;5289.00;694
13295;36;621998954;13295;578;14686;15380;4.30;0.26;397.20;26.21;1391;53;5290.00;694
13298;36;621998971;13298;575;14687;15380;4.32;0.26;397.32;26.21;1389;53;5291.00;693
13302;36;621998987;13302;569;14693;15392;4.35;0.27;397.34;26.20;1391;53;5292.00;699
13307;36;621999006;13307;570;14693;15392;4.40;0.27;397.40;26.20;1386;53;5293.00;699
13310;36;621999023;13310;569;14694;15392;4.44;0.27;397.40;26.22;1384;53;5294.00;698
13314;36;621999040;13314;558;14694;15392;4.49;0.27;397.45;26.22;1380;53;5295.00;698
13318;36;621999057;13318;565;14694;15392;4.55;0.28;397.50;26.22;1376;53;5296.00;698
13321;36;621999074;13321;561;14695;15392;4.61;0.28;397.50;26.21;1374;53;5297.00;697
13326;36;621999091;13326;547;14695;15393;4.64;0.28;397.56;26.21;1369;53;5298.00;698
13332;36;621999108;13332;548;14695;15393;4.65;0.28;397.60;26.21;1363;53;5299.00;698
13338;36;621999126;13338;554;14698;15399;4.70;0.29;397.75;26.21;1360;53;5300.00;701
13341;36;621999148;13341;555;14700;15400;4.75;0.29;397.79;26.22;1359;53;5301.00;700
13345;36;621999171;13345;552;14702;15400;4.77;0.29;397.85;26.24;1357;53;5302.00;698
13350;36;621999187;13350;549;14702;15400;4.79;0.29;397.94;26.24;1352;53;5303.00;698
13354;36;621999204;13354;554;14705;15404;4.83;0.29;398.20;26.25;1351;53;5304.00;699
13357;36;621999227;13357;557;14706;15404;4.81;0.29;398.35;26.27;1349;53;5305.00;698
13360;36;621999244;13360;563;14708;15404;4.82;0.29;398.45;26.26;1348;53;5306.00;696
13363;36;621999261;13363;561;14709;15405;4.82;0.29;398.50;26.28;1346;53;5307.00;696
13367;36;621999278;13367;560;14715;15409;4.85;0.29;398.50;26.40;1348;53;5308.00;694
13369;36;621999297;13369;556;14716;15409;4.85;0.29;398.54;26.42;1347;53;5309.00;693
13373;36;621999316;13373;562;14719;15415;4.83;0.29;398.62;26.41;1346;53;5310.00;696
13373;36;621999334;13373;553;14721;15415;4.82;0.29;398.62;26.42;1348;53;5311.00;694
13377;36;621999351;13377;557;14722;15415;4.73;0.29;398.65;26.44;1345;53;5312.00;693
13382;36;621999367;13382;558;14722;15415;4.69;0.29;398.65;26.44;1340;53;5313.00;693
13384;36;621999383;13384;554;14726;15419;4.63;0.28;398.67;26.45;1342;53;5314.00;693
13388;36;621999401;13388;557;14728;15419;4.58;0.28;398.74;26.48;1340;53;5315.00;691
13388;36;621999417;13388;557;14728;15419;4.58;0.28;398.74;26.48;1340;53;5316.00;691
13391;36;621999433;13391;551;14729;15419;4.57;0.28;398.75;26.49;1338;53;5317.00;690
13393;36;621999449;13393;543;14730;15420;4.53;0.28;398.80;26.51;1337;53;5318.00;690
13397;36;621999465;13397;539;14731;15421;4.46;0.27;398.93;26.52;1334;53;5319.00;690
13400;36;621999483;13400;529;14731;15421;4.41;0.27;398.88;26.52;1331;53;5320.00;690
13402;36;621999500;13402;528;14733;15422;4.37;0.27;398.87;26.53;1331;53;5321.00;689
13404;36;621999517;13404;527;14734;15422;4.36;0.27;398.88;26.55;1330;53;5322.00;688
13407;36;621999533;13407;527;14735;15422;4.39;0.27;398.88;26.56;1328;53;5323.00;687
13411;36;621999550;13411;534;14737;15422;4.37;0.27;398.99;26.69;1326;53;5324.00;685
13413;36;621999566;13413;539;14738;15422;4.37;0.27;398.99;26.70;1325;53;5325.00;684
13416;37;621999584;13416;539;14739;15422;4.35;0.26;398.97;26.72;1323;54;5326.00;683
13416;37;621999611;13416;540;14741;15422;4.32;0.26;398.97;26.74;1325;54;5327.00;681
13417;37;621999628;13417;558;14813;15549;4.37;0.27;399.01;26.61;1396;54;5328.00;736
13418;37;621999657;13418;555;14815;15550;4.37;0.27;399.00;26.64;1397;54;5329.00;735
13419;37;621999674;13419;552;14818;15550;4.44;0.27;398.99;26.63;1399;54;5330.00;732
13420;37;621999695;13420;552;14818;15550;4.53;0.28;399.04;26.63;1398;54;5331.00;732
13421;37;621999721;13421;543;14821;15550;4.67;0.29;399.05;26.64;1400;54;5332.00;729
13423;37;621999751;13423;535;14822;15550;4.74;0.29;399.12;26.65;1399;54;5333.00;728
13426;37;621999782;13426;543;14824;15550;4.83;0.30;399.26;26.67;1398;54;5334.00;726
13430;37;621999816;13430;542;14826;15550;4.90;0.30;399.26;26.78;1396;54;5335.00;724
13431;37;621999836;13431;544;14827;15551;4.93;0.30;399.28;26.79;1396;54;5336.00;724
13435;37;621999855;13435;541;14831;15552;4.95;0.30;399.32;26.80;1396;54;5337.00;721
13437;37;621999876;13437;534;14831;15552;4.93;0.30;399.33;26.80;1394;54;5338.00;721
13437;37;621999896;13437;536;14835;15553;4.95;0.30;399.33;26.83;1398;54;5339.00;718
13438;37;621999916;13438;530;14838;15553;4.95;0.30;399.35;26.84;1400;54;5340.00;715
13440;37;621999935;13440;539;14842;15553;4.93;0.30;399.43;26.83;1402;54;5341.00;711
13444;37;621999953;13444;538;14847;15553;4.89;0.30;399.60;26.86;1403;54;5342.00;706
13445;37;621999971;13445;536;14851;15557;4.86;0.30;399.60;26.85;1406;54;5343.00;706
13449;37;621999989;13449;551;14855;15557;4.82;0.30;399.69;26.87;1406;54;5344.00;702
13451;37;622000007;13451;552;14856;15557;4.77;0.29;399.69;26.87;1405;54;5345.00;701
13452;37;622000026;13452;556;14858;15560;4.69;0.29;399.69;26.88;1406;54;5346.00;702
13454;37;622000043;13454;553;14858;15560;4.63;0.28;399.66;26.88;1404;54;5347.00;702
13455;37;622000061;13455;561;14858;15560;4.59;0.28;399.66;26.88;1403;54;5348.00;702
13459;37;622000078;13459;564;14864;15564;4.55;0.28;399.73;26.91;1405;54;5349.00;700
13462;37;622000097;13462;563;14867;15565;4.52;0.28;399.80;26.93;1405;54;5350.00;698
13465;37;622000114;13465;563;14868;15565;4.50;0.28;399.80;26.94;1403;54;5351.00;697
13470;37;622000132;13470;566;14871;15569;4.46;0.27;399.87;26.94;1401;54;5352.00;698
13473;37;622000150;13473;572;14872;15569;4.42;0.27;399.83;26.94;1399;54;5353.00;697
13475;37;622000167;13475;578;14872;15569;4.41;0.27;399.87;26.94;1397;54;5354.00;697
13477;37;622000184;13477;581;14874;15571;4.38;0.27;399.99;26.95;1397;54;5355.00;697
13477;37;622000201;13477;584;14876;15571;4.39;0.27;399.99;26.97;1399;54;5356.00;695
13480;37;622000217;13480;593;14881;15577;4.37;0.27;399.95;26.97;1401;54;5357.00;696
13484;37;622000236;13484;581;14882;15577;4.34;0.27;399.94;26.98;1398;54;5358.00;695
13489;37;622000253;13489;587;14884;15577;4.26;0.26;399.96;27.00;1395;54;5359.00;693
13489;37;622000270;13489;575;14886;15578;4.26;0.26;399.96;27.13;1397;54;5360.00;692
13490;37;622000287;13490;572;14887;15578;4.26;0.26;399.94;27.14;1397;54;5361.00;691
13495;37;622000304;13495;566;14889;15578;4.23;0.26;399.95;27.16;1394;54;5362.00;689
13499;37;622000323;13499;565;14889;15578;4.22;0.26;399.92;27.16;1390;54;5363.00;689
13502;37;622000341;13502;566;14899;15590;4.26;0.26;399.88;27.17;1397;54;5364.00;691
13505;37;622000360;13505;567;14899;15590;4.21;0.26;399.88;27.17;1394;54;5365.00;691
13507;37;622000382;13507;569;14900;15590;4.27;0.26;399.87;27.16;1393;54;5366.00;690
13507;37;622000399;13507;574;14902;15590;4.31;0.26;399.87;27.18;1395;54;5367.00;688
13509;37;622000415;13509;574;14902;15590;4.31;0.26;399.84;27.18;1393;54;5368.00;688
13511;37;622000432;13511;573;14903;15590;4.33;0.26;399.86;27.19;1392;54;5369.00;687
13514;37;622000450;13514;574;14907;15594;4.35;0.26;399.85;27.20;1393;54;5370.00;687
13517;37;622000468;13517;571;14907;15594;4.33;0.26;399.78;27.20;1390;54;5371.00;687
13522;37;622000490;13522;572;14912;15598;4.34;0.26;399.73;27.22;1390;54;5372.00;686
13524;37;622000507;13524;574;14912;15599;4.30;0.26;399.73;27.22;1388;54;5373.00;687
13525;37;622000523;13525;577;14913;15599;4.31;0.26;399.70;27.23;1388;54;5374.00;686
13527;37;622000540;13527;582;14914;15599;4.36;0.26;399.67;27.24;1387;54;5375.00;685
13530;37;622000556;13530;588;14924;15612;4.41;0.27;399.72;27.23;1394;54;5376.00;688
13532;37;622000575;13532;592;14925;15612;4.43;0.27;399.72;27.23;1393;54;5377.00;687
13533;37;622000592;13533;600;14927;15612;4.44;0.27;399.69;27.25;1394;54;5378.00;685
13536;37;622000609;13536;603;14929;15613;4.46;0.27;399.63;27.26;1393;54;5379.00;684
13538;37;622000627;13538;605;14929;15614;4.46;0.27;399.70;27.26;1391;54;5380.00;685
13539;37;622000644;13539;610;14929;15614;4.48;0.27;399.75;27.26;1390;54;5381.00;685
13540;37;622000661;13540;610;14931;15617;4.47;0.27;399.72;27.27;1391;54;5382.00;686
13543;37;622000677;13543;616;14931;15617;4.44;0.27;399.69;27.27;1388;54;5383.00;686
13546;37;622000700;13546;615;14932;15617;4.41;0.27;399.75;27.28;1386;55;5384.00;685
13546;37;622000732;13546;616;14934;15617;4.34;0.26;399.75;27.30;1388;55;5385.00;683
13547;37;622000749;13547;618;14939;15623;4.32;0.26;399.75;27.30;1392;55;5386.00;684
13547;37;622000766;13547;600;14939;15623;4.29;0.26;399.75;27.30;1392;55;5387.00;684
13549;37;622000782;13549;594;14939;15623;4.25;0.26;399.74;27.30;1390;55;5388.00;684
13550;37;622000799;13550;589;14940;15623;4.26;0.26;399.77;27.31;1390;55;5389.00;683
13552;37;622000815;13552;588;14943;15627;4.28;0.26;399.74;27.30;1391;55;5390.00;684
13555;37;622000832;13555;590;14944;15628;4.27;0.26;399.70;27.31;1389;55;5391.00;684
13556;37;622000849;13556;578;14944;15628;4.31;0.26;399.70;27.31;1388;55;5392.00;684
13559;37;622000865;13559;579;14946;15629;4.33;0.26;399.68;27.32;1387;55;5393.00;683
13560;37;622000887;13560;574;14948;15629;4.35;0.26;399.67;27.34;1388;55;5394.00;681
13562;37;622000903;13562;580;14949;15629;4.38;0.27;399.66;27.35;1387;55;5395.00;680
13564;37;622000920;13564;580;14949;15629;4.43;0.27;399.75;27.35;1385;55;5396.00;680
13565;37;622000937;13565;584;14949;15629;4.44;0.27;399.74;27.35;1384;55;5397.00;680
13566;37;622000954;13566;588;14949;15629;4.47;0.27;399.73;27.35;1383;55;5398.00;680
13568;37;622000971;13568;585;14950;15629;4.45;0.27;399.76;27.35;1382;55;5399.00;679
