step_arrived;step_collisions;step_duration;step_ended;step_halting;step_inserted;step_loaded;step_meanSpeed;step_meanSpeedRelative;step_meanTravelTime;step_meanWaitingTime;step_running;step_teleports;step_time;step_waiting
0;0;621357434;0;1;89;245;16.01;1.13;-1.00;0.00;89;0;0.00;156
0;0;621357464;0;1;102;245;15.18;1.05;-1.00;0.13;102;0;1.00;143
0;0;621357465;0;2;123;245;14.18;0.97;-1.00;0.45;123;0;2.00;122
0;0;621357466;0;2;134;245;13.23;0.90;-1.00;0.66;134;0;3.00;111
0;0;621357468;0;4;148;245;12.04;0.81;-1.00;0.97;148;0;4.00;97
0;0;621357469;0;6;154;245;11.42;0.77;-1.00;1.13;154;0;5.00;91
0;0;621357471;0;11;166;245;10.68;0.71;-1.00;1.48;166;0;6.00;79
0;0;621357472;0;13;175;245;9.94;0.66;-1.00;1.77;175;0;7.00;70
0;0;621357474;0;17;181;246;9.56;0.64;-1.00;1.97;181;0;8.00;65
0;0;621357476;0;22;188;247;9.24;0.61;-1.00;2.23;188;0;9.00;59
0;0;621357478;0;21;197;247;9.01;0.60;-1.00;2.59;197;0;10.00;50
0;0;621357480;0;23;200;248;9.06;0.60;-1.00;2.67;200;0;11.00;48
1;0;621357483;1;28;205;248;8.96;0.59;12.00;2.89;204;0;12.00;43
2;0;621357485;2;31;209;248;8.89;0.58;12.50;3.09;207;0;13.00;39
2;0;621357488;2;39;213;248;8.86;0.58;12.50;3.29;211;0;14.00;35
2;0;621357490;2;40;218;252;8.83;0.57;12.50;3.43;216;0;15.00;34
2;0;621357493;2;44;219;252;8.93;0.57;12.50;3.49;217;0;16.00;33
2;0;621357496;2;50;226;252;8.86;0.57;12.50;3.91;224;0;17.00;26
2;0;621357498;2;53;227;255;8.92;0.57;12.50;3.97;225;0;18.00;28
3;0;621357501;3;63;229;255;8.88;0.56;14.67;4.10;226;0;19.00;26
4;0;621357504;4;69;234;255;8.83;0.56;16.00;4.41;230;0;20.00;21
6;0;621357507;6;70;239;259;8.95;0.56;17.50;4.36;233;0;21.00;20
6;0;621357510;6;75;243;260;8.93;0.56;17.50;4.52;237;0;22.00;17
6;0;621357513;6;81;246;260;8.82;0.55;17.50;4.66;240;0;23.00;14
7;0;621357516;7;84;250;264;8.59;0.54;18.43;4.68;243;0;24.00;14
7;0;621357519;7;86;253;264;8.51;0.53;18.43;4.76;246;0;25.00;11
7;0;621357522;7;89;253;264;8.39;0.52;18.43;4.76;246;0;26.00;11
7;0;621357525;7;94;255;265;8.31;0.52;18.43;4.93;248;0;27.00;10
7;0;621357528;7;98;256;265;8.16;0.51;18.43;5.02;249;0;28.00;9
7;0;621357531;7;99;262;271;8.09;0.50;18.43;5.04;255;0;29.00;9
7;0;621357537;7;101;262;271;8.03;0.50;18.43;5.04;255;0;30.00;9
10;0;621357540;10;105;265;272;7.80;0.48;21.90;5.22;255;0;31.00;7
10;0;621357543;10;105;265;272;7.83;0.49;21.90;5.22;255;0;32.00;7
10;0;621357546;10;107;266;272;7.85;0.49;21.90;5.29;256;0;33.00;6
10;0;621357550;10;110;266;272;7.96;0.49;21.90;5.29;256;0;34.00;6
10;0;621357553;10;113;266;272;8.13;0.50;21.90;5.29;256;0;35.00;6
11;0;621357556;11;118;279;284;8.34;0.52;22.64;5.14;268;0;36.00;5
11;0;621357560;11;120;279;284;8.36;0.52;22.64;5.14;268;0;37.00;5
12;0;621357563;12;122;280;284;8.35;0.52;23.50;5.16;268;0;38.00;4
12;0;621357566;12;124;281;284;8.28;0.51;23.50;5.15;269;0;39.00;3
13;0;621357569;13;125;281;284;8.18;0.51;24.54;5.15;268;0;40.00;3
14;0;621357572;14;127;281;284;8.16;0.50;25.29;5.15;267;0;41.00;3
14;0;621357575;14;131;285;288;8.13;0.50;25.29;5.09;271;0;42.00;3
15;0;621357579;15;133;285;288;7.99;0.49;26.20;5.09;270;0;43.00;3
16;0;621357582;16;136;289;292;7.88;0.49;26.88;5.03;273;0;44.00;3
18;0;621357586;18;137;291;294;7.75;0.48;27.72;5.00;273;0;45.00;3
18;0;621357589;18;139;291;294;7.53;0.47;27.72;5.00;273;0;46.00;3
19;0;621357592;19;142;291;294;7.42;0.46;28.63;5.00;272;0;47.00;3
19;0;621357595;19;145;302;307;7.73;0.48;28.63;4.82;283;0;48.00;5
20;0;621357599;20;148;302;307;7.61;0.47;29.60;4.82;282;0;49.00;5
20;0;621357602;20;148;302;307;7.53;0.47;29.60;4.82;282;0;50.00;5
20;0;621357604;20;147;303;308;7.44;0.46;29.60;4.81;283;0;51.00;5
20;0;621357608;20;148;304;309;7.36;0.46;29.60;4.79;284;0;52.00;5
21;0;621357611;21;150;304;309;7.25;0.45;30.71;4.79;283;0;53.00;5
22;0;621357613;22;152;306;312;7.28;0.45;30.86;4.76;284;0;54.00;6
23;0;621357616;23;154;306;312;7.16;0.45;30.35;4.76;283;0;55.00;6
23;0;621357619;23;142;307;312;7.19;0.45;30.35;4.75;284;0;56.00;5
23;0;621357622;23;138;307;312;7.17;0.44;30.35;4.75;284;0;57.00;5
25;0;621357624;25;136;312;318;7.30;0.45;32.48;4.69;287;0;58.00;6
25;0;621357628;25;137;312;318;7.35;0.45;32.48;4.69;287;0;59.00;6
27;0;621357632;27;139;312;318;7.34;0.45;33.52;4.69;285;0;60.00;6
28;0;621357635;28;148;312;318;7.26;0.44;34.50;4.69;284;0;61.00;6
28;0;621357640;28;151;315;322;7.32;0.45;34.50;4.66;287;0;62.00;7
30;0;621357643;30;154;318;323;7.30;0.45;36.30;4.64;288;0;63.00;5
30;0;621357648;30;156;318;323;7.46;0.46;36.30;4.64;288;0;64.00;5
30;0;621357652;30;157;319;324;7.59;0.46;36.30;4.63;289;0;65.00;5
31;0;621357655;31;160;319;324;7.63;0.47;35.90;4.63;288;0;66.00;5
32;0;621357658;32;148;319;324;7.72;0.47;36.72;4.63;287;0;67.00;5
33;0;621357662;33;141;319;324;7.83;0.48;37.42;4.63;286;0;68.00;5
33;0;621357665;33;136;319;324;7.93;0.48;37.42;4.63;286;0;69.00;5
34;0;621357667;34;131;319;324;8.04;0.49;38.21;4.63;285;0;70.00;5
34;0;621357670;34;129;319;324;8.13;0.50;38.21;4.63;285;0;71.00;5
34;0;621357674;34;134;353;394;8.35;0.51;38.21;4.18;319;0;72.00;41
34;0;621357683;34;128;354;395;8.49;0.52;38.21;4.17;320;0;73.00;41
34;0;621357686;34;122;361;395;8.76;0.54;38.21;4.13;327;0;74.00;34
34;0;621357689;34;118;365;395;9.06;0.56;38.21;4.12;331;0;75.00;30
34;0;621357692;34;116;367;395;9.31;0.57;38.21;4.12;333;0;76.00;28
36;0;621357696;36;114;369;395;9.42;0.57;39.78;4.12;333;0;77.00;26
37;0;621357699;37;118;371;395;9.43;0.57;40.81;4.13;334;0;78.00;24
37;0;621357709;37;118;374;395;9.47;0.57;40.81;4.16;337;0;79.00;21
37;0;621357712;37;124;375;396;9.38;0.57;40.81;4.17;338;0;80.00;21
37;0;621357716;37;121;377;397;9.40;0.57;40.81;4.19;340;0;81.00;20
40;0;621357720;40;126;380;397;9.44;0.57;43.55;4.22;340;0;82.00;17
41;0;621357729;41;130;385;401;9.29;0.56;44.51;4.20;344;0;83.00;16
41;0;621357733;41;132;386;401;9.27;0.56;44.51;4.20;345;0;84.00;15
41;0;621357737;41;130;386;401;9.17;0.56;44.51;4.20;345;0;85.00;15
41;0;621357740;41;131;386;401;8.99;0.55;44.51;4.20;345;0;86.00;15
41;0;621357744;41;131;391;407;8.78;0.53;44.51;4.16;350;0;87.00;16
42;0;621357748;42;134;391;407;8.54;0.52;45.55;4.16;349;0;88.00;16
42;0;621357753;42;138;391;407;8.37;0.51;45.55;4.16;349;0;89.00;16
44;0;621357758;44;136;395;413;8.31;0.51;47.57;4.12;351;0;90.00;18
46;0;621357762;46;137;395;413;8.24;0.50;49.43;4.12;349;0;91.00;18
48;0;621357766;48;134;397;413;8.24;0.50;51.21;4.11;349;0;92.00;16
48;0;621357770;48;137;398;414;8.27;0.51;51.21;4.10;350;0;93.00;16
50;0;621357774;50;136;399;415;8.33;0.51;52.80;4.09;349;0;94.00;16
51;0;621357778;51;137;399;415;8.28;0.51;53.63;4.09;348;0;95.00;16
55;0;621357782;55;141;410;428;8.16;0.50;55.38;3.98;355;0;96.00;18
56;0;621357787;56;133;410;428;8.19;0.50;56.13;3.98;354;0;97.00;18
56;0;621357790;56;134;410;428;8.29;0.51;56.13;3.98;354;0;98.00;18
57;0;621357794;57;130;411;429;8.39;0.51;56.84;3.97;354;0;99.00;18
58;0;621357800;58;128;411;429;8.50;0.52;57.59;3.97;353;0;100.00;18
63;0;621357808;63;125;414;433;8.61;0.52;60.63;3.95;351;0;101.00;19
63;0;621357813;63;122;414;433;8.72;0.53;60.63;3.95;351;0;102.00;19
65;0;621357817;65;120;418;437;8.75;0.53;61.83;3.92;353;0;103.00;19
66;0;621357822;66;113;418;437;9.00;0.55;62.30;3.92;352;0;104.00;19
66;0;621357826;66;108;420;437;9.26;0.56;62.30;4.06;354;0;105.00;17
68;1;621357832;68;100;420;437;9.45;0.57;63.43;4.06;352;1;106.00;17
68;1;621357843;68;96;420;437;9.64;0.58;63.43;4.06;352;1;107.00;17
68;1;621357847;68;90;431;449;9.89;0.60;63.43;3.96;363;1;108.00;18
68;1;621357853;68;85;432;449;10.07;0.61;63.43;3.95;364;1;109.00;17
68;1;621357857;68;82;432;449;10.17;0.62;63.43;3.95;364;1;110.00;17
69;1;621357861;69;77;432;449;10.24;0.62;64.12;3.95;363;1;111.00;17
69;1;621357866;69;75;432;449;10.35;0.63;64.12;3.95;363;1;112.00;17
70;1;621357871;70;76;432;449;10.49;0.64;64.77;3.95;362;1;113.00;17
70;1;621357876;70;76;433;450;10.49;0.64;64.77;3.94;363;1;114.00;17
71;1;621357881;71;75;433;450;10.52;0.64;65.48;3.94;362;1;115.00;17
71;1;621357886;71;74;438;456;10.61;0.65;65.48;3.91;367;1;116.00;18
73;1;621357892;73;72;440;457;10.58;0.64;66.84;4.16;367;1;117.00;17
74;1;621357897;74;74;440;457;10.57;0.64;67.53;4.16;366;1;118.00;17
74;1;621357902;74;79;440;457;10.55;0.64;67.53;4.16;366;1;119.00;17
76;1;621357909;76;79;445;462;10.65;0.65;68.59;4.38;369;1;120.00;17
76;1;621357915;76;81;447;462;10.64;0.65;68.59;4.58;371;1;121.00;15
76;1;621357920;76;80;447;462;10.63;0.65;68.59;4.58;371;1;122.00;15
76;1;621357925;76;81;451;463;10.57;0.64;68.59;5.04;375;1;123.00;12
77;1;621357930;77;82;455;467;10.56;0.65;69.23;5.00;378;1;124.00;12
78;1;621357936;78;85;456;467;10.69;0.65;69.95;5.16;378;1;125.00;11
80;1;621357942;80;86;460;470;10.86;0.66;71.16;5.35;380;1;126.00;10
82;1;621357947;82;87;461;470;11.03;0.67;72.04;5.51;379;1;127.00;9
82;1;621357953;82;89;462;470;11.24;0.69;72.04;5.50;380;1;128.00;8
83;1;621357959;83;90;464;470;11.34;0.69;72.70;5.70;381;1;129.00;6
83;1;621357965;83;86;468;474;11.48;0.70;72.70;5.72;385;1;130.00;6
83;1;621357972;83;89;469;474;11.66;0.71;72.70;5.83;386;1;131.00;5
84;1;621357985;84;90;470;474;11.71;0.72;72.55;5.86;386;1;132.00;4
85;1;621357991;85;90;472;474;11.72;0.72;72.84;5.92;387;1;133.00;2
88;1;621357996;88;94;474;475;11.67;0.71;74.74;5.97;386;1;134.00;1
89;1;621358002;89;95;476;477;11.65;0.71;75.42;5.95;387;1;135.00;1
90;1;621358009;90;95;477;477;11.64;0.71;76.07;5.97;387;1;136.00;0
91;1;621358020;91;97;478;478;11.60;0.71;76.71;5.96;387;1;137.00;0
93;1;621358026;93;99;478;478;11.52;0.70;77.24;5.96;385;1;138.00;0
95;1;621358032;95;98;478;478;11.50;0.70;77.40;5.96;383;1;139.00;0
96;1;621358037;96;102;478;478;11.33;0.69;77.55;5.96;382;1;140.00;0
97;1;621358043;97;104;478;478;11.22;0.69;77.09;5.96;381;1;141.00;0
97;1;621358049;97;105;478;478;11.10;0.68;77.09;5.96;381;1;142.00;0
99;1;621358055;99;106;478;478;10.95;0.67;77.55;5.96;379;1;143.00;0
103;1;621358061;103;126;554;605;10.67;0.67;79.90;5.15;451;1;144.00;51
105;1;621358078;105;119;560;606;10.63;0.67;81.10;5.10;455;1;145.00;46
105;1;621358084;105;119;570;606;10.53;0.66;81.10;5.05;465;1;146.00;36
107;1;621358090;107;122;573;606;10.51;0.66;82.33;5.04;466;1;147.00;33
109;1;621358096;109;118;577;606;10.44;0.66;82.43;5.03;468;1;148.00;29
111;1;621358102;111;118;578;606;10.34;0.65;83.29;5.03;467;1;149.00;28
112;1;621358110;112;119;582;611;10.23;0.64;83.88;5.02;470;1;150.00;29
114;1;621358118;114;118;585;611;10.30;0.64;84.91;5.03;471;1;151.00;26
117;1;621358125;117;116;588;612;10.38;0.65;86.18;5.04;471;1;152.00;24
120;1;621358132;120;120;592;613;10.42;0.65;87.04;5.07;472;1;153.00;21
122;1;621358139;122;120;594;613;10.52;0.65;87.52;5.09;472;1;154.00;19
124;1;621358149;124;121;597;614;10.46;0.65;87.45;5.10;473;1;155.00;17
126;1;621358159;126;125;603;614;10.35;0.64;87.90;5.14;477;1;156.00;11
126;1;621358169;126;126;604;614;10.29;0.64;87.90;5.15;478;1;157.00;10
128;1;621358176;128;132;605;614;10.24;0.64;87.84;5.16;477;1;158.00;9
130;1;621358187;130;137;609;618;10.13;0.63;88.90;5.16;479;1;159.00;9
131;1;621358197;131;141;610;618;9.97;0.62;89.44;5.15;479;1;160.00;8
133;1;621358206;133;144;611;618;9.73;0.60;89.61;5.17;478;1;161.00;7
133;1;621358218;133;146;613;621;9.62;0.60;89.61;5.19;480;1;162.00;8
136;1;621358225;136;150;614;621;9.52;0.59;90.64;5.21;478;1;163.00;7
140;1;621358231;140;150;615;621;9.38;0.58;91.94;5.23;475;1;164.00;6
143;1;621358237;143;153;620;625;9.23;0.57;93.29;5.25;477;1;165.00;5
143;1;621358244;143;155;622;626;9.13;0.56;93.29;5.27;479;1;166.00;4
144;1;621358250;144;154;624;626;8.94;0.55;93.80;5.27;480;1;167.00;2
144;1;621358256;144;157;627;630;8.78;0.54;93.80;5.24;483;1;168.00;3
146;1;621358262;146;163;628;630;8.67;0.54;94.64;5.24;482;1;169.00;2
147;1;621358269;147;154;628;630;8.62;0.53;94.18;5.24;481;1;170.00;2
147;1;621358276;147;150;629;631;8.60;0.53;94.18;5.23;482;1;171.00;2
147;1;621358282;147;147;629;631;8.60;0.53;94.18;5.23;482;1;172.00;2
148;1;621358287;148;142;635;637;8.70;0.54;94.54;5.19;487;1;173.00;2
151;1;621358293;151;138;635;637;8.57;0.53;95.40;5.19;484;1;174.00;2
152;1;621358300;152;138;638;638;8.61;0.53;95.77;5.22;486;1;175.00;0
153;1;621358306;153;141;638;638;8.70;0.53;95.81;5.22;485;1;176.00;0
153;1;621358312;153;135;638;638;8.68;0.53;95.81;5.22;485;1;177.00;0
154;1;621358317;154;131;638;638;8.79;0.54;95.53;5.22;484;1;178.00;0
155;1;621358323;155;136;638;638;8.81;0.54;95.99;5.22;483;1;179.00;0
155;1;621358331;155;136;669;672;8.98;0.56;95.99;4.98;514;1;180.00;3
155;1;621358340;155;134;670;672;9.06;0.56;95.99;4.97;515;1;181.00;2
155;1;621358346;155;138;671;672;9.11;0.57;95.99;4.97;516;1;182.00;1
156;1;621358351;156;139;672;672;9.13;0.57;96.54;4.97;516;1;183.00;0
161;1;621358358;161;143;672;672;9.18;0.57;97.60;4.97;511;1;184.00;0
162;1;621358364;162;146;672;672;9.24;0.57;98.14;4.97;510;1;185.00;0
165;1;621358370;165;150;676;676;9.24;0.57;98.20;4.94;511;1;186.00;0
166;1;621358376;166;153;676;676;9.33;0.58;98.73;4.94;510;1;187.00;0
167;1;621358382;167;155;680;680;9.32;0.57;98.98;4.92;513;1;188.00;0
171;1;621358390;171;157;681;681;9.13;0.56;98.82;4.91;510;1;189.00;0
172;1;621358397;172;159;681;681;8.99;0.55;99.35;4.91;509;1;190.00;0
173;1;621358403;173;165;681;681;8.83;0.55;99.16;4.91;508;1;191.00;0
177;1;621358409;177;173;694;694;8.74;0.54;98.85;4.82;517;1;192.00;0
178;1;621358416;178;180;694;694;8.58;0.53;98.97;4.82;516;1;193.00;0
182;1;621358422;182;184;694;694;8.49;0.53;99.50;4.82;512;1;194.00;0
185;1;621358429;185;189;695;695;8.41;0.52;99.49;4.81;510;1;195.00;0
187;1;621358435;187;194;696;696;8.39;0.52;99.35;4.81;509;1;196.00;0
190;1;621358442;190;197;696;696;8.35;0.52;99.36;4.81;506;1;197.00;0
191;1;621358447;191;205;698;699;8.37;0.52;99.44;4.80;507;1;198.00;1
194;1;621358454;194;207;698;699;8.28;0.51;99.31;4.80;504;1;199.00;1
197;1;621358460;197;210;699;699;8.21;0.51;100.07;4.79;502;1;200.00;0
199;1;621358471;199;215;699;699;8.00;0.49;100.33;4.79;500;1;201.00;0
202;1;621358477;202;219;705;705;7.82;0.48;100.50;4.76;503;1;202.00;0
205;1;621358483;205;226;705;705;7.65;0.47;101.49;4.76;500;1;203.00;0
206;1;621358489;206;231;705;705;7.48;0.46;101.29;4.76;499;1;204.00;0
207;1;621358495;207;236;705;705;7.27;0.45;101.76;4.76;498;1;205.00;0
210;1;621358500;210;238;709;709;7.16;0.44;101.75;4.74;499;1;206.00;0
212;1;621358506;212;240;710;710;7.00;0.43;101.80;4.73;498;1;207.00;0
214;1;621358512;214;244;710;710;6.84;0.42;101.14;4.73;496;1;208.00;0
214;1;621358517;214;248;711;711;6.79;0.42;101.14;4.73;497;1;209.00;0
215;1;621358524;215;252;711;711;6.75;0.42;100.81;4.73;496;1;210.00;0
217;1;621358530;217;256;711;711;6.70;0.41;100.76;4.73;494;1;211.00;0
217;1;621358534;217;262;711;711;6.62;0.41;100.76;4.73;494;1;212.00;0
217;1;621358540;217;269;711;711;6.55;0.40;100.76;4.73;494;1;213.00;0
218;1;621358546;218;271;711;711;6.44;0.40;100.92;4.73;493;1;214.00;0
218;1;621358551;218;280;711;711;6.37;0.39;100.92;4.73;493;1;215.00;0
218;1;621358557;218;296;753;781;6.58;0.41;100.92;4.46;535;1;216.00;28
219;1;621358568;219;281;755;782;6.54;0.40;101.26;4.45;536;1;217.00;27
220;1;621358575;220;271;762;782;6.69;0.41;101.35;4.43;542;1;218.00;20
222;1;621358582;222;254;763;782;6.65;0.41;102.14;4.43;541;1;219.00;19
222;1;621358588;222;243;765;782;6.82;0.42;102.14;4.43;543;1;220.00;17
224;1;621358594;224;235;766;782;6.94;0.43;103.15;4.43;542;1;221.00;16
226;1;621358601;226;231;770;782;7.10;0.44;104.19;4.44;544;1;222.00;12
227;1;621358607;227;229;771;782;7.12;0.44;104.70;4.44;544;1;223.00;11
227;1;621358617;227;231;773;783;7.18;0.44;104.70;4.45;546;1;224.00;10
229;1;621358625;229;229;777;785;7.23;0.44;105.39;4.46;548;1;225.00;8
229;1;621358632;229;220;780;785;7.32;0.45;105.39;4.48;551;1;226.00;5
229;1;621358641;229;206;787;789;7.48;0.46;105.39;4.49;558;1;227.00;2
229;1;621358648;229;204;789;789;7.69;0.47;105.39;4.49;560;1;228.00;0
229;1;621358655;229;193;789;789;7.89;0.49;105.39;4.49;560;1;229.00;0
231;2;621358662;231;192;789;789;8.10;0.50;106.38;4.49;558;2;230.00;0
237;2;621358694;237;181;795;795;8.27;0.51;107.43;4.46;558;2;231.00;0
238;2;621358705;238;179;795;795;8.39;0.51;107.76;4.46;557;2;232.00;0
238;2;621358718;238;176;795;795;8.48;0.52;107.76;4.46;557;2;233.00;0
240;2;621358734;240;174;797;798;8.71;0.53;108.21;4.45;557;2;234.00;1
241;2;621358743;241;170;797;798;8.76;0.54;108.70;4.45;556;2;235.00;1
241;2;621358752;241;166;798;798;8.88;0.54;108.70;4.45;557;2;236.00;0
242;2;621358761;242;161;799;799;9.01;0.55;108.64;4.44;557;2;237.00;0
244;2;621358769;244;153;800;800;9.17;0.56;109.51;4.44;556;2;238.00;0
248;2;621358778;248;152;800;800;9.26;0.57;110.87;4.44;552;2;239.00;0
252;2;621358788;252;151;824;826;9.19;0.56;110.99;4.31;572;2;240.00;2
252;2;621358799;252;143;824;826;9.28;0.57;110.99;4.31;572;2;241.00;2
253;2;621358807;253;138;826;826;9.40;0.58;110.94;4.30;573;2;242.00;0
255;2;621358814;255;136;827;827;9.54;0.58;111.24;4.30;572;2;243.00;0
258;2;621358821;258;136;827;827;9.68;0.59;111.61;4.30;569;2;244.00;0
260;2;621358829;260;134;831;831;9.80;0.60;112.40;4.28;571;2;245.00;0
263;2;621358843;263;130;831;831;9.77;0.60;112.78;4.28;568;2;246.00;0
267;2;621358850;267;134;835;835;9.75;0.59;113.25;4.27;568;2;247.00;0
268;2;621358857;268;134;835;835;9.78;0.60;113.74;4.27;567;2;248.00;0
269;2;621358864;269;130;835;835;9.85;0.60;114.21;4.27;566;2;249.00;0
274;2;621358871;274;130;835;835;9.83;0.60;115.30;4.27;561;2;250.00;0
277;2;621358885;277;133;835;835;9.82;0.60;116.71;4.27;558;2;251.00;0
278;2;621358892;278;133;845;847;9.86;0.60;116.68;4.22;567;2;252.00;2
280;2;621358900;280;136;845;847;9.92;0.60;116.63;4.22;565;2;253.00;2
283;2;621358907;283;137;847;847;9.90;0.60;117.30;4.21;564;2;254.00;0
284;2;621358914;284;139;847;847;9.95;0.60;117.35;4.21;563;2;255.00;0
284;2;621358920;284;143;847;847;10.05;0.61;117.35;4.21;563;2;256.00;0
284;2;621358926;284;149;847;847;10.14;0.62;117.35;4.21;563;2;257.00;0
284;2;621358932;284;155;848;848;10.13;0.62;117.35;4.21;564;2;258.00;0
285;2;621358939;285;158;848;848;10.22;0.62;117.80;4.21;563;2;259.00;0
285;2;621358945;285;156;854;854;10.20;0.62;117.80;4.19;569;2;260.00;0
285;3;621358959;285;150;855;855;10.24;0.62;117.80;4.18;570;3;261.00;0
286;3;621358978;286;148;855;855;10.24;0.62;117.80;4.18;569;3;262.00;0
288;3;621358985;288;143;855;855;10.17;0.62;118.03;4.18;567;3;263.00;0
288;3;621358995;288;141;859;859;10.17;0.62;118.03;4.16;571;3;264.00;0
291;3;621359002;291;142;859;859;10.17;0.62;118.37;4.16;568;3;265.00;0
296;3;621359009;296;136;859;859;10.15;0.61;118.73;4.16;563;3;266.00;0
297;3;621359016;297;137;860;860;10.26;0.62;119.23;4.16;563;3;267.00;0
298;3;621359022;298;135;864;864;10.17;0.62;119.49;4.14;566;3;268.00;0
303;3;621359028;303;132;864;864;10.14;0.61;120.40;4.14;561;3;269.00;0
305;3;621359037;305;127;868;870;10.23;0.62;120.16;4.12;563;3;270.00;2
309;3;621359044;309;123;868;870;10.21;0.62;121.18;4.12;559;3;271.00;2
310;3;621359050;310;115;870;870;10.31;0.62;121.24;4.12;560;3;272.00;0
313;3;621359056;313;109;870;870;10.35;0.63;122.01;4.12;557;3;273.00;0
314;3;621359063;314;107;874;874;10.42;0.63;122.04;4.10;560;3;274.00;0
318;3;621359070;318;104;874;874;10.43;0.63;122.31;4.10;556;3;275.00;0
320;3;621359077;320;100;874;874;10.48;0.63;122.37;4.10;554;3;276.00;0
323;3;621359084;323;96;874;874;10.52;0.64;122.36;4.10;551;3;277.00;0
324;3;621359091;324;91;875;875;10.61;0.64;122.28;4.10;551;3;278.00;0
325;3;621359097;325;87;876;876;10.71;0.65;122.32;4.10;551;3;279.00;0
326;3;621359104;326;82;876;876;10.79;0.65;122.25;4.10;550;3;280.00;0
327;3;621359111;327;83;877;877;10.81;0.66;122.08;4.09;550;3;281.00;0
328;3;621359118;328;79;877;877;10.84;0.66;121.91;4.09;549;3;282.00;0
329;3;621359125;329;78;877;877;10.89;0.66;121.63;4.09;548;3;283.00;0
332;3;621359132;332;82;877;877;10.91;0.66;122.29;4.09;545;3;284.00;0
333;3;621359139;333;79;877;877;11.06;0.67;122.34;4.09;544;3;285.00;0
334;3;621359146;334;81;877;877;11.12;0.68;122.40;4.09;543;3;286.00;0
336;3;621359153;336;82;877;877;11.25;0.68;122.42;4.09;541;3;287.00;0
337;3;621359160;337;98;948;1004;10.97;0.68;122.84;3.79;611;3;288.00;56
337;3;621359177;337;96;951;1005;11.00;0.68;122.84;3.78;614;3;289.00;54
337;3;621359185;337;92;957;1005;11.12;0.69;122.84;3.77;620;3;290.00;48
339;3;621359193;339;89;960;1005;11.05;0.68;123.28;3.77;621;3;291.00;45
341;3;621359201;341;88;967;1005;11.07;0.68;124.24;3.77;626;3;292.00;38
341;3;621359208;341;91;967;1005;11.13;0.69;124.24;3.77;626;3;293.00;38
343;3;621359216;343;90;971;1005;11.10;0.68;124.76;3.78;628;3;294.00;34
343;3;621359224;343;93;974;1005;11.19;0.69;124.76;3.79;631;3;295.00;31
346;4;621359231;346;90;976;1006;11.27;0.69;125.50;3.80;630;4;296.00;30
347;4;621359255;347;86;980;1007;11.37;0.70;125.58;3.82;633;4;297.00;27
348;4;621359264;348;89;982;1007;11.42;0.70;125.38;3.83;634;4;298.00;25
353;4;621359272;353;93;985;1008;11.33;0.70;125.48;3.85;632;4;299.00;23
354;4;621359288;354;100;991;1014;11.26;0.69;125.92;3.88;637;4;300.00;23
357;4;621359312;357;97;993;1014;11.22;0.69;127.13;3.90;636;4;301.00;21
358;4;621359325;358;101;994;1014;11.23;0.69;127.22;3.91;636;4;302.00;20
362;4;621359343;362;103;1001;1018;11.13;0.69;127.30;3.95;639;4;303.00;17
362;4;621359357;362;106;1002;1018;11.25;0.69;127.30;3.95;640;4;304.00;16
363;4;621359370;363;112;1003;1018;11.32;0.70;127.26;3.95;640;4;305.00;15
367;4;621359382;367;118;1008;1021;11.29;0.70;128.16;3.98;641;4;306.00;13
369;4;621359406;369;122;1008;1021;11.26;0.69;128.41;3.98;639;4;307.00;13
370;4;621359416;370;129;1010;1021;11.24;0.69;128.61;4.01;640;4;308.00;11
374;4;621359426;374;128;1014;1025;11.12;0.68;129.47;4.00;640;4;309.00;11
377;4;621359442;377;134;1016;1026;11.06;0.68;129.71;4.01;639;4;310.00;10
378;4;621359451;378;135;1017;1026;10.96;0.67;129.61;4.02;639;4;311.00;9
379;4;621359460;379;142;1023;1030;10.91;0.67;130.08;4.05;644;4;312.00;7
382;4;621359470;382;140;1024;1030;10.71;0.66;130.90;4.05;642;4;313.00;6
384;4;621359479;384;147;1026;1030;10.54;0.65;131.50;4.06;642;4;314.00;4
387;4;621359487;387;149;1028;1032;10.34;0.63;132.56;4.05;641;4;315.00;4
388;4;621359496;388;155;1028;1032;10.17;0.62;132.94;4.05;640;4;316.00;4
388;4;621359504;388;161;1034;1038;10.11;0.62;132.94;4.03;646;4;317.00;4
391;4;621359512;391;163;1034;1038;9.90;0.61;133.99;4.03;643;4;318.00;4
396;4;621359521;396;164;1035;1039;9.67;0.59;135.03;4.03;639;4;319.00;4
398;4;621359529;398;170;1035;1039;9.53;0.58;135.40;4.03;637;4;320.00;4
405;4;621359537;405;179;1036;1039;9.37;0.57;136.22;4.06;631;4;321.00;3
406;4;621359545;406;186;1037;1039;9.28;0.57;136.65;4.08;631;4;322.00;2
408;4;621359552;408;189;1037;1039;9.25;0.57;136.51;4.08;629;4;323.00;2
410;4;621359559;410;195;1048;1051;9.23;0.56;136.79;4.08;638;4;324.00;3
412;4;621359568;412;197;1048;1051;9.16;0.56;137.01;4.08;636;4;325.00;3
413;4;621359576;413;203;1051;1051;9.13;0.56;137.03;4.08;638;4;326.00;0
414;4;621359583;414;200;1051;1051;9.12;0.56;137.25;4.08;637;4;327.00;0
416;4;621359590;416;204;1051;1051;9.13;0.56;137.58;4.08;635;4;328.00;0
418;4;621359598;418;206;1051;1051;9.14;0.56;137.33;4.08;633;4;329.00;0
419;4;621359607;419;213;1055;1055;9.10;0.56;137.48;4.07;636;4;330.00;0
420;4;621359615;420;213;1055;1055;9.04;0.55;137.65;4.07;635;4;331.00;0
423;4;621359622;423;217;1059;1059;9.00;0.55;137.26;4.06;636;4;332.00;0
428;4;621359630;428;221;1060;1060;8.88;0.54;137.94;4.06;632;4;333.00;0
429;4;621359637;429;219;1060;1060;8.79;0.54;138.10;4.06;631;4;334.00;0
431;4;621359645;431;219;1060;1060;8.72;0.54;139.01;4.06;629;4;335.00;0
435;4;621359652;435;223;1072;1073;8.59;0.53;139.13;4.01;637;4;336.00;1
437;4;621359661;437;221;1072;1073;8.47;0.52;139.98;4.01;635;4;337.00;1
440;4;621359667;440;227;1073;1073;8.31;0.51;140.51;4.01;633;4;338.00;0
442;4;621359674;442;231;1074;1074;8.15;0.50;141.40;4.01;632;4;339.00;0
444;4;621359681;444;222;1075;1075;8.03;0.49;141.65;4.00;631;4;340.00;0
445;4;621359688;445;217;1075;1075;7.94;0.49;142.10;4.00;630;4;341.00;0
448;4;621359695;448;220;1078;1078;7.93;0.49;142.79;3.99;630;4;342.00;0
452;4;621359702;452;214;1078;1078;7.94;0.49;143.65;3.99;626;4;343.00;0
456;4;621359709;456;216;1078;1078;7.90;0.49;143.88;3.99;622;4;344.00;0
460;4;621359717;460;216;1078;1078;7.92;0.49;145.09;3.99;618;4;345.00;0
464;4;621359725;464;218;1084;1084;7.91;0.48;145.39;3.98;620;4;346.00;0
465;4;621359733;465;212;1084;1084;7.91;0.48;145.20;3.98;619;4;347.00;0
468;4;621359740;468;212;1084;1084;7.89;0.48;145.65;3.98;616;4;348.00;0
473;4;621359747;473;215;1084;1084;7.84;0.48;146.46;3.98;611;4;349.00;0
474;4;621359754;474;209;1088;1088;7.80;0.48;146.21;3.97;614;4;350.00;0
476;4;621359761;476;216;1089;1089;7.71;0.47;146.36;3.96;613;4;351.00;0
478;4;621359768;478;214;1089;1089;7.59;0.47;146.46;3.96;611;4;352.00;0
484;4;621359775;484;217;1090;1090;7.50;0.46;146.70;3.96;606;4;353.00;0
484;4;621359783;484;217;1090;1090;7.43;0.46;146.70;3.96;606;4;354.00;0
490;4;621359790;490;222;1090;1090;7.31;0.45;146.33;3.96;600;4;355.00;0
491;4;621359797;491;222;1090;1090;7.29;0.45;146.32;3.96;599;4;356.00;0
492;4;621359804;492;226;1090;1090;7.21;0.45;146.16;3.96;598;4;357.00;0
494;4;621359811;494;230;1090;1090;7.11;0.44;146.49;3.96;596;4;358.00;0
497;4;621359818;497;236;1090;1090;6.99;0.43;146.55;3.96;593;4;359.00;0
502;4;621359826;502;243;1148;1215;7.54;0.47;146.79;3.76;646;4;360.00;67
503;4;621359844;503;241;1155;1216;7.59;0.48;146.81;3.74;652;4;361.00;61
508;4;621359858;508;246;1175;1216;7.52;0.47;146.81;3.71;667;4;362.00;41
511;4;621359866;511;247;1180;1216;7.46;0.47;147.06;3.71;669;4;363.00;36
513;4;621359874;513;249;1187;1216;7.41;0.46;146.91;3.71;674;4;364.00;29
515;4;621359882;515;257;1192;1216;7.43;0.46;147.16;3.72;677;4;365.00;24
516;4;621359890;516;258;1197;1216;7.42;0.46;147.30;3.73;681;4;366.00;19
518;4;621359898;518;263;1203;1216;7.34;0.45;147.45;3.74;685;4;367.00;13
518;4;621359905;518;266;1209;1217;7.27;0.45;147.45;3.76;691;4;368.00;8
520;4;621359912;520;272;1210;1218;7.18;0.45;147.49;3.77;690;4;369.00;8
523;4;621359920;523;275;1214;1218;6.99;0.43;147.84;3.78;691;4;370.00;4
525;4;621359928;525;267;1218;1222;6.92;0.43;147.81;3.77;693;4;371.00;4
528;4;621359937;528;269;1218;1222;6.87;0.43;147.58;3.77;690;4;372.00;4
528;4;621359945;528;270;1219;1222;6.82;0.42;147.58;3.77;691;4;373.00;3
532;4;621359953;532;269;1219;1222;6.76;0.42;147.45;3.77;687;4;374.00;3
533;4;621359961;533;267;1226;1228;6.77;0.42;147.34;3.77;693;4;375.00;2
535;4;621359971;535;268;1226;1228;6.87;0.42;147.56;3.77;691;4;376.00;2
535;4;621359981;535;266;1227;1228;6.93;0.43;147.56;3.78;692;4;377.00;1
536;4;621359995;536;265;1228;1231;7.06;0.43;147.75;3.78;692;4;378.00;3
537;4;621360008;537;268;1229;1231;7.19;0.44;147.51;3.79;692;4;379.00;2
539;4;621360020;539;268;1229;1231;7.25;0.44;147.84;3.79;690;4;380.00;2
540;4;621360031;540;271;1232;1232;7.32;0.45;147.79;3.79;692;4;381.00;0
541;4;621360044;541;272;1233;1233;7.44;0.45;147.56;3.78;692;4;382.00;0
542;4;621360055;542;271;1233;1233;7.46;0.46;147.66;3.78;691;4;383.00;0
543;5;621360065;543;275;1246;1246;7.56;0.46;147.43;3.74;703;5;384.00;0
544;5;621360089;544;269;1246;1246;7.58;0.46;147.54;3.74;702;5;385.00;0
545;5;621360099;545;271;1246;1246;7.59;0.46;147.71;3.74;701;5;386.00;0
546;5;621360111;546;256;1247;1247;7.65;0.47;147.87;3.74;701;5;387.00;0
550;5;621360121;550;251;1247;1247;7.61;0.46;147.84;3.74;697;5;388.00;0
551;5;621360130;551;249;1251;1251;7.65;0.46;148.01;3.73;700;5;389.00;0
551;5;621360141;551;247;1251;1251;7.70;0.47;148.01;3.73;700;5;390.00;0
551;5;621360151;551;243;1255;1255;7.84;0.48;148.01;3.72;704;5;391.00;0
553;5;621360161;553;250;1255;1255;7.95;0.48;147.93;3.72;702;5;392.00;0
556;5;621360170;556;253;1255;1255;7.97;0.49;147.86;3.72;699;5;393.00;0
557;5;621360179;557;254;1255;1255;7.96;0.49;147.93;3.72;698;5;394.00;0
560;5;621360189;560;253;1255;1255;7.96;0.49;148.08;3.72;695;5;395.00;0
560;5;621360198;560;242;1266;1267;8.06;0.49;148.08;3.69;706;5;396.00;1
564;5;621360208;564;236;1267;1267;8.09;0.49;149.12;3.69;703;5;397.00;0
566;5;621360218;566;234;1267;1267;8.21;0.50;149.60;3.69;701;5;398.00;0
566;5;621360227;566;232;1267;1267;8.31;0.51;149.60;3.69;701;5;399.00;0
569;5;621360237;569;228;1267;1267;8.39;0.51;150.11;3.69;698;5;400.00;0
573;5;621360250;573;223;1267;1267;8.42;0.51;151.02;3.69;694;5;401.00;0
577;5;621360260;577;222;1268;1268;8.37;0.51;151.10;3.69;691;5;402.00;0
579;5;621360270;579;217;1268;1268;8.36;0.51;151.26;3.69;689;5;403.00;0
583;5;621360282;583;212;1274;1274;8.36;0.51;152.13;3.68;691;5;404.00;0
585;5;621360296;585;206;1276;1276;8.41;0.51;152.85;3.67;691;5;405.00;0
587;5;621360305;587;212;1276;1276;8.52;0.52;152.92;3.67;689;5;406.00;0
589;5;621360314;589;210;1276;1276;8.54;0.52;153.29;3.67;687;5;407.00;0
589;5;621360324;589;211;1280;1280;8.64;0.53;153.29;3.66;691;5;408.00;0
592;5;621360333;592;204;1280;1280;8.71;0.53;153.87;3.66;688;5;409.00;0
595;5;621360341;595;203;1280;1280;8.78;0.54;154.69;3.66;685;5;410.00;0
596;5;621360350;596;200;1281;1281;8.85;0.54;154.87;3.66;685;5;411.00;0
598;5;621360359;598;197;1285;1285;8.87;0.54;155.43;3.65;687;5;412.00;0
599;5;621360368;599;191;1285;1285;8.91;0.55;155.49;3.65;686;5;413.00;0
602;5;621360377;602;187;1287;1288;8.98;0.55;155.90;3.64;685;5;414.00;1
602;5;621360386;602;186;1287;1288;9.03;0.55;155.90;3.64;685;5;415.00;1
605;5;621360394;605;190;1288;1288;9.03;0.55;156.17;3.64;683;5;416.00;0
607;5;621360402;607;192;1288;1288;8.99;0.55;156.88;3.64;681;5;417.00;0
610;5;621360416;610;187;1292;1292;9.08;0.56;157.83;3.63;682;5;418.00;0
611;5;621360425;611;187;1292;1292;9.09;0.56;158.20;3.63;681;5;419.00;0
611;5;621360440;611;185;1292;1292;9.11;0.56;158.20;3.63;681;5;420.00;0
615;5;621360448;615;186;1292;1292;9.12;0.56;159.29;3.63;677;5;421.00;0
619;5;621360457;619;182;1293;1293;9.13;0.56;159.82;3.63;674;5;422.00;0
624;5;621360466;624;182;1294;1294;9.17;0.56;160.81;3.63;670;5;423.00;0
630;5;621360477;630;179;1294;1294;9.12;0.56;161.00;3.63;664;5;424.00;0
631;6;621360487;631;184;1295;1295;9.14;0.56;161.13;3.63;664;6;425.00;0
633;6;621360503;633;188;1295;1295;9.14;0.56;161.00;3.63;662;6;426.00;0
636;6;621360516;636;188;1295;1295;9.12;0.55;161.57;3.63;659;6;427.00;0
641;6;621360525;641;186;1295;1295;9.02;0.55;162.59;3.63;654;6;428.00;0
642;6;621360533;642;192;1295;1295;8.98;0.55;162.96;3.63;653;6;429.00;0
644;6;621360541;644;187;1295;1295;9.02;0.55;163.28;3.63;651;6;430.00;0
647;6;621360549;647;182;1295;1295;9.12;0.55;163.77;3.63;648;6;431.00;0
649;6;621360557;649;211;1374;1422;8.83;0.55;164.04;3.42;725;6;432.00;48
650;6;621360575;650;188;1375;1423;8.98;0.55;163.93;3.42;725;6;433.00;48
652;6;621360584;652;172;1380;1423;9.17;0.57;164.25;3.41;728;6;434.00;43
655;6;621360593;655;167;1380;1423;9.29;0.57;164.27;3.41;725;6;435.00;43
657;6;621360601;657;161;1386;1423;9.48;0.58;164.70;3.41;729;6;436.00;37
661;6;621360609;661;161;1386;1423;9.56;0.59;165.55;3.41;725;6;437.00;37
663;6;621360618;663;156;1389;1423;9.73;0.60;165.95;3.42;726;6;438.00;34
667;6;621360627;667;154;1392;1423;9.87;0.61;166.94;3.43;725;6;439.00;31
670;6;621360636;670;152;1394;1424;9.97;0.61;166.83;3.43;724;6;440.00;30
672;6;621360646;672;149;1397;1425;10.06;0.61;166.92;3.45;725;6;441.00;28
674;6;621360655;674;143;1400;1425;10.07;0.62;167.04;3.46;726;6;442.00;25
676;6;621360664;676;144;1405;1426;10.00;0.61;167.21;3.49;729;6;443.00;21
678;6;621360673;678;140;1406;1426;10.00;0.61;167.57;3.49;728;6;444.00;20
678;6;621360682;678;139;1411;1426;9.91;0.61;167.57;3.52;733;6;445.00;15
682;6;621360691;682;137;1412;1426;9.81;0.60;168.32;3.53;730;6;446.00;14
685;6;621360700;685;133;1416;1430;9.76;0.60;168.49;3.54;731;6;447.00;14
689;6;621360709;689;129;1416;1430;9.71;0.59;169.15;3.54;727;6;448.00;14
692;6;621360718;692;125;1418;1430;9.70;0.59;169.68;3.54;726;6;449.00;12
697;6;621360729;697;123;1421;1436;9.65;0.59;170.08;3.54;724;6;450.00;15
700;6;621360739;700;125;1422;1436;9.65;0.59;169.88;3.55;722;6;451.00;14
703;6;621360748;703;123;1424;1436;9.63;0.59;170.24;3.56;721;6;452.00;12
705;6;621360757;705;122;1428;1440;9.62;0.59;170.97;3.57;723;6;453.00;12
708;6;621360767;708;122;1429;1441;9.66;0.59;170.85;3.56;721;6;454.00;12
711;6;621360776;711;126;1431;1441;9.71;0.59;171.08;3.58;720;6;455.00;10
713;6;621360786;713;128;1434;1445;9.80;0.60;171.68;3.57;721;6;456.00;11
717;6;621360795;717;129;1435;1445;9.86;0.60;171.97;3.59;718;6;457.00;10
718;6;621360805;718;128;1436;1445;9.97;0.61;172.17;3.60;718;6;458.00;9
719;6;621360814;719;132;1437;1446;9.96;0.61;172.17;3.62;718;6;459.00;9
721;6;621360823;721;128;1438;1446;9.94;0.61;172.27;3.63;717;6;460.00;8
725;6;621360833;725;130;1443;1452;9.88;0.60;172.55;3.66;718;6;461.00;9
727;6;621360843;727;135;1445;1452;9.89;0.60;172.87;3.66;718;6;462.00;7
729;6;621360852;729;136;1445;1453;9.90;0.60;172.61;3.66;716;6;463.00;8
731;6;621360860;731;144;1448;1453;9.82;0.60;172.65;3.69;717;6;464.00;5
734;6;621360869;734;144;1448;1453;9.76;0.60;172.71;3.69;714;6;465.00;5
738;6;621360878;738;145;1449;1453;9.66;0.59;173.23;3.69;711;6;466.00;4
740;6;621360887;740;149;1449;1453;9.59;0.58;173.14;3.69;709;6;467.00;4
742;6;621360896;742;151;1459;1465;9.59;0.58;173.16;3.67;717;6;468.00;6
747;6;621360905;747;158;1460;1465;9.49;0.58;173.57;3.67;713;6;469.00;5
747;6;621360915;747;158;1462;1465;9.50;0.58;173.57;3.68;715;6;470.00;3
749;6;621360925;749;167;1462;1465;9.53;0.58;173.86;3.68;713;6;471.00;3
751;6;621360934;751;173;1463;1465;9.55;0.58;174.03;3.69;712;6;472.00;2
752;6;621360943;752;176;1463;1465;9.58;0.58;174.18;3.69;711;6;473.00;2
754;6;621360952;754;181;1468;1469;9.59;0.59;174.58;3.69;714;6;474.00;1
754;6;621360961;754;186;1468;1469;9.67;0.59;174.58;3.69;714;6;475.00;1
756;6;621360970;756;189;1473;1473;9.70;0.59;174.54;3.68;717;6;476.00;0
758;6;621360979;758;198;1474;1474;9.66;0.59;174.39;3.68;716;6;477.00;0
758;6;621360988;758;200;1474;1474;9.58;0.59;174.39;3.68;716;6;478.00;0
761;6;621360996;761;205;1474;1474;9.51;0.58;174.43;3.68;713;6;479.00;0
764;6;621361006;764;212;1495;1500;9.43;0.58;174.16;3.63;731;6;480.00;5
764;6;621361017;764;214;1495;1500;9.32;0.57;174.16;3.63;731;6;481.00;5
766;6;621361025;766;218;1498;1500;9.25;0.57;174.21;3.63;732;6;482.00;2
768;6;621361033;768;220;1501;1501;9.24;0.57;174.29;3.62;733;6;483.00;0
770;6;621361042;770;226;1502;1502;9.21;0.57;174.22;3.62;732;6;484.00;0
771;6;621361050;771;234;1502;1502;9.16;0.56;174.24;3.62;731;6;485.00;0
774;6;621361058;774;240;1504;1505;9.09;0.56;174.41;3.62;730;6;486.00;1
774;6;621361067;774;239;1504;1505;9.03;0.55;174.41;3.62;730;6;487.00;1
777;6;621361075;777;247;1505;1505;8.93;0.55;174.19;3.62;728;6;488.00;0
779;6;621361083;779;242;1505;1505;8.89;0.55;174.03;3.62;726;6;489.00;0
782;6;621361091;782;244;1511;1511;8.90;0.55;174.04;3.61;729;6;490.00;0
786;6;621361100;786;241;1511;1511;8.83;0.54;173.83;3.61;725;6;491.00;0
786;6;621361108;786;245;1511;1511;8.79;0.54;173.83;3.61;725;6;492.00;0
786;6;621361116;786;245;1511;1511;8.78;0.54;173.83;3.61;725;6;493.00;0
786;6;621361124;786;246;1515;1515;8.74;0.54;173.83;3.60;729;6;494.00;0
789;6;621361133;789;242;1517;1517;8.74;0.54;173.95;3.59;728;6;495.00;0
792;6;621361141;792;245;1517;1517;8.66;0.53;173.84;3.59;725;6;496.00;0
793;6;621361149;793;247;1518;1518;8.68;0.53;173.77;3.59;725;6;497.00;0
795;6;621361157;795;252;1518;1518;8.67;0.53;173.74;3.59;723;6;498.00;0
797;6;621361165;797;256;1518;1518;8.59;0.53;173.44;3.59;721;6;499.00;0
798;6;621361173;798;255;1518;1518;8.52;0.52;173.40;3.59;720;6;500.00;0
801;6;621361185;801;257;1518;1518;8.43;0.52;173.48;3.59;717;6;501.00;0
804;6;621361193;804;262;1518;1518;8.37;0.51;173.27;3.59;714;6;502.00;0
809;6;621361200;809;263;1518;1518;8.27;0.51;173.11;3.59;709;6;503.00;0
813;6;621361208;813;270;1560;1588;8.27;0.51;173.56;3.50;747;6;504.00;28
815;6;621361221;815;270;1563;1589;8.18;0.50;173.64;3.49;748;6;505.00;26
822;6;621361229;822;268;1572;1589;8.03;0.49;173.62;3.48;750;6;506.00;17
823;6;621361237;823;269;1573;1589;7.91;0.48;173.50;3.48;750;6;507.00;16
826;6;621361244;826;272;1574;1589;7.82;0.48;174.02;3.48;748;6;508.00;15
831;6;621361252;831;277;1575;1589;7.71;0.47;174.63;3.48;744;6;509.00;14
832;6;621361261;832;268;1579;1589;7.68;0.47;174.99;3.49;747;6;510.00;10
832;6;621361269;832;263;1580;1589;7.63;0.47;174.99;3.49;748;6;511.00;9
835;6;621361276;835;259;1582;1590;7.59;0.46;175.72;3.50;747;6;512.00;8
836;6;621361289;836;259;1585;1591;7.55;0.46;175.72;3.51;749;6;513.00;6
839;6;621361304;839;258;1587;1591;7.47;0.46;176.29;3.52;748;6;514.00;4
840;6;621361319;840;264;1594;1595;7.38;0.45;176.58;3.52;754;6;515.00;1
841;6;621361331;841;267;1594;1595;7.31;0.45;176.81;3.52;753;6;516.00;1
843;6;621361347;843;273;1595;1595;7.27;0.45;177.42;3.52;752;6;517.00;0
845;6;621361358;845;274;1595;1595;7.26;0.44;177.53;3.52;750;6;518.00;0
848;6;621361369;848;274;1601;1601;7.28;0.45;177.89;3.51;753;6;519.00;0
850;6;621361383;850;279;1601;1601;7.31;0.45;178.34;3.51;751;6;520.00;0
853;6;621361395;853;284;1601;1601;7.32;0.45;178.58;3.51;748;6;521.00;0
857;6;621361404;857;281;1604;1604;7.27;0.44;179.00;3.50;747;6;522.00;0
861;6;621361414;861;270;1604;1604;7.21;0.44;179.10;3.50;743;6;523.00;0
864;6;621361423;864;265;1604;1604;7.17;0.44;179.30;3.50;740;6;524.00;0
866;6;621361432;866;261;1605;1605;7.13;0.44;179.69;3.50;739;6;525.00;0
868;6;621361442;868;259;1606;1606;7.17;0.44;179.70;3.50;738;6;526.00;0
873;6;621361451;873;258;1606;1606;7.12;0.43;179.11;3.50;733;6;527.00;0
876;6;621361468;876;264;1618;1619;7.15;0.43;179.61;3.47;742;6;528.00;1
879;6;621361478;879;257;1618;1619;7.23;0.44;180.01;3.47;739;6;529.00;1
882;6;621361489;882;257;1619;1619;7.33;0.45;180.16;3.47;737;6;530.00;0
882;6;621361498;882;260;1620;1620;7.43;0.45;180.16;3.47;738;6;531.00;0
886;7;621361514;886;260;1620;1620;7.46;0.45;180.28;3.47;734;7;532.00;0
887;7;621361532;887;259;1624;1624;7.56;0.46;180.54;3.47;737;7;533.00;0
890;7;621361542;890;256;1624;1624;7.57;0.46;180.66;3.47;734;7;534.00;0
893;7;621361558;893;258;1628;1628;7.60;0.46;180.99;3.46;735;7;535.00;0
895;7;621361568;895;258;1628;1628;7.60;0.46;181.11;3.46;733;7;536.00;0
898;7;621361582;898;259;1628;1628;7.58;0.46;181.79;3.46;730;7;537.00;0
901;7;621361592;901;262;1628;1628;7.53;0.46;181.96;3.46;727;7;538.00;0
905;7;621361601;905;259;1628;1628;7.52;0.45;182.30;3.46;723;7;539.00;0
908;7;621361613;908;266;1658;1662;7.62;0.46;182.30;3.40;750;7;540.00;4
910;7;621361625;910;262;1658;1662;7.60;0.46;182.85;3.40;748;7;541.00;4
911;7;621361634;911;260;1661;1662;7.69;0.47;183.16;3.39;750;7;542.00;1
912;7;621361644;912;259;1661;1662;7.66;0.47;183.24;3.39;749;7;543.00;1
917;7;621361653;917;255;1662;1662;7.62;0.46;183.36;3.39;745;7;544.00;0
922;7;621361663;922;255;1662;1662;7.62;0.46;183.45;3.39;740;7;545.00;0
925;7;621361673;925;255;1663;1663;7.61;0.46;184.18;3.39;738;7;546.00;0
928;7;621361682;928;252;1663;1663;7.62;0.46;184.28;3.39;735;7;547.00;0
928;7;621361692;928;254;1669;1669;7.68;0.47;184.28;3.38;741;7;548.00;0
929;7;621361702;929;255;1670;1670;7.77;0.47;184.36;3.38;741;7;549.00;0
932;7;621361712;932;261;1670;1670;7.82;0.48;184.37;3.38;738;7;550.00;0
933;7;621361722;933;259;1670;1670;7.90;0.48;184.41;3.38;737;7;551.00;0
936;7;621361731;936;260;1674;1674;7.91;0.48;184.52;3.37;738;7;552.00;0
937;7;621361741;937;260;1674;1674;7.94;0.49;184.53;3.37;737;7;553.00;0
941;7;621361749;941;262;1674;1674;7.93;0.48;184.82;3.37;733;7;554.00;0
942;7;621361758;942;271;1675;1675;7.83;0.48;184.96;3.37;733;7;555.00;0
943;7;621361768;943;268;1679;1679;7.76;0.47;184.97;3.37;736;7;556.00;0
945;7;621361779;945;256;1679;1679;7.74;0.47;185.00;3.37;734;7;557.00;0
946;7;621361789;946;255;1681;1682;7.75;0.47;185.01;3.36;735;7;558.00;1
949;7;621361799;949;255;1681;1682;7.74;0.47;185.33;3.36;732;7;559.00;1
956;7;621361808;956;244;1682;1682;7.67;0.47;185.75;3.36;726;7;560.00;0
959;7;621361825;959;247;1682;1682;7.65;0.46;185.92;3.36;723;7;561.00;0
962;7;621361835;962;247;1686;1686;7.66;0.46;186.09;3.36;724;7;562.00;0
964;7;621361846;964;248;1686;1686;7.68;0.47;186.27;3.36;722;7;563.00;0
964;7;621361855;964;253;1686;1686;7.73;0.47;186.27;3.36;722;7;564.00;0
966;7;621361865;966;253;1686;1686;7.71;0.47;186.48;3.36;720;7;565.00;0
968;7;621361874;968;238;1687;1687;7.76;0.47;186.85;3.36;719;7;566.00;0
970;7;621361883;970;232;1688;1688;7.84;0.48;186.82;3.35;718;7;567.00;0
974;7;621361893;974;232;1688;1688;7.87;0.48;187.24;3.35;714;7;568.00;0
977;7;621361903;977;225;1689;1689;7.98;0.49;187.82;3.35;712;7;569.00;0
978;7;621361915;978;219;1689;1689;8.06;0.49;187.87;3.35;711;7;570.00;0
981;7;621361926;981;216;1689;1689;8.15;0.50;188.38;3.35;708;7;571.00;0
984;7;621361935;984;215;1689;1689;8.28;0.50;188.56;3.35;705;7;572.00;0
985;7;621361946;985;214;1689;1689;8.40;0.51;188.66;3.35;704;7;573.00;0
988;7;621361956;988;212;1689;1689;8.39;0.51;189.40;3.35;701;7;574.00;0
989;7;621361966;989;208;1689;1689;8.48;0.52;189.50;3.35;700;7;575.00;0
992;7;621361975;992;238;1770;1816;8.43;0.52;190.09;3.20;778;7;576.00;46
995;7;621361996;995;225;1773;1817;8.43;0.52;190.09;3.20;778;7;577.00;44
998;7;621362007;998;211;1781;1817;8.53;0.53;190.46;3.19;783;7;578.00;36
1002;7;621362024;1002;204;1782;1817;8.64;0.53;190.88;3.19;780;7;579.00;35
1004;7;621362035;1004;199;1786;1817;8.72;0.54;191.06;3.19;782;7;580.00;31
1007;7;621362046;1007;201;1787;1817;8.75;0.54;191.45;3.19;780;7;581.00;30
1014;7;621362057;1014;202;1788;1817;8.66;0.53;191.88;3.20;774;7;582.00;29
1017;7;621362068;1017;200;1790;1817;8.57;0.52;192.31;3.20;773;7;583.00;27
1020;7;621362079;1020;209;1791;1818;8.50;0.52;193.06;3.20;771;7;584.00;27
1021;7;621362096;1021;208;1794;1820;8.48;0.52;193.11;3.21;773;7;585.00;26
1022;7;621362106;1022;216;1798;1820;8.41;0.51;193.37;3.22;776;7;586.00;22
1025;7;621362116;1025;221;1800;1821;8.38;0.51;193.43;3.23;775;7;587.00;21
1026;7;621362126;1026;216;1803;1821;8.37;0.51;193.35;3.24;777;7;588.00;18
1029;7;621362136;1029;216;1805;1821;8.34;0.51;193.71;3.25;776;7;589.00;16
1030;7;621362147;1030;218;1808;1821;8.36;0.51;193.94;3.27;778;7;590.00;13
1033;7;621362157;1033;221;1813;1825;8.38;0.51;194.27;3.28;780;7;591.00;12
1033;7;621362167;1033;225;1815;1825;8.39;0.51;194.27;3.29;782;7;592.00;10
1034;7;621362177;1034;228;1818;1825;8.43;0.52;194.29;3.31;784;7;593.00;7
1034;7;621362187;1034;230;1821;1828;8.50;0.52;194.29;3.33;787;7;594.00;7
1035;7;621362197;1035;230;1823;1828;8.55;0.52;194.39;3.33;788;7;595.00;5
1037;7;621362208;1037;236;1824;1828;8.61;0.53;194.58;3.33;787;7;596.00;4
1037;7;621362218;1037;236;1829;1832;8.57;0.52;194.58;3.34;792;7;597.00;3
1040;7;621362234;1040;237;1831;1833;8.63;0.53;194.69;3.35;791;7;598.00;2
1040;7;621362245;1040;238;1832;1833;8.69;0.53;194.69;3.35;792;7;599.00;1
1042;7;621362258;1042;238;1843;1859;8.64;0.53;194.71;3.33;801;7;600.00;16
1045;7;621362277;1045;229;1846;1859;8.63;0.53;194.85;3.33;801;7;601.00;13
1045;7;621362290;1045;228;1846;1859;8.70;0.53;194.85;3.33;801;7;602.00;13
1046;7;621362300;1046;224;1847;1860;8.81;0.54;194.86;3.33;801;7;603.00;13
1047;7;621362310;1047;221;1848;1860;8.87;0.54;194.83;3.33;801;7;604.00;12
1050;7;621362321;1050;221;1853;1866;8.85;0.54;195.19;3.32;803;7;605.00;13
1052;7;621362332;1052;218;1855;1866;8.91;0.54;195.73;3.33;803;7;606.00;11
1054;7;621362341;1054;214;1857;1867;8.91;0.54;196.13;3.33;803;7;607.00;10
1057;7;621362350;1057;211;1857;1867;8.91;0.54;196.49;3.33;800;7;608.00;10
1060;7;621362359;1060;209;1858;1867;8.98;0.55;196.98;3.33;798;7;609.00;9
1063;7;621362369;1063;205;1858;1867;9.01;0.55;197.39;3.33;795;7;610.00;9
1067;7;621362379;1067;205;1858;1867;9.01;0.55;197.87;3.33;791;7;611.00;9
1071;7;621362388;1071;194;1867;1879;8.99;0.55;198.41;3.32;796;7;612.00;12
1072;7;621362399;1072;192;1869;1879;8.97;0.54;198.67;3.32;797;7;613.00;10
1076;7;621362413;1076;188;1870;1879;8.91;0.54;199.02;3.32;794;7;614.00;9
1077;7;621362423;1077;187;1871;1879;8.90;0.54;199.00;3.32;794;7;615.00;8
1080;7;621362432;1080;189;1871;1879;8.86;0.54;199.43;3.32;791;7;616.00;8
1087;7;621362441;1087;187;1871;1879;8.83;0.53;200.00;3.32;784;7;617.00;8
1088;7;621362450;1088;181;1876;1883;8.86;0.54;199.92;3.33;788;7;618.00;7
1092;7;621362460;1092;176;1876;1883;8.84;0.53;200.07;3.33;784;7;619.00;7
1095;7;621362469;1095;178;1881;1887;8.86;0.54;200.33;3.33;786;7;620.00;6
1095;7;621362479;1095;180;1881;1888;8.87;0.54;200.33;3.33;786;7;621.00;7
1098;7;621362488;1098;176;1882;1888;8.86;0.54;200.71;3.33;784;7;622.00;6
1101;7;621362498;1101;176;1882;1888;8.89;0.54;200.61;3.33;781;7;623.00;6
1101;7;621362507;1101;183;1891;1901;8.92;0.54;200.61;3.33;790;7;624.00;10
1103;7;621362517;1103;186;1891;1901;8.92;0.54;200.53;3.33;788;7;625.00;10
1105;7;621362526;1105;188;1891;1901;8.95;0.54;200.76;3.33;786;7;626.00;10
1105;7;621362535;1105;189;1893;1902;9.00;0.55;200.76;3.34;788;7;627.00;9
1108;7;621362545;1108;184;1893;1903;9.03;0.55;200.99;3.34;785;7;628.00;10
1109;7;621362554;1109;189;1893;1903;9.05;0.55;201.21;3.34;784;7;629.00;10
1112;7;621362565;1112;192;1899;1909;9.05;0.55;201.89;3.35;787;7;630.00;10
1114;7;621362575;1114;193;1900;1909;9.05;0.55;202.31;3.35;786;7;631.00;9
1117;7;621362585;1117;192;1902;1909;9.01;0.55;202.28;3.35;785;7;632.00;7
1122;7;621362595;1122;201;1903;1909;8.99;0.55;202.28;3.37;781;7;633.00;6
1124;7;621362604;1124;201;1908;1915;9.00;0.55;202.58;3.36;784;7;634.00;7
1127;7;621362614;1127;208;1908;1915;8.97;0.54;202.75;3.36;781;7;635.00;7
1130;7;621362623;1130;206;1908;1915;8.91;0.54;203.01;3.36;778;7;636.00;7
1132;7;621362633;1132;207;1908;1915;8.86;0.54;203.12;3.36;776;7;637.00;7
1134;7;621362642;1134;209;1911;1919;8.84;0.54;203.18;3.36;777;7;638.00;8
1136;7;621362652;1136;214;1914;1920;8.83;0.54;203.29;3.38;778;7;639.00;6
1138;7;621362662;1138;221;1916;1920;8.74;0.53;203.25;3.39;778;7;640.00;4
1139;7;621362671;1139;232;1918;1921;8.73;0.53;203.25;3.39;779;7;641.00;3
1140;7;621362680;1140;238;1918;1921;8.65;0.53;203.31;3.39;778;7;642.00;3
1143;7;621362689;1143;241;1919;1921;8.51;0.52;202.94;3.40;776;7;643.00;2
1145;7;621362698;1145;249;1919;1921;8.45;0.52;202.81;3.40;774;7;644.00;2
1145;7;621362706;1145;251;1920;1921;8.37;0.51;202.81;3.41;775;7;645.00;1
1145;7;621362715;1145;259;1921;1921;8.34;0.51;202.81;3.41;776;7;646.00;0
1147;7;621362723;1147;263;1921;1921;8.29;0.51;202.73;3.41;774;7;647.00;0
1148;7;621362731;1148;271;1958;1991;8.43;0.52;202.74;3.35;810;7;648.00;33
1150;7;621362745;1150;271;1961;1992;8.31;0.51;202.77;3.35;811;7;649.00;31
1153;7;621362754;1153;274;1970;1992;8.21;0.50;202.68;3.34;817;7;650.00;22
1156;7;621362763;1156;275;1974;1992;8.16;0.50;202.45;3.34;818;7;651.00;18
1157;7;621362772;1157;278;1976;1992;8.02;0.49;202.48;3.34;819;7;652.00;16
1159;7;621362781;1159;279;1979;1992;7.98;0.49;202.33;3.34;820;7;653.00;13
1162;7;621362790;1162;289;1982;1992;7.83;0.48;201.99;3.35;820;7;654.00;10
1163;7;621362802;1163;290;1984;1992;7.79;0.48;201.95;3.35;821;7;655.00;8
1164;7;621362811;1164;291;1985;1993;7.69;0.47;201.78;3.35;821;7;656.00;8
1166;7;621362820;1166;301;1988;1994;7.60;0.47;201.68;3.36;822;7;657.00;6
1166;7;621362829;1166;305;1990;1994;7.50;0.46;201.68;3.37;824;7;658.00;4
1170;7;621362838;1170;306;1996;1998;7.38;0.45;201.31;3.37;826;7;659.00;2
1170;7;621362849;1170;309;1998;1998;7.26;0.45;201.31;3.37;828;7;660.00;0
1171;7;621362859;1171;312;1998;1998;7.14;0.44;201.26;3.37;827;7;661.00;0
1172;7;621362868;1172;311;1998;1998;7.10;0.44;201.19;3.37;826;7;662.00;0
1175;7;621362876;1175;319;2004;2004;7.11;0.44;201.19;3.36;829;7;663.00;0
1176;7;621362886;1176;321;2004;2004;7.05;0.43;201.22;3.36;828;7;664.00;0
1178;7;621362894;1178;322;2004;2004;7.04;0.43;201.23;3.36;826;7;665.00;0
1180;7;621362903;1180;320;2006;2007;7.11;0.44;201.17;3.36;826;7;666.00;1
1184;7;621362912;1184;323;2006;2007;6.99;0.43;201.06;3.36;822;7;667.00;1
1185;7;621362926;1185;325;2007;2007;6.93;0.42;200.95;3.36;822;7;668.00;0
1187;7;621362934;1187;324;2008;2008;6.83;0.42;200.91;3.36;821;7;669.00;0
1189;7;621362943;1189;325;2009;2009;6.73;0.41;200.70;3.36;820;7;670.00;0
1193;7;621362951;1193;329;2009;2009;6.65;0.40;200.94;3.36;816;7;671.00;0
1195;7;621362960;1195;339;2021;2022;6.57;0.40;201.04;3.34;826;7;672.00;1
1197;7;621362969;1197;340;2022;2022;6.54;0.40;201.26;3.34;825;7;673.00;0
1198;7;621362977;1198;343;2022;2022;6.48;0.39;201.33;3.34;824;7;674.00;0
1199;7;621362985;1199;332;2024;2024;6.43;0.39;201.56;3.33;825;7;675.00;0
1202;7;621362993;1202;326;2024;2024;6.35;0.39;201.68;3.33;822;7;676.00;0
1205;7;621363001;1205;321;2028;2028;6.30;0.39;201.99;3.33;823;7;677.00;0
1207;7;621363010;1207;318;2028;2028;6.24;0.38;202.00;3.33;821;7;678.00;0
1210;7;621363018;1210;319;2032;2032;6.15;0.38;202.30;3.32;822;7;679.00;0
1213;7;621363028;1213;302;2032;2032;6.15;0.38;202.28;3.32;819;7;680.00;0
1219;8;621363037;1219;296;2032;2032;6.09;0.37;202.45;3.32;813;8;681.00;0
1221;8;621363056;1221;290;2032;2032;6.11;0.37;202.72;3.32;811;8;682.00;0
1224;8;621363065;1224;289;2032;2032;6.11;0.37;202.73;3.32;808;8;683.00;0
1227;9;621363079;1227;286;2043;2044;6.21;0.38;202.71;3.31;816;9;684.00;1
1229;9;621363099;1229;292;2043;2044;6.29;0.38;202.78;3.31;814;9;685.00;1
1231;9;621363108;1231;290;2044;2044;6.46;0.39;203.08;3.30;813;9;686.00;0
1234;9;621363116;1234;285;2044;2044;6.52;0.40;203.20;3.30;810;9;687.00;0
1236;9;621363125;1236;283;2044;2044;6.66;0.41;203.09;3.30;808;9;688.00;0
1238;9;621363134;1238;277;2044;2044;6.77;0.41;203.34;3.30;806;9;689.00;0
1240;9;621363144;1240;275;2045;2045;6.81;0.42;203.48;3.30;805;9;690.00;0
1241;9;621363153;1241;271;2045;2045;6.87;0.42;203.41;3.30;804;9;691.00;0
1243;9;621363168;1243;269;2051;2051;7.03;0.43;203.60;3.30;808;9;692.00;0
1246;9;621363177;1246;268;2052;2052;7.14;0.44;204.08;3.30;806;9;693.00;0
1247;9;621363186;1247;262;2052;2052;7.26;0.44;204.24;3.30;805;9;694.00;0
1250;9;621363196;1250;259;2052;2052;7.31;0.45;204.54;3.30;802;9;695.00;0
1253;9;621363204;1253;256;2056;2056;7.41;0.45;204.59;3.29;803;9;696.00;0
1257;9;621363214;1257;260;2056;2056;7.41;0.45;205.03;3.29;799;9;697.00;0
1262;9;621363223;1262;265;2056;2056;7.45;0.46;205.54;3.29;794;9;698.00;0
1264;9;621363232;1264;259;2057;2057;7.47;0.46;205.66;3.29;793;9;699.00;0
1270;9;621363242;1270;260;2061;2061;7.45;0.45;206.13;3.28;791;9;700.00;0
1274;9;621363255;1274;257;2061;2061;7.45;0.45;206.10;3.28;787;9;701.00;0
1281;9;621363265;1281;258;2063;2064;7.41;0.45;206.17;3.28;782;9;702.00;1
1285;9;621363274;1285;255;2063;2064;7.43;0.45;206.18;3.28;778;9;703.00;1
1288;9;621363287;1288;254;2064;2064;7.48;0.46;206.63;3.28;776;9;704.00;0
1293;9;621363301;1293;250;2064;2064;7.47;0.46;207.34;3.28;771;9;705.00;0
1297;9;621363320;1297;254;2068;2068;7.45;0.45;207.85;3.28;771;9;706.00;0
1301;9;621363339;1301;250;2068;2068;7.44;0.45;208.17;3.28;767;9;707.00;0
1305;9;621363353;1305;251;2068;2068;7.39;0.45;208.45;3.28;763;9;708.00;0
1308;9;621363367;1308;251;2068;2068;7.38;0.45;208.63;3.28;760;9;709.00;0
1312;9;621363382;1312;253;2069;2069;7.34;0.45;209.20;3.27;757;9;710.00;0
1317;9;621363396;1317;248;2070;2070;7.37;0.45;209.63;3.27;753;9;711.00;0
1320;9;621363408;1320;251;2070;2070;7.41;0.45;210.03;3.27;750;9;712.00;0
1324;9;621363418;1324;254;2071;2071;7.45;0.45;210.49;3.27;747;9;713.00;0
1328;9;621363428;1328;253;2071;2071;7.44;0.45;210.61;3.27;743;9;714.00;0
1330;9;621363439;1330;251;2071;2071;7.45;0.45;210.93;3.27;741;9;715.00;0
1337;9;621363448;1337;251;2071;2071;7.38;0.45;211.33;3.27;734;9;716.00;0
1338;9;621363459;1338;248;2071;2071;7.40;0.45;211.43;3.27;733;9;717.00;0
1341;9;621363469;1341;246;2071;2071;7.42;0.45;211.64;3.27;730;9;718.00;0
1346;9;621363480;1346;244;2071;2071;7.37;0.45;211.73;3.27;725;9;719.00;0
1346;9;621363491;1346;283;2198;2301;7.63;0.48;211.73;3.08;852;9;720.00;103
1349;9;621363521;1349;278;2208;2302;7.59;0.48;212.01;3.07;859;9;721.00;94
1352;9;621363531;1352;268;2221;2302;7.56;0.48;212.06;3.07;869;9;722.00;81
1353;9;621363541;1353;260;2228;2302;7.56;0.47;211.96;3.07;875;9;723.00;74
1357;9;621363552;1357;267;2239;2302;7.47;0.47;212.22;3.07;882;9;724.00;63
1360;9;621363564;1360;271;2242;2302;7.40;0.46;212.42;3.07;882;9;725.00;60
1361;9;621363575;1361;268;2246;2302;7.34;0.46;212.50;3.08;885;9;726.00;56
1362;9;621363585;1362;265;2250;2302;7.28;0.45;212.54;3.09;888;9;727.00;52
1364;9;621363597;1364;267;2254;2303;7.18;0.45;212.62;3.10;890;9;728.00;49
1367;9;621363608;1367;273;2257;2304;7.18;0.45;212.69;3.10;890;9;729.00;47
1367;9;621363619;1367;269;2263;2304;7.16;0.45;212.69;3.12;896;9;730.00;41
1367;9;621363630;1367;274;2266;2305;7.14;0.44;212.69;3.13;899;9;731.00;39
1371;9;621363641;1371;282;2268;2305;7.06;0.44;213.07;3.14;897;9;732.00;37
1373;9;621363652;1373;292;2270;2305;6.99;0.43;212.99;3.14;897;9;733.00;35
1376;9;621363663;1376;297;2273;2305;6.95;0.43;213.33;3.16;897;9;734.00;32
1378;9;621363673;1378;303;2276;2309;6.87;0.43;213.62;3.16;898;9;735.00;33
1379;9;621363697;1379;299;2276;2309;6.88;0.43;213.67;3.16;897;9;736.00;33
1384;9;621363709;1384;297;2277;2309;6.91;0.43;213.57;3.17;893;9;737.00;32
1386;9;621363726;1386;291;2278;2312;7.00;0.43;213.52;3.17;892;9;738.00;34
1390;9;621363738;1390;292;2279;2312;7.08;0.44;213.79;3.18;889;9;739.00;33
1394;9;621363750;1394;288;2281;2312;7.17;0.44;213.95;3.20;887;9;740.00;31
1397;9;621363761;1397;285;2288;2316;7.13;0.44;214.02;3.22;891;9;741.00;28
1401;9;621363783;1401;288;2288;2317;7.19;0.44;213.99;3.22;887;9;742.00;29
1402;9;621363795;1402;294;2291;2317;7.27;0.45;214.01;3.24;889;9;743.00;26
1403;9;621363807;1403;294;2294;2321;7.29;0.45;214.10;3.24;891;9;744.00;27
1410;9;621363826;1410;297;2294;2321;7.29;0.45;214.56;3.24;884;9;745.00;27
1411;9;621363840;1411;304;2296;2321;7.34;0.45;214.75;3.26;885;9;746.00;25
1413;9;621363851;1413;305;2296;2322;7.39;0.45;215.22;3.26;883;9;747.00;26
1415;9;621363868;1415;301;2297;2322;7.48;0.46;215.19;3.27;882;9;748.00;25
1421;9;621363880;1421;293;2305;2328;7.42;0.45;215.53;3.30;884;9;749.00;23
1424;9;621363895;1424;291;2309;2328;7.48;0.46;215.74;3.33;885;9;750.00;19
1426;9;621363906;1426;291;2312;2329;7.49;0.46;215.96;3.35;886;9;751.00;17
1430;9;621363917;1430;287;2314;2329;7.50;0.46;216.25;3.36;884;9;752.00;15
1431;9;621363929;1431;284;2314;2329;7.55;0.46;216.31;3.36;883;9;753.00;15
1433;9;621363940;1433;291;2314;2329;7.60;0.46;216.48;3.36;881;9;754.00;15
1435;9;621363951;1435;289;2317;2329;7.62;0.46;216.50;3.38;882;9;755.00;12
1437;9;621363962;1437;291;2328;2341;7.68;0.47;216.63;3.37;891;9;756.00;13
1441;9;621363975;1441;280;2329;2341;7.76;0.47;216.84;3.37;888;9;757.00;12
1441;9;621363986;1441;280;2331;2341;7.87;0.48;216.84;3.37;890;9;758.00;10
1445;9;621363997;1445;284;2331;2341;7.97;0.48;217.29;3.37;886;9;759.00;10
1445;9;621364009;1445;283;2332;2341;8.05;0.49;217.29;3.37;887;9;760.00;9
1447;9;621364020;1447;280;2332;2341;8.10;0.49;217.58;3.37;885;9;761.00;9
1449;9;621364031;1449;284;2336;2345;8.12;0.49;217.45;3.37;887;9;762.00;9
1451;9;621364043;1451;283;2336;2345;8.16;0.50;217.66;3.37;885;9;763.00;9
1452;10;621364053;1452;285;2340;2349;8.21;0.50;217.69;3.37;888;10;764.00;9
1454;10;621364073;1454;283;2342;2351;8.16;0.50;217.73;3.36;888;10;765.00;9
1455;10;621364084;1455;291;2342;2351;8.15;0.49;217.76;3.36;887;10;766.00;9
1457;10;621364095;1457;290;2342;2351;8.08;0.49;217.96;3.36;885;10;767.00;9
1457;10;621364106;1457;299;2352;2364;8.11;0.49;217.96;3.35;895;10;768.00;12
1458;10;621364118;1458;295;2352;2364;8.04;0.49;218.09;3.35;894;10;769.00;12
1460;10;621364129;1460;295;2352;2364;8.01;0.49;218.05;3.35;892;10;770.00;12
1461;10;621364140;1461;291;2353;2365;8.02;0.49;218.03;3.35;892;10;771.00;12
1465;10;621364151;1465;290;2353;2366;7.96;0.48;218.30;3.35;888;10;772.00;13
1466;10;621364162;1466;288;2353;2366;7.92;0.48;218.32;3.35;887;10;773.00;13
1467;10;621364174;1467;288;2355;2369;7.90;0.48;218.37;3.35;888;10;774.00;14
1470;10;621364185;1470;285;2355;2369;7.83;0.48;218.42;3.35;885;10;775.00;14
1471;10;621364196;1471;287;2356;2369;7.79;0.47;218.51;3.35;885;10;776.00;13
1475;10;621364207;1475;286;2356;2369;7.70;0.47;218.68;3.35;881;10;777.00;13
1477;10;621364218;1477;285;2361;2375;7.67;0.47;218.80;3.34;884;10;778.00;14
1480;10;621364229;1480;286;2361;2375;7.64;0.46;218.93;3.34;881;10;779.00;14
1482;10;621364241;1482;287;2361;2375;7.64;0.47;219.08;3.34;879;10;780.00;14
1483;10;621364252;1483;287;2361;2375;7.58;0.46;219.07;3.34;878;10;781.00;14
1487;10;621364262;1487;281;2364;2379;7.48;0.46;219.27;3.34;877;10;782.00;15
1488;10;621364273;1488;280;2365;2380;7.51;0.46;219.44;3.34;877;10;783.00;15
1490;10;621364283;1490;276;2365;2380;7.45;0.46;219.61;3.34;875;10;784.00;15
1493;10;621364294;1493;275;2367;2381;7.39;0.45;219.69;3.34;874;10;785.00;14
1499;10;621364304;1499;273;2368;2381;7.29;0.44;220.01;3.35;869;10;786.00;13
1500;10;621364315;1500;267;2368;2381;7.28;0.44;220.07;3.35;868;10;787.00;13
1504;10;621364324;1504;270;2368;2381;7.22;0.44;220.42;3.35;864;10;788.00;13
1505;10;621364335;1505;269;2368;2381;7.24;0.44;220.34;3.35;863;10;789.00;13
1508;10;621364344;1508;269;2368;2381;7.19;0.44;220.53;3.35;860;10;790.00;13
1509;10;621364353;1509;270;2368;2381;7.21;0.44;220.51;3.35;859;10;791.00;13
1509;10;621364362;1509;276;2401;2451;7.36;0.45;220.51;3.30;892;10;792.00;50
1510;10;621364377;1510;280;2401;2452;7.36;0.45;220.65;3.30;891;10;793.00;51
1511;10;621364386;1511;277;2409;2452;7.42;0.46;220.55;3.30;898;10;794.00;43
1513;10;621364397;1513;280;2412;2452;7.42;0.46;220.55;3.29;899;10;795.00;40
1515;10;621364406;1515;284;2416;2452;7.42;0.45;220.58;3.33;901;10;796.00;36
1517;10;621364416;1517;283;2421;2452;7.35;0.45;220.39;3.33;904;10;797.00;31
1518;10;621364432;1518;286;2424;2452;7.39;0.45;220.43;3.33;906;10;798.00;28
1521;10;621364442;1521;286;2426;2452;7.32;0.45;220.15;3.37;905;10;799.00;26
1521;10;621364453;1521;290;2429;2453;7.34;0.45;220.15;3.37;908;10;800.00;24
1522;10;621364468;1522;292;2431;2454;7.30;0.45;220.15;3.37;909;10;801.00;23
1526;10;621364478;1526;296;2435;2454;7.26;0.44;220.20;3.41;909;10;802.00;19
1530;10;621364488;1530;298;2440;2458;7.20;0.44;220.06;3.42;910;10;803.00;18
1533;10;621364499;1533;298;2441;2458;7.16;0.44;220.16;3.42;908;10;804.00;17
1534;10;621364509;1534;304;2442;2458;7.10;0.43;220.07;3.45;908;10;805.00;16
1534;10;621364519;1534;313;2442;2458;6.98;0.43;220.07;3.45;908;10;806.00;16
1535;10;621364528;1535;318;2448;2464;6.96;0.42;219.98;3.48;913;10;807.00;16
1537;10;621364539;1537;328;2448;2464;6.91;0.42;220.01;3.48;911;10;808.00;16
1540;10;621364550;1540;328;2449;2464;6.84;0.42;219.78;3.51;909;10;809.00;15
1542;10;621364561;1542;331;2455;2470;6.80;0.41;219.69;3.53;913;10;810.00;15
1543;10;621364572;1543;337;2456;2470;6.72;0.41;219.58;3.57;913;10;811.00;14
1543;10;621364582;1543;344;2459;2470;6.69;0.41;219.58;3.60;916;10;812.00;11
1546;10;621364592;1546;355;2461;2471;6.65;0.40;219.43;3.64;915;10;813.00;10
1549;10;621364603;1549;369;2463;2472;6.53;0.40;219.10;3.65;914;10;814.00;9
1550;10;621364613;1550;377;2466;2472;6.42;0.39;218.97;3.69;916;10;815.00;6
1551;10;621364623;1551;383;2477;2485;6.40;0.39;218.89;3.69;926;10;816.00;8
1554;10;621364633;1554;387;2478;2485;6.34;0.39;218.94;3.70;924;10;817.00;7
1555;10;621364644;1555;389;2480;2485;6.31;0.39;218.91;3.71;925;10;818.00;5
1556;10;621364653;1556;396;2481;2486;6.27;0.38;218.82;3.71;925;10;819.00;5
1558;10;621364663;1558;403;2482;2486;6.20;0.38;218.74;3.71;924;10;820.00;4
1558;10;621364672;1558;403;2488;2490;6.20;0.38;218.74;3.71;930;10;821.00;2
1561;10;621364681;1561;403;2489;2490;6.16;0.38;218.46;3.71;928;10;822.00;1
1564;10;621364691;1564;402;2493;2494;6.13;0.38;218.42;3.71;929;10;823.00;1
1567;10;621364700;1567;403;2494;2494;6.10;0.37;218.26;3.71;927;10;824.00;0
1571;10;621364709;1571;407;2494;2494;6.07;0.37;218.41;3.71;923;10;825.00;0
1573;10;621364719;1573;407;2494;2494;5.98;0.37;218.31;3.71;921;10;826.00;0
1573;10;621364728;1573;394;2494;2494;5.92;0.36;218.31;3.71;921;10;827.00;0
1573;10;621364737;1573;389;2505;2506;5.95;0.37;218.31;3.69;932;10;828.00;1
1575;10;621364747;1575;377;2506;2506;5.94;0.36;218.24;3.69;931;10;829.00;0
1576;10;621364757;1576;372;2506;2506;5.95;0.36;218.25;3.69;930;10;830.00;0
1576;10;621364766;1576;371;2506;2506;5.98;0.37;218.25;3.69;930;10;831.00;0
1576;10;621364776;1576;364;2506;2506;6.06;0.37;218.25;3.69;930;10;832.00;0
1578;10;621364787;1578;360;2506;2506;6.11;0.37;218.23;3.69;928;10;833.00;0
1578;10;621364802;1578;352;2507;2507;6.24;0.38;218.23;3.69;929;10;834.00;0
1579;10;621364813;1579;350;2507;2507;6.29;0.39;218.30;3.69;928;10;835.00;0
1581;10;621364822;1581;354;2513;2513;6.44;0.39;218.24;3.68;932;10;836.00;0
1582;10;621364833;1582;351;2514;2514;6.53;0.40;218.17;3.68;932;10;837.00;0
1583;10;621364844;1583;348;2514;2514;6.58;0.40;218.10;3.68;931;10;838.00;0
1584;10;621364854;1584;348;2514;2514;6.62;0.41;218.04;3.68;930;10;839.00;0
1588;10;621364866;1588;349;2518;2519;6.67;0.41;218.18;3.68;930;10;840.00;1
1591;10;621364876;1591;347;2519;2519;6.63;0.40;218.37;3.68;928;10;841.00;0
1592;10;621364886;1592;347;2519;2519;6.64;0.41;218.46;3.68;927;10;842.00;0
1593;10;621364896;1593;352;2520;2520;6.70;0.41;218.45;3.67;927;10;843.00;0
1597;10;621364906;1597;349;2524;2524;6.70;0.41;218.49;3.67;927;10;844.00;0
1599;10;621364920;1599;346;2524;2524;6.66;0.41;218.64;3.67;925;10;845.00;0
1600;10;621364931;1600;343;2526;2527;6.62;0.40;218.79;3.67;926;10;846.00;1
1601;10;621364940;1601;345;2527;2527;6.56;0.40;218.84;3.67;926;10;847.00;0
1604;10;621364955;1604;338;2527;2527;6.47;0.40;218.91;3.67;923;10;848.00;0
1609;10;621364965;1609;344;2527;2527;6.35;0.39;219.21;3.67;918;10;849.00;0
1613;10;621364975;1613;323;2531;2531;6.33;0.39;219.26;3.66;918;10;850.00;0
1618;10;621364986;1618;322;2531;2531;6.30;0.39;219.36;3.66;913;10;851.00;0
1621;10;621364996;1621;310;2531;2531;6.25;0.38;219.39;3.66;910;10;852.00;0
1625;10;621365005;1625;310;2531;2531;6.24;0.38;219.32;3.66;906;10;853.00;0
1629;10;621365014;1629;307;2532;2532;6.23;0.38;219.43;3.66;903;10;854.00;0
1631;10;621365025;1631;305;2534;2534;6.25;0.38;219.55;3.66;903;10;855.00;0
1635;10;621365034;1635;305;2534;2534;6.24;0.38;219.93;3.66;899;10;856.00;0
1641;10;621365044;1641;296;2535;2535;6.26;0.38;220.12;3.66;894;10;857.00;0
1645;10;621365054;1645;291;2535;2535;6.27;0.38;220.48;3.66;890;10;858.00;0
1649;10;621365064;1649;292;2535;2535;6.27;0.38;220.68;3.66;886;10;859.00;0
1652;10;621365073;1652;289;2535;2535;6.34;0.39;221.02;3.66;883;10;860.00;0
1656;10;621365083;1656;284;2535;2535;6.36;0.39;221.32;3.66;879;10;861.00;0
1658;10;621365095;1658;276;2535;2535;6.42;0.39;221.44;3.66;877;10;862.00;0
1661;10;621365105;1661;271;2535;2535;6.46;0.39;221.55;3.66;874;10;863.00;0
1663;10;621365114;1663;280;2622;2662;6.70;0.42;221.78;3.54;959;10;864.00;40
1665;10;621365134;1665;270;2627;2663;6.82;0.42;221.75;3.53;962;10;865.00;36
1667;10;621365145;1667;272;2631;2663;6.93;0.43;221.93;3.53;964;10;866.00;32
1670;10;621365161;1670;270;2634;2663;7.01;0.43;222.09;3.53;964;10;867.00;29
1675;10;621365171;1675;259;2637;2663;7.03;0.43;222.35;3.53;962;10;868.00;26
1679;10;621365182;1679;259;2637;2663;7.03;0.43;222.58;3.53;958;10;869.00;26
1683;10;621365194;1683;256;2638;2663;7.02;0.43;222.91;3.53;955;10;870.00;25
1686;10;621365205;1686;258;2639;2663;6.97;0.43;223.13;3.53;953;10;871.00;24
1689;10;621365217;1689;257;2640;2664;6.91;0.42;223.38;3.53;951;10;872.00;24
1691;10;621365228;1691;261;2645;2665;6.86;0.42;223.37;3.54;954;10;873.00;20
1693;10;621365239;1693;270;2646;2665;6.84;0.42;223.70;3.55;953;10;874.00;19
1698;10;621365250;1698;275;2648;2666;6.74;0.41;224.65;3.55;950;10;875.00;18
1701;10;621365261;1701;280;2648;2666;6.72;0.41;224.85;3.55;947;10;876.00;18
1707;10;621365273;1707;286;2649;2666;6.64;0.41;225.17;3.55;942;10;877.00;17
1711;10;621365285;1711;292;2651;2666;6.56;0.40;225.36;3.56;940;10;878.00;15
1712;10;621365302;1712;289;2654;2670;6.57;0.40;225.52;3.56;942;10;879.00;16
1721;10;621365321;1721;288;2654;2670;6.49;0.40;225.70;3.56;933;10;880.00;16
1724;10;621365340;1724;292;2656;2670;6.46;0.39;225.88;3.57;932;10;881.00;14
1725;10;621365357;1725;293;2656;2673;6.51;0.40;226.05;3.57;931;10;882.00;17
1731;10;621365374;1731;298;2657;2673;6.50;0.40;226.42;3.57;926;10;883.00;16
1733;10;621365392;1733;296;2658;2673;6.48;0.40;226.41;3.58;925;10;884.00;15
1737;10;621365407;1737;296;2663;2677;6.45;0.39;226.62;3.58;926;10;885.00;14
1741;10;621365420;1741;300;2664;2678;6.45;0.39;226.89;3.58;923;10;886.00;14
1743;10;621365433;1743;300;2664;2678;6.57;0.40;226.90;3.58;921;10;887.00;14
1747;10;621365446;1747;292;2667;2682;6.61;0.40;227.31;3.58;920;10;888.00;15
1752;10;621365459;1752;294;2668;2682;6.70;0.41;227.48;3.59;916;10;889.00;14
1754;10;621365472;1754;294;2669;2682;6.77;0.41;227.79;3.59;915;10;890.00;13
1758;10;621365484;1758;301;2670;2683;6.83;0.42;227.88;3.59;912;10;891.00;13
1759;10;621365496;1759;296;2670;2683;6.90;0.42;227.88;3.59;911;10;892.00;13
1762;10;621365508;1762;297;2676;2689;6.90;0.42;228.16;3.60;914;10;893.00;13
1764;10;621365520;1764;300;2676;2689;6.85;0.42;228.45;3.60;912;10;894.00;13
1766;10;621365531;1766;305;2677;2690;6.76;0.41;228.79;3.60;911;10;895.00;13
1772;10;621365542;1772;312;2678;2690;6.71;0.41;229.54;3.61;906;10;896.00;12
1776;10;621365554;1776;311;2678;2690;6.70;0.41;229.84;3.61;902;10;897.00;12
1780;10;621365566;1780;307;2679;2690;6.64;0.40;230.09;3.62;899;10;898.00;11
1783;10;621365577;1783;302;2679;2690;6.67;0.41;230.58;3.62;896;10;899.00;11
1786;10;621365590;1786;303;2708;2736;6.71;0.41;230.85;3.59;922;10;900.00;28
1789;10;621365611;1789;298;2711;2736;6.79;0.42;231.32;3.62;922;10;901.00;25
1792;10;621365622;1792;302;2715;2736;6.85;0.42;231.54;3.63;923;10;902.00;21
1793;10;621365633;1793;294;2715;2736;6.95;0.43;231.73;3.63;922;10;903.00;21
1795;10;621365646;1795;297;2718;2736;7.02;0.43;231.84;3.64;923;10;904.00;18
1796;10;621365658;1796;300;2721;2736;7.03;0.43;232.03;3.65;925;10;905.00;15
1801;10;621365675;1801;284;2726;2740;7.02;0.43;232.30;3.66;925;10;906.00;14
1802;10;621365699;1802;275;2727;2740;7.08;0.44;232.44;3.66;925;10;907.00;13
1804;10;621365715;1804;270;2731;2744;7.17;0.44;232.65;3.66;927;10;908.00;13
1806;10;621365730;1806;266;2733;2745;7.32;0.45;232.72;3.67;927;10;909.00;12
1810;10;621365746;1810;260;2734;2745;7.35;0.45;233.19;3.67;924;10;910.00;11
1814;10;621365762;1814;261;2736;2745;7.38;0.46;233.49;3.68;922;10;911.00;9
1819;10;621365777;1819;261;2747;2758;7.46;0.46;233.74;3.67;928;10;912.00;11
1825;10;621365794;1825;268;2749;2758;7.50;0.46;234.16;3.67;924;10;913.00;9
1827;10;621365809;1827;268;2749;2758;7.60;0.47;234.12;3.67;922;10;914.00;9
1830;10;621365825;1830;273;2750;2759;7.67;0.47;234.47;3.68;920;10;915.00;9
1834;10;621365841;1834;279;2753;2760;7.67;0.47;234.90;3.68;919;10;916.00;7
1836;10;621365857;1836;280;2755;2760;7.71;0.47;234.86;3.68;919;10;917.00;5
1841;10;621365872;1841;280;2757;2763;7.63;0.47;235.44;3.68;916;10;918.00;6
1842;10;621365887;1842;280;2758;2763;7.63;0.47;235.62;3.68;916;10;919.00;5
1845;10;621365901;1845;279;2759;2763;7.65;0.47;235.60;3.68;914;10;920.00;4
1847;10;621365916;1847;277;2759;2763;7.66;0.47;235.77;3.68;912;10;921.00;4
1848;10;621365930;1848;280;2765;2769;7.68;0.47;235.80;3.68;917;10;922.00;4
1851;10;621365946;1851;278;2765;2769;7.72;0.47;236.03;3.68;914;10;923.00;4
1854;10;621365961;1854;279;2765;2769;7.78;0.47;236.21;3.68;911;10;924.00;4
1856;10;621365975;1856;282;2768;2769;7.79;0.47;236.49;3.70;912;10;925.00;1
1862;10;621365990;1862;284;2773;2773;7.77;0.47;236.58;3.70;911;10;926.00;0
1865;10;621366004;1865;294;2774;2774;7.80;0.47;236.60;3.70;909;10;927.00;0
1868;10;621366018;1868;285;2774;2774;7.77;0.47;236.87;3.70;906;10;928.00;0
1869;10;621366031;1869;294;2775;2775;7.74;0.47;236.81;3.69;906;10;929.00;0
1871;10;621366046;1871;297;2775;2775;7.69;0.47;236.76;3.69;904;10;930.00;0
1873;10;621366060;1873;300;2775;2775;7.64;0.46;236.78;3.69;902;10;931.00;0
1874;10;621366073;1874;302;2775;2775;7.62;0.46;236.77;3.69;901;10;932.00;0
1877;10;621366087;1877;306;2775;2775;7.61;0.46;236.78;3.69;898;10;933.00;0
1878;10;621366102;1878;316;2775;2775;7.65;0.46;236.81;3.69;897;10;934.00;0
1880;10;621366116;1880;319;2775;2775;7.60;0.46;236.86;3.69;895;10;935.00;0
1882;10;621366130;1882;332;2813;2845;7.52;0.46;237.05;3.64;931;10;936.00;32
1884;10;621366152;1884;329;2813;2846;7.51;0.46;237.17;3.64;929;10;937.00;33
1886;10;621366177;1886;335;2820;2846;7.59;0.46;237.17;3.64;934;10;938.00;26
1887;10;621366198;1887;345;2821;2846;7.56;0.46;237.31;3.64;934;10;939.00;25
1889;10;621366217;1889;341;2825;2846;7.50;0.45;237.32;3.64;936;10;940.00;21
1890;10;621366245;1890;338;2826;2846;7.50;0.46;237.38;3.64;936;10;941.00;20
1891;10;621366261;1891;336;2829;2846;7.54;0.46;237.39;3.64;938;10;942.00;17
1892;10;621366276;1892;335;2832;2846;7.60;0.46;237.38;3.65;940;10;943.00;14
1895;10;621366294;1895;337;2835;2847;7.64;0.46;237.48;3.65;940;10;944.00;12
1896;10;621366310;1896;334;2838;2849;7.61;0.46;237.42;3.65;942;10;945.00;11
1898;10;621366327;1898;332;2840;2849;7.57;0.46;237.34;3.66;942;10;946.00;9
1902;10;621366354;1902;332;2844;2853;7.47;0.45;237.48;3.66;942;10;947.00;9
1905;10;621366368;1905;335;2845;2853;7.35;0.45;237.75;3.66;940;10;948.00;8
1909;10;621366381;1909;335;2845;2853;7.24;0.44;237.68;3.66;936;10;949.00;8
1911;10;621366393;1911;336;2845;2853;7.11;0.43;237.81;3.66;934;10;950.00;8
1912;10;621366407;1912;339;2849;2859;7.02;0.43;237.77;3.65;937;10;951.00;10
1914;10;621366420;1914;337;2849;2859;6.92;0.42;237.61;3.65;935;10;952.00;10
1920;10;621366432;1920;335;2849;2859;6.80;0.41;237.67;3.65;929;10;953.00;10
1922;10;621366445;1922;335;2851;2862;6.73;0.41;237.70;3.65;929;10;954.00;11
1924;10;621366457;1924;334;2854;2862;6.72;0.41;237.68;3.66;930;10;955.00;8
1930;10;621366468;1930;331;2854;2862;6.61;0.40;237.82;3.66;924;10;956.00;8
1932;10;621366478;1932;323;2854;2863;6.58;0.40;237.97;3.66;922;10;957.00;9
1934;10;621366488;1934;326;2857;2864;6.60;0.40;238.12;3.67;923;10;958.00;7
1937;10;621366502;1937;331;2857;2864;6.56;0.40;238.07;3.67;920;10;959.00;7
1939;10;621366516;1939;335;2874;2890;6.61;0.40;238.03;3.65;935;10;960.00;16
1941;10;621366532;1941;331;2874;2890;6.66;0.40;238.03;3.65;933;10;961.00;16
1944;10;621366545;1944;327;2877;2890;6.69;0.41;237.87;3.65;933;10;962.00;13
1945;10;621366558;1945;323;2879;2891;6.70;0.41;237.91;3.66;934;10;963.00;12
1947;10;621366571;1947;323;2880;2891;6.70;0.41;237.69;3.66;933;10;964.00;11
1950;10;621366584;1950;329;2883;2895;6.73;0.41;237.56;3.65;933;10;965.00;12
1953;10;621366597;1953;328;2883;2895;6.74;0.41;237.39;3.65;930;10;966.00;12
1954;10;621366607;1954;331;2887;2899;6.75;0.41;237.32;3.65;933;10;967.00;12
1958;10;621366617;1958;333;2887;2899;6.68;0.41;237.19;3.65;929;10;968.00;12
1959;10;621366627;1959;335;2888;2899;6.70;0.41;237.08;3.65;929;10;969.00;11
1960;10;621366637;1960;335;2889;2899;6.67;0.41;237.02;3.66;929;10;970.00;10
1961;10;621366647;1961;337;2890;2899;6.61;0.40;237.06;3.67;929;10;971.00;9
1963;10;621366659;1963;335;2900;2911;6.66;0.40;236.98;3.67;937;10;972.00;11
1964;10;621366672;1964;334;2903;2911;6.59;0.40;237.02;3.67;939;10;973.00;8
1965;10;621366684;1965;338;2904;2911;6.55;0.40;237.06;3.67;939;10;974.00;7
1965;10;621366695;1965;336;2904;2911;6.47;0.39;237.06;3.67;939;10;975.00;7
1966;10;621366705;1966;336;2904;2911;6.42;0.39;237.07;3.67;938;10;976.00;7
1967;10;621366715;1967;346;2904;2911;6.36;0.39;237.08;3.67;937;10;977.00;7
1969;10;621366725;1969;346;2904;2912;6.31;0.38;237.01;3.67;935;10;978.00;8
1970;10;621366736;1970;333;2904;2912;6.29;0.38;237.02;3.67;934;10;979.00;8
1970;10;621366747;1970;328;2911;2918;6.33;0.38;237.02;3.69;941;10;980.00;7
1970;10;621366758;1970;322;2911;2919;6.36;0.39;237.02;3.69;941;10;981.00;8
1972;10;621366768;1972;325;2912;2919;6.41;0.39;237.03;3.69;940;10;982.00;7
1972;10;621366779;1972;321;2914;2919;6.45;0.39;237.03;3.69;942;10;983.00;5
1975;10;621366792;1975;319;2917;2923;6.50;0.39;236.83;3.69;942;10;984.00;6
1975;10;621366808;1975;322;2917;2923;6.55;0.40;236.83;3.69;942;10;985.00;6
1976;10;621366825;1976;322;2918;2923;6.58;0.40;236.72;3.70;942;10;986.00;5
1976;10;621366835;1976;320;2919;2924;6.60;0.40;236.72;3.70;943;10;987.00;5
1977;10;621366847;1977;324;2922;2928;6.58;0.40;236.72;3.69;945;10;988.00;6
1979;10;621366858;1979;327;2926;2928;6.59;0.40;236.59;3.72;947;10;989.00;2
1982;10;621366871;1982;326;2930;2934;6.56;0.40;236.57;3.71;948;10;990.00;4
1982;10;621366884;1982;331;2932;2934;6.56;0.40;236.57;3.71;950;10;991.00;2
1982;10;621366897;1982;333;2934;2934;6.59;0.40;236.57;3.71;952;10;992.00;0
1983;10;621366909;1983;330;2934;2934;6.62;0.41;236.55;3.71;951;10;993.00;0
1985;10;621366921;1985;326;2938;2938;6.66;0.41;236.55;3.71;953;10;994.00;0
1986;10;621366932;1986;327;2938;2938;6.65;0.41;236.49;3.71;952;10;995.00;0
1988;10;621366944;1988;327;2938;2938;6.57;0.40;236.61;3.71;950;10;996.00;0
1989;10;621366956;1989;328;2938;2938;6.53;0.40;236.58;3.71;949;10;997.00;0
1989;10;621366968;1989;340;2939;2939;6.48;0.40;236.58;3.71;950;10;998.00;0
1992;10;621366979;1992;335;2940;2940;6.44;0.39;236.58;3.71;948;10;999.00;0
1996;10;621366991;1996;326;2940;2940;6.35;0.39;236.56;3.71;944;10;1000.00;0
1998;10;621367006;1998;314;2941;2941;6.36;0.39;236.63;3.71;943;10;1001.00;0
2000;10;621367017;2000;311;2941;2941;6.40;0.39;236.56;3.71;941;10;1002.00;0
2002;10;621367027;2002;304;2941;2941;6.42;0.39;236.66;3.71;939;10;1003.00;0
2006;10;621367037;2006;302;2941;2941;6.47;0.40;236.82;3.71;935;10;1004.00;0
2009;10;621367048;2009;295;2941;2941;6.51;0.40;236.82;3.71;932;10;1005.00;0
2011;10;621367060;2011;292;2941;2941;6.54;0.40;236.77;3.71;930;10;1006.00;0
2014;10;621367070;2014;289;2941;2941;6.53;0.40;236.95;3.71;927;10;1007.00;0
2014;10;621367080;2014;304;3015;3068;6.81;0.42;236.95;3.62;1001;10;1008.00;53
2018;10;621367101;2018;295;3022;3069;6.86;0.42;236.96;3.61;1004;10;1009.00;47
2020;10;621367112;2020;287;3032;3069;6.94;0.43;236.89;3.60;1012;10;1010.00;37
2021;10;621367123;2021;284;3036;3069;6.91;0.43;236.98;3.60;1015;10;1011.00;33
2027;10;621367133;2027;284;3041;3069;6.92;0.43;237.34;3.60;1014;10;1012.00;28
2029;10;621367144;2029;287;3044;3069;6.88;0.42;237.34;3.61;1015;10;1013.00;25
2034;10;621367154;2034;280;3046;3069;6.80;0.42;237.60;3.61;1012;10;1014.00;23
2036;10;621367165;2036;282;3049;3069;6.76;0.41;237.54;3.61;1013;10;1015.00;20
2041;10;621367176;2041;288;3049;3070;6.72;0.41;237.74;3.61;1008;10;1016.00;21
2041;10;621367188;2041;290;3053;3071;6.66;0.41;237.74;3.62;1012;10;1017.00;18
2045;10;621367199;2045;287;3054;3071;6.58;0.40;237.71;3.62;1009;10;1018.00;17
2048;10;621367210;2048;292;3058;3072;6.45;0.40;237.85;3.63;1010;10;1019.00;14
2050;10;621367222;2050;277;3059;3072;6.41;0.40;237.92;3.63;1009;10;1020.00;13
2055;10;621367233;2055;278;3061;3072;6.35;0.39;238.04;3.63;1006;10;1021.00;11
2059;10;621367244;2059;285;3063;3072;6.33;0.39;238.10;3.64;1004;10;1022.00;9
2067;10;621367256;2067;278;3066;3076;6.33;0.39;238.20;3.64;999;10;1023.00;10
2069;10;621367269;2069;275;3067;3076;6.37;0.39;238.12;3.64;998;10;1024.00;9
2071;10;621367281;2071;271;3068;3076;6.44;0.39;238.25;3.65;997;10;1025.00;8
2073;10;621367299;2073;272;3070;3079;6.50;0.40;238.38;3.65;997;10;1026.00;9
2077;10;621367315;2077;276;3071;3079;6.59;0.40;238.75;3.66;994;10;1027.00;8
2079;10;621367331;2079;273;3072;3079;6.62;0.40;238.89;3.66;993;10;1028.00;7
2080;10;621367351;2080;265;3077;3083;6.67;0.41;238.96;3.67;997;10;1029.00;6
2084;10;621367370;2084;262;3077;3084;6.70;0.41;239.04;3.67;993;10;1030.00;7
2088;10;621367386;2088;263;3079;3084;6.69;0.41;239.53;3.68;991;10;1031.00;5
2090;10;621367403;2090;262;3081;3088;6.71;0.41;239.81;3.67;991;10;1032.00;7
2093;10;621367417;2093;257;3081;3088;6.71;0.41;240.10;3.67;988;10;1033.00;7
2098;10;621367430;2098;255;3083;3088;6.78;0.42;240.38;3.68;985;10;1034.00;5
2102;10;621367451;2102;250;3085;3090;6.86;0.42;240.73;3.67;983;10;1035.00;5
2108;10;621367463;2108;253;3085;3090;6.90;0.42;241.08;3.67;977;10;1036.00;5
2111;10;621367477;2111;251;3090;3096;6.94;0.43;241.34;3.67;979;10;1037.00;6
2113;10;621367491;2113;248;3090;3096;7.01;0.43;241.59;3.67;977;10;1038.00;6
2118;10;621367503;2118;252;3091;3097;7.00;0.43;241.68;3.67;973;10;1039.00;6
2119;10;621367516;2119;251;3091;3097;7.03;0.43;241.65;3.67;972;10;1040.00;6
2123;10;621367527;2123;253;3091;3097;7.07;0.43;241.79;3.67;968;10;1041.00;6
2127;10;621367540;2127;257;3092;3097;7.07;0.43;242.09;3.67;965;10;1042.00;5
2129;10;621367552;2129;254;3092;3097;7.13;0.44;242.09;3.67;963;10;1043.00;5
2133;10;621367565;2133;256;3100;3109;7.17;0.44;242.17;3.67;967;10;1044.00;9
2136;10;621367579;2136;258;3101;3109;7.23;0.44;242.45;3.67;965;10;1045.00;8
2140;10;621367592;2140;259;3102;3109;7.32;0.45;242.67;3.67;962;10;1046.00;7
2146;10;621367606;2146;257;3103;3109;7.46;0.46;243.09;3.67;957;10;1047.00;6
2152;10;621367619;2152;257;3103;3109;7.49;0.46;243.41;3.67;951;10;1048.00;6
2160;10;621367631;2160;259;3106;3109;7.46;0.46;243.67;3.69;946;10;1049.00;3
2164;10;621367647;2164;262;3112;3115;7.44;0.46;243.75;3.68;948;10;1050.00;3
2168;10;621367660;2168;258;3113;3115;7.46;0.46;243.92;3.68;945;10;1051.00;2
2173;10;621367673;2173;262;3116;3119;7.52;0.46;244.22;3.68;943;10;1052.00;3
2178;10;621367687;2178;266;3118;3120;7.55;0.46;244.24;3.68;940;10;1053.00;2
2186;10;621367700;2186;265;3120;3120;7.53;0.46;244.74;3.68;934;10;1054.00;0
2188;10;621367713;2188;261;3120;3120;7.54;0.46;244.84;3.68;932;10;1055.00;0
2190;10;621367725;2190;259;3132;3133;7.57;0.46;245.15;3.67;942;10;1056.00;1
2195;10;621367739;2195;258;3133;3133;7.60;0.47;245.38;3.67;938;10;1057.00;0
2199;10;621367751;2199;251;3133;3133;7.66;0.47;245.47;3.67;934;10;1058.00;0
2204;10;621367763;2204;252;3134;3134;7.70;0.47;245.67;3.66;930;10;1059.00;0
2206;10;621367776;2206;249;3135;3135;7.72;0.47;245.80;3.66;929;10;1060.00;0
2209;10;621367788;2209;251;3135;3135;7.73;0.47;245.77;3.66;926;10;1061.00;0
2214;10;621367800;2214;251;3137;3138;7.70;0.47;246.07;3.66;923;10;1062.00;1
2216;10;621367813;2216;258;3137;3138;7.68;0.47;246.12;3.66;921;10;1063.00;1
2218;10;621367824;2218;259;3138;3138;7.67;0.47;246.36;3.66;920;10;1064.00;0
2222;10;621367837;2222;266;3138;3138;7.66;0.47;246.26;3.66;916;10;1065.00;0
2225;10;621367849;2225;275;3144;3144;7.60;0.47;246.60;3.66;919;10;1066.00;0
2228;10;621367862;2228;269;3144;3144;7.56;0.46;246.86;3.66;916;10;1067.00;0
2230;10;621367874;2230;268;3144;3144;7.61;0.47;246.90;3.66;914;10;1068.00;0
2237;10;621367885;2237;264;3144;3144;7.58;0.46;247.22;3.66;907;10;1069.00;0
2242;10;621367899;2242;270;3148;3148;7.57;0.46;247.39;3.65;906;10;1070.00;0
2244;10;621367913;2244;269;3149;3149;7.60;0.46;247.47;3.65;905;10;1071.00;0
2249;10;621367925;2249;268;3149;3149;7.56;0.46;247.88;3.65;900;10;1072.00;0
2254;10;621367938;2254;272;3150;3150;7.51;0.46;248.24;3.65;896;10;1073.00;0
2258;10;621367950;2258;270;3150;3150;7.45;0.45;248.27;3.65;892;10;1074.00;0
2259;10;621367961;2259;276;3150;3150;7.40;0.45;248.42;3.65;891;10;1075.00;0
2261;10;621367979;2261;263;3150;3150;7.37;0.45;248.56;3.65;889;10;1076.00;0
2267;10;621367992;2267;260;3150;3150;7.33;0.45;248.46;3.65;883;10;1077.00;0
2271;10;621368004;2271;262;3150;3150;7.33;0.45;248.80;3.65;879;10;1078.00;0
2273;10;621368016;2273;257;3150;3150;7.35;0.45;248.75;3.65;877;10;1079.00;0
2276;10;621368031;2276;284;3230;3275;7.44;0.46;248.96;3.56;954;10;1080.00;45
2277;10;621368061;2277;275;3233;3276;7.44;0.46;249.11;3.56;956;10;1081.00;43
2280;10;621368073;2280;268;3241;3276;7.49;0.46;249.34;3.55;961;10;1082.00;35
2281;10;621368086;2281;267;3245;3276;7.59;0.47;249.50;3.55;964;10;1083.00;31
2286;10;621368106;2286;270;3251;3276;7.58;0.47;249.95;3.55;965;10;1084.00;25
2287;10;621368119;2287;266;3252;3276;7.66;0.47;250.00;3.55;965;10;1085.00;24
2291;10;621368131;2291;270;3258;3276;7.64;0.47;250.16;3.56;967;10;1086.00;18
2295;10;621368143;2295;275;3262;3276;7.57;0.46;250.48;3.56;967;10;1087.00;14
2295;10;621368157;2295;273;3266;3277;7.45;0.46;250.48;3.57;971;10;1088.00;11
2300;10;621368169;2300;277;3269;3278;7.30;0.45;250.85;3.57;969;10;1089.00;9
2303;10;621368182;2303;275;3273;3278;7.15;0.44;251.03;3.58;970;10;1090.00;5
2305;10;621368195;2305;275;3279;3282;6.98;0.43;250.93;3.58;974;10;1091.00;3
2311;10;621368208;2311;286;3279;3282;6.88;0.42;251.59;3.58;968;10;1092.00;3
2315;10;621368219;2315;286;3279;3282;6.83;0.42;252.04;3.58;964;10;1093.00;3
2316;10;621368230;2316;292;3280;3282;6.83;0.42;252.09;3.58;964;10;1094.00;2
2320;10;621368243;2320;295;3284;3288;6.86;0.42;252.18;3.58;964;10;1095.00;4
2321;10;621368255;2321;294;3285;3288;6.86;0.42;252.11;3.58;964;10;1096.00;3
2323;10;621368267;2323;294;3285;3288;6.79;0.41;252.07;3.58;962;10;1097.00;3
2326;10;621368278;2326;294;3289;3291;6.71;0.41;252.17;3.58;963;10;1098.00;2
2328;10;621368291;2328;298;3289;3291;6.64;0.40;252.23;3.58;961;10;1099.00;2
2329;10;621368309;2329;299;3289;3291;6.56;0.40;252.17;3.58;960;10;1100.00;2
2329;10;621368324;2329;314;3289;3292;6.55;0.40;252.17;3.58;960;10;1101.00;3
2329;10;621368335;2329;313;3290;3293;6.57;0.40;252.17;3.58;961;10;1102.00;3
2332;10;621368346;2332;313;3291;3293;6.52;0.40;252.05;3.58;959;10;1103.00;2
2336;10;621368357;2336;322;3301;3306;6.50;0.40;252.06;3.57;965;10;1104.00;5
2337;10;621368368;2337;327;3302;3306;6.52;0.40;252.00;3.57;965;10;1105.00;4
2339;10;621368379;2339;326;3302;3306;6.53;0.40;252.01;3.57;963;10;1106.00;4
2341;10;621368392;2341;324;3303;3307;6.53;0.40;252.00;3.57;962;10;1107.00;4
2342;10;621368406;2342;326;3303;3307;6.60;0.40;251.94;3.57;961;10;1108.00;4
2347;10;621368417;2347;326;3307;3311;6.62;0.40;251.86;3.57;960;10;1109.00;4
2348;10;621368430;2348;326;3307;3311;6.63;0.40;251.82;3.57;959;10;1110.00;4
2350;10;621368441;2350;325;3310;3315;6.61;0.40;251.67;3.57;960;10;1111.00;5
2353;10;621368452;2353;328;3310;3315;6.61;0.40;251.46;3.57;957;10;1112.00;5
2355;10;621368464;2355;332;3310;3315;6.57;0.40;251.42;3.57;955;10;1113.00;5
2358;10;621368475;2358;322;3310;3315;6.59;0.40;251.36;3.57;952;10;1114.00;5
2358;10;621368486;2358;321;3310;3315;6.61;0.40;251.36;3.57;952;10;1115.00;5
2361;10;621368496;2361;315;3319;3327;6.62;0.40;251.29;3.56;958;10;1116.00;8
2365;10;621368508;2365;316;3320;3327;6.56;0.40;251.36;3.56;955;10;1117.00;7
2367;10;621368519;2367;319;3321;3327;6.55;0.40;251.36;3.55;954;10;1118.00;6
2370;10;621368529;2370;312;3321;3327;6.55;0.40;251.43;3.55;951;10;1119.00;6
2372;10;621368539;2372;313;3321;3327;6.53;0.40;251.42;3.55;949;10;1120.00;6
2373;10;621368549;2373;310;3321;3327;6.54;0.40;251.43;3.55;948;10;1121.00;6
2373;10;621368560;2373;307;3321;3328;6.50;0.40;251.43;3.55;948;10;1122.00;7
2374;10;621368570;2374;302;3321;3328;6.47;0.39;251.43;3.55;947;10;1123.00;7
2374;11;621368579;2374;297;3326;3334;6.46;0.39;251.43;3.55;952;11;1124.00;8
2374;11;621368607;2374;297;3330;3336;6.43;0.39;251.43;3.56;956;11;1125.00;6
2376;11;621368618;2376;297;3330;3336;6.37;0.39;251.55;3.56;954;11;1126.00;6
2379;11;621368628;2379;294;3330;3336;6.33;0.39;251.39;3.56;951;11;1127.00;6
2382;11;621368645;2382;302;3333;3340;6.35;0.39;251.48;3.56;951;11;1128.00;7
2387;11;621368656;2387;303;3333;3340;6.27;0.38;251.42;3.56;946;11;1129.00;7
2388;11;621368666;2388;298;3333;3340;6.28;0.38;251.43;3.56;945;11;1130.00;7
2391;11;621368676;2391;279;3334;3341;6.35;0.39;251.52;3.56;943;11;1131.00;7
2392;11;621368687;2392;272;3337;3345;6.44;0.39;251.57;3.56;945;11;1132.00;8
2394;11;621368700;2394;257;3337;3345;6.50;0.39;251.54;3.56;943;11;1133.00;8
2396;11;621368717;2396;252;3339;3348;6.65;0.40;251.40;3.56;943;11;1134.00;9
2397;11;621368735;2397;250;3340;3348;6.78;0.41;251.35;3.55;943;11;1135.00;8
2399;11;621368747;2399;246;3340;3348;6.86;0.42;251.24;3.55;941;11;1136.00;8
2399;11;621368759;2399;244;3340;3348;6.97;0.42;251.24;3.55;941;11;1137.00;8
2399;11;621368775;2399;239;3344;3352;7.10;0.43;251.24;3.55;945;11;1138.00;8
2400;11;621368785;2400;235;3344;3352;7.21;0.44;251.40;3.55;944;11;1139.00;8
2400;11;621368797;2400;230;3344;3352;7.30;0.44;251.40;3.55;944;11;1140.00;8
2400;11;621368808;2400;230;3344;3352;7.37;0.45;251.40;3.55;944;11;1141.00;8
2401;11;621368818;2401;224;3344;3353;7.40;0.45;251.40;3.55;943;11;1142.00;9
2402;11;621368829;2402;218;3345;3354;7.44;0.45;251.47;3.55;943;11;1143.00;9
2403;11;621368841;2403;218;3345;3354;7.39;0.45;251.53;3.55;942;11;1144.00;9
2404;11;621368852;2404;212;3346;3355;7.41;0.45;251.45;3.55;942;11;1145.00;9
2406;11;621368863;2406;213;3346;3355;7.45;0.45;251.59;3.55;940;11;1146.00;9
2408;11;621368874;2408;212;3346;3355;7.43;0.45;251.44;3.55;938;11;1147.00;9
2409;11;621368885;2409;210;3346;3355;7.48;0.46;251.43;3.55;937;11;1148.00;9
2410;11;621368897;2410;213;3346;3355;7.55;0.46;251.39;3.55;936;11;1149.00;9
2411;11;621368907;2411;216;3348;3355;7.58;0.46;251.37;3.57;937;11;1150.00;7
2413;11;621368919;2413;216;3348;3355;7.62;0.46;251.25;3.57;935;11;1151.00;7
2416;11;621368929;2416;230;3413;3482;7.86;0.48;251.15;3.50;997;11;1152.00;69
2420;11;621368949;2420;229;3416;3483;7.82;0.48;251.15;3.51;996;11;1153.00;67
2421;11;621368961;2421;229;3426;3483;7.91;0.49;251.33;3.51;1005;11;1154.00;57
2422;11;621368973;2422;227;3433;3483;7.92;0.49;251.41;3.52;1011;11;1155.00;50
2426;11;621368984;2426;227;3440;3483;7.91;0.49;251.48;3.52;1014;11;1156.00;43
2428;11;621368995;2428;236;3444;3483;7.88;0.48;251.57;3.53;1016;11;1157.00;39
2430;11;621369005;2430;231;3446;3483;7.85;0.48;251.71;3.54;1016;11;1158.00;37
2432;11;621369017;2432;231;3449;3483;7.79;0.48;251.85;3.55;1017;11;1159.00;34
2435;11;621369039;2435;234;3452;3484;7.79;0.48;251.99;3.56;1017;11;1160.00;32
2439;11;621369051;2439;229;3455;3485;7.80;0.48;252.04;3.57;1016;11;1161.00;30
2441;11;621369062;2441;227;3457;3485;7.79;0.48;252.34;3.58;1016;11;1162.00;28
2444;11;621369073;2444;226;3461;3486;7.74;0.48;252.39;3.58;1017;11;1163.00;25
2446;11;621369084;2446;231;3462;3486;7.63;0.47;252.51;3.59;1016;11;1164.00;24
2451;11;621369095;2451;233;3465;3486;7.53;0.46;252.90;3.60;1014;11;1165.00;21
2454;11;621369106;2454;238;3469;3486;7.40;0.46;252.89;3.61;1015;11;1166.00;17
2455;11;621369124;2455;241;3473;3490;7.26;0.45;252.85;3.61;1018;11;1167.00;17
2458;11;621369135;2458;252;3476;3490;7.17;0.44;252.98;3.62;1018;11;1168.00;14
2459;11;621369153;2459;255;3479;3490;7.12;0.44;252.91;3.63;1020;11;1169.00;11
2461;11;621369167;2461;255;3484;3496;7.09;0.44;253.06;3.64;1023;11;1170.00;12
2464;11;621369178;2464;257;3485;3496;7.05;0.43;253.29;3.64;1021;11;1171.00;11
2465;11;621369189;2465;253;3489;3496;7.06;0.43;253.24;3.65;1024;11;1172.00;7
2467;11;621369200;2467;257;3494;3500;7.04;0.43;253.23;3.65;1027;11;1173.00;6
2472;11;621369212;2472;260;3497;3501;7.02;0.43;253.61;3.66;1025;11;1174.00;4
2475;11;621369223;2475;257;3497;3501;6.98;0.43;253.66;3.66;1022;11;1175.00;4
2477;11;621369234;2477;260;3503;3505;7.03;0.43;253.70;3.66;1026;11;1176.00;2
2479;11;621369246;2479;268;3503;3505;7.04;0.43;253.92;3.66;1024;11;1177.00;2
2481;11;621369259;2481;261;3505;3505;7.08;0.43;253.88;3.66;1024;11;1178.00;0
2483;11;621369271;2483;263;3505;3506;7.12;0.44;254.12;3.66;1022;11;1179.00;1
2488;11;621369284;2488;267;3506;3506;7.05;0.43;254.22;3.66;1018;11;1180.00;0
2491;11;621369301;2491;270;3512;3512;7.04;0.43;254.49;3.66;1021;11;1181.00;0
2497;11;621369321;2497;271;3512;3512;6.96;0.43;254.87;3.66;1015;11;1182.00;0
2499;11;621369344;2499;281;3513;3513;6.95;0.43;255.02;3.66;1014;11;1183.00;0
2507;11;621369362;2507;275;3513;3513;6.88;0.42;254.99;3.66;1006;11;1184.00;0
2513;11;621369381;2513;282;3513;3513;6.79;0.42;255.12;3.66;1000;11;1185.00;0
2516;11;621369399;2516;282;3513;3513;6.77;0.41;255.15;3.66;997;11;1186.00;0
2521;11;621369414;2521;287;3513;3513;6.75;0.41;255.18;3.66;992;11;1187.00;0
2526;11;621369426;2526;289;3525;3525;6.74;0.41;255.23;3.65;999;11;1188.00;0
2529;11;621369439;2529;294;3525;3525;6.73;0.41;255.31;3.65;996;11;1189.00;0
2530;11;621369450;2530;288;3525;3525;6.76;0.41;255.28;3.65;995;11;1190.00;0
2534;11;621369470;2534;281;3525;3525;6.83;0.42;255.37;3.65;991;11;1191.00;0
2538;11;621369488;2538;282;3525;3525;6.92;0.42;255.54;3.65;987;11;1192.00;0
2542;11;621369500;2542;280;3525;3525;6.90;0.42;255.60;3.65;983;11;1193.00;0
2547;11;621369513;2547;279;3529;3529;6.90;0.42;255.67;3.64;982;11;1194.00;0
2551;11;621369525;2551;274;3529;3529;6.92;0.42;255.96;3.64;978;11;1195.00;0
2553;11;621369538;2553;279;3533;3533;6.96;0.43;256.07;3.64;980;11;1196.00;0
2558;11;621369555;2558;270;3534;3534;7.01;0.43;256.38;3.64;976;11;1197.00;0
2563;11;621369568;2563;272;3534;3534;7.04;0.43;256.68;3.64;971;11;1198.00;0
2567;11;621369580;2567;268;3534;3534;7.08;0.43;256.90;3.64;967;11;1199.00;0
2572;11;621369594;2572;272;3560;3575;7.08;0.43;257.01;3.61;988;11;1200.00;15
2582;11;621369616;2582;266;3561;3575;7.02;0.43;257.57;3.61;979;11;1201.00;14
2583;11;621369635;2583;269;3564;3575;7.01;0.43;257.68;3.61;981;11;1202.00;11
2585;11;621369646;2585;270;3565;3576;7.01;0.43;257.90;3.61;980;11;1203.00;11
2589;11;621369658;2589;276;3568;3577;6.97;0.43;258.10;3.61;979;11;1204.00;9
2591;11;621369670;2591;282;3569;3577;6.98;0.43;258.36;3.61;978;11;1205.00;8
2595;11;621369682;2595;284;3572;3580;7.03;0.43;258.65;3.61;977;11;1206.00;8
2597;11;621369694;2597;292;3572;3580;7.04;0.43;258.67;3.61;975;11;1207.00;8
2600;11;621369706;2600;288;3574;3580;7.07;0.43;258.72;3.61;974;11;1208.00;6
2608;11;621369719;2608;293;3575;3580;6.96;0.42;259.14;3.61;967;11;1209.00;5
2610;11;621369731;2610;295;3582;3586;6.93;0.42;259.37;3.61;972;11;1210.00;4
2615;11;621369744;2615;298;3582;3586;6.94;0.42;259.46;3.61;967;11;1211.00;4
2619;11;621369757;2619;296;3582;3586;6.94;0.42;259.64;3.61;963;11;1212.00;4
2623;11;621369768;2623;302;3582;3586;6.88;0.42;260.11;3.61;959;11;1213.00;4
2629;11;621369780;2629;307;3586;3590;6.82;0.42;260.51;3.60;957;11;1214.00;4
2634;11;621369792;2634;310;3588;3592;6.86;0.42;260.71;3.60;954;11;1215.00;4
2637;11;621369804;2637;322;3589;3592;6.84;0.42;260.97;3.61;952;11;1216.00;3
2639;11;621369816;2639;319;3590;3593;6.86;0.42;261.11;3.60;951;11;1217.00;3
2643;11;621369828;2643;321;3590;3593;6.80;0.41;261.43;3.60;947;11;1218.00;3
2646;11;621369840;2646;320;3590;3593;6.73;0.41;261.56;3.60;944;11;1219.00;3
2648;11;621369851;2648;324;3590;3593;6.68;0.41;261.72;3.60;942;11;1220.00;3
2655;11;621369862;2655;329;3590;3593;6.59;0.40;261.76;3.60;935;11;1221.00;3
2656;11;621369874;2656;332;3591;3593;6.52;0.40;261.91;3.61;935;11;1222.00;2
2662;11;621369884;2662;339;3591;3593;6.39;0.39;262.11;3.61;929;11;1223.00;2
2668;11;621369896;2668;357;3632;3663;6.36;0.39;262.24;3.57;964;11;1224.00;31
2670;11;621369913;2670;360;3633;3664;6.33;0.39;262.35;3.57;963;11;1225.00;31
2672;11;621369925;2672;358;3639;3664;6.34;0.39;262.51;3.57;967;11;1226.00;25
2673;11;621369936;2673;360;3641;3664;6.33;0.39;262.51;3.57;968;11;1227.00;23
2675;11;621369947;2675;367;3645;3666;6.26;0.38;262.51;3.57;970;11;1228.00;21
2678;11;621369958;2678;369;3647;3666;6.26;0.38;262.56;3.57;969;11;1229.00;19
2680;11;621369971;2680;372;3650;3666;6.29;0.39;262.44;3.57;970;11;1230.00;16
2683;11;621369982;2683;380;3652;3666;6.30;0.39;262.60;3.58;969;11;1231.00;14
2685;11;621369994;2685;392;3653;3667;6.22;0.38;262.61;3.58;968;11;1232.00;14
2688;11;621370004;2688;397;3657;3668;6.16;0.38;262.77;3.59;969;11;1233.00;11
2690;11;621370016;2690;409;3659;3668;6.15;0.38;262.74;3.59;969;11;1234.00;9
2693;11;621370026;2693;415;3666;3672;6.06;0.37;262.87;3.60;973;11;1235.00;6
2694;11;621370037;2694;427;3669;3672;6.06;0.37;262.93;3.60;975;11;1236.00;3
2700;11;621370048;2700;420;3669;3672;6.07;0.37;263.25;3.60;969;11;1237.00;3
2704;11;621370059;2704;417;3671;3672;6.05;0.37;263.36;3.61;967;11;1238.00;1
2706;11;621370071;2706;416;3678;3678;6.08;0.37;263.36;3.60;972;11;1239.00;0
2711;11;621370084;2711;415;3678;3678;6.14;0.38;263.70;3.60;967;11;1240.00;0
2713;11;621370096;2713;413;3678;3678;6.23;0.38;263.97;3.60;965;11;1241.00;0
2716;11;621370108;2716;414;3681;3681;6.33;0.39;263.89;3.60;965;11;1242.00;0
2722;11;621370120;2722;410;3681;3681;6.37;0.39;264.07;3.60;959;11;1243.00;0
2726;11;621370139;2726;409;3681;3681;6.40;0.39;264.01;3.60;955;11;1244.00;0
2728;11;621370151;2728;411;3682;3682;6.38;0.39;264.12;3.60;954;11;1245.00;0
2730;11;621370162;2730;393;3683;3683;6.42;0.39;264.21;3.60;953;11;1246.00;0
2733;11;621370181;2733;388;3683;3683;6.42;0.39;264.30;3.60;950;11;1247.00;0
2735;11;621370200;2735;384;3696;3696;6.50;0.40;264.40;3.59;961;11;1248.00;0
2737;11;621370213;2737;375;3696;3696;6.46;0.39;264.62;3.59;959;11;1249.00;0
2741;11;621370225;2741;371;3696;3696;6.48;0.40;264.83;3.59;955;11;1250.00;0
2748;11;621370243;2748;372;3697;3697;6.48;0.40;264.79;3.59;949;11;1251.00;0
2751;11;621370256;2751;374;3697;3697;6.50;0.40;264.91;3.59;946;11;1252.00;0
2755;11;621370269;2755;372;3701;3701;6.55;0.40;264.80;3.58;946;11;1253.00;0
2759;11;621370281;2759;374;3701;3701;6.59;0.40;264.76;3.58;942;11;1254.00;0
2762;11;621370293;2762;379;3705;3705;6.56;0.40;264.80;3.58;943;11;1255.00;0
2764;11;621370306;2764;380;3705;3705;6.60;0.40;264.82;3.58;941;11;1256.00;0
2765;11;621370317;2765;381;3705;3705;6.61;0.40;264.76;3.58;940;11;1257.00;0
2768;11;621370329;2768;374;3705;3705;6.57;0.40;264.76;3.58;937;11;1258.00;0
2769;11;621370341;2769;372;3705;3705;6.53;0.40;264.80;3.58;936;11;1259.00;0
2772;11;621370359;2772;377;3733;3739;6.61;0.41;264.75;3.55;961;11;1260.00;6
2775;11;621370372;2775;382;3733;3739;6.62;0.41;264.73;3.55;958;11;1261.00;6
2779;11;621370383;2779;377;3735;3739;6.63;0.41;264.49;3.55;956;11;1262.00;4
2782;11;621370394;2782;379;3735;3739;6.60;0.40;264.51;3.55;953;11;1263.00;4
2783;11;621370404;2783;380;3736;3739;6.62;0.41;264.44;3.55;953;11;1264.00;3
2785;11;621370415;2785;383;3736;3739;6.64;0.41;264.37;3.55;951;11;1265.00;3
2788;11;621370425;2788;387;3736;3740;6.61;0.40;264.26;3.55;948;11;1266.00;4
2789;12;621370436;2789;386;3736;3740;6.60;0.40;264.32;3.55;947;12;1267.00;4
2789;12;621370453;2789;391;3741;3746;6.60;0.40;264.32;3.55;952;12;1268.00;5
2790;12;621370464;2790;394;3742;3747;6.56;0.40;264.24;3.55;952;12;1269.00;5
2792;12;621370475;2792;390;3742;3747;6.46;0.39;264.21;3.55;950;12;1270.00;5
2794;12;621370486;2794;393;3742;3747;6.38;0.39;264.28;3.55;948;12;1271.00;5
2796;12;621370502;2796;394;3745;3751;6.31;0.38;264.25;3.54;949;12;1272.00;6
2797;12;621370517;2797;402;3745;3751;6.25;0.38;264.18;3.54;948;12;1273.00;6
2798;12;621370527;2798;404;3745;3751;6.23;0.38;264.20;3.54;947;12;1274.00;6
2800;12;621370537;2800;404;3746;3752;6.18;0.37;264.27;3.54;946;12;1275.00;6
2801;12;621370548;2801;403;3749;3756;6.20;0.38;264.35;3.54;948;12;1276.00;7
2802;12;621370559;2802;409;3749;3756;6.17;0.37;264.40;3.54;947;12;1277.00;7
2803;12;621370569;2803;408;3751;3759;6.18;0.37;264.31;3.54;948;12;1278.00;8
2804;12;621370580;2804;406;3751;3759;6.15;0.37;264.29;3.54;947;12;1279.00;8
2806;12;621370590;2806;394;3752;3759;6.13;0.37;264.26;3.54;946;12;1280.00;7
2806;12;621370600;2806;391;3752;3759;6.16;0.37;264.26;3.54;946;12;1281.00;7
2808;12;621370610;2808;388;3756;3763;6.19;0.37;264.31;3.54;948;12;1282.00;7
2809;12;621370620;2809;367;3756;3763;6.20;0.38;264.38;3.54;947;12;1283.00;7
2811;12;621370631;2811;343;3756;3763;6.28;0.38;264.39;3.54;945;12;1284.00;7
2813;12;621370642;2813;338;3756;3763;6.36;0.39;264.43;3.54;943;12;1285.00;7
2813;12;621370653;2813;321;3756;3764;6.47;0.39;264.43;3.54;943;12;1286.00;8
2816;12;621370664;2816;313;3757;3765;6.58;0.40;264.52;3.54;941;12;1287.00;8
2818;12;621370675;2818;305;3757;3765;6.62;0.40;264.74;3.54;939;12;1288.00;8
2819;12;621370686;2819;288;3758;3766;6.70;0.41;264.75;3.54;939;12;1289.00;8
2823;12;621370705;2823;280;3758;3766;6.73;0.41;264.91;3.54;935;12;1290.00;8
2825;12;621370716;2825;279;3758;3766;6.71;0.41;264.98;3.54;933;12;1291.00;8
2827;12;621370727;2827;268;3758;3766;6.72;0.41;265.11;3.54;931;12;1292.00;8
2830;12;621370738;2830;263;3758;3766;6.76;0.41;265.23;3.54;928;12;1293.00;8
2833;12;621370748;2833;246;3759;3766;6.79;0.41;265.35;3.54;926;12;1294.00;7
2834;12;621370760;2834;244;3759;3766;6.81;0.41;265.44;3.54;925;12;1295.00;7
2836;12;621370770;2836;256;3824;3893;6.99;0.43;265.48;3.49;988;12;1296.00;69
2839;12;621370791;2839;248;3824;3894;7.03;0.43;265.61;3.49;985;12;1297.00;70
2840;12;621370803;2840;235;3831;3894;7.12;0.44;265.62;3.49;991;12;1298.00;63
2842;12;621370813;2842;232;3835;3894;7.20;0.44;265.59;3.49;993;12;1299.00;59
2845;12;621370825;2845;226;3840;3894;7.25;0.44;265.56;3.49;995;12;1300.00;54
2847;12;621370841;2847;212;3842;3894;7.33;0.45;265.58;3.49;995;12;1301.00;52
2847;12;621370852;2847;204;3844;3894;7.45;0.45;265.58;3.49;997;12;1302.00;50
2847;12;621370869;2847;211;3847;3894;7.53;0.46;265.58;3.49;1000;12;1303.00;47
2849;12;621370880;2849;206;3850;3895;7.62;0.46;265.71;3.50;1001;12;1304.00;45
2851;12;621370893;2851;201;3856;3897;7.66;0.47;265.77;3.50;1005;12;1305.00;41
2854;12;621370905;2854;195;3860;3897;7.71;0.47;265.72;3.51;1006;12;1306.00;37
2855;12;621370917;2855;203;3864;3898;7.75;0.47;265.73;3.52;1009;12;1307.00;34
2857;12;621370929;2857;196;3866;3898;7.79;0.47;265.63;3.52;1009;12;1308.00;32
2861;12;621370941;2861;193;3869;3898;7.77;0.47;265.95;3.53;1008;12;1309.00;29
2864;12;621370952;2864;191;3871;3898;7.72;0.47;265.82;3.53;1007;12;1310.00;27
2865;12;621370964;2865;190;3878;3902;7.70;0.47;265.79;3.54;1013;12;1311.00;24
2867;12;621370976;2867;197;3878;3902;7.69;0.47;265.71;3.54;1011;12;1312.00;24
2869;12;621370988;2869;202;3879;3902;7.65;0.47;265.86;3.55;1010;12;1313.00;23
2871;12;621371001;2871;200;3881;3905;7.70;0.47;265.87;3.55;1010;12;1314.00;24
2872;12;621371013;2872;197;3884;3905;7.73;0.47;265.88;3.56;1012;12;1315.00;21
2873;12;621371025;2873;201;3886;3905;7.75;0.47;266.01;3.58;1013;12;1316.00;19
2876;12;621371037;2876;207;3891;3909;7.75;0.47;266.03;3.59;1015;12;1317.00;18
2877;12;621371050;2877;212;3893;3910;7.77;0.47;265.98;3.59;1016;12;1318.00;17
2879;12;621371069;2879;209;3893;3910;7.73;0.47;266.10;3.59;1014;12;1319.00;17
2882;12;621371084;2882;218;3901;3915;7.72;0.47;266.12;3.62;1019;12;1320.00;14
2882;12;621371096;2882;220;3902;3915;7.68;0.47;266.12;3.63;1020;12;1321.00;13
2885;12;621371109;2885;225;3903;3915;7.64;0.46;266.02;3.63;1018;12;1322.00;12
2888;12;621371125;2888;230;3906;3916;7.54;0.46;265.94;3.64;1018;12;1323.00;10
2890;12;621371140;2890;236;3906;3916;7.47;0.45;266.09;3.64;1016;12;1324.00;10
2892;12;621371152;2892;240;3913;3922;7.49;0.45;266.03;3.65;1021;12;1325.00;9
2895;12;621371164;2895;245;3914;3922;7.44;0.45;266.13;3.66;1019;12;1326.00;8
2897;12;621371176;2897;241;3914;3923;7.42;0.45;266.20;3.66;1017;12;1327.00;9
2897;12;621371188;2897;246;3914;3923;7.45;0.45;266.20;3.66;1017;12;1328.00;9
2900;12;621371199;2900;247;3915;3923;7.46;0.45;266.25;3.66;1015;12;1329.00;8
2901;12;621371211;2901;254;3915;3923;7.47;0.45;266.36;3.66;1014;12;1330.00;8
2904;12;621371223;2904;254;3918;3923;7.47;0.45;266.47;3.69;1014;12;1331.00;5
2908;12;621371234;2908;259;3927;3935;7.54;0.46;266.55;3.68;1019;12;1332.00;8
2911;12;621371249;2911;263;3928;3935;7.49;0.46;266.82;3.69;1017;12;1333.00;7
2913;12;621371261;2913;263;3930;3935;7.51;0.46;266.76;3.69;1017;12;1334.00;5
2917;12;621371273;2917;268;3931;3935;7.51;0.46;266.78;3.69;1014;12;1335.00;4
2918;12;621371285;2918;274;3932;3935;7.51;0.46;266.73;3.70;1014;12;1336.00;3
2922;12;621371310;2922;278;3933;3935;7.44;0.45;266.87;3.70;1011;12;1337.00;2
2923;12;621371328;2923;284;3937;3939;7.40;0.45;266.89;3.70;1014;12;1338.00;2
2926;12;621371346;2926;282;3938;3939;7.34;0.45;267.19;3.70;1012;12;1339.00;1
2929;12;621371382;2929;283;3942;3943;7.29;0.45;267.23;3.70;1013;12;1340.00;1
2931;12;621371399;2931;283;3944;3944;7.29;0.45;267.28;3.70;1013;12;1341.00;0
2933;12;621371413;2933;285;3944;3944;7.26;0.44;267.22;3.70;1011;12;1342.00;0
2935;12;621371426;2935;289;3944;3944;7.22;0.44;267.37;3.70;1009;12;1343.00;0
2936;12;621371439;2936;285;3957;3957;7.25;0.44;267.39;3.69;1021;12;1344.00;0
2939;12;621371451;2939;276;3957;3957;7.28;0.45;267.41;3.69;1018;12;1345.00;0
2941;12;621371464;2941;278;3957;3957;7.30;0.45;267.58;3.69;1016;12;1346.00;0
2944;12;621371476;2944;282;3958;3958;7.36;0.45;267.54;3.68;1014;12;1347.00;0
2951;12;621371489;2951;284;3959;3959;7.32;0.45;267.85;3.68;1008;12;1348.00;0
2951;12;621371501;2951;283;3959;3959;7.36;0.45;267.85;3.68;1008;12;1349.00;0
2954;12;621371514;2954;288;3965;3968;7.35;0.45;268.00;3.68;1011;12;1350.00;3
2957;12;621371526;2957;283;3965;3968;7.37;0.45;268.26;3.68;1008;12;1351.00;3
2958;12;621371537;2958;283;3967;3968;7.37;0.45;268.28;3.68;1009;12;1352.00;1
2961;12;621371549;2961;290;3967;3968;7.35;0.45;268.38;3.68;1006;12;1353.00;1
2966;12;621371560;2966;290;3973;3974;7.36;0.45;268.60;3.67;1007;12;1354.00;1
2969;12;621371573;2969;295;3974;3974;7.35;0.45;268.64;3.67;1005;12;1355.00;0
2975;12;621371584;2975;293;3974;3974;7.26;0.44;268.81;3.67;999;12;1356.00;0
2978;12;621371596;2978;288;3974;3974;7.20;0.44;268.85;3.67;996;12;1357.00;0
2980;12;621371608;2980;289;3978;3978;7.08;0.43;268.78;3.67;998;12;1358.00;0
2986;12;621371619;2986;301;3979;3979;6.94;0.42;268.75;3.67;993;12;1359.00;0
2990;12;621371637;2990;287;3979;3979;6.85;0.42;269.00;3.67;989;12;1360.00;0
2995;12;621371648;2995;281;3980;3980;6.80;0.41;269.28;3.67;985;12;1361.00;0
3000;12;621371659;3000;284;3980;3980;6.72;0.41;269.20;3.67;980;12;1362.00;0
3007;12;621371670;3007;281;3980;3980;6.70;0.41;269.33;3.67;973;12;1363.00;0
3010;12;621371681;3010;282;3980;3980;6.67;0.41;269.41;3.67;970;12;1364.00;0
3015;12;621371692;3015;283;3980;3980;6.63;0.41;269.70;3.67;965;12;1365.00;0
3019;12;621371702;3019;287;3980;3980;6.67;0.41;269.70;3.67;961;12;1366.00;0
3023;12;621371713;3023;286;3980;3980;6.68;0.41;269.82;3.67;957;12;1367.00;0
3026;12;621371724;3026;286;4017;4050;6.91;0.42;269.91;3.64;991;12;1368.00;33
3029;12;621371740;3029;282;4021;4051;6.97;0.43;270.00;3.63;992;12;1369.00;30
3034;12;621371751;3034;280;4027;4051;7.05;0.43;270.07;3.63;993;12;1370.00;24
3038;12;621371762;3038;285;4031;4051;7.13;0.44;270.09;3.63;993;12;1371.00;20
3042;12;621371774;3042;284;4033;4051;7.11;0.44;270.37;3.63;991;12;1372.00;18
3045;12;621371786;3045;288;4035;4051;7.11;0.44;270.52;3.63;990;12;1373.00;16
3048;12;621371797;3048;290;4037;4051;7.07;0.43;270.63;3.63;989;12;1374.00;14
3056;12;621371808;3056;296;4039;4051;7.01;0.43;270.85;3.63;983;12;1375.00;12
3059;12;621371819;3059;310;4041;4052;6.96;0.43;271.04;3.64;982;12;1376.00;11
3061;12;621371831;3061;317;4043;4053;6.89;0.42;271.08;3.64;982;12;1377.00;10
3068;12;621371843;3068;320;4047;4053;6.77;0.42;271.12;3.64;979;12;1378.00;6
3074;12;621371854;3074;316;4052;4057;6.73;0.41;271.11;3.64;978;12;1379.00;5
3078;12;621371867;3078;324;4053;4057;6.70;0.41;271.32;3.64;975;12;1380.00;4
3081;12;621371878;3081;326;4053;4057;6.65;0.41;271.40;3.64;972;12;1381.00;4
3088;12;621371889;3088;332;4053;4057;6.54;0.40;271.48;3.64;965;12;1382.00;4
3093;12;621371900;3093;334;4060;4063;6.57;0.40;271.52;3.64;967;12;1383.00;3
3097;12;621371912;3097;339;4060;4063;6.57;0.40;271.73;3.64;963;12;1384.00;3
3100;12;621371930;3100;340;4061;4063;6.48;0.40;271.74;3.65;961;12;1385.00;2
3104;12;621371948;3104;350;4064;4066;6.49;0.40;271.96;3.65;960;12;1386.00;2
3108;12;621371960;3108;355;4065;4066;6.43;0.39;272.10;3.65;957;12;1387.00;1
3113;12;621371972;3113;355;4066;4066;6.36;0.39;272.19;3.65;953;12;1388.00;0
3115;12;621371983;3115;359;4067;4067;6.29;0.39;272.38;3.65;952;12;1389.00;0
3121;12;621371994;3121;362;4068;4068;6.18;0.38;272.44;3.65;947;12;1390.00;0
3126;12;621372007;3126;358;4068;4068;6.10;0.38;272.42;3.65;942;12;1391.00;0
3131;12;621372019;3131;370;4081;4081;6.09;0.37;272.61;3.64;950;12;1392.00;0
3140;12;621372030;3140;378;4081;4081;5.95;0.36;272.90;3.64;941;12;1393.00;0
3143;12;621372042;3143;378;4081;4081;5.86;0.36;272.89;3.64;938;12;1394.00;0
3146;12;621372052;3146;383;4083;4083;5.82;0.36;273.02;3.63;937;12;1395.00;0
3148;12;621372063;3148;381;4083;4083;5.84;0.36;273.00;3.63;935;12;1396.00;0
3151;12;621372073;3151;390;4087;4087;5.84;0.36;272.97;3.63;936;12;1397.00;0
3154;12;621372084;3154;394;4087;4087;5.79;0.36;272.95;3.63;933;12;1398.00;0
3156;12;621372094;3156;397;4091;4091;5.77;0.36;273.05;3.63;935;12;1399.00;0
3159;12;621372106;3159;405;4091;4091;5.79;0.36;273.21;3.63;932;12;1400.00;0
3162;12;621372121;3162;410;4091;4091;5.79;0.36;273.13;3.63;929;12;1401.00;0
3164;12;621372132;3164;416;4091;4091;5.75;0.35;273.22;3.63;927;12;1402.00;0
3167;12;621372142;3167;424;4091;4091;5.69;0.35;273.27;3.63;924;12;1403.00;0
3172;12;621372152;3172;429;4102;4103;5.68;0.35;273.12;3.62;930;12;1404.00;1
3175;12;621372164;3175;437;4102;4103;5.61;0.35;273.19;3.62;927;12;1405.00;1
3176;12;621372173;3176;443;4103;4103;5.54;0.34;273.16;3.62;927;12;1406.00;0
3179;12;621372184;3179;439;4103;4103;5.49;0.34;273.29;3.62;924;12;1407.00;0
3182;12;621372194;3182;426;4103;4103;5.47;0.33;273.22;3.62;921;12;1408.00;0
3185;12;621372204;3185;429;4103;4103;5.42;0.33;273.22;3.62;918;12;1409.00;0
3188;12;621372216;3188;426;4104;4104;5.43;0.33;273.47;3.62;916;12;1410.00;0
3193;12;621372227;3193;424;4104;4104;5.45;0.33;273.36;3.62;911;12;1411.00;0
3197;12;621372237;3197;427;4110;4110;5.53;0.34;273.19;3.61;913;12;1412.00;0
3198;12;621372266;3198;424;4111;4111;5.61;0.34;273.13;3.61;913;12;1413.00;0
3199;12;621372277;3199;424;4111;4111;5.66;0.35;273.07;3.61;912;12;1414.00;0
3200;12;621372287;3200;420;4111;4111;5.69;0.35;273.02;3.61;911;12;1415.00;0
3201;12;621372304;3201;407;4115;4115;5.79;0.35;273.04;3.61;914;12;1416.00;0
3203;12;621372316;3203;401;4115;4115;5.82;0.35;273.00;3.61;912;12;1417.00;0
3205;12;621372326;3205;396;4115;4115;5.95;0.36;273.03;3.61;910;12;1418.00;0
3206;12;621372337;3206;394;4116;4116;6.04;0.37;272.96;3.61;910;12;1419.00;0
3207;12;621372348;3207;387;4120;4120;6.12;0.37;272.92;3.61;913;12;1420.00;0
3209;12;621372359;3209;384;4120;4120;6.21;0.38;273.09;3.61;911;12;1421.00;0
3211;12;621372370;3211;387;4122;4123;6.33;0.39;273.03;3.61;911;12;1422.00;1
3212;12;621372381;3212;385;4122;4123;6.39;0.39;273.08;3.61;910;12;1423.00;1
3213;12;621372391;3213;383;4123;4123;6.49;0.39;273.10;3.61;910;12;1424.00;0
3213;12;621372401;3213;388;4123;4123;6.52;0.40;273.10;3.61;910;12;1425.00;0
3213;12;621372412;3213;387;4127;4127;6.59;0.40;273.10;3.60;914;12;1426.00;0
3215;12;621372423;3215;385;4127;4127;6.63;0.40;273.10;3.60;912;12;1427.00;0
3217;12;621372433;3217;388;4127;4127;6.70;0.41;273.02;3.60;910;12;1428.00;0
3220;12;621372444;3220;391;4127;4127;6.72;0.41;272.81;3.60;907;12;1429.00;0
3221;12;621372454;3221;387;4128;4128;6.77;0.41;272.76;3.60;907;12;1430.00;0
3221;12;621372464;3221;388;4129;4129;6.83;0.42;272.76;3.60;908;12;1431.00;0
3223;12;621372475;3223;390;4129;4129;6.75;0.41;272.78;3.60;906;12;1432.00;0
3223;12;621372485;3223;387;4130;4130;6.72;0.41;272.78;3.60;907;12;1433.00;0
3225;12;621372496;3225;387;4130;4130;6.67;0.41;272.76;3.60;905;12;1434.00;0
3227;12;621372505;3227;372;4130;4130;6.66;0.40;272.87;3.60;903;12;1435.00;0
3230;12;621372516;3230;360;4130;4130;6.62;0.40;272.95;3.60;900;12;1436.00;0
3232;12;621372526;3232;358;4130;4130;6.65;0.40;273.01;3.60;898;12;1437.00;0
3234;12;621372537;3234;348;4130;4130;6.71;0.41;273.03;3.60;896;12;1438.00;0
3238;12;621372548;3238;344;4130;4130;6.75;0.41;273.25;3.60;892;12;1439.00;0
3241;13;621372560;3241;389;4246;4360;6.96;0.43;273.24;3.50;1005;13;1440.00;114
3243;13;621372600;3243;374;4252;4361;7.04;0.44;273.27;3.50;1009;13;1441.00;109
3244;13;621372617;3244;353;4262;4361;7.20;0.45;273.27;3.50;1018;13;1442.00;99
3244;13;621372629;3244;350;4270;4361;7.31;0.46;273.27;3.49;1026;13;1443.00;91
3246;13;621372646;3246;345;4279;4361;7.35;0.46;273.47;3.50;1033;13;1444.00;82
3248;13;621372657;3248;344;4284;4361;7.33;0.46;273.44;3.50;1036;13;1445.00;77
3249;13;621372668;3249;341;4291;4361;7.32;0.45;273.46;3.50;1042;13;1446.00;70
3250;13;621372685;3250;341;4297;4361;7.30;0.45;273.49;3.51;1047;13;1447.00;64
3252;13;621372696;3252;347;4302;4362;7.28;0.45;273.50;3.51;1050;13;1448.00;60
3253;13;621372708;3253;349;4306;4363;7.29;0.45;273.55;3.52;1053;13;1449.00;57
3254;13;621372720;3254;346;4312;4363;7.26;0.45;273.56;3.53;1058;13;1450.00;51
3256;13;621372731;3256;346;4313;4364;7.19;0.44;273.67;3.53;1057;13;1451.00;51
3256;13;621372744;3256;349;4317;4364;7.14;0.44;273.67;3.54;1061;13;1452.00;47
3258;13;621372755;3258;342;4317;4364;7.13;0.44;273.75;3.54;1059;13;1453.00;47
3258;13;621372768;3258;342;4318;4364;7.12;0.44;273.75;3.54;1060;13;1454.00;46
3258;13;621372779;3258;339;4321;4368;7.16;0.44;273.75;3.54;1063;13;1455.00;47
3260;13;621372791;3260;338;4324;4368;7.19;0.44;273.77;3.55;1064;13;1456.00;44
3261;13;621372804;3261;333;4325;4368;7.23;0.44;273.84;3.55;1064;13;1457.00;43
3266;13;621372816;3266;333;4327;4371;7.21;0.44;273.99;3.55;1061;13;1458.00;44
3269;13;621372828;3269;328;4328;4371;7.20;0.44;273.92;3.56;1059;13;1459.00;43
3272;13;621372840;3272;326;4328;4371;7.20;0.44;273.96;3.56;1056;13;1460.00;43
3275;14;621372853;3275;323;4331;4375;7.18;0.44;273.99;3.55;1056;14;1461.00;44
3276;14;621372876;3276;317;4335;4376;7.19;0.44;274.03;3.56;1059;14;1462.00;41
3280;14;621372888;3280;311;4338;4376;7.18;0.44;274.18;3.58;1058;14;1463.00;38
3281;14;621372900;3281;319;4341;4380;7.25;0.44;274.15;3.58;1060;14;1464.00;39
3285;14;621372913;3285;316;4344;4380;7.27;0.44;274.33;3.59;1059;14;1465.00;36
3288;14;621372926;3288;308;4346;4380;7.27;0.44;274.33;3.60;1058;14;1466.00;34
3292;15;621372939;3292;306;4346;4381;7.31;0.44;274.56;3.60;1054;15;1467.00;35
3297;15;621372962;3297;297;4347;4381;7.34;0.45;274.76;3.61;1050;15;1468.00;34
3299;15;621372974;3299;295;4352;4387;7.40;0.45;274.75;3.61;1053;15;1469.00;35
3300;15;621372988;3300;286;4353;4387;7.46;0.45;274.70;3.62;1053;15;1470.00;34
3301;15;621373001;3301;284;4353;4388;7.51;0.46;274.64;3.62;1052;15;1471.00;35
3307;15;621373013;3307;282;4353;4388;7.53;0.46;274.50;3.62;1046;15;1472.00;35
3310;15;621373025;3310;279;4354;4388;7.53;0.46;274.57;3.62;1044;15;1473.00;34
3310;15;621373037;3310;280;4355;4388;7.56;0.46;274.57;3.63;1045;15;1474.00;33
3312;15;621373049;3312;283;4356;4388;7.56;0.46;274.68;3.63;1044;15;1475.00;32
3312;15;621373061;3312;284;4366;4400;7.61;0.46;274.68;3.63;1054;15;1476.00;34
3314;15;621373074;3314;290;4368;4400;7.61;0.46;274.62;3.63;1054;15;1477.00;32
3316;15;621373086;3316;290;4369;4400;7.60;0.46;274.65;3.64;1053;15;1478.00;31
3320;15;621373098;3320;291;4370;4400;7.58;0.46;274.79;3.64;1050;15;1479.00;30
3321;15;621373115;3321;289;4371;4400;7.59;0.46;274.81;3.65;1050;15;1480.00;29
3325;15;621373127;3325;290;4373;4400;7.49;0.46;274.85;3.66;1048;15;1481.00;27
3327;15;621373139;3327;291;4376;4404;7.42;0.45;274.99;3.66;1049;15;1482.00;28
3330;15;621373152;3330;286;4377;4404;7.46;0.45;275.10;3.67;1047;15;1483.00;27
3335;15;621373164;3335;284;4381;4408;7.46;0.45;275.30;3.68;1046;15;1484.00;27
3336;15;621373176;3336;290;4385;4410;7.46;0.45;275.28;3.69;1049;15;1485.00;25
3337;15;621373189;3337;295;4386;4410;7.44;0.45;275.45;3.69;1049;15;1486.00;24
3338;15;621373200;3338;300;4386;4410;7.45;0.45;275.62;3.69;1048;15;1487.00;24
3341;15;621373212;3341;306;4396;4423;7.39;0.45;275.66;3.69;1055;15;1488.00;27
3345;15;621373225;3345;306;4396;4423;7.40;0.45;275.82;3.69;1051;15;1489.00;27
3346;15;621373242;3346;306;4399;4423;7.41;0.45;275.96;3.72;1053;15;1490.00;24
3348;15;621373254;3348;304;4400;4424;7.41;0.45;275.86;3.72;1052;15;1491.00;24
3350;15;621373266;3350;304;4402;4425;7.41;0.45;276.05;3.74;1052;15;1492.00;23
3356;15;621373278;3356;305;4403;4425;7.36;0.45;276.30;3.75;1047;15;1493.00;22
3358;15;621373291;3358;309;4406;4428;7.36;0.45;276.30;3.76;1048;15;1494.00;22
3361;15;621373310;3361;315;4408;4428;7.38;0.45;276.34;3.78;1047;15;1495.00;20
3365;15;621373329;3365;320;4409;4428;7.40;0.45;276.54;3.78;1044;15;1496.00;19
3368;15;621373347;3368;324;4411;4428;7.42;0.45;276.48;3.81;1043;15;1497.00;17
3372;15;621373365;3372;327;4418;4434;7.43;0.45;276.57;3.82;1046;15;1498.00;16
3374;15;621373385;3374;334;4420;4434;7.43;0.45;276.64;3.85;1046;15;1499.00;14
3378;15;621373409;3378;343;4426;4453;7.41;0.45;276.76;3.87;1048;15;1500.00;27
3380;15;621373433;3380;339;4428;4453;7.37;0.45;276.90;3.88;1048;15;1501.00;25
3383;15;621373447;3383;345;4432;4457;7.34;0.45;277.04;3.89;1049;15;1502.00;25
3384;15;621373461;3384;350;4434;4458;7.27;0.44;277.12;3.89;1050;15;1503.00;24
3385;15;621373475;3385;357;4436;4458;7.21;0.44;277.25;3.90;1051;15;1504.00;22
3389;15;621373488;3389;359;4438;4459;7.07;0.43;277.37;3.90;1049;15;1505.00;21
3392;15;621373500;3392;364;4443;4459;6.99;0.43;277.21;3.91;1051;15;1506.00;16
3395;15;621373513;3395;366;4443;4459;6.92;0.42;277.27;3.91;1048;15;1507.00;16
3401;15;621373526;3401;367;4444;4459;6.80;0.41;277.23;3.92;1043;15;1508.00;15
3403;15;621373539;3403;368;4444;4459;6.75;0.41;277.32;3.92;1041;15;1509.00;15
3405;15;621373551;3405;370;4446;4459;6.66;0.41;277.32;3.92;1041;15;1510.00;13
3406;15;621373563;3406;363;4447;4459;6.60;0.40;277.34;3.92;1041;15;1511.00;12
3407;15;621373574;3407;370;4483;4529;6.64;0.41;277.35;3.90;1076;15;1512.00;46
3411;15;621373593;3411;359;4488;4530;6.63;0.41;277.37;3.90;1077;15;1513.00;42
3413;15;621373606;3413;353;4496;4530;6.63;0.41;277.29;3.90;1083;15;1514.00;34
3415;15;621373619;3415;350;4499;4530;6.67;0.41;277.54;3.90;1084;15;1515.00;31
3417;15;621373632;3417;352;4501;4530;6.70;0.41;277.56;3.90;1084;15;1516.00;29
3421;15;621373644;3421;352;4506;4530;6.71;0.41;277.81;3.91;1085;15;1517.00;24
3423;15;621373657;3423;355;4508;4530;6.78;0.42;277.76;3.91;1085;15;1518.00;22
3426;15;621373670;3426;351;4511;4530;6.83;0.42;277.77;3.91;1085;15;1519.00;19
3427;15;621373682;3427;352;4512;4531;6.91;0.42;277.71;3.91;1085;15;1520.00;19
3431;15;621373694;3431;345;4515;4532;6.96;0.43;277.72;3.91;1084;15;1521.00;17
3436;15;621373707;3436;348;4518;4532;6.96;0.43;277.90;3.92;1082;15;1522.00;14
3437;15;621373720;3437;349;4523;4536;6.98;0.43;277.84;3.92;1086;15;1523.00;13
3440;15;621373732;3440;352;4523;4536;6.93;0.42;277.98;3.92;1083;15;1524.00;13
3446;15;621373745;3446;356;4523;4536;6.81;0.42;278.03;3.92;1077;15;1525.00;13
3448;15;621373757;3448;364;4523;4536;6.75;0.41;278.02;3.92;1075;15;1526.00;13
3451;15;621373769;3451;369;4527;4542;6.65;0.41;278.07;3.92;1076;15;1527.00;15
3456;15;621373781;3456;373;4528;4542;6.46;0.39;278.20;3.92;1072;15;1528.00;14
3460;15;621373795;3460;382;4529;4542;6.28;0.38;278.10;3.93;1069;15;1529.00;13
3466;15;621373808;3466;365;4531;4548;6.21;0.38;278.09;3.93;1065;15;1530.00;17
3468;15;621373822;3468;358;4532;4548;6.15;0.38;278.06;3.93;1064;15;1531.00;16
3471;15;621373835;3471;356;4533;4548;6.14;0.38;278.21;3.93;1062;15;1532.00;15
3472;15;621373847;3472;357;4534;4549;6.13;0.38;278.20;3.93;1062;15;1533.00;15
3477;15;621373859;3477;355;4538;4550;6.16;0.38;278.31;3.94;1061;15;1534.00;12
3482;15;621373871;3482;356;4538;4550;6.14;0.38;278.43;3.94;1056;15;1535.00;12
3484;15;621373884;3484;362;4549;4563;6.22;0.38;278.49;3.94;1065;15;1536.00;14
3487;15;621373897;3487;363;4549;4563;6.21;0.38;278.58;3.94;1062;15;1537.00;14
3494;15;621373909;3494;356;4551;4563;6.17;0.38;278.53;3.94;1057;15;1538.00;12
3495;15;621373921;3495;356;4556;4564;6.14;0.38;278.54;3.96;1061;15;1539.00;8
3498;15;621373934;3498;357;4558;4564;6.11;0.37;278.61;3.97;1060;15;1540.00;6
3502;15;621373946;3502;349;4563;4568;6.02;0.37;278.64;3.97;1061;15;1541.00;5
3505;15;621373959;3505;355;4565;4568;5.98;0.37;278.82;3.98;1060;15;1542.00;3
3511;15;621373972;3511;353;4570;4572;5.96;0.36;278.99;3.97;1059;15;1543.00;2
3516;15;621373985;3516;358;4571;4572;5.87;0.36;279.06;3.97;1055;15;1544.00;1
3520;15;621373997;3520;353;4571;4572;5.81;0.36;279.24;3.97;1051;15;1545.00;1
3525;15;621374009;3525;361;4571;4572;5.76;0.35;279.39;3.97;1046;15;1546.00;1
3529;15;621374022;3529;365;4572;4572;5.69;0.35;279.42;3.97;1043;15;1547.00;0
3532;15;621374033;3532;368;4583;4584;5.70;0.35;279.43;3.97;1051;15;1548.00;1
3535;15;621374045;3535;370;4583;4584;5.61;0.34;279.53;3.97;1048;15;1549.00;1
3538;15;621374057;3538;378;4584;4584;5.52;0.34;279.56;3.96;1046;15;1550.00;0
3543;15;621374069;3543;382;4584;4584;5.46;0.33;279.69;3.96;1041;15;1551.00;0
3545;15;621374080;3545;389;4584;4584;5.43;0.33;279.75;3.96;1039;15;1552.00;0
3546;15;621374091;3546;392;4584;4584;5.39;0.33;279.78;3.96;1038;15;1553.00;0
3548;15;621374103;3548;408;4585;4585;5.34;0.33;279.90;3.96;1037;15;1554.00;0
3550;15;621374114;3550;418;4587;4587;5.35;0.33;280.11;3.96;1037;15;1555.00;0
3556;15;621374125;3556;423;4593;4593;5.38;0.33;280.29;3.96;1037;15;1556.00;0
3563;15;621374138;3563;434;4594;4594;5.33;0.33;280.16;3.96;1031;15;1557.00;0
3567;15;621374150;3567;439;4594;4594;5.30;0.32;280.12;3.96;1027;15;1558.00;0
3572;15;621374161;3572;443;4594;4594;5.26;0.32;280.08;3.96;1022;15;1559.00;0
3576;15;621374174;3576;442;4599;4599;5.22;0.32;280.15;3.95;1023;15;1560.00;0
3580;15;621374186;3580;446;4599;4599;5.17;0.32;280.04;3.95;1019;15;1561.00;0
3584;15;621374197;3584;440;4599;4599;5.07;0.31;280.05;3.95;1015;15;1562.00;0
3588;15;621374208;3588;441;4600;4600;5.04;0.31;280.02;3.95;1012;15;1563.00;0
3589;15;621374219;3589;452;4604;4604;5.05;0.31;279.97;3.95;1015;15;1564.00;0
3594;15;621374230;3594;459;4604;4604;4.96;0.30;279.91;3.95;1010;15;1565.00;0
3596;15;621374241;3596;459;4606;4607;4.94;0.30;279.86;3.95;1010;15;1566.00;1
3599;15;621374252;3599;466;4607;4607;4.89;0.30;279.77;3.95;1008;15;1567.00;0
3600;15;621374263;3600;464;4607;4607;4.88;0.30;279.83;3.95;1007;15;1568.00;0
3604;15;621374273;3604;463;4607;4607;4.76;0.29;279.63;3.95;1003;15;1569.00;0
3609;15;621374286;3609;468;4611;4611;4.75;0.29;279.40;3.95;1002;15;1570.00;0
3610;15;621374298;3610;468;4611;4611;4.70;0.29;279.39;3.95;1001;15;1571.00;0
3610;15;621374309;3610;472;4611;4611;4.71;0.29;279.39;3.95;1001;15;1572.00;0
3614;15;621374320;3614;481;4611;4611;4.63;0.28;279.34;3.95;997;15;1573.00;0
3615;15;621374337;3615;481;4612;4612;4.59;0.28;279.32;3.94;997;15;1574.00;0
3617;15;621374347;3617;485;4614;4614;4.57;0.28;279.27;3.94;997;15;1575.00;0
3617;15;621374358;3617;486;4614;4614;4.56;0.28;279.27;3.94;997;15;1576.00;0
3619;15;621374367;3619;479;4615;4615;4.55;0.28;279.28;3.94;996;15;1577.00;0
3619;15;621374378;3619;472;4615;4615;4.56;0.28;279.28;3.94;996;15;1578.00;0
3620;15;621374388;3620;465;4615;4615;4.62;0.28;279.27;3.94;995;15;1579.00;0
3621;15;621374397;3621;460;4615;4615;4.70;0.29;279.33;3.94;994;15;1580.00;0
3624;15;621374408;3624;463;4615;4615;4.75;0.29;279.31;3.94;991;15;1581.00;0
3625;15;621374419;3625;465;4615;4615;4.85;0.30;279.27;3.94;990;15;1582.00;0
3627;15;621374429;3627;462;4615;4615;4.89;0.30;279.32;3.94;988;15;1583.00;0
3629;15;621374439;3629;482;4689;4742;5.36;0.33;279.33;3.88;1060;15;1584.00;53
3631;15;621374462;3631;482;4692;4743;5.44;0.34;279.33;3.88;1061;15;1585.00;51
3632;15;621374480;3632;458;4701;4743;5.58;0.35;279.37;3.88;1069;15;1586.00;42
3634;15;621374492;3634;438;4704;4743;5.69;0.35;279.34;3.88;1070;15;1587.00;39
3635;15;621374511;3635;416;4710;4743;5.78;0.36;279.38;3.88;1075;15;1588.00;33
3635;15;621374523;3635;410;4712;4743;5.85;0.36;279.38;3.88;1077;15;1589.00;31
3635;15;621374543;3635;400;4714;4743;5.96;0.37;279.38;3.88;1079;15;1590.00;29
3636;15;621374555;3636;390;4716;4743;6.05;0.37;279.34;3.88;1080;15;1591.00;27
3639;15;621374568;3639;382;4718;4744;6.18;0.38;279.37;3.88;1079;15;1592.00;26
3642;15;621374581;3642;388;4723;4745;6.27;0.39;279.39;3.89;1081;15;1593.00;22
3643;15;621374600;3643;382;4725;4745;6.42;0.40;279.38;3.89;1082;15;1594.00;20
3645;15;621374614;3645;385;4726;4746;6.55;0.40;279.39;3.89;1081;15;1595.00;20
3645;15;621374626;3645;383;4728;4746;6.68;0.41;279.39;3.89;1083;16;1596.00;18
3647;15;621374649;3647;387;4730;4746;6.80;0.42;279.44;3.90;1083;16;1597.00;16
3650;15;621374662;3650;388;4734;4746;6.84;0.42;279.48;3.90;1084;16;1598.00;12
3650;15;621374688;3650;390;4738;4750;6.95;0.43;279.48;3.91;1088;16;1599.00;12
3652;15;621374702;3652;391;4740;4750;7.00;0.43;279.42;3.91;1088;16;1600.00;10
3656;15;621374719;3656;394;4741;4750;7.02;0.43;279.34;3.91;1085;16;1601.00;9
3658;15;621374733;3658;387;4742;4753;7.01;0.43;279.38;3.91;1084;16;1602.00;11
3660;15;621374746;3660;385;4744;4753;7.05;0.43;279.38;3.92;1084;16;1603.00;9
3663;15;621374760;3663;389;4744;4753;7.08;0.43;279.36;3.92;1081;16;1604.00;9
3665;15;621374773;3665;389;4747;4757;7.08;0.43;279.45;3.92;1082;16;1605.00;10
3666;15;621374786;3666;381;4749;4758;7.12;0.43;279.46;3.92;1083;16;1606.00;9
3668;15;621374799;3668;374;4750;4758;7.18;0.44;279.44;3.92;1082;16;1607.00;8
3669;15;621374813;3669;374;4755;4762;7.25;0.44;279.51;3.92;1086;16;1608.00;7
3673;15;621374826;3673;374;4755;4762;7.28;0.44;279.52;3.92;1082;16;1609.00;7
3674;15;621374839;3674;366;4755;4762;7.35;0.45;279.55;3.92;1081;16;1610.00;7
3677;15;621374853;3677;363;4756;4763;7.42;0.45;279.58;3.92;1079;16;1611.00;7
3681;15;621374866;3681;358;4756;4763;7.40;0.45;279.61;3.92;1075;16;1612.00;7
3683;15;621374878;3683;357;4761;4769;7.40;0.45;279.70;3.91;1078;16;1613.00;8
3686;15;621374893;3686;360;4761;4769;7.33;0.45;279.65;3.91;1075;16;1614.00;8
3689;15;621374906;3689;360;4761;4770;7.25;0.44;279.80;3.91;1072;16;1615.00;9
3695;15;621374925;3695;361;4761;4770;7.20;0.44;280.08;3.91;1066;16;1616.00;9
3697;15;621374939;3697;362;4761;4770;7.16;0.43;280.18;3.91;1064;16;1617.00;9
3700;15;621374951;3700;354;4761;4770;7.07;0.43;280.38;3.91;1061;16;1618.00;9
3705;15;621374963;3705;353;4761;4770;7.03;0.42;280.78;3.91;1056;16;1619.00;9
3706;15;621374979;3706;356;4789;4806;7.03;0.43;280.78;3.89;1083;16;1620.00;17
3709;15;621374995;3709;352;4789;4806;7.04;0.43;280.81;3.89;1080;16;1621.00;17
3712;15;621375008;3712;345;4792;4806;7.07;0.43;280.99;3.89;1080;16;1622.00;14
3713;15;621375021;3713;343;4792;4806;7.12;0.43;281.12;3.89;1079;16;1623.00;14
3714;15;621375034;3714;339;4793;4806;7.19;0.44;281.20;3.89;1079;16;1624.00;13
3717;15;621375047;3717;331;4793;4806;7.23;0.44;281.30;3.89;1076;16;1625.00;13
3717;15;621375061;3717;330;4797;4810;7.29;0.44;281.30;3.89;1080;16;1626.00;13
3719;16;621375074;3719;330;4797;4810;7.34;0.45;281.38;3.89;1078;17;1627.00;13
3719;16;621375103;3719;329;4801;4814;7.41;0.45;281.38;3.88;1082;17;1628.00;13
3724;16;621375122;3724;327;4802;4815;7.36;0.45;281.51;3.88;1078;17;1629.00;13
3724;17;621375141;3724;329;4802;4815;7.35;0.45;281.51;3.88;1078;18;1630.00;13
3729;17;621375173;3729;323;4802;4815;7.29;0.44;281.91;3.88;1073;18;1631.00;13
3732;17;621375185;3732;326;4813;4828;7.20;0.44;282.03;3.87;1081;18;1632.00;15
3736;17;621375199;3736;323;4813;4828;7.13;0.43;282.11;3.87;1077;18;1633.00;15
3740;17;621375211;3740;320;4813;4828;7.09;0.43;282.34;3.87;1073;18;1634.00;15
3742;17;621375224;3742;311;4814;4829;7.12;0.43;282.53;3.87;1072;18;1635.00;15
3746;17;621375236;3746;310;4815;4830;7.11;0.43;282.73;3.88;1069;18;1636.00;15
3750;17;621375249;3750;303;4815;4830;7.19;0.44;282.84;3.88;1065;18;1637.00;15
3755;17;621375262;3755;301;4817;4833;7.27;0.44;282.90;3.88;1062;18;1638.00;16
3759;17;621375275;3759;305;4818;4833;7.35;0.45;283.06;3.88;1059;18;1639.00;15
3764;17;621375288;3764;301;4818;4833;7.43;0.45;283.22;3.88;1054;18;1640.00;15
3766;17;621375303;3766;299;4818;4833;7.49;0.46;283.36;3.88;1052;18;1641.00;15
3770;17;621375322;3770;298;4823;4839;7.63;0.46;283.45;3.88;1053;18;1642.00;16
3775;17;621375343;3775;302;4823;4839;7.63;0.46;283.47;3.88;1048;18;1643.00;16
3775;17;621375363;3775;305;4823;4839;7.59;0.46;283.47;3.88;1048;18;1644.00;16
3777;17;621375381;3777;302;4823;4839;7.65;0.47;283.45;3.88;1046;18;1645.00;16
3781;17;621375399;3781;307;4826;4843;7.61;0.46;283.40;3.88;1045;18;1646.00;17
3784;17;621375416;3784;307;4827;4844;7.57;0.46;283.57;3.88;1043;18;1647.00;17
3786;17;621375431;3786;310;4827;4844;7.47;0.45;283.64;3.88;1041;18;1648.00;17
3789;17;621375460;3789;307;4828;4845;7.44;0.45;283.60;3.88;1039;18;1649.00;17
3792;17;621375476;3792;305;4829;4845;7.43;0.45;283.66;3.89;1037;18;1650.00;16
3795;17;621375490;3795;310;4829;4845;7.43;0.45;283.80;3.89;1034;18;1651.00;16
3795;17;621375503;3795;312;4829;4845;7.44;0.45;283.80;3.89;1034;18;1652.00;16
3798;17;621375516;3798;309;4829;4845;7.48;0.45;283.82;3.89;1031;18;1653.00;16
3799;17;621375527;3799;309;4829;4845;7.53;0.46;283.81;3.89;1030;18;1654.00;16
3801;17;621375539;3801;306;4830;4845;7.51;0.46;283.84;3.90;1029;18;1655.00;15
3803;17;621375552;3803;308;4868;4915;7.64;0.47;283.89;3.87;1065;18;1656.00;47
3805;17;621375570;3805;299;4868;4916;7.63;0.47;283.93;3.87;1063;18;1657.00;48
3805;17;621375584;3805;304;4873;4916;7.69;0.47;283.93;3.87;1068;18;1658.00;43
3808;17;621375597;3808;304;4878;4916;7.69;0.47;284.02;3.88;1070;18;1659.00;38
3809;17;621375610;3809;311;4883;4916;7.70;0.47;284.02;3.89;1074;18;1660.00;33
3812;17;621375630;3812;304;4885;4916;7.68;0.47;284.15;3.90;1073;18;1661.00;31
3813;17;621375644;3813;303;4887;4916;7.73;0.47;284.13;3.90;1074;18;1662.00;29
3816;18;621375656;3816;307;4891;4916;7.77;0.47;284.44;3.92;1075;19;1663.00;25
3819;18;621375675;3819;306;4895;4917;7.77;0.47;284.36;3.93;1076;19;1664.00;22
3822;18;621375689;3822;309;4900;4919;7.73;0.47;284.31;3.94;1078;19;1665.00;19
3825;18;621375703;3825;311;4903;4919;7.63;0.46;284.36;3.94;1078;19;1666.00;16
3830;18;621375722;3830;310;4907;4923;7.49;0.46;284.40;3.96;1077;19;1667.00;16
3836;18;621375735;3836;308;4909;4923;7.37;0.45;284.42;3.96;1073;19;1668.00;14
3838;18;621375748;3838;315;4911;4923;7.33;0.45;284.54;3.97;1073;19;1669.00;12
3841;18;621375760;3841;326;4911;4923;7.26;0.44;284.59;3.97;1070;19;1670.00;12
3843;18;621375773;3843;328;4917;4929;7.20;0.44;284.83;3.98;1074;19;1671.00;12
3845;18;621375790;3845;334;4918;4929;7.12;0.43;284.74;3.98;1073;19;1672.00;11
3848;18;621375804;3848;338;4919;4929;7.01;0.43;284.90;3.99;1071;19;1673.00;10
3850;18;621375816;3850;343;4922;4932;6.97;0.43;284.88;3.99;1072;19;1674.00;10
3852;18;621375829;3852;349;4922;4932;6.94;0.42;284.84;3.99;1070;19;1675.00;10
3856;18;621375841;3856;350;4923;4932;6.83;0.42;284.95;3.99;1067;19;1676.00;9
3857;18;621375855;3857;359;4924;4933;6.73;0.41;284.93;4.00;1067;19;1677.00;9
3859;18;621375866;3859;364;4925;4934;6.71;0.41;285.16;4.00;1066;19;1678.00;9
3862;18;621375877;3862;362;4928;4934;6.64;0.41;285.13;4.02;1066;19;1679.00;6
3865;18;621375891;3865;361;4944;4960;6.59;0.40;285.16;4.01;1079;19;1680.00;16
3870;18;621375904;3870;357;4946;4960;6.57;0.40;285.17;4.01;1076;19;1681.00;14
3874;18;621375916;3874;352;4949;4960;6.64;0.41;285.13;4.01;1075;19;1682.00;11
3879;18;621375929;3879;355;4953;4961;6.58;0.40;285.36;4.02;1074;19;1683.00;8
3881;18;621375941;3881;348;4955;4961;6.61;0.40;285.44;4.02;1074;19;1684.00;6
3882;18;621375952;3882;349;4960;4965;6.66;0.41;285.52;4.02;1078;19;1685.00;5
3885;18;621375964;3885;351;4963;4965;6.64;0.41;285.59;4.02;1078;19;1686.00;2
3888;18;621375976;3888;358;4966;4969;6.58;0.40;285.73;4.02;1078;19;1687.00;3
3892;18;621375988;3892;353;4967;4969;6.58;0.40;285.79;4.02;1075;19;1688.00;2
3896;18;621376000;3896;357;4968;4969;6.50;0.40;285.89;4.02;1072;19;1689.00;1
3899;18;621376012;3899;354;4968;4969;6.43;0.39;286.01;4.02;1069;19;1690.00;1
3902;18;621376024;3902;360;4969;4969;6.40;0.39;286.16;4.02;1067;19;1691.00;0
3908;18;621376035;3908;361;4979;4981;6.37;0.39;286.20;4.01;1071;19;1692.00;2
3912;18;621376048;3912;365;4979;4981;6.30;0.38;286.17;4.01;1067;19;1693.00;2
3916;18;621376059;3916;364;4981;4981;6.26;0.38;286.33;4.01;1065;19;1694.00;0
3919;18;621376071;3919;374;4981;4981;6.22;0.38;286.46;4.01;1062;19;1695.00;0
3924;18;621376081;3924;375;4981;4981;6.11;0.37;286.62;4.01;1057;19;1696.00;0
3927;18;621376093;3927;382;4981;4981;6.06;0.37;286.65;4.01;1054;19;1697.00;0
3933;18;621376103;3933;388;4982;4982;5.92;0.36;286.86;4.01;1049;19;1698.00;0
3939;18;621376114;3939;398;4982;4982;5.77;0.35;287.09;4.01;1043;19;1699.00;0
3941;18;621376126;3941;389;4988;4988;5.80;0.35;287.13;4.01;1047;19;1700.00;0
3946;18;621376141;3946;382;4989;4989;5.70;0.35;287.42;4.01;1043;19;1701.00;0
3949;18;621376152;3949;387;4989;4989;5.69;0.35;287.63;4.01;1040;19;1702.00;0
3953;18;621376163;3953;384;4989;4989;5.60;0.34;287.63;4.01;1036;19;1703.00;0
3956;18;621376173;3956;390;4993;4993;5.59;0.34;287.74;4.01;1037;19;1704.00;0
3960;18;621376183;3960;391;4993;4993;5.56;0.34;287.71;4.01;1033;19;1705.00;0
3963;18;621376194;3963;389;4993;4993;5.49;0.33;287.71;4.01;1030;19;1706.00;0
3968;18;621376204;3968;382;4994;4994;5.48;0.33;287.66;4.00;1026;19;1707.00;0
3971;18;621376215;3971;381;4998;4998;5.49;0.34;287.66;4.00;1027;19;1708.00;0
3976;18;621376226;3976;380;4998;4998;5.45;0.33;287.81;4.00;1022;19;1709.00;0
3977;18;621376238;3977;382;5002;5004;5.56;0.34;287.85;4.00;1025;19;1710.00;2
3979;18;621376250;3979;387;5002;5004;5.56;0.34;287.82;4.00;1023;19;1711.00;2
3980;18;621376261;3980;394;5004;5004;5.54;0.34;287.76;4.00;1024;19;1712.00;0
3983;18;621376272;3983;392;5004;5004;5.47;0.34;287.67;4.00;1021;19;1713.00;0
3987;18;621376283;3987;408;5008;5008;5.46;0.34;287.69;4.00;1021;19;1714.00;0
3989;18;621376296;3989;413;5008;5008;5.46;0.34;287.69;4.00;1019;19;1715.00;0
3992;18;621376312;3992;421;5008;5008;5.44;0.33;287.73;4.00;1016;19;1716.00;0
3997;18;621376322;3997;420;5008;5008;5.38;0.33;287.64;4.00;1011;19;1717.00;0
3998;18;621376334;3998;420;5009;5009;5.39;0.33;287.68;4.00;1011;19;1718.00;0
4002;18;621376348;4002;428;5010;5010;5.40;0.33;287.76;3.99;1008;19;1719.00;0
4009;18;621376358;4009;435;5010;5010;5.32;0.33;287.68;3.99;1001;19;1720.00;0
4014;18;621376369;4014;442;5011;5011;5.22;0.32;287.58;3.99;997;19;1721.00;0
4019;18;621376379;4019;445;5011;5011;5.18;0.32;287.38;3.99;992;19;1722.00;0
4024;18;621376390;4024;451;5011;5011;5.09;0.31;287.29;3.99;987;19;1723.00;0
4028;18;621376400;4028;457;5011;5011;4.96;0.30;287.22;3.99;983;19;1724.00;0
4033;18;621376410;4033;459;5011;5011;4.88;0.30;287.17;3.99;978;19;1725.00;0
4035;19;621376420;4035;461;5011;5011;4.88;0.30;287.26;3.99;976;20;1726.00;0
4037;19;621376443;4037;461;5011;5011;4.87;0.30;287.24;3.99;974;20;1727.00;0
4042;19;621376453;4042;478;5090;5138;5.29;0.33;287.21;3.93;1048;20;1728.00;48
4046;19;621376472;4046;470;5094;5139;5.27;0.33;287.22;3.93;1048;20;1729.00;45
4047;19;621376483;4047;467;5102;5139;5.41;0.34;287.21;3.93;1055;20;1730.00;37
4052;19;621376493;4052;471;5104;5139;5.42;0.34;287.46;3.93;1052;20;1731.00;35
4053;19;621376504;4053;475;5109;5139;5.45;0.34;287.51;3.93;1056;20;1732.00;30
4054;19;621376514;4054;476;5111;5139;5.42;0.34;287.55;3.93;1057;20;1733.00;28
4055;19;621376524;4055;481;5114;5139;5.42;0.33;287.59;3.93;1059;20;1734.00;25
4060;19;621376534;4060;485;5118;5139;5.37;0.33;287.78;3.93;1058;20;1735.00;21
4063;19;621376550;4063;485;5121;5140;5.28;0.33;287.76;3.93;1058;20;1736.00;19
4064;19;621376561;4064;489;5125;5141;5.26;0.33;287.83;3.94;1061;20;1737.00;16
4064;19;621376578;4064;496;5127;5141;5.19;0.32;287.83;3.94;1063;20;1738.00;14
4068;19;621376588;4068;493;5131;5142;5.10;0.32;287.85;3.94;1063;20;1739.00;11
4068;19;621376602;4068;491;5132;5142;5.09;0.32;287.85;3.94;1064;20;1740.00;10
4071;19;621376612;4071;484;5134;5142;5.11;0.32;287.89;3.95;1063;20;1741.00;8
4073;19;621376624;4073;480;5134;5142;5.13;0.32;287.90;3.95;1061;20;1742.00;8
4077;19;621376640;4077;487;5141;5146;5.18;0.32;287.93;3.95;1064;20;1743.00;5
4080;19;621376651;4080;485;5141;5146;5.22;0.32;287.92;3.95;1061;20;1744.00;5
4084;19;621376662;4084;482;5142;5146;5.19;0.32;287.98;3.95;1058;20;1745.00;4
4085;19;621376678;4085;478;5143;5149;5.28;0.33;287.98;3.95;1058;20;1746.00;6
4086;19;621376690;4086;466;5144;5149;5.39;0.33;287.99;3.96;1058;20;1747.00;5
4092;19;621376701;4092;452;5145;5149;5.43;0.33;287.90;3.96;1053;20;1748.00;4
4093;19;621376713;4093;449;5150;5153;5.52;0.34;287.94;3.96;1057;20;1749.00;3
4094;19;621376725;4094;441;5151;5154;5.66;0.35;287.95;3.96;1057;20;1750.00;3
4100;19;621376736;4100;432;5152;5154;5.76;0.35;287.76;3.96;1052;20;1751.00;2
4102;19;621376749;4102;427;5156;5158;5.91;0.36;287.82;3.96;1054;20;1752.00;2
4104;19;621376760;4104;424;5156;5158;6.02;0.37;287.89;3.96;1052;20;1753.00;2
4104;19;621376778;4104;419;5157;5158;6.15;0.38;287.89;3.96;1053;20;1754.00;1
4106;19;621376790;4106;423;5159;5160;6.15;0.38;287.95;3.96;1053;20;1755.00;1
4107;19;621376802;4107;402;5159;5160;6.20;0.38;287.91;3.96;1052;20;1756.00;1
4110;19;621376815;4110;387;5164;5166;6.23;0.38;287.91;3.96;1054;20;1757.00;2
4112;19;621376827;4112;385;5164;5166;6.24;0.38;287.88;3.96;1052;20;1758.00;2
4116;19;621376839;4116;378;5164;5167;6.24;0.38;287.97;3.96;1048;20;1759.00;3
4117;19;621376852;4117;377;5164;5167;6.33;0.38;287.91;3.96;1047;20;1760.00;3
4122;19;621376865;4122;378;5164;5167;6.36;0.39;287.91;3.96;1042;20;1761.00;3
4125;19;621376877;4125;381;5164;5167;6.40;0.39;288.02;3.96;1039;20;1762.00;3
4127;19;621376890;4127;380;5164;5167;6.43;0.39;288.21;3.96;1037;20;1763.00;3
4132;19;621376902;4132;386;5173;5179;6.53;0.40;288.21;3.95;1041;20;1764.00;6
4133;19;621376915;4133;389;5173;5179;6.58;0.40;288.19;3.95;1040;20;1765.00;6
4135;19;621376928;4135;387;5175;5179;6.59;0.40;288.23;3.95;1040;20;1766.00;4
4137;19;621376941;4137;382;5175;5179;6.57;0.40;288.36;3.95;1038;20;1767.00;4
4137;19;621376955;4137;376;5175;5179;6.59;0.40;288.36;3.95;1038;20;1768.00;4
4139;19;621376967;4139;377;5175;5179;6.57;0.40;288.44;3.95;1036;20;1769.00;4
4142;19;621376981;4142;370;5178;5183;6.56;0.40;288.52;3.95;1036;20;1770.00;5
4142;19;621376994;4142;369;5178;5183;6.58;0.40;288.52;3.95;1036;20;1771.00;5
4144;19;621377006;4144;367;5182;5187;6.60;0.40;288.65;3.94;1038;20;1772.00;5
4146;19;621377020;4146;371;5183;5188;6.61;0.40;288.76;3.94;1037;20;1773.00;5
4149;19;621377032;4149;370;5183;5188;6.60;0.40;288.80;3.94;1034;20;1774.00;5
4153;19;621377044;4153;368;5183;5188;6.61;0.40;289.04;3.94;1030;20;1775.00;5
4155;19;621377057;4155;372;5194;5201;6.70;0.41;289.12;3.93;1039;20;1776.00;7
4156;19;621377070;4156;368;5194;5201;6.75;0.41;289.14;3.93;1038;20;1777.00;7
4157;19;621377082;4157;373;5194;5201;6.79;0.41;289.24;3.93;1037;20;1778.00;7
4158;19;621377094;4158;372;5195;5202;6.86;0.42;289.32;3.93;1037;20;1779.00;7
4159;19;621377105;4159;370;5195;5203;6.91;0.42;289.33;3.93;1036;20;1780.00;8
4162;19;621377117;4162;366;5195;5203;6.93;0.42;289.41;3.93;1033;20;1781.00;8
4165;19;621377129;4165;369;5197;5206;6.96;0.42;289.51;3.93;1032;20;1782.00;9
4168;19;621377141;4168;370;5197;5206;6.87;0.42;289.48;3.93;1029;20;1783.00;9
4170;19;621377153;4170;368;5198;5206;6.85;0.42;289.53;3.93;1028;20;1784.00;8
4174;19;621377165;4174;374;5198;5206;6.78;0.41;289.48;3.93;1024;20;1785.00;8
4176;19;621377177;4176;377;5203;5212;6.72;0.41;289.50;3.93;1027;20;1786.00;9
4179;19;621377190;4179;374;5203;5212;6.69;0.41;289.77;3.93;1024;20;1787.00;9
4182;19;621377202;4182;378;5203;5212;6.65;0.40;289.76;3.93;1021;20;1788.00;9
4186;19;621377214;4186;374;5203;5212;6.58;0.40;289.88;3.93;1017;20;1789.00;9
4188;19;621377225;4188;367;5206;5216;6.48;0.39;290.00;3.93;1018;20;1790.00;10
4190;19;621377238;4190;362;5207;5217;6.48;0.39;290.10;3.93;1017;20;1791.00;10
4191;19;621377250;4191;354;5207;5217;6.46;0.39;290.22;3.93;1016;20;1792.00;10
4193;19;621377267;4193;344;5208;5218;6.49;0.39;290.31;3.93;1015;20;1793.00;10
4195;19;621377279;4195;344;5208;5218;6.49;0.39;290.48;3.93;1013;20;1794.00;10
4195;19;621377290;4195;335;5208;5218;6.51;0.40;290.48;3.93;1013;20;1795.00;10
4200;19;621377303;4200;335;5208;5218;6.52;0.40;290.59;3.93;1008;20;1796.00;10
4204;19;621377320;4204;332;5208;5218;6.52;0.40;290.72;3.93;1004;20;1797.00;10
4206;19;621377339;4206;323;5208;5218;6.50;0.39;290.83;3.93;1002;20;1798.00;10
4211;19;621377362;4211;321;5208;5218;6.48;0.39;291.00;3.93;997;20;1799.00;10
4213;19;621377384;4213;345;5282;5356;6.44;0.40;291.06;3.87;1069;20;1800.00;74
4218;19;621377425;4218;332;5282;5357;6.44;0.40;291.14;3.87;1064;20;1801.00;75
4222;19;621377438;4222;315;5293;5357;6.48;0.40;291.31;3.87;1071;20;1802.00;64
4225;19;621377451;4225;297;5293;5357;6.52;0.40;291.46;3.87;1068;20;1803.00;64
4230;19;621377464;4230;294;5298;5357;6.58;0.40;291.60;3.87;1068;20;1804.00;59
4235;19;621377478;4235;285;5301;5357;6.59;0.40;291.90;3.89;1066;20;1805.00;56
4238;19;621377493;4238;291;5308;5357;6.62;0.40;292.01;3.89;1070;20;1806.00;49
4241;19;621377513;4241;280;5313;5357;6.61;0.40;292.14;3.89;1072;20;1807.00;44
4247;19;621377526;4247;282;5318;5358;6.64;0.40;292.31;3.90;1071;20;1808.00;40
4250;19;621377539;4250;292;5324;5359;6.62;0.40;292.40;3.90;1074;20;1809.00;35
4255;19;621377552;4255;283;5327;5359;6.63;0.40;292.32;3.90;1072;20;1810.00;32
4256;19;621377566;4256;286;5332;5363;6.67;0.41;292.31;3.90;1076;20;1811.00;31
4258;19;621377579;4258;279;5333;5363;6.69;0.41;292.41;3.90;1075;20;1812.00;30
4259;19;621377593;4259;277;5334;5363;6.72;0.41;292.53;3.91;1075;20;1813.00;29
4261;19;621377605;4261;277;5334;5363;6.76;0.41;292.51;3.91;1073;20;1814.00;29
4266;19;621377619;4266;272;5338;5369;6.78;0.41;292.51;3.90;1072;20;1815.00;31
4267;19;621377639;4267;273;5338;5369;6.84;0.42;292.54;3.90;1071;20;1816.00;31
4268;19;621377653;4268;265;5339;5369;6.83;0.42;292.58;3.91;1071;20;1817.00;30
4271;19;621377666;4271;261;5341;5372;6.85;0.42;292.73;3.90;1070;20;1818.00;31
4271;19;621377679;4271;269;5343;5372;6.89;0.42;292.73;3.91;1072;20;1819.00;29
4275;19;621377692;4275;278;5344;5372;6.90;0.42;292.71;3.91;1069;20;1820.00;28
4278;19;621377706;4278;266;5345;5373;6.88;0.42;292.67;3.92;1067;20;1821.00;28
4279;19;621377720;4279;278;5347;5374;6.89;0.42;292.80;3.92;1068;20;1822.00;27
4280;19;621377733;4280;270;5348;5374;6.89;0.42;292.85;3.92;1068;20;1823.00;26
4282;19;621377746;4282;268;5357;5387;6.90;0.42;292.78;3.92;1075;20;1824.00;30
4286;19;621377760;4286;263;5361;5387;7.00;0.43;292.75;3.93;1075;20;1825.00;26
4290;19;621377773;4290;258;5361;5387;7.02;0.43;292.85;3.93;1071;20;1826.00;26
4293;19;621377787;4293;251;5363;5388;7.09;0.43;292.79;3.93;1070;20;1827.00;25
4295;19;621377801;4295;252;5363;5388;7.17;0.44;293.07;3.93;1068;20;1828.00;25
4301;19;621377815;4301;255;5366;5392;7.16;0.44;293.09;3.92;1065;20;1829.00;26
4303;19;621377830;4303;256;5368;5392;7.16;0.44;293.22;3.94;1065;20;1830.00;24
4304;19;621377844;4304;259;5372;5396;7.14;0.43;293.21;3.95;1068;20;1831.00;24
4306;19;621377856;4306;267;5372;5396;7.14;0.44;293.40;3.95;1066;20;1832.00;24
4309;19;621377875;4309;275;5374;5396;7.15;0.44;293.47;3.97;1065;20;1833.00;22
4312;19;621377887;4312;275;5375;5396;7.19;0.44;293.51;3.97;1063;20;1834.00;21
4315;19;621377900;4315;278;5376;5396;7.18;0.44;293.70;3.98;1061;20;1835.00;20
4318;19;621377913;4318;276;5387;5408;7.20;0.44;293.64;3.98;1069;20;1836.00;21
4322;19;621377927;4322;274;5389;5408;7.18;0.44;293.60;3.99;1067;20;1837.00;19
4324;19;621377941;4324;278;5389;5408;7.13;0.44;293.73;3.99;1065;20;1838.00;19
4326;19;621377953;4326;284;5391;5408;7.06;0.43;293.81;4.00;1065;20;1839.00;17
4326;19;621377965;4326;286;5392;5408;6.98;0.43;293.81;4.01;1066;20;1840.00;16
4331;19;621377978;4331;296;5393;5408;6.86;0.42;293.93;4.02;1062;20;1841.00;15
4336;19;621377991;4336;301;5395;5409;6.71;0.41;294.12;4.03;1059;20;1842.00;14
4336;19;621378004;4336;312;5395;5409;6.58;0.40;294.12;4.03;1059;20;1843.00;14
4340;19;621378017;4340;317;5401;5415;6.54;0.40;294.24;4.04;1061;20;1844.00;14
4342;19;621378029;4342;330;5404;5417;6.42;0.39;294.29;4.04;1062;20;1845.00;13
4344;19;621378047;4344;340;5405;5417;6.33;0.39;294.29;4.05;1061;20;1846.00;12
4345;19;621378060;4345;342;5405;5417;6.24;0.38;294.34;4.05;1060;20;1847.00;12
4350;19;621378071;4350;355;5409;5421;6.13;0.38;294.45;4.06;1059;20;1848.00;12
4350;19;621378084;4350;349;5411;5421;6.06;0.37;294.45;4.07;1061;20;1849.00;10
4353;19;621378095;4353;345;5412;5421;6.01;0.37;294.38;4.07;1059;20;1850.00;9
4357;19;621378107;4357;338;5414;5422;6.04;0.37;294.55;4.07;1057;20;1851.00;8
4358;19;621378122;4358;339;5417;5426;6.13;0.38;294.67;4.07;1059;20;1852.00;9
4361;19;621378135;4361;337;5417;5426;6.19;0.38;294.90;4.07;1056;20;1853.00;9
4364;19;621378149;4364;333;5420;5429;6.33;0.39;294.91;4.07;1056;20;1854.00;9
4364;19;621378162;4364;330;5423;5429;6.40;0.39;294.91;4.09;1059;20;1855.00;6
4365;19;621378173;4365;328;5424;5429;6.44;0.40;294.87;4.09;1059;20;1856.00;5
4367;19;621378185;4367;326;5425;5429;6.46;0.40;295.02;4.09;1058;20;1857.00;4
4370;19;621378196;4370;327;5430;5433;6.52;0.40;294.95;4.09;1060;20;1858.00;3
4373;19;621378209;4373;326;5430;5433;6.43;0.40;294.84;4.09;1057;20;1859.00;3
4374;19;621378222;4374;324;5431;5433;6.41;0.40;294.78;4.09;1057;20;1860.00;2
4376;19;621378233;4376;336;5431;5433;6.33;0.39;294.72;4.09;1055;20;1861.00;2
4383;19;621378244;4383;344;5432;5434;6.22;0.38;294.70;4.09;1049;20;1862.00;2
4385;19;621378255;4385;348;5433;5435;6.15;0.38;294.59;4.09;1048;20;1863.00;2
4389;19;621378267;4389;347;5433;5435;6.08;0.37;294.49;4.09;1044;20;1864.00;2
4391;19;621378277;4391;360;5434;5436;5.99;0.37;294.45;4.09;1043;20;1865.00;2
4393;19;621378289;4393;366;5434;5436;5.88;0.36;294.44;4.09;1041;20;1866.00;2
4395;19;621378299;4395;375;5434;5436;5.79;0.36;294.46;4.09;1039;20;1867.00;2
4397;19;621378312;4397;386;5434;5436;5.66;0.35;294.53;4.09;1037;20;1868.00;2
4402;19;621378323;4402;385;5434;5436;5.54;0.34;294.41;4.09;1032;20;1869.00;2
4404;19;621378333;4404;373;5434;5436;5.47;0.34;294.41;4.09;1030;20;1870.00;2
4407;19;621378344;4407;374;5434;5436;5.39;0.34;294.42;4.09;1027;20;1871.00;2
4412;19;621378355;4412;389;5507;5563;5.68;0.36;294.25;4.03;1095;20;1872.00;56
4415;19;621378374;4415;381;5512;5564;5.70;0.36;294.17;4.03;1097;20;1873.00;52
4419;19;621378385;4419;377;5520;5564;5.73;0.36;294.05;4.03;1101;20;1874.00;44
4423;19;621378396;4423;371;5523;5564;5.76;0.36;293.90;4.03;1100;20;1875.00;41
4428;19;621378406;4428;370;5529;5564;5.85;0.36;293.98;4.03;1101;20;1876.00;35
4431;19;621378417;4431;373;5533;5564;5.85;0.36;293.95;4.03;1102;20;1877.00;31
4433;19;621378429;4433;372;5537;5564;5.87;0.36;293.91;4.03;1104;20;1878.00;27
4440;19;621378439;4440;373;5540;5564;5.83;0.36;293.87;4.03;1100;20;1879.00;24
4443;19;621378457;4443;373;5542;5565;5.72;0.35;293.94;4.03;1099;20;1880.00;23
4444;19;621378468;4444;383;5544;5566;5.67;0.35;293.97;4.03;1100;20;1881.00;22
4449;19;621378479;4449;392;5548;5568;5.57;0.34;293.94;4.03;1099;20;1882.00;20
4451;19;621378491;4451;405;5550;5569;5.50;0.34;294.03;4.03;1099;20;1883.00;19
4453;19;621378502;4453;408;5556;5569;5.45;0.34;294.03;4.04;1103;20;1884.00;13
4457;19;621378513;4457;422;5557;5569;5.38;0.33;294.04;4.04;1100;20;1885.00;12
4458;19;621378524;4458;419;5558;5569;5.31;0.33;294.03;4.05;1100;20;1886.00;11
4462;19;621378534;4462;428;5561;5573;5.21;0.32;294.08;4.04;1099;20;1887.00;12
4466;19;621378546;4466;436;5563;5573;5.10;0.31;294.10;4.05;1097;20;1888.00;10
4468;19;621378558;4468;438;5563;5573;5.03;0.31;294.10;4.05;1095;20;1889.00;10
4472;19;621378571;4472;453;5567;5579;4.98;0.31;293.99;4.05;1095;20;1890.00;12
4473;19;621378584;4473;440;5568;5579;4.97;0.31;293.94;4.05;1095;20;1891.00;11
4475;19;621378595;4475;430;5570;5579;5.00;0.31;293.99;4.05;1095;20;1892.00;9
4481;19;621378607;4481;431;5574;5583;5.03;0.31;294.02;4.06;1093;20;1893.00;9
4482;19;621378619;4482;426;5575;5584;5.09;0.31;293.96;4.05;1093;20;1894.00;9
4484;19;621378630;4484;425;5575;5584;5.12;0.31;294.03;4.05;1091;20;1895.00;9
4487;19;621378642;4487;427;5580;5588;5.15;0.32;294.02;4.07;1093;20;1896.00;8
4490;19;621378654;4490;424;5580;5588;5.19;0.32;294.05;4.07;1090;20;1897.00;8
4494;19;621378666;4494;423;5581;5588;5.18;0.32;294.02;4.07;1087;20;1898.00;7
4498;19;621378677;4498;418;5581;5589;5.17;0.32;294.13;4.07;1083;20;1899.00;8
4502;19;621378690;4502;423;5582;5589;5.23;0.32;294.27;4.07;1080;20;1900.00;7
4506;19;621378705;4506;428;5586;5595;5.25;0.32;294.24;4.07;1080;20;1901.00;9
4512;19;621378717;4512;436;5587;5595;5.22;0.32;294.16;4.07;1075;20;1902.00;8
4516;19;621378728;4516;436;5588;5596;5.23;0.32;294.12;4.07;1072;20;1903.00;8
4519;19;621378740;4519;444;5589;5596;5.22;0.32;294.14;4.07;1070;20;1904.00;7
4524;19;621378751;4524;447;5589;5596;5.19;0.32;294.16;4.07;1065;20;1905.00;7
4527;19;621378766;4527;453;5589;5596;5.14;0.31;294.19;4.07;1062;20;1906.00;7
4530;19;621378778;4530;456;5589;5596;5.11;0.31;294.19;4.07;1059;20;1907.00;7
4533;19;621378790;4533;464;5599;5608;5.21;0.32;294.14;4.07;1066;20;1908.00;9
4535;19;621378803;4535;465;5599;5608;5.22;0.32;294.13;4.07;1064;20;1909.00;9
4537;19;621378813;4537;468;5600;5608;5.27;0.32;294.11;4.06;1063;20;1910.00;8
4541;19;621378825;4541;468;5600;5608;5.27;0.32;294.27;4.06;1059;20;1911.00;8
4542;19;621378837;4542;467;5600;5608;5.30;0.32;294.27;4.06;1058;20;1912.00;8
4544;19;621378849;4544;472;5600;5608;5.33;0.33;294.27;4.06;1056;20;1913.00;8
4546;19;621378861;4546;470;5603;5612;5.37;0.33;294.31;4.06;1057;20;1914.00;9
4547;19;621378872;4547;475;5603;5612;5.38;0.33;294.41;4.06;1056;20;1915.00;9
4551;19;621378883;4551;470;5607;5616;5.39;0.33;294.56;4.06;1056;20;1916.00;9
4553;19;621378895;4553;465;5608;5617;5.42;0.33;294.67;4.06;1055;20;1917.00;9
4557;19;621378907;4557;461;5608;5617;5.43;0.33;294.67;4.06;1051;20;1918.00;9
4559;19;621378918;4559;459;5608;5617;5.47;0.33;294.75;4.06;1049;20;1919.00;9
4559;19;621378932;4559;468;5632;5646;5.62;0.34;294.75;4.04;1073;20;1920.00;14
4562;19;621378946;4562;457;5632;5646;5.64;0.34;294.87;4.04;1070;20;1921.00;14
4563;19;621378957;4563;453;5633;5646;5.69;0.35;294.86;4.04;1070;20;1922.00;13
4568;19;621378970;4568;451;5635;5647;5.71;0.35;295.02;4.06;1067;20;1923.00;12
4572;19;621378982;4572;439;5635;5648;5.78;0.35;295.15;4.06;1063;20;1924.00;13
4574;19;621378994;4574;443;5636;5648;5.78;0.35;295.29;4.07;1062;20;1925.00;12
4574;19;621379013;4574;428;5638;5651;5.83;0.35;295.29;4.07;1064;20;1926.00;13
4577;19;621379025;4577;412;5639;5651;5.87;0.36;295.38;4.07;1062;20;1927.00;12
4581;19;621379037;4581;406;5640;5651;5.88;0.36;295.38;4.08;1059;20;1928.00;11
4582;19;621379049;4582;402;5640;5651;5.91;0.36;295.45;4.08;1058;20;1929.00;11
4583;19;621379061;4583;404;5645;5657;5.97;0.36;295.45;4.08;1062;20;1930.00;12
4588;19;621379074;4588;400;5646;5657;5.94;0.36;295.75;4.08;1058;20;1931.00;11
4589;19;621379087;4589;395;5646;5657;5.92;0.36;295.76;4.08;1057;20;1932.00;11
4593;19;621379100;4593;397;5646;5657;5.87;0.36;296.01;4.08;1053;20;1933.00;11
4593;19;621379112;4593;396;5649;5661;5.83;0.36;296.01;4.08;1056;20;1934.00;12
4594;19;621379125;4594;394;5652;5663;5.91;0.36;296.04;4.08;1058;20;1935.00;11
4596;19;621379137;4596;400;5652;5663;5.94;0.36;296.10;4.08;1056;21;1936.00;11
4596;19;621379159;4596;396;5653;5664;6.03;0.37;296.10;4.08;1057;21;1937.00;11
4599;19;621379171;4599;394;5653;5664;6.02;0.37;296.18;4.08;1054;21;1938.00;11
4601;19;621379184;4601;392;5653;5664;6.04;0.37;296.21;4.08;1052;21;1939.00;11
4603;19;621379197;4603;385;5653;5664;6.08;0.37;296.33;4.08;1050;21;1940.00;11
4605;19;621379213;4605;384;5653;5664;6.11;0.37;296.37;4.08;1048;21;1941.00;11
4607;19;621379227;4607;385;5653;5664;6.14;0.37;296.39;4.08;1046;21;1942.00;11
4612;19;621379238;4612;385;5653;5664;6.15;0.37;296.41;4.08;1041;21;1943.00;11
4616;19;621379251;4616;405;5695;5734;6.07;0.37;296.50;4.05;1079;21;1944.00;39
4620;19;621379270;4620;390;5695;5735;6.05;0.37;296.70;4.05;1075;21;1945.00;40
4621;19;621379282;4621;384;5700;5735;6.09;0.37;296.69;4.04;1079;21;1946.00;35
4622;19;621379294;4622;381;5700;5735;6.12;0.37;296.71;4.04;1078;21;1947.00;35
4624;19;621379309;4624;374;5703;5735;6.15;0.37;296.76;4.04;1079;21;1948.00;32
4626;19;621379328;4626;383;5704;5735;6.22;0.38;296.81;4.04;1078;21;1949.00;31
4628;19;621379351;4628;380;5708;5737;6.24;0.38;296.79;4.04;1080;21;1950.00;29
4628;19;621379371;4628;378;5710;5737;6.24;0.38;296.79;4.04;1082;21;1951.00;27
4631;19;621379398;4631;383;5712;5738;6.26;0.38;296.77;4.05;1081;21;1952.00;26
4633;19;621379418;4633;391;5714;5739;6.25;0.38;296.74;4.05;1081;21;1953.00;25
4634;19;621379433;4634;396;5716;5739;6.26;0.38;296.69;4.05;1082;21;1954.00;23
4636;19;621379447;4636;392;5720;5743;6.23;0.38;296.75;4.05;1084;21;1955.00;23
4636;19;621379461;4636;392;5722;5743;6.25;0.38;296.75;4.05;1086;21;1956.00;21
4636;19;621379475;4636;393;5723;5743;6.28;0.38;296.75;4.05;1087;21;1957.00;20
4636;19;621379495;4636;404;5724;5743;6.25;0.38;296.75;4.05;1088;21;1958.00;19
4640;19;621379508;4640;399;5729;5749;6.23;0.38;296.75;4.05;1089;21;1959.00;20
4644;19;621379522;4644;400;5730;5749;6.21;0.38;296.98;4.06;1086;21;1960.00;19
4644;19;621379535;4644;394;5731;5749;6.19;0.38;296.98;4.06;1087;21;1961.00;18
4647;19;621379548;4647;392;5733;5752;6.16;0.38;296.98;4.06;1086;21;1962.00;19
4650;19;621379563;4650;391;5735;5752;6.15;0.37;297.08;4.05;1085;21;1963.00;17
4653;19;621379576;4653;390;5735;5752;6.08;0.37;297.17;4.05;1082;21;1964.00;17
4655;19;621379589;4655;391;5735;5753;6.08;0.37;297.20;4.05;1080;21;1965.00;18
4656;19;621379602;4656;383;5736;5754;6.10;0.37;297.25;4.05;1080;21;1966.00;18
4658;19;621379615;4658;376;5736;5754;6.08;0.37;297.41;4.05;1078;21;1967.00;18
4660;19;621379627;4660;371;5746;5767;6.16;0.38;297.50;4.05;1086;21;1968.00;21
4664;19;621379641;4664;361;5746;5767;6.17;0.38;297.57;4.05;1082;21;1969.00;21
4668;19;621379655;4668;360;5746;5767;6.15;0.38;297.62;4.05;1078;21;1970.00;21
4669;19;621379667;4669;358;5747;5768;6.16;0.38;297.61;4.05;1078;21;1971.00;21
4675;19;621379679;4675;356;5747;5768;6.14;0.37;297.85;4.05;1072;21;1972.00;21
4675;19;621379692;4675;350;5752;5772;6.18;0.38;297.85;4.04;1077;21;1973.00;20
4681;20;621379705;4681;339;5753;5772;6.11;0.37;298.03;4.06;1072;22;1974.00;19
4683;20;621379733;4683;331;5756;5776;6.14;0.37;298.07;4.06;1073;22;1975.00;20
4685;20;621379746;4685;322;5757;5776;6.20;0.38;298.20;4.07;1072;22;1976.00;19
4687;20;621379765;4687;318;5757;5776;6.27;0.38;298.24;4.07;1070;22;1977.00;19
4693;20;621379777;4693;308;5757;5776;6.25;0.38;298.43;4.07;1064;22;1978.00;19
4694;20;621379790;4694;299;5757;5776;6.33;0.39;298.46;4.07;1063;22;1979.00;19
4697;20;621379804;4697;299;5780;5810;6.42;0.39;298.38;4.05;1083;22;1980.00;30
4700;20;621379820;4700;290;5781;5810;6.45;0.40;298.51;4.05;1081;22;1981.00;29
4703;20;621379833;4703;289;5782;5810;6.56;0.40;298.42;4.05;1079;22;1982.00;28
4703;20;621379847;4703;282;5782;5810;6.62;0.41;298.42;4.05;1079;22;1983.00;28
4703;20;621379860;4703;283;5783;5810;6.69;0.41;298.42;4.05;1080;22;1984.00;27
4707;20;621379872;4707;278;5783;5810;6.66;0.41;298.42;4.05;1076;22;1985.00;27
4710;20;621379885;4710;283;5784;5811;6.68;0.41;298.41;4.05;1074;22;1986.00;27
4714;20;621379898;4714;290;5784;5811;6.63;0.40;298.71;4.05;1070;22;1987.00;27
4717;20;621379910;4717;286;5788;5817;6.62;0.40;298.62;4.05;1071;22;1988.00;29
4723;20;621379924;4723;287;5789;5818;6.56;0.40;298.77;4.05;1066;22;1989.00;29
4725;20;621379937;4725;285;5790;5818;6.48;0.39;298.74;4.05;1065;22;1990.00;28
4729;20;621379950;4729;295;5791;5818;6.44;0.39;298.87;4.05;1062;22;1991.00;27
4732;20;621379962;4732;303;5794;5822;6.39;0.39;298.97;4.05;1062;22;1992.00;28
4735;20;621379976;4735;307;5794;5822;6.33;0.38;298.87;4.05;1059;22;1993.00;28
4735;20;621379989;4735;312;5795;5822;6.28;0.38;298.87;4.05;1060;22;1994.00;27
4736;20;621380000;4736;316;5797;5823;6.24;0.38;298.87;4.05;1061;22;1995.00;26
4739;20;621380012;4739;332;5802;5827;6.20;0.38;299.00;4.07;1063;22;1996.00;25
4740;20;621380027;4740;334;5802;5827;6.17;0.37;299.03;4.07;1062;22;1997.00;25
4743;20;621380046;4743;329;5804;5830;6.20;0.38;299.06;4.07;1061;22;1998.00;26
4744;20;621380059;4744;341;5806;5830;6.20;0.38;299.06;4.08;1062;22;1999.00;24
4744;20;621380072;4744;338;5807;5830;6.20;0.38;299.06;4.09;1063;22;2000.00;23
4745;20;621380088;4745;341;5807;5830;6.22;0.38;299.11;4.09;1062;22;2001.00;23
4747;20;621380100;4747;346;5813;5834;6.27;0.38;299.16;4.12;1066;22;2002.00;21
4750;20;621380113;4750;346;5813;5834;6.26;0.38;299.21;4.12;1063;22;2003.00;21
4751;20;621380125;4751;353;5814;5834;6.26;0.38;299.19;4.12;1063;22;2004.00;20
4753;20;621380138;4753;357;5815;5834;6.22;0.38;299.19;4.14;1062;22;2005.00;19
4753;20;621380150;4753;360;5816;5835;6.26;0.38;299.19;4.14;1063;22;2006.00;19
4755;20;621380162;4755;363;5817;5836;6.22;0.38;299.21;4.14;1062;22;2007.00;19
4757;20;621380174;4757;371;5819;5836;6.20;0.38;299.22;4.16;1062;22;2008.00;17
4758;20;621380187;4758;374;5820;5837;6.21;0.38;299.24;4.16;1062;22;2009.00;17
4760;20;621380200;4760;380;5821;5837;6.15;0.38;299.23;4.16;1061;22;2010.00;16
4763;20;621380214;4763;384;5823;5837;6.10;0.37;299.32;4.19;1060;22;2011.00;14
4766;20;621380225;4766;384;5823;5837;6.00;0.37;299.27;4.19;1057;22;2012.00;14
4770;20;621380237;4770;394;5824;5837;5.86;0.36;299.28;4.21;1054;22;2013.00;13
4775;20;621380249;4775;393;5824;5837;5.72;0.35;299.22;4.21;1049;22;2014.00;13
4775;20;621380261;4775;401;5826;5837;5.65;0.34;299.22;4.23;1051;22;2015.00;11
4779;20;621380273;4779;420;5892;5964;5.86;0.36;299.20;4.18;1113;22;2016.00;72
4781;20;621380294;4781;423;5898;5965;5.75;0.36;299.22;4.20;1117;22;2017.00;67
4784;20;621380308;4784;418;5908;5965;5.76;0.36;299.15;4.20;1124;22;2018.00;57
4786;20;621380319;4786;415;5913;5965;5.72;0.35;299.15;4.21;1127;22;2019.00;52
4788;20;621380330;4788;407;5919;5965;5.70;0.35;299.13;4.21;1131;22;2020.00;46
4789;20;621380341;4789;404;5922;5965;5.70;0.35;299.19;4.21;1133;22;2021.00;43
4789;20;621380353;4789;404;5927;5965;5.67;0.35;299.19;4.23;1138;22;2022.00;38
4789;20;621380364;4789;406;5931;5965;5.73;0.35;299.19;4.23;1142;22;2023.00;34
4794;20;621380375;4794;403;5933;5966;5.67;0.35;299.23;4.24;1139;22;2024.00;33
4797;20;621380386;4797;411;5935;5968;5.69;0.35;299.17;4.24;1138;22;2025.00;33
4798;20;621380398;4798;410;5938;5968;5.73;0.35;299.16;4.25;1140;22;2026.00;30
4800;20;621380409;4800;414;5941;5969;5.67;0.35;299.07;4.26;1141;22;2027.00;28
4801;20;621380421;4801;416;5943;5969;5.62;0.35;299.01;4.26;1142;22;2028.00;26
4803;20;621380433;4803;419;5946;5969;5.55;0.34;298.95;4.27;1143;22;2029.00;23
4806;20;621380444;4806;426;5951;5969;5.45;0.34;298.93;4.27;1145;22;2030.00;18
4810;20;621380455;4810;433;5956;5973;5.37;0.33;298.85;4.28;1146;22;2031.00;17
4813;20;621380467;4813;439;5957;5973;5.25;0.32;298.82;4.28;1144;22;2032.00;16
4814;20;621380478;4814;449;5961;5973;5.12;0.32;298.78;4.28;1147;22;2033.00;12
4815;20;621380489;4815;454;5963;5976;5.03;0.31;298.76;4.29;1148;22;2034.00;13
4817;20;621380500;4817;463;5964;5976;4.96;0.31;298.76;4.29;1147;22;2035.00;12
4819;20;621380510;4819;475;5967;5976;4.84;0.30;298.74;4.30;1148;22;2036.00;9
4822;20;621380521;4822;482;5971;5980;4.75;0.29;298.73;4.30;1149;22;2037.00;9
4824;20;621380532;4824;486;5972;5981;4.67;0.29;298.74;4.30;1148;22;2038.00;9
4828;20;621380542;4828;499;5976;5981;4.54;0.28;298.65;4.31;1148;22;2039.00;5
4829;20;621380555;4829;482;5980;5986;4.52;0.28;298.60;4.31;1151;22;2040.00;6
4833;20;621380566;4833;483;5980;5986;4.50;0.28;298.55;4.31;1147;22;2041.00;6
4837;20;621380576;4837;483;5984;5986;4.45;0.27;298.59;4.31;1147;22;2042.00;2
4839;20;621380587;4839;469;5985;5987;4.45;0.27;298.75;4.31;1146;22;2043.00;2
4843;20;621380598;4843;453;5987;5987;4.45;0.27;298.68;4.31;1144;22;2044.00;0
4844;20;621380609;4844;443;5992;5993;4.53;0.28;298.62;4.31;1148;22;2045.00;1
4848;20;621380621;4848;443;5992;5993;4.53;0.28;298.62;4.31;1144;22;2046.00;1
4850;20;621380633;4850;434;5992;5994;4.56;0.28;298.69;4.31;1142;22;2047.00;2
4853;20;621380645;4853;435;5992;5994;4.64;0.28;298.59;4.31;1139;22;2048.00;2
4857;20;621380656;4857;435;5992;5994;4.70;0.29;298.65;4.31;1135;22;2049.00;2
4858;20;621380668;4858;426;5992;5994;4.75;0.29;298.64;4.31;1134;22;2050.00;2
4861;20;621380679;4861;421;5992;5994;4.71;0.29;298.57;4.31;1131;22;2051.00;2
4864;20;621380697;4864;416;6003;6006;4.74;0.29;298.46;4.30;1139;22;2052.00;3
4868;20;621380710;4868;414;6003;6006;4.72;0.29;298.34;4.30;1135;22;2053.00;3
4869;20;621380722;4869;414;6003;6006;4.80;0.29;298.37;4.30;1134;22;2054.00;3
4872;20;621380733;4872;418;6003;6006;4.85;0.29;298.32;4.30;1131;22;2055.00;3
4874;20;621380750;4874;417;6003;6006;4.88;0.30;298.34;4.30;1129;22;2056.00;3
4876;20;621380769;4876;416;6003;6006;4.93;0.30;298.30;4.30;1127;22;2057.00;3
4878;20;621380781;4878;410;6006;6010;5.01;0.30;298.24;4.30;1128;22;2058.00;4
4880;20;621380793;4880;404;6006;6010;5.06;0.31;298.30;4.30;1126;22;2059.00;4
4881;20;621380805;4881;398;6010;6014;5.15;0.31;298.33;4.30;1129;22;2060.00;4
4884;20;621380818;4884;402;6011;6015;5.19;0.32;298.32;4.30;1127;22;2061.00;4
4886;20;621380831;4886;402;6011;6015;5.27;0.32;298.32;4.30;1125;22;2062.00;4
4887;20;621380843;4887;397;6011;6015;5.31;0.32;298.29;4.30;1124;22;2063.00;4
4891;20;621380855;4891;396;6022;6028;5.37;0.33;298.33;4.29;1131;22;2064.00;6
4894;20;621380868;4894;402;6022;6028;5.43;0.33;298.33;4.29;1128;22;2065.00;6
4900;20;621380881;4900;410;6022;6028;5.48;0.33;298.49;4.29;1122;22;2066.00;6
4903;20;621380893;4903;408;6023;6029;5.52;0.33;298.45;4.29;1120;22;2067.00;6
4906;20;621380906;4906;410;6023;6030;5.57;0.34;298.51;4.29;1117;22;2068.00;7
4908;20;621380918;4908;400;6023;6030;5.64;0.34;298.54;4.29;1115;22;2069.00;7
4911;20;621380934;4911;397;6028;6036;5.70;0.35;298.71;4.28;1117;22;2070.00;8
4914;20;621380947;4914;391;6028;6036;5.72;0.35;298.88;4.28;1114;22;2071.00;8
4919;20;621380960;4919;398;6029;6036;5.70;0.35;298.87;4.28;1110;22;2072.00;7
4923;20;621380973;4923;403;6029;6036;5.66;0.34;298.98;4.28;1106;22;2073.00;7
4926;20;621380986;4926;404;6034;6042;5.68;0.35;299.07;4.28;1108;22;2074.00;8
4931;20;621380999;4931;404;6034;6042;5.69;0.35;299.05;4.28;1103;22;2075.00;8
4934;20;621381011;4934;404;6034;6042;5.73;0.35;299.09;4.28;1100;22;2076.00;8
4936;20;621381024;4936;408;6034;6042;5.79;0.35;299.17;4.28;1098;22;2077.00;8
4939;20;621381040;4939;409;6037;6046;5.88;0.36;299.21;4.28;1098;22;2078.00;9
4942;20;621381058;4942;410;6038;6047;5.92;0.36;299.35;4.28;1096;22;2079.00;9
4946;20;621381072;4946;410;6038;6047;5.93;0.36;299.33;4.28;1092;22;2080.00;9
4949;20;621381091;4949;408;6039;6048;5.93;0.36;299.31;4.28;1090;22;2081.00;9
4955;20;621381104;4955;414;6039;6048;5.85;0.36;299.37;4.28;1084;22;2082.00;9
4958;20;621381117;4958;417;6039;6048;5.79;0.35;299.37;4.28;1081;22;2083.00;9
4960;20;621381129;4960;420;6039;6048;5.76;0.35;299.52;4.28;1079;22;2084.00;9
4964;20;621381147;4964;420;6039;6048;5.68;0.34;299.60;4.28;1075;22;2085.00;9
4968;20;621381160;4968;423;6039;6048;5.61;0.34;299.78;4.28;1071;22;2086.00;9
4972;20;621381171;4972;414;6039;6048;5.61;0.34;299.78;4.28;1067;22;2087.00;9
4976;20;621381184;4976;422;6081;6118;5.69;0.35;300.00;4.25;1105;22;2088.00;37
4979;20;621381203;4979;417;6082;6119;5.74;0.35;300.08;4.25;1103;22;2089.00;37
4985;20;621381215;4985;415;6087;6119;5.82;0.35;300.21;4.25;1102;22;2090.00;32
4989;20;621381228;4989;416;6089;6119;5.85;0.36;300.43;4.25;1100;22;2091.00;30
4993;20;621381241;4993;417;6092;6119;5.86;0.36;300.61;4.25;1099;22;2092.00;27
4996;20;621381253;4996;420;6095;6119;5.86;0.36;300.71;4.25;1099;22;2093.00;24
5000;20;621381267;5000;418;6097;6119;5.82;0.35;300.93;4.25;1097;22;2094.00;22
5003;20;621381280;5003;425;6099;6119;5.81;0.35;301.20;4.25;1096;22;2095.00;20
5006;20;621381292;5006;418;6101;6120;5.83;0.35;301.25;4.25;1095;22;2096.00;19
5009;20;621381306;5009;412;6103;6121;5.85;0.35;301.56;4.25;1094;22;2097.00;18
5011;20;621381327;5011;405;6105;6121;5.85;0.35;301.56;4.25;1094;22;2098.00;16
5015;20;621381348;5015;410;6109;6125;5.80;0.35;301.85;4.25;1094;22;2099.00;16
5018;20;621381376;5018;414;6114;6140;5.77;0.35;302.04;4.25;1096;22;2100.00;26
5019;20;621381407;5019;421;6115;6140;5.80;0.35;302.10;4.25;1096;22;2101.00;25
5021;20;621381426;5021;423;6115;6140;5.80;0.35;302.15;4.25;1094;22;2102.00;25
5025;20;621381441;5025;429;6119;6146;5.77;0.35;302.28;4.25;1094;22;2103.00;27
5027;20;621381457;5027;433;6119;6146;5.78;0.35;302.33;4.25;1092;22;2104.00;27
5029;20;621381471;5029;444;6120;6146;5.72;0.35;302.48;4.25;1091;22;2105.00;26
5032;20;621381485;5032;449;6123;6149;5.73;0.35;302.60;4.25;1091;22;2106.00;26
5032;20;621381500;5032;442;6124;6149;5.74;0.35;302.60;4.25;1092;22;2107.00;25
5036;20;621381514;5036;438;6124;6149;5.68;0.34;302.78;4.25;1088;22;2108.00;25
5036;20;621381527;5036;432;6124;6150;5.72;0.35;302.78;4.25;1088;22;2109.00;26
5039;20;621381541;5039;427;6125;6151;5.71;0.35;302.85;4.25;1086;22;2110.00;26
5040;20;621381554;5040;429;6127;6151;5.73;0.35;302.87;4.25;1087;22;2111.00;24
5044;20;621381568;5044;424;6136;6164;5.74;0.35;303.14;4.24;1092;22;2112.00;28
5047;20;621381582;5047;425;6136;6164;5.73;0.35;303.37;4.24;1089;22;2113.00;28
5048;20;621381595;5048;421;6137;6164;5.76;0.35;303.37;4.24;1089;22;2114.00;27
5053;20;621381608;5053;420;6139;6166;5.76;0.35;303.50;4.24;1086;22;2115.00;27
5057;20;621381621;5057;425;6140;6166;5.74;0.35;303.57;4.24;1083;22;2116.00;26
5059;20;621381634;5059;430;6144;6170;5.79;0.35;303.59;4.24;1085;22;2117.00;26
5065;20;621381647;5065;426;6144;6170;5.81;0.35;303.64;4.24;1079;22;2118.00;26
5069;20;621381660;5069;428;6147;6174;5.82;0.36;303.62;4.24;1078;22;2119.00;27
5070;20;621381674;5070;423;6147;6174;5.85;0.36;303.65;4.24;1077;22;2120.00;27
5072;20;621381693;5072;419;6147;6174;5.87;0.36;303.72;4.24;1075;22;2121.00;27
5072;20;621381705;5072;418;6148;6174;5.93;0.36;303.72;4.24;1076;22;2122.00;26
5074;20;621381718;5074;417;6149;6174;5.92;0.36;303.90;4.25;1075;22;2123.00;25
5077;20;621381730;5077;423;6158;6186;5.91;0.36;303.92;4.24;1081;22;2124.00;28
5079;20;621381744;5079;426;6158;6186;5.86;0.36;303.94;4.24;1079;22;2125.00;28
5081;20;621381756;5081;429;6161;6186;5.87;0.36;303.88;4.24;1080;22;2126.00;25
5083;20;621381769;5083;429;6163;6186;5.82;0.35;303.98;4.25;1080;22;2127.00;23
5084;20;621381782;5084;422;6163;6186;5.80;0.35;304.00;4.25;1079;22;2128.00;23
5085;20;621381795;5085;425;6164;6186;5.79;0.35;303.97;4.25;1079;22;2129.00;22
5085;20;621381808;5085;416;6164;6187;5.78;0.35;303.97;4.25;1079;22;2130.00;23
5086;20;621381823;5086;410;6164;6187;5.76;0.35;304.00;4.25;1078;22;2131.00;23
5086;20;621381836;5086;406;6169;6193;5.80;0.35;304.00;4.25;1083;22;2132.00;24
5086;20;621381849;5086;392;6170;6194;5.84;0.35;304.00;4.25;1084;22;2133.00;24
5088;20;621381868;5088;387;6170;6194;5.83;0.35;304.04;4.25;1082;22;2134.00;24
5090;20;621381881;5090;382;6170;6194;5.75;0.35;304.08;4.25;1080;22;2135.00;24
5094;20;621381894;5094;384;6173;6198;5.66;0.34;304.22;4.24;1079;22;2136.00;25
5095;20;621381906;5095;378;6173;6198;5.68;0.34;304.21;4.24;1078;22;2137.00;25
5097;20;621381918;5097;384;6173;6198;5.65;0.34;304.19;4.24;1076;22;2138.00;25
5099;20;621381931;5099;381;6174;6199;5.72;0.35;304.22;4.24;1075;22;2139.00;25
5101;20;621381943;5101;376;6177;6203;5.70;0.34;304.22;4.24;1076;22;2140.00;26
5104;20;621381955;5104;371;6177;6203;5.64;0.34;304.25;4.24;1073;22;2141.00;26
5106;20;621381967;5106;369;6179;6206;5.68;0.34;304.27;4.24;1073;22;2142.00;27
5109;20;621381980;5109;361;6180;6206;5.65;0.34;304.39;4.24;1071;22;2143.00;26
5112;20;621381992;5112;368;6180;6206;5.66;0.34;304.39;4.24;1068;22;2144.00;26
5115;20;621382005;5115;361;6182;6206;5.67;0.34;304.37;4.27;1067;22;2145.00;24
5119;20;621382018;5119;359;6186;6210;5.69;0.34;304.30;4.27;1067;22;2146.00;24
5122;20;621382030;5122;355;6186;6210;5.63;0.34;304.28;4.27;1064;22;2147.00;24
5124;20;621382043;5124;360;6186;6210;5.66;0.34;304.34;4.27;1062;22;2148.00;24
5126;20;621382057;5126;358;6186;6210;5.62;0.34;304.32;4.27;1060;22;2149.00;24
5130;20;621382075;5130;363;6186;6211;5.60;0.34;304.43;4.27;1056;22;2150.00;25
5134;20;621382087;5134;358;6187;6212;5.61;0.34;304.38;4.27;1053;22;2151.00;25
5136;20;621382099;5136;361;6187;6212;5.66;0.34;304.63;4.27;1051;22;2152.00;25
5139;20;621382110;5139;357;6188;6213;5.68;0.35;304.58;4.27;1049;22;2153.00;25
5141;20;621382122;5141;351;6188;6213;5.65;0.34;304.67;4.27;1047;22;2154.00;25
5141;20;621382134;5141;348;6188;6213;5.65;0.34;304.67;4.27;1047;22;2155.00;25
5144;20;621382145;5144;343;6188;6213;5.65;0.34;304.61;4.27;1044;22;2156.00;25
5146;20;621382157;5146;342;6188;6213;5.68;0.35;304.66;4.27;1042;22;2157.00;25
5148;20;621382168;5148;339;6188;6213;5.66;0.35;304.66;4.27;1040;22;2158.00;25
5151;20;621382180;5151;335;6188;6213;5.66;0.34;304.69;4.27;1037;22;2159.00;25
5152;20;621382193;5152;373;6290;6443;5.94;0.37;304.72;4.20;1138;22;2160.00;153
5153;20;621382224;5153;366;6292;6444;5.94;0.37;304.79;4.20;1139;22;2161.00;152
5157;20;621382236;5157;358;6303;6444;6.06;0.38;304.76;4.19;1146;22;2162.00;141
5160;20;621382248;5160;358;6309;6444;6.05;0.38;304.77;4.19;1149;22;2163.00;135
5160;20;621382261;5160;355;6319;6444;6.10;0.38;304.77;4.19;1159;22;2164.00;125
5163;20;621382273;5163;353;6326;6444;6.06;0.38;304.97;4.19;1163;22;2165.00;118
5166;20;621382297;5166;348;6334;6444;6.04;0.38;304.89;4.20;1168;22;2166.00;110
5167;20;621382317;5167;350;6340;6444;6.07;0.38;304.92;4.20;1173;22;2167.00;104
5169;20;621382330;5169;357;6347;6445;6.08;0.38;304.85;4.20;1178;22;2168.00;98
5172;20;621382344;5172;360;6353;6446;6.08;0.38;304.98;4.21;1181;22;2169.00;93
5177;20;621382357;5177;361;6361;6446;5.98;0.37;304.94;4.25;1184;22;2170.00;85
5178;20;621382369;5178;366;6363;6447;5.95;0.37;304.90;4.25;1185;22;2171.00;84
5180;20;621382382;5180;368;6369;6447;5.91;0.37;304.85;4.28;1189;22;2172.00;78
5181;20;621382395;5181;382;6370;6447;5.84;0.36;304.80;4.28;1189;22;2173.00;77
5185;20;621382407;5185;378;6374;6447;5.73;0.36;304.72;4.29;1189;22;2174.00;73
5188;20;621382419;5188;380;6380;6451;5.60;0.35;304.71;4.31;1192;22;2175.00;71
5189;20;621382432;5189;390;6381;6451;5.53;0.34;304.74;4.31;1192;22;2176.00;70
5190;20;621382449;5190;388;6384;6451;5.41;0.33;304.74;4.33;1194;22;2177.00;67
5190;20;621382461;5190;404;6387;6454;5.31;0.33;304.74;4.35;1197;22;2178.00;67
5192;20;621382474;5192;411;6390;6454;5.21;0.32;304.74;4.35;1198;22;2179.00;64
5195;20;621382486;5195;414;6394;6454;5.17;0.32;304.65;4.38;1199;22;2180.00;60
5197;20;621382499;5197;422;6399;6458;5.12;0.32;304.59;4.38;1202;22;2181.00;59
5198;20;621382516;5198;422;6404;6459;5.06;0.31;304.58;4.42;1206;22;2182.00;55
5202;20;621382528;5202;435;6406;6459;5.04;0.31;304.46;4.42;1204;22;2183.00;53
5206;20;621382540;5206;433;6410;6463;5.02;0.31;304.35;4.43;1204;22;2184.00;53
5208;20;621382553;5208;442;6415;6463;5.03;0.31;304.41;4.48;1207;22;2185.00;48
5208;20;621382565;5208;445;6419;6463;5.03;0.31;304.41;4.50;1211;22;2186.00;44
5211;20;621382577;5211;444;6424;6464;5.00;0.31;304.33;4.51;1213;22;2187.00;40
5212;20;621382589;5212;457;6424;6464;4.93;0.30;304.29;4.51;1212;22;2188.00;40
5213;20;621382601;5213;462;6431;6470;4.90;0.30;304.28;4.53;1218;22;2189.00;39
5215;20;621382615;5215;469;6436;6470;4.83;0.30;304.30;4.55;1221;22;2190.00;34
5218;20;621382627;5218;472;6439;6471;4.80;0.30;304.26;4.56;1221;22;2191.00;32
5218;20;621382639;5218;473;6439;6471;4.81;0.30;304.26;4.56;1221;22;2192.00;32
5218;20;621382651;5218;484;6441;6471;4.78;0.29;304.26;4.57;1223;22;2193.00;30
5223;20;621382663;5223;484;6443;6471;4.73;0.29;304.14;4.58;1220;22;2194.00;28
5225;20;621382674;5225;480;6444;6471;4.75;0.29;304.20;4.58;1219;22;2195.00;27
5227;20;621382686;5227;472;6456;6483;4.80;0.30;304.20;4.59;1229;22;2196.00;27
5228;20;621382699;5228;471;6456;6483;4.83;0.30;304.15;4.59;1228;22;2197.00;27
5230;20;621382711;5230;466;6458;6483;4.89;0.30;304.23;4.60;1228;22;2198.00;25
5232;20;621382724;5232;463;6458;6483;4.90;0.30;304.22;4.60;1226;22;2199.00;25
5234;20;621382736;5234;467;6459;6483;4.93;0.30;304.27;4.61;1225;22;2200.00;24
5238;20;621382752;5238;465;6460;6483;4.91;0.30;304.16;4.62;1222;22;2201.00;23
5240;20;621382774;5240;468;6463;6487;4.92;0.30;304.21;4.62;1223;22;2202.00;24
5241;20;621382786;5241;468;6463;6487;4.87;0.30;304.16;4.62;1222;22;2203.00;24
5243;20;621382798;5243;483;6468;6491;4.86;0.30;304.09;4.62;1225;22;2204.00;23
5244;20;621382810;5244;485;6470;6493;4.83;0.30;304.04;4.62;1226;22;2205.00;23
5244;20;621382823;5244;488;6470;6493;4.82;0.30;304.04;4.62;1226;22;2206.00;23
5247;20;621382834;5247;487;6471;6493;4.75;0.29;304.00;4.63;1224;22;2207.00;22
5249;20;621382846;5249;495;6482;6506;4.70;0.29;304.00;4.62;1233;22;2208.00;24
5252;20;621382859;5252;497;6482;6506;4.64;0.29;303.88;4.62;1230;22;2209.00;24
5255;20;621382870;5255;494;6484;6508;4.61;0.28;303.81;4.62;1229;22;2210.00;24
5258;20;621382882;5258;481;6485;6509;4.60;0.28;303.85;4.62;1227;22;2211.00;24
5259;20;621382894;5259;472;6485;6510;4.63;0.28;303.87;4.62;1226;22;2212.00;25
5261;20;621382906;5261;464;6485;6510;4.69;0.29;303.94;4.62;1224;22;2213.00;25
5267;20;621382918;5267;451;6488;6513;4.68;0.29;303.80;4.62;1221;22;2214.00;25
5272;20;621382931;5272;442;6488;6513;4.73;0.29;303.78;4.62;1216;22;2215.00;25
5275;20;621382943;5275;440;6488;6513;4.80;0.29;304.01;4.62;1213;22;2216.00;25
5275;20;621382955;5275;422;6488;6513;4.85;0.30;304.01;4.62;1213;22;2217.00;25
5278;20;621382968;5278;415;6492;6519;4.91;0.30;304.14;4.62;1214;22;2218.00;27
5283;20;621382981;5283;415;6492;6519;4.91;0.30;304.23;4.62;1209;22;2219.00;27
5286;20;621382995;5286;402;6492;6519;4.91;0.30;304.20;4.62;1206;22;2220.00;27
5289;20;621383007;5289;394;6492;6519;4.92;0.30;304.31;4.62;1203;22;2221.00;27
5295;20;621383020;5295;389;6495;6523;4.92;0.30;304.51;4.62;1200;22;2222.00;28
5301;20;621383033;5301;384;6496;6524;4.89;0.30;304.58;4.62;1195;22;2223.00;28
5303;20;621383046;5303;385;6496;6524;4.93;0.30;304.67;4.62;1193;22;2224.00;28
5307;20;621383058;5307;388;6497;6525;5.05;0.31;304.79;4.62;1190;22;2225.00;28
5311;20;621383071;5311;387;6497;6525;5.13;0.31;304.81;4.62;1186;22;2226.00;28
5316;20;621383084;5316;380;6497;6525;5.17;0.32;304.99;4.62;1181;22;2227.00;28
5322;20;621383097;5322;380;6497;6525;5.22;0.32;305.07;4.62;1175;22;2228.00;28
5324;20;621383109;5324;377;6497;6525;5.26;0.32;305.14;4.62;1173;22;2229.00;28
5328;20;621383122;5328;384;6497;6525;5.29;0.32;305.20;4.62;1169;22;2230.00;28
5331;20;621383135;5331;381;6497;6525;5.34;0.33;305.18;4.62;1166;22;2231.00;28
5335;20;621383149;5335;386;6540;6595;5.45;0.33;305.26;4.59;1205;22;2232.00;55
5338;20;621383167;5338;376;6542;6596;5.52;0.34;305.39;4.58;1204;22;2233.00;54
5342;20;621383182;5342;386;6545;6596;5.59;0.34;305.50;4.58;1203;22;2234.00;51
5344;20;621383195;5344;382;6546;6596;5.68;0.35;305.48;4.58;1202;22;2235.00;50
5348;20;621383209;5348;380;6547;6596;5.68;0.35;305.56;4.59;1199;22;2236.00;49
5353;20;621383223;5353;372;6548;6596;5.68;0.35;305.56;4.59;1195;22;2237.00;48
5356;20;621383236;5356;372;6548;6596;5.70;0.35;305.71;4.59;1192;22;2238.00;48
5361;20;621383250;5361;377;6548;6596;5.65;0.34;305.75;4.59;1187;22;2239.00;48
5366;20;621383265;5366;377;6549;6597;5.61;0.34;306.01;4.59;1183;22;2240.00;48
5367;20;621383279;5367;383;6551;6598;5.58;0.34;306.02;4.59;1184;22;2241.00;47
5373;20;621383293;5373;384;6552;6598;5.53;0.34;306.18;4.59;1179;22;2242.00;46
5377;20;621383311;5377;391;6556;6602;5.51;0.34;306.27;4.59;1179;22;2243.00;46
5378;20;621383339;5378;384;6557;6602;5.56;0.34;306.40;4.59;1179;22;2244.00;45
5384;20;621383361;5384;390;6557;6602;5.60;0.34;306.50;4.59;1173;22;2245.00;45
5386;20;621383385;5386;393;6558;6602;5.64;0.34;306.50;4.59;1172;22;2246.00;44
5387;20;621383405;5387;397;6562;6608;5.72;0.35;306.47;4.59;1175;22;2247.00;46
5389;20;621383427;5389;394;6563;6608;5.80;0.35;306.49;4.59;1174;22;2248.00;45
5391;20;621383444;5391;393;6565;6608;5.84;0.36;306.45;4.60;1174;22;2249.00;43
5396;20;621383460;5396;389;6569;6614;5.83;0.36;306.52;4.60;1173;22;2250.00;45
5398;20;621383477;5398;385;6570;6614;5.78;0.35;306.46;4.60;1172;22;2251.00;44
5402;20;621383492;5402;385;6572;6614;5.73;0.35;306.63;4.60;1170;22;2252.00;42
5406;20;621383506;5406;396;6573;6615;5.68;0.35;306.69;4.60;1167;22;2253.00;42
5409;20;621383523;5409;409;6573;6616;5.67;0.35;307.00;4.60;1164;22;2254.00;43
5411;20;621383537;5411;404;6574;6616;5.68;0.35;307.09;4.60;1163;22;2255.00;42
5415;20;621383552;5415;408;6583;6629;5.64;0.34;307.30;4.60;1168;22;2256.00;46
5422;20;621383568;5422;399;6583;6629;5.62;0.34;307.55;4.60;1161;22;2257.00;46
5424;20;621383583;5424;398;6584;6629;5.60;0.34;307.65;4.60;1160;22;2258.00;45
5429;20;621383598;5429;403;6585;6630;5.56;0.34;307.64;4.60;1156;22;2259.00;45
5430;20;621383613;5430;399;6587;6630;5.59;0.34;307.66;4.60;1157;22;2260.00;43
5431;20;621383627;5431;402;6589;6634;5.63;0.34;307.67;4.60;1158;22;2261.00;45
5436;20;621383642;5436;410;6590;6634;5.61;0.34;307.74;4.60;1154;22;2262.00;44
5438;20;621383657;5438;406;6593;6638;5.66;0.34;307.84;4.60;1155;22;2263.00;45
5441;20;621383671;5441;405;6596;6638;5.64;0.34;307.85;4.61;1155;22;2264.00;42
5443;20;621383685;5443;408;6596;6638;5.66;0.34;307.95;4.61;1153;22;2265.00;42
5444;20;621383699;5444;406;6596;6638;5.71;0.35;307.96;4.61;1152;22;2266.00;42
5445;20;621383714;5445;399;6598;6638;5.74;0.35;307.97;4.61;1153;22;2267.00;40
5448;20;621383728;5448;398;6605;6650;5.79;0.35;308.10;4.60;1157;22;2268.00;45
5451;20;621383743;5451;401;6606;6650;5.87;0.36;308.13;4.60;1155;22;2269.00;44
5452;20;621383757;5452;405;6609;6650;5.92;0.36;308.20;4.60;1157;22;2270.00;41
5458;20;621383772;5458;407;6610;6650;5.90;0.36;308.34;4.60;1152;22;2271.00;40
5460;20;621383786;5460;411;6610;6650;5.91;0.36;308.54;4.60;1150;22;2272.00;40
5461;20;621383807;5461;419;6611;6650;6.00;0.36;308.50;4.60;1150;22;2273.00;39
5464;20;621383821;5464;422;6611;6651;6.04;0.37;308.57;4.60;1147;22;2274.00;40
5465;20;621383837;5465;422;6611;6651;6.04;0.37;308.69;4.60;1146;22;2275.00;40
5467;20;621383852;5467;427;6616;6657;6.04;0.37;308.77;4.60;1149;22;2276.00;41
5471;20;621383867;5471;413;6617;6658;5.99;0.36;308.74;4.62;1146;22;2277.00;41
5472;20;621383881;5472;403;6618;6658;6.01;0.36;308.71;4.62;1146;22;2278.00;40
5475;20;621383895;5475;399;6618;6658;6.01;0.36;308.97;4.62;1143;22;2279.00;40
5477;20;621383911;5477;393;6622;6663;5.97;0.36;309.04;4.61;1145;22;2280.00;41
5478;20;621383927;5478;393;6622;6663;5.96;0.36;309.05;4.61;1144;22;2281.00;41
5482;20;621383941;5482;394;6622;6663;5.93;0.36;309.06;4.61;1140;22;2282.00;41
5486;20;621383955;5486;392;6623;6664;5.90;0.36;309.03;4.61;1137;22;2283.00;41
5487;20;621383970;5487;392;6626;6668;5.86;0.35;309.03;4.61;1139;22;2284.00;42
5491;20;621383984;5491;394;6626;6668;5.82;0.35;309.21;4.61;1135;22;2285.00;42
5494;20;621383998;5494;392;6628;6671;5.82;0.35;309.25;4.61;1134;22;2286.00;43
5496;20;621384011;5496;392;6629;6671;5.81;0.35;309.25;4.61;1133;22;2287.00;42
5498;20;621384024;5498;381;6629;6671;5.80;0.35;309.34;4.61;1131;22;2288.00;42
5501;20;621384038;5501;386;6629;6671;5.79;0.35;309.44;4.61;1128;22;2289.00;42
5503;20;621384051;5503;390;6633;6675;5.78;0.35;309.44;4.61;1130;22;2290.00;42
5504;20;621384065;5504;384;6633;6675;5.73;0.35;309.45;4.61;1129;22;2291.00;42
5506;20;621384083;5506;382;6633;6675;5.72;0.35;309.43;4.61;1127;22;2292.00;42
5508;20;621384103;5508;380;6633;6675;5.69;0.34;309.45;4.61;1125;22;2293.00;42
5509;20;621384116;5509;381;6634;6676;5.63;0.34;309.56;4.63;1125;22;2294.00;42
5513;20;621384129;5513;387;6636;6678;5.55;0.34;309.65;4.63;1123;22;2295.00;42
5515;20;621384143;5515;397;6636;6678;5.46;0.33;309.74;4.63;1121;22;2296.00;42
5516;20;621384155;5516;403;6637;6679;5.41;0.33;309.75;4.63;1121;22;2297.00;42
5518;20;621384168;5518;408;6637;6679;5.33;0.32;309.77;4.63;1119;22;2298.00;42
5521;20;621384181;5521;412;6637;6679;5.28;0.32;309.83;4.63;1116;22;2299.00;42
5522;20;621384194;5522;404;6637;6679;5.30;0.32;309.80;4.63;1115;22;2300.00;42
5524;20;621384210;5524;405;6637;6679;5.25;0.32;309.83;4.63;1113;22;2301.00;42
5527;20;621384223;5527;405;6637;6679;5.20;0.31;309.92;4.63;1110;22;2302.00;42
5530;20;621384236;5530;402;6637;6679;5.14;0.31;309.96;4.63;1107;22;2303.00;42
5530;20;621384249;5530;437;6708;6806;5.25;0.32;309.96;4.58;1178;22;2304.00;98
5531;20;621384272;5531;418;6709;6807;5.27;0.32;309.97;4.58;1178;22;2305.00;98
5533;20;621384285;5533;405;6716;6807;5.36;0.33;309.95;4.57;1183;22;2306.00;91
5536;20;621384298;5536;400;6720;6807;5.38;0.33;309.92;4.59;1184;22;2307.00;87
5537;20;621384312;5537;397;6725;6807;5.42;0.33;309.95;4.59;1188;22;2308.00;82
5538;20;621384326;5538;394;6727;6807;5.44;0.33;309.99;4.59;1189;22;2309.00;80
5539;20;621384341;5539;396;6731;6807;5.42;0.33;310.02;4.60;1192;22;2310.00;76
5541;20;621384355;5541;400;6733;6807;5.40;0.33;310.04;4.60;1192;22;2311.00;74
5542;20;621384367;5542;400;6735;6808;5.38;0.33;310.00;4.60;1193;22;2312.00;73
5543;20;621384380;5543;394;6739;6809;5.36;0.33;310.04;4.60;1196;22;2313.00;70
5546;20;621384392;5546;399;6741;6809;5.29;0.32;310.13;4.60;1195;22;2314.00;68
5548;20;621384405;5548;405;6745;6810;5.27;0.32;310.16;4.63;1197;22;2315.00;65
5550;20;621384424;5550;401;6749;6810;5.24;0.32;310.15;4.66;1199;22;2316.00;61
5553;20;621384437;5553;407;6751;6810;5.20;0.32;310.10;4.66;1198;22;2317.00;59
5554;20;621384449;5554;405;6753;6810;5.19;0.32;310.14;4.66;1199;22;2318.00;57
5555;20;621384461;5555;400;6759;6814;5.19;0.32;310.13;4.66;1204;22;2319.00;55
5557;20;621384474;5557;406;6760;6814;5.15;0.32;310.12;4.66;1203;22;2320.00;54
5558;20;621384487;5558;418;6760;6814;5.09;0.31;310.08;4.66;1202;22;2321.00;54
5561;20;621384499;5561;421;6763;6817;5.05;0.31;310.01;4.66;1202;22;2322.00;54
5565;20;621384511;5565;427;6764;6817;5.03;0.31;309.98;4.67;1199;22;2323.00;53
5567;20;621384524;5567;432;6764;6817;5.03;0.31;309.89;4.67;1197;22;2324.00;53
5570;20;621384536;5570;441;6767;6821;4.98;0.31;309.77;4.66;1197;22;2325.00;54
5572;20;621384549;5572;446;6771;6822;5.01;0.31;309.72;4.67;1199;22;2326.00;51
5573;20;621384561;5573;448;6771;6822;4.99;0.31;309.70;4.67;1198;22;2327.00;51
5575;20;621384574;5575;449;6773;6826;4.95;0.30;309.68;4.67;1198;22;2328.00;53
5577;20;621384586;5577;444;6773;6826;4.93;0.30;309.74;4.67;1196;22;2329.00;53
5579;20;621384598;5579;447;6775;6826;4.89;0.30;309.71;4.68;1196;22;2330.00;51
5580;20;621384610;5580;454;6777;6827;4.88;0.30;309.66;4.71;1197;22;2331.00;50
5580;20;621384629;5580;453;6777;6827;4.90;0.30;309.66;4.71;1197;22;2332.00;50
5581;20;621384641;5581;445;6782;6833;4.94;0.30;309.67;4.70;1201;22;2333.00;51
5585;20;621384654;5585;456;6782;6833;4.93;0.30;309.72;4.70;1197;22;2334.00;51
5589;20;621384666;5589;459;6782;6834;4.92;0.30;309.70;4.70;1193;22;2335.00;52
5590;20;621384679;5590;463;6783;6834;4.91;0.30;309.65;4.72;1193;22;2336.00;51
5593;20;621384691;5593;467;6783;6834;4.87;0.30;309.69;4.72;1190;22;2337.00;51
5593;20;621384703;5593;465;6783;6834;4.88;0.30;309.69;4.72;1190;22;2338.00;51
5598;20;621384715;5598;473;6784;6834;4.81;0.29;309.68;4.73;1186;22;2339.00;50
5600;20;621384729;5600;478;6808;6870;4.95;0.30;309.64;4.71;1208;22;2340.00;62
5602;20;621384746;5602;483;6812;6870;4.94;0.30;309.68;4.74;1210;22;2341.00;58
5602;20;621384759;5602;485;6815;6870;4.95;0.30;309.68;4.75;1213;22;2342.00;55
5602;20;621384771;5602;496;6816;6870;4.93;0.30;309.68;4.77;1214;22;2343.00;54
5603;20;621384783;5603;497;6818;6870;4.93;0.30;309.68;4.78;1215;22;2344.00;52
5604;20;621384796;5604;506;6818;6870;4.89;0.30;309.69;4.78;1214;22;2345.00;52
5605;20;621384808;5605;502;6824;6874;4.86;0.30;309.68;4.81;1219;22;2346.00;50
5605;20;621384821;5605;502;6824;6874;4.83;0.30;309.68;4.81;1219;22;2347.00;50
5606;20;621384834;5606;492;6830;6878;4.89;0.30;309.63;4.83;1224;22;2348.00;48
5607;20;621384847;5607;497;6831;6879;4.92;0.30;309.61;4.83;1224;22;2349.00;48
5608;20;621384860;5608;485;6832;6879;4.91;0.30;309.63;4.83;1224;22;2350.00;47
5610;20;621384872;5610;479;6833;6879;4.90;0.30;309.60;4.86;1223;22;2351.00;46
5612;20;621384885;5612;483;6846;6892;4.93;0.30;309.56;4.91;1234;22;2352.00;46
5613;20;621384898;5613;479;6846;6892;4.90;0.30;309.59;4.91;1233;22;2353.00;46
5614;20;621384916;5614;480;6848;6892;4.92;0.30;309.54;4.93;1234;22;2354.00;44
5614;20;621384929;5614;484;6849;6893;4.93;0.30;309.54;4.93;1235;22;2355.00;44
5615;20;621384941;5615;484;6850;6894;4.93;0.30;309.52;4.96;1235;22;2356.00;44
5616;20;621384959;5616;483;6852;6894;4.89;0.30;309.50;5.00;1236;22;2357.00;42
5618;20;621384971;5618;480;6854;6897;4.90;0.30;309.45;5.00;1236;22;2358.00;43
5619;20;621384984;5619;482;6854;6897;4.91;0.30;309.42;5.00;1235;22;2359.00;43
5623;20;621384996;5623;481;6858;6897;4.88;0.30;309.47;5.07;1235;22;2360.00;39
5625;20;621385008;5625;470;6858;6897;4.84;0.29;309.42;5.07;1233;22;2361.00;39
5626;20;621385020;5626;462;6866;6903;4.93;0.30;309.41;5.12;1240;22;2362.00;37
5627;20;621385033;5627;458;6866;6903;4.95;0.30;309.40;5.12;1239;22;2363.00;37
5628;20;621385045;5628;453;6868;6903;4.97;0.30;309.39;5.16;1240;22;2364.00;35
5630;20;621385057;5630;453;6868;6903;5.02;0.30;309.33;5.16;1238;22;2365.00;35
5631;20;621385070;5631;445;6872;6907;5.02;0.30;309.31;5.16;1241;22;2366.00;35
5631;20;621385083;5631;450;6874;6908;5.09;0.31;309.31;5.18;1243;22;2367.00;34
5636;20;621385095;5636;443;6874;6908;5.08;0.31;309.13;5.18;1238;22;2368.00;34
5636;20;621385108;5636;437;6875;6909;5.09;0.31;309.13;5.17;1239;22;2369.00;34
5636;20;621385122;5636;433;6877;6909;5.09;0.31;309.13;5.21;1241;22;2370.00;32
5638;20;621385133;5638;434;6879;6909;5.08;0.31;309.23;5.24;1241;22;2371.00;30
5641;20;621385146;5641;442;6879;6909;5.03;0.31;309.24;5.24;1238;22;2372.00;30
5643;20;621385157;5643;449;6881;6909;4.97;0.30;309.26;5.27;1238;22;2373.00;28
5648;20;621385169;5648;441;6881;6909;4.93;0.30;309.16;5.27;1233;22;2374.00;28
5650;20;621385182;5650;442;6882;6909;4.89;0.30;309.36;5.28;1232;22;2375.00;27
5652;20;621385194;5652;473;6942;6979;4.90;0.30;309.34;5.25;1290;22;2376.00;37
5655;20;621385211;5655;471;6944;6980;4.85;0.30;309.44;5.25;1289;22;2377.00;36
5657;20;621385224;5657;473;6949;6980;4.82;0.29;309.46;5.27;1292;22;2378.00;31
5660;20;621385241;5660;476;6949;6980;4.78;0.29;309.46;5.27;1289;22;2379.00;31
5664;20;621385254;5664;446;6951;6980;4.74;0.29;309.62;5.29;1287;22;2380.00;29
5667;20;621385273;5667;449;6951;6980;4.69;0.29;309.67;5.29;1284;22;2381.00;29
5668;20;621385286;5668;443;6951;6980;4.69;0.29;309.69;5.29;1283;22;2382.00;29
5673;20;621385298;5673;437;6953;6980;4.66;0.28;309.88;5.31;1280;22;2383.00;27
5675;20;621385313;5675;442;6954;6981;4.66;0.28;309.92;5.31;1279;22;2384.00;27
5678;20;621385333;5678;454;6956;6983;4.63;0.28;309.87;5.31;1278;22;2385.00;27
5680;20;621385354;5680;459;6956;6983;4.66;0.28;309.93;5.31;1276;22;2386.00;27
5683;20;621385375;5683;450;6959;6987;4.72;0.29;309.94;5.30;1276;22;2387.00;28
5684;20;621385397;5684;447;6961;6987;4.77;0.29;309.94;5.31;1277;22;2388.00;26
5688;20;621385418;5688;445;6961;6987;4.80;0.29;310.01;5.31;1273;22;2389.00;26
5693;20;621385438;5693;449;6961;6987;4.82;0.29;309.97;5.31;1268;22;2390.00;26
5697;20;621385453;5697;444;6965;6993;4.85;0.29;310.03;5.30;1268;22;2391.00;28
5699;20;621385469;5699;433;6965;6993;4.83;0.29;310.09;5.30;1266;22;2392.00;28
5704;20;621385483;5704;434;6966;6993;4.79;0.29;310.24;5.30;1262;22;2393.00;27
5708;20;621385499;5708;434;6967;6996;4.81;0.29;310.24;5.30;1259;22;2394.00;29
5712;20;621385514;5712;426;6968;6996;4.87;0.30;310.33;5.30;1256;22;2395.00;28
5716;20;621385528;5716;417;6968;6996;4.91;0.30;310.37;5.30;1252;22;2396.00;28
5721;20;621385542;5721;415;6969;6997;4.94;0.30;310.45;5.30;1248;22;2397.00;28
5725;20;621385556;5725;408;6969;6998;4.95;0.30;310.51;5.30;1244;22;2398.00;29
5730;20;621385570;5730;406;6969;6998;4.95;0.30;310.51;5.30;1239;22;2399.00;29
5735;20;621385587;5735;412;6990;7057;5.04;0.31;310.61;5.28;1255;22;2400.00;67
5737;20;621385612;5737;398;6992;7057;5.07;0.31;310.89;5.28;1255;22;2401.00;65
5743;20;621385626;5743;399;6993;7057;5.13;0.31;310.95;5.28;1250;22;2402.00;64
5749;20;621385639;5749;401;6996;7058;5.17;0.32;311.03;5.28;1247;22;2403.00;62
5751;20;621385654;5751;399;6997;7058;5.17;0.32;311.06;5.28;1246;22;2404.00;61
5755;20;621385675;5755;395;7000;7062;5.19;0.32;311.22;5.28;1245;22;2405.00;62
5760;21;621385694;5760;399;7002;7062;5.18;0.32;311.41;5.28;1242;23;2406.00;60
5765;21;621385717;5765;401;7007;7066;5.24;0.32;311.61;5.28;1242;23;2407.00;59
5769;21;621385731;5769;406;7007;7066;5.29;0.32;311.63;5.28;1238;23;2408.00;59
5773;21;621385746;5773;400;7007;7066;5.30;0.32;311.88;5.28;1234;23;2409.00;59
5777;21;621385765;5777;403;7007;7066;5.33;0.33;312.03;5.28;1230;23;2410.00;59
5782;21;621385780;5782;406;7009;7066;5.33;0.33;312.34;5.28;1227;23;2411.00;57
5786;21;621385795;5786;410;7014;7078;5.33;0.33;312.41;5.28;1228;23;2412.00;64
5788;21;621385812;5788;419;7018;7078;5.35;0.33;312.39;5.28;1230;23;2413.00;60
5793;21;621385826;5793;427;7019;7078;5.32;0.32;312.55;5.28;1226;23;2414.00;59
5797;21;621385840;5797;424;7019;7078;5.33;0.33;312.63;5.28;1222;23;2415.00;59
5801;21;621385856;5801;428;7020;7078;5.34;0.33;312.57;5.28;1219;23;2416.00;58
5806;21;621385871;5806;430;7021;7078;5.35;0.33;312.71;5.28;1215;23;2417.00;57
5809;21;621385886;5809;436;7022;7079;5.39;0.33;312.81;5.29;1213;23;2418.00;57
5813;21;621385901;5813;439;7025;7079;5.44;0.33;312.92;5.29;1212;23;2419.00;54
5816;21;621385916;5816;440;7029;7085;5.45;0.33;313.02;5.29;1213;23;2420.00;56
5818;21;621385930;5818;444;7032;7086;5.45;0.33;313.18;5.29;1214;23;2421.00;54
5823;21;621385945;5823;450;7034;7086;5.42;0.33;313.23;5.29;1211;23;2422.00;52
5827;21;621385959;5827;453;7035;7086;5.38;0.33;313.40;5.29;1208;23;2423.00;51
5832;21;621385974;5832;459;7038;7090;5.31;0.32;313.41;5.33;1206;23;2424.00;52
5837;21;621385988;5837;463;7038;7090;5.26;0.32;313.46;5.33;1201;23;2425.00;52
5840;21;621386002;5840;472;7041;7090;5.20;0.32;313.57;5.33;1201;23;2426.00;49
5844;21;621386016;5844;462;7041;7091;5.15;0.31;313.53;5.33;1197;23;2427.00;50
5846;21;621386030;5846;463;7046;7095;5.14;0.31;313.47;5.37;1200;23;2428.00;49
5847;21;621386044;5847;459;7047;7095;5.14;0.31;313.60;5.37;1200;23;2429.00;48
5850;21;621386059;5850;448;7052;7101;5.15;0.31;313.74;5.37;1202;23;2430.00;49
5852;21;621386073;5852;454;7052;7101;5.15;0.32;313.89;5.37;1200;23;2431.00;49
5856;21;621386088;5856;458;7053;7101;5.14;0.31;314.00;5.37;1197;23;2432.00;48
5859;21;621386102;5859;465;7054;7101;5.16;0.32;314.07;5.41;1195;23;2433.00;47
5860;21;621386117;5860;464;7059;7105;5.20;0.32;314.09;5.41;1199;23;2434.00;46
5866;21;621386131;5866;461;7059;7105;5.20;0.32;314.25;5.41;1193;23;2435.00;46
5870;21;621386145;5870;448;7059;7105;5.19;0.32;314.21;5.41;1189;23;2436.00;46
5873;21;621386159;5873;435;7059;7105;5.25;0.32;314.29;5.41;1186;23;2437.00;46
5873;21;621386173;5873;441;7059;7106;5.29;0.32;314.29;5.41;1186;23;2438.00;47
5879;21;621386187;5879;440;7060;7107;5.32;0.32;314.60;5.41;1181;23;2439.00;47
5882;21;621386202;5882;439;7061;7107;5.30;0.32;314.66;5.41;1179;23;2440.00;46
5885;21;621386216;5885;433;7062;7108;5.29;0.32;314.75;5.41;1177;23;2441.00;46
5889;21;621386231;5889;440;7062;7108;5.32;0.32;314.93;5.41;1173;23;2442.00;46
5889;21;621386244;5889;447;7063;7108;5.31;0.32;314.93;5.45;1174;23;2443.00;45
5891;21;621386259;5891;452;7063;7108;5.29;0.32;315.08;5.45;1172;23;2444.00;45
5896;21;621386285;5896;452;7063;7108;5.26;0.32;315.27;5.45;1167;23;2445.00;45
5897;21;621386308;5897;457;7064;7108;5.25;0.32;315.28;5.46;1167;23;2446.00;44
5898;21;621386332;5898;456;7064;7108;5.29;0.32;315.40;5.46;1166;23;2447.00;44
5903;21;621386351;5903;481;7129;7235;5.41;0.33;315.49;5.41;1226;23;2448.00;106
5906;21;621386376;5906;465;7131;7236;5.36;0.33;315.63;5.44;1225;23;2449.00;105
5908;21;621386390;5908;454;7136;7236;5.41;0.33;315.74;5.43;1228;23;2450.00;100
5909;21;621386404;5909;456;7137;7236;5.45;0.34;315.78;5.43;1228;23;2451.00;99
5911;21;621386418;5911;445;7145;7236;5.54;0.34;315.82;5.46;1234;23;2452.00;91
5912;21;621386433;5912;445;7149;7236;5.54;0.34;315.80;5.46;1237;23;2453.00;87
5917;21;621386446;5917;445;7153;7236;5.54;0.34;316.04;5.46;1236;23;2454.00;83
5922;21;621386460;5922;443;7158;7236;5.54;0.34;316.34;5.48;1236;23;2455.00;78
5924;21;621386474;5924;445;7161;7237;5.55;0.34;316.35;5.48;1237;23;2456.00;76
5927;21;621386488;5927;448;7167;7238;5.55;0.34;316.42;5.51;1240;23;2457.00;71
5929;21;621386501;5929;452;7169;7238;5.54;0.34;316.47;5.51;1240;23;2458.00;69
5929;21;621386515;5929;460;7171;7239;5.51;0.34;316.47;5.51;1242;23;2459.00;68
5933;21;621386529;5933;456;7174;7239;5.40;0.33;316.44;5.53;1241;23;2460.00;65
5936;21;621386543;5936;456;7175;7239;5.31;0.33;316.39;5.53;1239;23;2461.00;64
5940;21;621386563;5940;459;7178;7239;5.25;0.32;316.58;5.53;1238;23;2462.00;61
5941;21;621386576;5941;470;7187;7243;5.18;0.32;316.58;5.55;1246;23;2463.00;56
5946;21;621386590;5946;473;7187;7243;5.10;0.31;316.73;5.55;1241;23;2464.00;56
5949;21;621386604;5949;474;7188;7243;5.08;0.31;316.81;5.56;1239;23;2465.00;55
5952;21;621386617;5952;484;7189;7246;5.00;0.31;316.82;5.55;1237;23;2466.00;57
5953;21;621386631;5953;490;7189;7246;4.98;0.31;316.79;5.55;1236;23;2467.00;57
5957;21;621386645;5957;497;7191;7246;4.89;0.30;316.66;5.56;1234;23;2468.00;55
5958;21;621386658;5958;512;7196;7250;4.85;0.30;316.72;5.57;1238;23;2469.00;54
5959;21;621386670;5959;509;7198;7251;4.85;0.30;316.72;5.57;1239;23;2470.00;53
5959;21;621386684;5959;508;7199;7251;4.86;0.30;316.72;5.57;1240;23;2471.00;52
5960;21;621386697;5960;509;7203;7255;4.88;0.30;316.75;5.58;1243;23;2472.00;52
5963;21;621386710;5963;499;7204;7255;4.83;0.30;316.67;5.58;1241;23;2473.00;51
5966;21;621386724;5966;503;7205;7255;4.89;0.30;316.76;5.58;1239;23;2474.00;50
5968;21;621386736;5968;502;7206;7257;4.95;0.30;316.77;5.58;1238;23;2475.00;51
5970;21;621386750;5970;502;7207;7257;4.98;0.31;316.83;5.58;1237;23;2476.00;50
5974;21;621386763;5974;493;7213;7263;4.98;0.31;316.72;5.58;1239;23;2477.00;50
5976;21;621386777;5976;497;7213;7263;5.01;0.31;316.69;5.58;1237;23;2478.00;50
5977;21;621386790;5977;496;7213;7264;5.02;0.31;316.74;5.58;1236;23;2479.00;51
5982;21;621386802;5982;496;7213;7264;4.91;0.30;316.73;5.58;1231;23;2480.00;51
5985;21;621386816;5985;491;7214;7264;4.84;0.30;316.68;5.60;1229;23;2481.00;50
5987;21;621386829;5987;487;7214;7264;4.80;0.29;316.68;5.60;1227;23;2482.00;50
5989;21;621386843;5989;487;7214;7264;4.75;0.29;316.70;5.60;1225;23;2483.00;50
5992;21;621386861;5992;487;7224;7276;4.78;0.29;316.64;5.59;1232;23;2484.00;52
5994;21;621386875;5994;479;7228;7276;4.79;0.29;316.58;5.64;1234;23;2485.00;48
5999;21;621386890;5999;478;7228;7276;4.74;0.29;316.52;5.64;1229;23;2486.00;48
6001;21;621386902;6001;489;7228;7276;4.76;0.29;316.46;5.64;1227;23;2487.00;48
6006;21;621386914;6006;482;7228;7276;4.72;0.29;316.33;5.64;1222;23;2488.00;48
6007;21;621386927;6007;484;7228;7276;4.73;0.29;316.30;5.64;1221;23;2489.00;48
6011;21;621386942;6011;491;7231;7280;4.70;0.29;316.53;5.64;1220;23;2490.00;49
6013;21;621386955;6013;496;7232;7280;4.67;0.28;316.50;5.64;1219;23;2491.00;48
6015;21;621386968;6015;494;7236;7284;4.72;0.29;316.55;5.64;1221;23;2492.00;48
6016;21;621386981;6016;493;7237;7285;4.76;0.29;316.55;5.64;1221;23;2493.00;48
6017;21;621386993;6017;489;7237;7285;4.77;0.29;316.53;5.64;1220;23;2494.00;48
6019;21;621387005;6019;497;7237;7285;4.76;0.29;316.58;5.64;1218;23;2495.00;48
6023;21;621387018;6023;507;7247;7298;4.73;0.29;316.53;5.64;1224;23;2496.00;51
6025;21;621387031;6025;505;7247;7298;4.68;0.28;316.50;5.64;1222;23;2497.00;51
6027;21;621387044;6027;500;7247;7298;4.66;0.28;316.48;5.64;1220;23;2498.00;51
6029;21;621387056;6029;487;7248;7299;4.63;0.28;316.53;5.64;1219;23;2499.00;51
6029;21;621387070;6029;469;7248;7300;4.61;0.28;316.53;5.64;1219;23;2500.00;52
6031;21;621387087;6031;466;7248;7300;4.62;0.28;316.52;5.64;1217;23;2501.00;52
6032;21;621387100;6032;465;7252;7303;4.69;0.28;316.47;5.66;1220;23;2502.00;51
6033;21;621387113;6033;464;7253;7303;4.79;0.29;316.47;5.66;1220;23;2503.00;50
6035;21;621387125;6035;458;7254;7303;4.86;0.29;316.46;5.67;1219;23;2504.00;49
6036;21;621387138;6036;462;7255;7303;4.93;0.30;316.44;5.67;1219;23;2505.00;48
6037;21;621387156;6037;455;7260;7309;4.99;0.30;316.43;5.67;1223;23;2506.00;49
6038;21;621387169;6038;447;7261;7309;4.99;0.30;316.39;5.68;1223;23;2507.00;48
6040;21;621387182;6040;445;7262;7309;4.99;0.30;316.36;5.68;1222;23;2508.00;47
6041;21;621387196;6041;446;7262;7309;4.97;0.30;316.35;5.68;1221;23;2509.00;47
6042;21;621387209;6042;448;7266;7313;4.96;0.30;316.35;5.68;1224;23;2510.00;47
6042;21;621387222;6042;443;7268;7314;4.97;0.30;316.35;5.71;1226;23;2511.00;46
6043;21;621387235;6043;455;7268;7314;4.98;0.30;316.30;5.71;1225;23;2512.00;46
6044;21;621387251;6044;450;7271;7315;4.93;0.30;316.28;5.73;1227;23;2513.00;44
6045;21;621387265;6045;456;7271;7315;4.93;0.30;316.28;5.73;1226;23;2514.00;44
6045;21;621387277;6045;456;7271;7315;4.97;0.30;316.28;5.73;1226;23;2515.00;44
6045;21;621387290;6045;455;7272;7315;5.01;0.31;316.28;5.76;1227;23;2516.00;43
6047;21;621387302;6047;450;7272;7315;5.04;0.31;316.22;5.76;1225;23;2517.00;43
6047;21;621387316;6047;451;7272;7315;5.09;0.31;316.22;5.76;1225;23;2518.00;43
6049;21;621387335;6049;447;7273;7315;5.14;0.31;316.24;5.78;1224;23;2519.00;42
6052;21;621387366;6052;458;7327;7440;5.39;0.33;316.14;5.74;1275;23;2520.00;113
6054;21;621387399;6054;451;7332;7441;5.41;0.33;316.26;5.73;1278;23;2521.00;109
6057;21;621387423;6057;453;7346;7441;5.42;0.33;316.30;5.77;1289;23;2522.00;95
6058;21;621387447;6058;448;7355;7441;5.42;0.33;316.38;5.79;1297;23;2523.00;86
6060;21;621387465;6060;452;7360;7441;5.37;0.33;316.46;5.81;1300;23;2524.00;81
6060;21;621387480;6060;452;7363;7441;5.34;0.33;316.46;5.81;1303;23;2525.00;78
6062;21;621387501;6062;450;7368;7441;5.30;0.32;316.41;5.81;1306;23;2526.00;73
6065;21;621387515;6065;457;7373;7441;5.24;0.32;316.46;5.86;1308;23;2527.00;68
6068;21;621387529;6068;447;7378;7442;5.19;0.32;316.54;5.86;1310;23;2528.00;64
6069;21;621387543;6069;454;7383;7443;5.11;0.31;316.49;5.90;1314;23;2529.00;60
6070;21;621387557;6070;457;7384;7443;5.11;0.31;316.46;5.90;1314;23;2530.00;59
6071;21;621387571;6071;459;7389;7447;5.10;0.31;316.58;5.90;1318;23;2531.00;58
6073;21;621387585;6073;460;7390;7447;5.07;0.31;316.64;5.90;1317;23;2532.00;57
6074;21;621387600;6074;454;7393;7447;5.07;0.31;316.73;5.94;1319;23;2533.00;54
6076;21;621387614;6076;461;7393;7447;5.08;0.31;316.72;5.94;1317;23;2534.00;54
6077;21;621387627;6077;464;7398;7453;5.08;0.31;316.83;5.93;1321;23;2535.00;55
6080;21;621387643;6080;466;7398;7453;5.10;0.31;316.75;5.93;1318;23;2536.00;55
6083;21;621387658;6083;479;7399;7455;5.11;0.31;316.85;5.93;1316;23;2537.00;56
6085;21;621387673;6085;467;7403;7458;5.12;0.31;317.01;5.93;1318;23;2538.00;55
6088;21;621387695;6088;465;7403;7458;5.10;0.31;316.98;5.93;1315;23;2539.00;55
6091;21;621387710;6091;458;7403;7458;5.09;0.31;317.10;5.93;1312;23;2540.00;55
6095;21;621387724;6095;459;7403;7459;5.05;0.31;317.23;5.93;1308;23;2541.00;56
6097;21;621387738;6097;456;7404;7460;5.04;0.31;317.17;5.93;1307;23;2542.00;56
6098;21;621387753;6098;457;7404;7460;5.01;0.31;317.25;5.93;1306;23;2543.00;56
6102;21;621387767;6102;465;7415;7473;4.96;0.30;317.28;5.92;1313;23;2544.00;58
6107;21;621387782;6107;450;7415;7473;4.91;0.30;317.29;5.92;1308;23;2545.00;58
6110;21;621387796;6110;454;7415;7473;4.91;0.30;317.34;5.92;1305;23;2546.00;58
6113;21;621387810;6113;451;7416;7474;4.89;0.30;317.37;5.92;1303;23;2547.00;58
6114;21;621387824;6114;456;7416;7474;4.89;0.30;317.47;5.92;1302;23;2548.00;58
6118;21;621387837;6118;461;7420;7478;4.84;0.30;317.46;5.92;1302;23;2549.00;58
6120;21;621387855;6120;453;7422;7481;4.82;0.29;317.54;5.92;1302;23;2550.00;59
6121;21;621387869;6121;454;7426;7485;4.81;0.29;317.49;5.91;1305;23;2551.00;59
6125;21;621387883;6125;440;7426;7485;4.82;0.30;317.72;5.91;1301;23;2552.00;59
6128;21;621387898;6128;432;7426;7485;4.89;0.30;317.90;5.91;1298;23;2553.00;59
6128;21;621387912;6128;427;7426;7485;4.95;0.30;317.90;5.91;1298;23;2554.00;59
6133;21;621387932;6133;431;7426;7485;4.96;0.30;318.11;5.91;1293;23;2555.00;59
6136;21;621387947;6136;426;7435;7497;5.02;0.31;318.14;5.91;1299;23;2556.00;62
6137;21;621387962;6137;417;7436;7497;5.12;0.31;318.18;5.91;1299;23;2557.00;61
6143;21;621387977;6143;405;7436;7497;5.14;0.32;318.18;5.91;1293;23;2558.00;61
6147;21;621387993;6147;402;7437;7497;5.17;0.32;318.19;5.91;1290;23;2559.00;60
6147;21;621388011;6147;391;7437;7497;5.20;0.32;318.19;5.91;1290;23;2560.00;60
6152;21;621388026;6152;386;7437;7497;5.19;0.32;318.35;5.91;1285;23;2561.00;60
6156;21;621388042;6156;374;7437;7498;5.20;0.32;318.43;5.91;1281;23;2562.00;61
6160;21;621388069;6160;362;7438;7498;5.24;0.32;318.49;5.91;1278;23;2563.00;60
6165;21;621388087;6165;358;7443;7504;5.30;0.33;318.52;5.91;1278;23;2564.00;61
6168;21;621388105;6168;357;7445;7506;5.38;0.33;318.49;5.91;1277;23;2565.00;61
6173;21;621388120;6173;351;7445;7506;5.43;0.33;318.50;5.91;1272;23;2566.00;61
6176;21;621388136;6176;355;7445;7506;5.48;0.34;318.56;5.91;1269;23;2567.00;61
6183;21;621388151;6183;347;7448;7510;5.50;0.34;318.63;5.90;1265;23;2568.00;62
6187;21;621388166;6187;358;7448;7510;5.47;0.33;318.65;5.90;1261;23;2569.00;62
6189;21;621388181;6189;357;7448;7510;5.49;0.34;318.67;5.90;1259;23;2570.00;62
6190;21;621388196;6190;363;7449;7511;5.51;0.34;318.69;5.90;1259;23;2571.00;62
6194;21;621388211;6194;362;7452;7515;5.44;0.33;318.90;5.90;1258;23;2572.00;63
6197;21;621388226;6197;361;7452;7515;5.38;0.33;318.86;5.90;1255;23;2573.00;63
6201;21;621388241;6201;366;7454;7518;5.33;0.33;319.06;5.90;1253;23;2574.00;64
6207;21;621388256;6207;361;7454;7518;5.28;0.32;319.10;5.90;1247;23;2575.00;64
6213;21;621388271;6213;362;7454;7518;5.21;0.32;319.36;5.90;1241;23;2576.00;64
6217;21;621388288;6217;360;7454;7518;5.18;0.32;319.45;5.90;1237;23;2577.00;64
6220;21;621388302;6220;370;7458;7522;5.20;0.32;319.51;5.90;1238;23;2578.00;64
6223;21;621388319;6223;371;7459;7522;5.21;0.32;319.51;5.90;1236;23;2579.00;63
6231;21;621388335;6231;370;7459;7522;5.20;0.32;319.62;5.90;1228;23;2580.00;63
6237;21;621388350;6237;374;7459;7522;5.20;0.32;319.57;5.90;1222;23;2581.00;63
6241;21;621388365;6241;374;7459;7523;5.20;0.32;319.66;5.90;1218;23;2582.00;64
6245;21;621388380;6245;378;7460;7524;5.20;0.32;319.74;5.90;1215;23;2583.00;64
6251;21;621388394;6251;379;7460;7524;5.22;0.32;319.84;5.90;1209;23;2584.00;64
6255;21;621388408;6255;375;7462;7525;5.27;0.32;319.92;5.90;1207;23;2585.00;63
6261;21;621388422;6261;371;7462;7525;5.32;0.33;319.97;5.90;1201;23;2586.00;63
6263;21;621388436;6263;375;7462;7525;5.36;0.33;320.12;5.90;1199;23;2587.00;63
6268;21;621388449;6268;382;7462;7525;5.41;0.33;320.31;5.90;1194;23;2588.00;63
6273;21;621388463;6273;379;7462;7525;5.42;0.33;320.15;5.90;1189;23;2589.00;63
6277;21;621388477;6277;383;7462;7525;5.43;0.33;320.26;5.90;1185;23;2590.00;63
6279;21;621388490;6279;385;7462;7525;5.38;0.33;320.29;5.90;1183;23;2591.00;63
6280;21;621388503;6280;406;7534;7652;5.50;0.34;320.30;5.86;1254;23;2592.00;118
6285;21;621388526;6285;405;7537;7653;5.39;0.33;320.40;5.85;1252;23;2593.00;116
6287;21;621388540;6287;413;7540;7653;5.32;0.33;320.51;5.85;1253;23;2594.00;113
6293;21;621388553;6293;422;7543;7653;5.28;0.33;320.71;5.85;1250;23;2595.00;110
6295;21;621388567;6295;429;7547;7653;5.26;0.32;320.78;5.85;1252;23;2596.00;106
6297;21;621388581;6297;429;7550;7653;5.26;0.32;320.89;5.85;1253;23;2597.00;103
6303;21;621388595;6303;423;7553;7653;5.24;0.32;320.95;5.85;1250;23;2598.00;100
6306;21;621388610;6306;425;7556;7653;5.23;0.32;321.01;5.85;1250;23;2599.00;97
6309;21;621388624;6309;420;7557;7654;5.21;0.32;321.12;5.85;1248;23;2600.00;97
6312;21;621388642;6312;426;7559;7655;5.18;0.32;321.19;5.85;1247;23;2601.00;96
6316;21;621388656;6316;429;7560;7655;5.15;0.32;321.27;5.85;1244;23;2602.00;95
6316;21;621388670;6316;440;7561;7656;5.13;0.32;321.27;5.85;1245;23;2603.00;95
6320;21;621388683;6320;447;7566;7656;5.07;0.31;321.38;5.86;1246;23;2604.00;90
6324;21;621388697;6324;455;7570;7656;5.06;0.31;321.67;5.86;1246;23;2605.00;86
6325;21;621388710;6325;455;7573;7656;5.08;0.31;321.69;5.86;1248;23;2606.00;83
6326;21;621388725;6326;455;7577;7660;5.12;0.31;321.79;5.86;1251;23;2607.00;83
6328;21;621388739;6328;459;7579;7660;5.15;0.32;321.79;5.86;1251;23;2608.00;81
6331;21;621388753;6331;456;7580;7660;5.19;0.32;321.88;5.86;1249;23;2609.00;80
6332;21;621388768;6332;458;7583;7666;5.22;0.32;321.92;5.86;1251;23;2610.00;83
6333;21;621388783;6333;459;7585;7666;5.24;0.32;322.05;5.87;1252;23;2611.00;81
6338;21;621388797;6338;461;7588;7666;5.25;0.32;322.07;5.87;1250;23;2612.00;78
6338;21;621388812;6338;461;7592;7670;5.25;0.32;322.07;5.87;1254;23;2613.00;78
6341;21;621388826;6341;461;7594;7671;5.26;0.32;322.35;5.88;1253;23;2614.00;77
6343;21;621388841;6343;469;7594;7671;5.28;0.32;322.40;5.88;1251;23;2615.00;77
6345;21;621388856;6345;478;7600;7675;5.29;0.32;322.40;5.88;1255;23;2616.00;75
6346;21;621388871;6346;466;7600;7675;5.29;0.32;322.35;5.88;1254;23;2617.00;75
6350;21;621388885;6350;468;7601;7675;5.28;0.32;322.52;5.88;1251;23;2618.00;74
6353;21;621388899;6353;468;7602;7676;5.27;0.32;322.60;5.88;1249;23;2619.00;74
6355;21;621388913;6355;468;7602;7676;5.28;0.32;322.63;5.88;1247;23;2620.00;74
6357;21;621388927;6357;472;7607;7682;5.32;0.32;322.73;5.88;1250;23;2621.00;75
6361;21;621388942;6361;473;7607;7682;5.32;0.32;322.71;5.88;1246;23;2622.00;75
6364;21;621388955;6364;469;7607;7683;5.28;0.32;322.70;5.88;1243;23;2623.00;76
6366;21;621388970;6366;467;7607;7683;5.25;0.32;322.70;5.88;1241;23;2624.00;76
6369;21;621388983;6369;470;7607;7683;5.21;0.32;322.74;5.88;1238;23;2625.00;76
6371;21;621388997;6371;471;7607;7683;5.17;0.32;322.79;5.88;1236;23;2626.00;76
6373;21;621389012;6373;472;7607;7683;5.11;0.31;322.82;5.88;1234;23;2627.00;76
6377;22;621389025;6377;478;7617;7695;5.11;0.31;322.98;5.87;1240;24;2628.00;78
6378;22;621389046;6378;485;7617;7695;5.13;0.31;322.99;5.87;1239;24;2629.00;78
6384;22;621389060;6384;488;7619;7695;5.05;0.31;323.13;5.88;1235;24;2630.00;76
6387;22;621389077;6387;489;7619;7695;4.98;0.30;323.14;5.88;1232;24;2631.00;76
6388;22;621389091;6388;493;7619;7695;4.89;0.30;323.13;5.88;1231;24;2632.00;76
6393;22;621389110;6393;499;7619;7695;4.79;0.29;323.19;5.88;1226;24;2633.00;76
6395;22;621389124;6395;511;7622;7699;4.73;0.29;323.25;5.88;1227;24;2634.00;77
6396;22;621389138;6396;511;7622;7699;4.67;0.28;323.21;5.88;1226;24;2635.00;77
6399;22;621389156;6399;511;7626;7703;4.66;0.28;323.26;5.88;1227;24;2636.00;77
6399;22;621389170;6399;514;7626;7704;4.64;0.28;323.26;5.88;1227;24;2637.00;78
6402;22;621389183;6402;517;7627;7704;4.62;0.28;323.43;5.88;1225;24;2638.00;77
6404;22;621389196;6404;525;7627;7704;4.60;0.28;323.44;5.88;1223;24;2639.00;77
6406;22;621389210;6406;523;7650;7733;4.67;0.28;323.39;5.86;1244;24;2640.00;83
6409;22;621389226;6409;520;7650;7733;4.75;0.29;323.32;5.86;1241;24;2641.00;83
6410;22;621389239;6410;516;7652;7733;4.83;0.29;323.32;5.86;1242;24;2642.00;81
6412;22;621389252;6412;521;7653;7734;4.90;0.30;323.30;5.86;1241;24;2643.00;81
6413;22;621389266;6413;516;7653;7735;5.00;0.31;323.26;5.86;1240;24;2644.00;82
6417;22;621389279;6417;513;7653;7735;5.03;0.31;323.21;5.86;1236;24;2645.00;82
6418;22;621389293;6418;507;7655;7738;5.09;0.31;323.17;5.86;1237;24;2646.00;83
6422;22;621389307;6422;506;7655;7738;5.07;0.31;323.16;5.86;1233;24;2647.00;83
6425;22;621389323;6425;503;7656;7738;5.07;0.31;323.18;5.86;1231;24;2648.00;82
6431;22;621389342;6431;502;7656;7738;5.02;0.31;323.10;5.86;1225;24;2649.00;82
6433;22;621389363;6433;504;7661;7744;5.03;0.31;323.04;5.85;1228;24;2650.00;83
6435;22;621389387;6435;497;7661;7744;4.98;0.30;323.03;5.85;1226;24;2651.00;83
6436;22;621389406;6436;485;7661;7744;4.95;0.30;323.03;5.85;1225;24;2652.00;83
6437;22;621389427;6437;477;7661;7744;4.94;0.30;323.05;5.85;1224;24;2653.00;83
6439;22;621389445;6439;462;7664;7748;4.96;0.30;323.07;5.85;1225;24;2654.00;84
6441;22;621389460;6441;458;7668;7750;4.96;0.30;323.07;5.92;1227;24;2655.00;82
6443;22;621389477;6443;458;7668;7750;4.98;0.30;323.06;5.92;1225;24;2656.00;82
6444;22;621389492;6444;463;7669;7751;5.04;0.31;323.08;5.92;1225;24;2657.00;82
6447;22;621389513;6447;464;7669;7751;5.10;0.31;323.06;5.92;1222;24;2658.00;82
6449;22;621389528;6449;448;7669;7751;5.14;0.31;323.10;5.92;1220;24;2659.00;82
6453;22;621389543;6453;450;7669;7751;5.13;0.31;323.08;5.92;1216;24;2660.00;82
6455;22;621389563;6455;456;7669;7751;5.16;0.31;323.23;5.92;1214;24;2661.00;82
6459;22;621389578;6459;457;7669;7751;5.18;0.31;323.24;5.92;1210;24;2662.00;82
6461;22;621389598;6461;456;7669;7751;5.21;0.32;323.18;5.92;1208;24;2663.00;82
6464;22;621389612;6464;456;7706;7821;5.35;0.33;323.07;5.89;1242;24;2664.00;115
6465;22;621389632;6465;441;7707;7822;5.38;0.33;323.09;5.89;1242;24;2665.00;115
6466;22;621389647;6466;445;7714;7822;5.43;0.33;323.04;5.88;1248;24;2666.00;108
6467;22;621389660;6467;447;7718;7822;5.41;0.33;322.99;5.88;1251;24;2667.00;104
6469;22;621389675;6469;446;7720;7822;5.42;0.33;323.00;5.88;1251;24;2668.00;102
6470;22;621389689;6470;439;7722;7822;5.47;0.33;322.99;5.88;1252;24;2669.00;100
6473;22;621389712;6473;446;7724;7822;5.49;0.33;323.13;5.88;1251;24;2670.00;98
6474;22;621389727;6474;442;7726;7822;5.52;0.33;323.11;5.88;1252;24;2671.00;96
6474;22;621389742;6474;445;7727;7823;5.54;0.33;323.11;5.88;1253;24;2672.00;96
6475;22;621389755;6475;443;7729;7824;5.54;0.34;323.06;5.88;1254;24;2673.00;95
6476;22;621389770;6476;439;7731;7824;5.55;0.34;323.06;5.88;1255;24;2674.00;93
6479;23;621389784;6479;439;7736;7828;5.51;0.33;323.26;5.88;1257;25;2675.00;92
6480;23;621389806;6480;440;7738;7828;5.50;0.33;323.21;5.88;1258;25;2676.00;90
6482;23;621389821;6482;441;7739;7828;5.46;0.33;323.23;5.88;1257;25;2677.00;89
6483;23;621389835;6483;435;7740;7828;5.44;0.33;323.26;5.88;1257;25;2678.00;88
6486;23;621389851;6486;436;7745;7834;5.46;0.33;323.20;5.88;1259;25;2679.00;89
6489;23;621389866;6489;453;7746;7834;5.44;0.33;323.30;5.92;1257;25;2680.00;88
6490;23;621389888;6490;459;7746;7834;5.44;0.33;323.27;5.92;1256;25;2681.00;88
6492;23;621389903;6492;465;7748;7837;5.46;0.33;323.30;5.92;1256;25;2682.00;89
6493;23;621389918;6493;472;7749;7837;5.45;0.33;323.30;5.95;1256;25;2683.00;88
6495;23;621389932;6495;480;7750;7837;5.42;0.33;323.48;5.95;1255;25;2684.00;87
6495;23;621389952;6495;482;7750;7838;5.41;0.33;323.48;5.95;1255;25;2685.00;88
6498;23;621389966;6498;483;7751;7839;5.40;0.33;323.67;5.95;1253;25;2686.00;88
6499;23;621389989;6499;485;7751;7839;5.40;0.33;323.66;5.95;1252;25;2687.00;88
6500;23;621390003;6500;497;7767;7852;5.39;0.33;323.63;6.12;1267;25;2688.00;85
6502;23;621390022;6502;505;7767;7852;5.39;0.33;323.76;6.12;1265;25;2689.00;85
6504;24;621390039;6504;510;7769;7852;5.38;0.33;323.93;6.18;1265;26;2690.00;83
6506;24;621390066;6506;510;7770;7853;5.41;0.33;323.89;6.18;1264;26;2691.00;83
6510;24;621390080;6510;508;7770;7853;5.36;0.33;324.02;6.18;1260;26;2692.00;83
6512;24;621390095;6512;508;7777;7857;5.45;0.33;324.13;6.27;1265;26;2693.00;80
6513;24;621390116;6513;502;7777;7857;5.46;0.33;324.25;6.27;1264;26;2694.00;80
6515;24;621390135;6515;500;7780;7861;5.45;0.33;324.24;6.27;1265;26;2695.00;81
6518;24;621390150;6518;498;7782;7861;5.42;0.33;324.32;6.33;1264;26;2696.00;79
6520;24;621390165;6520;499;7782;7861;5.37;0.33;324.47;6.33;1262;26;2697.00;79
6521;24;621390179;6521;494;7783;7861;5.34;0.33;324.45;6.36;1262;26;2698.00;78
6524;24;621390194;6524;494;7784;7861;5.31;0.32;324.60;6.40;1260;26;2699.00;77
6526;24;621390218;6526;493;7809;7910;5.44;0.33;324.68;6.38;1283;26;2700.00;101
6528;24;621390246;6528;496;7813;7910;5.42;0.33;324.79;6.44;1285;26;2701.00;97
6532;24;621390265;6532;492;7816;7910;5.42;0.33;324.86;6.44;1284;26;2702.00;94
6535;24;621390280;6535;487;7816;7910;5.43;0.33;324.80;6.44;1281;26;2703.00;94
6538;24;621390294;6538;480;7820;7910;5.45;0.33;324.90;6.49;1282;26;2704.00;90
6541;24;621390311;6541;477;7820;7910;5.46;0.33;324.94;6.49;1279;26;2705.00;90
6544;24;621390327;6544;484;7821;7911;5.47;0.33;324.92;6.49;1277;26;2706.00;90
6545;24;621390342;6545;479;7823;7911;5.43;0.33;324.98;6.52;1278;26;2707.00;88
6548;24;621390357;6548;477;7828;7917;5.45;0.33;325.10;6.52;1280;26;2708.00;89
6548;24;621390372;6548;474;7829;7918;5.46;0.33;325.10;6.52;1281;26;2709.00;89
6552;24;621390386;6552;472;7829;7918;5.40;0.33;325.23;6.52;1277;26;2710.00;89
6554;24;621390400;6554;473;7829;7918;5.36;0.33;325.25;6.52;1275;26;2711.00;89
6561;24;621390413;6561;483;7833;7922;5.32;0.32;325.32;6.52;1272;26;2712.00;89
6562;24;621390427;6562;493;7833;7922;5.31;0.32;325.29;6.52;1271;26;2713.00;89
6567;24;621390440;6567;495;7834;7922;5.25;0.32;325.41;6.52;1267;26;2714.00;88
6572;25;621390454;6572;497;7835;7923;5.25;0.32;325.41;6.52;1263;27;2715.00;88
6578;25;621390475;6578;508;7838;7927;5.20;0.32;325.61;6.52;1260;27;2716.00;89
6581;25;621390489;6581;514;7838;7927;5.16;0.31;325.72;6.52;1257;27;2717.00;89
6589;25;621390502;6589;510;7841;7930;5.10;0.31;325.69;6.52;1252;27;2718.00;89
6590;25;621390515;6590;520;7841;7930;5.07;0.31;325.67;6.52;1251;27;2719.00;89
6595;25;621390528;6595;510;7843;7930;4.97;0.30;325.68;6.52;1248;27;2720.00;87
6597;25;621390541;6597;502;7843;7930;4.96;0.30;325.70;6.52;1246;27;2721.00;87
6601;25;621390554;6601;496;7846;7934;4.97;0.30;325.69;6.51;1245;27;2722.00;88
6603;25;621390568;6603;488;7846;7934;4.98;0.30;325.69;6.51;1243;27;2723.00;88
6606;25;621390587;6606;485;7847;7934;4.97;0.30;325.83;6.52;1241;27;2724.00;87
6609;25;621390600;6609;485;7848;7934;5.00;0.31;325.85;6.52;1239;27;2725.00;86
6615;25;621390613;6615;478;7848;7935;5.00;0.31;326.07;6.52;1233;27;2726.00;87
6618;25;621390627;6618;462;7849;7936;5.03;0.31;326.20;6.52;1231;27;2727.00;87
6622;25;621390641;6622;461;7849;7936;5.07;0.31;326.27;6.52;1227;27;2728.00;87
6623;25;621390655;6623;460;7850;7937;5.13;0.31;326.35;6.52;1227;27;2729.00;87
6627;25;621390671;6627;454;7851;7937;5.16;0.32;326.34;6.52;1224;27;2730.00;86
6630;25;621390685;6630;451;7852;7937;5.17;0.32;326.44;6.52;1222;27;2731.00;85
6632;25;621390699;6632;446;7852;7937;5.20;0.32;326.42;6.52;1220;27;2732.00;85
6637;25;621390712;6637;449;7854;7937;5.22;0.32;326.36;6.53;1217;27;2733.00;83
6641;25;621390725;6641;442;7854;7937;5.20;0.32;326.50;6.53;1213;27;2734.00;83
6643;25;621390739;6643;446;7854;7937;5.19;0.32;326.50;6.53;1211;27;2735.00;83
6649;25;621390756;6649;452;7925;8064;5.33;0.33;326.64;6.47;1276;27;2736.00;139
6651;25;621390780;6651;454;7931;8065;5.36;0.33;326.79;6.47;1280;27;2737.00;134
6657;25;621390794;6657;453;7935;8065;5.39;0.33;326.69;6.47;1278;27;2738.00;130
6663;25;621390808;6663;453;7938;8065;5.36;0.33;326.77;6.47;1275;27;2739.00;127
6668;25;621390822;6668;459;7942;8065;5.38;0.33;326.90;6.46;1274;27;2740.00;123
6672;25;621390836;6672;464;7945;8065;5.36;0.33;327.07;6.46;1273;27;2741.00;120
6679;25;621390850;6679;466;7949;8065;5.26;0.32;327.05;6.46;1270;27;2742.00;116
6681;25;621390864;6681;466;7952;8065;5.18;0.32;327.02;6.46;1271;27;2743.00;113
6687;25;621390878;6687;480;7954;8066;5.12;0.31;327.20;6.46;1267;27;2744.00;112
6688;25;621390892;6688;477;7956;8068;5.10;0.31;327.21;6.46;1268;27;2745.00;112
6692;25;621390906;6692;482;7959;8068;5.03;0.31;327.30;6.47;1267;27;2746.00;109
6696;25;621390920;6696;484;7960;8069;4.96;0.30;327.24;6.47;1264;27;2747.00;109
6700;25;621390934;6700;480;7961;8069;4.95;0.30;327.36;6.47;1261;27;2748.00;108
6702;25;621390949;6702;486;7963;8069;4.95;0.30;327.37;6.47;1261;27;2749.00;106
6706;25;621390962;6706;492;7965;8069;4.93;0.30;327.51;6.47;1259;27;2750.00;104
6710;25;621390977;6710;494;7971;8073;4.93;0.30;327.64;6.47;1261;27;2751.00;102
6712;25;621390990;6712;502;7973;8073;4.91;0.30;327.83;6.47;1261;27;2752.00;100
6717;25;621391004;6717;510;7975;8073;4.88;0.30;327.88;6.50;1258;27;2753.00;98
6719;25;621391019;6719;508;7978;8076;4.83;0.30;327.84;6.50;1259;27;2754.00;98
6725;25;621391032;6725;516;7979;8076;4.80;0.30;328.07;6.50;1254;27;2755.00;97
6729;25;621391046;6729;514;7980;8076;4.73;0.29;328.09;6.50;1251;27;2756.00;96
6734;25;621391060;6734;516;7983;8080;4.71;0.29;328.02;6.50;1249;27;2757.00;97
6736;25;621391074;6736;521;7984;8081;4.66;0.29;328.09;6.50;1248;27;2758.00;97
6740;25;621391087;6740;530;7985;8081;4.63;0.28;328.20;6.50;1245;27;2759.00;96
6741;25;621391102;6741;535;7991;8086;4.63;0.28;328.15;6.50;1250;27;2760.00;95
6746;25;621391117;6746;535;7992;8086;4.56;0.28;328.25;6.50;1246;27;2761.00;94
6748;25;621391133;6748;538;7992;8086;4.51;0.28;328.30;6.50;1244;27;2762.00;94
6752;25;621391147;6752;542;7993;8087;4.45;0.27;328.28;6.50;1241;27;2763.00;94
6753;25;621391166;6753;549;7993;8087;4.45;0.27;328.42;6.50;1240;27;2764.00;94
6755;25;621391181;6755;551;7998;8093;4.48;0.27;328.39;6.50;1243;27;2765.00;95
6756;25;621391195;6756;544;7998;8093;4.45;0.27;328.36;6.50;1242;27;2766.00;95
6758;25;621391213;6758;540;7998;8094;4.41;0.27;328.38;6.50;1240;27;2767.00;96
6761;25;621391226;6761;545;7998;8094;4.37;0.27;328.36;6.50;1237;27;2768.00;96
6764;25;621391240;6764;542;7998;8094;4.38;0.27;328.35;6.50;1234;27;2769.00;96
6764;25;621391253;6764;546;7998;8094;4.41;0.27;328.35;6.50;1234;27;2770.00;96
6766;25;621391269;6766;551;7998;8094;4.42;0.27;328.43;6.50;1232;27;2771.00;96
6769;25;621391289;6769;548;8008;8106;4.52;0.28;328.53;6.49;1239;27;2772.00;98
6771;25;621391304;6771;553;8008;8106;4.54;0.28;328.63;6.49;1237;27;2773.00;98
6774;25;621391320;6774;562;8009;8106;4.55;0.28;328.62;6.49;1235;27;2774.00;97
6778;25;621391351;6778;564;8009;8106;4.54;0.28;328.72;6.49;1231;27;2775.00;97
6781;25;621391378;6781;551;8009;8106;4.53;0.28;328.69;6.49;1228;27;2776.00;97
6782;25;621391399;6782;539;8009;8106;4.57;0.28;328.68;6.49;1227;27;2777.00;97
6785;25;621391419;6785;536;8012;8110;4.60;0.28;328.73;6.49;1227;27;2778.00;98
6789;25;621391439;6789;529;8013;8110;4.60;0.28;328.80;6.52;1224;27;2779.00;97
6790;25;621391458;6790;523;8017;8114;4.72;0.29;328.87;6.52;1227;27;2780.00;97
6792;25;621391475;6792;516;8018;8115;4.78;0.29;328.86;6.52;1226;27;2781.00;97
6794;25;621391492;6794;515;8018;8115;4.80;0.29;328.91;6.52;1224;27;2782.00;97
6797;25;621391510;6797;509;8018;8115;4.82;0.29;328.87;6.52;1221;27;2783.00;97
6799;25;621391527;6799;510;8029;8128;4.92;0.30;328.83;6.51;1230;27;2784.00;99
6801;25;621391543;6801;514;8029;8128;4.90;0.30;328.92;6.51;1228;27;2785.00;99
6803;25;621391560;6803;527;8029;8128;4.90;0.30;328.85;6.51;1226;27;2786.00;99
6806;25;621391577;6806;525;8030;8129;4.88;0.30;328.91;6.51;1224;27;2787.00;99
6808;25;621391594;6808;531;8030;8130;4.87;0.30;328.90;6.51;1222;27;2788.00;100
6810;25;621391609;6810;532;8030;8130;4.83;0.29;328.84;6.51;1220;27;2789.00;100
6810;25;621391633;6810;530;8034;8136;4.81;0.29;328.84;6.50;1224;27;2790.00;102
6812;25;621391651;6812;533;8034;8136;4.76;0.29;328.80;6.50;1222;27;2791.00;102
6813;25;621391667;6813;538;8036;8136;4.75;0.29;328.77;6.50;1223;27;2792.00;100
6813;25;621391689;6813;540;8036;8136;4.70;0.29;328.77;6.50;1223;27;2793.00;100
6815;25;621391708;6815;549;8041;8142;4.66;0.28;328.72;6.50;1226;27;2794.00;101
6816;25;621391723;6816;549;8041;8142;4.61;0.28;328.69;6.50;1225;27;2795.00;101
6816;25;621391737;6816;552;8041;8142;4.60;0.28;328.69;6.50;1225;27;2796.00;101
6820;25;621391750;6820;554;8041;8142;4.56;0.28;328.68;6.50;1221;27;2797.00;101
6821;25;621391764;6821;555;8044;8146;4.56;0.28;328.64;6.50;1223;27;2798.00;102
6822;25;621391778;6822;557;8045;8147;4.58;0.28;328.62;6.50;1223;27;2799.00;102
6827;25;621391793;6827;565;8045;8147;4.49;0.27;328.71;6.50;1218;27;2800.00;102
6831;25;621391814;6831;565;8046;8148;4.48;0.27;328.78;6.50;1215;27;2801.00;102
6834;25;621391829;6834;574;8046;8148;4.44;0.27;328.76;6.50;1212;27;2802.00;102
6836;25;621391851;6836;553;8046;8148;4.38;0.26;328.80;6.50;1210;27;2803.00;102
6838;25;621391864;6838;552;8047;8148;4.39;0.26;328.87;6.53;1209;27;2804.00;101
6841;25;621391879;6841;549;8047;8148;4.41;0.27;328.92;6.53;1206;27;2805.00;101
6841;25;621391892;6841;546;8047;8148;4.47;0.27;328.92;6.53;1206;27;2806.00;101
6841;25;621391906;6841;540;8047;8148;4.52;0.27;328.92;6.53;1206;27;2807.00;101
6841;25;621391919;6841;551;8086;8218;4.68;0.28;328.92;6.50;1245;27;2808.00;132
6841;25;621391939;6841;545;8086;8219;4.74;0.29;328.92;6.50;1245;27;2809.00;133
6842;25;621391960;6842;533;8093;8219;4.82;0.29;328.91;6.49;1251;27;2810.00;126
6844;25;621391975;6844;518;8097;8219;4.84;0.29;328.93;6.49;1253;27;2811.00;122
6845;25;621391992;6845;510;8099;8219;4.93;0.30;328.94;6.49;1254;27;2812.00;120
6846;25;621392007;6846;502;8101;8219;5.03;0.30;328.96;6.49;1255;27;2813.00;118
6847;25;621392023;6847;483;8103;8219;5.09;0.31;328.94;6.49;1256;27;2814.00;116
6847;25;621392038;6847;479;8105;8219;5.16;0.31;328.94;6.49;1258;27;2815.00;114
6851;25;621392055;6851;477;8108;8220;5.19;0.31;329.05;6.49;1257;27;2816.00;112
6852;25;621392074;6852;474;8110;8221;5.24;0.32;329.07;6.49;1258;27;2817.00;111
6853;25;621392091;6853;469;8112;8221;5.28;0.32;329.06;6.49;1259;27;2818.00;109
6854;25;621392107;6854;467;8117;8225;5.35;0.32;329.06;6.49;1263;27;2819.00;108
6855;25;621392125;6855;462;8118;8225;5.36;0.32;329.06;6.49;1263;27;2820.00;107
6857;25;621392140;6857;459;8118;8225;5.38;0.33;329.07;6.49;1261;27;2821.00;107
6860;25;621392156;6860;444;8118;8225;5.38;0.33;329.10;6.49;1258;27;2822.00;107
6860;25;621392171;6860;440;8122;8231;5.42;0.33;329.10;6.49;1262;27;2823.00;109
6865;25;621392187;6865;433;8123;8231;5.39;0.33;329.27;6.53;1258;27;2824.00;108
6866;25;621392213;6866;427;8124;8231;5.42;0.33;329.25;6.57;1258;27;2825.00;107
6870;25;621392229;6870;427;8126;8234;5.50;0.33;329.39;6.57;1256;27;2826.00;108
6870;25;621392245;6870;426;8126;8234;5.54;0.34;329.39;6.57;1256;27;2827.00;108
6874;25;621392261;6874;418;8127;8234;5.62;0.34;329.39;6.57;1253;27;2828.00;107
6878;25;621392279;6878;419;8127;8235;5.67;0.34;329.40;6.57;1249;27;2829.00;108
6879;25;621392295;6879;419;8128;8236;5.73;0.35;329.38;6.57;1249;27;2830.00;108
6882;25;621392311;6882;422;8128;8236;5.76;0.35;329.39;6.57;1246;27;2831.00;108
6887;25;621392334;6887;421;8138;8249;5.79;0.35;329.39;6.56;1251;27;2832.00;111
6892;25;621392352;6892;428;8139;8249;5.81;0.35;329.40;6.56;1247;27;2833.00;110
6897;25;621392368;6897;434;8139;8249;5.82;0.35;329.39;6.56;1242;27;2834.00;110
6900;25;621392384;6900;437;8141;8251;5.86;0.35;329.43;6.56;1241;27;2835.00;110
6904;25;621392398;6904;426;8141;8251;5.83;0.35;329.58;6.56;1237;27;2836.00;110
6906;25;621392419;6906;425;8145;8255;5.88;0.36;329.67;6.56;1239;27;2837.00;110
6907;25;621392435;6907;431;8146;8255;5.88;0.36;329.78;6.56;1239;27;2838.00;109
6910;25;621392450;6910;431;8149;8259;5.86;0.36;329.92;6.56;1239;27;2839.00;110
6910;25;621392465;6910;430;8149;8259;5.88;0.36;329.92;6.56;1239;27;2840.00;110
6912;25;621392482;6912;444;8149;8259;5.87;0.36;330.11;6.56;1237;27;2841.00;110
6913;25;621392498;6913;448;8149;8259;5.86;0.36;330.13;6.56;1236;27;2842.00;110
6914;25;621392516;6914;443;8150;8259;5.84;0.36;330.13;6.60;1236;27;2843.00;109
6915;25;621392532;6915;450;8160;8271;5.89;0.36;330.16;6.59;1245;27;2844.00;111
6916;25;621392556;6916;449;8161;8271;5.92;0.36;330.15;6.59;1245;27;2845.00;110
6918;25;621392571;6918;454;8161;8271;5.93;0.36;330.12;6.59;1243;27;2846.00;110
6919;25;621392585;6919;456;8163;8271;5.95;0.36;330.11;6.67;1244;27;2847.00;108
6922;25;621392600;6922;460;8163;8271;5.94;0.36;330.10;6.67;1241;27;2848.00;108
6923;25;621392614;6923;457;8163;8271;5.97;0.36;330.08;6.67;1240;27;2849.00;108
6926;25;621392630;6926;464;8166;8274;5.96;0.36;330.11;6.71;1240;27;2850.00;108
6928;25;621392645;6928;472;8167;8274;5.95;0.36;330.16;6.75;1239;27;2851.00;107
6929;25;621392666;6929;474;8172;8280;6.00;0.37;330.14;6.75;1243;27;2852.00;108
6931;25;621392681;6931;475;8173;8281;6.00;0.37;330.12;6.75;1242;27;2853.00;108
6933;25;621392696;6933;477;8174;8281;5.95;0.36;330.10;6.79;1241;27;2854.00;107
6940;25;621392711;6940;479;8174;8281;5.90;0.36;330.19;6.79;1234;27;2855.00;107
6943;25;621392731;6943;477;8178;8285;5.89;0.36;330.22;6.83;1235;27;2856.00;107
6944;25;621392748;6944;479;8178;8285;5.87;0.36;330.26;6.83;1234;27;2857.00;107
6946;25;621392762;6946;482;8178;8285;5.85;0.36;330.29;6.83;1232;27;2858.00;107
6949;25;621392776;6949;477;8179;8286;5.83;0.36;330.34;6.83;1230;27;2859.00;107
6952;25;621392789;6952;478;8184;8290;5.81;0.35;330.38;6.91;1232;27;2860.00;106
6956;25;621392804;6956;484;8184;8290;5.82;0.35;330.52;6.91;1228;27;2861.00;106
6957;25;621392818;6957;481;8187;8293;5.85;0.36;330.49;6.95;1230;27;2862.00;106
6960;25;621392832;6960;479;8187;8293;5.84;0.35;330.68;6.95;1227;27;2863.00;106
6962;25;621392845;6962;490;8190;8295;5.85;0.36;330.76;6.95;1228;27;2864.00;105
6965;25;621392859;6965;488;8191;8295;5.86;0.36;330.84;6.99;1226;27;2865.00;104
6970;25;621392872;6970;491;8195;8299;5.83;0.35;331.02;6.99;1225;27;2866.00;104
6972;25;621392892;6972;496;8197;8299;5.77;0.35;331.01;7.07;1225;27;2867.00;102
6972;25;621392907;6972;489;8198;8299;5.77;0.35;331.01;7.11;1226;27;2868.00;101
6974;25;621392921;6974;491;8199;8299;5.70;0.35;331.03;7.16;1225;27;2869.00;100
6978;25;621392934;6978;491;8199;8300;5.66;0.34;331.26;7.16;1221;27;2870.00;101
6979;25;621392948;6979;487;8202;8301;5.66;0.34;331.24;7.24;1223;27;2871.00;99
6980;25;621392962;6980;480;8202;8301;5.67;0.35;331.28;7.24;1222;27;2872.00;99
6982;25;621392976;6982;486;8205;8302;5.65;0.34;331.31;7.31;1223;27;2873.00;97
6983;25;621392990;6983;489;8205;8302;5.64;0.34;331.33;7.31;1222;27;2874.00;97
6984;25;621393003;6984;487;8205;8302;5.63;0.34;331.45;7.31;1221;27;2875.00;97
6987;25;621393017;6987;487;8207;8302;5.65;0.34;331.42;7.39;1220;27;2876.00;95
6990;25;621393031;6990;487;8208;8302;5.64;0.34;331.60;7.43;1218;27;2877.00;94
6993;25;621393046;6993;489;8209;8302;5.66;0.34;331.59;7.47;1216;27;2878.00;93
6993;25;621393059;6993;488;8210;8302;5.70;0.35;331.59;7.50;1217;27;2879.00;92
6998;25;621393076;6998;525;8313;8532;5.88;0.37;331.73;7.45;1315;27;2880.00;219
7002;25;621393109;7002;517;8317;8533;5.89;0.37;331.68;7.45;1315;27;2881.00;216
7004;25;621393125;7004;502;8328;8533;5.89;0.37;331.64;7.47;1324;27;2882.00;205
7007;25;621393139;7007;503;8332;8533;5.87;0.36;331.65;7.51;1325;27;2883.00;201
7010;25;621393155;7010;502;8340;8533;5.85;0.36;331.70;7.54;1330;27;2884.00;193
7013;25;621393176;7013;499;8348;8533;5.83;0.36;331.62;7.57;1335;27;2885.00;185
7018;25;621393191;7018;498;8356;8533;5.78;0.36;331.68;7.60;1338;27;2886.00;177
7019;25;621393210;7019;506;8361;8533;5.79;0.36;331.66;7.60;1342;27;2887.00;172
7024;25;621393225;7024;510;8369;8534;5.73;0.35;331.66;7.66;1345;27;2888.00;165
7025;25;621393242;7025;523;8374;8535;5.65;0.35;331.67;7.66;1349;27;2889.00;161
7028;25;621393259;7028;522;8381;8535;5.54;0.34;331.70;7.72;1353;27;2890.00;154
7032;25;621393276;7032;523;8385;8536;5.42;0.34;331.73;7.72;1353;27;2891.00;151
7036;25;621393292;7036;535;8388;8536;5.31;0.33;331.87;7.72;1352;27;2892.00;148
7040;25;621393310;7040;543;8393;8536;5.17;0.32;331.98;7.76;1353;27;2893.00;143
7043;25;621393334;7043;549;8395;8536;5.06;0.31;332.10;7.76;1352;27;2894.00;141
7048;25;621393358;7048;560;8399;8540;4.95;0.30;332.20;7.76;1351;27;2895.00;141
7049;25;621393384;7049;562;8402;8540;4.85;0.30;332.22;7.76;1353;27;2896.00;138
7052;25;621393406;7052;566;8404;8540;4.78;0.29;332.33;7.76;1352;27;2897.00;136
7054;25;621393428;7054;567;8406;8543;4.71;0.29;332.37;7.76;1352;27;2898.00;137
7058;25;621393450;7058;568;8407;8543;4.64;0.29;332.69;7.77;1349;27;2899.00;136
7061;25;621393477;7061;567;8408;8543;4.56;0.28;332.84;7.77;1347;27;2900.00;135
7064;25;621393498;7064;560;8413;8547;4.54;0.28;332.86;7.77;1349;27;2901.00;134
7066;25;621393515;7066;555;8414;8548;4.53;0.28;332.86;7.77;1348;27;2902.00;134
7071;25;621393533;7071;559;8415;8548;4.53;0.28;333.06;7.77;1344;27;2903.00;133
7073;25;621393549;7073;551;8418;8552;4.59;0.28;333.05;7.77;1345;27;2904.00;134
7077;25;621393565;7077;552;8421;8552;4.59;0.28;333.10;7.78;1344;27;2905.00;131
7082;25;621393581;7082;556;8423;8552;4.55;0.28;333.36;7.78;1341;27;2906.00;129
7083;25;621393598;7083;562;8427;8553;4.57;0.28;333.39;7.79;1344;27;2907.00;126
7089;25;621393614;7089;561;8428;8553;4.51;0.28;333.45;7.79;1339;27;2908.00;125
7093;25;621393631;7093;563;8434;8559;4.50;0.28;333.48;7.79;1341;27;2909.00;125
7095;25;621393652;7095;566;8437;8559;4.47;0.27;333.48;7.80;1342;27;2910.00;122
7098;25;621393671;7098;567;8437;8560;4.45;0.27;333.49;7.80;1339;27;2911.00;123
7100;25;621393690;7100;567;8439;8560;4.44;0.27;333.49;7.84;1339;27;2912.00;121
7104;25;621393708;7104;575;8439;8560;4.41;0.27;333.47;7.84;1335;27;2913.00;121
7109;25;621393724;7109;576;8439;8560;4.35;0.27;333.55;7.84;1330;27;2914.00;121
7113;25;621393740;7113;583;8439;8560;4.31;0.26;333.71;7.84;1326;27;2915.00;121
7119;25;621393757;7119;588;8448;8572;4.30;0.26;333.77;7.84;1329;27;2916.00;124
7125;25;621393775;7125;594;8448;8572;4.24;0.26;333.93;7.84;1323;27;2917.00;124
7127;25;621393791;7127;613;8449;8572;4.23;0.26;333.95;7.84;1322;27;2918.00;123
7131;25;621393806;7131;618;8450;8572;4.21;0.26;334.13;7.84;1319;27;2919.00;122
7136;25;621393822;7136;614;8451;8572;4.17;0.26;334.17;7.85;1315;27;2920.00;121
7137;25;621393842;7137;610;8451;8572;4.19;0.26;334.19;7.85;1314;27;2921.00;121
7139;25;621393861;7139;612;8455;8576;4.22;0.26;334.25;7.85;1316;27;2922.00;121
7142;25;621393876;7142;611;8455;8576;4.20;0.26;334.31;7.85;1313;27;2923.00;121
7146;25;621393891;7146;617;8458;8580;4.19;0.26;334.32;7.84;1312;27;2924.00;122
7150;25;621393906;7150;614;8461;8582;4.11;0.25;334.38;7.85;1311;27;2925.00;121
7154;25;621393922;7154;619;8462;8582;4.06;0.25;334.34;7.85;1308;27;2926.00;120
7158;25;621393936;7158;613;8462;8582;4.01;0.25;334.34;7.85;1304;27;2927.00;120
7162;25;621393950;7162;611;8472;8595;4.05;0.25;334.46;7.84;1310;27;2928.00;123
7164;25;621393965;7164;625;8472;8595;4.04;0.25;334.41;7.84;1308;27;2929.00;123
7166;25;621393980;7166;622;8475;8595;4.03;0.25;334.50;7.84;1309;27;2930.00;120
7169;25;621393994;7169;624;8478;8596;4.01;0.25;334.60;7.84;1309;27;2931.00;118
7172;25;621394008;7172;624;8478;8597;3.98;0.25;334.55;7.84;1306;27;2932.00;119
7174;25;621394023;7174;623;8479;8597;3.98;0.25;334.53;7.84;1305;27;2933.00;118
7179;25;621394037;7179;629;8481;8600;3.96;0.25;334.49;7.84;1302;27;2934.00;119
7182;25;621394052;7182;626;8481;8600;3.96;0.24;334.48;7.84;1299;27;2935.00;119
7185;25;621394083;7185;623;8482;8600;3.95;0.24;334.49;7.84;1297;27;2936.00;118
7186;25;621394102;7186;619;8483;8600;3.95;0.24;334.46;7.89;1297;27;2937.00;117
7191;25;621394117;7191;614;8488;8606;3.92;0.24;334.33;7.88;1297;27;2938.00;118
7192;25;621394132;7192;612;8488;8606;3.92;0.24;334.33;7.88;1296;27;2939.00;118
7196;25;621394148;7196;613;8488;8606;3.94;0.24;334.46;7.88;1292;27;2940.00;118
7199;25;621394161;7199;610;8488;8606;3.96;0.24;334.54;7.88;1289;27;2941.00;118
7202;25;621394175;7202;617;8491;8610;4.03;0.25;334.57;7.88;1289;27;2942.00;119
7206;25;621394189;7206;621;8492;8611;4.07;0.25;334.63;7.88;1286;27;2943.00;119
7207;25;621394203;7207;620;8492;8611;4.14;0.25;334.61;7.88;1285;27;2944.00;119
7211;25;621394216;7211;624;8493;8612;4.17;0.26;334.53;7.88;1282;27;2945.00;119
7214;25;621394230;7214;610;8493;8612;4.20;0.26;334.45;7.88;1279;27;2946.00;119
7217;25;621394243;7217;601;8493;8612;4.20;0.26;334.41;7.88;1276;27;2947.00;119
7222;25;621394257;7222;589;8493;8612;4.20;0.26;334.33;7.88;1271;27;2948.00;119
7223;25;621394271;7223;572;8493;8612;4.27;0.26;334.36;7.88;1270;27;2949.00;119
7227;25;621394284;7227;563;8493;8612;4.29;0.26;334.41;7.88;1266;27;2950.00;119
7229;25;621394299;7229;554;8493;8612;4.31;0.26;334.34;7.88;1264;27;2951.00;119
7230;25;621394318;7230;559;8526;8682;4.56;0.28;334.30;7.85;1296;27;2952.00;156
7230;25;621394341;7230;551;8527;8683;4.64;0.28;334.30;7.85;1297;27;2953.00;156
7231;25;621394355;7231;547;8534;8683;4.75;0.29;334.32;7.84;1303;27;2954.00;149
7231;25;621394370;7231;544;8537;8683;4.83;0.29;334.32;7.84;1306;27;2955.00;146
7232;25;621394384;7232;532;8539;8683;4.86;0.30;334.28;7.84;1307;28;2956.00;144
7234;25;621394415;7234;536;8541;8683;4.86;0.30;334.44;7.84;1307;28;2957.00;142
7236;25;621394429;7236;527;8543;8683;4.88;0.30;334.51;7.84;1307;28;2958.00;140
7239;25;621394444;7239;522;8547;8683;4.89;0.30;334.45;7.89;1308;28;2959.00;136
7241;25;621394459;7241;527;8550;8684;4.90;0.30;334.51;7.89;1309;28;2960.00;134
7242;25;621394474;7242;519;8552;8685;4.91;0.30;334.49;7.89;1310;28;2961.00;133
7242;25;621394488;7242;515;8555;8685;4.95;0.30;334.49;7.89;1313;28;2962.00;130
7243;25;621394503;7243;510;8558;8689;4.99;0.30;334.57;7.89;1315;28;2963.00;131
7243;25;621394517;7243;510;8558;8689;5.05;0.31;334.57;7.89;1315;28;2964.00;131
7246;25;621394531;7246;503;8558;8689;5.11;0.31;334.58;7.89;1312;28;2965.00;131
7248;25;621394546;7248;505;8559;8689;5.15;0.31;334.56;7.94;1311;28;2966.00;130
7249;25;621394567;7249;498;8563;8695;5.23;0.32;334.59;7.94;1314;28;2967.00;132
7252;25;621394582;7252;503;8563;8695;5.22;0.32;334.59;7.94;1311;28;2968.00;132
7254;25;621394597;7254;498;8563;8695;5.24;0.32;334.60;7.94;1309;28;2969.00;132
7255;25;621394614;7255;494;8567;8701;5.31;0.32;334.59;7.93;1312;28;2970.00;134
7258;25;621394629;7258;493;8568;8701;5.34;0.32;334.57;7.93;1310;28;2971.00;133
7259;25;621394644;7259;495;8569;8701;5.39;0.33;334.53;7.93;1310;28;2972.00;132
7259;25;621394658;7259;490;8569;8702;5.40;0.33;334.53;7.93;1310;28;2973.00;133
7259;25;621394673;7259;494;8570;8703;5.41;0.33;334.53;7.93;1311;28;2974.00;133
7260;25;621394687;7260;491;8570;8703;5.44;0.33;334.54;7.93;1310;28;2975.00;133
7261;25;621394702;7261;495;8578;8716;5.53;0.33;334.50;7.92;1317;28;2976.00;138
7263;25;621394717;7263;490;8579;8716;5.56;0.34;334.56;7.92;1316;28;2977.00;137
7265;25;621394733;7265;491;8579;8716;5.59;0.34;334.66;7.92;1314;28;2978.00;137
7268;25;621394747;7268;487;8580;8717;5.62;0.34;334.83;7.92;1312;28;2979.00;137
7271;25;621394763;7271;482;8580;8717;5.66;0.34;334.85;7.92;1309;28;2980.00;137
7272;25;621394777;7272;478;8583;8721;5.73;0.35;334.85;7.92;1311;28;2981.00;138
7274;25;621394798;7274;471;8583;8721;5.71;0.35;334.80;7.92;1309;28;2982.00;138
7275;25;621394813;7275;470;8586;8725;5.73;0.35;334.76;7.92;1311;28;2983.00;139
7281;25;621394828;7281;452;8586;8725;5.71;0.34;334.95;7.92;1305;28;2984.00;139
7284;25;621394843;7284;448;8586;8725;5.71;0.35;335.09;7.92;1302;28;2985.00;139
7288;25;621394858;7288;439;8586;8725;5.71;0.35;335.13;7.92;1298;28;2986.00;139
7291;25;621394873;7291;443;8587;8725;5.71;0.35;335.23;7.97;1296;28;2987.00;138
7292;25;621394888;7292;439;8597;8737;5.78;0.35;335.20;7.96;1305;28;2988.00;140
7297;25;621394903;7297;432;8598;8737;5.75;0.35;335.31;7.96;1301;28;2989.00;139
7299;25;621394918;7299;425;8599;8737;5.79;0.35;335.40;7.96;1300;28;2990.00;138
7304;26;621394933;7304;411;8599;8737;5.82;0.35;335.54;7.96;1295;29;2991.00;138
7308;26;621394960;7308;409;8599;8737;5.85;0.35;335.67;7.96;1291;29;2992.00;138
7309;26;621394976;7309;404;8602;8737;5.91;0.36;335.67;7.97;1293;29;2993.00;135
7311;26;621394990;7311;395;8602;8738;5.94;0.36;335.74;7.97;1291;29;2994.00;136
7312;26;621395005;7312;393;8604;8738;5.91;0.36;335.75;8.07;1292;29;2995.00;134
7314;26;621395022;7314;392;8608;8744;5.96;0.36;335.89;8.06;1294;29;2996.00;136
7318;26;621395036;7318;393;8609;8745;5.97;0.36;336.09;8.06;1291;29;2997.00;136
7322;26;621395051;7322;388;8609;8745;5.93;0.36;336.14;8.06;1287;29;2998.00;136
7323;26;621395066;7323;385;8609;8745;5.91;0.36;336.14;8.06;1286;29;2999.00;136
7328;26;621395087;7328;395;8614;8765;5.88;0.35;336.25;8.06;1286;29;3000.00;151
7328;26;621395108;7328;388;8614;8765;5.91;0.36;336.25;8.06;1286;29;3001.00;151
7332;26;621395123;7332;384;8614;8765;5.90;0.36;336.38;8.06;1282;29;3002.00;151
7335;26;621395143;7335;386;8615;8766;5.95;0.36;336.53;8.06;1280;29;3003.00;151
7337;26;621395158;7337;378;8618;8770;5.96;0.36;336.47;8.05;1281;29;3004.00;152
7339;26;621395173;7339;378;8618;8770;5.96;0.36;336.43;8.05;1279;29;3005.00;152
7343;26;621395188;7343;388;8622;8773;5.98;0.36;336.58;8.05;1279;29;3006.00;151
7345;26;621395203;7345;381;8624;8773;6.05;0.37;336.57;8.05;1279;29;3007.00;149
7348;26;621395217;7348;383;8626;8773;6.02;0.36;336.52;8.06;1278;29;3008.00;147
7349;26;621395232;7349;380;8627;8773;6.01;0.36;336.51;8.07;1278;29;3009.00;146
7352;26;621395246;7352;387;8632;8777;6.03;0.36;336.56;8.08;1280;29;3010.00;145
7353;26;621395261;7353;387;8634;8777;6.05;0.37;336.69;8.08;1281;29;3011.00;143
7356;26;621395276;7356;387;8636;8777;5.99;0.36;336.65;8.08;1280;29;3012.00;141
7357;26;621395291;7357;383;8638;8777;5.98;0.36;336.70;8.08;1281;29;3013.00;139
7360;26;621395305;7360;386;8639;8778;6.03;0.37;336.93;8.08;1279;29;3014.00;139
7363;26;621395320;7363;388;8641;8780;5.98;0.36;337.16;8.08;1278;29;3015.00;139
7363;26;621395340;7363;388;8643;8780;5.96;0.36;337.16;8.08;1280;29;3016.00;137
7364;26;621395364;7364;384;8644;8781;6.00;0.36;337.18;8.08;1280;29;3017.00;137
7365;26;621395387;7365;384;8644;8781;5.96;0.36;337.23;8.08;1279;29;3018.00;137
7369;26;621395408;7369;391;8644;8781;5.97;0.36;337.30;8.08;1275;29;3019.00;137
7372;26;621395429;7372;399;8645;8781;5.98;0.36;337.30;8.13;1273;29;3020.00;136
7376;26;621395455;7376;397;8645;8781;5.97;0.36;337.29;8.13;1269;29;3021.00;136
7379;26;621395471;7379;403;8647;8781;5.93;0.36;337.32;8.13;1268;29;3022.00;134
7381;26;621395487;7381;405;8649;8781;5.93;0.36;337.38;8.23;1268;29;3023.00;132
7385;26;621395502;7385;434;8719;8908;6.03;0.37;337.38;8.16;1334;29;3024.00;189
7390;26;621395529;7390;435;8723;8909;5.99;0.37;337.69;8.21;1333;29;3025.00;186
7391;26;621395546;7391;431;8729;8909;6.03;0.37;337.68;8.20;1338;29;3026.00;180
7392;26;621395563;7392;433;8733;8909;6.02;0.37;337.73;8.25;1341;29;3027.00;176
7394;26;621395579;7394;434;8740;8909;5.94;0.37;337.82;8.34;1346;29;3028.00;169
7397;26;621395597;7397;432;8743;8909;5.92;0.36;337.95;8.38;1346;29;3029.00;166
7399;26;621395616;7399;437;8746;8909;5.92;0.36;337.98;8.42;1347;29;3030.00;163
7401;26;621395633;7401;437;8749;8909;5.91;0.36;338.09;8.47;1348;29;3031.00;160
7402;26;621395650;7402;437;8751;8910;5.93;0.36;338.13;8.47;1349;29;3032.00;159
7407;26;621395669;7407;441;8755;8911;5.93;0.36;338.25;8.47;1348;29;3033.00;156
7411;26;621395686;7411;438;8760;8911;5.95;0.37;338.14;8.51;1349;29;3034.00;151
7412;26;621395701;7412;441;8763;8912;5.93;0.36;338.18;8.51;1351;29;3035.00;149
7416;26;621395718;7416;448;8766;8912;5.87;0.36;338.21;8.60;1350;29;3036.00;146
7421;26;621395733;7421;456;8769;8912;5.81;0.36;338.23;8.60;1348;29;3037.00;143
7421;26;621395749;7421;458;8771;8912;5.77;0.36;338.23;8.64;1350;29;3038.00;141
7424;26;621395765;7424;463;8776;8916;5.76;0.35;338.33;8.64;1352;29;3039.00;140
7425;26;621395781;7425;475;8778;8916;5.73;0.35;338.30;8.72;1353;29;3040.00;138
7428;26;621395797;7428;476;8780;8916;5.67;0.35;338.48;8.72;1352;29;3041.00;136
7430;26;621395812;7430;480;8781;8919;5.67;0.35;338.56;8.72;1351;29;3042.00;138
7432;26;621395829;7432;487;8784;8919;5.64;0.35;338.58;8.76;1352;29;3043.00;135
7436;26;621395844;7436;497;8784;8919;5.56;0.34;338.51;8.76;1348;29;3044.00;135
7438;26;621395860;7438;495;8788;8923;5.51;0.34;338.60;8.77;1350;29;3045.00;135
7439;26;621395877;7439;502;8791;8924;5.43;0.33;338.60;8.84;1352;29;3046.00;133
7440;26;621395893;7440;501;8793;8924;5.38;0.33;338.72;8.85;1353;29;3047.00;131
7442;26;621395908;7442;508;8798;8928;5.33;0.33;338.80;8.92;1356;29;3048.00;130
7447;26;621395924;7447;506;8800;8928;5.28;0.32;339.00;8.96;1353;29;3049.00;128
7449;26;621395940;7449;507;8802;8928;5.26;0.32;339.04;9.00;1353;29;3050.00;126
7452;26;621395956;7452;514;8804;8929;5.21;0.32;339.21;9.00;1352;29;3051.00;125
7456;26;621395971;7456;519;8805;8929;5.12;0.31;339.26;9.00;1349;29;3052.00;124
7460;26;621395993;7460;516;8812;8935;5.09;0.31;339.34;9.07;1352;29;3053.00;123
7465;26;621396008;7465;515;8813;8935;5.04;0.31;339.35;9.11;1348;29;3054.00;122
7468;26;621396023;7468;523;8814;8936;4.95;0.30;339.39;9.15;1346;29;3055.00;122
7471;26;621396039;7471;530;8815;8936;4.88;0.30;339.53;9.15;1344;29;3056.00;121
7477;26;621396054;7477;542;8817;8936;4.76;0.29;339.63;9.22;1340;29;3057.00;119
7479;26;621396069;7479;548;8817;8936;4.66;0.29;339.58;9.22;1338;29;3058.00;119
7481;26;621396083;7481;561;8819;8936;4.56;0.28;339.63;9.29;1338;29;3059.00;117
7484;26;621396098;7484;557;8845;8972;4.60;0.28;339.62;9.27;1361;29;3060.00;127
7492;26;621396115;7492;561;8846;8972;4.47;0.28;339.75;9.26;1354;29;3061.00;126
7493;26;621396131;7493;564;8848;8972;4.41;0.27;339.72;9.26;1355;29;3062.00;124
7498;26;621396145;7498;572;8848;8972;4.33;0.27;339.84;9.26;1350;29;3063.00;124
7502;26;621396159;7502;578;8849;8972;4.26;0.26;339.96;9.26;1347;29;3064.00;123
7505;26;621396173;7505;584;8849;8972;4.22;0.26;339.89;9.26;1344;29;3065.00;123
7510;26;621396190;7510;596;8853;8976;4.19;0.26;339.86;9.26;1343;29;3066.00;123
7516;26;621396204;7516;596;8853;8976;4.15;0.25;339.84;9.26;1337;29;3067.00;123
7518;26;621396219;7518;594;8857;8980;4.15;0.25;339.91;9.26;1339;29;3068.00;123
7521;26;621396233;7521;591;8858;8981;4.15;0.26;339.87;9.25;1337;29;3069.00;123
7525;26;621396248;7525;589;8858;8981;4.16;0.26;339.96;9.25;1333;29;3070.00;123
7529;26;621396262;7529;591;8858;8981;4.14;0.25;340.05;9.25;1329;29;3071.00;123
7534;26;621396278;7534;597;8869;8994;4.15;0.25;340.17;9.24;1335;29;3072.00;125
7537;26;621396294;7537;601;8869;8994;4.12;0.25;340.25;9.24;1332;29;3073.00;125
7541;26;621396309;7541;603;8869;8994;4.12;0.25;340.25;9.24;1328;29;3074.00;125
7547;26;621396324;7547;600;8870;8995;4.10;0.25;340.29;9.24;1323;29;3075.00;125
7549;26;621396342;7549;605;8870;8996;4.10;0.25;340.33;9.24;1321;29;3076.00;126
7551;26;621396357;7551;605;8870;8996;4.11;0.25;340.34;9.24;1319;29;3077.00;126
7555;26;621396371;7555;602;8873;8999;4.06;0.25;340.31;9.24;1318;29;3078.00;126
7558;26;621396386;7558;606;8873;8999;4.07;0.25;340.26;9.24;1315;29;3079.00;126
7561;26;621396400;7561;602;8873;8999;4.04;0.25;340.22;9.24;1312;29;3080.00;126
7567;26;621396413;7567;599;8873;8999;4.00;0.25;340.17;9.24;1306;29;3081.00;126
7567;26;621396428;7567;596;8878;9005;4.03;0.25;340.17;9.23;1311;29;3082.00;127
7571;26;621396443;7571;596;8878;9005;3.99;0.25;340.18;9.23;1307;29;3083.00;127
7575;26;621396456;7575;600;8879;9005;3.98;0.24;340.09;9.29;1304;29;3084.00;126
7577;26;621396471;7577;596;8879;9005;3.95;0.24;340.13;9.29;1302;29;3085.00;126
7584;26;621396484;7584;597;8882;9009;3.92;0.24;340.16;9.29;1298;29;3086.00;127
7586;26;621396497;7586;604;8883;9010;3.90;0.24;340.18;9.28;1297;29;3087.00;127
7590;26;621396510;7590;614;8883;9010;3.81;0.23;340.27;9.28;1293;29;3088.00;127
7595;26;621396523;7595;624;8884;9011;3.75;0.23;340.24;9.28;1289;29;3089.00;127
7597;26;621396538;7597;620;8884;9011;3.74;0.23;340.26;9.28;1287;29;3090.00;127
7602;26;621396551;7602;626;8884;9011;3.67;0.23;340.27;9.28;1282;29;3091.00;127
7603;26;621396564;7603;629;8884;9011;3.63;0.22;340.28;9.28;1281;29;3092.00;127
7606;26;621396577;7606;630;8884;9011;3.60;0.22;340.23;9.28;1278;29;3093.00;127
7610;26;621396590;7610;631;8884;9011;3.58;0.22;340.31;9.28;1274;29;3094.00;127
7613;26;621396603;7613;639;8884;9011;3.57;0.22;340.23;9.28;1271;29;3095.00;127
7614;26;621396616;7614;657;8923;9081;3.78;0.23;340.27;9.24;1309;29;3096.00;158
7615;26;621396634;7615;659;8925;9082;3.80;0.23;340.28;9.24;1310;29;3097.00;157
7617;26;621396648;7617;651;8931;9082;3.86;0.24;340.24;9.24;1314;29;3098.00;151
7621;26;621396662;7621;655;8933;9082;3.85;0.24;340.27;9.23;1312;29;3099.00;149
7622;26;621396675;7622;645;8936;9082;3.85;0.24;340.29;9.29;1314;29;3100.00;146
7625;26;621396692;7625;650;8938;9082;3.82;0.23;340.24;9.29;1313;29;3101.00;144
7628;26;621396706;7628;648;8939;9082;3.76;0.23;340.27;9.29;1311;29;3102.00;143
7629;26;621396719;7629;652;8945;9082;3.74;0.23;340.24;9.29;1316;29;3103.00;137
7631;26;621396731;7631;659;8945;9083;3.67;0.22;340.19;9.29;1314;29;3104.00;138
7635;26;621396744;7635;671;8948;9085;3.63;0.22;340.19;9.29;1313;29;3105.00;137
7635;26;621396758;7635;672;8949;9085;3.57;0.22;340.19;9.28;1314;29;3106.00;136
7636;26;621396770;7636;661;8954;9089;3.61;0.22;340.18;9.28;1318;29;3107.00;135
7640;26;621396784;7640;645;8956;9089;3.62;0.22;340.17;9.28;1316;29;3108.00;133
7641;26;621396798;7641;637;8957;9089;3.63;0.22;340.17;9.28;1316;29;3109.00;132
7642;26;621396812;7642;627;8957;9089;3.66;0.22;340.21;9.28;1315;29;3110.00;132
7644;26;621396825;7644;633;8962;9095;3.70;0.22;340.27;9.28;1318;29;3111.00;133
7645;26;621396840;7645;631;8962;9095;3.75;0.23;340.25;9.28;1317;29;3112.00;133
7646;26;621396854;7646;634;8962;9095;3.83;0.23;340.31;9.28;1316;29;3113.00;133
7646;26;621396873;7646;629;8965;9098;3.98;0.24;340.31;9.27;1319;29;3114.00;133
7647;26;621396888;7647;628;8965;9098;4.05;0.25;340.33;9.27;1318;29;3115.00;133
7647;26;621396907;7647;604;8965;9098;4.11;0.25;340.33;9.27;1318;29;3116.00;133
7648;26;621396927;7648;592;8965;9099;4.15;0.25;340.29;9.27;1317;29;3117.00;134
7649;26;621396942;7649;574;8966;9100;4.27;0.26;340.25;9.27;1317;29;3118.00;134
7649;26;621396957;7649;556;8966;9100;4.37;0.27;340.25;9.27;1317;29;3119.00;134
7650;26;621396973;7650;549;8986;9126;4.59;0.28;340.27;9.25;1336;29;3120.00;140
7651;26;621396990;7651;538;8986;9126;4.62;0.28;340.23;9.25;1335;29;3121.00;140
7652;26;621397005;7652;534;8988;9126;4.70;0.29;340.19;9.25;1336;29;3122.00;138
7653;26;621397020;7653;528;8989;9127;4.76;0.29;340.14;9.25;1336;29;3123.00;138
7655;26;621397035;7655;523;8989;9127;4.77;0.29;340.18;9.25;1334;29;3124.00;138
7656;26;621397051;7656;521;8993;9131;4.81;0.29;340.19;9.25;1337;29;3125.00;138
7656;26;621397066;7656;518;8993;9131;4.85;0.29;340.19;9.25;1337;29;3126.00;138
7656;26;621397083;7656;513;8996;9135;4.86;0.30;340.19;9.24;1340;29;3127.00;139
7659;26;621397102;7659;508;8996;9135;4.89;0.30;340.20;9.24;1337;29;3128.00;139
7663;26;621397118;7663;512;8996;9135;4.87;0.30;340.28;9.24;1333;29;3129.00;139
7666;26;621397134;7666;503;8997;9135;4.89;0.30;340.34;9.30;1331;29;3130.00;138
7668;26;621397154;7668;505;8997;9135;4.90;0.30;340.53;9.30;1329;29;3131.00;138
7670;26;621397169;7670;501;9006;9147;4.98;0.30;340.69;9.29;1336;29;3132.00;141
7671;26;621397185;7671;499;9006;9147;5.02;0.31;340.72;9.29;1335;29;3133.00;141
7673;26;621397200;7673;492;9008;9147;5.05;0.31;340.67;9.29;1335;29;3134.00;139
7675;26;621397215;7675;485;9008;9147;5.13;0.31;340.81;9.29;1333;29;3135.00;139
7677;26;621397229;7677;479;9008;9147;5.20;0.32;340.98;9.29;1331;29;3136.00;139
7681;26;621397245;7681;480;9009;9147;5.26;0.32;340.95;9.34;1328;29;3137.00;138
7684;26;621397260;7684;481;9009;9148;5.30;0.32;341.10;9.34;1325;29;3138.00;139
7685;26;621397276;7685;482;9009;9148;5.36;0.32;341.20;9.34;1324;29;3139.00;139
7688;26;621397291;7688;484;9014;9154;5.45;0.33;341.22;9.34;1326;29;3140.00;140
7692;26;621397306;7692;476;9015;9155;5.50;0.33;341.46;9.34;1323;29;3141.00;140
7693;26;621397322;7693;475;9015;9155;5.50;0.33;341.45;9.34;1322;29;3142.00;140
7695;26;621397342;7695;477;9015;9155;5.55;0.33;341.43;9.34;1320;29;3143.00;140
7696;26;621397376;7696;487;9018;9159;5.59;0.34;341.53;9.33;1322;29;3144.00;141
7697;26;621397408;7697;483;9018;9159;5.57;0.34;341.52;9.33;1321;29;3145.00;141
7698;26;621397429;7698;482;9018;9159;5.55;0.33;341.52;9.33;1320;29;3146.00;141
7701;26;621397453;7701;487;9019;9160;5.53;0.33;341.71;9.33;1318;29;3147.00;141
7703;26;621397471;7703;492;9022;9164;5.53;0.33;341.84;9.33;1319;29;3148.00;142
7704;26;621397488;7704;495;9022;9164;5.51;0.33;341.86;9.33;1318;29;3149.00;142
7705;26;621397505;7705;494;9026;9170;5.58;0.34;341.91;9.32;1321;29;3150.00;144
7710;26;621397522;7710;489;9026;9170;5.55;0.34;342.03;9.32;1316;29;3151.00;144
7710;26;621397538;7710;484;9028;9170;5.62;0.34;342.03;9.32;1318;29;3152.00;142
7713;26;621397554;7713;480;9028;9170;5.60;0.34;342.09;9.32;1315;29;3153.00;142
7714;26;621397570;7714;471;9032;9174;5.64;0.34;342.12;9.32;1318;29;3154.00;142
7716;26;621397586;7716;471;9032;9174;5.62;0.34;342.14;9.32;1316;29;3155.00;142
7719;26;621397602;7719;464;9032;9174;5.63;0.34;342.18;9.32;1313;29;3156.00;142
7725;26;621397618;7725;462;9032;9174;5.65;0.34;342.38;9.32;1307;29;3157.00;142
7728;26;621397632;7728;452;9033;9175;5.64;0.34;342.45;9.37;1305;29;3158.00;142
7729;26;621397648;7729;446;9034;9176;5.72;0.35;342.47;9.37;1305;29;3159.00;142
7731;26;621397663;7731;437;9034;9176;5.75;0.35;342.50;9.37;1303;29;3160.00;142
7734;26;621397678;7734;432;9035;9177;5.74;0.35;342.53;9.37;1301;29;3161.00;142
7737;26;621397693;7737;420;9035;9177;5.70;0.35;342.58;9.37;1298;29;3162.00;142
7740;26;621397708;7740;412;9035;9177;5.63;0.34;342.56;9.37;1295;29;3163.00;142
7746;26;621397724;7746;406;9035;9177;5.58;0.34;342.60;9.37;1289;29;3164.00;142
7747;26;621397739;7747;402;9037;9177;5.59;0.34;342.59;9.46;1290;29;3165.00;140
7750;26;621397757;7750;408;9037;9177;5.61;0.34;342.61;9.46;1287;29;3166.00;140
7753;26;621397773;7753;395;9037;9177;5.66;0.34;342.63;9.46;1284;29;3167.00;140
7755;26;621397788;7755;420;9105;9304;5.84;0.36;342.70;9.39;1350;29;3168.00;199
7760;26;621397814;7760;412;9108;9305;5.89;0.36;342.93;9.39;1348;29;3169.00;197
7763;26;621397831;7763;406;9113;9305;5.93;0.36;343.09;9.39;1350;29;3170.00;192
7765;26;621397846;7765;402;9115;9305;5.93;0.37;343.06;9.38;1350;29;3171.00;190
7768;26;621397862;7768;407;9121;9305;5.98;0.37;343.10;9.38;1353;29;3172.00;184
7772;26;621397879;7772;413;9121;9305;5.95;0.36;343.21;9.38;1349;29;3173.00;184
7775;26;621397895;7775;411;9124;9305;5.97;0.37;343.23;9.38;1349;29;3174.00;181
7776;26;621397912;7776;418;9127;9305;6.01;0.37;343.23;9.38;1351;29;3175.00;178
7780;26;621397927;7780;417;9130;9306;6.08;0.37;343.43;9.38;1350;29;3176.00;176
7785;26;621397945;7785;414;9136;9307;6.08;0.37;343.42;9.38;1351;29;3177.00;171
7788;26;621397961;7788;431;9140;9307;6.05;0.37;343.48;9.38;1352;29;3178.00;167
7791;26;621397984;7791;429;9142;9308;5.98;0.36;343.65;9.38;1351;29;3179.00;166
7793;26;621398002;7793;421;9149;9308;5.90;0.36;343.61;9.38;1356;29;3180.00;159
7796;26;621398019;7796;423;9150;9308;5.87;0.36;343.72;9.38;1354;29;3181.00;158
7799;26;621398037;7799;427;9150;9308;5.80;0.35;343.67;9.38;1351;29;3182.00;158
7800;26;621398053;7800;430;9154;9312;5.82;0.36;343.76;9.38;1354;29;3183.00;158
7802;26;621398069;7802;435;9155;9312;5.78;0.35;343.77;9.38;1353;29;3184.00;157
7806;26;621398086;7806;438;9156;9312;5.76;0.35;343.90;9.38;1350;29;3185.00;156
7807;26;621398103;7807;448;9158;9315;5.76;0.35;343.90;9.38;1351;29;3186.00;157
7808;26;621398119;7808;460;9158;9315;5.80;0.35;343.95;9.38;1350;29;3187.00;157
7810;26;621398135;7810;469;9159;9315;5.73;0.35;344.05;9.38;1349;29;3188.00;156
7812;26;621398152;7812;473;9161;9319;5.70;0.35;344.03;9.38;1349;29;3189.00;158
7816;26;621398170;7816;481;9166;9320;5.67;0.35;344.19;9.43;1350;29;3190.00;154
7820;26;621398186;7820;488;9170;9322;5.62;0.34;344.30;9.48;1350;29;3191.00;152
7824;26;621398204;7824;492;9172;9326;5.56;0.34;344.40;9.47;1348;29;3192.00;154
7828;26;621398220;7828;493;9175;9326;5.52;0.34;344.55;9.57;1347;29;3193.00;151
7830;26;621398237;7830;498;9176;9326;5.51;0.34;344.59;9.57;1346;29;3194.00;150
7832;26;621398253;7832;501;9179;9328;5.48;0.34;344.56;9.61;1347;29;3195.00;149
7836;26;621398270;7836;505;9181;9328;5.43;0.33;344.64;9.71;1345;29;3196.00;147
7842;26;621398286;7842;509;9186;9334;5.43;0.33;344.71;9.70;1344;29;3197.00;148
7844;26;621398302;7844;518;9186;9334;5.36;0.33;344.87;9.70;1342;29;3198.00;148
7848;26;621398318;7848;528;9188;9335;5.30;0.32;344.96;9.79;1340;29;3199.00;147
7854;26;621398334;7854;529;9189;9335;5.20;0.32;345.07;9.84;1335;29;3200.00;146
7856;26;621398354;7856;535;9190;9335;5.14;0.31;345.16;9.88;1334;29;3201.00;145
7859;26;621398369;7859;536;9190;9335;5.07;0.31;345.28;9.88;1331;29;3202.00;145
7862;26;621398385;7862;534;9191;9335;5.03;0.31;345.45;9.93;1329;29;3203.00;144
7862;26;621398400;7862;538;9201;9347;5.08;0.31;345.45;9.91;1339;29;3204.00;146
7865;26;621398414;7865;549;9203;9347;5.02;0.31;345.53;10.00;1338;29;3205.00;144
7869;26;621398428;7869;555;9206;9347;4.96;0.30;345.58;10.05;1337;29;3206.00;141
7873;26;621398442;7873;559;9207;9347;4.91;0.30;345.74;10.09;1334;29;3207.00;140
7875;26;621398455;7875;569;9207;9347;4.85;0.30;345.92;10.09;1332;29;3208.00;140
7876;26;621398469;7876;562;9209;9347;4.81;0.29;345.97;10.17;1333;29;3209.00;138
7878;26;621398484;7878;570;9213;9351;4.83;0.29;346.07;10.21;1335;29;3210.00;138
7881;26;621398498;7881;576;9214;9351;4.84;0.30;346.13;10.25;1333;29;3211.00;137
7881;26;621398511;7881;576;9218;9355;4.89;0.30;346.13;10.25;1337;29;3212.00;137
7883;26;621398525;7883;575;9221;9356;4.87;0.30;346.31;10.33;1338;29;3213.00;135
7888;26;621398538;7888;577;9221;9356;4.78;0.29;346.55;10.33;1333;29;3214.00;135
7891;26;621398552;7891;570;9221;9356;4.68;0.28;346.55;10.33;1330;29;3215.00;135
7893;26;621398565;7893;570;9234;9369;4.65;0.28;346.65;10.40;1341;29;3216.00;135
7896;26;621398580;7896;570;9235;9369;4.63;0.28;346.70;10.44;1339;29;3217.00;134
7898;26;621398594;7898;569;9236;9369;4.63;0.28;346.65;10.48;1338;29;3218.00;133
7901;26;621398607;7901;575;9237;9370;4.63;0.28;346.79;10.48;1336;29;3219.00;133
7902;26;621398621;7902;573;9237;9371;4.62;0.28;346.84;10.48;1335;29;3220.00;134
7904;26;621398634;7904;578;9239;9371;4.58;0.28;346.83;10.56;1335;29;3221.00;132
7905;26;621398647;7905;581;9243;9374;4.55;0.28;346.80;10.59;1338;29;3222.00;131
7909;26;621398661;7909;587;9244;9374;4.50;0.27;346.83;10.63;1335;29;3223.00;130
7912;26;621398674;7912;581;9244;9374;4.47;0.27;346.79;10.63;1332;29;3224.00;130
7915;26;621398688;7915;582;9246;9374;4.41;0.27;346.85;10.70;1331;29;3225.00;128
7917;26;621398701;7917;584;9251;9380;4.38;0.27;346.86;10.70;1334;29;3226.00;129
7922;26;621398715;7922;587;9251;9380;4.27;0.26;346.89;10.70;1329;29;3227.00;129
7922;26;621398728;7922;586;9253;9380;4.13;0.25;346.89;10.77;1331;29;3228.00;127
7927;26;621398740;7927;594;9253;9380;4.01;0.25;346.88;10.77;1326;29;3229.00;127
7928;26;621398752;7928;585;9258;9384;3.95;0.24;346.85;10.84;1330;29;3230.00;126
7931;26;621398765;7931;575;9259;9385;3.92;0.24;346.86;10.84;1328;29;3231.00;126
7936;26;621398778;7936;574;9260;9385;3.86;0.24;346.80;10.88;1324;29;3232.00;125
7938;26;621398791;7938;571;9262;9386;3.85;0.24;346.73;10.91;1324;29;3233.00;124
7943;26;621398803;7943;578;9262;9386;3.82;0.24;346.63;10.91;1319;29;3234.00;124
7946;26;621398816;7946;576;9262;9386;3.82;0.24;346.54;10.91;1316;29;3235.00;124
7949;26;621398830;7949;577;9262;9386;3.82;0.24;346.53;10.91;1313;29;3236.00;124
7951;26;621398843;7951;578;9262;9386;3.82;0.24;346.53;10.91;1311;29;3237.00;124
7954;26;621398855;7954;579;9262;9386;3.85;0.24;346.46;10.91;1308;29;3238.00;124
7955;26;621398868;7955;574;9262;9386;3.87;0.24;346.55;10.91;1307;29;3239.00;124
7959;26;621398882;7959;574;9322;9511;4.08;0.26;346.48;10.84;1363;29;3240.00;189
7962;26;621398904;7962;572;9326;9512;4.10;0.26;346.45;10.84;1364;29;3241.00;186
7965;26;621398918;7965;557;9335;9512;4.20;0.26;346.39;10.83;1370;29;3242.00;177
7966;26;621398932;7966;567;9341;9512;4.26;0.26;346.36;10.82;1375;29;3243.00;171
7972;26;621398945;7972;563;9346;9512;4.26;0.26;346.30;10.82;1374;29;3244.00;166
7976;26;621398965;7976;565;9349;9512;4.32;0.27;346.35;10.82;1373;29;3245.00;163
7980;26;621398980;7980;566;9353;9512;4.36;0.27;346.31;10.82;1373;29;3246.00;159
7983;26;621398993;7983;566;9355;9512;4.37;0.27;346.33;10.82;1372;29;3247.00;157
7988;26;621399007;7988;566;9357;9513;4.34;0.27;346.29;10.82;1369;29;3248.00;156
7991;26;621399022;7991;569;9358;9514;4.33;0.27;346.24;10.82;1367;29;3249.00;156
7992;26;621399036;7992;577;9360;9514;4.35;0.27;346.26;10.82;1368;29;3250.00;154
7995;26;621399050;7995;585;9365;9518;4.39;0.27;346.22;10.81;1370;29;3251.00;153
7998;26;621399069;7998;590;9366;9518;4.34;0.27;346.21;10.81;1368;29;3252.00;152
8002;26;621399083;8002;595;9366;9518;4.26;0.26;346.15;10.81;1364;29;3253.00;152
8004;26;621399097;8004;600;9366;9518;4.19;0.26;346.18;10.81;1362;29;3254.00;152
8006;26;621399117;8006;600;9370;9524;4.17;0.26;346.21;10.81;1364;29;3255.00;154
8009;26;621399132;8009;608;9371;9524;4.18;0.26;346.26;10.81;1362;29;3256.00;153
8012;26;621399146;8012;618;9371;9524;4.13;0.25;346.35;10.81;1359;29;3257.00;153
8015;26;621399160;8015;618;9372;9527;4.08;0.25;346.38;10.81;1357;29;3258.00;155
8017;26;621399174;8017;611;9373;9527;4.04;0.25;346.37;10.81;1356;29;3259.00;154
8023;26;621399188;8023;611;9375;9527;3.94;0.24;346.40;10.81;1352;29;3260.00;152
8028;26;621399202;8028;605;9377;9528;3.91;0.24;346.33;10.87;1349;29;3261.00;151
8030;26;621399217;8030;609;9378;9529;3.91;0.24;346.34;10.87;1348;29;3262.00;151
8035;26;621399231;8035;611;9379;9529;3.87;0.24;346.40;10.87;1344;29;3263.00;150
8037;26;621399245;8037;614;9389;9542;3.97;0.24;346.40;10.86;1352;29;3264.00;153
8043;26;621399260;8043;609;9391;9542;3.97;0.24;346.31;10.86;1348;29;3265.00;151
8049;26;621399280;8049;605;9392;9542;3.92;0.24;346.50;10.86;1343;29;3266.00;150
8053;26;621399294;8053;605;9392;9543;3.94;0.24;346.44;10.86;1339;29;3267.00;151
8056;26;621399308;8056;604;9394;9543;3.95;0.24;346.42;10.85;1338;29;3268.00;149
8059;26;621399322;8059;611;9397;9547;3.94;0.24;346.45;10.85;1338;29;3269.00;150
8061;26;621399343;8061;593;9397;9547;3.98;0.24;346.43;10.85;1336;29;3270.00;150
8063;26;621399364;8063;591;9400;9551;4.04;0.25;346.45;10.85;1337;29;3271.00;151
8068;26;621399387;8068;584;9401;9551;3.99;0.25;346.37;10.85;1333;29;3272.00;150
8071;26;621399409;8071;573;9401;9551;3.95;0.24;346.51;10.85;1330;29;3273.00;150
8073;26;621399428;8073;572;9401;9551;3.95;0.24;346.53;10.85;1328;29;3274.00;150
8076;26;621399449;8076;575;9401;9551;3.92;0.24;346.48;10.85;1325;29;3275.00;150
8078;26;621399466;8078;571;9411;9563;4.03;0.25;346.50;10.84;1333;29;3276.00;152
8081;26;621399483;8081;564;9412;9563;4.06;0.25;346.45;10.90;1331;29;3277.00;151
8081;26;621399499;8081;565;9413;9563;4.12;0.25;346.45;10.90;1332;29;3278.00;150
8084;26;621399516;8084;564;9413;9563;4.14;0.25;346.44;10.90;1329;29;3279.00;150
8085;26;621399531;8085;562;9413;9563;4.20;0.26;346.43;10.90;1328;29;3280.00;150
8089;26;621399546;8089;565;9413;9563;4.20;0.26;346.58;10.90;1324;29;3281.00;150
8092;26;621399562;8092;566;9413;9564;4.23;0.26;346.53;10.90;1321;29;3282.00;151
8093;26;621399577;8093;573;9413;9564;4.22;0.26;346.54;10.90;1320;29;3283.00;151
8098;26;621399593;8098;575;9418;9570;4.18;0.26;346.52;10.89;1320;29;3284.00;152
8100;26;621399608;8100;581;9420;9572;4.17;0.25;346.67;10.89;1320;29;3285.00;152
8101;26;621399630;8101;563;9420;9572;4.15;0.25;346.65;10.89;1319;29;3286.00;152
8102;26;621399646;8102;556;9421;9572;4.16;0.25;346.63;10.95;1319;29;3287.00;151
8104;26;621399662;8104;545;9424;9576;4.26;0.26;346.64;10.94;1320;29;3288.00;152
8104;26;621399679;8104;537;9424;9576;4.33;0.26;346.64;10.94;1320;29;3289.00;152
8106;26;621399695;8106;526;9424;9576;4.38;0.27;346.77;10.94;1318;29;3290.00;152
8107;26;621399714;8107;521;9425;9577;4.48;0.27;346.84;10.94;1318;29;3291.00;152
8109;26;621399731;8109;517;9428;9581;4.56;0.28;346.95;10.94;1319;29;3292.00;153
8112;26;621399747;8112;505;9428;9581;4.58;0.28;347.06;10.94;1316;29;3293.00;153
8114;26;621399772;8114;501;9430;9584;4.66;0.28;347.08;10.94;1316;29;3294.00;154
8115;26;621399788;8115;501;9430;9584;4.71;0.29;347.18;10.94;1315;29;3295.00;154
8116;26;621399804;8116;505;9431;9584;4.79;0.29;347.24;10.93;1315;30;3296.00;153
8119;26;621399834;8119;509;9431;9584;4.80;0.29;347.29;10.93;1312;30;3297.00;153
8122;26;621399850;8122;499;9435;9588;4.83;0.29;347.39;10.93;1313;30;3298.00;153
8122;26;621399866;8122;493;9435;9588;4.84;0.30;347.39;10.93;1313;30;3299.00;153
8125;26;621399885;8125;488;9440;9607;4.82;0.29;347.46;10.92;1315;30;3300.00;167
8127;26;621399909;8127;483;9440;9607;4.82;0.30;347.56;10.92;1313;30;3301.00;167
8128;26;621399927;8128;482;9440;9608;4.89;0.30;347.64;10.92;1312;30;3302.00;168
8131;26;621399943;8131;478;9441;9609;4.91;0.30;347.79;10.92;1310;30;3303.00;168
8137;26;621399959;8137;485;9441;9609;4.88;0.30;348.08;10.92;1304;30;3304.00;168
8141;26;621399975;8141;479;9442;9610;4.94;0.30;348.18;10.92;1301;30;3305.00;168
8144;26;621399991;8144;492;9444;9610;4.91;0.30;348.45;10.92;1300;30;3306.00;166
8144;26;621400005;8144;498;9444;9610;4.95;0.30;348.45;10.92;1300;30;3307.00;166
8148;26;621400021;8148;498;9444;9610;5.00;0.30;348.44;10.92;1296;30;3308.00;166
8150;26;621400037;8150;503;9444;9610;5.02;0.31;348.45;10.92;1294;30;3309.00;166
8153;26;621400051;8153;503;9444;9610;5.02;0.31;348.65;10.92;1291;30;3310.00;166
8156;26;621400066;8156;498;9445;9610;5.02;0.31;348.82;10.92;1289;30;3311.00;165
8157;26;621400081;8157;532;9513;9737;5.08;0.31;348.80;10.84;1356;30;3312.00;224
8159;26;621400106;8159;506;9513;9738;5.09;0.31;348.89;10.84;1354;30;3313.00;225
8161;26;621400122;8161;509;9517;9738;5.16;0.32;349.01;10.84;1356;30;3314.00;221
8164;26;621400137;8164;505;9517;9738;5.15;0.32;349.15;10.84;1353;30;3315.00;221
8165;26;621400154;8165;508;9522;9738;5.19;0.32;349.15;10.84;1357;30;3316.00;216
8166;26;621400170;8166;509;9523;9738;5.22;0.32;349.20;10.84;1357;30;3317.00;215
8167;26;621400186;8167;504;9526;9738;5.25;0.32;349.21;10.84;1359;30;3318.00;212
8171;26;621400202;8171;504;9527;9738;5.27;0.32;349.30;10.84;1356;30;3319.00;211
8172;26;621400218;8172;504;9530;9739;5.37;0.33;349.30;10.84;1358;30;3320.00;209
8173;26;621400234;8173;505;9535;9740;5.39;0.33;349.28;10.84;1362;30;3321.00;205
8174;26;621400251;8174;503;9539;9740;5.43;0.33;349.32;10.84;1365;30;3322.00;201
8175;26;621400268;8175;499;9543;9741;5.43;0.33;349.36;10.84;1368;30;3323.00;198
8175;26;621400284;8175;502;9544;9741;5.44;0.33;349.36;10.84;1369;30;3324.00;197
8180;26;621400300;8180;504;9546;9741;5.41;0.33;349.43;10.84;1366;30;3325.00;195
8184;26;621400316;8184;499;9550;9741;5.37;0.33;349.46;10.84;1366;30;3326.00;191
8186;26;621400333;8186;493;9554;9745;5.34;0.33;349.46;10.84;1368;30;3327.00;191
8187;26;621400350;8187;490;9554;9745;5.35;0.33;349.51;10.84;1367;30;3328.00;191
8190;26;621400367;8190;484;9558;9745;5.29;0.32;349.66;10.84;1368;30;3329.00;187
8191;26;621400386;8191;482;9560;9751;5.24;0.32;349.72;10.84;1369;30;3330.00;191
8191;26;621400402;8191;467;9561;9751;5.22;0.32;349.72;10.84;1370;30;3331.00;190
8197;26;621400417;8197;468;9563;9751;5.20;0.32;349.84;10.84;1366;30;3332.00;188
8200;26;621400433;8200;466;9567;9755;5.19;0.32;349.90;10.84;1367;30;3333.00;188
8202;26;621400449;8202;460;9570;9756;5.16;0.32;349.92;10.84;1368;30;3334.00;186
8205;26;621400465;8205;453;9575;9756;5.14;0.31;349.95;10.94;1370;30;3335.00;181
8208;26;621400483;8208;454;9578;9760;5.12;0.31;350.02;10.94;1370;30;3336.00;182
8214;26;621400504;8214;455;9578;9760;5.05;0.31;350.02;10.94;1364;30;3337.00;182
8217;26;621400519;8217;457;9581;9760;4.99;0.30;350.00;10.94;1364;30;3338.00;179
8222;26;621400535;8222;459;9584;9761;4.99;0.30;350.12;10.94;1362;30;3339.00;177
8223;26;621400550;8223;455;9585;9761;4.95;0.30;350.10;10.94;1362;30;3340.00;176
8227;26;621400565;8227;456;9589;9767;4.98;0.30;350.03;10.94;1362;30;3341.00;178
8229;26;621400581;8229;445;9589;9767;4.94;0.30;350.05;10.94;1360;30;3342.00;178
8231;26;621400602;8231;452;9591;9768;4.95;0.30;350.08;10.94;1360;30;3343.00;177
8235;26;621400618;8235;451;9593;9768;4.94;0.30;350.33;10.94;1358;30;3344.00;175
8237;26;621400633;8237;450;9593;9768;4.97;0.30;350.32;10.94;1356;30;3345.00;175
8242;26;621400649;8242;444;9593;9768;4.94;0.30;350.38;10.94;1351;30;3346.00;175
8244;26;621400665;8244;451;9594;9768;4.97;0.30;350.41;10.94;1350;30;3347.00;174
8244;26;621400679;8244;460;9605;9780;5.04;0.31;350.41;10.93;1361;30;3348.00;175
8246;26;621400695;8246;463;9605;9780;5.04;0.31;350.51;10.93;1359;30;3349.00;175
8249;26;621400710;8249;468;9606;9780;4.98;0.30;350.50;10.93;1357;30;3350.00;174
8251;26;621400725;8251;469;9607;9780;4.97;0.30;350.52;10.94;1356;30;3351.00;173
8253;26;621400741;8253;469;9607;9780;4.94;0.30;350.57;10.94;1354;30;3352.00;173
8254;26;621400755;8254;472;9608;9780;4.89;0.30;350.65;10.94;1354;30;3353.00;172
8258;26;621400770;8258;475;9612;9784;4.85;0.30;350.71;10.94;1354;30;3354.00;172
8259;26;621400785;8259;478;9612;9784;4.88;0.30;350.81;10.94;1353;30;3355.00;172
8261;26;621400805;8261;491;9617;9788;4.90;0.30;350.80;10.93;1356;30;3356.00;171
8264;26;621400826;8264;498;9618;9789;4.92;0.30;350.87;10.93;1354;30;3357.00;171
8267;26;621400841;8267;509;9618;9789;4.93;0.30;350.86;10.93;1351;30;3358.00;171
8270;26;621400856;8270;517;9618;9789;4.94;0.30;350.97;10.93;1348;30;3359.00;171
8276;26;621400873;8276;530;9639;9818;4.93;0.30;351.15;10.96;1363;30;3360.00;179
8278;26;621400890;8278;540;9640;9818;4.88;0.30;351.12;10.96;1362;30;3361.00;178
8280;26;621400905;8280;545;9642;9818;4.90;0.30;351.25;10.96;1362;30;3362.00;176
8283;26;621400920;8283;551;9645;9819;4.93;0.30;351.38;10.95;1362;30;3363.00;174
8284;26;621400935;8284;555;9646;9820;4.87;0.30;351.39;11.00;1362;30;3364.00;174
8286;26;621400950;8286;557;9646;9820;4.80;0.29;351.55;11.00;1360;30;3365.00;174
8291;26;621400964;8291;559;9652;9823;4.74;0.29;351.69;11.19;1361;30;3366.00;171
8293;26;621400980;8293;555;9652;9823;4.70;0.29;351.75;11.19;1359;30;3367.00;171
8296;26;621400994;8296;567;9654;9823;4.67;0.29;351.83;11.24;1358;30;3368.00;169
8299;26;621401008;8299;567;9654;9823;4.64;0.28;351.99;11.24;1355;30;3369.00;169
8301;26;621401022;8301;576;9659;9829;4.65;0.29;352.05;11.23;1358;30;3370.00;170
8302;26;621401037;8302;580;9660;9829;4.58;0.28;352.13;11.28;1358;30;3371.00;169
8304;26;621401051;8304;587;9660;9829;4.52;0.28;352.23;11.28;1356;30;3372.00;169
8308;26;621401065;8308;592;9662;9829;4.41;0.27;352.25;11.37;1354;30;3373.00;167
8311;26;621401080;8311;598;9666;9833;4.33;0.27;352.48;11.41;1355;30;3374.00;167
8314;26;621401094;8314;605;9669;9835;4.27;0.26;352.52;11.46;1355;30;3375.00;166
8317;26;621401108;8317;606;9669;9835;4.23;0.26;352.54;11.46;1352;30;3376.00;166
8319;26;621401121;8319;607;9672;9836;4.19;0.26;352.49;11.54;1353;30;3377.00;164
8322;26;621401135;8322;610;9672;9836;4.16;0.26;352.60;11.54;1350;30;3378.00;164
8325;26;621401149;8325;613;9674;9836;4.12;0.25;352.56;11.63;1349;30;3379.00;162
8326;26;621401162;8326;613;9674;9836;4.09;0.25;352.52;11.63;1348;30;3380.00;162
8330;26;621401176;8330;609;9674;9836;4.07;0.25;352.44;11.63;1344;30;3381.00;162
8330;26;621401190;8330;606;9674;9836;4.09;0.25;352.44;11.63;1344;30;3382.00;162
8334;26;621401202;8334;608;9674;9836;4.05;0.25;352.46;11.63;1340;30;3383.00;162
8338;26;621401216;8338;616;9719;9906;4.21;0.26;352.47;11.67;1381;30;3384.00;187
8342;26;621401235;8342;614;9724;9907;4.17;0.26;352.61;11.79;1382;30;3385.00;183
8344;26;621401249;8344;613;9732;9907;4.19;0.26;352.64;11.83;1388;30;3386.00;175
8344;26;621401263;8344;606;9735;9907;4.19;0.26;352.64;11.82;1391;30;3387.00;172
8346;26;621401276;8346;612;9737;9907;4.19;0.26;352.65;11.82;1391;30;3388.00;170
8348;26;621401289;8348;613;9739;9907;4.19;0.26;352.60;11.82;1391;30;3389.00;168
8353;26;621401304;8353;615;9742;9907;4.16;0.25;352.63;11.86;1389;30;3390.00;165
8356;26;621401317;8356;621;9743;9907;4.16;0.25;352.57;11.86;1387;30;3391.00;164
8361;26;621401330;8361;628;9746;9908;4.14;0.25;352.52;11.90;1385;30;3392.00;162
8364;26;621401348;8364;632;9747;9909;4.11;0.25;352.45;11.90;1383;30;3393.00;162
8366;26;621401370;8366;636;9747;9909;4.05;0.25;352.41;11.90;1381;30;3394.00;162
8369;26;621401391;8369;642;9752;9913;3.99;0.24;352.32;11.98;1383;30;3395.00;161
8372;26;621401413;8372;653;9752;9913;3.88;0.24;352.31;11.98;1380;30;3396.00;161
8378;26;621401432;8378;654;9752;9913;3.74;0.23;352.17;11.98;1374;30;3397.00;161
8381;26;621401452;8381;671;9752;9913;3.63;0.22;352.17;11.98;1371;30;3398.00;161
8381;26;621401466;8381;687;9756;9919;3.58;0.22;352.17;11.97;1375;30;3399.00;163
8384;26;621401484;8384;680;9756;9919;3.54;0.22;352.26;11.97;1372;30;3400.00;163
8385;26;621401503;8385;679;9756;9919;3.50;0.21;352.25;11.97;1371;30;3401.00;163
8388;26;621401517;8388;676;9757;9922;3.45;0.21;352.38;11.97;1369;30;3402.00;165
8390;26;621401532;8390;675;9757;9922;3.39;0.21;352.35;11.97;1367;30;3403.00;165
8392;26;621401545;8392;669;9757;9922;3.32;0.20;352.33;11.97;1365;30;3404.00;165
8395;26;621401559;8395;675;9757;9923;3.27;0.20;352.30;11.97;1362;30;3405.00;166
8397;26;621401573;8397;681;9758;9924;3.27;0.20;352.25;11.97;1361;30;3406.00;166
8400;26;621401586;8400;673;9758;9924;3.26;0.20;352.21;11.97;1358;30;3407.00;166
8405;26;621401600;8405;667;9767;9937;3.29;0.20;352.22;11.96;1362;30;3408.00;170
8406;26;621401614;8406;655;9767;9937;3.31;0.20;352.22;11.96;1361;30;3409.00;170
8408;26;621401627;8408;648;9768;9937;3.35;0.20;352.20;11.96;1360;30;3410.00;169
8412;26;621401641;8412;635;9768;9938;3.37;0.21;352.15;11.96;1356;30;3411.00;170
8415;26;621401655;8415;611;9768;9938;3.43;0.21;352.14;11.96;1353;30;3412.00;170
8417;26;621401668;8417;600;9771;9942;3.56;0.22;352.26;11.95;1354;30;3413.00;171
8419;26;621401684;8419;588;9771;9942;3.62;0.22;352.25;11.95;1352;30;3414.00;171
8420;26;621401698;8420;580;9774;9946;3.73;0.23;352.26;11.95;1354;30;3415.00;172
8424;26;621401712;8424;583;9774;9946;3.76;0.23;352.19;11.95;1350;30;3416.00;172
8426;26;621401726;8426;576;9774;9946;3.80;0.23;352.21;11.95;1348;30;3417.00;172
8430;26;621401752;8430;576;9774;9946;3.81;0.23;352.11;11.95;1344;30;3418.00;172
8434;26;621401767;8434;578;9774;9946;3.82;0.23;352.16;11.95;1340;30;3419.00;172
8436;26;621401818;8436;569;9800;9980;3.96;0.24;352.18;11.92;1364;30;3420.00;180
8439;26;621401836;8439;564;9800;9980;3.95;0.24;352.19;11.92;1361;30;3421.00;180
8440;26;621401853;8440;571;9800;9980;3.93;0.24;352.20;11.92;1360;30;3422.00;180
8444;26;621401868;8444;572;9801;9980;3.94;0.24;352.22;11.92;1357;30;3423.00;179
8446;26;621401884;8446;572;9801;9980;3.98;0.24;352.20;11.92;1355;30;3424.00;179
8448;26;621401899;8448;567;9801;9980;3.97;0.24;352.19;11.92;1353;30;3425.00;179
8450;26;621401913;8450;567;9801;9981;3.96;0.24;352.20;11.92;1351;30;3426.00;180
8455;26;621401928;8455;571;9801;9981;3.90;0.24;352.24;11.92;1346;30;3427.00;180
8457;26;621401943;8457;557;9805;9987;3.86;0.23;352.21;11.92;1348;30;3428.00;182
8460;26;621401958;8460;562;9805;9988;3.82;0.23;352.23;11.92;1345;30;3429.00;183
8462;26;621401974;8462;566;9805;9988;3.85;0.23;352.21;11.92;1343;30;3430.00;183
8467;26;621401988;8467;564;9805;9988;3.84;0.23;352.36;11.92;1338;30;3431.00;183
8470;26;621402003;8470;561;9808;9992;3.87;0.24;352.47;11.92;1338;30;3432.00;184
8474;26;621402017;8474;561;9808;9992;3.90;0.24;352.41;11.92;1334;30;3433.00;184
8477;26;621402032;8477;551;9810;9992;3.91;0.24;352.52;11.92;1333;30;3434.00;182
8480;26;621402046;8480;546;9811;9993;3.92;0.24;352.69;11.92;1331;30;3435.00;182
8481;26;621402061;8481;548;9814;9997;3.98;0.24;352.69;11.92;1333;30;3436.00;183
8483;26;621402076;8483;542;9815;9997;4.00;0.24;352.71;11.92;1332;30;3437.00;182
8485;26;621402090;8485;539;9817;10000;4.03;0.24;352.68;11.92;1332;30;3438.00;183
8490;26;621402105;8490;544;9818;10000;4.00;0.24;352.62;11.92;1328;30;3439.00;182
8494;26;621402119;8494;538;9820;10000;3.94;0.24;352.71;11.93;1326;30;3440.00;180
8494;26;621402134;8494;535;9821;10000;4.00;0.24;352.71;11.93;1327;30;3441.00;179
8496;26;621402148;8496;535;9824;10004;4.02;0.25;352.85;11.92;1328;30;3442.00;180
8501;26;621402162;8501;534;9826;10004;4.01;0.24;353.00;11.93;1325;30;3443.00;178
8502;26;621402177;8502;538;9826;10004;4.01;0.25;353.08;11.93;1324;30;3444.00;178
8503;26;621402191;8503;535;9827;10004;4.01;0.25;353.07;11.93;1324;30;3445.00;177
8507;26;621402205;8507;543;9828;10005;4.02;0.25;353.13;11.93;1321;30;3446.00;177
8508;26;621402221;8508;532;9828;10006;4.06;0.25;353.10;11.93;1320;30;3447.00;178
8513;26;621402237;8513;526;9828;10006;4.06;0.25;353.28;11.93;1315;30;3448.00;178
8516;26;621402254;8516;522;9829;10007;4.13;0.25;353.27;11.93;1313;30;3449.00;178
8517;26;621402272;8517;523;9830;10007;4.21;0.26;353.30;11.93;1313;30;3450.00;177
8518;26;621402287;8518;511;9830;10007;4.28;0.26;353.33;11.93;1312;30;3451.00;177
8518;26;621402301;8518;505;9831;10007;4.35;0.27;353.33;11.93;1313;30;3452.00;176
8522;26;621402315;8522;503;9831;10007;4.38;0.27;353.43;11.93;1309;30;3453.00;176
8528;26;621402331;8528;503;9833;10007;4.40;0.27;353.56;12.00;1305;30;3454.00;174
8531;26;621402348;8531;502;9833;10007;4.39;0.27;353.63;12.00;1302;30;3455.00;174
8532;26;621402363;8532;502;9907;10134;4.61;0.28;353.63;11.91;1375;30;3456.00;227
8533;26;621402389;8533;484;9909;10135;4.66;0.29;353.68;11.91;1376;30;3457.00;226
8535;26;621402403;8535;472;9914;10135;4.71;0.29;353.77;11.91;1379;30;3458.00;221
8537;26;621402419;8537;453;9915;10135;4.81;0.30;353.83;11.91;1378;30;3459.00;220
8538;26;621402439;8538;443;9918;10135;4.92;0.30;353.81;11.90;1380;30;3460.00;217
8541;26;621402455;8541;448;9922;10135;4.97;0.31;353.83;11.90;1381;30;3461.00;213
8543;26;621402472;8543;443;9923;10135;5.03;0.31;353.84;11.90;1380;30;3462.00;212
8544;26;621402487;8544;448;9925;10135;5.11;0.32;353.95;11.90;1381;30;3463.00;210
8547;26;621402503;8547;444;9927;10136;5.09;0.31;354.07;11.90;1380;30;3464.00;209
8549;26;621402518;8549;445;9930;10138;5.03;0.31;354.15;11.90;1381;30;3465.00;208
8552;27;621402545;8552;451;9931;10138;4.98;0.31;354.31;11.90;1379;31;3466.00;207
8557;27;621402578;8557;453;9932;10139;4.90;0.30;354.38;11.90;1375;31;3467.00;207
8560;27;621402595;8560;454;9936;10139;4.85;0.30;354.44;11.90;1376;31;3468.00;203
8562;27;621402615;8562;464;9937;10139;4.83;0.30;354.41;11.90;1375;31;3469.00;202
8565;27;621402630;8565;467;9941;10139;4.78;0.29;354.42;11.96;1376;31;3470.00;198
8569;27;621402646;8569;466;9945;10143;4.76;0.29;354.54;11.96;1376;31;3471.00;198
8571;27;621402662;8571;468;9946;10143;4.75;0.29;354.61;11.96;1375;31;3472.00;197
8572;27;621402678;8572;461;9948;10143;4.71;0.29;354.64;11.96;1376;31;3473.00;195
8572;27;621402693;8572;456;9949;10146;4.72;0.29;354.64;11.96;1377;31;3474.00;197
8572;27;621402709;8572;461;9950;10146;4.74;0.29;354.64;11.96;1378;31;3475.00;196
8573;27;621402724;8573;460;9951;10146;4.78;0.29;354.68;11.96;1378;31;3476.00;195
8576;27;621402738;8576;476;9954;10150;4.75;0.29;354.75;11.96;1378;31;3477.00;196
8578;27;621402754;8578;471;9956;10151;4.81;0.29;354.69;11.96;1378;31;3478.00;195
8582;27;621402770;8582;463;9957;10151;4.81;0.29;354.69;11.96;1375;31;3479.00;194
8582;27;621402787;8582;463;9962;10156;4.83;0.29;354.69;11.95;1380;31;3480.00;194
8583;27;621402803;8583;472;9962;10156;4.85;0.30;354.66;11.95;1379;31;3481.00;194
8583;27;621402823;8583;476;9963;10156;4.87;0.30;354.66;11.95;1380;31;3482.00;193
8583;27;621402838;8583;467;9963;10157;4.91;0.30;354.66;11.95;1380;31;3483.00;194
8586;27;621402853;8586;474;9964;10157;4.92;0.30;354.73;11.96;1378;31;3484.00;193
8588;27;621402869;8588;473;9969;10163;4.94;0.30;354.76;11.95;1381;31;3485.00;194
8591;27;621402884;8591;475;9969;10163;4.91;0.30;354.76;11.95;1378;31;3486.00;194
8591;27;621402900;8591;469;9969;10164;4.92;0.30;354.76;11.95;1378;31;3487.00;195
8593;27;621402915;8593;470;9970;10164;4.93;0.30;354.81;11.95;1377;31;3488.00;194
8595;27;621402930;8595;478;9971;10164;4.93;0.30;354.89;11.95;1376;31;3489.00;193
8596;27;621402945;8596;471;9971;10164;4.91;0.30;354.93;11.95;1375;31;3490.00;193
8596;27;621402961;8596;478;9972;10164;4.94;0.30;354.93;11.96;1376;31;3491.00;192
8597;27;621402977;8597;488;9981;10176;5.01;0.31;355.00;11.95;1384;31;3492.00;195
8599;27;621402993;8599;476;9983;10176;4.98;0.30;355.04;11.95;1384;31;3493.00;193
8600;27;621403009;8600;479;9983;10176;5.02;0.31;355.03;11.95;1383;31;3494.00;193
8604;27;621403024;8604;481;9983;10176;5.08;0.31;355.01;11.95;1379;31;3495.00;193
8606;27;621403040;8606;469;9984;10176;5.09;0.31;355.09;11.95;1378;31;3496.00;192
8611;27;621403055;8611;476;9985;10176;5.09;0.31;355.18;11.96;1374;31;3497.00;191
8615;27;621403071;8615;475;9989;10180;5.08;0.31;355.14;11.95;1374;31;3498.00;191
8618;27;621403087;8618;459;9989;10180;5.08;0.31;355.27;11.95;1371;31;3499.00;191
8622;27;621403103;8622;453;9993;10184;5.09;0.31;355.37;11.95;1371;31;3500.00;191
8626;27;621403123;8626;444;9994;10185;5.00;0.30;355.43;11.95;1368;31;3501.00;191
8627;27;621403138;8627;446;9994;10185;4.90;0.30;355.42;11.95;1367;31;3502.00;191
8630;27;621403153;8630;434;9995;10185;4.79;0.29;355.42;12.01;1365;31;3503.00;190
8631;27;621403168;8631;443;10006;10198;4.74;0.29;355.40;12.00;1375;31;3504.00;192
8632;27;621403184;8632;437;10007;10198;4.72;0.29;355.44;12.05;1375;31;3505.00;191
8634;27;621403201;8634;441;10007;10198;4.66;0.28;355.60;12.05;1373;31;3506.00;191
8637;27;621403215;8637;443;10009;10199;4.65;0.28;355.71;12.05;1372;31;3507.00;190
8641;27;621403230;8641;444;10009;10200;4.62;0.28;355.71;12.05;1368;31;3508.00;191
8644;27;621403245;8644;438;10009;10200;4.63;0.28;355.75;12.05;1365;31;3509.00;191
8648;27;621403262;8648;440;10013;10206;4.65;0.28;355.80;12.04;1365;31;3510.00;193
8652;27;621403278;8652;436;10013;10206;4.68;0.28;355.90;12.04;1361;31;3511.00;193
8655;27;621403292;8655;440;10014;10206;4.68;0.28;356.01;12.04;1359;31;3512.00;192
8657;27;621403307;8657;446;10015;10206;4.68;0.28;356.08;12.04;1358;31;3513.00;191
8659;27;621403322;8659;452;10019;10212;4.73;0.29;356.14;12.04;1360;31;3514.00;193
8664;27;621403337;8664;455;10019;10212;4.68;0.28;356.44;12.04;1355;31;3515.00;193
8665;27;621403359;8665;459;10020;10212;4.67;0.28;356.44;12.04;1355;31;3516.00;192
8667;27;621403382;8667;462;10020;10212;4.66;0.28;356.54;12.04;1353;31;3517.00;192
8670;27;621403405;8670;462;10023;10216;4.64;0.28;356.66;12.03;1353;31;3518.00;193
8673;27;621403427;8673;469;10027;10219;4.61;0.28;356.63;12.03;1354;31;3519.00;192
8674;27;621403450;8674;471;10027;10219;4.65;0.28;356.73;12.03;1353;31;3520.00;192
8677;27;621403468;8677;469;10028;10220;4.69;0.29;356.73;12.03;1351;31;3521.00;192
8680;27;621403485;8680;472;10028;10220;4.65;0.28;356.87;12.03;1348;31;3522.00;192
8683;27;621403502;8683;470;10029;10220;4.62;0.28;356.98;12.09;1346;31;3523.00;191
8687;27;621403519;8687;475;10030;10220;4.59;0.28;357.10;12.09;1343;31;3524.00;190
8689;27;621403535;8689;478;10030;10220;4.61;0.28;357.27;12.09;1341;31;3525.00;190
8690;27;621403552;8690;481;10030;10220;4.59;0.28;357.26;12.09;1340;31;3526.00;190
8692;27;621403570;8692;489;10030;10220;4.57;0.28;357.32;12.09;1338;31;3527.00;190
8695;27;621403587;8695;497;10065;10290;4.71;0.29;357.32;12.05;1370;31;3528.00;225
8696;27;621403610;8696;504;10067;10291;4.66;0.29;357.29;12.05;1371;31;3529.00;224
8697;27;621403626;8697;518;10074;10291;4.66;0.29;357.26;12.04;1377;31;3530.00;217
8699;27;621403642;8699;527;10077;10291;4.60;0.28;357.26;12.14;1378;31;3531.00;214
8702;27;621403658;8702;535;10078;10291;4.58;0.28;357.18;12.14;1376;31;3532.00;213
8704;27;621403673;8704;547;10079;10291;4.56;0.28;357.31;12.14;1375;31;3533.00;212
8706;27;621403689;8706;549;10079;10291;4.52;0.28;357.36;12.14;1373;31;3534.00;212
8707;27;621403704;8707;556;10081;10291;4.47;0.27;357.39;12.14;1374;31;3535.00;210
8708;27;621403719;8708;569;10081;10292;4.46;0.27;357.36;12.14;1373;31;3536.00;211
8710;27;621403735;8710;578;10083;10293;4.44;0.27;357.36;12.14;1373;31;3537.00;210
8712;27;621403757;8712;590;10085;10293;4.41;0.27;357.38;12.14;1373;31;3538.00;208
8714;27;621403772;8714;593;10092;10297;4.36;0.27;357.31;12.24;1378;31;3539.00;205
8715;27;621403793;8715;597;10094;10297;4.31;0.26;357.39;12.24;1379;31;3540.00;203
8717;27;621403815;8717;601;10094;10297;4.24;0.26;357.33;12.24;1377;31;3541.00;203
8720;27;621403831;8720;603;10094;10297;4.18;0.26;357.36;12.24;1374;31;3542.00;203
8722;27;621403847;8722;610;10098;10303;4.17;0.25;357.48;12.23;1376;31;3543.00;205
8725;27;621403862;8725;609;10098;10303;4.10;0.25;357.40;12.23;1373;31;3544.00;205
8727;27;621403878;8727;621;10098;10303;4.08;0.25;357.40;12.23;1371;31;3545.00;205
8728;27;621403892;8728;635;10099;10306;4.05;0.25;357.37;12.23;1371;31;3546.00;207
8729;27;621403906;8729;637;10099;10306;4.03;0.25;357.38;12.23;1370;31;3547.00;207
8729;27;621403919;8729;640;10099;10306;4.01;0.24;357.38;12.23;1370;31;3548.00;207
8733;27;621403933;8733;639;10099;10307;3.95;0.24;357.44;12.23;1366;31;3549.00;208
8734;27;621403947;8734;632;10100;10308;3.94;0.24;357.42;12.23;1366;31;3550.00;208
8734;27;621403961;8734;640;10100;10308;3.89;0.24;357.42;12.23;1366;31;3551.00;208
8738;27;621403975;8738;635;10110;10321;3.86;0.24;357.33;12.22;1372;31;3552.00;211
8738;27;621403996;8738;636;10110;10321;3.83;0.23;357.33;12.22;1372;31;3553.00;211
8740;27;621404009;8740;637;10110;10321;3.81;0.23;357.27;12.22;1370;31;3554.00;211
8740;27;621404023;8740;641;10111;10323;3.81;0.23;357.27;12.22;1371;31;3555.00;212
8742;27;621404036;8742;646;10111;10323;3.79;0.23;357.21;12.22;1369;31;3556.00;212
8743;27;621404049;8743;640;10114;10327;3.81;0.23;357.18;12.22;1371;31;3557.00;213
8743;27;621404063;8743;641;10114;10327;3.82;0.23;357.18;12.22;1371;31;3558.00;213
8746;27;621404076;8746;651;10117;10331;3.82;0.23;357.14;12.21;1371;31;3559.00;214
8748;27;621404089;8748;648;10117;10331;3.83;0.23;357.15;12.21;1369;31;3560.00;214
8750;27;621404104;8750;646;10117;10331;3.80;0.23;357.11;12.21;1367;31;3561.00;214
8751;27;621404117;8751;653;10117;10331;3.75;0.23;357.08;12.21;1366;31;3562.00;214
8756;27;621404130;8756;640;10117;10331;3.71;0.22;357.09;12.21;1361;31;3563.00;214
8760;27;621404145;8760;630;10126;10343;3.75;0.23;357.05;12.20;1366;31;3564.00;217
8761;27;621404159;8761;615;10126;10343;3.77;0.23;357.07;12.20;1365;31;3565.00;217
8763;27;621404172;8763;614;10126;10343;3.75;0.23;357.08;12.20;1363;31;3566.00;217
8766;27;621404186;8766;611;10126;10343;3.73;0.23;357.05;12.20;1360;31;3567.00;217
8768;27;621404199;8768;608;10126;10343;3.71;0.22;357.03;12.20;1358;31;3568.00;217
8771;27;621404212;8771;601;10126;10343;3.65;0.22;357.06;12.20;1355;31;3569.00;217
8772;27;621404233;8772;582;10126;10344;3.64;0.22;357.08;12.20;1354;31;3570.00;218
8773;27;621404246;8773;577;10126;10344;3.64;0.22;357.07;12.20;1353;31;3571.00;218
8777;27;621404261;8777;573;10130;10350;3.70;0.22;357.00;12.20;1353;31;3572.00;220
8778;27;621404275;8778;556;10130;10351;3.74;0.23;356.98;12.20;1352;31;3573.00;221
8780;27;621404288;8780;559;10130;10351;3.75;0.23;357.00;12.20;1350;31;3574.00;221
8782;27;621404301;8782;560;10130;10351;3.80;0.23;356.97;12.20;1348;31;3575.00;221
8784;27;621404315;8784;558;10133;10355;3.85;0.23;356.93;12.19;1349;31;3576.00;222
8785;27;621404335;8785;545;10133;10355;3.88;0.23;356.93;12.19;1348;31;3577.00;222
8787;27;621404351;8787;543;10133;10355;3.89;0.24;356.91;12.19;1346;31;3578.00;222
8788;27;621404365;8788;531;10134;10356;3.96;0.24;356.88;12.19;1346;31;3579.00;222
8790;27;621404379;8790;525;10137;10360;4.00;0.24;356.91;12.19;1347;31;3580.00;223
8791;27;621404399;8791;521;10137;10360;4.01;0.24;356.91;12.19;1346;31;3581.00;223
8794;27;621404412;8794;517;10138;10363;4.04;0.24;356.89;12.19;1344;31;3582.00;225
8796;27;621404426;8796;514;10138;10363;4.06;0.25;356.88;12.19;1342;31;3583.00;225
8796;27;621404440;8796;511;10138;10363;4.10;0.25;356.88;12.19;1342;31;3584.00;225
8800;27;621404454;8800;510;10138;10363;4.13;0.25;356.95;12.19;1338;31;3585.00;225
8802;27;621404469;8802;513;10141;10367;4.19;0.25;357.09;12.18;1339;31;3586.00;226
8806;27;621404484;8806;512;10141;10367;4.22;0.26;357.14;12.18;1335;31;3587.00;226
8808;27;621404497;8808;507;10141;10367;4.23;0.26;357.13;12.18;1333;31;3588.00;226
8812;27;621404512;8812;491;10142;10367;4.23;0.26;357.28;12.19;1330;31;3589.00;225
8814;27;621404526;8814;487;10142;10368;4.25;0.26;357.26;12.19;1328;31;3590.00;226
8819;27;621404540;8819;483;10142;10369;4.27;0.26;357.23;12.19;1323;31;3591.00;227
8824;27;621404555;8824;477;10142;10369;4.32;0.26;357.31;12.19;1318;31;3592.00;227
8827;27;621404569;8827;478;10143;10370;4.40;0.27;357.34;12.19;1316;31;3593.00;227
8829;27;621404584;8829;476;10143;10370;4.43;0.27;357.40;12.19;1314;31;3594.00;227
8831;27;621404598;8831;474;10143;10370;4.46;0.27;357.48;12.19;1312;31;3595.00;227
8835;27;621404612;8835;473;10143;10370;4.49;0.27;357.48;12.19;1308;31;3596.00;227
8840;27;621404627;8840;475;10144;10370;4.44;0.27;357.46;12.19;1304;31;3597.00;226
8846;27;621404642;8846;477;10144;10370;4.44;0.27;357.44;12.19;1298;31;3598.00;226
8850;27;621404656;8850;470;10144;10370;4.47;0.27;357.57;12.19;1294;31;3599.00;226
8855;27;621404673;8855;503;10256;10623;4.77;0.30;357.77;12.06;1401;31;3600.00;367
8860;27;621404710;8860;494;10265;10624;4.80;0.30;357.78;12.12;1405;31;3601.00;359
8861;27;621404727;8861;486;10276;10624;4.85;0.30;357.77;12.11;1415;31;3602.00;348
8866;27;621404742;8866;482;10283;10624;4.87;0.30;357.83;12.10;1417;31;3603.00;341
8867;27;621404757;8867;484;10288;10624;4.90;0.30;357.84;12.10;1421;31;3604.00;336
8870;27;621404773;8870;481;10296;10624;4.89;0.30;357.83;12.10;1426;31;3605.00;328
8873;27;621404788;8873;477;10303;10624;4.92;0.31;357.93;12.10;1430;31;3606.00;321
8875;27;621404805;8875;482;10305;10624;4.95;0.31;357.95;12.10;1430;31;3607.00;319
8879;27;621404820;8879;472;10307;10625;4.95;0.31;358.02;12.10;1428;31;3608.00;318
8884;27;621404837;8884;470;10312;10626;4.92;0.30;358.00;12.11;1428;31;3609.00;314
8886;27;621404853;8886;473;10316;10626;4.91;0.30;358.04;12.11;1430;31;3610.00;310
8890;27;621404869;8890;489;10318;10627;4.82;0.30;358.02;12.11;1428;31;3611.00;309
8895;27;621404885;8895;490;10322;10627;4.70;0.29;358.06;12.12;1427;31;3612.00;305
8898;27;621404901;8898;499;10328;10627;4.61;0.28;358.20;12.13;1430;31;3613.00;299
8900;27;621404918;8900;504;10329;10627;4.52;0.28;358.19;12.14;1429;31;3614.00;298
8902;27;621404933;8902;511;10332;10631;4.52;0.28;358.24;12.13;1430;31;3615.00;299
8906;27;621404950;8906;515;10334;10631;4.49;0.28;358.30;12.14;1428;31;3616.00;297
8907;27;621404968;8907;507;10337;10631;4.47;0.27;358.31;12.15;1430;31;3617.00;294
8912;27;621404984;8912;501;10338;10634;4.44;0.27;358.47;12.22;1426;31;3618.00;296
8914;27;621405000;8914;501;10340;10634;4.44;0.27;358.57;12.23;1426;31;3619.00;294
8917;27;621405017;8917;503;10342;10634;4.44;0.27;358.59;12.30;1425;31;3620.00;292
8921;27;621405033;8921;502;10346;10638;4.41;0.27;358.69;12.30;1425;31;3621.00;292
8921;27;621405049;8921;507;10348;10639;4.47;0.27;358.69;12.31;1427;31;3622.00;291
8922;27;621405065;8922;506;10349;10639;4.50;0.28;358.71;12.31;1427;31;3623.00;290
8922;27;621405081;8922;512;10350;10643;4.57;0.28;358.71;12.31;1428;31;3624.00;293
8927;27;621405096;8927;516;10352;10643;4.55;0.28;358.69;12.32;1425;31;3625.00;291
8928;27;621405112;8928;502;10353;10643;4.62;0.28;358.75;12.32;1425;31;3626.00;290
8931;27;621405128;8931;492;10353;10644;4.69;0.29;358.89;12.32;1422;31;3627.00;291
8934;27;621405145;8934;490;10357;10644;4.72;0.29;358.97;12.41;1423;31;3628.00;287
8935;27;621405161;8935;487;10360;10650;4.74;0.29;358.99;12.40;1425;31;3629.00;290
8937;27;621405180;8937;478;10363;10650;4.78;0.29;359.02;12.41;1426;31;3630.00;287
8940;27;621405197;8940;476;10370;10651;4.76;0.29;359.05;12.42;1430;31;3631.00;281
8942;27;621405214;8942;479;10371;10651;4.75;0.29;359.08;12.42;1429;31;3632.00;280
8944;27;621405230;8944;487;10373;10651;4.73;0.29;359.14;12.42;1429;31;3633.00;278
8947;27;621405247;8947;481;10373;10651;4.72;0.29;359.28;12.42;1426;31;3634.00;278
8949;27;621405264;8949;490;10375;10651;4.71;0.29;359.36;12.43;1426;31;3635.00;276
8950;27;621405280;8950;495;10382;10663;4.73;0.29;359.36;12.42;1432;32;3636.00;281
8953;27;621405305;8953;500;10386;10663;4.74;0.29;359.42;12.43;1433;32;3637.00;277
8955;27;621405322;8955;505;10389;10663;4.75;0.29;359.47;12.43;1434;32;3638.00;274
8958;27;621405338;8958;507;10389;10663;4.78;0.29;359.59;12.43;1431;32;3639.00;274
8960;27;621405360;8960;508;10391;10663;4.79;0.29;359.72;12.44;1431;32;3640.00;272
8965;27;621405390;8965;499;10393;10663;4.77;0.29;359.83;12.51;1428;32;3641.00;270
8967;27;621405426;8967;501;10397;10667;4.81;0.29;359.80;12.51;1430;32;3642.00;270
8968;27;621405469;8968;498;10398;10667;4.86;0.30;359.84;12.52;1430;32;3643.00;269
8972;27;621405501;8972;488;10403;10671;4.90;0.30;360.00;12.52;1431;32;3644.00;268
8975;27;621405524;8975;490;10405;10673;4.90;0.30;360.17;12.52;1430;32;3645.00;268
8977;27;621405546;8977;485;10407;10673;4.93;0.30;360.21;12.52;1430;32;3646.00;266
8979;27;621405567;8979;490;10408;10673;4.91;0.30;360.23;12.53;1429;32;3647.00;265
8983;27;621405590;8983;484;10417;10686;4.92;0.30;360.19;12.52;1434;32;3648.00;269
8986;27;621405612;8986;493;10417;10686;4.91;0.30;360.33;12.52;1431;32;3649.00;269
8989;27;621405631;8989;500;10417;10686;4.86;0.30;360.42;12.52;1428;32;3650.00;269
8989;27;621405652;8989;499;10419;10687;4.84;0.30;360.42;12.52;1430;32;3651.00;268
8994;27;621405673;8994;499;10421;10688;4.89;0.30;360.56;12.53;1427;32;3652.00;267
8997;27;621405694;8997;494;10423;10688;4.86;0.30;360.64;12.54;1426;32;3653.00;265
8998;27;621405715;8998;503;10425;10691;4.86;0.30;360.64;12.54;1427;32;3654.00;266
9003;27;621405733;9003;505;10425;10691;4.81;0.29;360.89;12.54;1422;32;3655.00;266
9005;27;621405753;9005;507;10427;10691;4.76;0.29;360.89;12.55;1422;32;3656.00;264
9009;27;621405772;9009;515;10429;10691;4.71;0.29;360.88;12.62;1420;32;3657.00;262
9011;27;621405792;9011;511;10433;10697;4.68;0.29;360.89;12.62;1422;32;3658.00;264
9016;27;621405813;9016;519;10434;10697;4.66;0.28;360.99;12.62;1418;32;3659.00;263
9017;27;621405835;9017;516;10434;10697;4.63;0.28;361.05;12.62;1417;32;3660.00;263
9020;27;621405854;9020;517;10435;10697;4.63;0.28;361.21;12.63;1415;32;3661.00;262
9024;27;621405874;9024;526;10438;10701;4.64;0.28;361.38;12.63;1414;32;3662.00;263
9028;27;621405895;9028;521;10440;10702;4.66;0.28;361.54;12.63;1412;32;3663.00;262
9031;27;621405915;9031;518;10442;10702;4.68;0.29;361.65;12.63;1411;32;3664.00;260
9036;27;621405938;9036;516;10443;10703;4.65;0.28;361.71;12.63;1407;32;3665.00;260
9042;27;621405959;9042;523;10445;10703;4.66;0.28;361.85;12.63;1403;32;3666.00;258
9047;27;621405980;9047;518;10446;10703;4.66;0.28;362.05;12.63;1399;32;3667.00;257
9049;27;621405998;9049;523;10447;10703;4.67;0.28;362.07;12.63;1398;32;3668.00;256
9051;27;621406018;9051;518;10447;10703;4.70;0.29;362.20;12.63;1396;32;3669.00;256
9052;27;621406036;9052;517;10447;10703;4.70;0.29;362.20;12.63;1395;32;3670.00;256
9054;27;621406056;9054;515;10450;10703;4.69;0.29;362.42;12.64;1396;32;3671.00;253
9057;27;621406075;9057;515;10479;10773;4.68;0.29;362.48;12.60;1422;32;3672.00;294
9061;27;621406103;9061;518;10480;10774;4.62;0.28;362.58;12.60;1419;32;3673.00;294
9062;27;621406125;9062;515;10484;10774;4.63;0.28;362.59;12.60;1422;32;3674.00;290
9063;27;621406143;9063;515;10490;10774;4.60;0.28;362.62;12.59;1427;32;3675.00;284
9067;27;621406161;9067;519;10492;10774;4.57;0.28;362.69;12.59;1425;32;3676.00;282
9068;27;621406180;9068;514;10497;10774;4.53;0.28;362.68;12.60;1429;32;3677.00;277
9070;27;621406200;9070;522;10498;10774;4.49;0.27;362.68;12.59;1428;32;3678.00;276
9071;27;621406218;9071;528;10501;10774;4.48;0.27;362.65;12.59;1430;32;3679.00;273
9072;27;621406236;9072;536;10505;10775;4.51;0.28;362.63;12.59;1433;32;3680.00;270
9075;27;621406257;9075;546;10506;10776;4.51;0.28;362.64;12.59;1431;32;3681.00;270
9077;27;621406288;9077;546;10508;10776;4.48;0.27;362.59;12.59;1431;32;3682.00;268
9078;27;621406307;9078;544;10512;10780;4.45;0.27;362.58;12.59;1434;32;3683.00;268
9080;27;621406331;9080;542;10514;10780;4.43;0.27;362.60;12.59;1434;32;3684.00;266
9081;27;621406351;9081;549;10515;10780;4.35;0.27;362.57;12.59;1434;32;3685.00;265
9083;27;621406369;9083;549;10515;10780;4.32;0.26;362.58;12.59;1432;32;3686.00;265
9084;27;621406389;9084;558;10519;10786;4.32;0.26;362.61;12.59;1435;32;3687.00;267
9088;27;621406413;9088;555;10520;10786;4.28;0.26;362.56;12.59;1432;32;3688.00;266
9088;27;621406432;9088;566;10521;10786;4.24;0.26;362.56;12.59;1433;32;3689.00;265
9089;27;621406452;9089;573;10525;10792;4.21;0.26;362.53;12.59;1436;32;3690.00;267
9093;27;621406471;9093;584;10527;10792;4.14;0.25;362.56;12.59;1434;32;3691.00;265
9096;27;621406488;9096;586;10529;10792;4.08;0.25;362.49;12.60;1433;32;3692.00;263
9097;27;621406505;9097;601;10529;10793;4.06;0.25;362.48;12.60;1432;32;3693.00;264
9100;27;621406522;9100;607;10531;10794;4.02;0.25;362.44;12.60;1431;32;3694.00;263
9101;27;621406539;9101;609;10533;10794;4.01;0.25;362.40;12.61;1432;32;3695.00;261
9102;27;621406556;9102;616;10542;10807;4.02;0.25;362.43;12.60;1440;32;3696.00;265
9104;27;621406578;9104;617;10542;10807;4.07;0.25;362.40;12.60;1438;32;3697.00;265
9105;27;621406597;9105;616;10543;10807;4.10;0.25;362.48;12.61;1438;32;3698.00;264
9107;27;621406615;9107;625;10543;10808;4.09;0.25;362.48;12.61;1436;32;3699.00;265
9110;27;621406642;9110;626;10544;10808;4.10;0.25;362.56;12.62;1434;32;3700.00;264
9112;27;621406665;9112;624;10547;10812;4.10;0.25;362.53;12.61;1435;32;3701.00;265
9114;27;621406685;9114;633;10547;10812;4.08;0.25;362.64;12.61;1433;32;3702.00;265
9114;27;621406703;9114;641;10551;10816;4.09;0.25;362.64;12.62;1437;32;3703.00;265
9118;27;621406721;9118;640;10551;10816;4.10;0.25;362.62;12.62;1433;32;3704.00;265
9122;27;621406738;9122;652;10552;10816;4.11;0.25;362.61;12.63;1430;32;3705.00;264
9123;27;621406760;9123;658;10553;10816;4.11;0.25;362.64;12.64;1430;32;3706.00;263
9129;27;621406777;9129;666;10553;10816;4.05;0.25;362.52;12.64;1424;32;3707.00;263
9133;27;621406792;9133;670;10562;10828;4.05;0.25;362.47;12.63;1429;32;3708.00;266
9136;27;621406810;9136;672;10562;10828;3.99;0.25;362.48;12.63;1426;32;3709.00;266
9137;27;621406826;9137;673;10563;10828;3.92;0.24;362.45;12.63;1426;32;3710.00;265
9139;27;621406842;9139;675;10563;10828;3.86;0.24;362.52;12.63;1424;32;3711.00;265
9141;27;621406862;9141;681;10563;10828;3.79;0.23;362.49;12.63;1422;32;3712.00;265
9143;27;621406878;9143;682;10563;10828;3.76;0.23;362.48;12.63;1420;32;3713.00;265
9146;27;621406898;9146;686;10563;10829;3.70;0.23;362.49;12.63;1417;32;3714.00;266
9147;27;621406921;9147;675;10566;10829;3.64;0.22;362.49;12.65;1419;32;3715.00;263
9147;27;621406939;9147;666;10570;10835;3.65;0.22;362.49;12.65;1423;32;3716.00;265
9149;27;621406961;9149;667;10571;10836;3.64;0.22;362.54;12.65;1422;32;3717.00;265
9149;27;621406978;9149;667;10571;10836;3.64;0.22;362.54;12.65;1422;32;3718.00;265
9150;27;621406995;9150;658;10571;10836;3.67;0.23;362.50;12.65;1421;32;3719.00;265
9152;27;621407011;9152;646;10574;10841;3.72;0.23;362.50;12.65;1422;32;3720.00;267
9155;27;621407027;9155;632;10576;10841;3.77;0.23;362.44;12.65;1421;32;3721.00;265
9156;27;621407049;9156;619;10576;10841;3.84;0.23;362.44;12.65;1420;32;3722.00;265
9159;27;621407065;9159;615;10578;10842;3.89;0.24;362.38;12.65;1419;32;3723.00;264
9159;27;621407082;9159;606;10581;10846;3.96;0.24;362.38;12.65;1422;32;3724.00;265
9159;27;621407099;9159;603;10582;10846;4.02;0.25;362.38;12.65;1423;32;3725.00;264
9161;27;621407123;9161;599;10583;10849;4.03;0.25;362.47;12.65;1422;32;3726.00;266
9161;27;621407142;9161;594;10583;10849;4.10;0.25;362.47;12.65;1422;32;3727.00;266
9163;27;621407160;9163;595;10583;10849;4.14;0.25;362.45;12.65;1420;32;3728.00;266
9165;27;621407177;9165;593;10583;10849;4.16;0.25;362.40;12.65;1418;32;3729.00;266
9169;27;621407198;9169;593;10586;10853;4.19;0.25;362.35;12.65;1417;32;3730.00;267
9171;27;621407216;9171;591;10586;10853;4.23;0.26;362.36;12.65;1415;32;3731.00;267
9176;27;621407234;9176;590;10586;10853;4.20;0.25;362.33;12.65;1410;32;3732.00;267
9176;27;621407259;9176;592;10586;10853;4.18;0.25;362.33;12.65;1410;32;3733.00;267
9179;27;621407274;9179;587;10586;10854;4.14;0.25;362.29;12.65;1407;32;3734.00;268
9179;27;621407296;9179;583;10587;10856;4.13;0.25;362.29;12.64;1408;32;3735.00;269
9183;27;621407310;9183;581;10587;10856;4.03;0.24;362.46;12.64;1404;32;3736.00;269
9186;27;621407330;9186;589;10588;10857;4.00;0.24;362.43;12.64;1402;32;3737.00;269
9191;27;621407346;9191;596;10588;10857;3.99;0.24;362.44;12.64;1397;32;3738.00;269
9192;27;621407366;9192;594;10588;10857;3.98;0.24;362.44;12.64;1396;32;3739.00;269
9196;27;621407400;9196;584;10588;10857;3.97;0.24;362.37;12.64;1392;32;3740.00;269
9198;27;621407424;9198;570;10588;10857;4.01;0.24;362.37;12.64;1390;32;3741.00;269
9199;27;621407447;9199;560;10588;10857;4.06;0.25;362.37;12.64;1389;32;3742.00;269
9203;27;621407468;9203;557;10588;10857;4.07;0.25;362.44;12.64;1385;32;3743.00;269
9206;27;621407491;9206;570;10658;10984;4.32;0.27;362.48;12.56;1452;32;3744.00;326
9210;27;621407533;9210;565;10662;10985;4.32;0.27;362.56;12.56;1452;32;3745.00;323
9211;27;621407553;9211;556;10669;10985;4.37;0.27;362.54;12.55;1458;32;3746.00;316
9214;27;621407570;9214;542;10673;10985;4.37;0.27;362.61;12.55;1459;32;3747.00;312
9216;27;621407596;9216;542;10675;10985;4.37;0.27;362.61;12.54;1459;32;3748.00;310
9218;27;621407617;9218;534;10676;10985;4.36;0.27;362.68;12.54;1458;32;3749.00;309
9221;27;621407640;9221;532;10678;10990;4.35;0.27;362.73;12.54;1457;32;3750.00;312
9222;27;621407662;9222;525;10678;10990;4.38;0.27;362.75;12.54;1456;32;3751.00;312
9229;27;621407680;9229;528;10679;10991;4.36;0.27;362.83;12.54;1450;32;3752.00;312
9231;27;621407704;9231;531;10680;10992;4.42;0.27;362.80;12.54;1449;32;3753.00;312
9235;27;621407722;9235;537;10681;10992;4.48;0.28;362.93;12.54;1446;32;3754.00;311
9238;27;621407743;9238;534;10682;10993;4.52;0.28;362.95;12.54;1444;32;3755.00;311
9243;27;621407761;9243;541;10683;10993;4.55;0.28;362.93;12.54;1440;32;3756.00;310
9244;27;621407780;9244;537;10684;10993;4.62;0.28;362.94;12.54;1440;32;3757.00;309
9248;27;621407800;9248;533;10684;10993;4.69;0.29;362.94;12.54;1436;32;3758.00;309
9250;27;621407822;9250;524;10686;10997;4.75;0.29;363.09;12.54;1436;32;3759.00;311
9254;27;621407843;9254;512;10686;10997;4.80;0.29;363.22;12.54;1432;32;3760.00;311
9256;28;621407864;9256;506;10686;10997;4.89;0.30;363.17;12.54;1430;33;3761.00;311
9263;28;621407904;9263;500;10686;11000;4.89;0.30;363.29;12.54;1423;33;3762.00;314
9267;28;621407929;9267;494;10686;11000;4.90;0.30;363.34;12.54;1419;33;3763.00;314
9269;28;621407952;9269;487;10686;11000;4.92;0.30;363.41;12.54;1417;33;3764.00;314
9275;28;621407975;9275;481;10689;11004;4.90;0.30;363.52;12.53;1414;33;3765.00;315
9277;28;621407998;9277;472;10690;11005;4.91;0.30;363.53;12.61;1413;33;3766.00;315
9282;28;621408022;9282;465;10692;11005;4.89;0.30;363.63;12.63;1410;33;3767.00;313
9284;28;621408045;9284;472;10693;11009;4.88;0.30;363.72;12.63;1409;33;3768.00;316
9290;28;621408066;9290;479;10693;11009;4.85;0.30;363.76;12.63;1403;33;3769.00;316
9292;28;621408088;9292;479;10693;11009;4.82;0.29;363.92;12.63;1401;33;3770.00;316
9296;28;621408113;9296;471;10694;11010;4.80;0.29;363.88;12.63;1398;33;3771.00;316
9300;28;621408140;9300;471;10694;11010;4.79;0.29;363.89;12.63;1394;33;3772.00;316
9304;28;621408160;9304;469;10698;11016;4.74;0.29;364.05;12.64;1394;33;3773.00;318
9310;28;621408180;9310;460;10699;11016;4.69;0.29;364.08;12.64;1389;33;3774.00;317
9314;28;621408205;9314;460;10700;11017;4.68;0.28;364.14;12.65;1386;33;3775.00;317
9319;28;621408226;9319;458;10700;11017;4.68;0.28;364.15;12.65;1381;33;3776.00;317
9322;28;621408246;9322;453;10702;11017;4.70;0.29;364.14;12.66;1380;33;3777.00;315
9324;28;621408267;9324;451;10702;11017;4.73;0.29;364.14;12.66;1378;33;3778.00;315
9327;28;621408287;9327;457;10704;11017;4.75;0.29;364.18;12.67;1377;33;3779.00;313
9331;28;621408310;9331;462;10726;11053;4.87;0.30;364.24;12.64;1395;33;3780.00;327
9338;28;621408336;9338;458;10728;11053;4.85;0.30;364.34;12.65;1390;33;3781.00;325
9340;28;621408363;9340;458;10731;11053;4.83;0.30;364.47;12.65;1391;33;3782.00;322
9340;28;621408385;9340;463;10733;11053;4.85;0.30;364.47;12.65;1393;33;3783.00;320
9344;28;621408412;9344;463;10735;11053;4.80;0.29;364.56;12.74;1391;33;3784.00;318
9347;28;621408429;9347;464;10738;11053;4.77;0.29;364.63;12.75;1391;33;3785.00;315
9351;28;621408447;9351;469;10744;11057;4.74;0.29;364.61;12.75;1393;33;3786.00;313
9354;28;621408469;9354;462;10746;11057;4.71;0.29;364.67;12.75;1392;33;3787.00;311
9357;28;621408486;9357;468;10748;11061;4.69;0.29;364.73;12.75;1391;33;3788.00;313
9363;28;621408506;9363;471;10752;11062;4.63;0.28;364.86;12.84;1389;33;3789.00;310
9365;28;621408531;9365;469;10753;11062;4.62;0.28;364.83;12.85;1388;33;3790.00;309
9369;28;621408549;9369;468;10756;11062;4.59;0.28;364.88;12.94;1387;33;3791.00;306
9376;28;621408568;9376;480;10762;11075;4.58;0.28;365.12;12.93;1386;33;3792.00;313
9378;28;621408588;9378;473;10768;11075;4.58;0.28;365.08;12.94;1390;33;3793.00;307
9384;28;621408606;9384;482;10770;11075;4.54;0.28;365.29;12.95;1386;33;3794.00;305
9385;28;621408637;9385;486;10772;11076;4.59;0.28;365.27;12.95;1387;33;3795.00;304
9387;28;621408662;9387;483;10775;11077;4.58;0.28;365.37;13.04;1388;33;3796.00;302
9388;28;621408684;9388;488;10779;11077;4.61;0.28;365.38;13.04;1391;33;3797.00;298
9392;28;621408715;9392;497;10781;11080;4.60;0.28;365.42;13.05;1389;33;3798.00;299
9393;28;621408735;9393;492;10782;11080;4.59;0.28;365.43;13.05;1389;33;3799.00;298
9395;28;621408762;9395;491;10784;11080;4.56;0.28;365.54;13.06;1389;33;3800.00;296
9397;28;621408787;9397;499;10787;11080;4.53;0.28;365.69;13.06;1390;33;3801.00;293
9398;28;621408806;9398;504;10790;11086;4.51;0.27;365.72;13.06;1392;33;3802.00;296
9401;28;621408825;9401;505;10792;11086;4.47;0.27;365.80;13.06;1391;33;3803.00;294
9405;28;621408848;9405;509;10794;11086;4.45;0.27;365.85;13.07;1389;33;3804.00;292
9408;28;621408867;9408;518;10797;11086;4.48;0.27;365.98;13.08;1389;33;3805.00;289
9410;28;621408886;9410;523;10802;11090;4.50;0.27;366.01;13.08;1392;33;3806.00;288
9413;28;621408905;9413;515;10803;11091;4.48;0.27;366.35;13.08;1390;33;3807.00;288
9415;28;621408923;9415;505;10804;11091;4.47;0.27;366.45;13.08;1389;33;3808.00;287
9417;28;621408950;9417;498;10806;11092;4.48;0.27;366.45;13.08;1389;33;3809.00;286
9421;28;621408972;9421;490;10808;11092;4.51;0.27;366.50;13.17;1387;33;3810.00;284
9423;28;621408990;9423;489;10810;11092;4.53;0.27;366.71;13.17;1387;33;3811.00;282
9424;28;621409010;9424;486;10811;11092;4.57;0.28;366.79;13.17;1387;33;3812.00;281
9426;28;621409026;9426;478;10812;11092;4.58;0.28;366.80;13.17;1386;33;3813.00;280
9428;28;621409041;9428;479;10814;11092;4.64;0.28;366.96;13.17;1386;33;3814.00;278
9430;28;621409057;9430;479;10816;11092;4.66;0.28;367.07;13.17;1386;33;3815.00;276
9435;28;621409072;9435;493;10852;11162;4.70;0.29;367.13;13.13;1417;33;3816.00;310
9438;28;621409094;9438;491;10853;11163;4.74;0.29;367.25;13.13;1415;33;3817.00;310
9441;28;621409110;9441;499;10858;11163;4.79;0.29;367.27;13.12;1417;33;3818.00;305
9443;28;621409125;9443;503;10862;11163;4.82;0.29;367.38;13.12;1419;33;3819.00;301
9444;28;621409142;9444;505;10868;11163;4.80;0.29;367.39;13.33;1424;34;3820.00;295
9445;28;621409166;9445;514;10873;11163;4.76;0.29;367.43;13.33;1428;34;3821.00;290
9448;28;621409182;9448;522;10879;11163;4.73;0.29;367.53;13.33;1431;34;3822.00;284
9452;28;621409197;9452;530;10881;11163;4.72;0.29;367.60;13.33;1429;34;3823.00;282
9456;28;621409213;9456;539;10884;11164;4.67;0.28;367.51;13.41;1428;35;3824.00;280
9457;28;621409233;9457;540;10887;11166;4.57;0.28;367.52;13.41;1430;35;3825.00;279
9458;28;621409249;9458;548;10887;11166;4.52;0.27;367.58;13.41;1429;35;3826.00;279
9459;28;621409264;9459;560;10892;11170;4.46;0.27;367.63;13.40;1433;35;3827.00;278
9462;28;621409279;9462;567;10892;11170;4.38;0.27;367.71;13.40;1430;35;3828.00;278
9464;28;621409294;9464;575;10892;11170;4.33;0.26;367.69;13.40;1428;35;3829.00;278
9465;28;621409308;9465;571;10892;11170;4.33;0.26;367.66;13.40;1427;35;3830.00;278
9468;28;621409323;9468;572;10896;11176;4.36;0.26;367.67;13.40;1428;35;3831.00;280
9468;28;621409339;9468;577;10896;11176;4.37;0.27;367.67;13.40;1428;35;3832.00;280
9471;28;621409361;9471;574;10896;11176;4.37;0.27;367.67;13.40;1425;35;3833.00;280
9473;28;621409387;9473;575;10899;11179;4.41;0.27;367.66;13.39;1426;35;3834.00;280
9475;28;621409412;9475;572;10899;11179;4.36;0.27;367.68;13.39;1424;35;3835.00;280
9478;28;621409434;9478;574;10899;11179;4.34;0.27;367.72;13.39;1421;35;3836.00;280
9481;28;621409467;9481;571;10899;11180;4.32;0.26;367.67;13.39;1418;35;3837.00;281
9481;28;621409485;9481;574;10900;11181;4.31;0.26;367.67;13.39;1419;35;3838.00;281
9485;28;621409501;9485;570;10900;11181;4.29;0.26;367.64;13.39;1415;35;3839.00;281
9488;28;621409520;9488;573;10917;11207;4.26;0.26;367.61;13.37;1429;35;3840.00;290
9490;28;621409538;9490;566;10917;11207;4.19;0.26;367.59;13.37;1427;35;3841.00;290
9491;28;621409554;9491;571;10919;11207;4.22;0.26;367.57;13.37;1428;35;3842.00;288
9495;28;621409569;9495;572;10922;11208;4.20;0.26;367.61;13.46;1427;35;3843.00;286
9497;28;621409586;9497;566;10922;11208;4.24;0.26;367.58;13.46;1425;36;3844.00;286
9503;28;621409611;9503;582;10925;11212;4.24;0.26;367.57;13.45;1422;36;3845.00;287
9509;28;621409628;9509;588;10926;11214;4.19;0.26;367.60;13.45;1417;36;3846.00;288
9510;28;621409645;9510;586;10930;11218;4.18;0.26;367.59;13.45;1420;36;3847.00;288
9515;28;621409661;9515;582;10930;11218;4.15;0.26;367.57;13.45;1415;36;3848.00;288
9520;28;621409677;9520;581;10930;11218;4.14;0.25;367.45;13.45;1410;36;3849.00;288
9522;28;621409693;9522;592;10930;11218;4.16;0.26;367.49;13.45;1408;36;3850.00;288
9526;28;621409709;9526;588;10930;11218;4.17;0.26;367.54;13.45;1404;36;3851.00;288
9530;28;621409724;9530;592;10939;11230;4.20;0.26;367.51;13.44;1409;36;3852.00;291
9531;28;621409742;9531;597;10939;11230;4.26;0.26;367.47;13.44;1408;36;3853.00;291
9536;28;621409758;9536;591;10941;11230;4.27;0.26;367.45;13.43;1405;36;3854.00;289
9538;28;621409781;9538;601;10941;11230;4.29;0.26;367.38;13.43;1403;36;3855.00;289
9541;28;621409796;9541;603;10941;11230;4.29;0.26;367.45;13.43;1400;36;3856.00;289
9542;28;621409812;9542;598;10942;11230;4.32;0.26;367.43;13.43;1400;36;3857.00;288
9542;28;621409827;9542;595;10942;11231;4.31;0.26;367.43;13.43;1400;36;3858.00;289
9543;28;621409843;9543;598;10943;11231;4.28;0.26;367.42;13.51;1400;36;3859.00;288
9545;28;621409858;9545;595;10948;11237;4.30;0.26;367.46;13.51;1403;36;3860.00;289
9547;28;621409879;9547;596;10950;11238;4.28;0.26;367.49;13.51;1403;36;3861.00;288
9549;28;621409896;9549;595;10951;11238;4.23;0.26;367.56;13.51;1402;36;3862.00;287
9552;28;621409911;9552;596;10952;11238;4.16;0.26;367.53;13.51;1400;36;3863.00;286
9553;28;621409935;9553;598;10955;11242;4.14;0.25;367.52;13.51;1402;36;3864.00;287
9555;28;621409951;9555;603;10956;11242;4.08;0.25;367.48;13.51;1401;36;3865.00;286
9555;28;621409965;9555;602;10956;11242;4.06;0.25;367.48;13.51;1401;36;3866.00;286
9556;28;621409980;9556;601;10957;11243;4.06;0.25;367.49;13.51;1401;36;3867.00;286
9558;28;621409995;9558;585;10960;11247;4.05;0.25;367.43;13.51;1402;36;3868.00;287
9561;28;621410011;9561;587;10960;11247;4.06;0.25;367.45;13.51;1399;36;3869.00;287
9564;28;621410028;9564;589;10964;11253;4.11;0.25;367.62;13.50;1400;36;3870.00;289
9565;28;621410045;9565;585;10965;11253;4.15;0.25;367.66;13.58;1400;36;3871.00;288
9567;28;621410061;9567;574;10967;11253;4.18;0.25;367.62;13.58;1400;36;3872.00;286
9568;28;621410077;9568;579;10968;11253;4.25;0.26;367.61;13.65;1400;36;3873.00;285
9571;28;621410093;9571;579;10972;11257;4.29;0.26;367.58;13.65;1401;36;3874.00;285
9571;28;621410109;9571;576;10972;11257;4.33;0.26;367.58;13.65;1401;36;3875.00;285
9572;28;621410136;9572;581;10973;11257;4.38;0.27;367.59;13.72;1401;36;3876.00;284
9572;28;621410152;9572;573;10973;11257;4.41;0.27;367.59;13.72;1401;36;3877.00;284
9572;28;621410169;9572;576;10973;11258;4.42;0.27;367.59;13.72;1401;36;3878.00;285
9573;28;621410190;9573;578;10975;11259;4.42;0.27;367.57;13.80;1402;36;3879.00;284
9574;28;621410206;9574;580;10975;11259;4.38;0.27;367.56;13.80;1401;36;3880.00;284
9575;28;621410224;9575;587;10977;11260;4.36;0.27;367.60;13.88;1402;36;3881.00;283
9578;28;621410239;9578;586;10977;11260;4.31;0.26;367.61;13.88;1399;36;3882.00;283
9578;28;621410254;9578;591;10978;11260;4.27;0.26;367.61;13.95;1400;36;3883.00;282
9581;28;621410269;9581;594;10978;11260;4.20;0.26;367.56;13.95;1397;36;3884.00;282
9582;28;621410284;9582;595;10978;11260;4.15;0.25;367.55;13.95;1396;36;3885.00;282
9585;28;621410300;9585;597;10978;11260;4.13;0.25;367.49;13.95;1393;36;3886.00;282
9586;28;621410314;9586;596;10978;11260;4.12;0.25;367.52;13.95;1392;36;3887.00;282
9587;28;621410329;9587;616;11040;11387;4.39;0.27;367.50;13.87;1453;36;3888.00;347
9590;28;621410359;9590;607;11042;11388;4.38;0.27;367.51;13.87;1452;36;3889.00;346
9592;28;621410374;9592;596;11049;11388;4.41;0.27;367.55;13.87;1457;36;3890.00;339
9595;28;621410390;9595;607;11058;11388;4.43;0.27;367.47;13.86;1463;36;3891.00;330
9597;28;621410405;9597;595;11065;11388;4.43;0.27;367.68;13.85;1468;36;3892.00;323
9600;28;621410420;9600;589;11068;11388;4.41;0.27;367.84;13.85;1468;36;3893.00;320
9601;28;621410440;9601;586;11072;11388;4.42;0.27;367.84;13.84;1471;36;3894.00;316
9605;28;621410455;9605;591;11073;11388;4.41;0.27;367.85;13.84;1468;36;3895.00;315
9607;28;621410470;9607;598;11074;11389;4.44;0.27;367.95;13.84;1467;36;3896.00;315
9608;28;621410491;9608;593;11077;11390;4.48;0.28;368.05;13.84;1469;36;3897.00;313
9610;28;621410505;9610;593;11078;11390;4.50;0.28;368.09;13.84;1468;36;3898.00;312
9615;28;621410520;9615;598;11078;11391;4.49;0.27;368.15;13.84;1463;36;3899.00;313
9619;28;621410536;9619;603;11084;11406;4.41;0.27;368.36;13.84;1465;36;3900.00;322
9620;28;621410557;9620;595;11086;11406;4.38;0.27;368.34;13.84;1466;36;3901.00;320
9623;28;621410572;9623;600;11087;11406;4.31;0.26;368.36;13.84;1464;36;3902.00;319
9624;28;621410587;9624;610;11088;11410;4.29;0.26;368.32;13.83;1464;36;3903.00;322
9628;28;621410602;9628;612;11088;11410;4.28;0.26;368.35;13.83;1460;36;3904.00;322
9632;28;621410616;9632;614;11089;11410;4.26;0.26;368.41;13.83;1457;36;3905.00;321
9635;28;621410631;9635;621;11092;11413;4.22;0.26;368.35;13.83;1457;36;3906.00;321
9639;28;621410646;9639;620;11092;11413;4.15;0.25;368.44;13.83;1453;36;3907.00;321
9643;28;621410665;9643;617;11094;11413;4.07;0.25;368.56;13.83;1451;36;3908.00;319
9645;28;621410679;9645;625;11097;11417;4.01;0.25;368.60;13.83;1452;36;3909.00;320
9648;28;621410694;9648;615;11097;11418;4.00;0.24;368.69;13.83;1449;36;3910.00;321
9652;28;621410709;9652;615;11097;11418;3.98;0.24;368.69;13.83;1445;36;3911.00;321
9653;28;621410729;9653;616;11100;11422;4.02;0.25;368.68;13.83;1447;36;3912.00;322
9656;28;621410749;9656;612;11100;11422;4.08;0.25;368.77;13.83;1444;36;3913.00;322
9658;28;621410764;9658;610;11100;11422;4.16;0.25;368.87;13.83;1442;36;3914.00;322
9660;28;621410779;9660;601;11101;11424;4.23;0.26;368.86;13.83;1441;36;3915.00;323
9664;28;621410794;9664;591;11101;11424;4.26;0.26;369.04;13.83;1437;36;3916.00;323
9672;28;621410809;9672;581;11104;11430;4.28;0.26;369.17;13.83;1432;36;3917.00;326
9675;28;621410825;9675;567;11105;11430;4.30;0.26;369.25;13.83;1430;36;3918.00;325
9678;28;621410844;9678;561;11105;11431;4.32;0.26;369.37;13.83;1427;36;3919.00;326
9682;28;621410860;9682;553;11105;11431;4.35;0.27;369.50;13.83;1423;36;3920.00;326
9684;28;621410875;9684;540;11105;11431;4.39;0.27;369.51;13.83;1421;36;3921.00;326
9688;28;621410890;9688;523;11105;11431;4.40;0.27;369.68;13.83;1417;36;3922.00;326
9692;28;621410905;9692;518;11106;11431;4.43;0.27;369.79;13.83;1414;36;3923.00;325
9693;28;621410927;9693;517;11110;11443;4.52;0.28;369.80;13.82;1417;36;3924.00;333
9697;28;621410945;9697;504;11110;11443;4.51;0.28;369.89;13.82;1413;36;3925.00;333
9701;28;621410960;9701;496;11110;11443;4.55;0.28;369.90;13.82;1409;36;3926.00;333
9703;28;621410977;9703;494;11110;11443;4.61;0.28;369.88;13.82;1407;36;3927.00;333
9706;28;621410992;9706;484;11110;11443;4.64;0.28;369.90;13.82;1404;36;3928.00;333
9712;28;621411008;9712;478;11113;11443;4.66;0.28;369.93;13.83;1401;36;3929.00;330
9716;28;621411025;9716;478;11116;11447;4.73;0.29;370.05;13.82;1400;36;3930.00;331
9719;28;621411041;9719;468;11117;11447;4.77;0.29;370.07;13.82;1398;36;3931.00;330
9722;28;621411063;9722;465;11121;11451;4.77;0.29;370.12;13.83;1399;36;3932.00;330
9727;28;621411078;9727;465;11121;11452;4.76;0.29;370.17;13.83;1394;36;3933.00;331
9730;28;621411094;9730;460;11122;11452;4.78;0.29;370.24;13.83;1392;36;3934.00;330
9734;28;621411109;9734;454;11124;11452;4.75;0.29;370.24;13.83;1390;36;3935.00;328
9738;28;621411125;9738;462;11132;11465;4.72;0.29;370.45;13.82;1394;36;3936.00;333
9742;28;621411142;9742;454;11133;11465;4.67;0.28;370.47;13.82;1391;36;3937.00;332
9747;28;621411157;9747;447;11134;11465;4.61;0.28;370.80;13.82;1387;36;3938.00;331
9748;28;621411173;9748;454;11135;11466;4.55;0.28;370.81;13.82;1387;36;3939.00;331
9756;28;621411189;9756;453;11136;11467;4.51;0.27;370.86;13.82;1380;36;3940.00;331
9758;28;621411204;9758;466;11138;11467;4.49;0.27;370.84;13.82;1380;36;3941.00;329
9763;28;621411219;9763;467;11140;11470;4.49;0.27;371.01;13.83;1377;36;3942.00;330
9766;28;621411235;9766;466;11142;11470;4.54;0.28;370.98;13.83;1376;36;3943.00;328
9771;28;621411251;9771;469;11146;11470;4.53;0.28;371.15;13.92;1375;36;3944.00;324
9774;28;621411267;9774;475;11148;11470;4.54;0.28;371.28;13.92;1374;36;3945.00;322
9777;28;621411282;9777;470;11152;11476;4.61;0.28;371.38;13.91;1375;36;3946.00;324
9784;28;621411298;9784;482;11155;11476;4.61;0.28;371.45;13.92;1371;36;3947.00;321
9788;28;621411314;9788;476;11156;11476;4.59;0.28;371.55;13.92;1368;36;3948.00;320
9789;28;621411330;9789;485;11157;11476;4.59;0.28;371.55;13.92;1368;36;3949.00;319
9794;28;621411344;9794;490;11160;11480;4.58;0.28;371.72;13.92;1366;36;3950.00;320
9796;28;621411366;9796;495;11163;11481;4.55;0.28;371.73;13.93;1367;36;3951.00;318
9798;28;621411390;9798;487;11164;11481;4.48;0.27;371.75;13.94;1366;36;3952.00;317
9800;28;621411414;9800;490;11166;11482;4.49;0.27;371.87;13.94;1366;36;3953.00;316
9808;28;621411436;9808;487;11167;11482;4.42;0.27;371.83;13.94;1359;36;3954.00;315
9811;28;621411460;9811;501;11168;11482;4.39;0.27;371.82;13.95;1357;36;3955.00;314
9815;28;621411479;9815;501;11168;11482;4.33;0.26;371.89;13.95;1353;36;3956.00;314
9819;28;621411496;9819;497;11170;11482;4.30;0.26;371.95;13.95;1351;36;3957.00;312
9824;28;621411513;9824;486;11170;11482;4.24;0.26;372.14;13.95;1346;36;3958.00;312
9829;28;621411529;9829;489;11171;11482;4.14;0.25;372.34;13.95;1342;36;3959.00;311
9832;28;621411547;9832;511;11240;11607;4.18;0.26;372.41;13.87;1408;36;3960.00;367
9835;28;621411573;9835;505;11243;11608;4.17;0.26;372.41;13.87;1408;36;3961.00;365
9837;28;621411591;9837;499;11248;11608;4.19;0.26;372.42;13.86;1411;36;3962.00;360
9838;28;621411608;9838;504;11251;11608;4.23;0.26;372.46;13.86;1413;36;3963.00;357
9842;28;621411630;9842;508;11256;11608;4.21;0.26;372.65;13.86;1414;36;3964.00;352
9843;28;621411646;9843;510;11257;11608;4.23;0.26;372.63;13.86;1414;36;3965.00;351
9847;28;621411669;9847;499;11262;11608;4.24;0.26;372.65;13.86;1415;36;3966.00;346
9847;28;621411698;9847;502;11264;11608;4.27;0.26;372.65;13.86;1417;36;3967.00;344
9848;28;621411715;9848;504;11270;11609;4.27;0.26;372.62;13.85;1422;36;3968.00;339
9849;28;621411731;9849;501;11272;11610;4.27;0.26;372.66;13.85;1423;36;3969.00;338
9850;28;621411747;9850;510;11275;11610;4.26;0.26;372.66;13.85;1425;36;3970.00;335
9851;28;621411763;9851;519;11279;11614;4.29;0.26;372.69;13.85;1428;36;3971.00;335
9854;28;621411780;9854;527;11281;11614;4.27;0.26;372.70;13.85;1427;36;3972.00;333
9855;28;621411801;9855;530;11281;11614;4.25;0.26;372.72;13.85;1426;36;3973.00;333
9858;28;621411817;9858;539;11284;11614;4.19;0.26;372.75;13.93;1426;36;3974.00;330
9859;28;621411833;9859;548;11289;11620;4.15;0.25;372.77;13.93;1430;36;3975.00;331
9861;28;621411849;9861;558;11290;11620;4.15;0.25;372.81;13.93;1429;36;3976.00;330
9864;28;621411865;9864;555;11292;11620;4.15;0.25;373.06;13.93;1428;36;3977.00;328
9869;28;621411882;9869;565;11293;11623;4.14;0.25;373.28;13.93;1424;36;3978.00;330
9871;28;621411899;9871;555;11294;11623;4.12;0.25;373.28;14.01;1423;36;3979.00;329
9873;28;621411916;9873;562;11294;11623;4.09;0.25;373.29;14.01;1421;36;3980.00;329
9873;28;621411933;9873;557;11296;11624;4.09;0.25;373.29;14.01;1423;36;3981.00;328
9876;28;621411949;9876;551;11297;11625;4.10;0.25;373.40;14.01;1421;36;3982.00;328
9879;28;621411967;9879;549;11299;11625;4.08;0.25;373.41;14.01;1420;36;3983.00;326
9880;28;621411984;9880;555;11309;11638;4.09;0.25;373.40;13.99;1429;36;3984.00;329
9884;28;621412005;9884;556;11309;11638;4.09;0.25;373.52;13.99;1425;36;3985.00;329
9884;28;621412022;9884;553;11310;11638;4.13;0.25;373.52;13.99;1426;36;3986.00;328
9886;28;621412039;9886;554;11311;11639;4.15;0.25;373.48;13.99;1425;36;3987.00;328
9889;28;621412057;9889;555;11311;11639;4.14;0.25;373.51;13.99;1422;36;3988.00;328
9890;28;621412074;9890;562;11315;11643;4.11;0.25;373.57;13.99;1425;36;3989.00;328
9892;28;621412093;9892;565;11315;11643;4.11;0.25;373.55;13.99;1423;36;3990.00;328
9894;28;621412109;9894;574;11318;11647;4.09;0.25;373.61;13.98;1424;36;3991.00;329
9898;28;621412125;9898;566;11318;11647;4.07;0.25;373.69;13.98;1420;36;3992.00;329
9901;28;621412140;9901;570;11318;11647;4.01;0.24;373.75;13.98;1417;36;3993.00;329
9901;28;621412156;9901;566;11319;11647;3.99;0.24;373.75;14.07;1418;36;3994.00;328
9903;28;621412171;9903;570;11319;11647;3.99;0.24;373.72;14.07;1416;36;3995.00;328
9903;28;621412188;9903;570;11330;11659;4.05;0.25;373.72;14.05;1427;36;3996.00;329
9907;28;621412205;9907;575;11330;11659;4.07;0.25;373.73;14.05;1423;36;3997.00;329
9909;28;621412221;9909;582;11330;11659;4.11;0.25;373.83;14.05;1421;36;3998.00;329
9912;28;621412237;9912;585;11330;11659;4.11;0.25;373.76;14.05;1418;36;3999.00;329
9914;28;621412256;9914;587;11330;11659;4.16;0.25;373.81;14.05;1416;36;4000.00;329
9919;28;621412277;9919;591;11330;11659;4.13;0.25;373.81;14.05;1411;36;4001.00;329
9920;28;621412293;9920;586;11330;11660;4.16;0.25;373.79;14.05;1410;36;4002.00;330
9921;28;621412310;9921;583;11330;11660;4.14;0.25;373.76;14.05;1409;36;4003.00;330
9924;28;621412326;9924;585;11335;11666;4.17;0.25;373.74;14.05;1411;36;4004.00;331
9925;28;621412343;9925;580;11337;11668;4.17;0.25;373.70;14.04;1412;36;4005.00;331
9926;28;621412361;9926;587;11337;11668;4.22;0.26;373.69;14.04;1411;36;4006.00;331
9927;28;621412377;9927;595;11337;11668;4.24;0.26;373.67;14.04;1410;36;4007.00;331
9927;28;621412393;9927;596;11340;11672;4.30;0.26;373.67;14.04;1413;36;4008.00;332
9927;28;621412408;9927;590;11340;11672;4.30;0.26;373.67;14.04;1413;36;4009.00;332
9932;28;621412423;9932;590;11340;11672;4.22;0.26;373.72;14.04;1408;36;4010.00;332
9933;28;621412438;9933;591;11341;11673;4.20;0.26;373.76;14.04;1408;36;4011.00;332
9937;28;621412452;9937;582;11344;11677;4.15;0.25;373.75;14.04;1407;36;4012.00;333
9939;28;621412467;9939;581;11344;11677;4.13;0.25;373.74;14.04;1405;36;4013.00;333
9944;28;621412482;9944;578;11346;11680;4.12;0.25;373.78;14.03;1402;36;4014.00;334
9947;28;621412501;9947;574;11347;11680;4.12;0.25;373.75;14.03;1400;36;4015.00;333
9950;28;621412515;9950;581;11347;11680;4.12;0.25;373.68;14.03;1397;36;4016.00;333
9952;28;621412530;9952;575;11348;11680;4.10;0.25;373.64;14.12;1396;36;4017.00;332
9955;28;621412545;9955;569;11353;11684;4.13;0.25;373.69;14.20;1398;36;4018.00;331
9956;28;621412560;9956;564;11353;11684;4.17;0.25;373.68;14.20;1397;36;4019.00;331
9958;28;621412576;9958;558;11353;11684;4.20;0.26;373.68;14.20;1395;36;4020.00;331
9958;28;621412591;9958;551;11353;11684;4.24;0.26;373.68;14.20;1395;36;4021.00;331
9958;28;621412606;9958;546;11353;11685;4.25;0.26;373.68;14.20;1395;36;4022.00;332
9959;28;621412621;9959;539;11354;11686;4.22;0.26;373.65;14.20;1395;36;4023.00;332
9962;28;621412635;9962;537;11354;11686;4.18;0.26;373.71;14.20;1392;36;4024.00;332
9965;28;621412651;9965;531;11355;11687;4.16;0.25;373.69;14.19;1390;36;4025.00;332
9966;28;621412666;9966;524;11355;11687;4.18;0.26;373.68;14.19;1389;36;4026.00;332
9967;28;621412681;9967;532;11355;11687;4.21;0.26;373.66;14.19;1388;36;4027.00;332
9969;28;621412695;9969;528;11355;11687;4.26;0.26;373.64;14.19;1386;36;4028.00;332
9973;28;621412710;9973;535;11355;11687;4.26;0.26;373.62;14.19;1382;36;4029.00;332
9973;28;621412724;9973;530;11355;11687;4.31;0.26;373.62;14.19;1382;36;4030.00;332
9975;28;621412738;9975;523;11355;11687;4.35;0.27;373.62;14.19;1380;36;4031.00;332
9975;28;621412753;9975;549;11420;11814;4.59;0.28;373.62;14.11;1445;36;4032.00;394
9978;28;621412778;9978;537;11423;11815;4.62;0.29;373.65;14.11;1445;36;4033.00;392
9980;28;621412799;9980;535;11431;11815;4.61;0.28;373.62;14.10;1451;36;4034.00;384
9981;28;621412820;9981;534;11439;11815;4.60;0.28;373.61;14.09;1458;36;4035.00;376
9983;28;621412835;9983;536;11445;11815;4.61;0.28;373.62;14.18;1462;36;4036.00;370
9985;28;621412850;9985;545;11447;11815;4.58;0.28;373.64;14.17;1462;36;4037.00;368
9985;28;621412865;9985;541;11449;11815;4.58;0.28;373.64;14.17;1464;36;4038.00;366
9987;28;621412880;9987;546;11451;11815;4.58;0.28;373.67;14.17;1464;36;4039.00;364
9989;28;621412896;9989;546;11455;11816;4.58;0.28;373.74;14.25;1466;36;4040.00;361
9991;28;621412911;9991;549;11460;11817;4.61;0.28;373.77;14.25;1469;36;4041.00;357
9993;28;621412926;9993;558;11464;11817;4.57;0.28;373.86;14.34;1471;36;4042.00;353
9994;28;621412941;9994;564;11467;11818;4.54;0.28;373.89;14.33;1473;36;4043.00;351
9998;28;621412957;9998;558;11470;11818;4.42;0.27;373.86;14.42;1472;36;4044.00;348
9999;28;621412973;9999;565;11473;11818;4.36;0.27;373.97;14.42;1474;36;4045.00;345
10001;28;621412989;10001;569;11473;11818;4.30;0.27;374.07;14.42;1472;36;4046.00;345
10006;28;621413005;10006;580;11479;11822;4.25;0.26;374.14;14.50;1473;36;4047.00;343
10009;28;621413026;10009;588;11479;11822;4.22;0.26;374.12;14.50;1470;36;4048.00;343
10009;28;621413041;10009;594;11479;11822;4.21;0.26;374.12;14.50;1470;36;4049.00;343
10013;28;621413058;10013;602;11483;11828;4.16;0.26;374.27;14.49;1470;36;4050.00;345
10014;28;621413074;10014;612;11484;11828;4.16;0.26;374.32;14.58;1470;36;4051.00;344
10016;28;621413089;10016;607;11488;11828;4.19;0.26;374.29;14.66;1472;36;4052.00;340
10019;28;621413104;10019;609;11492;11832;4.17;0.25;374.54;14.74;1473;36;4053.00;340
10020;28;621413120;10020;610;11495;11833;4.16;0.25;374.62;14.83;1475;36;4054.00;338
10023;28;621413135;10023;613;11496;11833;4.14;0.25;374.70;14.83;1473;36;4055.00;337
10025;28;621413150;10025;614;11500;11837;4.13;0.25;374.73;14.82;1475;36;4056.00;337
10026;28;621413166;10026;620;11501;11837;4.15;0.25;374.72;14.82;1475;36;4057.00;336
10026;28;621413181;10026;623;11501;11837;4.17;0.26;374.72;14.82;1475;36;4058.00;336
10027;28;621413196;10027;624;11502;11838;4.16;0.25;374.78;14.82;1475;36;4059.00;336
10029;28;621413211;10029;621;11502;11838;4.16;0.26;374.87;14.82;1473;36;4060.00;336
10030;28;621413226;10030;627;11507;11844;4.20;0.26;374.91;14.82;1477;37;4061.00;337
10031;28;621413246;10031;623;11507;11844;4.23;0.26;374.93;14.82;1476;37;4062.00;337
10033;28;621413262;10033;616;11507;11845;4.24;0.26;374.88;14.82;1474;37;4063.00;338
10036;28;621413278;10036;609;11507;11845;4.27;0.26;375.02;14.82;1471;37;4064.00;338
10040;28;621413297;10040;608;11507;11845;4.28;0.26;375.13;14.82;1467;37;4065.00;338
10042;28;621413312;10042;602;11507;11845;4.29;0.26;375.15;14.82;1465;37;4066.00;338
10043;28;621413327;10043;605;11507;11845;4.36;0.27;375.14;14.82;1464;37;4067.00;338
10045;28;621413342;10045;603;11518;11857;4.37;0.27;375.20;14.80;1473;37;4068.00;339
10048;28;621413363;10048;605;11518;11857;4.37;0.27;375.27;14.80;1470;37;4069.00;339
10050;28;621413391;10050;600;11518;11857;4.37;0.27;375.37;14.80;1468;37;4070.00;339
10053;28;621413416;10053;597;11518;11857;4.38;0.27;375.51;14.80;1465;37;4071.00;339
10054;28;621413441;10054;599;11518;11857;4.40;0.27;375.50;14.80;1464;37;4072.00;339
10058;28;621413465;10058;601;11518;11857;4.37;0.27;375.51;14.80;1460;37;4073.00;339
10060;29;621413483;10060;603;11521;11861;4.36;0.27;375.48;14.80;1461;38;4074.00;340
10063;30;621413512;10063;602;11521;11861;4.37;0.27;375.48;14.80;1458;39;4075.00;340
10065;30;621413541;10065;606;11525;11865;4.40;0.27;375.47;14.79;1460;39;4076.00;340
10067;30;621413558;10067;610;11526;11866;4.41;0.27;375.50;14.79;1459;39;4077.00;340
10075;30;621413581;10075;621;11526;11866;4.32;0.26;375.65;14.79;1451;39;4078.00;340
10079;30;621413598;10079;624;11526;11866;4.25;0.26;375.58;14.79;1447;39;4079.00;340
10082;30;621413615;10082;632;11546;11895;4.25;0.26;375.59;14.77;1464;39;4080.00;349
10087;30;621413634;10087;623;11548;11895;4.22;0.26;375.67;14.76;1461;39;4081.00;347
10093;30;621413650;10093;617;11550;11895;4.19;0.26;375.64;14.76;1457;39;4082.00;345
10097;30;621413667;10097;611;11551;11896;4.21;0.26;375.81;14.76;1454;39;4083.00;345
10101;30;621413683;10101;614;11551;11897;4.22;0.26;375.90;14.76;1450;39;4084.00;346
10105;30;621413699;10105;624;11551;11897;4.22;0.26;375.98;14.76;1446;39;4085.00;346
10108;30;621413715;10108;615;11552;11900;4.26;0.26;376.01;14.76;1444;39;4086.00;348
10115;30;621413731;10115;610;11552;11900;4.25;0.26;376.17;14.76;1437;39;4087.00;348
10117;30;621413748;10117;597;11552;11900;4.27;0.26;376.28;14.76;1435;39;4088.00;348
10121;30;621413765;10121;591;11552;11900;4.30;0.26;376.39;14.76;1431;39;4089.00;348
10124;30;621413781;10124;582;11556;11906;4.36;0.26;376.54;14.75;1432;39;4090.00;350
10127;30;621413798;10127;573;11556;11906;4.40;0.27;376.53;14.75;1429;39;4091.00;350
10131;30;621413814;10131;568;11556;11906;4.39;0.27;376.63;14.75;1425;39;4092.00;350
10135;30;621413837;10135;555;11556;11906;4.40;0.27;376.75;14.75;1421;39;4093.00;350
10137;30;621413855;10137;557;11559;11910;4.43;0.27;376.76;14.75;1422;39;4094.00;351
10142;30;621413871;10142;550;11560;11912;4.43;0.27;376.79;14.75;1418;39;4095.00;352
10146;30;621413889;10146;546;11560;11912;4.43;0.27;376.89;14.75;1414;39;4096.00;352
10150;30;621413905;10150;543;11561;11913;4.46;0.27;376.96;14.75;1411;39;4097.00;352
10153;30;621413922;10153;548;11561;11913;4.50;0.27;377.02;14.75;1408;39;4098.00;352
10158;30;621413938;10158;542;11561;11913;4.51;0.27;377.12;14.75;1403;39;4099.00;352
10160;30;621413955;10160;534;11562;11913;4.54;0.28;377.15;14.84;1402;39;4100.00;351
10165;30;621413976;10165;540;11562;11913;4.56;0.28;377.28;14.84;1397;39;4101.00;351
10168;30;621413993;10168;530;11562;11913;4.57;0.28;377.31;14.84;1394;39;4102.00;351
10169;30;621414009;10169;541;11562;11913;4.61;0.28;377.30;14.84;1393;39;4103.00;351
10174;30;621414025;10174;549;11595;11983;4.64;0.28;377.49;14.79;1421;39;4104.00;388
10180;30;621414046;10180;552;11597;11984;4.65;0.28;377.68;14.79;1417;39;4105.00;387
10182;30;621414064;10182;558;11600;11984;4.68;0.28;377.70;14.79;1418;39;4106.00;384
10185;30;621414080;10185;555;11604;11984;4.69;0.29;377.89;14.79;1419;39;4107.00;380
10187;30;621414096;10187;563;11604;11984;4.68;0.29;378.01;14.79;1417;39;4108.00;380
10190;30;621414113;10190;570;11605;11984;4.69;0.29;378.00;14.79;1415;39;4109.00;379
10194;30;621414132;10194;569;11607;11984;4.67;0.28;378.21;14.78;1413;39;4110.00;377
10196;30;621414148;10196;577;11608;11984;4.61;0.28;378.20;14.78;1412;39;4111.00;376
10199;30;621414164;10199;584;11611;11985;4.55;0.28;378.23;14.78;1412;39;4112.00;374
10200;30;621414180;10200;596;11613;11986;4.54;0.28;378.22;14.78;1413;39;4113.00;373
10206;30;621414196;10206;602;11617;11986;4.46;0.27;378.40;14.78;1411;39;4114.00;369
10209;30;621414212;10209;602;11621;11990;4.42;0.27;378.40;14.78;1412;39;4115.00;369
10219;30;621414228;10219;605;11621;11990;4.34;0.26;378.53;14.78;1402;39;4116.00;369
10224;30;621414244;10224;611;11622;11990;4.31;0.26;378.66;14.78;1398;39;4117.00;368
10226;30;621414260;10226;607;11623;11990;4.31;0.26;378.77;14.78;1397;39;4118.00;367
10230;30;621414276;10230;607;11627;11996;4.31;0.26;378.71;14.78;1397;39;4119.00;369
10233;30;621414293;10233;612;11629;11996;4.29;0.26;378.76;14.78;1396;39;4120.00;367
10235;30;621414309;10235;617;11629;11996;4.30;0.26;378.85;14.78;1394;39;4121.00;367
10237;30;621414324;10237;612;11632;11999;4.32;0.26;378.83;14.78;1395;39;4122.00;367
10240;30;621414340;10240;617;11633;11999;4.24;0.26;378.94;14.78;1393;39;4123.00;366
10244;30;621414359;10244;616;11634;11999;4.14;0.25;378.99;14.78;1390;39;4124.00;365
10247;30;621414377;10247;619;11637;12000;4.09;0.25;379.02;14.78;1390;39;4125.00;363
10249;30;621414393;10249;618;11641;12001;4.07;0.25;379.02;14.78;1392;39;4126.00;360
10253;30;621414409;10253;616;11643;12001;4.05;0.25;379.00;14.78;1390;39;4127.00;358
10257;30;621414424;10257;617;11653;12014;4.07;0.25;379.05;14.77;1396;39;4128.00;361
10260;30;621414441;10260;608;11654;12014;4.09;0.25;379.09;14.77;1394;39;4129.00;360
10265;30;621414456;10265;603;11656;12014;4.11;0.25;379.16;14.77;1391;39;4130.00;358
10269;30;621414471;10269;607;11657;12015;4.12;0.25;379.20;14.76;1388;39;4131.00;358
10271;30;621414486;10271;603;11657;12015;4.13;0.25;379.22;14.76;1386;39;4132.00;358
10277;30;621414501;10277;606;11662;12019;4.11;0.25;379.22;14.76;1385;39;4133.00;357
10279;30;621414517;10279;609;11663;12019;4.07;0.25;379.34;14.76;1384;39;4134.00;356
10280;30;621414532;10280;613;11666;12023;4.04;0.25;379.38;14.76;1386;39;4135.00;357
10285;30;621414546;10285;602;11666;12023;3.99;0.24;379.51;14.76;1381;39;4136.00;357
10287;30;621414562;10287;601;11667;12023;3.98;0.24;379.47;14.84;1380;39;4137.00;356
10292;30;621414577;10292;606;11667;12023;3.95;0.24;379.65;14.84;1375;39;4138.00;356
10294;30;621414592;10294;594;11667;12023;3.90;0.24;379.60;14.84;1373;39;4139.00;356
10296;30;621414614;10296;607;11692;12057;3.95;0.24;379.54;14.81;1396;39;4140.00;365
10298;30;621414632;10298;607;11693;12057;3.98;0.24;379.53;14.81;1395;39;4141.00;364
10299;30;621414648;10299;609;11695;12057;4.03;0.25;379.61;14.81;1396;39;4142.00;362
10301;30;621414663;10301;620;11695;12057;4.07;0.25;379.65;14.81;1394;39;4143.00;362
10301;30;621414678;10301;610;11696;12057;4.10;0.25;379.65;14.81;1395;39;4144.00;361
10301;30;621414693;10301;618;11696;12057;4.12;0.25;379.65;14.81;1395;39;4145.00;361
10303;30;621414708;10303;622;11696;12058;4.13;0.25;379.63;14.81;1393;39;4146.00;362
10306;30;621414723;10306;618;11696;12058;4.17;0.25;379.61;14.81;1390;39;4147.00;362
10307;30;621414738;10307;622;11701;12064;4.24;0.26;379.61;14.80;1394;39;4148.00;363
10312;30;621414754;10312;622;11702;12065;4.23;0.26;379.52;14.80;1390;39;4149.00;363
10312;30;621414770;10312;616;11702;12065;4.26;0.26;379.52;14.80;1390;39;4150.00;363
10316;30;621414784;10316;616;11702;12065;4.23;0.26;379.48;14.80;1386;39;4151.00;363
10317;30;621414800;10317;615;11705;12069;4.22;0.26;379.45;14.80;1388;39;4152.00;364
10321;30;621414815;10321;618;11705;12069;4.16;0.25;379.50;14.80;1384;39;4153.00;364
10323;30;621414829;10323;620;11705;12069;4.13;0.25;379.44;14.80;1382;39;4154.00;364
10323;30;621414844;10323;626;11706;12070;4.10;0.25;379.44;14.80;1383;39;4155.00;364
10323;30;621414858;10323;630;11710;12074;4.04;0.25;379.44;14.88;1387;39;4156.00;364
10325;30;621414878;10325;632;11710;12074;4.00;0.24;379.38;14.88;1385;39;4157.00;364
10327;30;621414893;10327;631;11712;12077;3.96;0.24;379.39;14.88;1385;39;4158.00;365
10330;30;621414907;10330;639;11712;12077;3.90;0.24;379.39;14.88;1382;39;4159.00;365
10330;30;621414921;10330;632;11713;12077;3.91;0.24;379.39;14.88;1383;39;4160.00;364
10333;30;621414936;10333;637;11713;12077;3.87;0.24;379.38;14.88;1380;39;4161.00;364
10334;30;621414950;10334;639;11717;12081;3.88;0.24;379.35;14.87;1383;39;4162.00;364
10335;30;621414965;10335;633;11717;12081;3.89;0.24;379.35;14.87;1382;39;4163.00;364
10335;30;621414979;10335;633;11717;12081;3.90;0.24;379.35;14.87;1382;39;4164.00;364
10335;30;621414993;10335;636;11717;12081;3.89;0.24;379.35;14.87;1382;39;4165.00;364
10337;30;621415007;10337;636;11717;12082;3.86;0.23;379.42;14.87;1380;39;4166.00;365
10338;30;621415022;10338;637;11718;12083;3.84;0.23;379.39;14.87;1380;39;4167.00;365
10340;30;621415036;10340;632;11718;12083;3.77;0.23;379.40;14.87;1378;39;4168.00;365
10340;30;621415049;10340;636;11719;12084;3.78;0.23;379.40;14.87;1379;39;4169.00;365
10343;30;621415065;10343;630;11720;12084;3.76;0.23;379.46;14.96;1377;39;4170.00;364
10344;30;621415079;10344;616;11720;12084;3.82;0.23;379.45;14.96;1376;39;4171.00;364
10344;30;621415094;10344;601;11720;12084;3.86;0.23;379.45;14.96;1376;39;4172.00;364
10345;30;621415108;10345;592;11722;12086;3.92;0.24;379.45;14.95;1377;39;4173.00;364
10346;30;621415123;10346;577;11723;12086;3.98;0.24;379.47;15.04;1377;39;4174.00;363
10347;30;621415137;10347;564;11723;12086;4.03;0.24;379.47;15.04;1376;39;4175.00;363
10347;30;621415152;10347;576;11789;12213;4.17;0.26;379.47;14.95;1442;39;4176.00;424
10348;30;621415177;10348;555;11790;12214;4.25;0.26;379.51;14.95;1442;39;4177.00;424
10349;30;621415199;10349;542;11796;12214;4.39;0.27;379.48;15.03;1447;39;4178.00;418
10353;30;621415217;10353;532;11797;12214;4.44;0.27;379.54;15.03;1444;39;4179.00;417
10355;30;621415233;10355;522;11801;12214;4.51;0.28;379.52;15.03;1446;39;4180.00;413
10356;30;621415255;10356;521;11805;12214;4.59;0.28;379.51;15.02;1449;39;4181.00;409
10357;30;621415271;10357;508;11808;12214;4.70;0.29;379.57;15.02;1451;39;4182.00;406
10359;30;621415287;10359;507;11813;12214;4.74;0.29;379.61;15.10;1454;39;4183.00;401
10359;30;621415302;10359;504;11817;12215;4.81;0.29;379.61;15.19;1458;39;4184.00;398
10361;30;621415322;10361;501;11820;12217;4.85;0.30;379.61;15.19;1459;39;4185.00;397
10362;30;621415344;10362;495;11825;12217;4.90;0.30;379.60;15.36;1463;39;4186.00;392
10365;30;621415364;10365;494;11828;12218;4.90;0.30;379.60;15.35;1463;39;4187.00;390
10367;30;621415391;10367;492;11831;12218;4.90;0.30;379.57;15.35;1464;39;4188.00;387
10368;30;621415415;10368;497;11833;12218;4.83;0.30;379.58;15.35;1465;39;4189.00;385
10368;30;621415440;10368;493;11835;12218;4.82;0.30;379.58;15.35;1467;39;4190.00;383
10371;30;621415463;10371;490;11840;12222;4.83;0.30;379.57;15.43;1469;39;4191.00;382
10376;30;621415486;10376;494;11840;12222;4.80;0.29;379.60;15.43;1464;39;4192.00;382
10377;30;621415504;10377;500;11843;12222;4.82;0.29;379.59;15.43;1466;39;4193.00;379
10382;30;621415522;10382;502;11845;12225;4.79;0.29;379.61;15.52;1463;39;4194.00;380
10385;30;621415541;10385;508;11847;12225;4.74;0.29;379.74;15.52;1462;39;4195.00;378
10387;30;621415559;10387;506;11847;12225;4.74;0.29;379.70;15.52;1460;39;4196.00;378
10391;30;621415578;10391;516;11851;12229;4.70;0.29;379.77;15.51;1460;39;4197.00;378
10393;30;621415596;10393;512;11853;12230;4.73;0.29;379.76;15.51;1460;39;4198.00;377
10394;30;621415613;10394;514;11854;12230;4.77;0.29;379.72;15.51;1460;39;4199.00;376
10396;30;621415632;10396;516;11865;12264;4.77;0.29;379.73;15.50;1469;39;4200.00;399
10398;30;621415659;10398;519;11871;12264;4.75;0.29;379.81;15.50;1473;39;4201.00;393
10400;30;621415677;10400;524;11872;12264;4.73;0.29;379.77;15.50;1472;39;4202.00;392
10402;30;621415694;10402;524;11873;12265;4.71;0.29;379.83;15.50;1471;39;4203.00;392
10406;30;621415711;10406;526;11875;12265;4.68;0.28;379.86;15.50;1469;39;4204.00;390
10407;30;621415729;10407;537;11880;12271;4.71;0.29;379.89;15.49;1473;39;4205.00;391
10411;30;621415747;10411;539;11880;12271;4.67;0.28;379.95;15.49;1469;39;4206.00;391
10412;30;621415763;10412;558;11885;12272;4.67;0.28;380.05;15.59;1473;39;4207.00;387
10416;30;621415780;10416;554;11885;12272;4.68;0.28;380.18;15.59;1469;39;4208.00;387
10418;30;621415796;10418;555;11885;12272;4.69;0.29;380.14;15.59;1467;39;4209.00;387
10420;30;621415813;10420;558;11887;12272;4.70;0.29;380.09;15.77;1467;39;4210.00;385
10423;30;621415830;10423;563;11889;12272;4.66;0.28;380.24;15.77;1466;39;4211.00;383
10424;30;621415856;10424;568;11897;12284;4.70;0.29;380.28;15.76;1473;39;4212.00;387
10426;30;621415886;10426;575;11901;12284;4.73;0.29;380.30;15.85;1475;39;4213.00;383
10428;30;621415913;10428;570;11902;12284;4.76;0.29;380.32;15.85;1474;39;4214.00;382
10431;30;621415930;10431;574;11903;12284;4.78;0.29;380.43;15.94;1472;39;4215.00;381
10432;30;621415947;10432;577;11904;12284;4.74;0.29;380.51;15.94;1472;39;4216.00;380
10435;30;621415964;10435;577;11907;12284;4.75;0.29;380.68;16.12;1472;39;4217.00;377
10437;30;621415981;10437;583;11910;12288;4.77;0.29;380.70;16.12;1473;39;4218.00;378
10439;30;621415998;10439;591;11912;12288;4.75;0.29;380.77;16.21;1473;39;4219.00;376
10440;30;621416015;10440;593;11915;12292;4.79;0.29;380.78;16.21;1475;39;4220.00;377
10442;30;621416031;10442;589;11917;12293;4.78;0.29;380.83;16.30;1475;39;4221.00;376
10445;30;621416048;10445;590;11919;12293;4.73;0.29;380.85;16.30;1474;39;4222.00;374
10446;30;621416065;10446;600;11920;12293;4.68;0.28;380.85;16.39;1474;39;4223.00;373
10449;30;621416081;10449;599;11930;12306;4.68;0.28;380.93;16.37;1481;39;4224.00;376
10452;30;621416102;10452;606;11932;12306;4.62;0.28;381.01;16.37;1480;39;4225.00;374
10456;30;621416119;10456;604;11934;12306;4.57;0.28;381.04;16.55;1478;39;4226.00;372
10461;30;621416136;10461;607;11935;12307;4.52;0.27;381.24;16.55;1474;39;4227.00;372
10462;30;621416153;10462;619;11938;12308;4.50;0.27;381.35;16.73;1476;39;4228.00;370
10463;30;621416172;10463;618;11938;12308;4.49;0.27;381.39;16.73;1475;39;4229.00;370
10467;30;621416190;10467;613;11942;12314;4.49;0.27;381.40;16.73;1475;39;4230.00;372
10467;30;621416209;10467;617;11944;12314;4.47;0.27;381.40;16.90;1477;39;4231.00;370
10469;30;621416225;10469;623;11947;12314;4.49;0.27;381.46;16.99;1478;39;4232.00;367
10470;30;621416241;10470;621;11948;12314;4.53;0.28;381.56;17.08;1478;39;4233.00;366
10473;30;621416258;10473;625;11955;12320;4.52;0.28;381.53;17.16;1482;39;4234.00;365
10477;30;621416276;10477;627;11955;12320;4.52;0.28;381.71;17.16;1478;39;4235.00;365
10479;30;621416292;10479;636;11956;12320;4.51;0.28;381.87;17.25;1477;39;4236.00;364
10482;30;621416309;10482;636;11957;12320;4.48;0.27;381.89;17.34;1475;39;4237.00;363
10483;30;621416325;10483;639;11961;12324;4.47;0.27;381.96;17.42;1478;39;4238.00;363
10487;30;621416342;10487;640;11962;12325;4.45;0.27;382.03;17.42;1475;39;4239.00;363
10488;30;621416359;10488;650;11964;12325;4.46;0.27;382.01;17.51;1476;39;4240.00;361
10492;30;621416375;10492;653;11966;12326;4.46;0.27;382.00;17.59;1474;39;4241.00;360
10494;30;621416392;10494;643;11966;12326;4.47;0.27;381.98;17.59;1472;39;4242.00;360
10499;30;621416408;10499;641;11968;12326;4.44;0.27;382.13;17.77;1469;39;4243.00;358
10502;30;621416424;10502;640;11968;12326;4.43;0.27;382.25;17.77;1466;39;4244.00;358
10506;30;621416443;10506;640;11969;12326;4.37;0.27;382.38;17.86;1463;39;4245.00;357
10509;30;621416458;10509;657;11971;12326;4.32;0.26;382.34;17.94;1462;39;4246.00;355
10512;30;621416473;10512;660;11971;12326;4.28;0.26;382.44;17.94;1459;39;4247.00;355
10516;30;621416489;10516;678;12018;12396;4.21;0.26;382.52;18.05;1502;39;4248.00;378
10521;30;621416509;10521;672;12018;12397;4.14;0.25;382.47;18.05;1497;39;4249.00;379
10525;30;621416525;10525;654;12020;12397;4.09;0.25;382.52;18.05;1495;39;4250.00;377
10529;30;621416540;10529;652;12024;12397;4.07;0.25;382.55;18.21;1495;39;4251.00;373
10531;30;621416555;10531;654;12028;12397;4.09;0.25;382.54;18.22;1497;39;4252.00;369
10536;30;621416571;10536;653;12030;12397;4.11;0.25;382.62;18.21;1494;39;4253.00;367
10541;30;621416586;10541;648;12033;12397;4.09;0.25;382.72;18.21;1492;39;4254.00;364
10545;30;621416601;10545;652;12035;12397;4.10;0.25;382.79;18.21;1490;39;4255.00;362
10551;30;621416622;10551;656;12036;12398;4.10;0.25;382.88;18.21;1485;39;4256.00;362
10554;30;621416637;10554;665;12037;12399;4.09;0.25;382.91;18.21;1483;39;4257.00;362
10558;30;621416653;10558;667;12038;12399;4.05;0.25;382.97;18.21;1480;39;4258.00;361
10560;30;621416668;10560;676;12042;12403;4.02;0.25;383.08;18.20;1482;39;4259.00;361
10563;30;621416685;10563;678;12042;12403;4.00;0.25;383.13;18.20;1479;39;4260.00;361
10567;30;621416701;10567;683;12043;12403;3.96;0.24;383.25;18.29;1476;39;4261.00;360
10570;30;621416717;10570;692;12043;12403;3.92;0.24;383.32;18.29;1473;39;4262.00;360
10573;30;621416733;10573;689;12047;12409;3.87;0.24;383.34;18.28;1474;39;4263.00;362
10578;30;621416748;10578;692;12047;12409;3.84;0.23;383.55;18.28;1469;39;4264.00;362
10580;30;621416763;10580;698;12047;12409;3.82;0.23;383.62;18.28;1467;39;4265.00;362
10583;30;621416778;10583;707;12048;12412;3.81;0.23;383.62;18.28;1465;39;4266.00;364
10584;30;621416793;10584;703;12048;12412;3.80;0.23;383.60;18.28;1464;39;4267.00;364
10589;30;621416808;10589;701;12049;12412;3.72;0.23;383.77;18.28;1460;39;4268.00;363
10592;30;621416822;10592;700;12049;12413;3.69;0.22;383.72;18.28;1457;39;4269.00;364
10596;30;621416837;10596;694;12050;12414;3.66;0.22;383.94;18.28;1454;39;4270.00;364
10600;30;621416852;10600;707;12051;12414;3.64;0.22;383.96;18.28;1451;39;4271.00;363
10605;30;621416867;10605;711;12062;12427;3.66;0.22;383.99;18.26;1457;39;4272.00;365
10606;30;621416885;10606;714;12062;12427;3.63;0.22;384.01;18.26;1456;39;4273.00;365
10612;30;621416901;10612;712;12062;12427;3.55;0.22;384.02;18.26;1450;39;4274.00;365
10618;30;621416916;10618;719;12063;12429;3.49;0.21;384.15;18.26;1445;39;4275.00;366
10620;30;621416933;10620;729;12063;12429;3.46;0.21;384.13;18.26;1443;39;4276.00;366
10625;30;621416949;10625;729;12066;12433;3.42;0.21;384.29;18.26;1441;39;4277.00;367
10628;30;621416965;10628;737;12068;12433;3.38;0.21;384.33;18.26;1440;39;4278.00;365
10630;30;621416981;10630;732;12071;12437;3.41;0.21;384.39;18.25;1441;39;4279.00;366
10633;30;621416997;10633;728;12071;12437;3.39;0.21;384.53;18.25;1438;39;4280.00;366
10634;30;621417013;10634;720;12073;12437;3.40;0.21;384.54;18.26;1439;39;4281.00;364
10639;30;621417029;10639;723;12074;12437;3.38;0.21;384.58;18.26;1435;39;4282.00;363
10643;30;621417044;10643;728;12075;12437;3.34;0.20;384.59;18.26;1432;39;4283.00;362
10646;30;621417059;10646;735;12084;12449;3.37;0.21;384.57;18.24;1438;39;4284.00;365
10650;30;621417075;10650;741;12085;12449;3.36;0.21;384.65;18.24;1435;39;4285.00;364
10651;30;621417090;10651;744;12087;12449;3.37;0.21;384.68;18.24;1436;39;4286.00;362
10654;30;621417104;10654;745;12087;12449;3.36;0.21;384.72;18.24;1433;39;4287.00;362
10656;30;621417118;10656;760;12087;12449;3.33;0.20;384.74;18.24;1431;39;4288.00;362
10660;30;621417131;10660;756;12088;12449;3.29;0.20;384.81;18.24;1428;39;4289.00;361
10663;30;621417147;10663;762;12088;12450;3.25;0.20;384.84;18.24;1425;39;4290.00;362
10664;30;621417162;10664;771;12089;12450;3.20;0.20;384.82;18.24;1425;39;4291.00;361
10665;30;621417176;10665;777;12093;12456;3.16;0.19;384.82;18.24;1428;39;4292.00;363
10667;30;621417190;10667;781;12094;12457;3.11;0.19;384.82;18.23;1427;39;4293.00;363
10670;30;621417205;10670;785;12094;12457;3.05;0.19;384.77;18.23;1424;39;4294.00;363
10671;30;621417219;10671;792;12095;12457;3.02;0.18;384.77;18.23;1424;39;4295.00;362
10672;30;621417234;10672;792;12099;12461;3.02;0.19;384.75;18.23;1427;39;4296.00;362
10676;30;621417248;10676;796;12099;12461;2.98;0.18;384.71;18.23;1423;39;4297.00;362
10677;30;621417263;10677;787;12099;12461;3.01;0.18;384.69;18.23;1422;39;4298.00;362
10678;30;621417277;10678;787;12100;12462;3.03;0.19;384.65;18.23;1422;39;4299.00;362
10681;30;621417293;10681;784;12103;12466;3.05;0.19;384.61;18.22;1422;39;4300.00;363
10683;30;621417312;10683;784;12103;12466;3.04;0.18;384.58;18.22;1420;39;4301.00;363
10685;30;621417326;10685;774;12105;12469;3.05;0.19;384.65;18.22;1420;39;4302.00;364
10686;30;621417341;10686;773;12106;12469;3.07;0.19;384.64;18.22;1420;39;4303.00;363
10688;30;621417355;10688;768;12106;12469;3.11;0.19;384.59;18.22;1418;39;4304.00;363
10690;30;621417375;10690;758;12106;12469;3.14;0.19;384.56;18.22;1416;39;4305.00;363
10691;30;621417408;10691;744;12110;12473;3.21;0.19;384.53;18.21;1419;39;4306.00;363
10695;30;621417445;10695;729;12110;12473;3.22;0.20;384.45;18.21;1415;39;4307.00;363
10695;30;621417471;10695;717;12110;12473;3.27;0.20;384.45;18.21;1415;39;4308.00;363
10696;30;621417491;10696;719;12110;12473;3.34;0.20;384.45;18.21;1414;39;4309.00;363
10702;30;621417509;10702;715;12110;12474;3.38;0.20;384.48;18.21;1408;39;4310.00;364
10703;30;621417527;10703;711;12111;12475;3.42;0.21;384.48;18.21;1408;39;4311.00;364
10704;30;621417544;10704;713;12111;12475;3.48;0.21;384.46;18.21;1407;39;4312.00;364
10705;30;621417562;10705;717;12112;12476;3.52;0.21;384.44;18.21;1407;39;4313.00;364
10705;30;621417580;10705;703;12112;12476;3.58;0.22;384.44;18.21;1407;39;4314.00;364
10705;30;621417597;10705;710;12112;12476;3.60;0.22;384.44;18.21;1407;39;4315.00;364
10706;30;621417613;10706;708;12112;12476;3.63;0.22;384.44;18.21;1406;39;4316.00;364
10706;30;621417631;10706;710;12112;12476;3.69;0.22;384.44;18.21;1406;39;4317.00;364
10707;30;621417648;10707;705;12112;12476;3.71;0.22;384.48;18.21;1405;39;4318.00;364
10707;30;621417664;10707;705;12112;12476;3.75;0.23;384.48;18.21;1405;39;4319.00;364
10707;30;621417682;10707;754;12224;12706;4.12;0.26;384.48;18.04;1517;39;4320.00;482
10708;30;621417721;10708;746;12228;12707;4.13;0.26;384.49;18.04;1520;39;4321.00;479
10710;30;621417739;10710;727;12239;12707;4.21;0.26;384.54;18.02;1529;39;4322.00;468
10711;30;621417756;10711;712;12245;12707;4.24;0.26;384.52;18.01;1534;39;4323.00;462
10711;30;621417773;10711;697;12252;12707;4.25;0.27;384.52;18.01;1541;39;4324.00;455
10712;30;621417790;10712;687;12255;12707;4.26;0.27;384.58;18.00;1543;39;4325.00;452
10712;30;621417809;10712;677;12262;12707;4.30;0.27;384.58;18.08;1550;39;4326.00;445
10713;30;621417828;10713;662;12267;12707;4.31;0.27;384.65;18.08;1554;39;4327.00;440
10713;30;621417846;10713;659;12272;12708;4.35;0.27;384.65;18.08;1559;39;4328.00;436
10713;31;621417864;10713;662;12274;12709;4.35;0.27;384.65;18.07;1561;40;4329.00;435
10714;31;621417904;10714;657;12280;12709;4.32;0.27;384.66;18.07;1566;40;4330.00;429
10714;32;621417921;10714;667;12283;12710;4.29;0.27;384.66;18.07;1569;41;4331.00;427
10715;32;621417956;10715;664;12286;12710;4.24;0.26;384.65;18.07;1571;41;4332.00;424
10716;32;621417975;10716;671;12287;12710;4.20;0.26;384.65;18.07;1571;41;4333.00;423
10717;32;621417998;10717;672;12287;12710;4.19;0.26;384.71;18.07;1570;41;4334.00;423
10718;32;621418016;10718;674;12289;12714;4.20;0.26;384.74;18.07;1571;41;4335.00;425
10719;32;621418034;10719;674;12290;12714;4.22;0.26;384.73;18.06;1571;41;4336.00;424
10721;32;621418051;10721;677;12291;12714;4.23;0.26;384.72;18.06;1570;41;4337.00;423
10722;32;621418069;10722;678;12292;12717;4.27;0.26;384.69;18.06;1570;41;4338.00;425
10722;32;621418086;10722;676;12293;12717;4.28;0.26;384.69;18.06;1571;41;4339.00;424
10723;32;621418103;10723;675;12294;12717;4.31;0.26;384.72;18.06;1571;41;4340.00;423
10725;32;621418121;10725;675;12297;12721;4.35;0.27;384.79;18.06;1572;41;4341.00;424
10726;32;621418139;10726;669;12298;12722;4.41;0.27;384.81;18.06;1572;41;4342.00;424
10729;32;621418157;10729;666;12298;12722;4.43;0.27;384.91;18.06;1569;41;4343.00;424
10732;32;621418175;10732;656;12300;12726;4.43;0.27;384.97;18.05;1568;41;4344.00;426
10733;32;621418193;10733;656;12302;12726;4.46;0.27;384.95;18.14;1569;41;4345.00;424
10737;32;621418212;10737;654;12302;12726;4.45;0.27;385.17;18.14;1565;41;4346.00;424
10740;32;621418229;10740;646;12303;12727;4.42;0.27;385.18;18.14;1563;41;4347.00;424
10742;32;621418247;10742;636;12303;12727;4.40;0.27;385.21;18.14;1561;41;4348.00;424
10747;32;621418266;10747;643;12307;12733;4.35;0.27;385.26;18.14;1560;41;4349.00;426
10749;32;621418292;10749;642;12308;12733;4.32;0.26;385.29;18.14;1559;41;4350.00;425
10752;32;621418310;10752;644;12309;12734;4.30;0.26;385.25;18.14;1557;41;4351.00;425
10755;32;621418326;10755;642;12310;12734;4.27;0.26;385.28;18.14;1555;41;4352.00;424
10758;32;621418344;10758;636;12313;12734;4.26;0.26;385.28;18.14;1555;41;4353.00;421
10760;32;621418363;10760;622;12313;12734;4.26;0.26;385.24;18.14;1553;41;4354.00;421
10762;32;621418380;10762;625;12316;12734;4.28;0.26;385.30;18.33;1554;41;4355.00;418
10763;32;621418403;10763;620;12326;12746;4.34;0.27;385.27;18.31;1563;41;4356.00;420
10764;32;621418423;10764;618;12326;12746;4.37;0.27;385.31;18.31;1562;41;4357.00;420
10770;32;621418441;10770;603;12328;12746;4.37;0.27;385.36;18.31;1558;41;4358.00;418
10771;32;621418458;10771;607;12329;12746;4.42;0.27;385.35;18.31;1558;41;4359.00;417
10775;32;621418476;10775;612;12330;12746;4.41;0.27;385.40;18.31;1555;41;4360.00;416
10778;32;621418493;10778;615;12330;12746;4.40;0.27;385.38;18.31;1552;41;4361.00;416
10784;32;621418510;10784;623;12333;12750;4.35;0.27;385.46;18.31;1549;41;4362.00;417
10788;32;621418528;10788;625;12333;12750;4.37;0.27;385.52;18.31;1545;41;4363.00;417
10790;32;621418544;10790;631;12336;12754;4.38;0.27;385.54;18.30;1546;41;4364.00;418
10792;32;621418562;10792;629;12339;12756;4.38;0.27;385.62;18.39;1547;41;4365.00;417
10795;32;621418579;10795;633;12339;12756;4.34;0.26;385.66;18.39;1544;41;4366.00;417
10796;32;621418596;10796;632;12340;12756;4.33;0.26;385.67;18.39;1544;41;4367.00;416
10797;32;621418614;10797;640;12351;12769;4.35;0.26;385.66;18.38;1554;41;4368.00;418
10801;32;621418632;10801;643;12351;12769;4.36;0.27;385.64;18.38;1550;41;4369.00;418
10803;32;621418649;10803;636;12352;12769;4.38;0.27;385.65;18.38;1549;41;4370.00;417
10804;32;621418665;10804;643;12355;12770;4.38;0.27;385.64;18.39;1551;41;4371.00;415
10806;32;621418683;10806;636;12356;12771;4.39;0.27;385.67;18.39;1550;41;4372.00;415
10810;32;621418700;10810;643;12359;12771;4.40;0.27;385.76;18.49;1549;41;4373.00;412
10811;32;621418717;10811;642;12362;12774;4.41;0.27;385.75;18.49;1551;41;4374.00;412
10813;32;621418734;10813;653;12364;12774;4.41;0.27;385.74;18.49;1551;41;4375.00;410
10816;32;621418751;10816;650;12366;12774;4.41;0.27;385.74;18.49;1550;41;4376.00;408
10818;32;621418768;10818;656;12368;12774;4.39;0.27;385.78;18.50;1550;41;4377.00;406
10820;32;621418785;10820;660;12373;12780;4.43;0.27;385.86;18.49;1553;41;4378.00;407
10823;32;621418802;10823;664;12375;12780;4.43;0.27;385.98;18.49;1552;41;4379.00;405
10824;32;621418821;10824;673;12376;12780;4.40;0.27;386.05;18.50;1552;41;4380.00;404
10826;32;621418838;10826;672;12378;12780;4.33;0.26;386.11;18.59;1552;41;4381.00;402
10828;32;621418855;10828;682;12381;12784;4.27;0.26;386.18;18.59;1553;41;4382.00;403
10831;32;621418871;10831;675;12382;12785;4.27;0.26;386.31;18.59;1551;41;4383.00;403
10833;32;621418888;10833;681;12383;12785;4.28;0.26;386.28;18.59;1550;41;4384.00;402
10835;32;621418904;10835;687;12384;12786;4.31;0.26;386.28;18.59;1549;41;4385.00;402
10839;32;621418921;10839;687;12386;12786;4.34;0.27;386.32;18.68;1547;41;4386.00;400
10842;32;621418938;10842;686;12387;12786;4.35;0.27;386.29;18.77;1545;41;4387.00;399
10846;32;621418954;10846;691;12390;12786;4.35;0.27;386.25;18.87;1544;41;4388.00;396
10849;32;621418971;10849;694;12390;12786;4.34;0.27;386.22;18.87;1541;41;4389.00;396
10855;32;621418987;10855;690;12393;12786;4.30;0.26;386.29;18.96;1538;41;4390.00;393
10855;32;621419003;10855;691;12393;12786;4.25;0.26;386.29;18.96;1538;41;4391.00;393
10856;32;621419020;10856;702;12429;12856;4.33;0.27;386.29;19.09;1573;41;4392.00;427
10860;32;621419041;10860;700;12432;12857;4.29;0.26;386.45;19.18;1572;41;4393.00;425
10862;32;621419059;10862;697;12441;12857;4.33;0.27;386.61;19.26;1579;41;4394.00;416
10863;32;621419075;10863;699;12441;12857;4.32;0.26;386.73;19.26;1578;41;4395.00;416
10867;32;621419097;10867;707;12443;12857;4.31;0.26;386.80;19.26;1576;41;4396.00;414
10869;32;621419113;10869;704;12448;12857;4.25;0.26;386.82;19.44;1579;41;4397.00;409
10873;32;621419130;10873;699;12452;12857;4.24;0.26;386.84;19.43;1579;41;4398.00;405
10874;32;621419146;10874;710;12453;12857;4.25;0.26;386.93;19.43;1579;41;4399.00;404
10877;32;621419163;10877;701;12458;12858;4.27;0.26;386.91;19.61;1581;41;4400.00;400
10880;32;621419184;10880;703;12460;12859;4.26;0.26;386.95;19.61;1580;41;4401.00;399
10883;32;621419200;10883;700;12464;12859;4.26;0.26;386.99;19.79;1581;41;4402.00;395
10886;32;621419217;10886;702;12468;12863;4.28;0.26;386.93;19.78;1582;41;4403.00;395
10890;32;621419234;10890;697;12472;12863;4.23;0.26;386.92;19.96;1582;41;4404.00;391
10893;32;621419251;10893;701;12472;12863;4.21;0.26;386.94;19.96;1579;41;4405.00;391
10894;32;621419267;10894;707;12473;12863;4.23;0.26;386.94;20.05;1579;41;4406.00;390
10896;32;621419284;10896;711;12479;12869;4.23;0.26;387.07;20.13;1583;41;4407.00;390
10900;32;621419301;10900;714;12479;12869;4.21;0.26;387.10;20.13;1579;41;4408.00;390
10902;32;621419317;10902;714;12479;12869;4.18;0.25;387.10;20.13;1577;41;4409.00;390
10903;32;621419335;10903;720;12484;12875;4.17;0.25;387.13;20.30;1581;41;4410.00;391
10910;32;621419352;10910;722;12484;12875;4.12;0.25;387.20;20.30;1574;41;4411.00;391
10910;32;621419374;10910;733;12485;12875;4.10;0.25;387.20;20.30;1575;41;4412.00;390
10913;32;621419399;10913;738;12485;12876;4.04;0.25;387.23;20.30;1572;41;4413.00;391
10915;32;621419425;10915;732;12488;12877;3.96;0.24;387.21;20.47;1573;41;4414.00;389
10919;32;621419448;10919;747;12488;12877;3.83;0.23;387.23;20.47;1569;41;4415.00;389
10922;32;621419476;10922;742;12498;12890;3.78;0.23;387.27;20.54;1576;41;4416.00;392
10925;32;621419496;10925;740;12499;12890;3.70;0.23;387.34;20.54;1574;41;4417.00;391
10930;32;621419513;10930;750;12499;12890;3.63;0.22;387.31;20.54;1569;41;4418.00;391
10934;32;621419530;10934;756;12501;12891;3.56;0.22;387.48;20.72;1567;41;4419.00;390
10937;32;621419547;10937;753;12501;12891;3.51;0.21;387.51;20.72;1564;41;4420.00;390
10940;32;621419564;10940;740;12507;12895;3.49;0.21;387.58;20.88;1567;41;4421.00;388
10944;32;621419583;10944;745;12507;12895;3.46;0.21;387.58;20.88;1563;41;4422.00;388
10948;32;621419599;10948;741;12509;12899;3.43;0.21;387.74;20.88;1561;41;4423.00;390
10951;32;621419616;10951;728;12510;12899;3.46;0.21;387.78;20.88;1559;41;4424.00;389
10955;32;621419632;10955;725;12510;12899;3.47;0.21;387.87;20.88;1555;41;4425.00;389
10959;32;621419649;10959;728;12510;12899;3.48;0.21;387.92;20.88;1551;41;4426.00;389
10960;32;621419666;10960;717;12512;12899;3.50;0.21;388.03;20.88;1552;41;4427.00;387
10965;32;621419683;10965;710;12521;12911;3.51;0.21;388.19;20.86;1556;41;4428.00;390
10967;32;621419702;10967;705;12521;12911;3.54;0.22;388.20;20.86;1554;41;4429.00;390
10971;32;621419719;10971;707;12522;12911;3.56;0.22;388.28;20.86;1551;41;4430.00;389
10975;32;621419735;10975;704;12523;12911;3.57;0.22;388.34;20.86;1548;41;4431.00;388
10977;32;621419752;10977;696;12523;12911;3.56;0.22;388.40;20.86;1546;41;4432.00;388
10981;32;621419769;10981;702;12523;12911;3.55;0.22;388.48;20.86;1542;41;4433.00;388
10984;32;621419787;10984;703;12523;12912;3.54;0.22;388.50;20.86;1539;41;4434.00;389
10988;32;621419805;10988;713;12523;12912;3.52;0.21;388.61;20.86;1535;41;4435.00;389
10989;32;621419822;10989;711;12527;12918;3.56;0.22;388.59;20.86;1538;41;4436.00;391
10995;32;621419841;10995;716;12527;12919;3.52;0.22;388.71;20.86;1532;41;4437.00;392
10996;32;621419859;10996;718;12527;12919;3.55;0.22;388.82;20.86;1531;41;4438.00;392
10999;32;621419876;10999;721;12527;12919;3.53;0.22;388.78;20.86;1528;41;4439.00;392
11004;32;621419896;11004;722;12530;12924;3.50;0.21;388.81;20.85;1526;41;4440.00;394
11007;32;621419914;11007;728;12531;12924;3.47;0.21;389.02;20.85;1524;41;4441.00;393
11012;32;621419931;11012;730;12531;12924;3.37;0.21;389.00;20.85;1519;41;4442.00;393
11014;32;621419948;11014;733;12532;12925;3.33;0.20;389.02;20.85;1518;41;4443.00;393
11017;32;621419964;11017;741;12535;12929;3.29;0.20;389.12;20.84;1518;41;4444.00;394
11022;32;621419982;11022;737;12535;12929;3.25;0.20;389.06;20.84;1513;41;4445.00;394
11025;32;621419999;11025;743;12537;12932;3.24;0.20;389.02;20.84;1512;41;4446.00;395
11030;32;621420023;11030;736;12537;12932;3.20;0.20;388.99;20.84;1507;41;4447.00;395
11034;32;621420049;11034;742;12538;12932;3.18;0.19;388.96;20.84;1504;41;4448.00;394
11038;32;621420066;11038;746;12538;12932;3.11;0.19;388.95;20.84;1500;41;4449.00;394
11041;32;621420082;11041;752;12541;12936;3.06;0.19;388.95;20.84;1500;41;4450.00;395
11046;32;621420099;11046;750;12541;12936;3.00;0.18;388.89;20.84;1495;41;4451.00;395
11049;32;621420115;11049;755;12542;12936;2.96;0.18;388.87;20.84;1493;41;4452.00;394
11050;32;621420131;11050;753;12543;12936;2.90;0.18;388.85;20.84;1493;41;4453.00;393
11053;32;621420146;11053;751;12544;12937;2.88;0.18;388.84;20.84;1491;41;4454.00;393
11056;32;621420163;11056;747;12545;12939;2.85;0.17;388.77;20.84;1489;41;4455.00;394
11060;32;621420179;11060;751;12546;12939;2.83;0.17;388.72;20.84;1486;41;4456.00;393
11063;32;621420196;11063;756;12548;12940;2.81;0.17;388.68;20.84;1485;41;4457.00;392
11066;32;621420216;11066;751;12549;12940;2.79;0.17;388.62;20.84;1483;41;4458.00;391
11067;32;621420233;11067;764;12550;12940;2.79;0.17;388.63;20.84;1483;41;4459.00;390
11071;32;621420250;11071;759;12551;12940;2.75;0.17;388.59;20.84;1480;41;4460.00;389
11073;32;621420267;11073;760;12552;12940;2.72;0.17;388.58;20.84;1479;41;4461.00;388
11075;32;621420282;11075;758;12552;12940;2.68;0.17;388.62;20.84;1477;41;4462.00;388
11077;32;621420297;11077;767;12552;12940;2.63;0.16;388.69;20.84;1475;41;4463.00;388
11077;32;621420311;11077;782;12619;13067;2.93;0.18;388.69;20.73;1542;41;4464.00;448
11080;32;621420335;11080;783;12622;13068;2.90;0.18;388.59;20.72;1542;41;4465.00;446
11080;32;621420350;11080;774;12631;13068;2.96;0.19;388.59;20.71;1551;41;4466.00;437
11081;32;621420368;11081;766;12632;13068;2.97;0.19;388.58;20.71;1551;41;4467.00;436
11082;32;621420383;11082;756;12637;13068;3.02;0.19;388.55;20.70;1555;41;4468.00;431
11085;32;621420399;11085;750;12639;13068;3.01;0.19;388.56;20.70;1554;41;4469.00;429
11087;32;621420417;11087;756;12643;13068;3.03;0.19;388.51;20.69;1556;41;4470.00;425
11090;32;621420432;11090;757;12644;13068;3.04;0.19;388.55;20.69;1554;41;4471.00;424
11090;32;621420453;11090;761;12648;13069;3.03;0.19;388.55;20.69;1558;41;4472.00;421
11092;32;621420470;11092;764;12652;13070;3.02;0.19;388.56;20.69;1560;41;4473.00;418
11092;32;621420485;11092;767;12656;13070;3.01;0.19;388.56;20.78;1564;41;4474.00;414
11093;32;621420502;11093;755;12659;13071;2.99;0.18;388.55;20.78;1566;41;4475.00;412
11093;32;621420517;11093;735;12661;13071;3.01;0.19;388.55;20.78;1568;41;4476.00;410
11095;32;621420538;11095;727;12663;13071;3.07;0.19;388.55;20.77;1568;41;4477.00;408
11095;32;621420554;11095;718;12665;13071;3.15;0.19;388.55;20.77;1570;41;4478.00;406
11095;32;621420570;11095;715;12668;13075;3.25;0.20;388.55;20.77;1573;41;4479.00;407
11095;33;621420587;11095;705;12669;13075;3.35;0.21;388.55;20.77;1574;42;4480.00;406
11096;33;621420610;11096;685;12670;13075;3.49;0.22;388.53;20.77;1574;42;4481.00;405
11097;33;621420632;11097;681;12674;13078;3.64;0.22;388.53;20.76;1577;42;4482.00;404
11097;34;621420649;11097;670;12675;13078;3.76;0.23;388.53;20.76;1578;43;4483.00;403
11097;34;621420677;11097;662;12675;13078;3.90;0.24;388.53;20.76;1578;43;4484.00;403
11098;34;621420703;11098;659;12680;13082;4.00;0.25;388.54;20.76;1582;43;4485.00;402
11101;34;621420721;11101;655;12681;13083;4.11;0.25;388.58;20.76;1580;44;4486.00;402
11104;34;621420752;11104;650;12682;13083;4.18;0.26;388.61;20.76;1578;44;4487.00;401
11106;34;621420770;11106;647;12685;13087;4.26;0.26;388.58;20.75;1579;44;4488.00;402
11107;34;621420788;11107;630;12685;13087;4.32;0.26;388.55;20.75;1578;44;4489.00;402
11108;34;621420806;11108;628;12686;13087;4.38;0.27;388.58;20.75;1578;44;4490.00;401
11110;34;621420824;11110;628;12687;13088;4.41;0.27;388.54;20.85;1577;44;4491.00;401
11111;34;621420842;11111;621;12687;13088;4.47;0.27;388.56;20.85;1576;44;4492.00;401
11112;34;621420859;11112;619;12693;13094;4.51;0.27;388.58;20.84;1581;44;4493.00;401
11113;34;621420878;11113;610;12693;13094;4.53;0.28;388.56;20.84;1580;44;4494.00;401
11115;34;621420895;11115;617;12694;13095;4.50;0.27;388.60;20.84;1579;44;4495.00;401
11117;34;621420917;11117;617;12694;13095;4.53;0.28;388.57;20.84;1577;44;4496.00;401
11120;34;621420936;11120;615;12694;13095;4.52;0.27;388.62;20.84;1574;44;4497.00;401
11122;34;621420953;11122;620;12695;13095;4.57;0.28;388.73;20.84;1573;44;4498.00;400
11125;34;621420972;11125;621;12695;13095;4.63;0.28;388.91;20.84;1570;44;4499.00;400
11125;34;621420991;11125;618;12720;13145;4.71;0.29;388.91;20.80;1595;44;4500.00;425
11128;34;621421017;11128;612;12720;13147;4.71;0.29;389.03;20.80;1592;44;4501.00;427
11131;34;621421041;11131;612;12725;13147;4.69;0.29;389.01;20.79;1594;44;4502.00;422
11132;34;621421059;11132;612;12725;13147;4.70;0.29;389.03;20.79;1593;44;4503.00;422
11136;34;621421077;11136;619;12727;13147;4.70;0.29;389.07;20.79;1591;44;4504.00;420
11138;34;621421095;11138;613;12727;13147;4.68;0.28;389.13;20.79;1589;44;4505.00;420
11143;34;621421118;11143;623;12731;13151;4.69;0.28;389.20;20.78;1588;44;4506.00;420
11146;34;621421136;11146;616;12731;13151;4.70;0.28;389.34;20.78;1585;44;4507.00;420
11147;34;621421154;11147;616;12736;13155;4.68;0.28;389.32;20.78;1589;44;4508.00;419
11149;34;621421172;11149;624;12736;13156;4.68;0.28;389.37;20.78;1587;44;4509.00;420
11150;34;621421190;11150;628;12737;13156;4.68;0.28;389.47;20.77;1587;44;4510.00;419
11153;34;621421210;11153;628;12738;13156;4.67;0.28;389.48;20.77;1585;44;4511.00;418
11158;34;621421229;11158;625;12748;13169;4.66;0.28;389.77;20.76;1590;44;4512.00;421
11161;34;621421251;11161;623;12748;13169;4.69;0.28;389.82;20.76;1587;44;4513.00;421
11164;34;621421271;11164;630;12749;13169;4.71;0.29;389.88;20.76;1585;44;4514.00;420
11168;34;621421291;11168;638;12750;13170;4.74;0.29;389.92;20.75;1582;44;4515.00;420
11170;34;621421311;11170;635;12750;13171;4.79;0.29;389.99;20.75;1580;44;4516.00;421
11172;34;621421330;11172;628;12752;13171;4.84;0.29;390.08;20.85;1580;44;4517.00;419
11175;34;621421350;11175;626;12755;13174;4.84;0.29;390.08;20.85;1580;44;4518.00;419
11181;34;621421375;11181;619;12755;13174;4.81;0.29;390.27;20.85;1574;44;4519.00;419
11187;34;621421406;11187;611;12756;13174;4.78;0.29;390.27;20.85;1569;44;4520.00;418
11192;34;621421437;11192;604;12756;13174;4.74;0.29;390.46;20.85;1564;44;4521.00;418
11195;34;621421464;11195;602;12760;13180;4.71;0.29;390.47;20.84;1565;44;4522.00;420
11199;34;621421490;11199;604;12761;13180;4.66;0.28;390.51;20.84;1562;44;4523.00;419
11202;34;621421510;11202;600;12761;13180;4.64;0.28;390.54;20.84;1559;44;4524.00;419
11205;34;621421537;11205;602;12762;13180;4.62;0.28;390.61;20.84;1557;44;4525.00;418
11208;34;621421556;11208;600;12765;13184;4.61;0.28;390.58;20.84;1557;44;4526.00;419
11211;34;621421576;11211;596;12766;13185;4.61;0.28;390.64;20.84;1555;44;4527.00;419
11215;34;621421594;11215;601;12767;13185;4.54;0.28;390.62;20.84;1552;44;4528.00;418
11217;34;621421613;11217;609;12768;13186;4.52;0.27;390.63;20.84;1551;44;4529.00;418
11221;34;621421632;11221;621;12768;13186;4.46;0.27;390.66;20.84;1547;44;4530.00;418
11225;34;621421651;11225;625;12769;13186;4.38;0.27;390.63;20.84;1544;44;4531.00;417
11226;34;621421668;11226;628;12770;13186;4.30;0.26;390.60;20.94;1544;44;4532.00;416
11228;34;621421686;11228;633;12771;13186;4.25;0.26;390.76;20.94;1543;44;4533.00;415
11231;34;621421702;11231;642;12771;13186;4.23;0.26;390.71;20.94;1540;44;4534.00;415
11235;34;621421721;11235;641;12772;13186;4.21;0.26;390.88;21.04;1537;44;4535.00;414
11242;34;621421739;11242;659;12811;13256;4.21;0.26;390.86;20.98;1569;44;4536.00;445
11246;34;621421762;11246;656;12814;13257;4.21;0.26;390.97;20.97;1568;44;4537.00;443
11246;34;621421780;11246;659;12816;13257;4.23;0.26;390.97;20.97;1570;44;4538.00;441
11248;34;621421797;11248;670;12821;13257;4.25;0.26;391.03;20.96;1573;44;4539.00;436
11251;34;621421814;11251;675;12823;13257;4.26;0.26;391.04;20.96;1572;44;4540.00;434
11254;34;621421832;11254;677;12825;13257;4.26;0.26;391.03;20.96;1571;44;4541.00;432
11254;34;621421850;11254;681;12832;13257;4.27;0.26;391.03;20.96;1578;44;4542.00;425
11258;34;621421867;11258;687;12833;13257;4.26;0.26;391.06;20.95;1575;44;4543.00;424
11261;34;621421884;11261;677;12835;13258;4.26;0.26;391.11;20.95;1574;44;4544.00;423
11262;34;621421902;11262;687;12838;13260;4.24;0.26;391.12;20.95;1576;44;4545.00;422
11267;34;621421920;11267;695;12838;13260;4.21;0.26;391.31;20.95;1571;44;4546.00;422
11271;34;621421938;11271;695;12842;13264;4.17;0.26;391.40;20.94;1571;44;4547.00;422
11273;34;621421955;11273;693;12842;13264;4.16;0.25;391.55;20.94;1569;44;4548.00;422
11276;34;621421973;11276;694;12842;13264;4.14;0.25;391.62;20.94;1566;44;4549.00;422
11276;34;621421991;11276;700;12842;13264;4.14;0.25;391.62;20.94;1566;44;4550.00;422
11279;34;621422008;11279;701;12846;13270;4.12;0.25;391.59;20.94;1567;44;4551.00;424
11279;34;621422025;11279;707;12846;13270;4.12;0.25;391.59;20.94;1567;44;4552.00;424
11282;34;621422042;11282;701;12846;13270;4.10;0.25;391.57;20.94;1564;44;4553.00;424
11289;34;621422060;11289;709;12847;13273;4.10;0.25;391.76;20.93;1558;44;4554.00;426
11290;34;621422083;11290;714;12847;13273;4.11;0.25;391.86;20.93;1557;44;4555.00;426
11293;34;621422104;11293;718;12847;13273;4.10;0.25;392.06;20.93;1554;44;4556.00;426
11295;34;621422123;11295;714;12847;13274;4.11;0.25;392.11;20.93;1552;44;4557.00;427
11298;34;621422141;11298;713;12848;13275;4.12;0.25;392.18;20.93;1550;44;4558.00;427
11301;34;621422158;11301;718;12848;13275;4.10;0.25;392.23;20.93;1547;44;4559.00;427
11303;34;621422177;11303;724;12864;13301;4.13;0.25;392.29;20.91;1561;44;4560.00;437
11304;34;621422197;11304;720;12865;13301;4.18;0.26;392.36;20.91;1561;44;4561.00;436
11306;34;621422215;11306;728;12867;13301;4.19;0.26;392.36;20.90;1561;44;4562.00;434
11309;34;621422232;11309;728;12868;13302;4.19;0.26;392.41;20.90;1559;44;4563.00;434
11313;34;621422250;11313;727;12868;13302;4.19;0.26;392.58;20.90;1555;44;4564.00;434
11316;34;621422268;11316;723;12871;13306;4.18;0.26;392.69;20.90;1555;44;4565.00;435
11318;34;621422286;11318;730;12871;13306;4.16;0.25;392.76;20.90;1553;44;4566.00;435
11319;34;621422303;11319;726;12872;13310;4.11;0.25;392.76;20.89;1553;44;4567.00;438
11321;34;621422320;11321;724;12872;13310;4.09;0.25;392.71;20.89;1551;44;4568.00;438
11325;34;621422337;11325;723;12872;13310;4.07;0.25;392.89;20.89;1547;44;4569.00;438
11329;34;621422355;11329;718;12872;13310;4.04;0.25;392.91;20.89;1543;44;4570.00;438
11330;34;621422375;11330;713;12872;13310;4.00;0.24;392.95;20.89;1542;44;4571.00;438
11331;34;621422392;11331;715;12880;13322;4.04;0.25;392.99;20.88;1549;44;4572.00;442
11336;34;621422409;11336;722;12880;13322;3.96;0.24;393.10;20.88;1544;44;4573.00;442
11339;34;621422425;11339;722;12880;13322;3.94;0.24;393.18;20.88;1541;44;4574.00;442
11343;34;621422441;11343;727;12881;13322;3.90;0.24;393.27;20.88;1538;44;4575.00;441
11343;34;621422456;11343;729;12881;13322;3.89;0.24;393.27;20.88;1538;44;4576.00;441
11346;34;621422472;11346;726;12881;13322;3.85;0.23;393.37;20.88;1535;44;4577.00;441
11347;34;621422488;11347;719;12881;13323;3.86;0.23;393.35;20.88;1534;44;4578.00;442
11352;34;621422503;11352;720;12881;13323;3.84;0.23;393.42;20.88;1529;44;4579.00;442
11354;34;621422519;11354;722;12885;13329;3.85;0.23;393.48;20.88;1531;44;4580.00;444
11354;34;621422540;11354;724;12885;13330;3.86;0.24;393.48;20.88;1531;44;4581.00;445
11359;34;621422555;11359;733;12885;13330;3.80;0.23;393.45;20.88;1526;44;4582.00;445
11361;34;621422570;11361;742;12885;13330;3.77;0.23;393.49;20.88;1524;44;4583.00;445
11367;34;621422585;11367;735;12888;13334;3.76;0.23;393.42;20.87;1521;44;4584.00;446
11369;34;621422601;11369;734;12888;13334;3.70;0.23;393.43;20.87;1519;44;4585.00;446
11372;34;621422614;11372;741;12888;13334;3.64;0.22;393.43;20.87;1516;44;4586.00;446
11376;34;621422629;11376;748;12889;13335;3.60;0.22;393.49;20.87;1513;44;4587.00;446
11381;34;621422644;11381;760;12890;13339;3.53;0.22;393.65;20.87;1509;44;4588.00;449
11386;34;621422659;11386;765;12890;13339;3.44;0.21;393.91;20.87;1504;44;4589.00;449
11388;34;621422674;11388;760;12893;13345;3.42;0.21;393.92;20.86;1505;44;4590.00;452
11393;34;621422690;11393;750;12893;13345;3.36;0.20;394.08;20.86;1500;44;4591.00;452
11396;34;621422705;11396;747;12893;13345;3.34;0.20;394.14;20.86;1497;44;4592.00;452
11402;34;621422725;11402;740;12893;13345;3.32;0.20;394.30;20.86;1491;44;4593.00;452
11404;34;621422740;11404;739;12896;13349;3.32;0.20;394.31;20.86;1492;44;4594.00;453
11405;34;621422754;11405;741;12896;13349;3.33;0.20;394.33;20.86;1491;44;4595.00;453
11411;34;621422768;11411;752;12896;13349;3.32;0.20;394.39;20.86;1485;44;4596.00;453
11415;34;621422783;11415;740;12896;13349;3.33;0.20;394.38;20.86;1481;44;4597.00;453
11418;34;621422798;11418;739;12896;13350;3.35;0.20;394.37;20.86;1478;44;4598.00;454
11421;34;621422812;11421;732;12896;13351;3.32;0.20;394.31;20.86;1475;44;4599.00;455
11423;34;621422827;11423;725;12896;13351;3.32;0.20;394.36;20.86;1473;44;4600.00;455
11426;34;621422845;11426;719;12897;13352;3.31;0.20;394.45;20.86;1471;44;4601.00;455
11429;34;621422860;11429;711;12898;13352;3.29;0.20;394.39;20.95;1469;44;4602.00;454
11433;34;621422875;11433;705;12898;13352;3.26;0.20;394.46;20.95;1465;44;4603.00;454
11437;34;621422890;11437;697;12898;13352;3.26;0.20;394.46;20.95;1461;44;4604.00;454
11440;34;621422905;11440;703;12898;13352;3.26;0.20;394.43;20.95;1458;44;4605.00;454
11446;34;621422919;11446;702;12898;13352;3.24;0.20;394.38;20.95;1452;44;4606.00;454
11450;34;621422935;11450;705;12898;13352;3.23;0.20;394.35;20.95;1448;44;4607.00;454
11454;34;621422949;11454;703;12955;13479;3.56;0.22;394.25;20.86;1501;44;4608.00;524
11456;34;621422974;11456;704;12958;13480;3.56;0.22;394.23;20.86;1502;44;4609.00;522
11459;34;621422989;11459;701;12965;13480;3.60;0.22;394.25;20.85;1506;44;4610.00;515
11463;34;621423004;11463;692;12967;13480;3.59;0.22;394.39;20.85;1504;44;4611.00;513
11468;34;621423019;11468;683;12970;13480;3.58;0.22;394.37;20.84;1502;44;4612.00;510
11473;34;621423035;11473;686;12972;13480;3.52;0.22;394.27;20.84;1499;44;4613.00;508
11475;34;621423051;11475;694;12973;13480;3.49;0.22;394.27;20.84;1498;44;4614.00;507
11478;34;621423067;11478;696;12974;13480;3.47;0.21;394.26;20.84;1496;44;4615.00;506
11482;34;621423083;11482;701;12974;13481;3.39;0.21;394.22;20.84;1492;44;4616.00;507
11485;34;621423099;11485;706;12977;13482;3.35;0.21;394.28;20.84;1492;44;4617.00;505
11487;34;621423114;11487;721;12977;13482;3.32;0.21;394.23;20.84;1490;44;4618.00;505
11489;34;621423129;11489;724;12979;13483;3.31;0.20;394.20;20.84;1490;44;4619.00;504
11493;34;621423146;11493;732;12981;13483;3.24;0.20;394.17;20.84;1488;44;4620.00;502
11497;34;621423161;11497;737;12983;13483;3.20;0.20;394.13;20.84;1486;44;4621.00;500
11498;34;621423176;11498;748;12985;13483;3.16;0.20;394.13;20.83;1487;44;4622.00;498
11501;34;621423191;11501;743;12990;13487;3.12;0.19;394.12;20.94;1489;44;4623.00;497
11502;34;621423207;11502;744;12992;13487;3.12;0.19;394.11;20.93;1490;44;4624.00;495
11504;34;621423221;11504;749;12993;13487;3.10;0.19;394.10;20.93;1489;44;4625.00;494
11508;35;621423241;11508;759;12996;13490;3.08;0.19;394.05;20.94;1488;45;4626.00;494
11512;35;621423267;11512;747;12996;13490;3.08;0.19;394.09;20.94;1484;45;4627.00;494
11514;35;621423281;11514;752;12996;13490;3.08;0.19;394.08;20.94;1482;45;4628.00;494
11515;35;621423296;11515;747;13000;13494;3.14;0.19;394.06;20.95;1485;45;4629.00;494
11516;35;621423311;11516;737;13001;13495;3.17;0.20;394.08;20.95;1485;45;4630.00;494
11519;35;621423326;11519;722;13001;13495;3.19;0.20;394.02;20.95;1482;45;4631.00;494
11522;35;621423342;11522;720;13005;13499;3.23;0.20;394.06;20.95;1483;45;4632.00;494
11524;35;621423358;11524;728;13006;13499;3.27;0.20;394.03;20.96;1482;45;4633.00;493
11526;35;621423389;11526;717;13007;13499;3.29;0.20;394.04;20.96;1481;45;4634.00;492
11527;35;621423414;11527;714;13009;13501;3.33;0.21;394.02;20.96;1482;45;4635.00;492
11529;35;621423438;11529;718;13009;13501;3.33;0.21;393.99;20.96;1480;45;4636.00;492
11532;35;621423461;11532;714;13013;13507;3.37;0.21;393.99;20.96;1481;45;4637.00;494
11536;35;621423493;11536;712;13014;13507;3.38;0.21;393.97;20.97;1478;45;4638.00;493
11537;35;621423516;11537;705;13015;13508;3.43;0.21;393.96;21.06;1478;45;4639.00;493
11542;35;621423546;11542;696;13017;13508;3.43;0.21;393.93;21.07;1475;45;4640.00;491
11545;35;621423572;11545;694;13018;13508;3.50;0.21;393.90;21.07;1473;45;4641.00;490
11546;35;621423597;11546;692;13018;13508;3.56;0.22;393.92;21.07;1472;45;4642.00;490
11547;35;621423619;11547;702;13019;13508;3.59;0.22;393.93;21.07;1472;45;4643.00;489
11548;35;621423644;11548;700;13026;13520;3.63;0.22;393.90;21.06;1478;45;4644.00;494
11552;35;621423673;11552;699;13026;13520;3.60;0.22;393.94;21.06;1474;45;4645.00;494
11552;35;621423716;11552;685;13027;13520;3.62;0.22;393.94;21.06;1475;45;4646.00;493
11553;35;621423749;11553;669;13027;13520;3.63;0.22;393.92;21.06;1474;45;4647.00;493
11556;35;621423781;11556;661;13028;13520;3.66;0.22;393.99;21.16;1472;45;4648.00;492
11556;35;621423814;11556;650;13029;13520;3.72;0.23;393.99;21.16;1473;45;4649.00;491
11561;35;621423845;11561;641;13031;13526;3.78;0.23;394.07;21.16;1470;45;4650.00;495
11565;35;621423876;11565;635;13032;13526;3.83;0.23;394.19;21.16;1467;45;4651.00;494
11566;35;621423909;11566;630;13036;13530;3.88;0.24;394.19;21.16;1470;45;4652.00;494
11567;35;621423937;11567;640;13036;13531;3.91;0.24;394.18;21.16;1469;45;4653.00;495
11570;35;621423966;11570;642;13036;13531;3.96;0.24;394.18;21.16;1466;45;4654.00;495
11574;35;621423987;11574;649;13036;13531;3.97;0.24;394.22;21.16;1462;45;4655.00;495
11574;35;621424006;11574;653;13045;13544;4.06;0.25;394.22;21.15;1471;45;4656.00;499
11575;35;621424024;11575;644;13046;13544;4.12;0.25;394.26;21.14;1471;45;4657.00;498
11576;35;621424044;11576;642;13046;13544;4.14;0.25;394.24;21.14;1470;45;4658.00;498
11579;36;621424074;11579;636;13047;13545;4.20;0.25;394.38;21.14;1468;46;4659.00;498
11579;36;621424100;11579;628;13047;13546;4.27;0.26;394.38;21.14;1468;46;4660.00;499
11581;36;621424118;11581;625;13047;13546;4.29;0.26;394.45;21.14;1466;46;4661.00;499
11584;36;621424135;11584;615;13048;13549;4.32;0.26;394.53;21.14;1464;46;4662.00;501
11586;36;621424153;11586;608;13049;13549;4.36;0.26;394.57;21.24;1463;46;4663.00;500
11587;36;621424176;11587;602;13049;13549;4.38;0.27;394.56;21.24;1462;46;4664.00;500
11589;36;621424204;11589;598;13050;13549;4.41;0.27;394.61;21.24;1461;46;4665.00;499
11591;36;621424231;11591;600;13053;13555;4.46;0.27;394.69;21.24;1462;46;4666.00;502
11594;36;621424249;11594;603;13054;13555;4.47;0.27;394.77;21.24;1460;46;4667.00;501
11594;36;621424269;11594;610;13054;13555;4.51;0.27;394.77;21.24;1460;46;4668.00;501
11596;36;621424288;11596;616;13055;13555;4.50;0.27;394.84;21.24;1459;46;4669.00;500
11598;36;621424309;11598;616;13056;13559;4.49;0.27;394.93;21.24;1458;46;4670.00;503
11599;36;621424327;11599;612;13056;13560;4.49;0.27;395.02;21.24;1457;46;4671.00;504
11601;36;621424346;11601;606;13057;13560;4.50;0.27;395.14;21.24;1456;46;4672.00;503
11604;36;621424370;11604;612;13058;13561;4.48;0.27;395.25;21.24;1454;46;4673.00;503
11606;36;621424401;11606;613;13058;13561;4.45;0.27;395.26;21.24;1452;46;4674.00;503
11609;36;621424420;11609;611;13058;13561;4.44;0.27;395.35;21.24;1449;46;4675.00;503
11611;36;621424440;11611;600;13058;13561;4.43;0.27;395.37;21.24;1447;46;4676.00;503
11614;36;621424460;11614;609;13058;13561;4.43;0.27;395.34;21.24;1444;46;4677.00;503
11615;36;621424481;11615;615;13058;13561;4.42;0.27;395.37;21.24;1443;46;4678.00;503
11617;36;621424500;11617;605;13059;13561;4.43;0.27;395.47;21.24;1442;46;4679.00;502
11620;36;621424519;11620;623;13116;13686;4.46;0.27;395.48;21.15;1496;46;4680.00;570
11621;36;621424545;11621;601;13116;13687;4.51;0.28;395.53;21.15;1495;46;4681.00;571
11623;36;621424563;11623;592;13118;13687;4.57;0.28;395.56;21.15;1495;46;4682.00;569
11625;36;621424581;11625;587;13120;13687;4.64;0.29;395.67;21.15;1495;46;4683.00;567
11628;36;621424600;11628;586;13121;13687;4.69;0.29;395.74;21.15;1493;46;4684.00;566
11629;36;621424617;11629;586;13122;13687;4.77;0.29;395.72;21.15;1493;46;4685.00;565
11631;36;621424635;11631;586;13125;13687;4.82;0.29;395.82;21.14;1494;46;4686.00;562
11634;36;621424653;11634;583;13126;13687;4.86;0.30;395.82;21.14;1492;46;4687.00;561
11637;36;621424671;11637;587;13128;13688;4.94;0.30;395.81;21.14;1491;46;4688.00;560
11641;36;621424690;11641;589;13131;13689;4.95;0.30;395.86;21.34;1490;47;4689.00;558
11645;36;621424719;11645;584;13134;13689;4.96;0.30;395.88;21.35;1489;47;4690.00;555
11650;36;621424738;11650;585;13137;13693;4.95;0.30;396.22;21.34;1487;47;4691.00;556
11654;36;621424755;11654;578;13138;13693;4.94;0.30;396.22;21.34;1484;47;4692.00;555
11658;36;621424774;11658;571;13140;13693;4.92;0.30;396.35;21.34;1482;48;4693.00;553
11663;36;621424796;11663;570;13140;13693;4.84;0.29;396.49;21.34;1477;48;4694.00;553
11668;36;621424814;11668;577;13142;13699;4.80;0.29;396.60;21.34;1474;48;4695.00;557
11672;36;621424833;11672;569;13142;13699;4.74;0.29;396.61;21.34;1470;48;4696.00;557
11677;36;621424851;11677;577;13142;13699;4.71;0.29;396.75;21.34;1465;48;4697.00;557
11681;36;621424869;11681;579;13143;13702;4.73;0.29;396.75;21.34;1462;48;4698.00;559
11684;36;621424887;11684;569;13143;13702;4.74;0.29;396.78;21.34;1459;48;4699.00;559
11687;36;621424906;11687;563;13143;13702;4.73;0.29;396.75;21.34;1456;48;4700.00;559
11689;36;621424929;11689;559;13143;13703;4.71;0.29;396.80;21.34;1454;48;4701.00;560
11691;36;621424946;11691;555;13144;13704;4.69;0.29;396.81;21.34;1453;48;4702.00;560
11693;36;621424965;11693;549;13144;13704;4.68;0.28;396.78;21.34;1451;48;4703.00;560
11698;36;621424983;11698;554;13153;13717;4.64;0.28;396.79;21.32;1455;48;4704.00;564
11701;36;621425000;11701;552;13153;13717;4.60;0.28;396.88;21.32;1452;48;4705.00;564
11703;36;621425017;11703;546;13153;13717;4.60;0.28;396.85;21.32;1450;48;4706.00;564
11704;36;621425034;11704;551;13154;13718;4.60;0.28;396.85;21.32;1450;48;4707.00;564
11709;36;621425050;11709;543;13154;13718;4.56;0.28;397.05;21.32;1445;48;4708.00;564
11711;36;621425067;11711;551;13157;13722;4.55;0.28;397.13;21.32;1446;48;4709.00;565
11714;36;621425085;11714;548;13158;13722;4.50;0.27;397.13;21.33;1444;48;4710.00;564
11715;36;621425101;11715;553;13160;13726;4.47;0.27;397.18;21.32;1445;48;4711.00;566
11719;36;621425118;11719;558;13160;13726;4.39;0.27;397.28;21.32;1441;48;4712.00;566
11721;36;621425141;11721;553;13160;13726;4.34;0.26;397.28;21.32;1439;48;4713.00;566
11723;36;621425157;11723;552;13160;13726;4.33;0.26;397.36;21.32;1437;48;4714.00;566
11727;36;621425174;11727;558;13161;13726;4.32;0.26;397.35;21.33;1434;48;4715.00;565
11727;36;621425190;11727;571;13169;13738;4.38;0.27;397.35;21.31;1442;48;4716.00;569
11729;36;621425207;11729;569;13170;13738;4.34;0.27;397.42;21.31;1441;48;4717.00;568
11732;36;621425223;11732;568;13171;13738;4.36;0.27;397.48;21.31;1439;48;4718.00;567
11734;36;621425238;11734;569;13171;13738;4.35;0.27;397.59;21.31;1437;48;4719.00;567
11737;36;621425253;11737;590;13171;13738;4.31;0.26;397.67;21.31;1434;48;4720.00;567
11739;36;621425269;11739;596;13171;13738;4.32;0.27;397.68;21.31;1432;48;4721.00;567
11741;36;621425284;11741;606;13171;13739;4.32;0.27;397.70;21.31;1430;48;4722.00;568
11742;36;621425299;11742;607;13171;13739;4.34;0.27;397.73;21.31;1429;48;4723.00;568
11744;36;621425315;11744;613;13174;13745;4.40;0.27;397.81;21.31;1430;48;4724.00;571
11746;36;621425331;11746;608;13174;13747;4.41;0.27;397.78;21.31;1428;48;4725.00;573
11751;36;621425347;11751;607;13174;13747;4.40;0.27;398.04;21.31;1423;48;4726.00;573
11756;36;621425362;11756;611;13177;13747;4.37;0.27;398.02;21.34;1421;49;4727.00;570
11761;36;621425397;11761;620;13180;13751;4.39;0.27;398.05;21.33;1419;49;4728.00;571
11763;36;621425426;11763;628;13180;13751;4.39;0.27;398.08;21.33;1417;49;4729.00;571
11768;36;621425449;11768;630;13180;13751;4.36;0.27;398.09;21.33;1412;49;4730.00;571
11770;36;621425472;11770;627;13181;13752;4.35;0.27;398.12;21.33;1411;49;4731.00;571
11771;36;621425493;11771;629;13182;13756;4.35;0.27;398.15;21.33;1411;49;4732.00;574
11774;36;621425509;11774;633;13182;13756;4.32;0.26;398.25;21.33;1408;49;4733.00;574
11780;36;621425525;11780;634;13183;13759;4.28;0.26;398.34;21.33;1403;49;4734.00;576
11784;36;621425541;11784;640;13183;13759;4.24;0.26;398.40;21.33;1399;49;4735.00;576
11785;36;621425557;11785;641;13183;13759;4.21;0.26;398.50;21.33;1398;49;4736.00;576
11787;36;621425573;11787;641;13183;13759;4.15;0.25;398.52;21.33;1396;49;4737.00;576
11788;36;621425588;11788;648;13185;13763;4.16;0.25;398.56;21.32;1397;49;4738.00;578
11789;36;621425605;11789;648;13185;13763;4.13;0.25;398.60;21.32;1396;49;4739.00;578
11793;36;621425621;11793;650;13185;13763;4.06;0.25;398.67;21.32;1392;49;4740.00;578
11794;36;621425638;11794;651;13185;13763;4.04;0.25;398.72;21.32;1391;49;4741.00;578
11797;36;621425653;11797;651;13185;13764;4.00;0.24;398.77;21.32;1388;49;4742.00;579
11800;36;621425667;11800;646;13185;13765;3.98;0.24;398.74;21.32;1385;49;4743.00;580
11801;36;621425682;11801;644;13185;13765;3.98;0.24;398.78;21.32;1384;49;4744.00;580
11805;36;621425697;11805;642;13186;13766;3.97;0.24;398.79;21.32;1381;49;4745.00;580
11806;36;621425712;11806;644;13186;13766;4.00;0.24;398.83;21.32;1380;49;4746.00;580
11808;36;621425726;11808;641;13186;13766;4.00;0.24;398.83;21.32;1378;49;4747.00;580
11811;36;621425740;11811;634;13186;13766;4.00;0.24;398.85;21.32;1375;49;4748.00;580
11812;36;621425754;11812;633;13186;13766;4.01;0.24;398.86;21.32;1374;49;4749.00;580
11814;36;621425775;11814;640;13186;13766;4.00;0.24;398.87;21.32;1372;49;4750.00;580
11820;36;621425790;11820;638;13186;13766;3.93;0.24;398.83;21.32;1366;49;4751.00;580
11821;36;621425805;11821;644;13243;13893;4.23;0.26;398.84;21.23;1422;49;4752.00;650
11826;36;621425827;11826;651;13247;13894;4.18;0.26;398.93;21.23;1421;49;4753.00;647
11826;36;621425842;11826;640;13254;13894;4.22;0.26;398.93;21.22;1428;50;4754.00;640
11832;36;621425867;11832;649;13257;13894;4.18;0.26;398.91;21.21;1425;50;4755.00;637
11834;36;621425881;11834;652;13259;13894;4.16;0.26;398.93;21.21;1425;50;4756.00;635
11836;36;621425895;11836;654;13261;13894;4.11;0.25;398.96;21.21;1425;50;4757.00;633
11841;36;621425910;11841;656;13263;13894;4.05;0.25;398.98;21.20;1422;50;4758.00;631
11846;36;621425924;11846;663;13265;13894;3.99;0.24;399.07;21.20;1419;50;4759.00;629
11849;36;621425939;11849;655;13267;13895;3.96;0.24;399.05;21.21;1418;50;4760.00;628
11852;36;621425955;11852;642;13268;13896;3.93;0.24;399.04;21.20;1416;50;4761.00;628
11857;36;621425970;11857;644;13269;13896;3.89;0.24;399.09;21.20;1412;50;4762.00;627
11859;36;621425985;11859;636;13271;13897;3.89;0.24;399.10;21.20;1412;50;4763.00;626
11863;36;621425999;11863;637;13272;13897;3.83;0.24;399.14;21.20;1409;50;4764.00;625
11869;36;621426014;11869;642;13274;13897;3.77;0.23;399.13;21.20;1405;50;4765.00;623
11871;36;621426029;11871;638;13276;13897;3.75;0.23;399.13;21.20;1405;50;4766.00;621
11871;36;621426042;11871;633;13278;13901;3.75;0.23;399.13;21.20;1407;50;4767.00;623
11873;36;621426057;11873;626;13278;13901;3.70;0.23;399.12;21.20;1405;50;4768.00;623
11874;36;621426072;11874;633;13279;13901;3.71;0.23;399.21;21.20;1405;50;4769.00;622
11876;36;621426087;11876;627;13280;13907;3.68;0.23;399.25;21.20;1404;50;4770.00;627
11879;36;621426102;11879;630;13281;13907;3.67;0.23;399.36;21.21;1402;50;4771.00;626
11882;36;621426116;11882;622;13281;13907;3.64;0.22;399.39;21.21;1399;50;4772.00;626
11884;36;621426131;11884;618;13282;13911;3.65;0.22;399.35;21.20;1398;50;4773.00;629
11888;36;621426146;11888;618;13284;13912;3.63;0.22;399.47;21.21;1396;50;4774.00;628
11890;36;621426161;11890;617;13284;13912;3.65;0.22;399.46;21.21;1394;50;4775.00;628
11896;36;621426176;11896;611;13288;13916;3.67;0.22;399.43;21.20;1392;50;4776.00;628
11900;36;621426191;11900;612;13288;13916;3.67;0.22;399.37;21.20;1388;50;4777.00;628
11901;36;621426206;11901;614;13289;13916;3.64;0.22;399.37;21.20;1388;50;4778.00;627
11903;36;621426221;11903;600;13289;13917;3.64;0.22;399.37;21.20;1386;50;4779.00;628
11905;36;621426235;11905;588;13290;13917;3.65;0.22;399.33;21.20;1385;50;4780.00;627
11907;36;621426250;11907;586;13293;13923;3.67;0.22;399.28;21.20;1386;50;4781.00;630
11912;36;621426265;11912;583;13293;13923;3.68;0.22;399.21;21.20;1381;50;4782.00;630
11917;36;621426280;11917;575;13294;13924;3.64;0.22;399.10;21.20;1377;50;4783.00;630
11920;36;621426296;11920;578;13294;13924;3.66;0.22;399.12;21.20;1374;50;4784.00;630
11922;36;621426310;11922;568;13294;13924;3.70;0.23;399.07;21.20;1372;50;4785.00;630
11927;36;621426332;11927;565;13295;13924;3.73;0.23;399.11;21.20;1368;50;4786.00;629
11929;36;621426347;11929;570;13295;13924;3.78;0.23;399.11;21.20;1366;50;4787.00;629
11933;36;621426363;11933;574;13305;13936;3.85;0.24;399.12;21.20;1372;50;4788.00;631
11934;36;621426384;11934;576;13307;13936;3.87;0.24;399.13;21.21;1373;50;4789.00;629
11938;36;621426402;11938;574;13308;13936;3.86;0.24;399.08;21.31;1370;50;4790.00;628
11938;36;621426418;11938;577;13310;13936;3.87;0.24;399.08;21.34;1372;50;4791.00;626
11940;36;621426433;11940;573;13313;13936;3.87;0.24;399.06;21.36;1373;50;4792.00;623
11943;36;621426448;11943;577;13314;13936;3.93;0.24;399.13;21.38;1371;50;4793.00;622
11944;36;621426462;11944;582;13316;13940;3.93;0.24;399.13;21.39;1372;50;4794.00;624
11947;36;621426478;11947;588;13318;13940;3.94;0.24;399.12;21.41;1371;50;4795.00;622
11949;36;621426492;11949;579;13322;13944;3.97;0.24;399.13;21.42;1373;50;4796.00;622
11951;36;621426507;11951;579;13324;13945;3.96;0.24;399.22;21.45;1373;50;4797.00;621
11954;36;621426521;11954;579;13326;13945;3.95;0.24;399.21;21.47;1372;50;4798.00;619
11958;36;621426536;11958;564;13327;13945;3.97;0.24;399.26;21.49;1369;50;4799.00;618
11961;36;621426552;11961;568;13350;13986;4.12;0.25;399.35;21.48;1389;50;4800.00;636
11966;36;621426575;11966;563;13352;13986;4.11;0.25;399.32;21.50;1386;50;4801.00;634
11969;36;621426591;11969;561;13355;13986;4.12;0.25;399.35;21.52;1386;50;4802.00;631
11971;36;621426606;11971;560;13358;13987;4.17;0.25;399.34;21.53;1387;50;4803.00;629
11974;36;621426620;11974;572;13360;13988;4.19;0.26;399.35;21.54;1386;50;4804.00;628
11975;36;621426636;11975;573;13362;13988;4.22;0.26;399.34;21.56;1387;50;4805.00;626
11978;36;621426650;11978;579;13364;13991;4.25;0.26;399.45;21.56;1386;50;4806.00;627
11981;36;621426665;11981;573;13368;13991;4.23;0.26;399.56;21.60;1387;50;4807.00;623
11983;36;621426681;11983;567;13369;13991;4.19;0.26;399.58;21.70;1386;50;4808.00;622
11987;36;621426696;11987;556;13371;13991;4.18;0.26;399.53;21.72;1384;50;4809.00;620
11992;36;621426711;11992;562;13377;13997;4.19;0.26;399.53;21.74;1385;50;4810.00;620
11997;37;621426727;11997;560;13378;13997;4.17;0.25;399.59;21.74;1381;51;4811.00;619
11998;37;621426749;11998;564;13380;13997;4.24;0.26;399.60;21.74;1382;51;4812.00;617
11999;37;621426763;11999;563;13383;13997;4.30;0.26;399.69;21.78;1384;51;4813.00;614
12006;37;621426805;12006;573;13385;14001;4.25;0.26;399.93;21.77;1379;51;4814.00;616
12008;37;621426821;12008;578;13386;14003;4.25;0.26;399.97;21.79;1378;51;4815.00;617
12011;37;621426842;12011;569;13388;14003;4.24;0.26;400.07;21.80;1377;51;4816.00;615
12015;37;621426857;12015;559;13390;14004;4.23;0.26;400.21;21.81;1375;51;4817.00;614
12017;37;621426873;12017;555;13391;14004;4.22;0.26;400.25;21.83;1374;51;4818.00;613
12020;37;621426888;12020;550;13392;14004;4.28;0.26;400.33;21.93;1372;51;4819.00;612
12024;37;621426904;12024;547;13394;14004;4.28;0.26;400.35;21.95;1370;51;4820.00;610
12026;37;621426920;12026;546;13395;14004;4.31;0.26;400.44;21.95;1369;51;4821.00;609
12029;37;621426936;12029;550;13395;14004;4.35;0.26;400.51;21.95;1366;51;4822.00;609
12031;37;621426956;12031;549;13396;14004;4.39;0.27;400.72;21.97;1365;51;4823.00;608
12032;37;621426972;12032;564;13436;14074;4.47;0.27;400.73;21.91;1404;51;4824.00;638
12035;37;621426992;12035;560;13437;14075;4.49;0.27;400.83;21.93;1402;52;4825.00;638
12037;37;621427017;12037;566;13442;14075;4.54;0.28;400.95;22.03;1405;52;4826.00;633
12040;37;621427034;12040;561;13446;14075;4.54;0.28;401.02;22.04;1406;52;4827.00;629
12041;37;621427051;12041;562;13449;14077;4.53;0.28;401.00;22.05;1408;52;4828.00;628
12043;37;621427068;12043;553;13450;14077;4.52;0.28;401.04;22.05;1407;52;4829.00;627
12046;37;621427085;12046;561;13454;14077;4.54;0.28;401.10;22.07;1408;52;4830.00;623
12048;37;621427101;12048;561;13457;14077;4.58;0.28;401.18;22.09;1409;52;4831.00;620
12052;37;621427116;12052;565;13458;14078;4.56;0.28;401.38;22.09;1406;52;4832.00;620
12053;37;621427132;12053;565;13461;14079;4.58;0.28;401.39;22.09;1408;52;4833.00;618
12056;37;621427148;12056;565;13464;14079;4.60;0.28;401.43;22.09;1408;52;4834.00;615
12059;37;621427164;12059;561;13468;14083;4.58;0.28;401.47;22.12;1409;52;4835.00;615
12060;37;621427179;12060;563;13469;14083;4.60;0.28;401.45;22.13;1409;52;4836.00;614
12062;37;621427195;12062;564;13470;14083;4.62;0.28;401.48;22.14;1408;52;4837.00;613
12064;37;621427211;12064;569;13471;14083;4.65;0.28;401.44;22.24;1407;52;4838.00;612
12070;37;621427226;12070;569;13478;14089;4.69;0.28;401.50;22.25;1408;52;4839.00;611
12074;37;621427243;12074;566;13479;14089;4.71;0.29;401.63;22.26;1405;52;4840.00;610
12076;37;621427259;12076;566;13479;14089;4.68;0.28;401.65;22.26;1403;52;4841.00;610
12078;37;621427275;12078;567;13481;14092;4.72;0.29;401.76;22.27;1403;52;4842.00;611
12079;37;621427291;12079;571;13481;14092;4.72;0.29;401.75;22.27;1402;52;4843.00;611
12082;37;621427308;12082;573;13484;14092;4.67;0.28;401.82;22.30;1402;52;4844.00;608
12084;37;621427323;12084;578;13484;14093;4.67;0.28;401.96;22.30;1400;52;4845.00;609
12086;37;621427339;12086;576;13485;14094;4.68;0.29;401.97;22.30;1399;52;4846.00;609
12087;37;621427355;12087;578;13486;14094;4.66;0.28;402.00;22.31;1399;52;4847.00;608
12090;37;621427375;12090;575;13497;14107;4.69;0.29;402.06;22.31;1407;52;4848.00;610
12091;37;621427403;12091;585;13498;14107;4.69;0.29;402.02;22.40;1407;52;4849.00;609
12094;37;621427428;12094;586;13498;14107;4.65;0.28;402.03;22.40;1404;52;4850.00;609
12096;37;621427452;12096;584;13500;14108;4.65;0.28;402.01;22.42;1404;52;4851.00;608
12097;37;621427475;12097;579;13502;14108;4.66;0.28;402.02;22.44;1405;52;4852.00;606
12102;37;621427495;12102;577;13506;14112;4.63;0.28;402.13;22.44;1404;52;4853.00;606
12104;37;621427513;12104;575;13506;14112;4.62;0.28;402.13;22.44;1402;52;4854.00;606
12105;37;621427531;12105;569;13508;14116;4.58;0.28;402.13;22.45;1403;52;4855.00;608
12105;37;621427548;12105;567;13510;14116;4.59;0.28;402.13;22.55;1405;52;4856.00;606
12106;37;621427564;12106;560;13510;14116;4.60;0.28;402.20;22.55;1404;52;4857.00;606
12107;37;621427582;12107;555;13510;14116;4.61;0.28;402.22;22.55;1403;52;4858.00;606
12109;37;621427600;12109;557;13511;14116;4.58;0.28;402.27;22.56;1402;52;4859.00;605
12110;37;621427618;12110;555;13529;14150;4.67;0.29;402.26;22.54;1419;52;4860.00;621
12112;37;621427636;12112;544;13529;14150;4.72;0.29;402.35;22.54;1417;52;4861.00;621
12119;37;621427652;12119;544;13531;14150;4.72;0.29;402.48;22.54;1412;52;4862.00;619
12120;37;621427670;12120;541;13532;14150;4.77;0.29;402.48;22.54;1412;52;4863.00;618
12124;38;621427686;12124;544;13535;14150;4.79;0.29;402.49;22.55;1411;53;4864.00;615
12128;38;621427715;12128;541;13536;14150;4.83;0.30;402.58;22.56;1408;53;4865.00;614
12128;38;621427731;12128;538;13536;14151;4.87;0.30;402.58;22.56;1408;53;4866.00;615
12132;38;621427748;12132;531;13536;14151;4.83;0.30;402.65;22.56;1404;53;4867.00;615
12137;38;621427765;12137;534;13539;14157;4.84;0.30;402.69;22.55;1402;53;4868.00;618
12142;38;621427782;12142;532;13539;14158;4.79;0.29;402.74;22.55;1397;53;4869.00;619
12148;38;621427799;12148;536;13539;14158;4.74;0.29;402.72;22.55;1391;53;4870.00;619
12150;38;621427816;12150;538;13540;14158;4.73;0.29;402.79;22.55;1390;53;4871.00;618
12154;38;621427832;12154;536;13542;14162;4.75;0.29;402.89;22.55;1388;53;4872.00;620
12156;38;621427848;12156;537;13542;14162;4.77;0.29;403.05;22.55;1386;53;4873.00;620
12161;38;621427863;12161;545;13544;14162;4.75;0.29;403.21;22.54;1383;53;4874.00;618
12165;38;621427881;12165;543;13545;14163;4.79;0.29;403.38;22.54;1380;53;4875.00;618
12171;38;621427897;12171;546;13546;14167;4.81;0.29;403.45;22.54;1375;53;4876.00;621
12172;38;621427915;12172;539;13546;14167;4.81;0.29;403.45;22.54;1374;53;4877.00;621
12174;38;621427931;12174;541;13547;14170;4.85;0.30;403.43;22.54;1373;53;4878.00;623
12176;38;621427946;12176;538;13547;14170;4.84;0.30;403.58;22.54;1371;53;4879.00;623
12178;38;621427963;12178;540;13547;14170;4.79;0.29;403.55;22.54;1369;53;4880.00;623
12181;38;621427979;12181;544;13547;14170;4.78;0.29;403.62;22.54;1366;53;4881.00;623
12182;38;621427996;12182;549;13550;14174;4.78;0.29;403.61;22.53;1368;53;4882.00;624
12184;38;621428012;12184;545;13551;14174;4.76;0.29;403.64;22.54;1367;53;4883.00;623
12190;38;621428027;12190;542;13551;14174;4.72;0.29;403.78;22.54;1361;53;4884.00;623
12191;38;621428045;12191;561;13551;14174;4.73;0.29;403.80;22.54;1360;53;4885.00;623
12194;38;621428060;12194;567;13551;14175;4.68;0.29;403.90;22.54;1357;53;4886.00;624
12196;38;621428076;12196;577;13551;14176;4.65;0.29;403.98;22.54;1355;53;4887.00;625
12200;38;621428093;12200;582;13551;14176;4.63;0.28;404.07;22.54;1351;53;4888.00;625
12204;38;621428109;12204;584;13552;14177;4.58;0.28;404.12;22.54;1348;53;4889.00;625
12205;38;621428126;12205;589;13552;14177;4.57;0.28;404.15;22.54;1347;53;4890.00;625
12209;38;621428142;12209;597;13552;14177;4.55;0.28;404.15;22.54;1343;53;4891.00;625
12212;38;621428157;12212;599;13552;14177;4.51;0.28;404.26;22.54;1340;53;4892.00;625
12215;38;621428173;12215;603;13552;14177;4.54;0.28;404.31;22.54;1337;53;4893.00;625
12217;38;621428189;12217;612;13552;14177;4.50;0.28;404.34;22.54;1335;53;4894.00;625
12220;38;621428203;12220;615;13552;14177;4.46;0.27;404.39;22.54;1332;53;4895.00;625
12223;38;621428220;12223;628;13608;14304;4.74;0.29;404.38;22.45;1385;53;4896.00;696
12225;38;621428246;12225;627;13612;14305;4.72;0.29;404.41;22.44;1387;53;4897.00;693
12229;38;621428262;12229;624;13621;14305;4.76;0.29;404.59;22.43;1392;53;4898.00;684
12230;38;621428278;12230;622;13622;14305;4.73;0.29;404.62;22.43;1392;53;4899.00;683
12234;38;621428295;12234;628;13625;14305;4.68;0.29;404.66;22.42;1391;53;4900.00;680
12236;38;621428317;12236;628;13626;14305;4.62;0.29;404.61;22.42;1390;53;4901.00;679
12239;38;621428333;12239;631;13627;14305;4.60;0.28;404.67;22.42;1388;53;4902.00;678
12240;38;621428349;12240;627;13629;14305;4.63;0.29;404.65;22.42;1389;53;4903.00;676
12242;38;621428365;12242;634;13629;14306;4.64;0.29;404.60;22.42;1387;53;4904.00;677
12243;38;621428383;12243;638;13632;14308;4.68;0.29;404.63;22.42;1389;53;4905.00;676
12244;38;621428409;12244;634;13632;14308;4.67;0.29;404.61;22.42;1388;53;4906.00;676
12247;38;621428425;12247;646;13634;14309;4.69;0.29;404.58;22.41;1387;53;4907.00;675
12247;38;621428440;12247;645;13636;14309;4.68;0.29;404.58;22.41;1389;53;4908.00;673
12249;38;621428456;12249;650;13638;14309;4.69;0.29;404.60;22.41;1389;53;4909.00;671
12252;38;621428472;12252;645;13640;14309;4.63;0.28;404.59;22.41;1388;53;4910.00;669
12255;38;621428487;12255;646;13644;14313;4.57;0.28;404.53;22.41;1389;53;4911.00;669
12259;38;621428502;12259;646;13645;14313;4.52;0.28;404.42;22.40;1386;53;4912.00;668
12260;38;621428517;12260;645;13646;14313;4.45;0.27;404.39;22.40;1386;53;4913.00;667
12260;38;621428532;12260;650;13647;14316;4.38;0.27;404.39;22.40;1387;53;4914.00;669
12260;38;621428546;12260;653;13647;14316;4.34;0.27;404.39;22.40;1387;53;4915.00;669
12260;38;621428561;12260;661;13647;14316;4.30;0.26;404.39;22.40;1387;53;4916.00;669
12262;38;621428575;12262;667;13648;14320;4.25;0.26;404.45;22.40;1386;53;4917.00;672
12263;38;621428589;12263;667;13649;14321;4.22;0.26;404.42;22.40;1386;53;4918.00;672
12263;38;621428605;12263;676;13649;14321;4.19;0.26;404.42;22.40;1386;53;4919.00;672
12266;38;621428628;12266;676;13652;14326;4.13;0.25;404.35;22.39;1386;53;4920.00;674
12266;38;621428649;12266;674;13652;14326;4.04;0.25;404.35;22.39;1386;53;4921.00;674
12270;38;621428667;12270;680;13653;14326;3.96;0.24;404.38;22.39;1383;53;4922.00;673
12273;38;621428694;12273;684;13653;14327;3.84;0.23;404.40;22.39;1380;53;4923.00;674
12274;38;621428707;12274;688;13653;14327;3.74;0.23;404.39;22.39;1379;53;4924.00;674
12276;38;621428721;12276;699;13659;14333;3.72;0.23;404.36;22.42;1383;53;4925.00;674
12279;38;621428735;12279;697;13659;14333;3.63;0.22;404.36;22.42;1380;53;4926.00;674
12282;38;621428749;12282;701;13659;14334;3.50;0.21;404.40;22.42;1377;53;4927.00;675
12286;38;621428762;12286;709;13659;14334;3.37;0.21;404.32;22.42;1373;53;4928.00;675
12288;38;621428775;12288;725;13659;14334;3.28;0.20;404.29;22.42;1371;53;4929.00;675
12289;38;621428788;12289;718;13659;14334;3.23;0.20;404.28;22.42;1370;53;4930.00;675
12293;38;621428801;12293;706;13659;14334;3.17;0.19;404.21;22.42;1366;53;4931.00;675
12295;38;621428813;12295;697;13666;14346;3.26;0.20;404.21;22.41;1371;53;4932.00;680
12298;38;621428827;12298;685;13666;14346;3.30;0.20;404.14;22.41;1368;53;4933.00;680
12302;38;621428842;12302;686;13667;14346;3.36;0.20;404.24;22.41;1365;53;4934.00;679
12303;38;621428855;12303;674;13667;14346;3.44;0.21;404.22;22.41;1364;53;4935.00;679
12305;38;621428870;12305;663;13667;14346;3.49;0.21;404.20;22.41;1362;53;4936.00;679
12305;38;621428883;12305;645;13667;14346;3.57;0.22;404.20;22.41;1362;53;4937.00;679
12308;38;621428896;12308;639;13668;14350;3.61;0.22;404.18;22.40;1360;53;4938.00;682
12309;38;621428910;12309;622;13668;14350;3.64;0.22;404.18;22.40;1359;53;4939.00;682
12310;38;621428924;12310;606;13671;14354;3.71;0.23;404.19;22.40;1361;53;4940.00;683
12311;38;621428939;12311;594;13671;14355;3.77;0.23;404.17;22.40;1360;53;4941.00;684
12313;38;621428953;12313;586;13672;14355;3.84;0.23;404.13;22.41;1359;53;4942.00;683
12315;38;621428968;12315;580;13672;14355;3.91;0.24;404.11;22.41;1357;53;4943.00;683
12319;38;621428982;12319;567;13682;14368;4.06;0.25;404.12;22.39;1363;53;4944.00;686
12321;38;621428998;12321;564;13682;14368;4.13;0.25;404.10;22.39;1361;53;4945.00;686
12322;38;621429014;12322;551;13682;14368;4.23;0.26;404.10;22.39;1360;53;4946.00;686
12323;38;621429028;12323;552;13683;14369;4.33;0.26;404.10;22.39;1360;53;4947.00;686
12325;38;621429043;12325;546;13683;14370;4.39;0.27;404.07;22.39;1358;53;4948.00;687
12328;38;621429063;12328;535;13683;14370;4.49;0.27;404.00;22.39;1355;53;4949.00;687
12332;38;621429079;12332;528;13687;14379;4.55;0.28;404.03;22.39;1355;53;4950.00;692
12335;38;621429096;12335;518;13687;14379;4.60;0.28;404.07;22.39;1352;53;4951.00;692
12339;38;621429112;12339;513;13688;14379;4.64;0.28;404.21;22.39;1349;53;4952.00;691
12341;38;621429129;12341;500;13688;14379;4.72;0.29;404.22;22.39;1347;53;4953.00;691
12344;38;621429144;12344;505;13692;14385;4.78;0.29;404.20;22.38;1348;53;4954.00;693
12346;38;621429161;12346;507;13692;14385;4.80;0.29;404.21;22.38;1346;53;4955.00;693
12350;38;621429177;12350;498;13694;14385;4.75;0.29;404.21;22.39;1344;53;4956.00;691
12354;38;621429193;12354;501;13695;14385;4.77;0.29;404.25;22.49;1341;53;4957.00;690
12356;38;621429210;12356;506;13696;14389;4.80;0.29;404.26;22.49;1340;53;4958.00;693
12358;38;621429225;12358;514;13697;14390;4.79;0.29;404.26;22.51;1339;53;4959.00;693
12362;38;621429241;12362;509;13699;14390;4.79;0.29;404.28;22.53;1337;53;4960.00;691
12364;38;621429257;12364;511;13700;14391;4.80;0.29;404.32;22.53;1336;53;4961.00;691
12369;38;621429272;12369;513;13703;14391;4.79;0.29;404.34;22.58;1334;53;4962.00;688
12376;38;621429288;12376;518;13703;14391;4.77;0.29;404.39;22.58;1327;53;4963.00;688
12378;38;621429303;12378;515;13704;14391;4.79;0.29;404.37;22.59;1326;53;4964.00;687
12384;38;621429318;12384;516;13707;14391;4.76;0.29;404.36;22.63;1323;53;4965.00;684
12386;38;621429334;12386;515;13707;14391;4.79;0.29;404.33;22.63;1321;53;4966.00;684
12389;38;621429349;12389;522;13709;14391;4.78;0.29;404.31;22.67;1320;53;4967.00;682
12391;38;621429364;12391;527;13749;14461;4.83;0.29;404.34;22.64;1358;53;4968.00;712
12396;38;621429391;12396;525;13750;14462;4.80;0.29;404.38;22.66;1354;53;4969.00;712
12402;38;621429416;12402;524;13755;14462;4.80;0.29;404.48;22.69;1353;53;4970.00;707
12404;38;621429449;12404;524;13757;14462;4.83;0.29;404.51;22.72;1353;53;4971.00;705
12407;38;621429473;12407;527;13761;14462;4.86;0.29;404.56;22.73;1354;53;4972.00;701
12407;38;621429497;12407;530;13767;14462;4.88;0.30;404.56;22.79;1360;53;4973.00;695
12409;38;621429516;12409;535;13770;14462;4.88;0.30;404.58;22.81;1361;53;4974.00;692
12410;38;621429532;12410;541;13775;14462;4.85;0.29;404.61;22.85;1365;53;4975.00;687
12414;38;621429549;12414;540;13778;14463;4.80;0.29;404.64;22.86;1364;53;4976.00;685
12416;38;621429566;12416;534;13782;14464;4.74;0.29;404.72;22.92;1366;53;4977.00;682
12419;38;621429584;12419;533;13784;14464;4.69;0.28;404.82;22.92;1365;53;4978.00;680
12420;38;621429601;12420;533;13786;14468;4.65;0.28;404.82;22.93;1366;53;4979.00;682
12421;38;621429619;12421;541;13789;14468;4.62;0.28;404.81;22.98;1368;53;4980.00;679
12422;38;621429636;12422;542;13790;14468;4.66;0.28;404.92;22.99;1368;53;4981.00;678
12425;38;621429652;12425;544;13790;14468;4.64;0.28;405.07;22.99;1365;53;4982.00;678
12426;38;621429668;12426;555;13798;14474;4.62;0.28;405.06;23.04;1372;53;4983.00;676
12429;38;621429684;12429;556;13799;14474;4.60;0.28;405.20;23.14;1370;53;4984.00;675
12432;38;621429702;12432;558;13803;14474;4.64;0.28;405.35;23.20;1371;53;4985.00;671
12435;38;621429719;12435;550;13805;14477;4.65;0.28;405.47;23.21;1370;53;4986.00;672
12437;38;621429735;12437;553;13807;14477;4.66;0.28;405.64;23.24;1370;53;4987.00;670
12439;38;621429752;12439;555;13809;14477;4.69;0.29;405.70;23.27;1370;53;4988.00;668
12440;38;621429769;12440;550;13810;14478;4.68;0.28;405.80;23.28;1370;53;4989.00;668
12442;38;621429785;12442;558;13816;14479;4.62;0.28;405.83;23.66;1374;54;4990.00;663
12444;38;621429814;12444;553;13817;14479;4.60;0.28;405.80;23.67;1373;54;4991.00;662
12445;38;621429831;12445;566;13827;14492;4.62;0.28;405.81;23.67;1382;54;4992.00;665
12447;38;621429849;12447;567;13831;14492;4.62;0.28;405.86;23.71;1384;54;4993.00;661
12448;38;621429866;12448;578;13836;14492;4.65;0.28;405.95;23.75;1388;54;4994.00;656
12450;38;621429882;12450;578;13839;14494;4.64;0.28;406.03;23.79;1389;54;4995.00;655
12450;38;621429899;12450;581;13840;14494;4.63;0.28;406.03;23.80;1390;54;4996.00;654
12452;38;621429916;12452;581;13844;14498;4.65;0.28;406.06;23.80;1392;54;4997.00;654
12456;38;621429933;12456;570;13845;14498;4.63;0.28;406.10;23.81;1389;54;4998.00;653
12458;38;621429950;12458;575;13850;14502;4.60;0.28;406.17;23.84;1392;54;4999.00;652
12462;38;621429968;12462;577;13852;14502;4.59;0.28;406.23;23.87;1390;54;5000.00;650
12466;38;621429989;12466;575;13853;14502;4.56;0.28;406.27;23.88;1387;54;5001.00;649
12470;38;621430006;12470;584;13856;14502;4.54;0.28;406.25;23.90;1386;54;5002.00;646
12471;38;621430022;12471;591;13857;14502;4.55;0.28;406.29;23.91;1386;54;5003.00;645
12477;38;621430038;12477;586;13865;14514;4.55;0.28;406.52;23.91;1388;54;5004.00;649
12479;38;621430056;12479;587;13868;14514;4.51;0.27;406.66;23.93;1389;54;5005.00;646
12481;38;621430074;12481;592;13870;14514;4.54;0.28;406.74;23.94;1389;54;5006.00;644
12484;38;621430090;12484;603;13871;14514;4.52;0.27;406.74;23.95;1387;54;5007.00;643
12487;38;621430106;12487;604;13873;14514;4.52;0.27;406.73;23.97;1386;54;5008.00;641
12488;38;621430122;12488;605;13876;14514;4.53;0.28;406.77;24.09;1388;54;5009.00;638
12490;38;621430141;12490;607;13876;14515;4.54;0.28;406.83;24.09;1386;54;5010.00;639
12494;38;621430158;12494;607;13879;14515;4.51;0.27;406.88;24.12;1385;54;5011.00;636
12496;38;621430174;12496;607;13883;14521;4.55;0.28;406.91;24.12;1387;54;5012.00;638
12497;38;621430191;12497;610;13883;14522;4.53;0.27;406.92;24.12;1386;54;5013.00;639
12498;38;621430208;12498;608;13884;14522;4.52;0.27;406.96;24.13;1386;54;5014.00;638
12499;38;621430224;12499;612;13888;14522;4.55;0.28;406.94;24.17;1389;54;5015.00;634
12502;38;621430240;12502;613;13893;14526;4.56;0.28;406.91;24.18;1391;54;5016.00;633
12502;38;621430258;12502;608;13894;14526;4.58;0.28;406.91;24.19;1392;54;5017.00;632
12503;38;621430282;12503;610;13895;14526;4.56;0.28;406.94;24.20;1392;54;5018.00;631
12507;38;621430297;12507;620;13897;14527;4.50;0.27;407.03;24.30;1390;54;5019.00;630
12508;38;621430314;12508;617;13899;14531;4.43;0.27;407.03;24.31;1391;54;5020.00;632
12510;38;621430330;12510;617;13899;14531;4.38;0.27;407.05;24.31;1389;54;5021.00;632
12513;38;621430346;12513;615;13901;14534;4.34;0.26;407.09;24.32;1388;54;5022.00;633
12516;38;621430362;12516;604;13902;14534;4.30;0.26;407.19;24.33;1386;54;5023.00;632
12516;38;621430381;12516;614;13902;14534;4.32;0.26;407.19;24.33;1386;54;5024.00;632
12519;38;621430398;12519;607;13903;14534;4.29;0.26;407.21;24.34;1384;54;5025.00;631
12520;38;621430413;12520;608;13907;14538;4.33;0.26;407.20;24.34;1387;54;5026.00;631
12521;38;621430429;12521;607;13907;14538;4.38;0.27;407.24;24.34;1386;54;5027.00;631
12522;38;621430443;12522;608;13908;14538;4.40;0.27;407.23;24.35;1386;54;5028.00;630
12524;38;621430458;12524;603;13908;14538;4.38;0.27;407.21;24.35;1384;54;5029.00;630
12528;38;621430473;12528;596;13909;14539;4.33;0.26;407.22;24.36;1381;54;5030.00;630
12532;38;621430488;12532;593;13909;14540;4.31;0.26;407.39;24.36;1377;54;5031.00;631
12535;38;621430503;12535;587;13910;14540;4.27;0.26;407.44;24.37;1375;54;5032.00;630
12540;38;621430518;12540;580;13911;14541;4.23;0.26;407.63;24.37;1371;54;5033.00;630
12541;38;621430533;12541;575;13913;14541;4.26;0.26;407.63;24.48;1372;54;5034.00;628
12547;38;621430547;12547;574;13913;14541;4.25;0.26;407.80;24.48;1366;54;5035.00;628
12548;38;621430562;12548;572;13914;14541;4.29;0.26;407.83;24.48;1366;54;5036.00;627
12552;38;621430577;12552;575;13915;14541;4.29;0.26;407.82;24.49;1363;54;5037.00;626
12558;38;621430592;12558;578;13915;14541;4.24;0.26;407.90;24.49;1357;54;5038.00;626
12560;38;621430607;12560;577;13916;14541;4.28;0.26;407.93;24.50;1356;54;5039.00;625
12562;38;621430623;12562;608;13996;14771;4.63;0.29;407.97;24.36;1434;54;5040.00;775
12565;38;621430655;12565;600;14001;14772;4.64;0.29;408.08;24.35;1436;54;5041.00;771
12567;38;621430670;12567;601;14008;14772;4.65;0.29;408.04;24.34;1441;54;5042.00;764
12569;38;621430687;12569;607;14012;14772;4.61;0.29;408.06;24.34;1443;54;5043.00;760
12571;38;621430702;12571;610;14019;14772;4.57;0.29;408.07;24.33;1448;54;5044.00;753
12574;38;621430718;12574;614;14022;14772;4.53;0.28;408.15;24.32;1448;54;5045.00;750
12574;38;621430733;12574;619;14028;14772;4.55;0.28;408.15;24.31;1454;54;5046.00;744
12578;38;621430747;12578;620;14031;14772;4.48;0.28;408.24;24.31;1453;54;5047.00;741
12582;38;621430762;12582;626;14038;14773;4.43;0.27;408.34;24.30;1456;54;5048.00;735
12583;38;621430777;12583;635;14043;14774;4.40;0.27;408.37;24.30;1460;54;5049.00;731
12586;38;621430792;12586;639;14048;14774;4.40;0.27;408.46;24.29;1462;54;5050.00;726
12586;38;621430808;12586;646;14052;14775;4.37;0.27;408.46;24.29;1466;54;5051.00;723
12588;38;621430823;12588;649;14058;14775;4.33;0.27;408.46;24.29;1470;54;5052.00;717
12591;38;621430839;12591;653;14060;14775;4.25;0.26;408.44;24.29;1469;54;5053.00;715
12591;38;621430854;12591;643;14062;14775;4.19;0.26;408.44;24.29;1471;54;5054.00;713
12591;38;621430876;12591;655;14066;14779;4.15;0.26;408.44;24.29;1475;54;5055.00;713
12594;38;621430892;12594;666;14068;14779;4.08;0.25;408.42;24.28;1474;54;5056.00;711
12595;38;621430908;12595;672;14070;14779;4.04;0.25;408.39;24.28;1475;54;5057.00;709
12598;39;621430925;12598;676;14072;14782;3.99;0.25;408.48;24.28;1474;55;5058.00;710
12598;39;621430958;12598;677;14075;14782;3.98;0.25;408.48;24.28;1477;55;5059.00;707
12600;39;621430973;12600;686;14075;14782;3.94;0.24;408.43;24.28;1475;55;5060.00;707
12601;39;621430988;12601;699;14078;14786;3.95;0.24;408.40;24.28;1477;55;5061.00;708
12604;39;621431004;12604;707;14080;14787;3.90;0.24;408.38;24.27;1476;55;5062.00;707
12605;39;621431019;12605;715;14081;14787;3.85;0.24;408.38;24.27;1476;55;5063.00;706
12607;39;621431034;12607;720;14084;14791;3.83;0.24;408.37;24.27;1477;55;5064.00;707
12612;39;621431049;12612;721;14086;14791;3.79;0.23;408.33;24.27;1474;55;5065.00;705
12612;39;621431065;12612;728;14088;14791;3.74;0.23;408.33;24.27;1476;55;5066.00;703
12615;39;621431080;12615;725;14088;14792;3.71;0.23;408.30;24.27;1473;55;5067.00;704
12616;39;621431095;12616;735;14090;14792;3.68;0.22;408.27;24.27;1474;55;5068.00;702
12617;39;621431109;12617;737;14094;14798;3.66;0.22;408.31;24.26;1477;55;5069.00;704
12618;39;621431126;12618;745;14094;14798;3.63;0.22;408.28;24.26;1476;55;5070.00;704
12619;39;621431140;12619;747;14094;14799;3.59;0.22;408.33;24.26;1475;55;5071.00;705
12620;39;621431155;12620;756;14094;14799;3.56;0.22;408.30;24.26;1474;55;5072.00;705
12621;39;621431169;12621;760;14094;14799;3.53;0.22;408.27;24.26;1473;55;5073.00;705
12623;39;621431184;12623;765;14094;14799;3.45;0.21;408.25;24.26;1471;55;5074.00;705
12623;39;621431198;12623;769;14094;14799;3.39;0.21;408.25;24.26;1471;55;5075.00;705
12625;39;621431212;12625;783;14101;14811;3.38;0.21;408.25;24.25;1476;55;5076.00;710
12628;39;621431227;12628;787;14101;14811;3.33;0.20;408.22;24.25;1473;55;5077.00;710
12630;39;621431241;12630;791;14102;14811;3.30;0.20;408.26;24.25;1472;55;5078.00;709
12631;39;621431256;12631;810;14102;14811;3.29;0.20;408.24;24.25;1471;55;5079.00;709
12632;39;621431270;12632;801;14102;14811;3.28;0.20;408.30;24.25;1470;55;5080.00;709
12633;39;621431284;12633;800;14102;14811;3.25;0.20;408.27;24.25;1469;55;5081.00;709
12634;39;621431300;12634;789;14103;14815;3.27;0.20;408.26;24.25;1469;55;5082.00;712
12636;39;621431315;12636;779;14103;14815;3.31;0.20;408.29;24.25;1467;55;5083.00;712
12638;39;621431329;12638;766;14106;14819;3.35;0.21;408.24;24.24;1468;55;5084.00;713
12640;39;621431347;12640;749;14106;14821;3.40;0.21;408.26;24.24;1466;55;5085.00;715
12640;39;621431362;12640;735;14106;14821;3.47;0.21;408.26;24.24;1466;55;5086.00;715
12641;39;621431378;12641;728;14106;14821;3.53;0.22;408.23;24.24;1465;55;5087.00;715
12642;39;621431404;12642;721;14116;14834;3.63;0.22;408.20;24.23;1474;55;5088.00;718
12643;39;621431430;12643;718;14116;14834;3.71;0.23;408.22;24.23;1473;55;5089.00;718
12643;39;621431468;12643;714;14116;14834;3.80;0.23;408.22;24.23;1473;55;5090.00;718
12645;39;621431499;12645;705;14117;14835;3.82;0.23;408.19;24.22;1472;55;5091.00;718
12646;39;621431516;12646;707;14117;14836;3.84;0.23;408.18;24.22;1471;55;5092.00;719
12648;39;621431532;12648;712;14117;14836;3.82;0.23;408.14;24.22;1469;55;5093.00;719
12652;39;621431549;12652;712;14119;14839;3.81;0.23;408.11;24.23;1467;55;5094.00;720
12654;39;621431566;12654;714;14120;14839;3.77;0.23;408.08;24.25;1466;55;5095.00;719
12656;39;621431582;12656;709;14120;14839;3.74;0.23;408.07;24.25;1464;55;5096.00;719
12657;39;621431599;12657;712;14120;14839;3.73;0.23;408.05;24.25;1463;55;5097.00;719
12660;39;621431622;12660;717;14124;14845;3.74;0.23;408.01;24.24;1464;55;5098.00;721
12663;39;621431637;12663;720;14124;14845;3.70;0.23;407.96;24.24;1461;55;5099.00;721
12664;39;621431655;12664;717;14128;14864;3.71;0.23;407.97;24.23;1464;55;5100.00;736
12668;39;621431678;12668;705;14128;14864;3.72;0.23;407.91;24.23;1460;55;5101.00;736
12671;39;621431694;12671;705;14129;14868;3.74;0.23;407.92;24.23;1458;55;5102.00;739
12673;39;621431711;12673;703;14129;14869;3.78;0.23;407.90;24.23;1456;55;5103.00;740
12675;39;621431726;12675;702;14129;14869;3.79;0.23;407.90;24.23;1454;55;5104.00;740
12680;39;621431742;12680;700;14131;14870;3.81;0.23;407.95;24.23;1451;55;5105.00;739
12683;39;621431757;12683;699;14133;14870;3.84;0.23;407.91;24.23;1450;55;5106.00;737
12687;39;621431773;12687;672;14133;14870;3.88;0.24;408.01;24.23;1446;55;5107.00;737
12691;39;621431789;12691;654;14133;14870;3.93;0.24;408.00;24.23;1442;55;5108.00;737
12692;39;621431805;12692;646;14133;14870;4.00;0.24;408.03;24.23;1441;55;5109.00;737
12697;39;621431821;12697;640;14133;14870;4.02;0.25;408.17;24.23;1436;55;5110.00;737
12700;39;621431837;12700;637;14133;14870;4.04;0.25;408.31;24.23;1433;55;5111.00;737
12701;39;621431853;12701;635;14166;14940;4.15;0.25;408.30;24.17;1465;55;5112.00;774
12705;39;621431875;12705;617;14169;14941;4.18;0.26;408.28;24.17;1464;55;5113.00;772
12707;39;621431892;12707;619;14173;14941;4.23;0.26;408.27;24.16;1466;55;5114.00;768
12713;39;621431908;12713;605;14176;14941;4.23;0.26;408.28;24.16;1463;55;5115.00;765
12716;39;621431926;12716;599;14177;14941;4.22;0.26;408.34;24.15;1461;55;5116.00;764
12722;39;621431943;12722;604;14179;14941;4.21;0.26;408.32;24.15;1457;55;5117.00;762
12722;39;621431959;12722;599;14183;14941;4.24;0.26;408.32;24.15;1461;55;5118.00;758
12726;39;621431977;12726;598;14185;14941;4.23;0.26;408.47;24.15;1459;55;5119.00;756
12729;39;621431993;12729;596;14185;14942;4.22;0.26;408.45;24.15;1456;55;5120.00;757
12735;39;621432010;12735;589;14186;14943;4.19;0.25;408.47;24.15;1451;55;5121.00;757
12738;39;621432027;12738;584;14187;14943;4.22;0.26;408.62;24.15;1449;55;5122.00;756
12742;39;621432045;12742;580;14190;14947;4.19;0.25;408.64;24.25;1448;55;5123.00;757
12745;39;621432070;12745;571;14193;14947;4.21;0.26;408.73;24.25;1448;55;5124.00;754
12751;39;621432088;12751;567;14194;14947;4.22;0.26;408.87;24.26;1443;55;5125.00;753
12753;39;621432105;12753;562;14195;14947;4.21;0.26;408.98;24.26;1442;55;5126.00;752
12756;39;621432122;12756;566;14198;14953;4.23;0.26;408.97;24.25;1442;55;5127.00;755
12758;39;621432141;12758;565;14199;14953;4.25;0.26;408.97;24.27;1441;55;5128.00;754
12762;39;621432158;12762;560;14201;14953;4.28;0.26;409.06;24.27;1439;55;5129.00;752
12765;39;621432178;12765;557;14204;14959;4.29;0.26;409.20;24.29;1439;55;5130.00;755
12768;39;621432198;12768;548;14204;14959;4.32;0.26;409.28;24.29;1436;55;5131.00;755
12773;39;621432216;12773;546;14205;14959;4.33;0.26;409.32;24.29;1432;55;5132.00;754
12777;39;621432233;12777;544;14210;14960;4.34;0.26;409.50;24.34;1433;55;5133.00;750
12782;39;621432251;12782;544;14213;14961;4.36;0.26;409.45;24.34;1431;55;5134.00;748
12786;39;621432270;12786;545;14214;14961;4.35;0.26;409.52;24.34;1428;55;5135.00;747
12788;39;621432287;12788;544;14226;14974;4.36;0.26;409.51;24.37;1438;55;5136.00;748
12792;39;621432305;12792;550;14227;14974;4.37;0.26;409.65;24.37;1435;55;5137.00;747
12793;39;621432322;12793;548;14230;14974;4.43;0.27;409.65;24.49;1437;55;5138.00;744
12797;39;621432339;12797;543;14232;14975;4.41;0.27;409.91;24.50;1435;55;5139.00;743
12801;39;621432357;12801;547;14235;14975;4.45;0.27;409.86;24.52;1434;55;5140.00;740
12802;39;621432376;12802;541;14238;14979;4.49;0.27;409.90;24.53;1436;55;5141.00;741
12804;39;621432395;12804;549;14243;14979;4.47;0.27;409.86;24.57;1439;55;5142.00;736
12806;39;621432413;12806;548;14246;14983;4.46;0.27;409.87;24.59;1440;55;5143.00;737
12808;39;621432431;12808;553;14247;14983;4.43;0.27;410.03;24.61;1439;55;5144.00;736
12808;39;621432447;12808;552;14252;14983;4.41;0.27;410.03;24.66;1444;55;5145.00;731
12811;39;621432464;12811;552;14255;14983;4.37;0.26;410.06;24.69;1444;55;5146.00;728
12813;39;621432481;12813;542;14256;14983;4.33;0.26;410.03;24.71;1443;55;5147.00;727
12815;39;621432501;12815;546;14264;14995;4.32;0.26;410.04;24.71;1449;55;5148.00;731
12816;39;621432519;12816;533;14267;14995;4.32;0.26;410.04;24.74;1451;55;5149.00;728
12821;39;621432536;12821;531;14267;14995;4.31;0.26;410.18;24.74;1446;55;5150.00;728
12822;39;621432552;12822;533;14271;14995;4.33;0.26;410.18;24.87;1449;55;5151.00;724
12825;39;621432571;12825;531;14271;14995;4.35;0.26;410.24;24.87;1446;55;5152.00;724
12827;39;621432587;12827;527;14275;14995;4.40;0.27;410.27;24.91;1448;55;5153.00;720
12829;39;621432610;12829;538;14276;14996;4.41;0.27;410.33;24.92;1447;55;5154.00;720
12834;39;621432627;12834;544;14282;14998;4.39;0.27;410.43;24.97;1448;55;5155.00;716
12837;39;621432650;12837;540;14287;15004;4.37;0.26;410.53;24.97;1450;55;5156.00;717
12840;39;621432667;12840;532;14289;15005;4.36;0.26;410.52;25.00;1449;55;5157.00;716
12844;39;621432684;12844;538;14291;15005;4.32;0.26;410.52;25.02;1447;55;5158.00;714
12846;39;621432700;12846;543;14294;15005;4.32;0.26;410.66;25.05;1448;55;5159.00;711
12848;39;621432719;12848;549;14301;15010;4.35;0.26;410.71;25.07;1453;55;5160.00;709
12850;39;621432736;12850;550;14303;15010;4.36;0.26;410.73;25.09;1453;55;5161.00;707
12851;39;621432754;12851;548;14304;15010;4.39;0.27;410.76;25.10;1453;55;5162.00;706
12853;39;621432770;12853;540;14307;15011;4.39;0.27;410.83;25.12;1454;55;5163.00;704
12854;39;621432788;12854;541;14310;15015;4.38;0.27;410.84;25.14;1456;55;5164.00;705
12858;39;621432807;12858;553;14313;15015;4.36;0.26;410.84;25.17;1455;55;5165.00;702
12859;39;621432824;12859;557;14315;15018;4.37;0.27;410.87;25.18;1456;55;5166.00;703
12861;39;621432843;12861;559;14316;15018;4.42;0.27;410.93;25.19;1455;55;5167.00;702
12862;39;621432862;12862;563;14319;15018;4.45;0.27;410.93;25.22;1457;55;5168.00;699
12864;39;621432884;12864;571;14320;15018;4.47;0.27;410.93;25.22;1456;55;5169.00;698
12868;39;621432900;12868;579;14326;15022;4.45;0.27;410.92;25.25;1458;55;5170.00;696
12870;39;621432918;12870;573;14328;15022;4.46;0.27;410.98;25.36;1458;56;5171.00;694
12873;39;621432939;12873;569;14328;15022;4.48;0.27;411.00;25.36;1455;56;5172.00;694
12873;39;621432956;12873;565;14329;15022;4.50;0.27;411.00;25.36;1456;56;5173.00;693
12878;39;621432972;12878;561;14333;15023;4.49;0.27;411.09;25.40;1455;56;5174.00;690
12878;39;621432988;12878;574;14336;15025;4.49;0.27;411.09;25.43;1458;56;5175.00;689
12884;39;621433004;12884;577;14338;15025;4.45;0.27;411.26;25.45;1454;56;5176.00;687
12887;39;621433021;12887;576;14340;15026;4.42;0.27;411.25;25.46;1453;56;5177.00;686
12890;39;621433037;12890;570;14341;15026;4.42;0.27;411.34;25.46;1451;56;5178.00;685
12893;39;621433053;12893;571;14344;15026;4.39;0.27;411.35;25.48;1451;56;5179.00;682
12894;39;621433069;12894;573;14344;15026;4.40;0.27;411.38;25.48;1450;56;5180.00;682
12896;39;621433085;12896;573;14347;15026;4.41;0.27;411.41;25.51;1451;56;5181.00;679
12900;39;621433101;12900;573;14348;15026;4.38;0.27;411.47;25.51;1448;56;5182.00;678
12903;39;621433116;12903;571;14348;15026;4.35;0.26;411.53;25.51;1445;56;5183.00;678
12905;39;621433132;12905;607;14418;15153;4.48;0.28;411.55;25.41;1513;56;5184.00;735
12908;39;621433157;12908;598;14418;15154;4.46;0.28;411.71;25.41;1510;56;5185.00;736
12912;39;621433174;12912;604;14423;15154;4.47;0.28;411.73;25.42;1511;56;5186.00;731
12913;39;621433190;12913;610;14428;15154;4.50;0.28;411.71;25.42;1515;56;5187.00;726
12916;39;621433206;12916;618;14433;15154;4.55;0.28;411.80;25.44;1517;56;5188.00;721
12918;39;621433223;12918;619;14434;15154;4.57;0.28;411.82;25.44;1516;56;5189.00;720
12920;39;621433241;12920;623;14437;15154;4.58;0.28;411.82;25.45;1517;56;5190.00;717
12922;39;621433258;12922;631;14438;15154;4.59;0.28;411.85;25.44;1516;56;5191.00;716
12925;39;621433275;12925;626;14440;15155;4.57;0.28;411.84;25.45;1515;56;5192.00;715
12927;39;621433293;12927;615;14443;15156;4.57;0.28;411.83;25.47;1516;56;5193.00;713
12930;39;621433310;12930;614;14446;15156;4.56;0.28;411.90;25.48;1516;56;5194.00;710
12930;39;621433327;12930;612;14449;15157;4.59;0.28;411.90;25.50;1519;56;5195.00;708
12935;39;621433343;12935;626;14450;15157;4.52;0.28;411.96;25.49;1515;56;5196.00;707
12938;39;621433365;12938;614;14453;15157;4.46;0.27;411.95;25.50;1515;56;5197.00;704
12940;39;621433385;12940;622;14455;15157;4.39;0.27;412.04;25.51;1515;56;5198.00;702
12943;39;621433410;12943;619;14457;15161;4.34;0.27;412.03;25.51;1514;56;5199.00;704
12947;39;621433439;12947;613;14461;15161;4.25;0.26;412.03;25.53;1514;56;5200.00;700
12949;39;621433472;12949;622;14462;15161;4.20;0.26;412.08;25.64;1513;56;5201.00;699
12953;39;621433499;12953;616;14463;15164;4.15;0.25;412.09;25.64;1510;56;5202.00;701
12955;39;621433521;12955;606;14464;15164;4.14;0.25;412.08;25.65;1509;56;5203.00;700
12958;39;621433540;12958;607;14465;15164;4.13;0.25;412.06;25.66;1507;56;5204.00;699
12963;39;621433557;12963;611;14469;15168;4.09;0.25;412.11;25.67;1506;56;5205.00;699
12964;39;621433578;12964;601;14470;15169;4.07;0.25;412.08;25.66;1506;56;5206.00;699
12967;39;621433601;12967;606;14473;15169;4.03;0.25;412.06;25.79;1506;56;5207.00;696
12969;39;621433628;12969;609;14475;15173;4.07;0.25;412.05;25.79;1506;56;5208.00;698
12972;39;621433646;12972;608;14475;15173;4.05;0.25;412.01;25.79;1503;56;5209.00;698
12973;39;621433663;12973;614;14476;15173;4.01;0.25;411.98;25.80;1503;56;5210.00;697
12975;39;621433680;12975;615;14477;15174;3.99;0.24;411.93;25.81;1502;56;5211.00;697
12976;39;621433698;12976;621;14477;15174;3.98;0.24;411.91;25.81;1501;56;5212.00;697
12979;39;621433714;12979;629;14482;15180;3.96;0.24;412.01;25.81;1503;56;5213.00;698
12981;39;621433733;12981;630;14483;15180;3.98;0.24;412.07;25.82;1502;56;5214.00;697
12983;39;621433751;12983;631;14483;15180;3.95;0.24;412.02;25.82;1500;56;5215.00;697
12985;39;621433768;12985;636;14484;15181;3.93;0.24;411.99;25.84;1499;56;5216.00;697
12986;39;621433786;12986;636;14485;15181;3.97;0.24;411.99;25.83;1499;56;5217.00;696
12989;39;621433812;12989;651;14485;15181;3.98;0.24;412.04;25.83;1496;56;5218.00;696
12991;39;621433832;12991;659;14487;15181;3.98;0.24;412.04;25.86;1496;56;5219.00;694
12996;39;621433851;12996;665;14502;15217;4.06;0.25;412.03;25.83;1506;56;5220.00;715
12999;39;621433872;12999;659;14505;15217;4.02;0.25;411.96;25.84;1506;56;5221.00;712
13000;39;621433889;13000;666;14508;15217;4.03;0.25;412.00;25.83;1508;56;5222.00;709
13005;39;621433906;13005;662;14508;15217;4.00;0.25;412.21;25.83;1503;56;5223.00;709
13005;39;621433924;13005;661;14513;15217;3.96;0.24;412.21;25.85;1508;56;5224.00;704
13007;39;621433942;13007;676;14513;15217;3.92;0.24;412.20;25.85;1506;56;5225.00;704
13010;39;621433959;13010;676;14516;15221;3.90;0.24;412.24;25.84;1506;56;5226.00;705
13011;39;621433977;13011;674;14517;15221;3.84;0.24;412.22;25.85;1506;56;5227.00;704
13012;39;621433994;13012;680;14520;15225;3.82;0.24;412.19;25.85;1508;56;5228.00;705
13013;39;621434011;13013;677;14520;15226;3.79;0.23;412.17;25.85;1507;56;5229.00;706
13017;39;621434028;13017;688;14520;15226;3.72;0.23;412.30;25.85;1503;56;5230.00;706
13018;39;621434044;13018;697;14520;15226;3.69;0.23;412.27;25.85;1502;56;5231.00;706
13020;39;621434061;13020;710;14529;15239;3.68;0.23;412.24;25.83;1509;56;5232.00;710
13022;39;621434079;13022;721;14531;15239;3.62;0.22;412.23;25.96;1509;56;5233.00;708
13024;39;621434095;13024;719;14531;15239;3.58;0.22;412.31;25.96;1507;56;5234.00;708
13027;39;621434112;13027;717;14533;15240;3.56;0.22;412.40;26.09;1506;56;5235.00;707
13028;39;621434129;13028;703;14533;15241;3.54;0.22;412.46;26.09;1505;56;5236.00;708
13028;39;621434146;13028;692;14534;15241;3.56;0.22;412.46;26.22;1506;56;5237.00;707
13031;39;621434162;13031;697;14535;15244;3.57;0.22;412.53;26.22;1504;56;5238.00;709
13032;39;621434179;13032;699;14535;15244;3.53;0.22;412.56;26.22;1503;56;5239.00;709
13034;39;621434196;13034;697;14535;15244;3.52;0.22;412.59;26.22;1501;56;5240.00;709
13034;39;621434212;13034;695;14535;15244;3.53;0.22;412.59;26.22;1501;56;5241.00;709
13035;39;621434229;13035;705;14539;15250;3.56;0.22;412.66;26.21;1504;56;5242.00;711
13036;39;621434245;13036;698;14539;15250;3.59;0.22;412.63;26.21;1503;56;5243.00;711
13036;40;621434262;13036;703;14539;15250;3.62;0.22;412.63;26.21;1503;57;5244.00;711
13037;40;621434305;13037;703;14539;15250;3.66;0.22;412.72;26.21;1502;57;5245.00;711
13039;40;621434321;13039;702;14540;15254;3.67;0.23;412.73;26.21;1501;57;5246.00;714
13039;40;621434346;13039;695;14540;15255;3.66;0.22;412.73;26.21;1501;57;5247.00;715
13041;40;621434362;13041;693;14540;15255;3.64;0.22;412.76;26.21;1499;57;5248.00;715
13042;40;621434378;13042;683;14541;15256;3.66;0.22;412.75;26.21;1499;57;5249.00;715
13044;40;621434397;13044;682;14541;15256;3.65;0.22;412.70;26.21;1497;57;5250.00;715
13046;40;621434413;13046;684;14541;15256;3.66;0.22;412.72;26.21;1495;57;5251.00;715
13046;40;621434429;13046;678;14541;15256;3.66;0.22;412.72;26.21;1495;57;5252.00;715
13047;40;621434444;13047;675;14541;15256;3.68;0.22;412.72;26.21;1494;57;5253.00;715
13047;40;621434462;13047;672;14541;15256;3.67;0.22;412.72;26.21;1494;57;5254.00;715
13047;40;621434477;13047;672;14541;15256;3.68;0.22;412.72;26.21;1494;57;5255.00;715
13049;40;621434492;13049;675;14574;15326;3.84;0.23;412.67;26.15;1525;57;5256.00;752
13052;40;621434512;13052;664;14576;15327;3.86;0.24;412.61;26.15;1524;57;5257.00;751
13054;40;621434527;13054;661;14583;15327;3.93;0.24;412.58;26.13;1529;57;5258.00;744
13059;40;621434541;13059;662;14587;15327;3.96;0.24;412.69;26.13;1528;57;5259.00;740
13059;40;621434556;13059;645;14589;15327;3.98;0.24;412.69;26.12;1530;57;5260.00;738
13063;40;621434571;13063;646;14590;15327;3.96;0.24;412.77;26.12;1527;57;5261.00;737
13066;40;621434586;13066;654;14592;15327;3.94;0.24;412.74;26.12;1526;57;5262.00;735
13071;40;621434601;13071;647;14593;15327;3.87;0.24;412.82;26.12;1522;57;5263.00;734
13074;40;621434622;13074;648;14594;15328;3.84;0.23;412.76;26.12;1520;57;5264.00;734
13076;40;621434638;13076;654;14597;15330;3.79;0.23;412.73;26.12;1521;57;5265.00;733
13080;40;621434654;13080;665;14597;15330;3.73;0.23;412.80;26.12;1517;57;5266.00;733
13083;40;621434670;13083;665;14598;15334;3.68;0.23;412.84;26.12;1515;57;5267.00;736
13084;40;621434685;13084;672;14598;15334;3.67;0.23;412.83;26.12;1514;57;5268.00;736
13088;40;621434699;13088;680;14598;15334;3.63;0.22;412.83;26.12;1510;57;5269.00;736
13092;40;621434714;13092;671;14598;15334;3.62;0.22;412.76;26.12;1506;57;5270.00;736
13096;40;621434729;13096;675;14602;15340;3.61;0.22;412.96;26.12;1506;57;5271.00;738
13098;40;621434744;13098;666;14602;15340;3.64;0.22;412.93;26.12;1504;57;5272.00;738
13103;40;621434759;13103;657;14602;15340;3.67;0.22;413.11;26.12;1499;57;5273.00;738
13106;40;621434775;13106;651;14603;15343;3.69;0.23;413.13;26.11;1497;57;5274.00;740
13110;40;621434790;13110;641;14603;15343;3.73;0.23;413.18;26.11;1493;57;5275.00;740
13114;40;621434806;13114;636;14604;15343;3.76;0.23;413.17;26.12;1490;57;5276.00;739
13117;40;621434821;13117;629;14604;15344;3.78;0.23;413.14;26.12;1487;57;5277.00;740
13120;40;621434836;13120;615;14605;15345;3.84;0.23;413.24;26.11;1485;57;5278.00;740
13122;40;621434853;13122;612;14605;15345;3.86;0.23;413.33;26.11;1483;57;5279.00;740
13124;40;621434869;13124;612;14622;15371;3.92;0.24;413.33;26.08;1498;57;5280.00;749
13128;40;621434886;13128;583;14623;15371;3.96;0.24;413.41;26.08;1495;57;5281.00;748
13130;40;621434903;13130;567;14625;15371;4.02;0.25;413.51;26.08;1495;57;5282.00;746
13132;40;621434919;13132;558;14625;15372;4.06;0.25;413.51;26.08;1493;57;5283.00;747
13136;40;621434934;13136;552;14625;15372;4.08;0.25;413.54;26.08;1489;57;5284.00;747
13139;40;621434952;13139;539;14628;15376;4.15;0.25;413.62;26.07;1489;57;5285.00;748
13143;40;621434969;13143;528;14628;15376;4.22;0.26;413.64;26.07;1485;57;5286.00;748
13145;40;621434986;13145;517;14629;15379;4.28;0.26;413.66;26.07;1484;57;5287.00;750
13150;40;621435003;13150;504;14629;15380;4.34;0.26;413.72;26.07;1479;57;5288.00;751
13156;40;621435019;13156;505;14629;15380;4.35;0.26;413.94;26.07;1473;57;5289.00;751
13160;40;621435035;13160;493;14629;15380;4.37;0.27;413.90;26.07;1469;57;5290.00;751
13164;40;621435053;13164;493;14629;15380;4.39;0.27;413.98;26.07;1465;57;5291.00;751
13168;40;621435069;13168;484;14634;15392;4.42;0.27;414.04;26.06;1466;57;5292.00;758
13171;40;621435087;13171;488;14636;15392;4.44;0.27;414.12;26.06;1465;57;5293.00;756
13177;40;621435104;13177;489;14636;15392;4.46;0.27;414.30;26.06;1459;57;5294.00;756
13179;40;621435121;13179;492;14636;15392;4.49;0.27;414.29;26.06;1457;57;5295.00;756
13180;40;621435137;13180;489;14637;15392;4.54;0.28;414.38;26.06;1457;57;5296.00;755
13187;40;621435154;13187;492;14637;15392;4.57;0.28;414.35;26.06;1450;57;5297.00;755
13192;40;621435171;13192;498;14637;15393;4.59;0.28;414.44;26.06;1445;57;5298.00;756
13193;40;621435187;13193;501;14639;15393;4.62;0.28;414.46;26.07;1446;57;5299.00;754
13197;41;621435205;13197;502;14644;15399;4.61;0.28;414.46;26.07;1447;58;5300.00;755
13201;41;621435236;13201;518;14645;15400;4.61;0.28;414.51;26.07;1444;58;5301.00;755
13203;41;621435253;13203;520;14645;15400;4.64;0.28;414.52;26.07;1442;58;5302.00;755
13209;41;621435269;13209;530;14647;15400;4.63;0.28;414.53;26.10;1438;58;5303.00;753
13214;41;621435286;13214;539;14651;15404;4.58;0.28;414.47;26.09;1437;58;5304.00;753
13218;41;621435303;13218;536;14651;15404;4.59;0.28;414.49;26.09;1433;58;5305.00;753
13221;41;621435320;13221;535;14653;15404;4.61;0.28;414.50;26.11;1432;58;5306.00;751
13226;41;621435336;13226;538;14654;15405;4.61;0.28;414.51;26.11;1428;58;5307.00;751
13228;41;621435353;13228;536;14657;15409;4.58;0.28;414.63;26.13;1429;58;5308.00;752
13230;41;621435370;13230;529;14659;15409;4.56;0.28;414.60;26.16;1429;58;5309.00;750
13235;41;621435392;13235;525;14664;15415;4.49;0.27;414.57;26.17;1429;58;5310.00;751
13235;41;621435417;13235;523;14665;15415;4.53;0.27;414.57;26.18;1430;58;5311.00;750
13239;41;621435453;13239;529;14668;15415;4.49;0.27;414.64;26.20;1429;58;5312.00;747
13242;41;621435478;13242;528;14671;15415;4.45;0.27;414.63;26.22;1429;58;5313.00;744
13245;41;621435499;13245;524;14674;15419;4.41;0.27;414.62;26.22;1429;58;5314.00;745
13247;41;621435519;13247;524;14678;15419;4.36;0.26;414.65;26.25;1431;58;5315.00;741
13248;42;621435537;13248;521;14678;15419;4.33;0.26;414.69;26.25;1430;59;5316.00;741
13250;42;621435579;13250;510;14680;15419;4.32;0.26;414.75;26.26;1430;59;5317.00;739
13251;42;621435598;13251;500;14684;15420;4.34;0.26;414.72;26.29;1433;59;5318.00;736
13254;42;621435616;13254;500;14687;15421;4.36;0.27;414.75;26.30;1433;59;5319.00;734
13258;42;621435633;13258;494;14688;15421;4.35;0.26;414.75;26.31;1430;59;5320.00;733
13262;42;621435651;13262;499;14690;15422;4.33;0.26;414.75;26.33;1428;59;5321.00;732
13264;42;621435668;13264;506;14692;15422;4.33;0.26;414.88;26.33;1428;59;5322.00;730
13268;42;621435685;13268;511;14693;15422;4.32;0.26;414.89;26.34;1425;59;5323.00;729
13269;42;621435702;13269;522;14694;15422;4.33;0.26;414.91;26.35;1425;59;5324.00;728
13271;42;621435718;13271;518;14698;15422;4.29;0.26;415.03;26.38;1427;59;5325.00;724
13276;42;621435735;13276;518;14698;15422;4.24;0.26;415.12;26.38;1422;59;5326.00;724
13280;42;621435753;13280;517;14698;15422;4.21;0.26;415.18;26.38;1418;59;5327.00;724
13283;42;621435770;13283;538;14768;15549;4.29;0.26;415.24;26.28;1485;59;5328.00;781
13285;42;621435797;13285;523;14768;15550;4.29;0.26;415.19;26.28;1483;59;5329.00;782
13288;42;621435814;13288;515;14775;15550;4.33;0.27;415.27;26.30;1487;59;5330.00;775
13288;42;621435832;13288;518;14778;15550;4.40;0.27;415.27;26.29;1490;59;5331.00;772
13289;42;621435849;13289;520;14781;15550;4.44;0.27;415.30;26.29;1492;59;5332.00;769
13292;42;621435867;13292;521;14784;15550;4.47;0.28;415.43;26.31;1492;59;5333.00;766
13293;42;621435884;13293;536;14786;15550;4.53;0.28;415.45;26.31;1493;59;5334.00;764
13295;42;621435901;13295;530;14792;15550;4.51;0.28;415.45;26.33;1497;59;5335.00;758
13298;42;621435919;13298;531;14795;15551;4.46;0.27;415.45;26.33;1497;59;5336.00;756
13302;42;621435937;13302;531;14796;15552;4.45;0.27;415.56;26.34;1494;59;5337.00;756
13304;42;621435955;13304;525;14800;15552;4.46;0.27;415.59;26.35;1496;59;5338.00;752
13309;42;621435974;13309;524;14803;15553;4.39;0.27;415.65;26.35;1494;59;5339.00;750
13314;42;621435994;13314;528;14806;15553;4.35;0.27;415.67;26.38;1492;59;5340.00;747
13314;42;621436013;13314;529;14808;15553;4.36;0.27;415.67;26.38;1494;59;5341.00;745
13316;42;621436030;13316;530;14808;15553;4.33;0.27;415.79;26.38;1492;59;5342.00;745
13317;42;621436048;13317;529;14812;15557;4.33;0.27;415.80;26.38;1495;59;5343.00;745
13321;42;621436067;13321;527;14813;15557;4.31;0.26;415.92;26.40;1492;59;5344.00;744
13324;42;621436086;13324;530;14814;15557;4.29;0.26;416.03;26.41;1490;59;5345.00;743
13327;42;621436104;13327;528;14816;15560;4.28;0.26;416.22;26.42;1489;59;5346.00;744
13328;42;621436123;13328;536;14817;15560;4.31;0.26;416.20;26.43;1489;59;5347.00;743
13331;42;621436140;13331;541;14819;15560;4.32;0.26;416.26;26.45;1488;59;5348.00;741
13333;42;621436158;13333;549;14822;15564;4.33;0.26;416.38;26.44;1489;59;5349.00;742
13335;42;621436177;13335;549;14825;15565;4.40;0.27;416.35;26.46;1490;59;5350.00;740
13336;42;621436196;13336;553;14825;15565;4.40;0.27;416.35;26.46;1489;59;5351.00;740
13337;42;621436213;13337;555;14829;15569;4.41;0.27;416.35;26.48;1492;59;5352.00;740
13341;42;621436231;13341;563;14830;15569;4.43;0.27;416.39;26.48;1489;59;5353.00;739
13343;42;621436249;13343;562;14831;15569;4.40;0.27;416.41;26.48;1488;59;5354.00;738
13346;42;621436266;13346;573;14834;15571;4.36;0.27;416.41;26.50;1488;59;5355.00;737
13348;42;621436283;13348;574;14835;15571;4.34;0.27;416.40;26.51;1487;59;5356.00;736
13350;42;621436301;13350;578;14840;15577;4.29;0.26;416.38;26.52;1490;59;5357.00;737
13357;42;621436320;13357;587;14841;15577;4.23;0.26;416.36;26.53;1484;59;5358.00;736
13358;42;621436337;13358;574;14842;15577;4.20;0.26;416.35;26.54;1484;59;5359.00;735
13362;42;621436354;13362;574;14843;15578;4.22;0.26;416.41;26.55;1481;59;5360.00;735
13363;42;621436372;13363;574;14844;15578;4.26;0.26;416.52;26.55;1481;59;5361.00;734
13365;42;621436391;13365;576;14845;15578;4.28;0.26;416.54;26.56;1480;59;5362.00;733
13366;42;621436408;13366;579;14846;15578;4.29;0.26;416.53;26.57;1480;59;5363.00;732
13371;42;621436426;13371;579;14856;15590;4.32;0.26;416.52;26.57;1485;59;5364.00;734
13375;42;621436444;13375;587;14857;15590;4.29;0.26;416.56;26.58;1482;59;5365.00;733
13376;42;621436461;13376;589;14858;15590;4.32;0.26;416.55;26.59;1482;59;5366.00;732
13377;42;621436478;13377;585;14859;15590;4.32;0.26;416.54;26.60;1482;59;5367.00;731
13380;42;621436494;13380;589;14859;15590;4.34;0.26;416.50;26.60;1479;59;5368.00;731
13382;42;621436511;13382;584;14860;15590;4.34;0.26;416.45;26.61;1478;59;5369.00;730
13385;42;621436529;13385;589;14864;15594;4.34;0.26;416.38;26.62;1479;59;5370.00;730
13387;42;621436545;13387;588;14865;15594;4.30;0.26;416.41;26.63;1478;59;5371.00;729
13388;42;621436561;13388;579;14869;15598;4.29;0.26;416.42;26.63;1481;59;5372.00;729
13394;42;621436579;13394;576;14870;15599;4.25;0.26;416.46;26.64;1476;59;5373.00;729
13396;42;621436597;13396;580;14870;15599;4.25;0.26;416.46;26.64;1474;59;5374.00;729
13400;42;621436621;13400;575;14872;15599;4.22;0.26;416.46;26.79;1472;59;5375.00;727
13401;42;621436650;13401;577;14882;15612;4.25;0.26;416.43;26.77;1481;59;5376.00;730
13404;42;621436669;13404;569;14882;15612;4.24;0.26;416.41;26.77;1478;59;5377.00;730
13406;42;621436685;13406;574;14885;15612;4.21;0.26;416.38;26.93;1479;59;5378.00;727
13411;42;621436702;13411;578;14888;15613;4.21;0.26;416.39;26.94;1477;59;5379.00;725
13415;42;621436718;13415;577;14888;15614;4.18;0.25;416.46;26.94;1473;59;5380.00;726
13416;42;621436735;13416;580;14890;15614;4.17;0.26;416.45;26.96;1474;59;5381.00;724
13421;42;621436751;13421;577;14891;15617;4.14;0.25;416.44;26.96;1470;59;5382.00;726
13421;42;621436768;13421;579;14891;15617;4.12;0.25;416.44;26.96;1470;59;5383.00;726
13424;42;621436784;13424;592;14892;15617;4.08;0.25;416.49;26.97;1468;59;5384.00;725
13425;42;621436800;13425;599;14892;15617;4.05;0.25;416.54;26.97;1467;59;5385.00;725
13428;42;621436816;13428;614;14896;15623;4.05;0.25;416.49;26.96;1468;59;5386.00;727
13431;42;621436833;13431;600;14897;15623;4.01;0.24;416.54;26.97;1466;59;5387.00;726
13432;42;621436850;13432;584;14897;15623;3.99;0.24;416.52;26.97;1465;59;5388.00;726
13432;42;621436865;13432;580;14897;15623;4.02;0.24;416.52;26.97;1465;59;5389.00;726
13434;42;621436881;13434;571;14901;15627;4.04;0.25;416.52;26.97;1467;59;5390.00;726
13437;42;621436898;13437;570;14901;15628;4.05;0.25;416.49;26.97;1464;59;5391.00;727
13438;42;621436914;13438;567;14903;15628;4.08;0.25;416.58;26.99;1465;59;5392.00;725
13440;42;621436931;13440;576;14905;15629;4.14;0.25;416.58;27.00;1465;59;5393.00;724
13442;42;621436953;13442;574;14906;15629;4.18;0.26;416.62;27.00;1464;59;5394.00;723
13443;42;621436970;13443;577;14907;15629;4.21;0.26;416.63;27.14;1464;59;5395.00;722
13446;42;621436991;13446;573;14907;15629;4.24;0.26;416.69;27.14;1461;59;5396.00;722
13448;42;621437007;13448;577;14908;15629;4.23;0.26;416.67;27.15;1460;59;5397.00;721
13449;42;621437023;13449;582;14909;15629;4.25;0.26;416.68;27.28;1460;59;5398.00;720
13450;42;621437045;13450;580;14909;15629;4.23;0.26;416.67;27.28;1459;59;5399.00;720
