step_arrived;step_collisions;step_duration;step_ended;step_halting;step_inserted;step_loaded;step_meanSpeed;step_meanSpeedRelative;step_meanTravelTime;step_meanWaitingTime;step_running;step_teleports;step_time;step_waiting
0;0;620873138;0;1;87;245;16.21;1.14;-1.00;0.00;87;0;0.00;158
0;0;620873164;0;1;101;245;15.23;1.05;-1.00;0.14;101;0;1.00;144
0;0;620873166;0;0;122;245;14.23;0.97;-1.00;0.46;122;0;2.00;123
0;0;620873167;0;2;133;245;13.43;0.91;-1.00;0.67;133;0;3.00;112
0;0;620873168;0;2;148;245;12.33;0.83;-1.00;1.01;148;0;4.00;97
0;0;620873169;0;5;154;245;11.51;0.77;-1.00;1.16;154;0;5.00;91
0;0;620873171;0;8;165;245;10.67;0.71;-1.00;1.48;165;0;6.00;80
0;0;620873173;0;17;173;245;10.09;0.67;-1.00;1.74;173;0;7.00;72
0;0;620873175;0;22;183;246;9.53;0.63;-1.00;2.08;183;0;8.00;63
0;0;620873176;0;23;188;247;9.20;0.61;-1.00;2.27;188;0;9.00;59
0;0;620873179;0;28;194;247;8.97;0.59;-1.00;2.51;194;0;10.00;53
0;0;620873181;0;31;202;248;8.73;0.58;-1.00;2.79;202;0;11.00;46
0;0;620873183;0;35;203;248;8.79;0.58;-1.00;2.84;203;0;12.00;45
1;0;620873185;1;40;207;248;8.70;0.57;13.00;3.03;206;0;13.00;41
1;0;620873188;1;45;209;248;8.62;0.56;13.00;3.14;208;0;14.00;39
1;0;620873190;1;48;215;252;8.53;0.55;13.00;3.34;214;0;15.00;37
1;0;620873193;1;49;217;252;8.64;0.56;13.00;3.46;216;0;16.00;35
1;0;620873196;1;51;220;252;8.68;0.55;13.00;3.64;219;0;17.00;32
1;0;620873198;1;55;222;255;8.67;0.55;13.00;3.77;221;0;18.00;33
2;0;620873201;2;62;227;255;8.62;0.54;16.00;4.11;225;0;19.00;28
3;0;620873204;3;64;228;255;8.70;0.55;17.33;4.14;225;0;20.00;27
3;0;620873207;3;65;234;259;8.86;0.56;17.33;4.18;231;0;21.00;25
4;0;620873211;4;71;238;260;8.70;0.55;18.50;4.40;234;0;22.00;22
5;0;620873214;5;76;240;260;8.60;0.54;19.40;4.41;235;0;23.00;20
6;0;620873217;6;80;246;264;8.49;0.53;20.00;4.59;240;0;24.00;18
6;0;620873220;6;89;247;264;8.39;0.52;20.00;4.68;241;0;25.00;17
6;0;620873223;6;89;249;264;8.24;0.51;20.00;4.85;243;0;26.00;15
6;0;620873226;6;93;250;265;8.10;0.51;20.00;4.86;244;0;27.00;15
6;0;620873229;6;96;251;265;7.97;0.50;20.00;4.86;245;0;28.00;14
6;0;620873232;6;98;256;271;7.92;0.49;20.00;4.79;250;0;29.00;15
6;0;620873238;6;101;257;271;7.77;0.48;20.00;4.88;251;0;30.00;14
7;0;620873242;7;102;259;272;7.54;0.47;21.14;4.97;252;0;31.00;13
7;0;620873245;7;106;259;272;7.52;0.47;21.14;4.97;252;0;32.00;13
7;0;620873248;7;108;259;272;7.55;0.47;21.14;4.97;252;0;33.00;13
8;0;620873251;8;109;260;272;7.61;0.47;22.75;5.08;252;0;34.00;12
9;0;620873255;9;114;261;272;7.69;0.48;24.11;5.20;252;0;35.00;11
10;0;620873258;10;117;272;284;8.03;0.50;24.70;5.12;262;0;36.00;12
11;0;620873263;11;120;273;284;7.98;0.50;25.45;5.23;262;0;37.00;11
11;0;620873266;11;122;274;284;7.93;0.49;25.45;5.35;263;0;38.00;10
11;0;620873269;11;123;274;284;7.82;0.48;25.45;5.35;263;0;39.00;10
11;0;620873273;11;123;275;284;7.80;0.48;25.45;5.45;264;0;40.00;9
14;0;620873276;14;126;275;284;7.74;0.48;28.07;5.45;261;0;41.00;9
14;0;620873279;14;129;282;288;7.89;0.49;28.07;5.51;268;0;42.00;6
15;0;620873283;15;132;282;288;7.86;0.48;28.67;5.51;267;0;43.00;6
15;0;620873286;15;134;286;292;7.87;0.49;28.67;5.48;271;0;44.00;6
16;0;620873289;16;136;288;294;7.71;0.48;29.25;5.44;272;0;45.00;6
17;0;620873293;17;138;289;294;7.49;0.46;29.00;5.45;272;0;46.00;5
17;0;620873296;17;139;289;294;7.37;0.46;29.00;5.45;272;0;47.00;5
18;0;620873299;18;142;300;307;7.59;0.47;30.06;5.27;282;0;48.00;7
19;0;620873303;19;142;300;307;7.42;0.46;31.00;5.27;281;0;49.00;7
19;0;620873307;19;143;301;307;7.37;0.46;31.00;5.26;282;0;50.00;6
19;0;620873309;19;148;302;308;7.41;0.46;31.00;5.25;283;0;51.00;6
19;0;620873313;19;149;303;309;7.28;0.45;31.00;5.23;284;0;52.00;6
19;0;620873316;19;149;303;309;7.24;0.45;31.00;5.23;284;0;53.00;6
19;0;620873319;19;152;306;312;7.37;0.46;31.00;5.18;287;0;54.00;6
20;0;620873322;20;153;306;312;7.25;0.45;30.40;5.18;286;0;55.00;6
22;0;620873325;22;142;306;312;7.19;0.44;31.64;5.18;284;0;56.00;6
23;0;620873328;23;142;306;312;7.26;0.45;32.74;5.18;283;0;57.00;6
24;0;620873331;24;141;310;318;7.39;0.45;33.63;5.13;286;0;58.00;8
26;0;620873337;26;142;311;318;7.32;0.45;34.65;5.12;285;0;59.00;7
26;0;620873345;26;144;311;318;7.32;0.45;34.65;5.12;285;0;60.00;7
27;0;620873350;27;146;311;318;7.31;0.45;35.56;5.12;284;0;61.00;7
27;0;620873353;27;148;315;322;7.32;0.45;35.56;5.06;288;0;62.00;7
29;0;620873357;29;151;316;323;7.45;0.46;37.45;5.05;287;0;63.00;7
30;0;620873360;30;152;316;323;7.51;0.46;36.93;5.05;286;0;64.00;7
30;0;620873363;30;152;317;324;7.61;0.47;36.93;5.03;287;0;65.00;7
30;0;620873366;30;154;317;324;7.71;0.47;36.93;5.03;287;0;66.00;7
30;0;620873369;30;145;317;324;7.81;0.48;36.93;5.03;287;0;67.00;7
32;0;620873373;32;141;317;324;7.89;0.48;38.75;5.03;285;0;68.00;7
32;0;620873376;32;136;317;324;8.02;0.49;38.75;5.03;285;0;69.00;7
32;0;620873379;32;131;317;324;8.15;0.50;38.75;5.03;285;0;70.00;7
33;0;620873383;33;128;317;324;8.26;0.50;39.48;5.03;284;0;71.00;7
33;0;620873386;33;132;350;394;8.40;0.52;39.48;4.56;317;0;72.00;44
33;0;620873397;33;127;351;395;8.59;0.53;39.48;4.55;318;0;73.00;44
34;0;620873401;34;120;358;395;8.93;0.55;40.32;4.50;324;0;74.00;37
35;0;620873405;35;118;360;395;9.11;0.56;41.31;4.49;325;0;75.00;35
35;0;620873409;35;115;362;395;9.29;0.57;41.31;4.49;327;0;76.00;33
35;0;620873419;35;114;363;395;9.39;0.57;41.31;4.49;328;0;77.00;32
35;0;620873423;35;119;367;395;9.45;0.58;41.31;4.51;332;0;78.00;28
36;0;620873433;36;121;368;395;9.43;0.57;41.78;4.51;332;0;79.00;27
38;0;620873438;38;122;370;396;9.40;0.57;43.29;4.53;332;0;80.00;26
38;1;620873442;38;123;373;397;9.40;0.57;43.29;4.57;335;1;81.00;24
39;1;620873463;39;128;376;397;9.43;0.57;44.28;4.61;337;1;82.00;21
39;1;620873473;39;131;382;401;9.27;0.56;44.28;4.61;343;1;83.00;19
39;1;620873477;39;129;384;401;9.19;0.56;44.28;4.60;345;1;84.00;17
39;1;620873481;39;128;384;401;9.14;0.56;44.28;4.60;345;1;85.00;17
39;1;620873484;39;129;384;401;9.11;0.55;44.28;4.60;345;1;86.00;17
39;1;620873488;39;128;389;407;9.08;0.55;44.28;4.56;350;1;87.00;18
40;1;620873492;40;129;389;407;9.08;0.55;45.38;4.56;349;1;88.00;18
42;1;620873496;42;130;389;407;8.97;0.55;47.43;4.56;347;1;89.00;18
44;1;620873501;44;127;393;413;9.01;0.55;49.25;4.51;349;1;90.00;20
46;1;620873505;46;127;393;413;8.88;0.54;51.07;4.51;347;1;91.00;20
47;1;620873509;47;130;395;413;8.79;0.54;51.74;4.50;348;1;92.00;18
49;1;620873514;49;130;396;414;8.64;0.53;51.96;4.49;347;1;93.00;18
49;1;620873518;49;129;397;415;8.57;0.52;51.96;4.48;348;1;94.00;18
49;1;620873522;49;128;397;415;8.58;0.52;51.96;4.48;348;1;95.00;18
49;1;620873526;49;132;408;428;8.52;0.52;51.96;4.36;359;1;96.00;20
51;1;620873531;51;128;408;428;8.58;0.52;53.73;4.36;357;1;97.00;20
51;1;620873536;51;129;408;428;8.64;0.53;53.73;4.36;357;1;98.00;20
53;1;620873540;53;128;409;429;8.65;0.53;55.30;4.35;356;1;99.00;20
55;1;620873546;55;125;409;429;8.71;0.53;56.93;4.35;354;1;100.00;20
56;1;620873554;56;124;412;433;8.91;0.55;57.71;4.33;356;1;101.00;21
56;1;620873560;56;118;412;433;9.01;0.55;57.71;4.33;356;1;102.00;21
59;1;620873564;59;113;419;437;8.97;0.55;60.02;4.69;360;1;103.00;18
61;1;620873570;61;109;419;437;9.18;0.56;61.41;4.69;358;1;104.00;18
63;1;620873574;63;108;419;437;9.36;0.57;62.46;4.69;356;1;105.00;18
64;1;620873579;64;105;419;437;9.53;0.58;63.13;4.69;355;1;106.00;18
67;1;620873584;67;96;419;437;9.70;0.59;64.91;4.69;352;1;107.00;18
67;1;620873589;67;95;429;449;9.90;0.60;64.91;4.58;362;1;108.00;20
67;1;620873595;67;89;430;449;10.07;0.62;64.91;4.57;363;1;109.00;19
68;1;620873599;68;82;431;449;10.22;0.63;65.57;4.57;363;1;110.00;18
68;1;620873604;68;79;431;449;10.34;0.63;65.57;4.57;363;1;111.00;18
69;1;620873609;69;78;431;449;10.47;0.64;66.25;4.57;362;1;112.00;18
70;1;620873614;70;75;431;449;10.61;0.65;66.87;4.57;361;1;113.00;18
71;1;620873619;71;74;432;450;10.67;0.65;67.48;4.56;361;1;114.00;18
71;1;620873624;71;72;432;450;10.66;0.65;67.48;4.56;361;1;115.00;18
73;1;620873629;73;71;438;456;10.75;0.66;68.26;4.77;365;1;116.00;18
74;1;620873635;74;71;438;457;10.84;0.66;68.92;4.77;364;1;117.00;19
74;1;620873640;74;70;439;457;11.00;0.68;68.92;4.77;365;1;118.00;18
76;1;620873646;76;71;439;457;11.18;0.68;70.21;4.77;363;1;119.00;18
78;1;620873653;78;75;443;462;11.31;0.69;71.36;4.99;365;1;120.00;19
78;1;620873660;78;74;444;462;11.43;0.70;71.36;4.98;366;1;121.00;18
78;1;620873665;78;73;447;462;11.44;0.70;71.36;5.45;369;1;122.00;15
79;1;620873671;79;74;448;463;11.53;0.70;72.01;5.44;369;1;123.00;15
80;1;620873676;80;74;453;467;11.46;0.70;72.53;5.55;373;1;124.00;14
81;1;620873682;81;78;453;467;11.49;0.70;73.17;5.55;372;1;125.00;14
82;1;620873688;82;82;458;470;11.46;0.70;73.79;5.90;376;1;126.00;12
84;1;620873694;84;83;460;470;11.53;0.70;74.85;6.00;376;1;127.00;10
85;1;620873700;85;85;462;470;11.65;0.71;75.46;6.21;377;1;128.00;8
87;1;620873705;87;85;465;470;11.66;0.71;75.45;6.51;378;1;129.00;5
88;1;620873711;88;86;468;474;11.81;0.72;76.07;6.47;380;1;130.00;6
90;1;620873718;90;87;470;474;11.91;0.73;77.11;6.55;380;1;131.00;4
90;1;620873725;90;89;471;474;11.97;0.73;77.11;6.61;381;1;132.00;3
94;1;620873730;94;90;471;474;12.09;0.74;78.41;6.61;377;1;133.00;3
94;1;620873737;94;91;474;475;12.17;0.75;78.41;6.66;380;1;134.00;1
94;1;620873743;94;91;476;477;12.21;0.75;78.41;6.63;382;1;135.00;1
97;1;620873749;97;92;477;477;12.23;0.75;79.67;6.65;380;1;136.00;0
98;1;620873755;98;92;478;478;12.17;0.74;80.26;6.64;380;1;137.00;0
98;1;620873761;98;93;478;478;12.02;0.74;80.26;6.64;380;1;138.00;0
100;1;620873767;100;94;478;478;11.97;0.73;79.63;6.64;378;1;139.00;0
101;1;620873773;101;99;478;478;11.93;0.73;80.08;6.64;377;1;140.00;0
102;1;620873779;102;100;478;478;11.87;0.73;80.66;6.64;376;1;141.00;0
103;1;620873786;103;101;478;478;11.80;0.72;81.17;6.64;375;1;142.00;0
106;1;620873793;106;102;478;478;11.73;0.72;82.83;6.64;372;1;143.00;0
109;1;620873800;109;121;550;605;11.23;0.71;83.75;5.78;441;1;144.00;55
109;1;620873820;109;115;557;606;11.15;0.70;83.75;5.72;448;1;145.00;49
112;1;620873827;112;112;567;606;11.09;0.70;85.06;5.65;455;1;146.00;39
115;1;620873837;115;115;568;606;10.98;0.69;86.48;5.65;453;1;147.00;38
116;1;620873846;116;117;573;606;10.84;0.68;86.98;5.63;457;1;148.00;33
118;1;620873854;118;118;575;606;10.78;0.68;87.63;5.63;457;1;149.00;31
121;1;620873865;121;117;578;611;10.58;0.66;88.18;5.61;457;1;150.00;33
121;1;620873878;121;118;581;611;10.55;0.66;88.18;5.62;460;1;151.00;30
122;1;620873889;122;117;584;612;10.56;0.66;88.66;5.63;462;1;152.00;28
124;1;620873896;124;123;589;613;10.61;0.66;88.92;5.66;465;1;153.00;24
126;1;620873903;126;118;592;613;10.65;0.66;88.81;5.68;466;1;154.00;21
127;1;620873911;127;123;597;614;10.56;0.66;88.87;5.70;470;1;155.00;17
132;1;620873918;132;126;601;614;10.45;0.65;91.11;5.73;469;1;156.00;13
132;1;620873926;132;129;602;614;10.42;0.65;91.11;5.74;470;1;157.00;12
133;1;620873933;133;129;603;614;10.35;0.64;91.56;5.74;470;1;158.00;11
135;1;620873940;135;136;607;618;10.27;0.63;91.85;5.74;472;1;159.00;11
138;1;620873947;138;141;609;618;10.20;0.63;91.93;5.75;471;1;160.00;9
139;1;620873954;139;146;611;618;10.07;0.62;92.43;5.78;472;1;161.00;7
140;1;620873968;140;143;612;621;10.04;0.62;92.41;5.77;472;1;162.00;9
144;1;620873975;144;143;614;621;9.99;0.62;94.28;5.82;470;1;163.00;7
146;1;620873982;146;147;614;621;9.94;0.61;94.22;5.82;468;1;164.00;7
147;1;620873988;147;147;620;625;9.85;0.61;93.88;5.85;473;1;165.00;5
149;1;620873994;149;148;621;626;9.80;0.60;94.66;5.85;472;1;166.00;5
149;1;620874000;149;144;624;626;9.60;0.59;94.66;5.87;475;1;167.00;2
150;1;620874006;150;147;627;630;9.37;0.58;94.99;5.84;477;1;168.00;3
152;1;620874014;152;153;627;630;9.20;0.57;95.84;5.84;475;1;169.00;3
154;1;620874021;154;136;628;630;9.10;0.56;95.81;5.84;474;1;170.00;2
154;1;620874028;154;131;629;631;9.06;0.56;95.81;5.83;475;1;171.00;2
155;1;620874034;155;130;629;631;9.04;0.56;96.30;5.83;474;1;172.00;2
157;1;620874040;157;130;635;637;9.23;0.57;97.05;5.78;478;1;173.00;2
158;1;620874046;158;134;635;637;9.27;0.57;97.53;5.78;477;1;174.00;2
158;1;620874053;158;132;636;638;9.31;0.57;97.53;5.77;478;1;175.00;2
159;1;620874059;159;137;638;638;9.34;0.57;97.25;5.82;479;1;176.00;0
159;1;620874065;159;131;638;638;9.40;0.58;97.25;5.82;479;1;177.00;0
159;1;620874071;159;130;638;638;9.47;0.58;97.25;5.82;479;1;178.00;0
159;1;620874076;159;128;638;638;9.47;0.58;97.25;5.82;479;1;179.00;0
160;1;620874084;160;129;669;672;9.52;0.59;97.28;5.55;509;1;180.00;3
161;1;620874094;161;124;669;672;9.43;0.58;96.99;5.55;508;1;181.00;3
163;1;620874101;163;124;671;672;9.42;0.58;97.98;5.54;508;1;182.00;1
164;1;620874108;164;123;671;672;9.42;0.58;98.02;5.54;507;1;183.00;1
165;1;620874117;165;128;672;672;9.41;0.58;98.25;5.53;507;1;184.00;0
169;1;620874124;169;137;672;672;9.37;0.58;98.76;5.53;503;1;185.00;0
169;1;620874131;169;140;676;676;9.39;0.58;98.76;5.51;507;1;186.00;0
172;1;620874139;172;151;676;676;9.38;0.58;98.58;5.51;504;1;187.00;0
174;1;620874145;174;155;680;680;9.42;0.58;99.29;5.48;506;1;188.00;0
175;1;620874153;175;158;681;681;9.30;0.57;99.26;5.47;506;1;189.00;0
180;1;620874161;180;167;681;681;9.10;0.56;101.31;5.47;501;1;190.00;0
181;1;620874167;181;169;681;681;8.94;0.55;101.33;5.47;500;1;191.00;0
181;1;620874175;181;177;694;694;8.99;0.55;101.33;5.37;513;1;192.00;0
182;1;620874183;182;179;694;694;8.91;0.55;101.08;5.37;512;1;193.00;0
185;1;620874190;185;183;694;694;8.80;0.54;100.72;5.37;509;1;194.00;0
187;1;620874198;187;186;695;695;8.75;0.54;101.07;5.36;508;1;195.00;0
189;1;620874205;189;187;696;696;8.63;0.53;101.17;5.36;507;1;196.00;0
190;1;620874212;190;194;696;696;8.65;0.53;101.28;5.36;506;1;197.00;0
193;1;620874219;193;196;698;699;8.68;0.53;100.79;5.34;505;1;198.00;1
195;1;620874226;195;200;698;699;8.67;0.53;100.31;5.34;503;1;199.00;1
199;1;620874234;199;204;699;699;8.57;0.53;100.70;5.34;500;1;200.00;0
202;1;620874245;202;208;699;699;8.51;0.52;101.63;5.34;497;1;201.00;0
203;1;620874252;203;211;705;705;8.39;0.52;101.42;5.30;502;1;202.00;0
205;1;620874260;205;213;705;705;8.25;0.51;100.85;5.30;500;1;203.00;0
206;1;620874266;206;220;705;705;8.15;0.50;100.65;5.30;499;1;204.00;0
208;1;620874273;208;222;705;705;7.98;0.49;100.42;5.30;497;1;205.00;0
210;1;620874279;210;224;709;709;7.79;0.48;100.71;5.28;499;1;206.00;0
214;1;620874285;214;227;710;710;7.63;0.47;100.44;5.27;496;1;207.00;0
215;1;620874292;215;237;710;710;7.40;0.45;100.50;5.27;495;1;208.00;0
217;1;620874298;217;240;711;711;7.24;0.44;100.72;5.26;494;1;209.00;0
218;1;620874306;218;243;711;711;7.15;0.44;100.87;5.26;493;1;210.00;0
219;1;620874313;219;248;711;711;6.97;0.43;100.49;5.26;492;1;211.00;0
220;1;620874319;220;257;711;711;6.87;0.42;100.97;5.26;491;1;212.00;0
220;1;620874326;220;257;711;711;6.86;0.42;100.97;5.26;491;1;213.00;0
221;1;620874334;221;259;711;711;6.84;0.42;101.38;5.26;490;1;214.00;0
223;1;620874341;223;264;711;711;6.71;0.41;101.75;5.26;488;1;215.00;0
223;1;620874347;223;277;754;781;6.97;0.43;101.75;4.96;531;1;216.00;27
223;1;620874361;223;262;756;782;6.98;0.43;101.75;4.95;533;1;217.00;26
224;1;620874367;224;250;763;782;7.17;0.44;102.27;4.92;539;1;218.00;19
224;1;620874374;224;236;764;782;7.31;0.45;102.27;4.92;540;1;219.00;18
226;1;620874380;226;227;768;782;7.54;0.46;103.12;4.92;542;1;220.00;14
226;1;620874387;226;222;768;782;7.68;0.47;103.12;4.92;542;1;221.00;14
227;1;620874394;227;218;771;782;7.86;0.48;103.63;4.92;544;1;222.00;11
230;1;620874401;230;216;774;782;7.97;0.49;104.89;4.93;544;1;223.00;8
232;1;620874408;232;217;777;783;8.01;0.49;105.86;4.94;545;1;224.00;6
233;1;620874415;233;216;781;785;8.02;0.49;106.34;4.95;548;1;225.00;4
233;1;620874430;233;205;784;785;8.09;0.49;106.34;4.96;551;1;226.00;1
235;1;620874438;235;200;789;789;8.10;0.50;107.01;4.94;554;1;227.00;0
237;1;620874446;237;200;789;789;8.18;0.50;106.96;4.94;552;1;228.00;0
238;1;620874454;238;191;789;789;8.35;0.51;107.04;4.94;551;1;229.00;0
239;1;620874463;239;182;789;789;8.46;0.52;107.51;4.94;550;1;230.00;0
239;1;620874472;239;181;795;795;8.56;0.52;107.51;4.91;556;1;231.00;0
239;1;620874480;239;174;795;795;8.65;0.53;107.51;4.91;556;1;232.00;0
241;1;620874489;241;173;795;795;8.74;0.54;107.79;4.91;554;1;233.00;0
244;1;620874497;244;166;797;798;8.85;0.54;108.43;4.89;553;1;234.00;1
245;1;620874505;245;166;797;798;8.90;0.54;108.91;4.89;552;1;235.00;1
249;1;620874513;249;161;798;798;8.98;0.55;110.01;4.89;549;1;236.00;0
249;1;620874522;249;158;799;799;9.03;0.55;110.01;4.89;550;1;237.00;0
250;1;620874530;250;150;800;800;9.13;0.56;109.66;4.88;550;1;238.00;0
252;1;620874538;252;147;800;800;9.15;0.56;110.11;4.88;548;1;239.00;0
256;1;620874547;256;145;824;826;9.07;0.55;110.89;4.74;568;1;240.00;2
258;1;620874557;258;139;825;826;9.15;0.56;111.57;4.73;567;1;241.00;1
261;1;620874564;261;133;826;826;9.27;0.57;112.77;4.73;565;1;242.00;0
262;1;620874572;262;126;827;827;9.38;0.57;112.71;4.73;565;1;243.00;0
262;1;620874579;262;128;827;827;9.54;0.58;112.71;4.73;565;1;244.00;0
265;1;620874585;265;126;831;831;9.68;0.59;112.77;4.71;566;1;245.00;0
266;1;620874593;266;124;831;831;9.79;0.60;113.27;4.71;565;1;246.00;0
267;1;620874600;267;120;835;835;9.89;0.60;113.78;4.69;568;1;247.00;0
269;1;620874608;269;121;835;835;10.05;0.61;113.68;4.69;566;1;248.00;0
273;1;620874620;273;124;835;835;10.14;0.62;115.51;4.69;562;1;249.00;0
276;1;620874630;276;125;835;835;10.23;0.62;115.41;4.69;559;1;250.00;0
279;1;620874641;279;124;835;835;10.24;0.62;115.85;4.69;556;1;251.00;0
279;1;620874651;279;123;845;847;10.24;0.62;115.85;4.63;566;1;252.00;2
280;1;620874664;280;128;845;847;10.22;0.62;116.34;4.63;565;1;253.00;2
282;1;620874676;282;129;847;847;10.25;0.62;116.84;4.63;565;1;254.00;0
284;1;620874698;284;134;847;847;10.26;0.62;117.48;4.63;563;1;255.00;0
285;1;620874707;285;140;847;847;10.29;0.63;117.93;4.63;562;1;256.00;0
286;1;620874719;286;145;847;847;10.38;0.63;117.91;4.63;561;1;257.00;0
288;1;620874728;288;149;848;848;10.33;0.63;118.06;4.62;560;1;258.00;0
289;1;620874738;289;152;848;848;10.22;0.62;118.12;4.62;559;1;259.00;0
291;1;620874745;291;151;854;854;10.18;0.62;119.03;4.60;563;1;260.00;0
291;1;620874760;291;146;855;855;10.19;0.62;119.03;4.59;564;1;261.00;0
292;1;620874768;292;140;855;855;10.20;0.62;119.03;4.59;563;1;262.00;0
293;1;620874775;293;136;855;855;10.24;0.62;119.10;4.59;562;1;263.00;0
295;1;620874783;295;137;859;859;10.24;0.62;119.17;4.57;564;1;264.00;0
298;1;620874791;298;134;859;859;10.29;0.62;119.22;4.57;561;1;265.00;0
298;1;620874798;298;132;859;859;10.34;0.62;119.22;4.57;561;1;266.00;0
298;1;620874805;298;132;860;860;10.42;0.63;119.22;4.57;562;1;267.00;0
303;1;620874811;303;132;864;864;10.39;0.63;120.10;4.55;561;1;268.00;0
307;1;620874818;307;126;864;864;10.46;0.63;120.93;4.55;557;1;269.00;0
309;1;620874828;309;119;868;870;10.51;0.64;121.29;4.53;559;1;270.00;2
312;1;620874837;312;118;868;870;10.49;0.63;121.62;4.53;556;1;271.00;2
315;1;620874845;315;111;870;870;10.58;0.64;121.43;4.52;555;1;272.00;0
317;1;620874852;317;109;870;870;10.55;0.64;121.63;4.52;553;1;273.00;0
319;2;620874859;319;104;874;874;10.65;0.65;122.46;4.51;555;2;274.00;0
319;2;620874883;319;99;874;874;10.78;0.65;122.46;4.51;555;2;275.00;0
320;2;620874891;320;93;874;874;10.87;0.66;122.49;4.51;554;2;276.00;0
323;2;620874898;323;88;874;874;10.88;0.66;122.59;4.51;551;2;277.00;0
326;2;620874905;326;86;875;875;10.95;0.66;122.95;4.50;549;2;278.00;0
330;2;620874913;330;81;876;876;11.03;0.67;122.99;4.50;546;2;279.00;0
332;2;620874920;332;82;876;876;11.13;0.67;122.85;4.50;544;2;280.00;0
335;2;620874928;335;79;877;877;11.14;0.67;123.19;4.49;542;2;281.00;0
337;2;620874935;337;78;877;877;11.22;0.68;123.28;4.49;540;2;282.00;0
340;2;620874943;340;77;877;877;11.28;0.68;123.60;4.49;537;2;283.00;0
342;2;620874950;342;75;877;877;11.34;0.68;123.37;4.49;535;2;284.00;0
342;2;620874957;342;77;877;877;11.44;0.69;123.37;4.49;535;2;285.00;0
342;2;620874963;342;79;877;877;11.49;0.70;123.37;4.49;535;2;286.00;0
345;2;620874972;345;78;877;877;11.46;0.69;123.84;4.49;532;2;287.00;0
345;2;620874980;345;95;950;1004;11.19;0.69;123.84;4.15;605;2;288.00;54
346;2;620874998;346;89;954;1005;11.17;0.69;124.31;4.14;608;2;289.00;51
347;2;620875006;347;83;960;1005;11.16;0.69;124.68;4.13;613;2;290.00;45
349;2;620875014;349;90;965;1005;11.12;0.69;124.98;4.12;616;2;291.00;40
350;2;620875022;350;89;969;1005;11.13;0.69;125.32;4.12;619;2;292.00;36
352;2;620875030;352;87;970;1005;11.20;0.69;126.11;4.12;618;2;293.00;35
352;2;620875038;352;88;973;1005;11.27;0.69;126.11;4.13;621;2;294.00;32
352;2;620875047;352;89;975;1005;11.40;0.70;126.11;4.13;623;2;295.00;30
353;2;620875055;353;86;978;1006;11.56;0.71;125.98;4.14;625;2;296.00;28
356;2;620875063;356;89;982;1007;11.68;0.72;126.49;4.16;626;2;297.00;25
358;2;620875072;358;92;984;1007;11.74;0.72;126.70;4.18;626;2;298.00;23
360;2;620875080;360;95;986;1008;11.78;0.73;127.02;4.19;626;2;299.00;22
365;2;620875092;365;100;991;1014;11.68;0.72;127.25;4.20;626;2;300.00;23
366;2;620875106;366;99;994;1014;11.60;0.71;127.60;4.23;628;2;301.00;20
371;2;620875115;371;103;998;1014;11.43;0.70;128.52;4.27;627;2;302.00;16
375;2;620875124;375;106;1002;1018;11.28;0.69;129.34;4.29;627;2;303.00;16
376;2;620875134;376;112;1003;1018;11.19;0.69;129.74;4.29;627;2;304.00;15
379;2;620875143;379;117;1004;1018;11.06;0.68;130.82;4.30;625;2;305.00;14
381;2;620875151;381;126;1009;1021;10.98;0.67;131.03;4.32;628;2;306.00;12
382;2;620875160;382;129;1010;1021;11.01;0.67;131.47;4.32;628;2;307.00;11
384;2;620875169;384;133;1011;1021;10.97;0.67;131.85;4.34;627;2;308.00;10
385;2;620875178;385;136;1015;1025;10.91;0.67;131.75;4.32;630;2;309.00;10
385;2;620875188;385;138;1017;1026;10.80;0.66;131.75;4.34;632;2;310.00;9
386;2;620875196;386;145;1018;1026;10.68;0.66;132.12;4.35;632;2;311.00;8
388;2;620875212;388;150;1024;1030;10.53;0.65;132.29;4.35;636;2;312.00;6
389;2;620875221;389;151;1025;1030;10.39;0.64;132.02;4.35;636;2;313.00;5
390;2;620875228;390;152;1026;1030;10.22;0.63;132.22;4.36;636;2;314.00;4
390;2;620875236;390;154;1028;1032;10.14;0.62;132.22;4.35;638;2;315.00;4
393;2;620875243;393;161;1028;1032;9.96;0.61;133.19;4.35;635;2;316.00;4
395;2;620875251;395;161;1034;1038;9.81;0.60;133.59;4.33;639;2;317.00;4
397;2;620875260;397;169;1034;1038;9.67;0.60;134.24;4.33;637;2;318.00;4
402;2;620875267;402;167;1035;1039;9.41;0.58;135.30;4.32;633;2;319.00;4
404;2;620875275;404;169;1035;1039;9.30;0.57;135.87;4.32;631;2;320.00;4
410;2;620875283;410;175;1037;1039;9.17;0.56;135.96;4.38;627;2;321.00;2
412;2;620875292;412;179;1037;1039;9.15;0.56;136.09;4.38;625;2;322.00;2
413;2;620875300;413;185;1037;1039;9.19;0.56;136.23;4.38;624;2;323.00;2
414;2;620875307;414;190;1049;1051;9.19;0.56;135.98;4.36;635;2;324.00;2
414;2;620875316;414;193;1050;1051;9.20;0.56;135.98;4.38;636;2;325.00;1
417;2;620875323;417;194;1051;1051;9.14;0.56;136.11;4.37;634;2;326.00;0
418;2;620875336;418;196;1051;1051;9.10;0.56;136.26;4.37;633;2;327.00;0
419;2;620875344;419;199;1051;1051;9.09;0.55;136.15;4.37;632;2;328.00;0
420;2;620875352;420;203;1051;1051;9.09;0.55;136.18;4.37;631;2;329.00;0
420;2;620875362;420;205;1055;1055;9.05;0.55;136.18;4.36;635;2;330.00;0
422;2;620875369;422;211;1055;1055;9.00;0.55;136.13;4.36;633;2;331.00;0
424;2;620875376;424;218;1059;1059;8.96;0.55;136.37;4.35;635;2;332.00;0
427;2;620875384;427;222;1060;1060;8.87;0.54;136.96;4.34;633;2;333.00;0
428;2;620875392;428;222;1060;1060;8.83;0.54;137.12;4.34;632;2;334.00;0
432;2;620875399;432;221;1060;1060;8.72;0.53;138.20;4.34;628;2;335.00;0
434;2;620875406;434;220;1073;1073;8.58;0.52;139.09;4.29;639;2;336.00;0
439;2;620875415;439;219;1073;1073;8.44;0.52;140.19;4.29;634;2;337.00;0
442;2;620875422;442;225;1073;1073;8.28;0.51;140.99;4.29;631;2;338.00;0
447;2;620875430;447;227;1074;1074;8.15;0.50;142.19;4.29;627;2;339.00;0
448;2;620875437;448;217;1075;1075;8.02;0.49;142.29;4.29;627;2;340.00;0
451;2;620875444;451;218;1075;1075;7.88;0.48;143.08;4.29;624;2;341.00;0
453;2;620875451;453;217;1078;1078;7.85;0.48;143.64;4.27;625;2;342.00;0
456;2;620875459;456;213;1078;1078;7.80;0.48;143.42;4.27;622;2;343.00;0
460;2;620875465;460;210;1078;1078;7.73;0.47;144.49;4.27;618;2;344.00;0
460;2;620875473;460;214;1078;1078;7.74;0.48;144.49;4.27;618;2;345.00;0
465;2;620875480;465;215;1084;1084;7.75;0.48;145.40;4.26;619;2;346.00;0
466;2;620875488;466;213;1084;1084;7.71;0.47;145.83;4.26;618;2;347.00;0
469;2;620875494;469;207;1084;1084;7.64;0.47;146.34;4.26;615;2;348.00;0
470;2;620875501;470;205;1084;1084;7.54;0.46;146.16;4.26;614;2;349.00;0
470;2;620875507;470;210;1088;1088;7.51;0.46;146.16;4.24;618;2;350.00;0
473;2;620875515;473;213;1089;1089;7.54;0.46;145.80;4.24;616;2;351.00;0
474;2;620875521;474;212;1089;1089;7.48;0.46;145.87;4.24;615;2;352.00;0
478;2;620875528;478;216;1090;1090;7.41;0.46;146.02;4.24;612;2;353.00;0
484;2;620875536;484;224;1090;1090;7.35;0.45;146.86;4.24;606;2;354.00;0
488;2;620875543;488;223;1090;1090;7.37;0.45;146.57;4.24;602;2;355.00;0
492;2;620875550;492;233;1090;1090;7.35;0.45;146.65;4.24;598;2;356.00;0
495;2;620875556;495;237;1090;1090;7.38;0.46;146.59;4.24;595;2;357.00;0
499;2;620875563;499;237;1090;1090;7.27;0.45;146.12;4.24;591;2;358.00;0
500;2;620875569;500;239;1090;1090;7.21;0.45;146.11;4.24;590;2;359.00;0
506;2;620875577;506;250;1153;1215;7.60;0.48;147.21;4.01;647;2;360.00;62
509;2;620875594;509;252;1161;1216;7.53;0.47;147.62;3.98;652;2;361.00;55
512;2;620875602;512;248;1172;1216;7.55;0.47;147.42;3.97;660;2;362.00;44
512;2;620875609;512;251;1177;1216;7.44;0.47;147.42;3.96;665;2;363.00;39
512;2;620875617;512;254;1183;1216;7.47;0.47;147.42;3.96;671;2;364.00;33
516;2;620875625;516;255;1188;1216;7.31;0.46;148.09;3.97;672;2;365.00;28
518;2;620875633;518;259;1193;1216;7.37;0.46;147.73;3.97;675;2;366.00;23
519;2;620875640;519;265;1197;1216;7.26;0.45;147.78;3.98;678;2;367.00;19
519;2;620875647;519;268;1201;1217;7.23;0.45;147.78;4.00;682;2;368.00;16
521;2;620875655;521;275;1207;1218;7.14;0.45;148.00;4.02;686;2;369.00;11
524;2;620875663;524;283;1211;1218;6.95;0.43;148.41;4.04;687;2;370.00;7
527;2;620875671;527;276;1217;1222;6.87;0.43;147.92;4.04;690;2;371.00;5
531;2;620875679;531;267;1220;1222;6.87;0.43;147.60;4.05;689;2;372.00;2
531;2;620875688;531;268;1220;1222;6.90;0.43;147.60;4.05;689;2;373.00;2
533;2;620875695;533;267;1220;1222;6.86;0.43;147.70;4.05;687;2;374.00;2
535;2;620875703;535;265;1227;1228;6.82;0.42;147.90;4.04;692;2;375.00;1
536;2;620875711;536;262;1227;1228;6.85;0.42;147.96;4.04;691;2;376.00;1
538;2;620875720;538;263;1228;1228;6.91;0.43;148.10;4.06;690;2;377.00;0
539;2;620875734;539;264;1230;1231;7.02;0.43;148.23;4.05;691;2;378.00;1
540;2;620875742;540;263;1230;1231;7.14;0.44;148.32;4.05;690;2;379.00;1
541;2;620875750;541;264;1231;1231;7.18;0.44;148.47;4.05;690;2;380.00;0
542;2;620875759;542;261;1232;1232;7.25;0.45;148.49;4.04;690;2;381.00;0
544;2;620875768;544;263;1233;1233;7.40;0.45;148.07;4.04;689;2;382.00;0
544;2;620875777;544;261;1233;1233;7.49;0.46;148.07;4.04;689;2;383.00;0
548;3;620875786;548;265;1244;1246;7.64;0.47;148.21;4.01;696;3;384.00;2
550;3;620875807;550;263;1245;1246;7.77;0.48;147.94;4.00;695;3;385.00;1
551;4;620875816;551;263;1245;1246;7.77;0.48;147.72;4.00;694;4;386.00;1
555;4;620875834;555;254;1247;1247;7.85;0.48;148.24;4.00;692;4;387.00;0
555;4;620875843;555;253;1247;1247;7.91;0.48;148.24;4.00;692;4;388.00;0
560;4;620875852;560;250;1250;1251;7.92;0.48;149.01;3.99;690;4;389.00;1
562;4;620875864;562;249;1251;1251;7.92;0.48;148.71;3.99;689;4;390.00;0
565;4;620875878;565;243;1255;1255;7.91;0.48;149.22;3.98;690;4;391.00;0
565;4;620875887;565;244;1255;1255;7.98;0.48;149.22;3.98;690;4;392.00;0
568;4;620875896;568;248;1255;1255;8.03;0.49;149.54;3.98;687;4;393.00;0
570;4;620875905;570;250;1255;1255;8.09;0.49;149.70;3.98;685;4;394.00;0
571;4;620875913;571;250;1255;1255;8.12;0.50;149.82;3.98;684;4;395.00;0
575;4;620875922;575;240;1267;1267;8.24;0.50;149.96;3.94;692;4;396.00;0
578;4;620875932;578;232;1267;1267;8.30;0.51;150.48;3.94;689;4;397.00;0
579;4;620875945;579;225;1267;1267;8.32;0.51;150.63;3.94;688;4;398.00;0
583;4;620875954;583;217;1267;1267;8.33;0.51;151.33;3.94;684;4;399.00;0
584;4;620875964;584;213;1267;1267;8.41;0.51;151.27;3.94;683;4;400.00;0
585;4;620875977;585;214;1267;1267;8.42;0.52;151.47;3.94;682;4;401.00;0
586;4;620875988;586;213;1268;1268;8.39;0.51;151.40;3.94;682;4;402.00;0
588;4;620875997;588;207;1268;1268;8.43;0.52;151.53;3.94;680;4;403.00;0
590;4;620876007;590;211;1274;1274;8.55;0.52;151.91;3.93;684;4;404.00;0
595;5;620876017;595;210;1276;1276;8.54;0.52;153.23;3.92;681;5;405.00;0
595;5;620876041;595;205;1276;1276;8.61;0.53;153.23;3.92;681;5;406.00;0
599;5;620876050;599;199;1276;1276;8.65;0.53;154.04;3.92;677;5;407.00;0
601;5;620876059;601;198;1280;1280;8.66;0.53;154.49;3.91;679;5;408.00;0
601;5;620876068;601;194;1280;1280;8.73;0.54;154.49;3.91;679;5;409.00;0
604;5;620876077;604;186;1280;1280;8.76;0.54;155.25;3.91;676;5;410.00;0
605;5;620876085;605;183;1281;1281;8.84;0.54;155.63;3.91;676;5;411.00;0
610;5;620876093;610;177;1285;1285;8.85;0.54;156.69;3.90;675;5;412.00;0
611;5;620876102;611;176;1285;1285;8.86;0.54;157.11;3.90;674;5;413.00;0
613;5;620876110;613;174;1287;1288;8.90;0.55;157.82;3.89;674;5;414.00;1
616;5;620876118;616;175;1287;1288;8.91;0.55;158.49;3.89;671;5;415.00;1
618;5;620876126;618;175;1288;1288;8.98;0.55;158.50;3.89;670;5;416.00;0
621;5;620876134;621;178;1288;1288;8.97;0.55;159.27;3.89;667;5;417.00;0
624;5;620876142;624;173;1292;1292;9.03;0.55;159.57;3.88;668;5;418.00;0
627;5;620876150;627;177;1292;1292;9.07;0.55;160.35;3.88;665;5;419.00;0
631;5;620876159;631;174;1292;1292;9.04;0.55;160.42;3.88;661;5;420.00;0
633;5;620876168;633;172;1292;1292;9.06;0.55;161.07;3.88;659;5;421.00;0
634;5;620876175;634;171;1293;1293;9.14;0.56;161.02;3.88;659;5;422.00;0
636;5;620876183;636;171;1294;1294;9.24;0.56;161.05;3.88;658;5;423.00;0
638;5;620876192;638;174;1294;1294;9.31;0.57;160.90;3.88;656;5;424.00;0
640;5;620876200;640;181;1295;1295;9.36;0.57;160.86;3.87;655;5;425.00;0
642;5;620876208;642;179;1295;1295;9.38;0.57;161.11;3.87;653;5;426.00;0
643;5;620876215;643;179;1295;1295;9.47;0.58;161.29;3.87;652;5;427.00;0
646;5;620876223;646;178;1295;1295;9.60;0.58;161.29;3.87;649;5;428.00;0
649;5;620876232;649;179;1295;1295;9.72;0.59;161.36;3.87;646;5;429.00;0
652;5;620876240;652;171;1295;1295;9.78;0.59;162.10;3.87;643;5;430.00;0
656;5;620876248;656;167;1295;1295;9.81;0.59;162.51;3.87;639;5;431.00;0
659;5;620876256;659;197;1375;1422;9.31;0.57;162.75;3.65;716;5;432.00;47
660;5;620876274;660;177;1375;1423;9.43;0.58;162.92;3.65;715;5;433.00;48
663;5;620876282;663;166;1379;1423;9.54;0.59;163.01;3.65;716;5;434.00;44
665;5;620876291;665;160;1379;1423;9.64;0.59;163.47;3.65;714;5;435.00;44
665;5;620876299;665;155;1385;1423;9.87;0.61;163.47;3.65;720;5;436.00;38
667;5;620876307;667;152;1387;1423;9.99;0.62;164.15;3.65;720;5;437.00;36
669;5;620876316;669;153;1390;1423;10.16;0.63;164.11;3.65;721;5;438.00;33
672;5;620876324;672;150;1393;1423;10.26;0.63;164.83;3.66;721;5;439.00;30
675;5;620876332;675;143;1395;1424;10.33;0.64;165.04;3.67;720;5;440.00;29
678;5;620876341;678;143;1399;1425;10.33;0.64;165.37;3.68;721;5;441.00;26
682;5;620876350;682;134;1402;1425;10.38;0.64;165.79;3.70;720;5;442.00;23
682;5;620876359;682;131;1406;1426;10.35;0.64;165.79;3.72;724;5;443.00;20
685;5;620876367;685;130;1407;1426;10.27;0.63;166.04;3.72;722;5;444.00;19
690;5;620876376;690;126;1410;1426;10.13;0.62;166.48;3.74;720;5;445.00;16
691;5;620876386;691;125;1412;1426;10.06;0.62;166.67;3.76;721;5;446.00;14
695;5;620876394;695;133;1417;1430;9.98;0.61;167.51;3.78;722;5;447.00;13
696;5;620876404;696;129;1418;1430;9.99;0.61;167.50;3.79;722;5;448.00;12
700;5;620876412;700;128;1420;1430;10.11;0.62;168.28;3.80;720;5;449.00;10
703;5;620876423;703;128;1423;1436;10.09;0.62;168.44;3.79;720;5;450.00;13
706;5;620876432;706;133;1425;1436;10.12;0.62;168.67;3.80;719;5;451.00;11
709;5;620876441;709;133;1428;1436;10.14;0.62;169.40;3.81;719;5;452.00;8
713;5;620876451;713;132;1431;1440;10.09;0.61;169.86;3.81;718;5;453.00;9
715;5;620876460;715;133;1433;1441;10.11;0.62;169.72;3.82;718;5;454.00;8
720;5;620876469;720;131;1435;1441;10.14;0.62;169.97;3.83;715;5;455.00;6
721;5;620876478;721;135;1438;1445;10.16;0.62;169.77;3.82;717;5;456.00;7
726;5;620876488;726;133;1438;1445;10.23;0.62;169.74;3.82;712;5;457.00;7
728;5;620876497;728;135;1438;1445;10.28;0.63;170.09;3.82;710;5;458.00;7
729;5;620876506;729;136;1439;1446;10.31;0.63;170.06;3.81;710;5;459.00;7
732;5;620876515;732;138;1439;1446;10.31;0.63;170.51;3.81;707;5;460.00;7
735;5;620876523;735;139;1445;1452;10.33;0.63;171.18;3.84;710;5;461.00;7
735;5;620876533;735;139;1445;1452;10.25;0.62;171.18;3.84;710;5;462.00;7
739;5;620876541;739;142;1445;1453;10.18;0.62;171.64;3.84;706;5;463.00;8
741;5;620876551;741;143;1447;1453;10.12;0.62;171.75;3.87;706;5;464.00;6
744;5;620876560;744;143;1447;1453;10.10;0.61;171.60;3.87;703;5;465.00;6
746;5;620876568;746;146;1448;1453;10.01;0.61;171.79;3.87;702;5;466.00;5
749;5;620876577;749;148;1448;1453;9.93;0.60;171.80;3.87;699;5;467.00;5
750;5;620876586;750;152;1458;1465;10.02;0.61;171.89;3.85;708;5;468.00;7
752;5;620876596;752;152;1458;1465;10.03;0.61;172.34;3.85;706;5;469.00;7
755;5;620876611;755;160;1461;1465;9.98;0.61;172.67;3.87;706;5;470.00;4
757;5;620876627;757;160;1461;1465;9.96;0.61;172.97;3.87;704;5;471.00;4
760;5;620876642;760;165;1461;1465;9.91;0.60;173.07;3.87;701;5;472.00;4
761;5;620876656;761;171;1462;1465;9.86;0.60;173.28;3.88;701;5;473.00;3
764;5;620876677;764;175;1465;1469;9.77;0.59;173.73;3.87;701;5;474.00;4
765;5;620876694;765;180;1466;1469;9.67;0.59;173.90;3.88;701;5;475.00;3
766;5;620876708;766;184;1471;1473;9.62;0.59;173.82;3.88;705;5;476.00;2
768;5;620876723;768;189;1473;1474;9.56;0.58;174.00;3.88;705;5;477.00;1
770;5;620876734;770;200;1474;1474;9.46;0.58;173.95;3.88;704;5;478.00;0
773;5;620876744;773;201;1474;1474;9.37;0.57;173.78;3.88;701;5;479.00;0
776;5;620876755;776;209;1494;1500;9.29;0.57;173.85;3.83;718;5;480.00;6
777;5;620876767;777;210;1495;1500;9.29;0.57;173.78;3.83;718;5;481.00;5
778;5;620876777;778;215;1498;1500;9.32;0.57;173.80;3.82;720;5;482.00;2
781;5;620876787;781;215;1501;1501;9.31;0.57;173.96;3.82;720;5;483.00;0
782;5;620876797;782;223;1502;1502;9.32;0.57;173.90;3.82;720;5;484.00;0
784;5;620876806;784;225;1502;1502;9.22;0.57;173.92;3.82;718;5;485.00;0
785;5;620876815;785;235;1504;1505;9.17;0.56;173.95;3.81;719;5;486.00;1
787;5;620876832;787;240;1504;1505;9.04;0.56;173.91;3.81;717;5;487.00;1
789;5;620876841;789;251;1505;1505;8.97;0.55;173.97;3.81;716;5;488.00;0
791;5;620876850;791;254;1505;1505;8.85;0.54;173.77;3.81;714;5;489.00;0
792;5;620876858;792;254;1510;1511;8.83;0.54;173.67;3.80;718;5;490.00;1
794;5;620876868;794;254;1510;1511;8.73;0.53;173.65;3.80;716;5;491.00;1
798;5;620876876;798;258;1510;1511;8.65;0.53;173.28;3.80;712;5;492.00;1
799;5;620876885;799;259;1511;1511;8.59;0.53;173.14;3.80;712;5;493.00;0
803;5;620876893;803;262;1515;1515;8.55;0.52;173.21;3.80;712;5;494.00;0
803;5;620876902;803;263;1517;1517;8.63;0.53;173.21;3.79;714;5;495.00;0
804;5;620876910;804;266;1517;1517;8.65;0.53;173.17;3.79;713;5;496.00;0
804;5;620876918;804;267;1518;1518;8.67;0.53;173.17;3.79;714;5;497.00;0
807;5;620876927;807;268;1518;1518;8.64;0.53;173.38;3.79;711;5;498.00;0
808;5;620876935;808;275;1518;1518;8.59;0.52;173.46;3.79;710;5;499.00;0
810;5;620876944;810;275;1518;1518;8.50;0.52;173.20;3.79;708;5;500.00;0
812;5;620876957;812;279;1518;1518;8.42;0.51;173.48;3.79;706;5;501.00;0
815;5;620876964;815;282;1518;1518;8.31;0.51;173.31;3.79;703;5;502.00;0
818;5;620876973;818;283;1518;1518;8.14;0.50;173.11;3.79;700;5;503.00;0
820;5;620876981;820;296;1564;1588;8.07;0.50;173.10;3.68;744;5;504.00;24
824;5;620876994;824;291;1567;1589;7.93;0.49;173.22;3.67;743;5;505.00;22
826;5;620877002;826;280;1574;1589;7.87;0.48;173.64;3.67;748;5;506.00;15
829;5;620877010;829;284;1577;1589;7.76;0.48;173.45;3.66;748;5;507.00;12
832;5;620877018;832;291;1579;1589;7.64;0.47;173.53;3.66;747;5;508.00;10
835;5;620877025;835;293;1581;1589;7.48;0.46;174.04;3.67;746;5;509.00;8
840;5;620877035;840;282;1583;1589;7.33;0.45;174.18;3.67;743;5;510.00;6
841;5;620877043;841;278;1585;1589;7.29;0.45;174.50;3.67;744;5;511.00;4
845;5;620877051;845;272;1585;1590;7.23;0.44;175.33;3.67;740;5;512.00;5
847;5;620877066;847;270;1587;1591;7.24;0.44;175.21;3.68;740;5;513.00;4
850;5;620877073;850;269;1588;1591;7.23;0.44;175.84;3.68;738;5;514.00;3
853;5;620877082;853;272;1593;1595;7.23;0.44;176.05;3.68;740;5;515.00;2
858;5;620877090;858;278;1593;1595;7.20;0.44;176.73;3.68;735;5;516.00;2
858;5;620877099;858;273;1594;1595;7.25;0.44;176.73;3.68;736;5;517.00;1
860;5;620877107;860;277;1595;1595;7.29;0.45;177.37;3.68;735;5;518.00;0
862;5;620877115;862;277;1600;1601;7.27;0.44;177.51;3.68;738;5;519.00;1
863;5;620877124;863;280;1601;1601;7.34;0.45;177.88;3.68;738;5;520.00;0
864;5;620877132;864;280;1601;1601;7.34;0.45;178.21;3.68;737;5;521.00;0
867;5;620877140;867;282;1604;1604;7.33;0.45;178.56;3.67;737;5;522.00;0
868;5;620877150;868;268;1604;1604;7.32;0.45;178.83;3.67;736;5;523.00;0
871;5;620877159;871;266;1604;1604;7.31;0.45;179.08;3.67;733;5;524.00;0
876;5;620877168;876;258;1605;1605;7.25;0.44;179.18;3.67;729;5;525.00;0
881;5;620877178;881;254;1606;1606;7.23;0.44;179.14;3.67;725;5;526.00;0
883;5;620877187;883;255;1606;1606;7.22;0.44;179.20;3.67;723;5;527.00;0
885;5;620877195;885;253;1618;1619;7.26;0.44;179.25;3.64;733;5;528.00;1
888;5;620877205;888;254;1618;1619;7.25;0.44;179.33;3.64;730;5;529.00;1
892;5;620877220;892;257;1619;1619;7.33;0.45;179.24;3.64;727;5;530.00;0
894;5;620877229;894;261;1620;1620;7.41;0.45;179.44;3.63;726;5;531.00;0
895;5;620877245;895;259;1620;1620;7.43;0.45;179.53;3.63;725;5;532.00;0
897;5;620877254;897;260;1624;1624;7.49;0.46;179.40;3.63;727;5;533.00;0
897;5;620877269;897;259;1624;1624;7.53;0.46;179.40;3.63;727;5;534.00;0
897;5;620877278;897;263;1628;1628;7.65;0.47;179.40;3.62;731;5;535.00;0
900;5;620877288;900;260;1628;1628;7.62;0.47;179.82;3.62;728;5;536.00;0
903;5;620877297;903;258;1628;1628;7.56;0.46;179.92;3.62;725;5;537.00;0
908;5;620877306;908;256;1628;1628;7.56;0.46;180.04;3.62;720;5;538.00;0
910;5;620877315;910;258;1628;1628;7.56;0.46;180.26;3.62;718;5;539.00;0
913;5;620877326;913;262;1659;1662;7.73;0.47;180.63;3.55;746;5;540.00;3
915;5;620877338;915;260;1659;1662;7.76;0.48;180.98;3.55;744;5;541.00;3
918;5;620877347;918;260;1661;1662;7.87;0.48;181.39;3.55;743;5;542.00;1
921;5;620877357;921;260;1661;1662;7.92;0.49;181.74;3.55;740;5;543.00;1
925;5;620877366;925;257;1662;1662;8.02;0.49;181.88;3.55;737;5;544.00;0
930;5;620877376;930;254;1662;1662;7.99;0.49;182.31;3.55;732;5;545.00;0
934;5;620877385;934;254;1663;1663;7.92;0.48;182.27;3.55;729;5;546.00;0
936;5;620877395;936;250;1663;1663;7.94;0.49;182.28;3.55;727;5;547.00;0
939;5;620877404;939;249;1669;1669;7.98;0.49;182.40;3.54;730;5;548.00;0
941;5;620877414;941;244;1670;1670;7.97;0.49;182.39;3.54;729;5;549.00;0
942;5;620877424;942;244;1670;1670;7.97;0.49;182.47;3.54;728;5;550.00;0
944;5;620877433;944;247;1670;1670;7.94;0.48;182.92;3.54;726;5;551.00;0
947;5;620877442;947;256;1674;1674;7.91;0.48;183.11;3.53;727;5;552.00;0
949;5;620877452;949;257;1674;1674;7.87;0.48;183.13;3.53;725;5;553.00;0
952;5;620877466;952;261;1674;1674;7.83;0.48;183.05;3.53;722;5;554.00;0
953;5;620877476;953;263;1675;1675;7.77;0.48;183.21;3.53;722;5;555.00;0
954;5;620877485;954;265;1679;1679;7.78;0.48;183.35;3.52;725;5;556.00;0
955;5;620877494;955;255;1679;1679;7.78;0.48;183.54;3.52;724;5;557.00;0
958;5;620877503;958;248;1681;1682;7.76;0.47;183.75;3.52;723;5;558.00;1
960;5;620877513;960;242;1681;1682;7.73;0.47;184.08;3.52;721;5;559.00;1
962;5;620877522;962;240;1682;1682;7.77;0.47;184.05;3.52;720;5;560.00;0
964;5;620877532;964;236;1682;1682;7.76;0.47;183.97;3.52;718;5;561.00;0
967;5;620877541;967;240;1686;1686;7.87;0.48;183.97;3.51;719;5;562.00;0
971;5;620877553;971;240;1686;1686;7.85;0.48;184.48;3.51;715;5;563.00;0
974;5;620877563;974;236;1686;1686;7.79;0.48;184.79;3.51;712;5;564.00;0
978;5;620877572;978;236;1686;1686;7.73;0.47;185.05;3.51;708;5;565.00;0
980;5;620877581;980;227;1687;1687;7.77;0.47;185.26;3.51;707;5;566.00;0
983;5;620877591;983;216;1688;1688;7.83;0.48;185.25;3.51;705;5;567.00;0
985;5;620877601;985;214;1688;1688;7.84;0.48;185.58;3.51;703;5;568.00;0
986;5;620877611;986;208;1689;1689;7.91;0.48;185.66;3.51;703;5;569.00;0
989;5;620877624;989;208;1689;1689;7.96;0.48;185.93;3.51;700;5;570.00;0
990;5;620877634;990;204;1689;1689;8.07;0.49;185.99;3.51;699;5;571.00;0
992;5;620877644;992;195;1689;1689;8.23;0.50;186.12;3.51;697;5;572.00;0
995;5;620877653;995;195;1689;1689;8.31;0.51;186.27;3.51;694;5;573.00;0
995;5;620877664;995;198;1689;1689;8.51;0.52;186.27;3.51;694;5;574.00;0
999;5;620877673;999;197;1689;1689;8.63;0.52;186.77;3.51;690;5;575.00;0
999;5;620877682;999;225;1772;1816;8.74;0.54;186.77;3.34;773;5;576.00;44
1001;5;620877701;1001;215;1775;1817;8.83;0.54;187.18;3.34;774;5;577.00;42
1003;5;620877711;1003;199;1782;1817;8.99;0.55;187.54;3.34;779;5;578.00;35
1006;5;620877721;1006;201;1785;1817;9.05;0.56;187.92;3.34;779;5;579.00;32
1010;5;620877730;1010;193;1789;1817;9.18;0.57;188.25;3.34;779;5;580.00;28
1014;5;620877740;1014;187;1790;1817;9.15;0.56;188.71;3.34;776;5;581.00;27
1016;5;620877750;1016;185;1793;1817;9.19;0.57;188.82;3.34;777;5;582.00;24
1022;5;620877759;1022;186;1796;1817;9.17;0.56;189.68;3.35;774;5;583.00;21
1026;5;620877769;1026;186;1799;1818;9.19;0.56;189.95;3.36;773;5;584.00;19
1027;5;620877778;1027;198;1805;1820;9.09;0.56;190.16;3.37;778;5;585.00;15
1030;5;620877788;1030;199;1808;1820;9.08;0.56;190.47;3.38;778;5;586.00;12
1032;5;620877798;1032;205;1809;1821;9.09;0.56;190.67;3.38;777;5;587.00;12
1035;5;620877808;1035;200;1812;1821;9.02;0.55;190.77;3.39;777;5;588.00;9
1038;6;620877817;1038;206;1813;1821;9.00;0.55;191.29;3.40;775;6;589.00;8
1039;6;620877842;1039;209;1814;1821;9.00;0.55;191.25;3.40;775;6;590.00;7
1040;6;620877852;1040;218;1820;1825;8.95;0.55;191.42;3.41;780;6;591.00;5
1041;6;620877864;1041;216;1820;1825;8.91;0.55;191.45;3.41;779;6;592.00;5
1044;6;620877875;1044;219;1820;1825;8.81;0.54;191.30;3.41;776;6;593.00;5
1044;6;620877885;1044;224;1822;1828;8.78;0.54;191.30;3.40;778;6;594.00;6
1048;6;620877896;1048;230;1823;1828;8.81;0.54;191.55;3.41;775;6;595.00;5
1049;6;620877907;1049;228;1824;1828;8.90;0.54;191.57;3.42;775;6;596.00;4
1051;6;620877918;1051;230;1829;1832;8.93;0.54;191.95;3.43;778;6;597.00;3
1053;6;620877928;1053;234;1831;1833;8.94;0.55;192.33;3.44;778;6;598.00;2
1055;6;620877939;1055;228;1832;1833;8.99;0.55;192.73;3.44;777;6;599.00;1
1057;6;620877952;1057;230;1844;1859;8.95;0.55;192.85;3.42;787;6;600.00;15
1058;6;620877971;1058;219;1845;1859;9.03;0.55;192.96;3.42;787;6;601.00;14
1061;6;620877981;1061;213;1845;1859;9.06;0.55;192.88;3.42;784;6;602.00;14
1063;6;620877991;1063;215;1847;1860;9.12;0.56;192.79;3.42;784;6;603.00;13
1065;6;620878001;1065;214;1848;1860;9.15;0.56;193.02;3.42;783;6;604.00;12
1069;6;620878010;1069;209;1853;1866;9.21;0.56;193.89;3.41;784;6;605.00;13
1072;6;620878021;1072;205;1854;1866;9.28;0.56;194.14;3.42;782;6;606.00;12
1076;6;620878030;1076;201;1855;1867;9.31;0.57;194.29;3.41;779;6;607.00;12
1080;6;620878040;1080;204;1857;1867;9.26;0.56;194.85;3.42;777;6;608.00;10
1080;6;620878056;1080;203;1857;1867;9.26;0.56;194.85;3.42;777;6;609.00;10
1082;6;620878066;1082;196;1857;1867;9.22;0.56;195.17;3.42;775;6;610.00;10
1086;6;620878077;1086;192;1857;1867;9.22;0.56;195.34;3.42;771;6;611.00;10
1089;6;620878087;1089;190;1867;1879;9.18;0.56;196.12;3.41;778;6;612.00;12
1093;6;620878097;1093;184;1867;1879;9.14;0.55;196.59;3.41;774;6;613.00;12
1095;6;620878106;1095;183;1869;1879;9.15;0.56;196.63;3.41;774;6;614.00;10
1100;6;620878115;1100;177;1871;1879;9.13;0.55;197.06;3.41;771;6;615.00;8
1102;6;620878124;1102;177;1871;1879;9.14;0.55;197.60;3.41;769;6;616.00;8
1105;6;620878134;1105;181;1872;1879;9.17;0.56;198.13;3.42;767;6;617.00;7
1107;6;620878143;1107;175;1875;1883;9.20;0.56;198.23;3.42;768;6;618.00;8
1111;6;620878152;1111;168;1875;1883;9.29;0.56;198.63;3.42;764;6;619.00;8
1114;6;620878161;1114;171;1880;1887;9.31;0.56;198.76;3.42;766;6;620.00;7
1116;6;620878170;1116;156;1881;1888;9.38;0.57;198.70;3.42;765;6;621.00;7
1119;6;620878180;1119;152;1882;1888;9.36;0.57;199.14;3.43;763;6;622.00;6
1123;6;620878189;1123;155;1882;1888;9.32;0.56;199.46;3.43;759;6;623.00;6
1126;6;620878198;1126;162;1890;1901;9.33;0.57;199.59;3.41;764;6;624.00;11
1129;6;620878209;1129;155;1890;1901;9.27;0.56;199.85;3.41;761;6;625.00;11
1129;6;620878218;1129;155;1890;1901;9.24;0.56;199.85;3.41;761;6;626.00;11
1130;6;620878226;1130;155;1892;1902;9.24;0.56;200.05;3.43;762;6;627.00;10
1133;6;620878236;1133;159;1894;1903;9.20;0.56;200.23;3.45;761;6;628.00;9
1133;6;620878245;1133;159;1894;1903;9.22;0.56;200.23;3.45;761;6;629.00;9
1135;6;620878256;1135;160;1899;1909;9.26;0.56;200.50;3.44;764;6;630.00;10
1140;6;620878272;1140;167;1899;1909;9.23;0.56;200.54;3.44;759;6;631.00;10
1145;6;620878282;1145;172;1901;1909;9.29;0.56;200.65;3.44;756;6;632.00;8
1147;6;620878292;1147;174;1902;1909;9.37;0.57;200.62;3.45;755;6;633.00;7
1148;6;620878302;1148;173;1907;1915;9.42;0.57;200.55;3.45;759;6;634.00;8
1150;6;620878313;1150;178;1907;1915;9.45;0.57;200.78;3.45;757;6;635.00;8
1153;6;620878323;1153;181;1907;1915;9.44;0.57;200.60;3.45;754;6;636.00;8
1157;6;620878333;1157;184;1907;1915;9.39;0.57;200.69;3.45;750;6;637.00;8
1158;6;620878344;1158;189;1910;1919;9.36;0.57;200.61;3.44;752;6;638.00;9
1158;6;620878355;1158;194;1913;1920;9.28;0.56;200.61;3.47;755;6;639.00;7
1160;6;620878366;1160;201;1915;1920;9.12;0.55;200.78;3.48;755;6;640.00;5
1163;6;620878376;1163;207;1917;1921;9.02;0.55;200.55;3.49;754;6;641.00;4
1163;6;620878386;1163;215;1917;1921;8.93;0.54;200.55;3.49;754;6;642.00;4
1165;6;620878396;1165;221;1919;1921;8.86;0.54;200.44;3.50;754;6;643.00;2
1166;6;620878406;1166;222;1919;1921;8.81;0.54;200.39;3.50;753;6;644.00;2
1167;6;620878416;1167;226;1920;1921;8.73;0.53;200.40;3.51;753;6;645.00;1
1168;6;620878425;1168;231;1921;1921;8.68;0.53;200.36;3.51;753;6;646.00;0
1170;6;620878433;1170;236;1921;1921;8.61;0.53;200.33;3.51;751;6;647.00;0
1171;6;620878442;1171;248;1960;1991;8.69;0.53;200.38;3.44;789;6;648.00;31
1171;6;620878455;1171;246;1963;1992;8.56;0.52;200.38;3.44;792;6;649.00;29
1172;6;620878464;1172;246;1973;1992;8.52;0.52;200.27;3.43;801;6;650.00;19
1174;6;620878474;1174;251;1977;1992;8.43;0.52;200.21;3.43;803;6;651.00;15
1176;6;620878482;1176;251;1979;1992;8.35;0.51;200.07;3.43;803;6;652.00;13
1177;6;620878491;1177;253;1981;1992;8.26;0.51;199.96;3.43;804;6;653.00;11
1178;6;620878499;1178;253;1984;1992;8.18;0.50;199.94;3.43;806;6;654.00;8
1179;6;620878507;1179;252;1987;1992;8.08;0.50;199.84;3.44;808;6;655.00;5
1184;6;620878516;1184;257;1989;1993;7.99;0.49;199.69;3.44;805;6;656.00;4
1186;6;620878525;1186;259;1990;1994;7.92;0.49;199.54;3.45;804;6;657.00;4
1188;6;620878533;1188;272;1992;1994;7.84;0.48;199.40;3.45;804;6;658.00;2
1192;6;620878543;1192;271;1997;1998;7.71;0.47;199.18;3.45;805;6;659.00;1
1194;6;620878554;1194;273;1998;1998;7.59;0.46;199.15;3.45;804;6;660.00;0
1194;6;620878564;1194;274;1998;1998;7.52;0.46;199.15;3.45;804;6;661.00;0
1196;6;620878574;1196;278;1998;1998;7.39;0.45;199.03;3.45;802;6;662.00;0
1196;6;620878583;1196;283;2004;2004;7.38;0.45;199.03;3.44;808;6;663.00;0
1199;6;620878593;1199;293;2004;2004;7.26;0.45;198.90;3.44;805;6;664.00;0
1201;6;620878603;1201;293;2004;2004;7.23;0.44;198.92;3.44;803;6;665.00;0
1204;6;620878612;1204;294;2006;2007;7.22;0.44;198.98;3.44;802;6;666.00;1
1207;6;620878626;1207;303;2006;2007;7.14;0.44;198.94;3.44;799;6;667.00;1
1207;6;620878639;1207;306;2007;2007;7.13;0.44;198.94;3.44;800;6;668.00;0
1208;6;620878653;1208;307;2008;2008;7.09;0.43;199.03;3.44;800;6;669.00;0
1212;6;620878664;1212;313;2009;2009;7.06;0.43;198.87;3.44;797;6;670.00;0
1213;6;620878680;1213;320;2009;2009;7.01;0.43;198.81;3.44;796;6;671.00;0
1217;6;620878692;1217;328;2022;2022;6.92;0.42;198.79;3.41;805;6;672.00;0
1218;6;620878706;1218;331;2022;2022;6.92;0.42;198.74;3.41;804;6;673.00;0
1223;6;620878718;1223;334;2022;2022;6.85;0.42;198.62;3.41;799;6;674.00;0
1224;6;620878737;1224;324;2024;2024;6.82;0.42;198.61;3.41;800;6;675.00;0
1227;6;620878747;1227;313;2024;2024;6.77;0.41;198.90;3.41;797;6;676.00;0
1230;6;620878757;1230;304;2028;2028;6.80;0.42;198.98;3.41;798;6;677.00;0
1231;6;620878766;1231;301;2028;2028;6.74;0.41;199.02;3.41;797;6;678.00;0
1236;6;620878775;1236;303;2032;2032;6.61;0.41;198.97;3.40;796;6;679.00;0
1241;6;620878786;1241;293;2032;2032;6.60;0.40;199.37;3.40;791;6;680.00;0
1246;6;620878796;1246;280;2032;2032;6.56;0.40;199.09;3.40;786;6;681.00;0
1247;6;620878813;1247;273;2032;2032;6.57;0.40;199.25;3.40;785;6;682.00;0
1251;6;620878823;1251;273;2032;2032;6.55;0.40;199.20;3.40;781;6;683.00;0
1253;6;620878836;1253;272;2043;2044;6.54;0.40;199.34;3.38;790;6;684.00;1
1256;6;620878847;1256;274;2043;2044;6.51;0.40;199.51;3.38;787;6;685.00;1
1258;7;620878857;1258;274;2044;2044;6.54;0.40;199.89;3.38;786;7;686.00;0
1259;7;620878882;1259;265;2044;2044;6.61;0.40;200.12;3.38;785;7;687.00;0
1260;7;620878892;1260;263;2044;2044;6.69;0.41;200.31;3.38;784;7;688.00;0
1263;7;620878908;1263;256;2044;2044;6.78;0.41;200.73;3.38;781;7;689.00;0
1264;7;620878925;1264;255;2045;2045;6.81;0.42;200.95;3.38;781;7;690.00;0
1265;7;620878934;1265;249;2045;2045;6.87;0.42;201.11;3.38;780;7;691.00;0
1266;7;620878944;1266;247;2051;2051;7.01;0.43;201.37;3.37;785;7;692.00;0
1268;7;620878953;1268;249;2052;2052;7.10;0.44;201.61;3.37;784;7;693.00;0
1270;7;620878963;1270;250;2052;2052;7.17;0.44;201.68;3.37;782;7;694.00;0
1273;7;620878973;1273;250;2052;2052;7.29;0.45;201.85;3.37;779;7;695.00;0
1277;7;620878982;1277;253;2056;2056;7.42;0.45;202.25;3.37;779;7;696.00;0
1280;7;620878992;1280;250;2056;2056;7.49;0.46;202.11;3.37;776;7;697.00;0
1287;7;620879001;1287;250;2056;2056;7.52;0.46;202.54;3.37;769;7;698.00;0
1290;7;620879011;1290;246;2057;2057;7.57;0.46;202.87;3.36;767;7;699.00;0
1293;7;620879022;1293;240;2061;2061;7.61;0.47;202.94;3.36;768;7;700.00;0
1302;7;620879036;1302;240;2061;2061;7.59;0.46;203.25;3.36;759;7;701.00;0
1304;7;620879046;1304;240;2063;2064;7.64;0.47;203.13;3.36;759;7;702.00;1
1312;7;620879057;1312;233;2063;2064;7.53;0.46;203.64;3.36;751;7;703.00;1
1316;7;620879067;1316;231;2064;2064;7.51;0.46;204.14;3.36;748;7;704.00;0
1317;7;620879077;1317;231;2064;2064;7.57;0.46;204.16;3.36;747;7;705.00;0
1320;7;620879086;1320;232;2068;2068;7.64;0.46;204.37;3.35;748;7;706.00;0
1323;7;620879097;1323;234;2068;2068;7.70;0.47;204.53;3.35;745;7;707.00;0
1327;7;620879106;1327;230;2068;2068;7.74;0.47;204.84;3.35;741;7;708.00;0
1329;7;620879117;1329;229;2068;2068;7.73;0.47;205.20;3.35;739;7;709.00;0
1333;7;620879127;1333;226;2069;2069;7.75;0.47;205.39;3.35;736;7;710.00;0
1338;7;620879138;1338;226;2070;2070;7.70;0.47;206.04;3.35;732;7;711.00;0
1341;7;620879148;1341;227;2070;2070;7.66;0.46;206.22;3.35;729;7;712.00;0
1342;7;620879158;1342;226;2071;2071;7.69;0.47;206.33;3.35;729;7;713.00;0
1344;7;620879169;1344;226;2071;2071;7.68;0.47;206.69;3.35;727;7;714.00;0
1348;7;620879178;1348;225;2071;2071;7.70;0.47;206.98;3.35;723;7;715.00;0
1351;7;620879188;1351;222;2071;2071;7.78;0.47;207.04;3.35;720;7;716.00;0
1353;7;620879198;1353;219;2071;2071;7.81;0.47;207.21;3.35;718;7;717.00;0
1358;7;620879207;1358;216;2071;2071;7.87;0.48;207.37;3.35;713;7;718.00;0
1360;7;620879217;1360;212;2071;2071;7.86;0.48;207.52;3.35;711;7;719.00;0
1363;7;620879227;1363;253;2190;2301;8.07;0.51;207.79;3.17;827;7;720.00;111
1364;7;620879257;1364;245;2200;2302;8.11;0.51;207.85;3.16;836;7;721.00;102
1369;7;620879269;1369;239;2215;2302;8.08;0.51;208.40;3.15;846;7;722.00;87
1370;7;620879285;1370;244;2225;2302;8.04;0.50;208.38;3.15;855;7;723.00;77
1372;7;620879295;1372;241;2233;2302;8.03;0.50;208.76;3.15;861;7;724.00;69
1373;7;620879305;1373;252;2237;2302;7.97;0.50;208.99;3.15;864;7;725.00;65
1377;7;620879316;1377;253;2244;2302;7.83;0.49;209.44;3.16;867;7;726.00;58
1380;7;620879326;1380;254;2249;2302;7.79;0.49;209.62;3.17;869;7;727.00;53
1382;7;620879339;1382;254;2254;2303;7.76;0.48;209.73;3.18;872;7;728.00;49
1386;7;620879355;1386;257;2261;2304;7.66;0.48;210.03;3.20;875;7;729.00;43
1387;7;620879366;1387;251;2264;2304;7.66;0.48;210.14;3.21;877;7;730.00;40
1389;7;620879378;1389;258;2269;2305;7.58;0.47;210.13;3.22;880;7;731.00;36
1395;7;620879396;1395;266;2270;2305;7.45;0.46;210.28;3.23;875;7;732.00;35
1397;7;620879408;1397;273;2276;2305;7.37;0.46;210.54;3.25;879;7;733.00;29
1401;7;620879420;1401;277;2277;2305;7.35;0.46;210.82;3.26;876;7;734.00;28
1404;7;620879431;1404;287;2282;2309;7.35;0.45;210.97;3.27;878;7;735.00;27
1407;7;620879448;1407;282;2282;2309;7.39;0.46;211.00;3.27;875;7;736.00;27
1410;7;620879466;1410;279;2285;2309;7.43;0.46;211.16;3.29;875;7;737.00;24
1411;7;620879478;1411;283;2285;2312;7.49;0.46;211.26;3.29;874;7;738.00;27
1414;7;620879491;1414;283;2287;2312;7.55;0.46;211.42;3.30;873;7;739.00;25
1418;7;620879502;1418;272;2288;2312;7.59;0.46;211.55;3.30;870;7;740.00;24
1420;7;620879514;1420;272;2293;2316;7.65;0.47;211.69;3.30;873;7;741.00;23
1423;7;620879527;1423;271;2295;2317;7.61;0.47;211.89;3.30;872;7;742.00;22
1426;7;620879538;1426;277;2296;2317;7.67;0.47;212.05;3.31;870;7;743.00;21
1428;7;620879550;1428;285;2300;2321;7.67;0.47;212.25;3.31;872;7;744.00;21
1429;7;620879573;1429;293;2302;2321;7.69;0.47;212.29;3.32;873;7;745.00;19
1430;7;620879587;1430;288;2302;2321;7.74;0.47;212.34;3.32;872;7;746.00;19
1433;7;620879599;1433;286;2304;2322;7.74;0.47;212.62;3.34;871;7;747.00;18
1436;7;620879612;1436;282;2305;2322;7.77;0.47;212.51;3.35;869;7;748.00;17
1439;7;620879624;1439;279;2310;2328;7.79;0.48;212.83;3.35;871;7;749.00;18
1440;7;620879644;1440;278;2310;2328;7.81;0.48;212.80;3.35;870;7;750.00;18
1443;7;620879656;1443;274;2315;2329;7.83;0.48;212.90;3.39;872;7;751.00;14
1443;7;620879668;1443;274;2315;2329;7.97;0.49;212.90;3.39;872;7;752.00;14
1444;7;620879679;1444;268;2317;2329;8.06;0.49;213.05;3.39;873;7;753.00;12
1446;7;620879689;1446;265;2317;2329;8.15;0.50;213.24;3.39;871;7;754.00;12
1446;7;620879700;1446;270;2318;2329;8.29;0.51;213.24;3.40;872;7;755.00;11
1449;8;620879710;1449;277;2330;2341;8.36;0.51;213.41;3.39;881;8;756.00;11
1451;8;620879738;1451;278;2330;2341;8.45;0.52;213.38;3.39;879;8;757.00;11
1453;8;620879749;1453;278;2330;2341;8.49;0.52;213.72;3.39;877;8;758.00;11
1456;8;620879760;1456;274;2331;2341;8.49;0.52;214.10;3.39;875;8;759.00;10
1458;8;620879770;1458;277;2331;2341;8.50;0.52;214.11;3.39;873;8;760.00;10
1462;8;620879780;1462;276;2332;2341;8.45;0.52;213.95;3.40;870;8;761.00;9
1463;8;620879791;1463;277;2336;2345;8.36;0.51;213.95;3.40;873;8;762.00;9
1464;8;620879802;1464;282;2336;2345;8.35;0.51;213.93;3.40;872;8;763.00;9
1468;8;620879813;1468;274;2340;2349;8.32;0.51;214.11;3.39;872;8;764.00;9
1470;8;620879824;1470;276;2342;2351;8.30;0.50;214.31;3.39;872;8;765.00;9
1472;8;620879834;1472;279;2342;2351;8.24;0.50;214.39;3.39;870;8;766.00;9
1472;8;620879846;1472;282;2342;2351;8.15;0.49;214.39;3.39;870;8;767.00;9
1473;8;620879857;1473;285;2352;2364;8.02;0.49;214.37;3.38;879;8;768.00;12
1477;8;620879868;1477;288;2352;2364;7.89;0.48;214.34;3.38;875;8;769.00;12
1480;8;620879879;1480;289;2352;2364;7.73;0.47;214.49;3.38;872;8;770.00;12
1480;8;620879890;1480;286;2353;2365;7.73;0.47;214.49;3.38;873;8;771.00;12
1480;8;620879901;1480;291;2353;2366;7.74;0.47;214.49;3.38;873;8;772.00;13
1481;8;620879911;1481;284;2353;2366;7.73;0.47;214.55;3.38;872;8;773.00;13
1481;8;620879921;1481;277;2355;2369;7.77;0.47;214.55;3.37;874;8;774.00;14
1481;8;620879931;1481;279;2355;2369;7.81;0.48;214.55;3.37;874;8;775.00;14
1482;8;620879940;1482;277;2356;2369;7.85;0.48;214.61;3.37;874;8;776.00;13
1483;8;620879950;1483;280;2356;2369;7.86;0.48;214.55;3.37;873;8;777.00;13
1484;8;620879959;1484;279;2361;2375;7.98;0.49;214.64;3.37;877;8;778.00;14
1485;8;620879969;1485;280;2361;2375;7.98;0.49;214.69;3.37;876;8;779.00;14
1487;8;620879981;1487;273;2361;2375;7.94;0.48;214.81;3.37;874;8;780.00;14
1489;8;620879990;1489;272;2361;2375;7.88;0.48;214.95;3.37;872;8;781.00;14
1494;8;620880000;1494;257;2364;2379;7.80;0.48;215.14;3.36;870;8;782.00;15
1497;8;620880015;1497;253;2365;2380;7.73;0.47;215.66;3.36;868;8;783.00;15
1501;8;620880030;1501;254;2365;2380;7.70;0.47;215.91;3.36;864;8;784.00;15
1504;8;620880045;1504;254;2368;2381;7.67;0.47;216.04;3.37;864;8;785.00;13
1507;8;620880056;1507;253;2368;2381;7.65;0.47;216.19;3.37;861;8;786.00;13
1511;8;620880067;1511;248;2368;2381;7.61;0.46;216.45;3.37;857;8;787.00;13
1511;8;620880078;1511;245;2368;2381;7.59;0.46;216.45;3.37;857;8;788.00;13
1514;8;620880087;1514;248;2368;2381;7.58;0.46;216.50;3.37;854;8;789.00;13
1516;8;620880097;1516;255;2368;2381;7.58;0.46;216.51;3.37;852;8;790.00;13
1516;8;620880107;1516;253;2368;2381;7.60;0.46;216.51;3.37;852;8;791.00;13
1517;8;620880117;1517;257;2401;2451;7.70;0.47;216.43;3.33;884;8;792.00;50
1519;8;620880135;1519;256;2402;2452;7.62;0.47;216.58;3.32;883;8;793.00;50
1521;8;620880148;1521;261;2410;2452;7.62;0.47;216.50;3.32;889;8;794.00;42
1523;8;620880158;1523;259;2413;2452;7.59;0.46;216.82;3.32;890;8;795.00;39
1525;8;620880169;1525;267;2415;2452;7.50;0.46;216.64;3.32;890;8;796.00;37
1526;8;620880180;1526;270;2419;2452;7.49;0.46;216.55;3.35;893;8;797.00;33
1526;8;620880190;1526;270;2423;2452;7.47;0.46;216.55;3.36;897;8;798.00;29
1526;8;620880199;1526;275;2426;2452;7.43;0.46;216.55;3.36;900;8;799.00;26
1531;8;620880209;1531;276;2431;2453;7.36;0.45;216.56;3.40;900;8;800.00;22
1532;8;620880223;1532;278;2433;2454;7.33;0.45;216.66;3.40;901;8;801.00;21
1536;8;620880233;1536;288;2435;2454;7.27;0.44;216.38;3.44;899;8;802.00;19
1538;8;620880243;1538;285;2439;2458;7.23;0.44;216.30;3.44;901;8;803.00;19
1539;8;620880254;1539;292;2442;2458;7.17;0.44;216.40;3.47;903;8;804.00;16
1540;8;620880263;1540;287;2442;2458;7.11;0.43;216.31;3.47;902;8;805.00;16
1542;8;620880273;1542;291;2443;2458;7.02;0.43;216.13;3.51;901;8;806.00;15
1542;8;620880283;1542;298;2448;2464;7.07;0.43;216.13;3.50;906;8;807.00;16
1547;8;620880293;1547;300;2449;2464;7.01;0.43;215.82;3.54;902;8;808.00;15
1549;8;620880303;1549;303;2450;2464;6.96;0.43;215.69;3.55;901;8;809.00;14
1549;8;620880315;1549;308;2455;2470;7.03;0.43;215.69;3.58;906;8;810.00;15
1551;8;620880326;1551;319;2457;2470;7.00;0.43;215.68;3.60;906;8;811.00;13
1551;8;620880342;1551;326;2460;2470;7.02;0.43;215.68;3.63;909;8;812.00;10
1554;8;620880352;1554;331;2462;2471;6.91;0.42;215.40;3.67;908;8;813.00;9
1555;8;620880363;1555;343;2465;2472;6.84;0.42;215.44;3.68;910;8;814.00;7
1557;8;620880374;1557;346;2466;2472;6.81;0.42;215.59;3.70;909;8;815.00;6
1558;8;620880386;1558;358;2476;2485;6.78;0.41;215.59;3.69;918;8;816.00;9
1561;8;620880398;1561;360;2477;2485;6.68;0.41;215.63;3.71;916;8;817.00;8
1562;8;620880408;1562;365;2477;2485;6.64;0.41;215.73;3.71;915;8;818.00;8
1565;8;620880419;1565;367;2478;2486;6.56;0.40;215.55;3.71;913;8;819.00;8
1567;8;620880429;1567;370;2483;2486;6.46;0.40;215.45;3.73;916;8;820.00;3
1571;8;620880439;1571;376;2488;2490;6.39;0.39;215.10;3.73;917;8;821.00;2
1573;8;620880448;1573;378;2488;2490;6.35;0.39;214.91;3.73;915;8;822.00;2
1575;8;620880461;1575;385;2493;2494;6.30;0.39;214.81;3.73;918;8;823.00;1
1577;8;620880474;1577;391;2494;2494;6.22;0.38;214.77;3.73;917;8;824.00;0
1580;8;620880485;1580;392;2494;2494;6.10;0.38;214.65;3.73;914;8;825.00;0
1581;8;620880494;1581;397;2494;2494;6.02;0.37;214.62;3.73;913;8;826.00;0
1583;8;620880506;1583;386;2494;2494;5.94;0.37;214.53;3.73;911;8;827.00;0
1585;8;620880516;1585;380;2505;2506;5.95;0.37;214.43;3.72;920;8;828.00;1
1586;8;620880528;1586;373;2506;2506;5.95;0.37;214.42;3.71;920;8;829.00;0
1587;8;620880539;1587;359;2506;2506;5.96;0.37;214.40;3.71;919;8;830.00;0
1588;8;620880550;1588;349;2506;2506;5.99;0.37;214.41;3.71;918;8;831.00;0
1590;8;620880560;1590;346;2506;2506;6.02;0.37;214.37;3.71;916;8;832.00;0
1591;8;620880570;1591;344;2506;2506;6.05;0.37;214.39;3.71;915;8;833.00;0
1592;8;620880586;1592;342;2507;2507;6.12;0.38;214.55;3.71;915;8;834.00;0
1594;8;620880596;1594;338;2507;2507;6.19;0.38;214.47;3.71;913;8;835.00;0
1594;8;620880607;1594;331;2513;2513;6.35;0.39;214.47;3.71;919;8;836.00;0
1595;8;620880619;1595;332;2514;2514;6.49;0.40;214.41;3.71;919;8;837.00;0
1595;8;620880631;1595;324;2514;2514;6.62;0.41;214.41;3.71;919;8;838.00;0
1597;8;620880643;1597;318;2514;2514;6.69;0.41;214.34;3.71;917;8;839.00;0
1599;8;620880658;1599;314;2519;2519;6.79;0.42;214.40;3.70;920;8;840.00;0
1602;8;620880673;1602;317;2519;2519;6.78;0.41;214.28;3.70;917;8;841.00;0
1606;8;620880697;1606;316;2519;2519;6.73;0.41;214.46;3.70;913;8;842.00;0
1607;8;620880715;1607;316;2520;2520;6.75;0.41;214.51;3.70;913;8;843.00;0
1608;8;620880735;1608;317;2524;2524;6.74;0.41;214.46;3.69;916;8;844.00;0
1611;8;620880765;1611;318;2524;2524;6.75;0.41;214.55;3.69;913;8;845.00;0
1612;8;620880786;1612;321;2526;2527;6.72;0.41;214.64;3.69;914;8;846.00;1
1613;8;620880810;1613;323;2527;2527;6.70;0.41;214.82;3.69;914;8;847.00;0
1616;8;620880831;1616;320;2527;2527;6.67;0.41;215.00;3.69;911;8;848.00;0
1621;8;620880848;1621;322;2527;2527;6.59;0.40;215.23;3.69;906;8;849.00;0
1624;8;620880867;1624;307;2531;2531;6.63;0.40;215.42;3.68;907;8;850.00;0
1626;8;620880886;1626;303;2531;2531;6.62;0.40;215.46;3.68;905;8;851.00;0
1630;8;620880900;1630;296;2531;2531;6.57;0.40;215.76;3.68;901;8;852.00;0
1633;8;620880913;1633;295;2531;2531;6.50;0.40;215.96;3.68;898;8;853.00;0
1637;8;620880929;1637;292;2532;2532;6.40;0.39;216.30;3.68;895;8;854.00;0
1639;8;620880946;1639;293;2534;2534;6.35;0.39;216.47;3.68;895;8;855.00;0
1644;8;620880963;1644;290;2534;2534;6.28;0.38;216.98;3.68;890;8;856.00;0
1647;8;620880980;1647;288;2535;2535;6.30;0.38;217.30;3.68;888;8;857.00;0
1651;8;620880997;1651;287;2535;2535;6.33;0.39;217.66;3.68;884;8;858.00;0
1655;8;620881013;1655;276;2535;2535;6.36;0.39;217.90;3.68;880;8;859.00;0
1657;8;620881028;1657;271;2535;2535;6.39;0.39;217.93;3.68;878;8;860.00;0
1659;8;620881042;1659;266;2535;2535;6.45;0.39;217.94;3.68;876;8;861.00;0
1662;8;620881057;1662;261;2535;2535;6.49;0.40;218.21;3.68;873;8;862.00;0
1663;8;620881071;1663;255;2535;2535;6.60;0.40;218.40;3.68;872;8;863.00;0
1669;8;620881085;1669;257;2613;2662;7.01;0.43;219.09;3.57;944;8;864.00;49
1673;8;620881115;1673;245;2617;2663;7.09;0.44;219.31;3.57;944;8;865.00;46
1676;8;620881130;1676;245;2626;2663;7.19;0.44;219.56;3.56;950;8;866.00;37
1682;8;620881146;1682;235;2628;2663;7.25;0.45;219.88;3.56;946;8;867.00;35
1688;8;620881159;1688;238;2634;2663;7.32;0.45;220.35;3.56;946;8;868.00;29
1693;8;620881173;1693;235;2637;2663;7.27;0.45;220.23;3.56;944;8;869.00;26
1697;8;620881205;1697;237;2640;2663;7.21;0.44;220.51;3.57;943;8;870.00;23
1700;8;620881222;1700;237;2640;2663;7.18;0.44;220.84;3.57;940;8;871.00;23
1703;8;620881237;1703;242;2641;2664;7.13;0.44;220.92;3.57;938;8;872.00;23
1706;8;620881256;1706;245;2644;2665;7.11;0.44;220.91;3.57;938;8;873.00;21
1708;8;620881276;1708;253;2644;2665;7.20;0.44;221.30;3.57;936;8;874.00;21
1713;8;620881294;1713;265;2647;2666;7.22;0.44;221.84;3.58;934;8;875.00;19
1717;8;620881309;1717;267;2649;2666;7.27;0.45;222.00;3.59;932;8;876.00;17
1723;8;620881322;1723;270;2650;2666;7.33;0.45;222.47;3.59;927;8;877.00;16
1726;8;620881336;1726;277;2652;2666;7.38;0.45;222.98;3.60;926;8;878.00;14
1729;8;620881348;1729;279;2655;2670;7.40;0.45;223.17;3.60;926;8;879.00;15
1731;8;620881361;1731;277;2657;2670;7.45;0.46;223.12;3.61;926;8;880.00;13
1734;8;620881373;1734;284;2659;2670;7.46;0.46;223.46;3.61;925;8;881.00;11
1737;8;620881385;1737;290;2659;2673;7.42;0.45;223.88;3.61;922;8;882.00;14
1744;8;620881399;1744;288;2661;2673;7.41;0.45;224.11;3.62;917;8;883.00;12
1750;8;620881414;1750;284;2661;2673;7.38;0.45;224.82;3.62;911;8;884.00;12
1754;8;620881428;1754;278;2667;2677;7.41;0.45;225.01;3.63;913;8;885.00;10
1760;8;620881443;1760;281;2668;2678;7.37;0.45;225.46;3.63;908;8;886.00;10
1764;8;620881457;1764;286;2669;2678;7.38;0.45;225.97;3.64;905;8;887.00;9
1766;8;620881472;1766;288;2673;2682;7.43;0.45;226.21;3.65;907;8;888.00;9
1769;8;620881486;1769;288;2674;2682;7.46;0.46;226.41;3.66;905;8;889.00;8
1774;8;620881506;1774;285;2675;2682;7.45;0.46;226.74;3.67;901;8;890.00;7
1780;8;620881522;1780;287;2675;2683;7.48;0.46;227.25;3.67;895;8;891.00;8
1783;8;620881536;1783;287;2677;2683;7.52;0.46;227.23;3.68;894;8;892.00;6
1784;8;620881549;1784;290;2682;2689;7.54;0.46;227.45;3.67;898;8;893.00;7
1787;8;620881564;1787;294;2683;2689;7.58;0.46;227.58;3.67;896;8;894.00;6
1793;8;620881577;1793;299;2685;2690;7.51;0.46;227.93;3.67;892;8;895.00;5
1797;8;620881591;1797;296;2685;2690;7.51;0.46;228.45;3.67;888;8;896.00;5
1802;8;620881605;1802;288;2685;2690;7.47;0.46;229.11;3.67;883;8;897.00;5
1809;8;620881619;1809;281;2686;2690;7.46;0.45;229.65;3.68;877;8;898.00;4
1810;8;620881633;1810;278;2688;2690;7.44;0.45;229.78;3.69;878;8;899.00;2
1816;8;620881650;1816;286;2717;2736;7.46;0.46;230.10;3.65;901;8;900.00;19
1820;8;620881676;1820;284;2717;2736;7.47;0.46;230.59;3.65;897;8;901.00;19
1824;8;620881690;1824;286;2722;2736;7.49;0.46;230.79;3.65;898;8;902.00;14
1829;8;620881704;1829;282;2722;2736;7.49;0.46;231.32;3.65;893;8;903.00;14
1834;8;620881718;1834;279;2726;2736;7.45;0.46;231.42;3.65;892;8;904.00;10
1836;8;620881741;1836;282;2728;2736;7.42;0.45;231.63;3.65;892;8;905.00;8
1839;8;620881772;1839;276;2733;2740;7.35;0.45;231.80;3.65;894;8;906.00;7
1842;8;620881786;1842;267;2733;2740;7.37;0.45;231.79;3.65;891;8;907.00;7
1845;8;620881799;1845;259;2737;2744;7.38;0.45;231.96;3.65;892;8;908.00;7
1847;8;620881812;1847;258;2738;2745;7.38;0.45;231.97;3.65;891;8;909.00;7
1849;8;620881824;1849;260;2738;2745;7.41;0.45;232.08;3.65;889;8;910.00;7
1851;8;620881837;1851;263;2738;2745;7.49;0.46;232.30;3.65;887;8;911.00;7
1852;8;620881850;1852;272;2751;2758;7.51;0.46;232.27;3.63;899;8;912.00;7
1855;8;620881864;1855;267;2751;2758;7.52;0.46;232.18;3.63;896;8;913.00;7
1857;8;620881876;1857;267;2752;2758;7.55;0.46;232.46;3.64;895;8;914.00;6
1859;8;620881889;1859;276;2753;2759;7.57;0.46;232.57;3.64;894;8;915.00;6
1860;8;620881902;1860;281;2754;2760;7.61;0.46;232.60;3.64;894;8;916.00;6
1865;8;620881915;1865;274;2754;2760;7.63;0.46;232.83;3.64;889;8;917.00;6
1866;8;620881928;1866;278;2757;2763;7.63;0.46;232.98;3.64;891;8;918.00;6
1867;8;620881941;1867;282;2758;2763;7.63;0.46;232.96;3.64;891;8;919.00;5
1871;8;620881953;1871;276;2759;2763;7.64;0.46;233.23;3.64;888;8;920.00;4
1873;8;620881966;1873;277;2759;2763;7.66;0.47;233.29;3.64;886;8;921.00;4
1875;8;620881980;1875;274;2764;2769;7.66;0.47;233.18;3.64;889;8;922.00;5
1878;8;620881994;1878;268;2764;2769;7.71;0.47;233.34;3.64;886;8;923.00;5
1878;8;620882007;1878;270;2765;2769;7.78;0.47;233.34;3.65;887;8;924.00;4
1880;8;620882021;1880;270;2767;2769;7.79;0.47;233.46;3.66;887;8;925.00;2
1882;8;620882034;1882;275;2772;2773;7.77;0.47;233.42;3.66;890;8;926.00;1
1882;8;620882048;1882;278;2773;2774;7.76;0.47;233.42;3.66;891;8;927.00;1
1884;8;620882060;1884;278;2773;2774;7.71;0.47;233.47;3.66;889;8;928.00;1
1886;8;620882072;1886;285;2775;2775;7.68;0.47;233.44;3.66;889;8;929.00;0
1892;8;620882086;1892;285;2775;2775;7.61;0.46;233.68;3.66;883;8;930.00;0
1895;8;620882099;1895;285;2775;2775;7.55;0.46;233.76;3.66;880;8;931.00;0
1897;8;620882118;1897;287;2775;2775;7.47;0.45;233.71;3.66;878;8;932.00;0
1897;8;620882130;1897;288;2775;2775;7.47;0.45;233.71;3.66;878;8;933.00;0
1899;8;620882142;1899;292;2775;2775;7.44;0.45;233.76;3.66;876;8;934.00;0
1900;8;620882153;1900;297;2775;2775;7.36;0.45;233.75;3.66;875;8;935.00;0
1902;8;620882165;1902;316;2813;2845;7.33;0.45;233.73;3.61;911;8;936.00;32
1903;8;620882185;1903;311;2813;2846;7.37;0.45;233.76;3.61;910;8;937.00;33
1904;8;620882197;1904;315;2820;2846;7.44;0.45;233.79;3.60;916;8;938.00;26
1904;8;620882209;1904;321;2822;2846;7.44;0.45;233.79;3.60;918;8;939.00;24
1907;8;620882222;1907;323;2826;2846;7.41;0.45;233.98;3.60;919;8;940.00;20
1909;8;620882233;1909;323;2828;2846;7.40;0.45;233.97;3.61;919;8;941.00;18
1910;8;620882245;1910;322;2831;2846;7.41;0.45;233.91;3.61;921;8;942.00;15
1912;8;620882257;1912;321;2833;2846;7.41;0.45;233.86;3.61;921;8;943.00;13
1915;8;620882270;1915;319;2834;2847;7.43;0.45;233.85;3.61;919;8;944.00;13
1916;8;620882282;1916;318;2837;2849;7.43;0.45;233.87;3.61;921;8;945.00;12
1920;8;620882294;1920;310;2840;2849;7.41;0.45;233.68;3.62;920;8;946.00;9
1920;8;620882307;1920;312;2845;2853;7.39;0.45;233.68;3.62;925;8;947.00;8
1921;8;620882319;1921;314;2846;2853;7.29;0.44;233.67;3.62;925;8;948.00;7
1924;8;620882330;1924;313;2846;2853;7.19;0.44;233.88;3.62;922;8;949.00;7
1925;8;620882342;1925;312;2846;2853;7.08;0.43;234.02;3.62;921;8;950.00;7
1926;8;620882353;1926;316;2850;2859;7.05;0.43;233.94;3.62;924;8;951.00;9
1929;8;620882364;1929;313;2850;2859;7.01;0.43;233.96;3.62;921;8;952.00;9
1934;8;620882375;1934;311;2850;2859;6.89;0.42;234.14;3.62;916;8;953.00;9
1936;8;620882387;1936;312;2852;2862;6.94;0.42;234.09;3.61;916;8;954.00;10
1937;8;620882404;1937;313;2857;2862;6.91;0.42;234.20;3.63;920;8;955.00;5
1940;8;620882415;1940;305;2857;2862;6.89;0.42;234.05;3.63;917;8;956.00;5
1945;8;620882426;1945;305;2857;2863;6.90;0.42;234.23;3.63;912;8;957.00;6
1947;8;620882438;1947;307;2858;2864;6.95;0.42;234.07;3.63;911;8;958.00;6
1949;8;620882449;1949;303;2858;2864;6.97;0.42;234.17;3.63;909;8;959.00;6
1952;8;620882462;1952;308;2877;2890;7.05;0.43;233.98;3.61;925;8;960.00;13
1953;8;620882475;1953;299;2877;2890;7.09;0.43;233.97;3.61;924;8;961.00;13
1958;8;620882485;1958;297;2878;2890;7.09;0.43;233.64;3.61;920;8;962.00;12
1959;8;620882496;1959;297;2880;2891;7.14;0.43;233.53;3.61;921;8;963.00;11
1965;8;620882507;1965;298;2881;2891;7.08;0.43;233.42;3.61;916;8;964.00;10
1967;8;620882519;1967;299;2884;2895;7.06;0.43;233.35;3.61;917;8;965.00;11
1968;8;620882537;1968;299;2884;2895;7.09;0.43;233.37;3.61;916;8;966.00;11
1970;8;620882549;1970;297;2888;2899;7.14;0.43;233.43;3.61;918;8;967.00;11
1972;8;620882560;1972;301;2888;2899;7.15;0.43;233.38;3.61;916;8;968.00;11
1972;8;620882570;1972;303;2889;2899;7.11;0.43;233.38;3.61;917;8;969.00;10
1973;8;620882580;1973;312;2889;2899;7.07;0.43;233.28;3.61;916;8;970.00;10
1973;8;620882591;1973;318;2891;2899;7.01;0.42;233.28;3.63;918;8;971.00;8
1975;8;620882602;1975;323;2902;2911;7.02;0.43;233.22;3.62;927;8;972.00;9
1975;8;620882614;1975;322;2905;2911;6.96;0.42;233.22;3.63;930;8;973.00;6
1975;8;620882625;1975;333;2905;2911;6.89;0.42;233.22;3.63;930;8;974.00;6
1975;8;620882636;1975;341;2905;2911;6.80;0.41;233.22;3.63;930;8;975.00;6
1975;8;620882651;1975;341;2905;2911;6.77;0.41;233.22;3.63;930;8;976.00;6
1976;8;620882666;1976;346;2905;2911;6.69;0.41;233.14;3.63;929;8;977.00;6
1976;8;620882683;1976;352;2905;2912;6.65;0.40;233.14;3.63;929;8;978.00;7
1976;8;620882698;1976;341;2905;2912;6.68;0.41;233.14;3.63;929;8;979.00;7
1978;8;620882715;1978;333;2912;2918;6.73;0.41;233.13;3.64;934;8;980.00;6
1979;8;620882732;1979;337;2913;2919;6.75;0.41;233.14;3.64;934;8;981.00;6
1979;8;620882750;1979;331;2915;2919;6.80;0.41;233.14;3.65;936;8;982.00;4
1980;8;620882771;1980;331;2915;2919;6.83;0.42;233.03;3.65;935;8;983.00;4
1981;8;620882784;1981;330;2918;2923;6.93;0.42;232.97;3.64;937;8;984.00;5
1982;8;620882798;1982;328;2919;2923;6.98;0.43;232.98;3.65;937;8;985.00;4
1982;8;620882811;1982;329;2919;2923;7.00;0.43;232.98;3.65;937;8;986.00;4
1983;8;620882823;1983;332;2920;2924;7.05;0.43;232.92;3.65;937;8;987.00;4
1985;8;620882835;1985;326;2925;2928;7.06;0.43;233.09;3.66;940;8;988.00;3
1986;8;620882848;1986;324;2925;2928;7.11;0.43;233.16;3.66;939;8;989.00;3
1988;8;620882861;1988;327;2930;2934;7.08;0.43;233.08;3.66;942;8;990.00;4
1988;8;620882875;1988;324;2933;2934;7.07;0.43;233.08;3.66;945;8;991.00;1
1988;8;620882888;1988;320;2934;2934;7.03;0.43;233.08;3.66;946;8;992.00;0
1989;8;620882900;1989;314;2934;2934;6.98;0.43;233.07;3.66;945;8;993.00;0
1990;8;620882911;1990;316;2938;2938;6.97;0.43;233.08;3.65;948;8;994.00;0
1992;8;620882922;1992;316;2938;2938;6.90;0.42;233.05;3.65;946;8;995.00;0
1993;8;620882933;1993;323;2938;2938;6.87;0.42;233.06;3.65;945;8;996.00;0
1995;8;620882946;1995;324;2938;2938;6.80;0.42;233.14;3.65;943;8;997.00;0
1999;8;620882958;1999;327;2939;2939;6.65;0.41;233.20;3.65;940;8;998.00;0
2001;8;620882971;2001;320;2940;2940;6.59;0.40;233.20;3.65;939;8;999.00;0
2004;8;620882986;2004;314;2940;2940;6.49;0.40;233.12;3.65;936;8;1000.00;0
2007;8;620883004;2007;313;2941;2941;6.41;0.39;233.05;3.65;934;8;1001.00;0
2010;8;620883015;2010;307;2941;2941;6.36;0.39;233.03;3.65;931;8;1002.00;0
2011;8;620883026;2011;307;2941;2941;6.36;0.39;233.06;3.65;930;8;1003.00;0
2014;8;620883038;2014;304;2941;2941;6.30;0.39;233.02;3.65;927;8;1004.00;0
2016;8;620883049;2016;295;2941;2941;6.31;0.39;233.14;3.65;925;8;1005.00;0
2018;8;620883060;2018;292;2941;2941;6.36;0.39;233.17;3.65;923;8;1006.00;0
2018;8;620883070;2018;290;2941;2941;6.40;0.39;233.17;3.65;923;8;1007.00;0
2022;8;620883081;2022;313;3019;3068;6.65;0.41;233.11;3.56;997;8;1008.00;49
2024;8;620883103;2024;307;3021;3069;6.67;0.42;233.08;3.55;997;8;1009.00;48
2026;8;620883115;2026;290;3028;3069;6.76;0.42;233.07;3.55;1002;8;1010.00;41
2027;8;620883125;2027;290;3034;3069;6.77;0.42;233.14;3.55;1007;8;1011.00;35
2032;8;620883137;2032;291;3040;3069;6.73;0.42;233.25;3.55;1008;8;1012.00;29
2036;8;620883150;2036;289;3042;3069;6.67;0.41;233.22;3.55;1006;8;1013.00;27
2039;8;620883161;2039;285;3045;3069;6.64;0.41;233.36;3.55;1006;8;1014.00;24
2044;8;620883173;2044;286;3047;3069;6.63;0.41;233.52;3.56;1003;8;1015.00;22
2048;8;620883185;2048;288;3051;3070;6.62;0.41;233.79;3.56;1003;8;1016.00;19
2050;8;620883197;2050;292;3052;3071;6.63;0.41;233.89;3.56;1002;8;1017.00;19
2051;8;620883209;2051;293;3054;3071;6.62;0.41;234.04;3.57;1003;8;1018.00;17
2053;8;620883221;2053;292;3057;3072;6.53;0.40;234.09;3.57;1004;8;1019.00;15
2058;8;620883234;2058;277;3059;3072;6.47;0.40;234.39;3.58;1001;8;1020.00;13
2062;8;620883246;2062;272;3061;3072;6.42;0.40;234.80;3.58;999;8;1021.00;11
2067;8;620883258;2067;271;3064;3072;6.45;0.40;235.13;3.59;997;8;1022.00;8
2069;8;620883271;2069;270;3069;3076;6.47;0.40;235.29;3.59;1000;8;1023.00;7
2073;8;620883283;2073;270;3070;3076;6.51;0.40;235.41;3.60;997;8;1024.00;6
2076;8;620883296;2076;263;3070;3076;6.61;0.41;235.47;3.60;994;8;1025.00;6
2080;8;620883309;2080;262;3072;3079;6.67;0.41;235.57;3.60;992;8;1026.00;7
2083;8;620883322;2083;253;3073;3079;6.74;0.41;235.76;3.60;990;8;1027.00;6
2088;8;620883335;2088;247;3074;3079;6.81;0.42;235.87;3.61;986;8;1028.00;5
2092;8;620883348;2092;245;3079;3083;6.92;0.43;235.89;3.61;987;8;1029.00;4
2097;8;620883360;2097;246;3082;3084;6.95;0.43;236.03;3.62;985;8;1030.00;2
2101;8;620883374;2101;249;3082;3084;7.05;0.43;235.98;3.62;981;8;1031.00;2
2104;8;620883389;2104;243;3088;3088;7.08;0.44;236.14;3.62;984;8;1032.00;0
2110;8;620883404;2110;241;3088;3088;7.08;0.43;236.45;3.62;978;8;1033.00;0
2113;8;620883418;2113;239;3088;3088;7.19;0.44;236.36;3.62;975;8;1034.00;0
2121;8;620883431;2121;241;3090;3090;7.24;0.44;236.88;3.61;969;8;1035.00;0
2126;8;620883445;2126;245;3090;3090;7.27;0.44;237.11;3.61;964;8;1036.00;0
2130;8;620883459;2130;246;3096;3096;7.33;0.45;237.45;3.61;966;8;1037.00;0
2135;8;620883472;2135;252;3096;3096;7.34;0.45;237.87;3.61;961;8;1038.00;0
2142;8;620883486;2142;251;3097;3097;7.30;0.45;238.20;3.61;955;8;1039.00;0
2144;8;620883499;2144;254;3097;3097;7.27;0.44;238.37;3.61;953;8;1040.00;0
2149;8;620883511;2149;253;3097;3097;7.23;0.44;238.89;3.61;948;8;1041.00;0
2152;8;620883524;2152;259;3097;3097;7.22;0.44;238.87;3.61;945;8;1042.00;0
2157;8;620883537;2157;259;3097;3097;7.18;0.44;239.31;3.61;940;8;1043.00;0
2160;8;620883549;2160;262;3108;3109;7.22;0.44;239.63;3.60;948;8;1044.00;1
2164;8;620883564;2164;266;3109;3109;7.26;0.44;239.75;3.59;945;8;1045.00;0
2166;8;620883577;2166;263;3109;3109;7.30;0.45;240.05;3.59;943;8;1046.00;0
2171;8;620883590;2171;262;3109;3109;7.33;0.45;240.70;3.59;938;8;1047.00;0
2172;8;620883603;2172;266;3109;3109;7.40;0.45;240.81;3.59;937;8;1048.00;0
2175;8;620883615;2175;266;3109;3109;7.44;0.46;241.00;3.59;934;8;1049.00;0
2182;8;620883629;2182;270;3115;3115;7.44;0.46;241.34;3.59;933;8;1050.00;0
2186;8;620883644;2186;267;3115;3115;7.46;0.46;241.60;3.59;929;8;1051.00;0
2193;8;620883660;2193;274;3119;3119;7.43;0.45;241.83;3.59;926;8;1052.00;0
2198;8;620883673;2198;269;3120;3120;7.34;0.45;242.18;3.58;922;8;1053.00;0
2203;8;620883686;2203;267;3120;3120;7.33;0.45;242.38;3.58;917;8;1054.00;0
2209;8;620883699;2209;263;3120;3120;7.25;0.44;242.55;3.58;911;8;1055.00;0
2213;8;620883712;2213;264;3133;3133;7.27;0.44;242.72;3.57;920;8;1056.00;0
2217;8;620883726;2217;261;3133;3133;7.29;0.45;242.85;3.57;916;8;1057.00;0
2220;8;620883739;2220;256;3133;3133;7.34;0.45;242.89;3.57;913;8;1058.00;0
2224;8;620883752;2224;260;3134;3134;7.40;0.45;242.89;3.57;910;8;1059.00;0
2229;8;620883765;2229;262;3135;3135;7.36;0.45;243.09;3.57;906;8;1060.00;0
2233;8;620883777;2233;260;3135;3135;7.36;0.45;243.53;3.57;902;8;1061.00;0
2236;8;620883790;2236;261;3137;3138;7.37;0.45;243.66;3.57;901;8;1062.00;1
2238;8;620883802;2238;260;3137;3138;7.33;0.45;243.80;3.57;899;8;1063.00;1
2243;8;620883815;2243;267;3138;3138;7.32;0.45;243.94;3.57;895;8;1064.00;0
2246;8;620883829;2246;272;3138;3138;7.30;0.45;243.97;3.57;892;8;1065.00;0
2252;8;620883843;2252;278;3144;3144;7.26;0.44;244.31;3.56;892;8;1066.00;0
2254;8;620883856;2254;274;3144;3144;7.22;0.44;244.23;3.56;890;8;1067.00;0
2257;8;620883869;2257;272;3144;3144;7.17;0.44;244.38;3.56;887;8;1068.00;0
2262;8;620883892;2262;278;3144;3144;7.09;0.43;244.73;3.56;882;8;1069.00;0
2266;8;620883903;2266;277;3148;3148;7.05;0.43;245.07;3.56;882;8;1070.00;0
2267;8;620883916;2267;278;3149;3149;7.07;0.43;245.01;3.56;882;8;1071.00;0
2271;8;620883928;2271;286;3149;3149;7.06;0.43;245.14;3.56;878;8;1072.00;0
2274;8;620883940;2274;287;3150;3150;7.11;0.44;245.40;3.56;876;8;1073.00;0
2277;8;620883954;2277;291;3150;3150;7.13;0.44;245.41;3.56;873;8;1074.00;0
2280;8;620883974;2280;295;3150;3150;7.10;0.44;245.67;3.56;870;8;1075.00;0
2286;8;620883986;2286;286;3150;3150;7.15;0.44;245.81;3.56;864;8;1076.00;0
2289;8;620883998;2289;280;3150;3150;7.23;0.44;246.04;3.56;861;8;1077.00;0
2290;8;620884010;2290;271;3150;3150;7.30;0.45;246.20;3.56;860;8;1078.00;0
2294;8;620884024;2294;276;3150;3150;7.36;0.45;246.27;3.56;856;8;1079.00;0
2296;8;620884038;2296;299;3229;3275;7.51;0.46;246.38;3.47;933;8;1080.00;46
2300;8;620884074;2300;290;3233;3276;7.56;0.47;246.77;3.47;933;8;1081.00;43
2303;8;620884087;2303;279;3239;3276;7.64;0.47;246.79;3.46;936;8;1082.00;37
2306;8;620884100;2306;284;3243;3276;7.65;0.47;247.18;3.46;937;8;1083.00;33
2308;8;620884112;2308;276;3247;3276;7.65;0.47;247.30;3.46;939;8;1084.00;29
2308;8;620884125;2308;279;3250;3276;7.70;0.47;247.30;3.46;942;8;1085.00;26
2312;8;620884139;2312;290;3256;3276;7.68;0.47;247.73;3.47;944;8;1086.00;20
2312;8;620884151;2312;282;3257;3276;7.63;0.47;247.73;3.47;945;8;1087.00;19
2314;8;620884163;2314;282;3260;3277;7.55;0.46;247.80;3.47;946;8;1088.00;17
2321;8;620884177;2321;281;3267;3278;7.49;0.46;248.08;3.49;946;8;1089.00;11
2323;8;620884191;2323;277;3270;3278;7.48;0.46;248.16;3.49;947;8;1090.00;8
2325;8;620884204;2325;274;3277;3282;7.42;0.46;248.34;3.49;952;8;1091.00;5
2327;8;620884217;2327;280;3278;3282;7.33;0.45;248.38;3.50;951;8;1092.00;4
2329;8;620884230;2329;282;3279;3282;7.29;0.45;248.45;3.50;950;8;1093.00;3
2332;8;620884244;2332;289;3280;3282;7.21;0.44;248.82;3.50;948;8;1094.00;2
2335;8;620884257;2335;293;3286;3288;7.26;0.45;248.86;3.49;951;8;1095.00;2
2337;8;620884271;2337;288;3287;3288;7.29;0.45;248.92;3.50;950;8;1096.00;1
2342;8;620884284;2342;285;3287;3288;7.27;0.45;249.14;3.50;945;8;1097.00;1
2344;8;620884296;2344;287;3291;3291;7.29;0.45;249.26;3.50;947;8;1098.00;0
2348;8;620884309;2348;298;3291;3291;7.30;0.45;249.38;3.50;943;8;1099.00;0
2351;8;620884323;2351;297;3291;3291;7.26;0.44;249.39;3.50;940;8;1100.00;0
2356;8;620884340;2356;300;3292;3292;7.27;0.45;249.49;3.50;936;8;1101.00;0
2360;8;620884352;2360;305;3293;3293;7.29;0.45;249.57;3.50;933;8;1102.00;0
2363;8;620884364;2363;305;3293;3293;7.26;0.44;249.75;3.50;930;8;1103.00;0
2365;8;620884376;2365;312;3304;3306;7.24;0.44;249.92;3.49;939;8;1104.00;2
2368;8;620884390;2368;308;3304;3306;7.26;0.44;250.01;3.49;936;8;1105.00;2
2369;8;620884402;2369;319;3304;3306;7.26;0.44;249.95;3.49;935;8;1106.00;2
2372;8;620884413;2372;315;3305;3307;7.23;0.44;249.89;3.49;933;8;1107.00;2
2377;8;620884425;2377;318;3305;3307;7.23;0.44;250.15;3.49;928;8;1108.00;2
2380;8;620884436;2380;320;3309;3311;7.22;0.44;250.14;3.48;929;8;1109.00;2
2380;8;620884450;2380;317;3309;3311;7.28;0.44;250.14;3.48;929;8;1110.00;2
2383;8;620884462;2383;315;3312;3315;7.27;0.44;250.23;3.48;929;8;1111.00;3
2385;8;620884474;2385;313;3312;3315;7.28;0.45;250.15;3.48;927;8;1112.00;3
2391;8;620884486;2391;311;3312;3315;7.24;0.44;250.10;3.48;921;8;1113.00;3
2392;8;620884497;2392;305;3312;3315;7.23;0.44;250.17;3.48;920;8;1114.00;3
2397;8;620884509;2397;303;3312;3315;7.12;0.44;250.12;3.48;915;8;1115.00;3
2401;8;620884520;2401;297;3322;3327;7.10;0.43;250.21;3.47;921;8;1116.00;5
2403;8;620884532;2403;300;3322;3327;7.14;0.44;250.08;3.47;919;8;1117.00;5
2406;8;620884543;2406;293;3323;3327;7.13;0.44;250.05;3.47;917;8;1118.00;4
2408;8;620884554;2408;288;3323;3327;7.10;0.43;250.13;3.47;915;8;1119.00;4
2412;8;620884566;2412;288;3323;3327;7.10;0.43;250.24;3.47;911;8;1120.00;4
2414;8;620884577;2414;280;3323;3327;7.17;0.44;250.13;3.47;909;8;1121.00;4
2419;8;620884588;2419;276;3323;3328;7.16;0.44;250.05;3.47;904;8;1122.00;5
2421;8;620884600;2421;279;3323;3328;7.10;0.43;249.99;3.47;902;8;1123.00;5
2423;8;620884624;2423;275;3328;3334;7.16;0.43;250.13;3.47;905;8;1124.00;6
2427;8;620884636;2427;276;3332;3336;7.17;0.43;250.25;3.47;905;8;1125.00;4
2428;8;620884655;2428;274;3332;3336;7.12;0.43;250.25;3.47;904;8;1126.00;4
2430;8;620884669;2430;285;3332;3336;7.10;0.43;250.17;3.47;902;8;1127.00;4
2433;8;620884687;2433;282;3335;3340;7.14;0.43;250.20;3.47;902;8;1128.00;5
2437;8;620884705;2437;283;3335;3340;7.07;0.43;250.06;3.47;898;8;1129.00;5
2438;8;620884723;2438;280;3335;3340;7.04;0.43;249.98;3.47;897;8;1130.00;5
2438;8;620884741;2438;269;3336;3341;7.05;0.43;249.98;3.47;898;8;1131.00;5
2439;8;620884758;2439;255;3339;3345;7.12;0.43;249.98;3.47;900;8;1132.00;6
2440;8;620884774;2440;247;3339;3345;7.19;0.44;249.93;3.47;899;8;1133.00;6
2440;8;620884794;2440;243;3341;3348;7.31;0.44;249.93;3.47;901;8;1134.00;7
2441;8;620884808;2441;234;3342;3348;7.35;0.45;249.85;3.47;901;8;1135.00;6
2443;8;620884822;2443;227;3342;3348;7.41;0.45;249.72;3.47;899;8;1136.00;6
2446;8;620884836;2446;226;3342;3348;7.42;0.45;249.52;3.47;896;8;1137.00;6
2449;8;620884859;2449;220;3346;3352;7.50;0.46;249.54;3.46;897;8;1138.00;6
2451;8;620884872;2451;217;3346;3352;7.53;0.46;249.49;3.46;895;8;1139.00;6
2453;8;620884887;2453;213;3346;3352;7.56;0.46;249.50;3.46;893;8;1140.00;6
2454;8;620884899;2454;210;3346;3352;7.60;0.46;249.47;3.46;892;8;1141.00;6
2454;8;620884912;2454;209;3346;3353;7.64;0.46;249.47;3.46;892;8;1142.00;7
2454;8;620884925;2454;205;3347;3354;7.78;0.47;249.47;3.46;893;8;1143.00;7
2454;8;620884938;2454;205;3347;3354;7.82;0.48;249.47;3.46;893;8;1144.00;7
2454;8;620884958;2454;197;3348;3355;7.87;0.48;249.47;3.46;894;8;1145.00;7
2456;8;620884971;2456;195;3348;3355;7.88;0.48;249.51;3.46;892;8;1146.00;7
2458;8;620884983;2458;192;3348;3355;7.97;0.49;249.54;3.46;890;8;1147.00;7
2459;8;620884996;2459;198;3348;3355;8.05;0.49;249.66;3.46;889;8;1148.00;7
2461;8;620885008;2461;199;3349;3355;8.07;0.49;249.57;3.47;888;8;1149.00;6
2462;8;620885022;2462;201;3350;3355;8.13;0.50;249.53;3.48;888;8;1150.00;5
2463;8;620885034;2463;200;3350;3355;8.17;0.50;249.61;3.48;887;8;1151.00;5
2465;8;620885046;2465;214;3417;3482;8.35;0.52;249.53;3.41;952;8;1152.00;65
2468;8;620885074;2468;205;3422;3483;8.29;0.51;249.77;3.42;954;8;1153.00;61
2471;8;620885087;2471;208;3433;3483;8.32;0.51;249.69;3.41;962;8;1154.00;50
2473;8;620885101;2473;212;3438;3483;8.32;0.51;249.73;3.41;965;8;1155.00;45
2474;8;620885120;2474;210;3448;3483;8.33;0.51;249.69;3.42;974;8;1156.00;35
2477;8;620885133;2477;210;3451;3483;8.22;0.51;249.79;3.42;974;8;1157.00;32
2477;8;620885154;2477;210;3454;3483;8.19;0.50;249.79;3.43;977;8;1158.00;29
2479;8;620885167;2479;216;3457;3483;8.19;0.50;249.90;3.44;978;8;1159.00;26
2481;8;620885181;2481;221;3460;3484;8.11;0.50;250.16;3.45;979;8;1160.00;24
2481;8;620885193;2481;231;3464;3485;8.11;0.50;250.16;3.46;983;8;1161.00;21
2483;8;620885206;2483;228;3469;3485;8.09;0.50;250.25;3.47;986;8;1162.00;16
2490;8;620885219;2490;235;3472;3486;7.98;0.49;250.33;3.47;982;8;1163.00;14
2492;8;620885231;2492;239;3475;3486;7.86;0.48;250.22;3.48;983;8;1164.00;11
2494;8;620885249;2494;245;3477;3486;7.87;0.48;250.28;3.48;983;8;1165.00;9
2495;8;620885264;2495;247;3479;3486;7.84;0.48;250.25;3.49;984;8;1166.00;7
2501;8;620885276;2501;254;3484;3490;7.82;0.48;250.25;3.49;983;8;1167.00;6
2504;8;620885290;2504;266;3486;3490;7.78;0.48;250.48;3.49;982;8;1168.00;4
2510;8;620885303;2510;269;3486;3490;7.70;0.47;250.40;3.49;976;8;1169.00;4
2511;8;620885320;2511;272;3491;3496;7.62;0.47;250.36;3.49;980;8;1170.00;5
2514;8;620885333;2514;277;3491;3496;7.55;0.46;250.43;3.49;977;8;1171.00;5
2515;8;620885347;2515;279;3493;3496;7.54;0.46;250.37;3.50;978;8;1172.00;3
2518;8;620885366;2518;285;3498;3500;7.44;0.46;250.44;3.50;980;8;1173.00;2
2521;8;620885380;2521;286;3499;3501;7.40;0.45;250.43;3.50;978;8;1174.00;2
2522;8;620885394;2522;287;3499;3501;7.36;0.45;250.51;3.50;977;8;1175.00;2
2524;8;620885406;2524;286;3504;3505;7.38;0.45;250.67;3.50;980;8;1176.00;1
2528;8;620885419;2528;284;3505;3505;7.32;0.45;250.83;3.50;977;8;1177.00;0
2530;8;620885434;2530;281;3505;3505;7.34;0.45;250.82;3.50;975;8;1178.00;0
2535;8;620885446;2535;291;3506;3506;7.32;0.45;250.95;3.50;971;8;1179.00;0
2535;8;620885459;2535;288;3506;3506;7.23;0.44;250.95;3.50;971;8;1180.00;0
2539;8;620885474;2539;291;3512;3512;7.19;0.44;251.07;3.50;973;8;1181.00;0
2544;8;620885487;2544;300;3512;3512;7.09;0.43;251.00;3.50;968;8;1182.00;0
2545;8;620885505;2545;300;3513;3513;7.06;0.43;251.08;3.49;968;8;1183.00;0
2547;8;620885517;2547;304;3513;3513;7.00;0.43;251.26;3.49;966;8;1184.00;0
2551;8;620885529;2551;308;3513;3513;6.94;0.42;251.35;3.49;962;8;1185.00;0
2554;8;620885541;2554;307;3513;3513;6.87;0.42;251.42;3.49;959;8;1186.00;0
2556;8;620885552;2556;311;3513;3513;6.83;0.42;251.53;3.49;957;8;1187.00;0
2561;8;620885563;2561;318;3523;3525;6.82;0.42;251.53;3.48;962;8;1188.00;2
2568;8;620885576;2568;324;3524;3525;6.76;0.41;251.64;3.48;956;8;1189.00;1
2571;8;620885587;2571;316;3525;3525;6.74;0.41;251.60;3.48;954;8;1190.00;0
2577;8;620885601;2577;315;3525;3525;6.70;0.41;251.68;3.48;948;8;1191.00;0
2578;8;620885626;2578;311;3525;3525;6.69;0.41;251.72;3.48;947;8;1192.00;0
2583;8;620885637;2583;307;3525;3525;6.68;0.41;252.03;3.48;942;8;1193.00;0
2586;8;620885649;2586;305;3529;3529;6.64;0.41;252.21;3.48;943;8;1194.00;0
2589;8;620885662;2589;301;3529;3529;6.66;0.41;252.52;3.48;940;8;1195.00;0
2593;8;620885674;2593;303;3533;3533;6.73;0.41;252.59;3.48;940;8;1196.00;0
2594;8;620885689;2594;298;3534;3534;6.81;0.42;252.59;3.48;940;8;1197.00;0
2598;8;620885703;2598;291;3534;3534;6.82;0.42;252.77;3.48;936;8;1198.00;0
2599;8;620885716;2599;284;3534;3534;6.86;0.42;252.90;3.48;935;8;1199.00;0
2605;8;620885734;2605;287;3561;3575;6.84;0.42;252.97;3.45;956;8;1200.00;14
2609;8;620885760;2609;278;3562;3575;6.85;0.42;253.04;3.45;953;8;1201.00;13
2613;8;620885774;2613;279;3565;3575;6.83;0.42;253.29;3.45;952;8;1202.00;10
2620;8;620885786;2620;279;3566;3576;6.81;0.42;253.34;3.45;946;8;1203.00;10
2624;8;620885799;2624;284;3568;3577;6.79;0.41;253.50;3.45;944;8;1204.00;9
2627;8;620885814;2627;284;3569;3577;6.82;0.42;253.47;3.45;942;8;1205.00;8
2631;8;620885828;2631;289;3572;3580;6.80;0.42;253.85;3.45;941;8;1206.00;8
2634;8;620885841;2634;292;3572;3580;6.81;0.42;253.86;3.45;938;8;1207.00;8
2639;8;620885854;2639;295;3574;3580;6.79;0.41;254.08;3.45;935;8;1208.00;6
2643;8;620885868;2643;302;3575;3580;6.71;0.41;254.27;3.45;932;8;1209.00;5
2646;8;620885881;2646;300;3582;3586;6.68;0.41;254.26;3.45;936;8;1210.00;4
2650;8;620885895;2650;302;3582;3586;6.65;0.41;254.56;3.45;932;8;1211.00;4
2657;9;620885909;2657;309;3582;3586;6.56;0.40;254.82;3.45;925;9;1212.00;4
2657;9;620885931;2657;316;3582;3586;6.62;0.40;254.82;3.45;925;9;1213.00;4
2661;9;620885944;2661;312;3586;3590;6.57;0.40;255.09;3.44;925;9;1214.00;4
2663;9;620885957;2663;310;3588;3592;6.57;0.40;255.21;3.44;925;9;1215.00;4
2664;9;620885970;2664;310;3589;3592;6.53;0.40;255.29;3.45;925;9;1216.00;3
2667;9;620885983;2667;317;3590;3593;6.42;0.39;255.58;3.44;923;9;1217.00;3
2673;9;620885995;2673;318;3590;3593;6.33;0.39;255.75;3.44;917;9;1218.00;3
2677;9;620886015;2677;314;3590;3593;6.27;0.39;255.75;3.44;913;9;1219.00;3
2680;9;620886027;2680;320;3590;3593;6.25;0.38;255.80;3.44;910;9;1220.00;3
2687;9;620886039;2687;325;3590;3593;6.19;0.38;255.75;3.44;903;9;1221.00;3
2690;9;620886057;2690;327;3591;3593;6.09;0.37;255.82;3.45;901;9;1222.00;2
2693;9;620886071;2693;330;3591;3593;5.96;0.36;255.75;3.45;898;9;1223.00;2
2696;9;620886083;2696;341;3632;3663;5.97;0.37;255.79;3.41;936;9;1224.00;31
2698;9;620886104;2698;342;3633;3664;5.92;0.36;256.01;3.41;935;9;1225.00;31
2699;9;620886116;2699;339;3639;3664;5.98;0.37;256.15;3.41;940;9;1226.00;25
2699;9;620886129;2699;344;3639;3664;6.04;0.37;256.15;3.41;940;9;1227.00;25
2702;9;620886143;2702;350;3643;3666;6.12;0.38;256.25;3.41;941;9;1228.00;23
2707;9;620886156;2707;349;3644;3666;6.23;0.38;256.43;3.41;937;9;1229.00;22
2707;9;620886172;2707;350;3648;3666;6.29;0.39;256.43;3.42;941;9;1230.00;18
2708;9;620886185;2708;356;3649;3666;6.30;0.39;256.55;3.42;941;9;1231.00;17
2712;9;620886198;2712;353;3652;3667;6.32;0.39;256.97;3.42;940;9;1232.00;15
2714;9;620886212;2714;357;3654;3668;6.30;0.39;256.90;3.43;940;9;1233.00;14
2716;9;620886225;2716;365;3659;3668;6.30;0.39;257.11;3.44;943;9;1234.00;9
2718;9;620886239;2718;368;3667;3672;6.20;0.38;257.08;3.45;949;9;1235.00;5
2722;9;620886253;2722;377;3669;3672;6.17;0.38;257.32;3.45;947;9;1236.00;3
2723;9;620886267;2723;368;3670;3672;6.20;0.38;257.38;3.45;947;9;1237.00;2
2725;9;620886281;2725;367;3671;3672;6.22;0.38;257.42;3.45;946;9;1238.00;1
2726;9;620886294;2726;362;3677;3678;6.26;0.38;257.42;3.45;951;9;1239.00;1
2729;9;620886309;2729;363;3678;3678;6.37;0.39;257.46;3.45;949;9;1240.00;0
2732;9;620886322;2732;363;3678;3678;6.49;0.40;257.74;3.45;946;9;1241.00;0
2736;9;620886337;2736;367;3680;3681;6.60;0.40;257.98;3.45;944;9;1242.00;1
2739;9;620886352;2739;368;3680;3681;6.71;0.41;258.08;3.45;941;9;1243.00;1
2742;9;620886366;2742;369;3681;3681;6.81;0.42;258.21;3.45;939;9;1244.00;0
2746;9;620886380;2746;369;3682;3682;6.82;0.42;258.15;3.45;936;9;1245.00;0
2749;9;620886395;2749;357;3683;3683;6.87;0.42;258.30;3.45;934;9;1246.00;0
2754;9;620886416;2754;350;3683;3683;6.88;0.42;258.27;3.45;929;9;1247.00;0
2755;9;620886439;2755;347;3696;3696;7.00;0.43;258.35;3.44;941;9;1248.00;0
2758;9;620886454;2758;341;3696;3696;6.98;0.42;258.33;3.44;938;9;1249.00;0
2761;9;620886467;2761;339;3696;3696;6.95;0.42;258.43;3.44;935;9;1250.00;0
2767;9;620886481;2767;339;3697;3697;6.90;0.42;258.54;3.43;930;9;1251.00;0
2769;9;620886495;2769;345;3697;3697;6.91;0.42;258.72;3.43;928;9;1252.00;0
2771;9;620886508;2771;343;3701;3701;6.95;0.42;258.91;3.43;930;9;1253.00;0
2777;9;620886522;2777;345;3701;3701;6.89;0.42;259.24;3.43;924;9;1254.00;0
2779;9;620886535;2779;350;3705;3705;6.89;0.42;259.13;3.43;926;9;1255.00;0
2783;9;620886548;2783;350;3705;3705;6.82;0.41;259.20;3.43;922;9;1256.00;0
2786;9;620886561;2786;347;3705;3705;6.76;0.41;259.34;3.43;919;9;1257.00;0
2786;9;620886574;2786;344;3705;3705;6.74;0.41;259.34;3.43;919;9;1258.00;0
2788;9;620886586;2788;353;3705;3705;6.69;0.41;259.41;3.43;917;9;1259.00;0
2788;9;620886601;2788;359;3734;3739;6.78;0.41;259.41;3.40;946;9;1260.00;5
2793;9;620886615;2793;348;3734;3739;6.74;0.41;259.34;3.40;941;9;1261.00;5
2794;9;620886628;2794;345;3736;3739;6.81;0.42;259.39;3.40;942;9;1262.00;3
2798;9;620886641;2798;344;3736;3739;6.78;0.41;259.21;3.40;938;9;1263.00;3
2798;9;620886657;2798;346;3737;3739;6.80;0.41;259.21;3.40;939;9;1264.00;2
2798;9;620886675;2798;355;3737;3739;6.75;0.41;259.21;3.40;939;9;1265.00;2
2800;9;620886691;2800;352;3737;3740;6.71;0.41;259.06;3.40;937;9;1266.00;3
2803;9;620886712;2803;356;3737;3740;6.66;0.40;259.00;3.40;934;9;1267.00;3
2805;9;620886728;2805;358;3742;3746;6.66;0.40;258.92;3.40;937;9;1268.00;4
2808;9;620886746;2808;360;3743;3747;6.63;0.40;258.95;3.40;935;9;1269.00;4
2808;9;620886761;2808;365;3743;3747;6.65;0.40;258.95;3.40;935;9;1270.00;4
2810;9;620886777;2810;359;3743;3747;6.60;0.40;258.85;3.40;933;9;1271.00;4
2812;9;620886791;2812;359;3746;3751;6.54;0.40;258.85;3.40;934;9;1272.00;5
2814;9;620886805;2814;368;3746;3751;6.45;0.39;258.82;3.40;932;9;1273.00;5
2816;9;620886826;2816;376;3746;3751;6.36;0.39;259.06;3.40;930;9;1274.00;5
2819;9;620886838;2819;374;3747;3752;6.24;0.38;259.03;3.39;928;9;1275.00;5
2822;9;620886851;2822;374;3750;3756;6.11;0.37;258.97;3.39;928;9;1276.00;6
2822;9;620886864;2822;380;3750;3756;6.07;0.37;258.97;3.39;928;9;1277.00;6
2823;9;620886877;2823;386;3752;3759;6.05;0.37;258.95;3.39;929;9;1278.00;7
2825;9;620886889;2825;383;3752;3759;6.05;0.37;258.98;3.39;927;9;1279.00;7
2825;9;620886900;2825;383;3753;3759;6.13;0.37;258.98;3.39;928;9;1280.00;6
2827;9;620886911;2827;379;3753;3759;6.08;0.37;259.03;3.39;926;9;1281.00;6
2828;9;620886923;2828;368;3757;3763;6.16;0.37;258.97;3.39;929;9;1282.00;6
2829;9;620886935;2829;349;3757;3763;6.26;0.38;258.99;3.39;928;9;1283.00;6
2829;9;620886946;2829;335;3757;3763;6.37;0.39;258.99;3.39;928;9;1284.00;6
2830;9;620886958;2830;327;3757;3763;6.48;0.39;259.02;3.39;927;9;1285.00;6
2831;9;620886976;2831;313;3757;3764;6.58;0.40;259.10;3.39;926;9;1286.00;7
2833;9;620886988;2833;303;3758;3765;6.67;0.40;259.20;3.39;925;9;1287.00;7
2833;9;620886999;2833;291;3758;3765;6.72;0.41;259.20;3.39;925;9;1288.00;7
2834;9;620887011;2834;280;3759;3766;6.75;0.41;259.28;3.39;925;9;1289.00;7
2835;9;620887039;2835;273;3759;3766;6.81;0.41;259.37;3.39;924;9;1290.00;7
2837;9;620887051;2837;265;3759;3766;6.84;0.41;259.48;3.39;922;9;1291.00;7
2839;9;620887063;2839;258;3759;3766;6.81;0.41;259.58;3.39;920;9;1292.00;7
2842;9;620887075;2842;251;3759;3766;6.83;0.41;259.72;3.39;917;9;1293.00;7
2843;9;620887093;2843;246;3760;3766;6.89;0.42;259.70;3.39;917;9;1294.00;6
2845;9;620887105;2845;239;3760;3766;6.94;0.42;259.65;3.39;915;9;1295.00;6
2848;9;620887116;2848;253;3824;3893;7.21;0.44;259.71;3.35;976;9;1296.00;69
2848;9;620887139;2848;235;3824;3894;7.29;0.45;259.71;3.35;976;9;1297.00;70
2850;9;620887151;2850;225;3835;3894;7.42;0.46;259.74;3.34;985;9;1298.00;59
2852;9;620887163;2852;220;3838;3894;7.49;0.46;259.73;3.34;986;9;1299.00;56
2854;9;620887177;2854;215;3843;3894;7.56;0.46;259.63;3.34;989;9;1300.00;51
2854;9;620887196;2854;213;3845;3894;7.60;0.47;259.63;3.34;991;9;1301.00;49
2856;9;620887208;2856;207;3847;3894;7.63;0.47;259.66;3.35;991;9;1302.00;47
2858;9;620887221;2858;206;3851;3894;7.68;0.47;259.62;3.35;993;9;1303.00;43
2862;9;620887234;2862;206;3853;3895;7.70;0.47;259.59;3.35;991;9;1304.00;42
2863;9;620887246;2863;207;3857;3897;7.76;0.47;259.56;3.36;994;9;1305.00;40
2868;9;620887260;2868;207;3861;3897;7.81;0.48;259.74;3.36;993;9;1306.00;36
2869;9;620887272;2869;211;3865;3898;7.84;0.48;259.86;3.37;996;9;1307.00;33
2874;9;620887285;2874;211;3867;3898;7.76;0.47;259.91;3.37;993;9;1308.00;31
2876;9;620887298;2876;208;3871;3898;7.71;0.47;260.22;3.38;995;9;1309.00;27
2880;9;620887312;2880;209;3871;3898;7.67;0.47;260.05;3.38;991;9;1310.00;27
2883;9;620887324;2883;209;3879;3902;7.69;0.47;260.19;3.41;996;9;1311.00;23
2888;9;620887338;2888;216;3879;3902;7.66;0.47;260.22;3.41;991;9;1312.00;23
2888;9;620887350;2888;218;3880;3902;7.68;0.47;260.22;3.41;992;9;1313.00;22
2892;9;620887363;2892;218;3883;3905;7.67;0.47;260.41;3.42;991;9;1314.00;22
2896;9;620887376;2896;224;3884;3905;7.73;0.47;260.48;3.42;988;9;1315.00;21
2900;9;620887390;2900;229;3885;3905;7.73;0.47;260.61;3.43;985;9;1316.00;20
2901;9;620887402;2901;227;3892;3909;7.71;0.47;260.61;3.44;991;9;1317.00;17
2901;9;620887415;2901;231;3895;3910;7.76;0.47;260.61;3.45;994;9;1318.00;15
2903;9;620887427;2903;232;3896;3910;7.77;0.47;260.62;3.45;993;9;1319.00;14
2905;9;620887442;2905;238;3902;3915;7.86;0.48;260.72;3.46;997;9;1320.00;13
2906;9;620887456;2906;239;3903;3915;7.86;0.48;260.64;3.47;997;9;1321.00;12
2910;9;620887472;2910;242;3905;3915;7.85;0.48;260.74;3.48;995;9;1322.00;10
2913;9;620887485;2913;254;3906;3916;7.87;0.48;260.64;3.48;993;9;1323.00;10
2917;9;620887499;2917;254;3906;3916;7.80;0.47;260.99;3.48;989;9;1324.00;10
2918;9;620887512;2918;259;3912;3922;7.83;0.47;261.07;3.49;994;9;1325.00;10
2919;9;620887525;2919;259;3912;3922;7.81;0.47;261.04;3.49;993;9;1326.00;10
2922;9;620887538;2922;264;3914;3923;7.78;0.47;260.98;3.49;992;9;1327.00;9
2925;9;620887551;2925;267;3914;3923;7.74;0.47;261.06;3.49;989;9;1328.00;9
2927;9;620887565;2927;270;3915;3923;7.72;0.47;261.19;3.50;988;9;1329.00;8
2928;9;620887578;2928;269;3917;3923;7.66;0.46;261.26;3.52;989;9;1330.00;6
2930;9;620887590;2930;277;3918;3923;7.64;0.46;261.27;3.52;988;9;1331.00;5
2933;9;620887603;2933;280;3928;3935;7.63;0.46;261.59;3.52;995;9;1332.00;7
2935;9;620887616;2935;278;3930;3935;7.56;0.46;261.59;3.53;995;9;1333.00;5
2936;9;620887628;2936;283;3932;3935;7.58;0.46;261.66;3.53;996;9;1334.00;3
2938;9;620887641;2938;289;3932;3935;7.53;0.46;261.66;3.53;994;9;1335.00;3
2940;9;620887656;2940;293;3935;3935;7.47;0.46;261.81;3.54;995;9;1336.00;0
2942;9;620887668;2942;294;3935;3935;7.50;0.46;261.90;3.54;993;9;1337.00;0
2946;9;620887682;2946;301;3939;3939;7.46;0.46;262.26;3.54;993;9;1338.00;0
2949;9;620887694;2949;302;3939;3939;7.49;0.46;262.16;3.54;990;9;1339.00;0
2950;9;620887713;2950;302;3943;3943;7.47;0.46;262.20;3.53;993;9;1340.00;0
2952;9;620887727;2952;292;3944;3944;7.47;0.46;262.16;3.53;992;9;1341.00;0
2954;9;620887739;2954;291;3944;3944;7.42;0.46;262.12;3.53;990;9;1342.00;0
2957;10;620887751;2957;284;3944;3944;7.38;0.45;262.20;3.53;987;10;1343.00;0
2960;10;620887778;2960;291;3957;3957;7.36;0.45;262.10;3.52;997;10;1344.00;0
2962;10;620887792;2962;287;3957;3957;7.39;0.45;262.11;3.52;995;10;1345.00;0
2964;10;620887811;2964;294;3957;3957;7.43;0.46;262.01;3.52;993;10;1346.00;0
2967;10;620887823;2967;290;3958;3958;7.43;0.46;262.16;3.52;991;10;1347.00;0
2970;10;620887835;2970;287;3959;3959;7.46;0.46;262.31;3.52;989;10;1348.00;0
2971;10;620887848;2971;282;3959;3959;7.44;0.46;262.30;3.52;988;10;1349.00;0
2976;10;620887861;2976;286;3965;3968;7.43;0.45;262.32;3.51;989;10;1350.00;3
2977;10;620887874;2977;282;3965;3968;7.45;0.46;262.39;3.51;988;10;1351.00;3
2980;10;620887886;2980;284;3967;3968;7.43;0.46;262.35;3.51;987;10;1352.00;1
2987;10;620887899;2987;285;3967;3968;7.38;0.45;262.52;3.51;980;10;1353.00;1
2991;10;620887912;2991;286;3973;3974;7.32;0.45;262.62;3.51;982;10;1354.00;1
2993;10;620887925;2993;289;3974;3974;7.23;0.44;262.76;3.51;981;10;1355.00;0
2998;10;620887937;2998;291;3974;3974;7.15;0.44;262.93;3.51;976;10;1356.00;0
3003;10;620887948;3003;289;3974;3974;7.02;0.43;262.99;3.51;971;10;1357.00;0
3006;10;620887960;3006;292;3977;3978;6.91;0.42;263.06;3.51;971;10;1358.00;1
3012;10;620887971;3012;303;3979;3979;6.72;0.41;263.32;3.51;967;10;1359.00;0
3016;10;620887983;3016;293;3979;3979;6.56;0.40;263.34;3.51;963;10;1360.00;0
3020;10;620887994;3020;285;3980;3980;6.47;0.40;263.58;3.51;960;10;1361.00;0
3026;10;620888005;3026;284;3980;3980;6.41;0.39;263.72;3.51;954;10;1362.00;0
3028;10;620888017;3028;278;3980;3980;6.42;0.39;263.91;3.51;952;10;1363.00;0
3033;10;620888028;3033;278;3980;3980;6.41;0.39;263.85;3.51;947;10;1364.00;0
3036;10;620888039;3036;274;3980;3980;6.47;0.39;263.98;3.51;944;10;1365.00;0
3043;10;620888050;3043;270;3980;3980;6.46;0.39;264.15;3.51;937;10;1366.00;0
3046;10;620888072;3046;261;3980;3980;6.48;0.39;264.07;3.51;934;10;1367.00;0
3047;10;620888083;3047;257;4018;4050;6.67;0.41;264.07;3.47;971;10;1368.00;32
3051;10;620888100;3051;261;4022;4051;6.69;0.41;263.97;3.47;971;10;1369.00;29
3053;10;620888112;3053;261;4028;4051;6.80;0.42;264.02;3.47;975;10;1370.00;23
3057;10;620888124;3057;270;4028;4051;6.81;0.42;264.13;3.47;971;10;1371.00;23
3060;10;620888135;3060;273;4030;4051;6.81;0.42;264.36;3.47;970;10;1372.00;21
3062;10;620888147;3062;274;4031;4051;6.80;0.42;264.43;3.47;969;10;1373.00;20
3066;10;620888159;3066;285;4033;4051;6.78;0.41;264.46;3.47;967;10;1374.00;18
3069;10;620888171;3069;296;4035;4051;6.77;0.41;264.59;3.47;966;10;1375.00;16
3072;10;620888183;3072;300;4035;4052;6.73;0.41;264.66;3.47;963;10;1376.00;17
3077;10;620888195;3077;298;4039;4053;6.68;0.41;264.80;3.48;962;10;1377.00;14
3079;10;620888208;3079;308;4044;4053;6.71;0.41;264.90;3.49;965;10;1378.00;9
3085;10;620888220;3085;313;4050;4057;6.68;0.41;264.97;3.49;965;10;1379.00;7
3091;10;620888235;3091;327;4053;4057;6.68;0.41;265.18;3.49;962;10;1380.00;4
3092;10;620888248;3092;334;4055;4057;6.70;0.41;265.33;3.50;963;10;1381.00;2
3096;10;620888261;3096;334;4055;4057;6.70;0.41;265.50;3.50;959;10;1382.00;2
3101;10;620888273;3101;342;4061;4063;6.70;0.41;265.54;3.49;960;10;1383.00;2
3103;10;620888286;3103;338;4062;4063;6.68;0.41;265.70;3.50;959;10;1384.00;1
3107;10;620888298;3107;340;4062;4063;6.60;0.40;265.95;3.50;955;10;1385.00;1
3112;10;620888311;3112;341;4065;4066;6.55;0.40;266.34;3.50;953;10;1386.00;1
3114;10;620888324;3114;347;4065;4066;6.53;0.40;266.35;3.50;951;10;1387.00;1
3118;10;620888339;3118;347;4066;4066;6.48;0.40;266.45;3.49;948;10;1388.00;0
3124;10;620888351;3124;348;4067;4067;6.37;0.39;266.68;3.49;943;10;1389.00;0
3128;10;620888363;3128;352;4068;4068;6.32;0.39;266.98;3.49;940;10;1390.00;0
3133;10;620888376;3133;352;4068;4068;6.24;0.38;267.00;3.49;935;10;1391.00;0
3140;10;620888389;3140;357;4081;4081;6.29;0.38;267.23;3.48;941;10;1392.00;0
3145;10;620888405;3145;358;4081;4081;6.23;0.38;267.34;3.48;936;10;1393.00;0
3148;10;620888418;3148;365;4081;4081;6.21;0.38;267.57;3.48;933;10;1394.00;0
3151;10;620888430;3151;369;4083;4083;6.21;0.38;267.83;3.48;932;10;1395.00;0
3157;10;620888443;3157;375;4083;4083;6.17;0.38;268.19;3.48;926;10;1396.00;0
3160;10;620888455;3160;376;4087;4087;6.12;0.38;268.15;3.48;927;10;1397.00;0
3162;10;620888469;3162;382;4087;4087;6.15;0.38;268.19;3.48;925;10;1398.00;0
3166;10;620888480;3166;388;4090;4091;6.16;0.38;268.36;3.48;924;10;1399.00;1
3170;10;620888493;3170;389;4091;4091;6.07;0.37;268.53;3.48;921;10;1400.00;0
3171;10;620888510;3171;401;4091;4091;6.05;0.37;268.60;3.48;920;10;1401.00;0
3175;10;620888521;3175;399;4091;4091;5.96;0.37;268.84;3.48;916;10;1402.00;0
3180;10;620888533;3180;411;4091;4091;5.87;0.36;268.94;3.48;911;10;1403.00;0
3182;10;620888544;3182;421;4102;4103;5.91;0.36;268.94;3.47;920;10;1404.00;1
3185;10;620888556;3185;424;4102;4103;5.83;0.36;268.93;3.47;917;10;1405.00;1
3190;10;620888568;3190;424;4103;4103;5.73;0.35;269.13;3.47;913;10;1406.00;0
3194;10;620888580;3194;421;4103;4103;5.66;0.35;269.27;3.47;909;10;1407.00;0
3197;10;620888592;3197;419;4103;4103;5.62;0.35;269.30;3.47;906;10;1408.00;0
3198;10;620888603;3198;420;4103;4103;5.60;0.34;269.29;3.47;905;10;1409.00;0
3201;10;620888616;3201;416;4104;4104;5.64;0.35;269.25;3.47;903;10;1410.00;0
3203;10;620888628;3203;409;4104;4104;5.71;0.35;269.22;3.47;901;10;1411.00;0
3206;10;620888639;3206;410;4110;4110;5.80;0.36;269.23;3.46;904;10;1412.00;0
3209;10;620888652;3209;411;4111;4111;5.87;0.36;269.12;3.46;902;10;1413.00;0
3212;10;620888671;3212;410;4111;4111;5.91;0.36;269.10;3.46;899;10;1414.00;0
3212;10;620888688;3212;401;4111;4111;5.96;0.37;269.10;3.46;899;10;1415.00;0
3216;10;620888705;3216;393;4115;4115;6.01;0.37;269.15;3.46;899;10;1416.00;0
3219;10;620888734;3219;384;4115;4115;6.06;0.37;269.36;3.46;896;10;1417.00;0
3223;10;620888751;3223;377;4115;4115;6.17;0.38;269.40;3.46;892;10;1418.00;0
3226;10;620888768;3226;374;4116;4116;6.27;0.38;269.23;3.46;890;10;1419.00;0
3228;10;620888782;3228;373;4120;4120;6.38;0.39;269.17;3.46;892;10;1420.00;0
3230;10;620888797;3230;371;4120;4120;6.40;0.39;269.12;3.46;890;10;1421.00;0
3234;10;620888813;3234;368;4122;4123;6.45;0.39;269.10;3.45;888;10;1422.00;1
3235;10;620888825;3235;366;4122;4123;6.47;0.39;269.05;3.45;887;10;1423.00;1
3239;10;620888838;3239;369;4123;4123;6.56;0.40;269.10;3.45;884;10;1424.00;0
3239;10;620888850;3239;374;4123;4123;6.60;0.40;269.10;3.45;884;10;1425.00;0
3239;10;620888861;3239;377;4127;4127;6.72;0.41;269.10;3.45;888;10;1426.00;0
3241;10;620888874;3241;375;4127;4127;6.78;0.41;269.07;3.45;886;10;1427.00;0
3242;10;620888886;3242;374;4127;4127;6.81;0.41;269.09;3.45;885;10;1428.00;0
3242;10;620888898;3242;370;4127;4127;6.80;0.41;269.09;3.45;885;10;1429.00;0
3244;10;620888908;3244;365;4128;4128;6.78;0.41;269.19;3.45;884;10;1430.00;0
3245;10;620888919;3245;372;4129;4129;6.76;0.41;269.18;3.45;884;10;1431.00;0
3247;10;620888931;3247;369;4129;4129;6.73;0.41;269.17;3.45;882;10;1432.00;0
3249;10;620888942;3249;366;4130;4130;6.69;0.41;269.25;3.45;881;10;1433.00;0
3249;10;620888954;3249;368;4130;4130;6.67;0.41;269.25;3.45;881;10;1434.00;0
3251;10;620888965;3251;356;4130;4130;6.70;0.41;269.30;3.45;879;10;1435.00;0
3254;10;620888984;3254;348;4130;4130;6.75;0.41;269.33;3.45;876;10;1436.00;0
3255;10;620888996;3255;341;4130;4130;6.82;0.41;269.38;3.45;875;10;1437.00;0
3256;10;620889007;3256;334;4130;4130;6.91;0.42;269.37;3.45;874;10;1438.00;0
3257;10;620889018;3257;334;4130;4130;6.96;0.42;269.30;3.45;873;10;1439.00;0
3260;10;620889030;3260;380;4255;4360;7.05;0.44;269.29;3.35;995;10;1440.00;105
3261;10;620889062;3261;360;4260;4361;7.13;0.45;269.34;3.35;999;10;1441.00;101
3263;10;620889083;3263;339;4270;4361;7.28;0.45;269.35;3.34;1007;10;1442.00;91
3264;10;620889098;3264;335;4276;4361;7.37;0.46;269.38;3.34;1012;10;1443.00;85
3265;10;620889110;3265;331;4282;4361;7.41;0.46;269.35;3.34;1017;10;1444.00;79
3268;10;620889135;3268;332;4286;4361;7.37;0.46;269.39;3.34;1018;10;1445.00;75
3270;10;620889147;3270;327;4292;4361;7.36;0.46;269.37;3.35;1022;10;1446.00;69
3271;10;620889166;3271;329;4298;4361;7.31;0.45;269.39;3.35;1027;10;1447.00;63
3272;10;620889178;3272;330;4303;4362;7.28;0.45;269.40;3.36;1031;10;1448.00;59
3272;10;620889191;3272;330;4306;4363;7.20;0.44;269.40;3.36;1034;10;1449.00;57
3273;10;620889204;3273;327;4311;4363;7.14;0.44;269.45;3.37;1038;10;1450.00;52
3274;10;620889217;3274;330;4312;4364;7.15;0.44;269.41;3.37;1038;10;1451.00;52
3276;10;620889236;3276;328;4316;4364;7.09;0.44;269.42;3.38;1040;10;1452.00;48
3276;10;620889249;3276;329;4318;4364;7.09;0.44;269.42;3.38;1042;10;1453.00;46
3277;10;620889262;3277;327;4320;4364;7.05;0.43;269.45;3.39;1043;10;1454.00;44
3279;10;620889274;3279;337;4322;4368;7.02;0.43;269.43;3.39;1043;10;1455.00;46
3281;10;620889288;3281;330;4324;4368;7.07;0.43;269.46;3.40;1043;10;1456.00;44
3285;10;620889300;3285;330;4325;4368;7.08;0.43;269.56;3.40;1040;10;1457.00;43
3287;10;620889315;3287;332;4327;4371;7.09;0.43;269.54;3.40;1040;10;1458.00;44
3292;10;620889335;3292;328;4329;4371;7.05;0.43;269.54;3.41;1037;10;1459.00;42
3292;10;620889348;3292;317;4329;4371;7.09;0.43;269.54;3.41;1037;10;1460.00;42
3294;10;620889367;3294;318;4332;4375;7.09;0.43;269.62;3.40;1038;10;1461.00;43
3295;10;620889380;3295;317;4333;4376;7.10;0.43;269.68;3.40;1038;10;1462.00;43
3299;10;620889394;3299;311;4337;4376;7.11;0.43;269.77;3.42;1038;10;1463.00;39
3302;10;620889406;3302;304;4340;4380;7.17;0.44;269.87;3.42;1038;10;1464.00;40
3305;10;620889427;3305;298;4344;4380;7.16;0.44;270.02;3.44;1039;10;1465.00;36
3308;10;620889448;3308;299;4344;4380;7.18;0.44;269.99;3.44;1036;10;1466.00;36
3312;10;620889461;3312;294;4345;4381;7.19;0.44;270.17;3.45;1033;10;1467.00;36
3315;10;620889476;3315;289;4346;4381;7.18;0.44;270.33;3.45;1031;10;1468.00;35
3317;10;620889489;3317;286;4349;4387;7.22;0.44;270.28;3.45;1032;10;1469.00;38
3320;10;620889504;3320;278;4350;4387;7.23;0.44;270.36;3.45;1030;10;1470.00;37
3324;10;620889518;3324;278;4351;4388;7.19;0.44;270.32;3.46;1027;10;1471.00;37
3326;10;620889532;3326;272;4352;4388;7.19;0.43;270.39;3.46;1026;10;1472.00;36
3328;10;620889546;3328;282;4353;4388;7.18;0.43;270.28;3.47;1025;10;1473.00;35
3331;10;620889560;3331;284;4353;4388;7.17;0.43;270.37;3.47;1022;10;1474.00;35
3332;10;620889573;3332;281;4355;4388;7.23;0.44;270.33;3.48;1023;10;1475.00;33
3333;10;620889586;3333;277;4364;4400;7.31;0.44;270.35;3.47;1031;10;1476.00;36
3334;10;620889600;3334;281;4366;4400;7.39;0.45;270.41;3.48;1032;10;1477.00;34
3334;10;620889613;3334;282;4367;4400;7.43;0.45;270.41;3.49;1033;10;1478.00;33
3337;10;620889627;3337;277;4367;4400;7.46;0.45;270.48;3.49;1030;10;1479.00;33
3337;10;620889641;3337;278;4369;4400;7.54;0.46;270.48;3.50;1032;10;1480.00;31
3341;10;620889657;3341;272;4372;4400;7.56;0.46;270.56;3.52;1031;10;1481.00;28
3343;10;620889670;3343;272;4377;4404;7.57;0.46;270.68;3.53;1034;10;1482.00;27
3344;10;620889684;3344;271;4380;4404;7.57;0.46;270.66;3.54;1036;10;1483.00;24
3346;10;620889698;3346;270;4384;4408;7.59;0.46;270.63;3.55;1038;10;1484.00;24
3349;10;620889712;3349;276;4386;4410;7.57;0.46;270.77;3.55;1037;10;1485.00;24
3350;10;620889732;3350;270;4388;4410;7.63;0.46;270.76;3.56;1038;10;1486.00;22
3354;10;620889745;3354;279;4389;4410;7.59;0.46;270.87;3.57;1035;10;1487.00;21
3357;10;620889759;3357;272;4398;4423;7.60;0.46;270.94;3.56;1041;10;1488.00;25
3357;10;620889775;3357;275;4398;4423;7.60;0.46;270.94;3.56;1041;10;1489.00;25
3359;10;620889787;3359;278;4401;4423;7.56;0.46;270.94;3.59;1042;10;1490.00;22
3361;10;620889800;3361;293;4402;4424;7.56;0.46;271.02;3.59;1041;10;1491.00;22
3363;10;620889813;3363;292;4404;4425;7.50;0.46;271.01;3.61;1041;10;1492.00;21
3364;10;620889826;3364;294;4405;4425;7.52;0.46;271.13;3.62;1041;10;1493.00;20
3366;10;620889840;3366;299;4408;4428;7.53;0.46;271.11;3.63;1042;10;1494.00;20
3367;10;620889853;3367;305;4410;4428;7.48;0.46;271.20;3.65;1043;10;1495.00;18
3371;10;620889866;3371;305;4413;4428;7.46;0.45;271.13;3.67;1042;10;1496.00;15
3373;10;620889879;3373;310;4415;4428;7.45;0.45;271.31;3.69;1042;10;1497.00;13
3375;10;620889893;3375;318;4423;4434;7.48;0.45;271.32;3.72;1048;10;1498.00;11
3377;10;620889907;3377;322;4424;4434;7.43;0.45;271.28;3.72;1047;10;1499.00;10
3378;10;620889923;3378;333;4429;4453;7.42;0.45;271.35;3.73;1051;10;1500.00;24
3380;10;620889943;3380;330;4430;4453;7.37;0.45;271.52;3.73;1050;10;1501.00;23
3384;10;620889957;3384;329;4436;4457;7.31;0.44;271.41;3.75;1052;10;1502.00;21
3386;10;620889972;3386;334;4437;4458;7.27;0.44;271.64;3.75;1051;10;1503.00;21
3389;10;620889985;3389;334;4439;4458;7.21;0.44;271.82;3.76;1050;10;1504.00;19
3392;10;620890004;3392;342;4441;4459;7.20;0.44;271.92;3.76;1049;10;1505.00;18
3394;10;620890019;3394;346;4443;4459;7.12;0.43;272.12;3.76;1049;10;1506.00;16
3398;10;620890031;3398;348;4445;4459;7.05;0.43;272.16;3.76;1047;10;1507.00;14
3400;10;620890043;3400;347;4445;4459;7.00;0.43;272.33;3.76;1045;10;1508.00;14
3402;11;620890057;3402;344;4446;4459;6.99;0.43;272.29;3.77;1044;11;1509.00;13
3404;11;620890085;3404;345;4446;4459;6.96;0.43;272.24;3.77;1042;11;1510.00;13
3407;11;620890103;3407;335;4448;4459;6.89;0.42;272.37;3.77;1041;11;1511.00;11
3413;11;620890115;3413;339;4483;4529;6.84;0.42;272.70;3.75;1070;11;1512.00;46
3415;11;620890135;3415;330;4485;4530;6.86;0.42;272.71;3.75;1070;11;1513.00;45
3418;11;620890147;3418;329;4493;4530;6.88;0.42;272.93;3.74;1075;11;1514.00;37
3422;11;620890159;3422;320;4497;4530;6.93;0.43;273.08;3.74;1075;11;1515.00;33
3425;11;620890173;3425;321;4502;4530;7.04;0.43;273.15;3.74;1077;11;1516.00;28
3430;11;620890185;3430;322;4504;4530;7.08;0.44;273.12;3.75;1074;11;1517.00;26
3435;11;620890198;3435;323;4508;4530;7.11;0.44;273.10;3.75;1073;11;1518.00;22
3440;11;620890212;3440;326;4510;4530;7.16;0.44;273.18;3.75;1070;11;1519.00;20
3444;11;620890225;3444;330;4511;4531;7.22;0.44;273.21;3.75;1067;11;1520.00;20
3451;11;620890237;3451;333;4513;4532;7.19;0.44;273.15;3.76;1062;11;1521.00;19
3455;11;620890251;3455;330;4514;4532;7.13;0.44;273.35;3.76;1059;11;1522.00;18
3459;11;620890264;3459;332;4519;4536;7.05;0.43;273.49;3.76;1060;11;1523.00;17
3463;11;620890276;3463;337;4521;4536;7.04;0.43;273.69;3.77;1058;11;1524.00;15
3467;11;620890289;3467;341;4522;4536;6.94;0.42;273.88;3.77;1055;11;1525.00;14
3471;11;620890301;3471;348;4523;4536;6.90;0.42;273.93;3.77;1052;11;1526.00;13
3477;11;620890314;3477;351;4527;4542;6.86;0.42;273.89;3.77;1050;11;1527.00;15
3478;11;620890327;3478;358;4527;4542;6.74;0.41;273.88;3.77;1049;11;1528.00;15
3481;11;620890339;3481;362;4528;4542;6.64;0.41;273.93;3.77;1047;11;1529.00;14
3486;11;620890352;3486;353;4532;4548;6.60;0.40;273.94;3.78;1046;11;1530.00;16
3487;11;620890366;3487;346;4532;4548;6.56;0.40;274.01;3.78;1045;11;1531.00;16
3491;11;620890378;3491;346;4532;4548;6.46;0.40;274.10;3.78;1041;11;1532.00;16
3496;11;620890391;3496;349;4536;4549;6.41;0.39;274.17;3.79;1040;11;1533.00;13
3496;11;620890403;3496;352;4538;4550;6.38;0.39;274.17;3.79;1042;11;1534.00;12
3501;11;620890416;3501;357;4541;4550;6.32;0.39;274.20;3.81;1040;11;1535.00;9
3503;11;620890429;3503;364;4553;4563;6.35;0.39;274.26;3.80;1050;11;1536.00;10
3508;11;620890443;3508;361;4554;4563;6.37;0.39;274.22;3.80;1046;11;1537.00;9
3513;11;620890455;3513;355;4555;4563;6.37;0.39;274.25;3.80;1042;11;1538.00;8
3516;11;620890469;3516;353;4556;4564;6.32;0.39;274.17;3.80;1040;11;1539.00;8
3520;11;620890481;3520;345;4558;4564;6.26;0.38;274.39;3.81;1038;11;1540.00;6
3524;11;620890494;3524;345;4563;4568;6.22;0.38;274.61;3.82;1039;11;1541.00;5
3528;11;620890509;3528;342;4563;4568;6.15;0.38;274.72;3.82;1035;11;1542.00;5
3531;11;620890522;3531;349;4571;4572;6.01;0.37;274.84;3.82;1040;11;1543.00;1
3538;11;620890542;3538;352;4571;4572;5.88;0.36;274.95;3.82;1033;11;1544.00;1
3540;11;620890554;3540;361;4571;4572;5.83;0.36;275.01;3.82;1031;11;1545.00;1
3546;11;620890567;3546;374;4572;4572;5.77;0.35;275.03;3.82;1026;11;1546.00;0
3550;11;620890580;3550;371;4572;4572;5.69;0.35;275.03;3.82;1022;11;1547.00;0
3553;11;620890593;3553;371;4583;4584;5.69;0.35;274.99;3.81;1030;11;1548.00;1
3558;11;620890606;3558;381;4584;4584;5.60;0.34;275.01;3.81;1026;11;1549.00;0
3558;11;620890619;3558;383;4584;4584;5.59;0.34;275.01;3.81;1026;11;1550.00;0
3563;11;620890631;3563;393;4584;4584;5.51;0.34;275.14;3.81;1021;11;1551.00;0
3565;11;620890645;3565;408;4584;4584;5.45;0.33;275.27;3.81;1019;11;1552.00;0
3567;11;620890661;3567;411;4584;4584;5.42;0.33;275.29;3.81;1017;11;1553.00;0
3571;11;620890678;3571;411;4585;4585;5.33;0.33;275.47;3.81;1014;11;1554.00;0
3574;11;620890700;3574;409;4587;4587;5.24;0.32;275.63;3.81;1013;11;1555.00;0
3576;11;620890719;3576;412;4593;4593;5.23;0.32;275.53;3.81;1017;11;1556.00;0
3582;11;620890736;3582;421;4594;4594;5.18;0.32;275.58;3.81;1012;11;1557.00;0
3584;11;620890755;3584;426;4594;4594;5.17;0.32;275.59;3.81;1010;11;1558.00;0
3585;11;620890771;3585;431;4594;4594;5.16;0.32;275.64;3.81;1009;11;1559.00;0
3589;11;620890786;3589;441;4599;4599;5.13;0.31;275.79;3.80;1010;11;1560.00;0
3594;11;620890799;3594;444;4599;4599;5.06;0.31;275.70;3.80;1005;11;1561.00;0
3598;11;620890812;3598;453;4599;4599;5.01;0.31;275.64;3.80;1001;11;1562.00;0
3602;11;620890824;3602;453;4600;4600;5.01;0.31;275.67;3.80;998;11;1563.00;0
3606;11;620890835;3606;461;4604;4604;5.02;0.31;275.65;3.80;998;11;1564.00;0
3613;11;620890847;3613;468;4604;4604;4.91;0.30;275.52;3.80;991;11;1565.00;0
3613;11;620890860;3613;472;4606;4607;4.96;0.30;275.52;3.80;993;11;1566.00;1
3617;11;620890874;3617;477;4607;4607;4.94;0.30;275.41;3.80;990;11;1567.00;0
3622;11;620890886;3622;479;4607;4607;4.88;0.30;275.40;3.80;985;11;1568.00;0
3624;11;620890900;3624;482;4607;4607;4.79;0.29;275.30;3.80;983;11;1569.00;0
3626;11;620890915;3626;482;4611;4611;4.83;0.30;275.21;3.79;985;11;1570.00;0
3627;11;620890928;3627;488;4611;4611;4.86;0.30;275.16;3.79;984;11;1571.00;0
3632;11;620890941;3632;490;4611;4611;4.82;0.30;275.08;3.79;979;11;1572.00;0
3632;11;620890956;3632;494;4611;4611;4.82;0.30;275.08;3.79;979;11;1573.00;0
3637;11;620890969;3637;496;4612;4612;4.82;0.29;275.06;3.79;975;11;1574.00;0
3637;11;620890984;3637;497;4614;4614;4.85;0.30;275.06;3.79;977;11;1575.00;0
3638;11;620890995;3638;504;4614;4614;4.82;0.29;275.00;3.79;976;11;1576.00;0
3638;11;620891005;3638;495;4615;4615;4.78;0.29;275.00;3.79;977;11;1577.00;0
3639;11;620891017;3639;492;4615;4615;4.75;0.29;274.98;3.79;976;11;1578.00;0
3639;11;620891028;3639;488;4615;4615;4.78;0.29;274.98;3.79;976;11;1579.00;0
3643;11;620891039;3643;489;4615;4615;4.77;0.29;274.98;3.79;972;11;1580.00;0
3643;11;620891051;3643;488;4615;4615;4.81;0.29;274.98;3.79;972;11;1581.00;0
3644;11;620891063;3644;488;4615;4615;4.90;0.30;274.99;3.79;971;11;1582.00;0
3648;11;620891074;3648;484;4615;4615;4.97;0.30;274.99;3.79;967;11;1583.00;0
3650;11;620891086;3650;499;4690;4742;5.40;0.34;275.01;3.73;1040;11;1584.00;52
3652;11;620891117;3652;495;4693;4743;5.46;0.34;275.02;3.73;1041;11;1585.00;50
3652;11;620891130;3652;477;4703;4743;5.63;0.35;275.02;3.73;1051;11;1586.00;40
3654;11;620891141;3654;450;4707;4743;5.75;0.36;275.14;3.72;1053;11;1587.00;36
3654;11;620891164;3654;429;4712;4743;5.92;0.37;275.14;3.73;1058;11;1588.00;31
3656;11;620891177;3656;414;4714;4743;5.98;0.37;275.11;3.73;1058;11;1589.00;29
3657;11;620891193;3657;404;4717;4743;6.05;0.37;275.17;3.73;1060;11;1590.00;26
3657;11;620891207;3657;385;4719;4743;6.13;0.38;275.17;3.73;1062;11;1591.00;24
3659;11;620891221;3659;378;4721;4744;6.16;0.38;275.11;3.73;1062;11;1592.00;23
3661;11;620891234;3661;374;4724;4745;6.20;0.38;275.07;3.73;1063;11;1593.00;21
3662;11;620891250;3662;380;4727;4745;6.31;0.39;275.05;3.74;1065;11;1594.00;18
3662;11;620891264;3662;376;4728;4746;6.41;0.39;275.05;3.74;1066;11;1595.00;18
3664;11;620891278;3664;380;4732;4746;6.49;0.40;275.11;3.75;1068;11;1596.00;14
3665;11;620891300;3665;376;4735;4746;6.51;0.40;275.08;3.75;1070;11;1597.00;11
3666;11;620891315;3666;374;4736;4746;6.57;0.40;275.05;3.75;1070;11;1598.00;10
3667;11;620891337;3667;380;4741;4750;6.63;0.41;275.09;3.75;1074;11;1599.00;9
3669;11;620891353;3669;380;4741;4750;6.62;0.41;275.05;3.75;1072;11;1600.00;9
3669;11;620891372;3669;382;4742;4750;6.62;0.41;275.05;3.76;1073;11;1601.00;8
3671;11;620891387;3671;380;4744;4753;6.61;0.40;275.07;3.75;1073;11;1602.00;9
3671;12;620891403;3671;372;4745;4753;6.70;0.41;275.07;3.76;1074;12;1603.00;8
3673;12;620891431;3673;366;4746;4753;6.75;0.41;275.12;3.76;1073;12;1604.00;7
3674;12;620891446;3674;364;4750;4757;6.82;0.42;275.09;3.76;1076;12;1605.00;7
3676;12;620891462;3676;366;4752;4758;6.94;0.42;275.03;3.77;1076;12;1606.00;6
3679;12;620891482;3679;370;4753;4758;6.96;0.42;275.01;3.77;1074;12;1607.00;5
3680;12;620891497;3680;366;4756;4762;7.06;0.43;275.09;3.77;1076;12;1608.00;6
3681;12;620891511;3681;366;4757;4762;7.09;0.43;275.12;3.77;1076;12;1609.00;5
3684;12;620891526;3684;364;4757;4762;7.11;0.43;275.05;3.77;1073;12;1610.00;5
3686;12;620891548;3686;366;4758;4763;7.16;0.44;275.02;3.77;1072;12;1611.00;5
3687;12;620891562;3687;365;4758;4763;7.18;0.44;275.04;3.77;1071;12;1612.00;5
3688;12;620891577;3688;369;4763;4769;7.21;0.44;274.99;3.76;1075;12;1613.00;6
3691;12;620891593;3691;366;4763;4769;7.21;0.44;275.05;3.76;1072;12;1614.00;6
3694;12;620891607;3694;368;4763;4770;7.18;0.44;275.09;3.76;1069;12;1615.00;7
3698;12;620891623;3698;367;4763;4770;7.15;0.43;275.15;3.76;1065;12;1616.00;7
3699;12;620891637;3699;363;4763;4770;7.14;0.43;275.22;3.76;1064;12;1617.00;7
3700;12;620891653;3700;363;4763;4770;7.10;0.43;275.36;3.76;1063;12;1618.00;7
3703;12;620891669;3703;366;4763;4770;7.08;0.43;275.52;3.76;1060;12;1619.00;7
3708;12;620891686;3708;367;4791;4806;7.07;0.43;275.67;3.74;1083;12;1620.00;15
3709;12;620891705;3709;350;4793;4806;7.07;0.43;275.73;3.74;1084;12;1621.00;13
3713;12;620891723;3713;352;4794;4806;7.05;0.43;275.98;3.74;1081;12;1622.00;12
3715;12;620891738;3715;343;4794;4806;7.10;0.43;276.02;3.74;1079;12;1623.00;12
3717;12;620891754;3717;338;4795;4806;7.14;0.44;276.20;3.74;1078;12;1624.00;11
3719;12;620891770;3719;336;4796;4806;7.13;0.44;276.26;3.74;1077;12;1625.00;10
3722;12;620891786;3722;334;4799;4810;7.07;0.43;276.57;3.74;1077;12;1626.00;11
3723;12;620891802;3723;331;4799;4810;7.07;0.43;276.63;3.74;1076;12;1627.00;11
3729;12;620891825;3729;326;4803;4814;7.06;0.43;276.84;3.74;1074;12;1628.00;11
3731;12;620891843;3731;326;4804;4815;7.11;0.43;276.96;3.73;1073;12;1629.00;11
3734;12;620891858;3734;328;4804;4815;7.10;0.43;277.01;3.73;1070;12;1630.00;11
3737;12;620891872;3737;321;4804;4815;7.01;0.43;277.21;3.73;1067;12;1631.00;11
3738;12;620891888;3738;319;4815;4828;7.01;0.43;277.34;3.73;1077;12;1632.00;13
3745;12;620891911;3745;316;4815;4828;6.97;0.42;277.50;3.73;1070;12;1633.00;13
3748;12;620891926;3748;319;4815;4828;6.97;0.42;277.56;3.73;1067;12;1634.00;13
3750;12;620891949;3750;319;4817;4829;6.98;0.43;277.72;3.74;1067;12;1635.00;12
3757;12;620891967;3757;318;4817;4830;6.99;0.43;278.10;3.74;1060;12;1636.00;13
3761;12;620891986;3761;311;4817;4830;7.02;0.43;278.26;3.74;1056;12;1637.00;13
3764;12;620892001;3764;313;4819;4833;7.05;0.43;278.32;3.73;1055;12;1638.00;14
3769;12;620892016;3769;311;4820;4833;7.10;0.43;278.30;3.73;1051;12;1639.00;13
3773;12;620892031;3773;309;4820;4833;7.10;0.43;278.39;3.73;1047;12;1640.00;13
3777;12;620892047;3777;307;4820;4833;7.10;0.43;278.36;3.73;1043;12;1641.00;13
3779;12;620892063;3779;309;4825;4839;7.18;0.43;278.41;3.73;1046;12;1642.00;14
3782;12;620892080;3782;305;4825;4839;7.20;0.44;278.51;3.73;1043;12;1643.00;14
3784;12;620892094;3784;308;4825;4839;7.19;0.44;278.45;3.73;1041;12;1644.00;14
3787;12;620892108;3787;312;4825;4839;7.16;0.43;278.70;3.73;1038;12;1645.00;14
3787;12;620892122;3787;310;4828;4843;7.17;0.43;278.70;3.73;1041;12;1646.00;15
3789;12;620892136;3789;310;4830;4844;7.17;0.43;278.73;3.74;1041;12;1647.00;14
3791;12;620892151;3791;309;4830;4844;7.14;0.43;278.78;3.74;1039;12;1648.00;14
3792;12;620892164;3792;313;4831;4845;7.12;0.43;278.86;3.74;1039;12;1649.00;14
3796;12;620892180;3796;314;4831;4845;7.07;0.43;278.88;3.74;1035;12;1650.00;14
3797;12;620892200;3797;317;4831;4845;7.05;0.43;278.89;3.74;1034;12;1651.00;14
3799;12;620892214;3799;313;4831;4845;7.07;0.43;278.86;3.74;1032;12;1652.00;14
3800;12;620892226;3800;310;4831;4845;7.10;0.43;278.94;3.74;1031;12;1653.00;14
3801;12;620892239;3801;312;4831;4845;7.12;0.43;278.94;3.74;1030;12;1654.00;14
3802;12;620892253;3802;309;4831;4845;7.13;0.43;278.90;3.74;1029;12;1655.00;14
3805;12;620892266;3805;318;4871;4915;7.28;0.44;279.00;3.71;1066;12;1656.00;44
3809;12;620892285;3809;314;4875;4916;7.32;0.44;279.25;3.72;1066;12;1657.00;41
3813;12;620892305;3813;311;4882;4916;7.35;0.45;279.35;3.71;1069;12;1658.00;34
3816;12;620892320;3816;308;4884;4916;7.40;0.45;279.34;3.71;1068;12;1659.00;32
3818;12;620892334;3818;306;4887;4916;7.42;0.45;279.36;3.73;1069;12;1660.00;29
3820;12;620892346;3820;309;4890;4916;7.45;0.45;279.39;3.74;1070;12;1661.00;26
3824;12;620892361;3824;310;4893;4916;7.45;0.45;279.46;3.75;1069;12;1662.00;23
3827;12;620892374;3827;306;4896;4916;7.45;0.45;279.43;3.76;1069;12;1663.00;20
3830;13;620892388;3830;304;4899;4917;7.52;0.46;279.58;3.76;1069;13;1664.00;18
3834;13;620892417;3834;305;4902;4919;7.58;0.46;279.71;3.77;1068;13;1665.00;17
3836;13;620892436;3836;309;4905;4919;7.63;0.46;279.70;3.78;1069;13;1666.00;14
3839;13;620892450;3839;314;4908;4923;7.57;0.46;279.86;3.78;1069;13;1667.00;15
3840;13;620892464;3840;311;4910;4923;7.51;0.46;279.82;3.79;1070;13;1668.00;13
3841;13;620892479;3841;312;4912;4923;7.43;0.45;279.83;3.80;1071;13;1669.00;11
3843;13;620892492;3843;319;4913;4923;7.36;0.45;279.83;3.80;1070;13;1670.00;10
3844;13;620892505;3844;318;4919;4929;7.29;0.44;279.91;3.80;1075;13;1671.00;10
3848;13;620892520;3848;321;4920;4929;7.19;0.44;279.94;3.81;1072;13;1672.00;9
3849;13;620892537;3849;332;4920;4929;7.09;0.43;280.05;3.81;1071;13;1673.00;9
3849;13;620892552;3849;339;4923;4932;7.05;0.43;280.05;3.81;1074;13;1674.00;9
3852;13;620892567;3852;330;4924;4932;6.91;0.42;280.21;3.82;1072;13;1675.00;8
3854;13;620892582;3854;340;4925;4932;6.79;0.42;280.23;3.82;1071;13;1676.00;7
3856;13;620892596;3856;345;4925;4933;6.63;0.41;280.31;3.82;1069;13;1677.00;8
3858;13;620892611;3858;352;4926;4934;6.51;0.40;280.29;3.82;1068;13;1678.00;8
3865;13;620892624;3865;359;4929;4934;6.34;0.39;280.40;3.83;1064;13;1679.00;5
3866;13;620892640;3866;366;4946;4960;6.30;0.39;280.33;3.82;1080;13;1680.00;14
3868;13;620892655;3868;363;4947;4960;6.22;0.38;280.40;3.83;1079;13;1681.00;13
3871;13;620892676;3871;360;4951;4960;6.24;0.38;280.36;3.83;1080;13;1682.00;9
3873;13;620892696;3873;353;4957;4961;6.28;0.38;280.36;3.83;1084;13;1683.00;4
3875;13;620892715;3875;346;4957;4961;6.35;0.39;280.33;3.83;1082;13;1684.00;4
3875;13;620892734;3875;345;4961;4965;6.45;0.39;280.33;3.83;1086;13;1685.00;4
3877;13;620892752;3877;345;4963;4965;6.47;0.40;280.46;3.83;1086;13;1686.00;2
3880;13;620892770;3880;347;4965;4969;6.44;0.39;280.51;3.83;1085;13;1687.00;4
3884;13;620892785;3884;351;4967;4969;6.43;0.39;280.56;3.83;1083;13;1688.00;2
3885;13;620892800;3885;351;4967;4969;6.43;0.39;280.58;3.83;1082;13;1689.00;2
3888;13;620892813;3888;349;4968;4969;6.44;0.39;280.76;3.83;1080;13;1690.00;1
3895;13;620892826;3895;351;4968;4969;6.40;0.39;280.90;3.83;1073;13;1691.00;1
3899;13;620892839;3899;355;4979;4981;6.39;0.39;280.84;3.83;1080;13;1692.00;2
3902;13;620892853;3902;360;4979;4981;6.33;0.39;280.84;3.83;1077;13;1693.00;2
3906;13;620892866;3906;360;4981;4981;6.30;0.39;280.88;3.83;1075;13;1694.00;0
3911;13;620892878;3911;369;4981;4981;6.18;0.38;280.95;3.83;1070;13;1695.00;0
3916;13;620892891;3916;367;4981;4981;6.02;0.37;281.14;3.83;1065;13;1696.00;0
3919;13;620892902;3919;372;4981;4981;5.88;0.36;281.18;3.83;1062;13;1697.00;0
3924;13;620892913;3924;371;4982;4982;5.75;0.35;281.17;3.82;1058;13;1698.00;0
3929;13;620892932;3929;380;4982;4982;5.57;0.34;281.26;3.82;1053;13;1699.00;0
3935;13;620892944;3935;382;4988;4988;5.51;0.34;281.45;3.82;1053;13;1700.00;0
3937;13;620892963;3937;379;4989;4989;5.50;0.34;281.61;3.82;1052;13;1701.00;0
3943;13;620892977;3943;380;4989;4989;5.44;0.33;281.94;3.82;1046;13;1702.00;0
3947;13;620892989;3947;388;4989;4989;5.36;0.33;282.04;3.82;1042;13;1703.00;0
3951;13;620893001;3951;390;4993;4993;5.28;0.32;282.24;3.82;1042;13;1704.00;0
3953;13;620893013;3953;389;4993;4993;5.22;0.32;282.23;3.82;1040;13;1705.00;0
3955;13;620893025;3955;395;4993;4993;5.19;0.32;282.26;3.82;1038;13;1706.00;0
3959;13;620893036;3959;403;4994;4994;5.17;0.32;282.16;3.82;1035;13;1707.00;0
3963;13;620893048;3963;401;4998;4998;5.20;0.32;282.24;3.81;1035;13;1708.00;0
3966;13;620893060;3966;403;4998;4998;5.25;0.32;282.25;3.81;1032;13;1709.00;0
3969;13;620893074;3969;403;5002;5004;5.28;0.32;282.17;3.81;1033;13;1710.00;2
3973;13;620893087;3973;396;5003;5004;5.25;0.32;282.14;3.81;1030;13;1711.00;1
3975;13;620893099;3975;398;5004;5004;5.25;0.32;282.11;3.81;1029;13;1712.00;0
3977;13;620893109;3977;399;5004;5004;5.24;0.32;282.16;3.81;1027;13;1713.00;0
3978;13;620893121;3978;403;5008;5008;5.32;0.33;282.17;3.81;1030;13;1714.00;0
3983;13;620893133;3983;407;5008;5008;5.25;0.32;282.07;3.81;1025;13;1715.00;0
3987;13;620893145;3987;410;5008;5008;5.22;0.32;282.06;3.81;1021;13;1716.00;0
3989;13;620893157;3989;412;5008;5008;5.19;0.32;282.05;3.81;1019;13;1717.00;0
3995;13;620893167;3995;410;5009;5009;5.14;0.31;281.98;3.81;1014;13;1718.00;0
3998;13;620893180;3998;417;5010;5010;5.12;0.31;281.97;3.81;1012;13;1719.00;0
4002;13;620893192;4002;422;5010;5010;5.05;0.31;281.90;3.81;1008;13;1720.00;0
4008;13;620893203;4008;428;5011;5011;5.00;0.31;281.77;3.81;1003;13;1721.00;0
4010;13;620893215;4010;439;5011;5011;4.95;0.30;281.78;3.81;1001;13;1722.00;0
4015;13;620893226;4015;444;5011;5011;4.88;0.30;281.87;3.81;996;13;1723.00;0
4020;13;620893236;4020;445;5011;5011;4.79;0.29;281.81;3.81;991;13;1724.00;0
4024;13;620893248;4024;452;5011;5011;4.75;0.29;281.75;3.81;987;13;1725.00;0
4025;13;620893260;4025;462;5011;5011;4.75;0.29;281.78;3.81;986;13;1726.00;0
4031;13;620893271;4031;469;5011;5011;4.68;0.29;281.62;3.81;980;13;1727.00;0
4034;13;620893282;4034;490;5090;5138;5.10;0.32;281.62;3.75;1056;13;1728.00;48
4038;13;620893304;4038;487;5095;5139;5.09;0.32;281.61;3.75;1057;13;1729.00;44
4043;13;620893317;4043;485;5102;5139;5.14;0.32;281.56;3.74;1059;13;1730.00;37
4047;13;620893329;4047;484;5104;5139;5.15;0.32;281.45;3.74;1057;13;1731.00;35
4048;13;620893340;4048;480;5109;5139;5.20;0.32;281.51;3.74;1061;13;1732.00;30
4051;13;620893352;4051;487;5111;5139;5.19;0.32;281.57;3.74;1060;13;1733.00;28
4055;13;620893365;4055;492;5114;5139;5.16;0.32;281.59;3.74;1059;13;1734.00;25
4058;13;620893376;4058;501;5118;5139;5.18;0.32;281.45;3.75;1060;13;1735.00;21
4061;13;620893390;4061;500;5121;5140;5.14;0.32;281.46;3.75;1060;13;1736.00;19
4063;13;620893403;4063;505;5125;5141;5.06;0.31;281.53;3.75;1062;13;1737.00;16
4065;13;620893415;4065;510;5127;5141;4.97;0.31;281.60;3.76;1062;13;1738.00;14
4066;13;620893427;4066;502;5129;5142;4.91;0.30;281.60;3.76;1063;13;1739.00;13
4067;13;620893441;4067;508;5130;5142;4.91;0.31;281.64;3.76;1063;13;1740.00;12
4069;13;620893453;4069;508;5132;5142;4.92;0.31;281.65;3.76;1063;13;1741.00;10
4072;13;620893466;4072;511;5133;5142;4.96;0.31;281.73;3.76;1061;13;1742.00;9
4074;13;620893481;4074;508;5137;5146;4.98;0.31;281.78;3.76;1063;13;1743.00;9
4077;13;620893494;4077;511;5138;5146;4.99;0.31;281.78;3.76;1061;13;1744.00;8
4080;13;620893507;4080;504;5139;5146;4.97;0.31;281.80;3.77;1059;13;1745.00;7
4082;13;620893526;4082;505;5143;5149;4.99;0.31;281.80;3.77;1061;13;1746.00;6
4086;13;620893540;4086;495;5143;5149;5.05;0.31;281.84;3.77;1057;13;1747.00;6
4089;13;620893559;4089;491;5143;5149;5.07;0.31;281.85;3.77;1054;13;1748.00;6
4091;13;620893572;4091;494;5148;5153;5.07;0.31;281.89;3.77;1057;13;1749.00;5
4094;13;620893592;4094;483;5149;5154;5.07;0.31;282.01;3.77;1055;13;1750.00;5
4095;13;620893606;4095;483;5149;5154;5.13;0.32;282.04;3.77;1054;13;1751.00;5
4099;13;620893618;4099;484;5153;5158;5.14;0.32;282.05;3.77;1054;13;1752.00;5
4102;13;620893633;4102;482;5154;5158;5.19;0.32;281.94;3.77;1052;13;1753.00;4
4102;13;620893647;4102;475;5156;5158;5.27;0.32;281.94;3.78;1054;13;1754.00;2
4107;13;620893663;4107;471;5158;5160;5.32;0.33;281.94;3.78;1051;13;1755.00;2
4109;13;620893677;4109;452;5158;5160;5.41;0.33;281.93;3.78;1049;13;1756.00;2
4109;13;620893690;4109;441;5164;5166;5.55;0.34;281.93;3.78;1055;13;1757.00;2
4110;13;620893712;4110;427;5165;5166;5.68;0.35;281.87;3.78;1055;13;1758.00;1
4112;13;620893725;4112;413;5167;5167;5.81;0.36;282.05;3.78;1055;13;1759.00;0
4117;13;620893740;4117;408;5167;5167;5.92;0.36;282.14;3.78;1050;13;1760.00;0
4119;13;620893754;4119;405;5167;5167;6.08;0.37;282.18;3.78;1048;13;1761.00;0
4124;13;620893769;4124;403;5167;5167;6.19;0.38;282.31;3.78;1043;13;1762.00;0
4129;13;620893790;4129;397;5167;5167;6.20;0.38;282.49;3.78;1038;13;1763.00;0
4131;13;620893805;4131;397;5178;5179;6.37;0.39;282.41;3.77;1047;13;1764.00;1
4132;13;620893820;4132;396;5178;5179;6.47;0.39;282.38;3.77;1046;13;1765.00;1
4136;13;620893836;4136;393;5178;5179;6.43;0.39;282.53;3.77;1042;13;1766.00;1
4137;13;620893850;4137;384;5178;5179;6.43;0.39;282.62;3.77;1041;13;1767.00;1
4140;13;620893864;4140;384;5178;5179;6.45;0.39;282.64;3.77;1038;13;1768.00;1
4141;13;620893879;4141;380;5178;5179;6.48;0.40;282.67;3.77;1037;13;1769.00;1
4143;13;620893895;4143;373;5181;5183;6.46;0.39;282.78;3.77;1038;13;1770.00;2
4144;13;620893909;4144;378;5181;5183;6.46;0.39;282.82;3.77;1037;13;1771.00;2
4149;13;620893923;4149;373;5185;5187;6.51;0.40;283.12;3.77;1036;13;1772.00;2
4151;13;620893937;4151;378;5186;5188;6.54;0.40;283.22;3.77;1035;13;1773.00;2
4153;13;620893951;4153;379;5186;5188;6.55;0.40;283.38;3.77;1033;13;1774.00;2
4155;13;620893965;4155;378;5186;5188;6.63;0.40;283.50;3.77;1031;13;1775.00;2
4157;13;620893979;4157;379;5197;5201;6.71;0.41;283.71;3.76;1040;13;1776.00;4
4160;13;620893994;4160;380;5197;5201;6.73;0.41;283.79;3.76;1037;13;1777.00;4
4163;13;620894007;4163;377;5197;5201;6.74;0.41;283.97;3.76;1034;13;1778.00;4
4167;13;620894021;4167;377;5198;5202;6.80;0.41;284.19;3.76;1031;13;1779.00;4
4170;13;620894035;4170;383;5198;5203;6.78;0.41;284.31;3.76;1028;13;1780.00;5
4174;13;620894048;4174;383;5198;5203;6.69;0.41;284.39;3.76;1024;13;1781.00;5
4177;13;620894062;4177;386;5200;5206;6.71;0.41;284.51;3.76;1023;13;1782.00;6
4180;13;620894075;4180;384;5200;5206;6.66;0.40;284.69;3.76;1020;13;1783.00;6
4185;13;620894088;4185;387;5201;5206;6.62;0.40;284.85;3.76;1016;13;1784.00;5
4187;13;620894102;4187;384;5201;5206;6.60;0.40;284.85;3.76;1014;13;1785.00;5
4188;13;620894114;4188;385;5206;5212;6.58;0.40;284.86;3.75;1018;13;1786.00;6
4189;13;620894128;4189;381;5206;5212;6.60;0.40;284.96;3.75;1017;13;1787.00;6
4191;13;620894142;4191;380;5206;5212;6.61;0.40;285.08;3.75;1015;13;1788.00;6
4196;13;620894155;4196;381;5206;5212;6.57;0.40;285.13;3.75;1010;13;1789.00;6
4197;13;620894169;4197;373;5209;5216;6.57;0.40;285.12;3.75;1012;13;1790.00;7
4200;13;620894183;4200;368;5210;5217;6.57;0.40;285.25;3.75;1010;13;1791.00;7
4202;13;620894197;4202;368;5210;5217;6.62;0.40;285.26;3.75;1008;13;1792.00;7
4204;13;620894211;4204;364;5211;5218;6.64;0.40;285.26;3.75;1007;13;1793.00;7
4207;13;620894224;4207;356;5211;5218;6.65;0.40;285.35;3.75;1004;13;1794.00;7
4209;13;620894237;4209;345;5211;5218;6.69;0.41;285.51;3.75;1002;13;1795.00;7
4212;13;620894251;4212;343;5211;5218;6.71;0.41;285.49;3.75;999;13;1796.00;7
4213;13;620894264;4213;339;5211;5218;6.77;0.41;285.53;3.75;998;13;1797.00;7
4215;13;620894276;4215;340;5211;5218;6.82;0.41;285.56;3.75;996;13;1798.00;7
4218;13;620894289;4218;333;5211;5218;6.81;0.41;285.60;3.75;993;13;1799.00;7
4220;13;620894304;4220;347;5278;5356;6.93;0.43;285.63;3.70;1058;13;1800.00;78
4224;13;620894334;4224;332;5281;5357;6.94;0.43;285.85;3.70;1057;13;1801.00;76
4228;13;620894348;4228;316;5292;5357;6.99;0.43;285.97;3.70;1064;13;1802.00;65
4232;13;620894360;4232;312;5295;5357;7.01;0.43;286.06;3.70;1063;13;1803.00;62
4233;13;620894374;4233;308;5299;5357;7.05;0.43;286.09;3.70;1066;13;1804.00;58
4236;13;620894388;4236;304;5304;5357;7.07;0.43;286.21;3.71;1068;13;1805.00;53
4239;13;620894403;4239;299;5312;5357;7.07;0.43;286.28;3.72;1073;13;1806.00;45
4240;13;620894417;4240;302;5319;5357;7.08;0.43;286.41;3.72;1079;13;1807.00;38
4246;13;620894432;4246;299;5322;5358;7.03;0.43;286.59;3.72;1076;13;1808.00;36
4248;13;620894446;4248;298;5325;5359;7.00;0.43;286.54;3.73;1077;13;1809.00;34
4254;13;620894460;4254;294;5328;5359;6.91;0.42;286.75;3.73;1074;13;1810.00;31
4257;13;620894475;4257;290;5333;5363;6.88;0.42;286.78;3.73;1076;13;1811.00;30
4260;13;620894489;4260;294;5336;5363;6.78;0.41;286.92;3.73;1076;13;1812.00;27
4261;13;620894502;4261;286;5336;5363;6.74;0.41;286.94;3.73;1075;13;1813.00;27
4264;13;620894516;4264;279;5336;5363;6.69;0.41;286.98;3.73;1072;13;1814.00;27
4265;13;620894529;4265;286;5340;5369;6.68;0.41;287.00;3.73;1075;13;1815.00;29
4269;13;620894551;4269;288;5340;5369;6.65;0.41;286.90;3.73;1071;13;1816.00;29
4269;13;620894566;4269;285;5340;5369;6.69;0.41;286.90;3.73;1071;13;1817.00;29
4273;13;620894580;4273;284;5344;5372;6.64;0.40;286.94;3.74;1071;13;1818.00;28
4277;13;620894595;4277;277;5345;5372;6.67;0.41;286.90;3.74;1068;13;1819.00;27
4279;13;620894608;4279;285;5346;5372;6.66;0.41;287.02;3.74;1067;13;1820.00;26
4279;13;620894622;4279;283;5349;5373;6.66;0.41;287.02;3.75;1070;13;1821.00;24
4279;13;620894635;4279;280;5350;5374;6.78;0.41;287.02;3.75;1071;13;1822.00;24
4281;13;620894650;4281;276;5351;5374;6.80;0.41;287.09;3.75;1070;13;1823.00;23
4285;13;620894669;4285;279;5360;5387;6.84;0.42;287.25;3.76;1075;13;1824.00;27
4287;13;620894695;4287;284;5364;5387;6.88;0.42;287.35;3.76;1077;13;1825.00;23
4288;13;620894717;4288;283;5365;5387;6.99;0.43;287.44;3.76;1077;13;1826.00;22
4293;13;620894739;4293;283;5368;5388;6.98;0.42;287.45;3.76;1075;13;1827.00;20
4294;13;620894759;4294;283;5368;5388;7.03;0.43;287.45;3.76;1074;13;1828.00;20
4295;13;620894777;4295;282;5372;5392;7.07;0.43;287.39;3.76;1077;13;1829.00;20
4298;13;620894795;4298;290;5374;5392;7.04;0.43;287.57;3.78;1076;13;1830.00;18
4299;13;620894811;4299;295;5377;5396;7.00;0.43;287.55;3.77;1078;13;1831.00;19
4302;13;620894826;4302;290;5377;5396;6.98;0.43;287.73;3.77;1075;13;1832.00;19
4305;13;620894841;4305;300;5379;5396;6.93;0.42;287.87;3.79;1074;13;1833.00;17
4308;13;620894855;4308;298;5379;5396;6.89;0.42;287.83;3.79;1071;13;1834.00;17
4309;13;620894869;4309;308;5381;5396;6.89;0.42;287.95;3.81;1072;13;1835.00;15
4313;13;620894882;4313;310;5391;5408;6.88;0.42;288.00;3.80;1078;13;1836.00;17
4316;13;620894898;4316;316;5392;5408;6.83;0.42;288.11;3.81;1076;13;1837.00;16
4318;13;620894912;4318;320;5394;5408;6.82;0.42;288.11;3.81;1076;13;1838.00;14
4319;13;620894925;4319;330;5395;5408;6.81;0.42;288.21;3.82;1076;13;1839.00;13
4321;13;620894938;4321;339;5395;5408;6.74;0.41;288.34;3.82;1074;13;1840.00;13
4323;13;620894952;4323;336;5397;5408;6.75;0.41;288.41;3.83;1074;13;1841.00;11
4325;13;620894965;4325;348;5397;5409;6.78;0.41;288.40;3.83;1072;13;1842.00;12
4328;13;620894979;4328;350;5399;5409;6.73;0.41;288.43;3.84;1071;13;1843.00;10
4330;13;620894993;4330;352;5404;5415;6.75;0.41;288.50;3.84;1074;13;1844.00;11
4333;13;620895016;4333;355;5408;5417;6.73;0.41;288.50;3.85;1075;13;1845.00;9
4333;13;620895031;4333;361;5408;5417;6.68;0.41;288.50;3.85;1075;13;1846.00;9
4336;13;620895044;4336;365;5408;5417;6.54;0.40;288.67;3.85;1072;13;1847.00;9
4341;13;620895056;4341;366;5411;5421;6.45;0.39;288.72;3.85;1070;13;1848.00;10
4347;13;620895070;4347;365;5414;5421;6.33;0.39;288.86;3.87;1067;13;1849.00;7
4347;13;620895085;4347;365;5414;5421;6.28;0.39;288.86;3.87;1067;13;1850.00;7
4349;13;620895097;4349;366;5418;5422;6.28;0.39;288.98;3.88;1069;13;1851.00;4
4351;13;620895109;4351;363;5421;5426;6.25;0.38;289.17;3.87;1070;13;1852.00;5
4353;13;620895122;4353;369;5421;5426;6.26;0.39;289.11;3.87;1068;13;1853.00;5
4357;13;620895134;4357;366;5424;5429;6.28;0.39;289.13;3.87;1067;13;1854.00;5
4360;13;620895149;4360;368;5424;5429;6.25;0.38;289.20;3.87;1064;13;1855.00;5
4362;13;620895161;4362;367;5426;5429;6.31;0.39;289.19;3.88;1064;13;1856.00;3
4364;13;620895173;4364;364;5428;5429;6.33;0.39;289.18;3.88;1064;13;1857.00;1
4365;13;620895185;4365;362;5432;5433;6.41;0.39;289.15;3.88;1067;13;1858.00;1
4366;13;620895197;4366;360;5432;5433;6.36;0.39;289.12;3.88;1066;13;1859.00;1
4366;13;620895211;4366;371;5432;5433;6.30;0.39;289.12;3.88;1066;13;1860.00;1
4368;13;620895223;4368;377;5432;5433;6.22;0.38;289.07;3.88;1064;13;1861.00;1
4373;13;620895234;4373;386;5433;5434;6.04;0.37;289.27;3.88;1060;13;1862.00;1
4379;13;620895246;4379;392;5434;5435;5.87;0.36;289.00;3.87;1055;13;1863.00;1
4381;13;620895259;4381;397;5434;5435;5.78;0.35;289.06;3.87;1053;13;1864.00;1
4383;13;620895270;4383;394;5435;5436;5.69;0.35;289.16;3.87;1052;13;1865.00;1
4387;13;620895281;4387;402;5435;5436;5.58;0.34;289.13;3.87;1048;13;1866.00;1
4391;13;620895291;4391;413;5435;5436;5.45;0.34;289.06;3.87;1044;13;1867.00;1
4396;13;620895302;4396;420;5435;5436;5.29;0.33;289.08;3.87;1039;13;1868.00;1
4399;13;620895312;4399;429;5435;5436;5.16;0.32;289.02;3.87;1036;13;1869.00;1
4401;13;620895321;4401;422;5435;5436;5.10;0.32;289.07;3.87;1034;13;1870.00;1
4405;13;620895332;4405;417;5435;5436;5.07;0.31;289.06;3.87;1030;13;1871.00;1
4409;13;620895343;4409;437;5510;5563;5.37;0.34;289.08;3.82;1101;13;1872.00;53
4414;13;620895363;4414;432;5515;5564;5.35;0.33;288.91;3.82;1101;13;1873.00;49
4417;13;620895375;4417;423;5524;5564;5.46;0.34;288.88;3.82;1107;13;1874.00;40
4421;13;620895386;4421;426;5526;5564;5.46;0.34;288.79;3.82;1105;13;1875.00;38
4425;13;620895397;4425;424;5533;5564;5.46;0.34;288.76;3.82;1108;13;1876.00;31
4425;13;620895408;4425;424;5534;5564;5.49;0.34;288.76;3.82;1109;13;1877.00;30
4430;13;620895419;4430;425;5538;5564;5.43;0.34;288.65;3.82;1108;13;1878.00;26
4431;13;620895431;4431;424;5541;5564;5.46;0.34;288.66;3.82;1110;13;1879.00;23
4432;13;620895443;4432;431;5545;5565;5.44;0.34;288.64;3.82;1113;13;1880.00;20
4435;13;620895454;4435;439;5547;5566;5.39;0.33;288.61;3.82;1112;13;1881.00;19
4436;13;620895467;4436;442;5552;5568;5.34;0.33;288.57;3.83;1116;13;1882.00;16
4438;13;620895479;4438;442;5554;5569;5.27;0.33;288.53;3.83;1116;13;1883.00;15
4441;13;620895491;4441;448;5556;5569;5.22;0.32;288.52;3.83;1115;13;1884.00;13
4444;13;620895502;4444;445;5559;5569;5.18;0.32;288.45;3.84;1115;13;1885.00;10
4447;13;620895514;4447;455;5560;5569;5.14;0.32;288.47;3.84;1113;13;1886.00;9
4450;13;620895526;4450;457;5564;5573;5.07;0.31;288.47;3.84;1114;13;1887.00;9
4452;13;620895537;4452;457;5564;5573;5.03;0.31;288.46;3.84;1112;13;1888.00;9
4455;13;620895549;4455;465;5565;5573;5.00;0.31;288.57;3.84;1110;13;1889.00;8
4457;13;620895563;4457;473;5568;5579;5.00;0.31;288.55;3.84;1111;13;1890.00;11
4461;13;620895575;4461;459;5569;5579;4.99;0.31;288.52;3.84;1108;13;1891.00;10
4464;13;620895588;4464;447;5570;5579;5.02;0.31;288.55;3.84;1106;13;1892.00;9
4468;13;620895601;4468;443;5573;5583;5.05;0.31;288.55;3.84;1105;13;1893.00;10
4470;13;620895613;4470;446;5575;5584;5.08;0.31;288.55;3.84;1105;13;1894.00;9
4477;13;620895625;4477;438;5575;5584;5.11;0.31;288.67;3.84;1098;13;1895.00;9
4480;13;620895642;4480;447;5578;5588;5.17;0.32;288.72;3.84;1098;13;1896.00;10
4486;13;620895658;4486;447;5578;5588;5.15;0.31;288.81;3.84;1092;13;1897.00;10
4490;13;620895674;4490;443;5580;5588;5.19;0.32;288.77;3.85;1090;13;1898.00;8
4492;13;620895687;4492;442;5580;5589;5.20;0.32;288.73;3.85;1088;13;1899.00;9
4493;13;620895701;4493;444;5580;5589;5.23;0.32;288.76;3.85;1087;13;1900.00;9
4498;13;620895718;4498;446;5584;5595;5.23;0.32;288.77;3.85;1086;13;1901.00;11
4501;13;620895732;4501;442;5584;5595;5.19;0.32;288.70;3.85;1083;13;1902.00;11
4504;13;620895745;4504;446;5585;5596;5.18;0.32;288.73;3.85;1081;13;1903.00;11
4510;13;620895767;4510;447;5585;5596;5.14;0.31;288.61;3.85;1075;13;1904.00;11
4511;13;620895780;4511;451;5585;5596;5.15;0.32;288.63;3.85;1074;13;1905.00;11
4513;13;620895793;4513;456;5588;5596;5.17;0.32;288.59;3.86;1075;13;1906.00;8
4516;13;620895806;4516;460;5588;5596;5.15;0.32;288.66;3.86;1072;13;1907.00;8
4519;13;620895818;4519;465;5597;5608;5.25;0.32;288.58;3.85;1078;13;1908.00;11
4520;13;620895833;4520;465;5597;5608;5.30;0.33;288.60;3.85;1077;13;1909.00;11
4521;13;620895846;4521;471;5599;5608;5.35;0.33;288.59;3.85;1078;13;1910.00;9
4522;13;620895858;4522;468;5599;5608;5.43;0.33;288.61;3.85;1077;13;1911.00;9
4525;13;620895871;4525;469;5599;5608;5.46;0.33;288.63;3.85;1074;13;1912.00;9
4527;13;620895884;4527;475;5600;5608;5.48;0.33;288.66;3.85;1073;13;1913.00;8
4529;13;620895897;4529;479;5603;5612;5.53;0.34;288.71;3.85;1074;13;1914.00;9
4531;13;620895911;4531;486;5605;5612;5.49;0.34;288.88;3.87;1074;13;1915.00;7
4534;13;620895924;4534;479;5609;5616;5.42;0.33;288.86;3.87;1075;13;1916.00;7
4538;13;620895937;4538;467;5610;5617;5.39;0.33;289.18;3.87;1072;13;1917.00;7
4543;13;620895951;4543;456;5610;5617;5.32;0.32;289.28;3.87;1067;13;1918.00;7
4547;13;620895964;4547;458;5610;5617;5.32;0.32;289.52;3.87;1063;13;1919.00;7
4551;13;620895980;4551;464;5635;5646;5.43;0.33;289.51;3.85;1084;13;1920.00;11
4555;13;620895996;4555;459;5635;5646;5.53;0.34;289.57;3.85;1080;13;1921.00;11
4555;13;620896010;4555;456;5636;5646;5.63;0.34;289.57;3.85;1081;13;1922.00;10
4558;13;620896023;4558;458;5637;5647;5.69;0.35;289.72;3.85;1079;13;1923.00;10
4561;13;620896036;4561;459;5638;5648;5.75;0.35;289.72;3.85;1077;13;1924.00;10
4563;13;620896049;4563;457;5638;5648;5.80;0.35;289.83;3.85;1075;13;1925.00;10
4566;13;620896063;4566;450;5640;5651;5.81;0.35;289.88;3.85;1074;13;1926.00;11
4569;13;620896077;4569;435;5640;5651;5.76;0.35;289.91;3.85;1071;13;1927.00;11
4571;13;620896098;4571;429;5641;5651;5.75;0.35;289.88;3.85;1070;13;1928.00;10
4573;13;620896112;4573;418;5641;5651;5.74;0.35;289.89;3.85;1068;13;1929.00;10
4576;13;620896127;4576;416;5646;5657;5.78;0.35;289.96;3.85;1070;13;1930.00;11
4577;13;620896142;4577;411;5646;5657;5.81;0.35;289.96;3.85;1069;13;1931.00;11
4578;13;620896156;4578;416;5646;5657;5.75;0.35;290.04;3.85;1068;13;1932.00;11
4580;13;620896176;4580;415;5646;5657;5.75;0.35;290.09;3.85;1066;13;1933.00;11
4583;13;620896189;4583;414;5649;5661;5.76;0.35;290.22;3.85;1066;13;1934.00;12
4584;13;620896203;4584;416;5651;5663;5.80;0.35;290.28;3.84;1067;13;1935.00;12
4585;13;620896217;4585;416;5651;5663;5.86;0.36;290.24;3.84;1066;13;1936.00;12
4586;13;620896231;4586;411;5652;5664;5.93;0.36;290.38;3.84;1066;13;1937.00;12
4587;13;620896245;4587;407;5652;5664;5.95;0.36;290.46;3.84;1065;13;1938.00;12
4589;13;620896259;4589;396;5652;5664;5.98;0.37;290.51;3.84;1063;13;1939.00;12
4590;13;620896273;4590;394;5652;5664;6.04;0.37;290.54;3.84;1062;13;1940.00;12
4595;13;620896286;4595;398;5652;5664;5.97;0.36;290.89;3.84;1057;13;1941.00;12
4596;13;620896300;4596;397;5652;5664;6.02;0.37;290.92;3.84;1056;13;1942.00;12
4598;13;620896314;4598;398;5652;5664;6.06;0.37;290.94;3.84;1054;13;1943.00;12
4600;13;620896327;4600;413;5695;5734;6.01;0.37;290.97;3.81;1095;13;1944.00;39
4605;13;620896347;4605;410;5695;5735;5.99;0.37;291.10;3.81;1090;13;1945.00;40
4607;13;620896360;4607;406;5700;5735;6.04;0.37;291.15;3.81;1093;13;1946.00;35
4609;13;620896373;4609;399;5700;5735;6.02;0.37;291.16;3.81;1091;13;1947.00;35
4615;13;620896386;4615;401;5702;5735;5.97;0.36;291.42;3.81;1087;13;1948.00;33
4618;13;620896400;4618;406;5703;5735;5.93;0.36;291.41;3.81;1085;13;1949.00;32
4620;13;620896415;4620;414;5709;5737;5.95;0.36;291.50;3.81;1089;13;1950.00;28
4624;13;620896429;4624;413;5710;5737;5.97;0.36;291.58;3.81;1086;13;1951.00;27
4627;13;620896442;4627;414;5713;5738;6.01;0.37;291.78;3.82;1086;13;1952.00;25
4629;13;620896455;4629;422;5713;5739;6.06;0.37;291.78;3.82;1084;13;1953.00;26
4633;13;620896469;4633;419;5716;5739;6.12;0.37;292.01;3.82;1083;13;1954.00;23
4636;13;620896483;4636;425;5722;5743;6.13;0.37;292.05;3.82;1086;13;1955.00;21
4639;13;620896497;4639;418;5725;5743;6.18;0.38;292.14;3.82;1086;13;1956.00;18
4640;13;620896511;4640;418;5726;5743;6.16;0.37;292.12;3.82;1086;13;1957.00;17
4642;13;620896524;4642;423;5726;5743;6.08;0.37;292.23;3.82;1084;13;1958.00;17
4643;13;620896537;4643;424;5731;5749;6.02;0.37;292.32;3.82;1088;13;1959.00;18
4645;13;620896552;4645;419;5731;5749;6.00;0.37;292.36;3.82;1086;13;1960.00;18
4649;13;620896566;4649;421;5731;5749;5.92;0.36;292.66;3.82;1082;13;1961.00;18
4651;13;620896581;4651;417;5733;5752;5.93;0.36;292.72;3.82;1082;13;1962.00;19
4658;13;620896594;4658;420;5733;5752;5.87;0.36;292.93;3.82;1075;13;1963.00;19
4659;13;620896608;4659;412;5734;5752;5.89;0.36;292.98;3.82;1075;13;1964.00;18
4660;13;620896621;4660;406;5734;5753;5.92;0.36;293.00;3.82;1074;13;1965.00;19
4662;13;620896634;4662;404;5735;5754;5.99;0.36;293.03;3.82;1073;13;1966.00;19
4662;13;620896649;4662;396;5735;5754;6.04;0.37;293.03;3.82;1073;13;1967.00;19
4667;13;620896661;4667;392;5745;5767;6.05;0.37;293.04;3.81;1078;13;1968.00;22
4669;13;620896683;4669;386;5745;5767;6.07;0.37;293.07;3.81;1076;13;1969.00;22
4672;13;620896703;4672;376;5745;5767;6.06;0.37;293.11;3.81;1073;13;1970.00;22
4675;13;620896724;4675;367;5746;5768;6.03;0.37;293.32;3.81;1071;13;1971.00;22
4677;13;620896743;4677;360;5746;5768;6.04;0.37;293.32;3.81;1069;13;1972.00;22
4681;13;620896759;4681;353;5751;5772;5.98;0.36;293.45;3.81;1070;13;1973.00;21
4683;13;620896783;4683;346;5751;5772;5.99;0.36;293.42;3.81;1068;13;1974.00;21
4684;13;620896797;4684;342;5755;5776;6.03;0.37;293.39;3.83;1071;13;1975.00;21
4687;13;620896813;4687;335;5755;5776;6.07;0.37;293.43;3.83;1068;13;1976.00;21
4692;13;620896826;4692;331;5755;5776;6.10;0.37;293.58;3.83;1063;13;1977.00;21
4695;13;620896842;4695;323;5755;5776;6.15;0.37;293.86;3.83;1060;13;1978.00;21
4696;13;620896856;4696;320;5755;5776;6.20;0.38;293.88;3.83;1059;13;1979.00;21
4701;13;620896871;4701;323;5777;5810;6.27;0.38;293.95;3.81;1076;13;1980.00;33
4701;13;620896887;4701;319;5778;5810;6.26;0.38;293.95;3.81;1077;13;1981.00;32
4705;13;620896899;4705;310;5780;5810;6.22;0.38;293.97;3.81;1075;13;1982.00;30
4709;13;620896912;4709;316;5780;5810;6.16;0.38;294.19;3.81;1071;13;1983.00;30
4710;13;620896925;4710;316;5781;5810;6.12;0.37;294.18;3.81;1071;13;1984.00;29
4712;13;620896938;4712;322;5781;5810;6.13;0.37;294.30;3.81;1069;13;1985.00;29
4715;13;620896951;4715;318;5782;5811;6.15;0.37;294.42;3.81;1067;13;1986.00;29
4715;13;620896965;4715;324;5782;5811;6.16;0.38;294.42;3.81;1067;13;1987.00;29
4718;13;620896984;4718;330;5786;5817;6.17;0.38;294.46;3.81;1068;13;1988.00;31
4722;13;620896998;4722;324;5787;5818;6.20;0.38;294.55;3.81;1065;13;1989.00;31
4725;13;620897011;4725;328;5787;5818;6.17;0.38;294.61;3.81;1062;13;1990.00;31
4728;13;620897024;4728;329;5790;5818;6.13;0.37;294.63;3.82;1062;13;1991.00;28
4730;13;620897036;4730;327;5793;5822;6.19;0.38;294.75;3.82;1063;13;1992.00;29
4732;13;620897048;4732;327;5794;5822;6.17;0.38;294.83;3.82;1062;13;1993.00;28
4733;13;620897061;4733;332;5795;5822;6.20;0.38;294.80;3.83;1062;13;1994.00;27
4737;13;620897074;4737;332;5796;5823;6.21;0.38;294.91;3.83;1059;13;1995.00;27
4740;13;620897088;4740;334;5799;5827;6.14;0.37;294.87;3.82;1059;13;1996.00;28
4744;13;620897101;4744;336;5801;5827;6.14;0.37;294.88;3.84;1057;13;1997.00;26
4746;13;620897114;4746;341;5803;5830;6.18;0.38;294.93;3.84;1057;13;1998.00;27
4746;13;620897127;4746;345;5804;5830;6.21;0.38;294.93;3.84;1058;13;1999.00;26
4748;13;620897141;4748;350;5805;5830;6.18;0.38;294.95;3.86;1057;13;2000.00;25
4751;13;620897158;4751;350;5805;5830;6.15;0.37;295.03;3.86;1054;13;2001.00;25
4754;13;620897170;4754;356;5809;5834;6.16;0.37;295.09;3.86;1055;13;2002.00;25
4756;13;620897184;4756;363;5810;5834;6.08;0.37;295.16;3.87;1054;13;2003.00;24
4756;13;620897198;4756;365;5810;5834;6.08;0.37;295.16;3.87;1054;13;2004.00;24
4759;13;620897211;4759;368;5811;5834;6.02;0.37;295.25;3.89;1052;13;2005.00;23
4760;13;620897223;4760;376;5812;5835;5.92;0.36;295.30;3.90;1052;13;2006.00;23
4761;13;620897235;4761;380;5813;5836;5.85;0.36;295.37;3.90;1052;13;2007.00;23
4763;13;620897255;4763;381;5813;5836;5.84;0.36;295.32;3.90;1050;13;2008.00;23
4765;13;620897267;4765;385;5815;5837;5.81;0.35;295.25;3.92;1050;13;2009.00;22
4765;13;620897281;4765;384;5815;5837;5.79;0.35;295.25;3.92;1050;13;2010.00;22
4766;13;620897294;4766;385;5816;5837;5.74;0.35;295.31;3.93;1050;13;2011.00;21
4767;13;620897307;4767;385;5816;5837;5.73;0.35;295.29;3.93;1049;13;2012.00;21
4768;13;620897319;4768;387;5816;5837;5.69;0.35;295.25;3.93;1048;13;2013.00;21
4771;13;620897331;4771;389;5816;5837;5.63;0.34;295.28;3.93;1045;13;2014.00;21
4775;13;620897343;4775;394;5818;5837;5.61;0.34;295.20;3.96;1043;13;2015.00;19
4778;13;620897354;4778;412;5884;5964;5.88;0.36;295.24;3.96;1106;13;2016.00;80
4780;13;620897378;4780;408;5886;5965;5.86;0.36;295.23;3.97;1106;13;2017.00;79
4782;13;620897391;4782;403;5896;5965;5.92;0.37;295.17;3.96;1114;13;2018.00;69
4784;13;620897403;4784;401;5901;5965;5.88;0.36;295.12;3.96;1117;13;2019.00;64
4787;13;620897415;4787;402;5911;5965;5.89;0.36;295.06;3.99;1124;13;2020.00;54
4789;13;620897428;4789;395;5915;5965;5.91;0.36;295.02;3.99;1126;13;2021.00;50
4792;13;620897441;4792;402;5920;5965;5.86;0.36;294.89;4.01;1128;13;2022.00;45
4793;13;620897453;4793;403;5922;5965;5.85;0.36;294.85;4.01;1129;13;2023.00;43
4795;13;620897466;4795;400;5925;5966;5.81;0.36;294.76;4.01;1130;13;2024.00;41
4797;13;620897486;4797;408;5933;5968;5.76;0.35;294.68;4.03;1136;13;2025.00;35
4797;13;620897498;4797;403;5936;5968;5.77;0.35;294.68;4.03;1139;13;2026.00;32
4797;13;620897511;4797;406;5941;5969;5.73;0.35;294.68;4.05;1144;13;2027.00;28
4799;13;620897531;4799;411;5942;5969;5.73;0.35;294.62;4.06;1143;13;2028.00;27
4802;13;620897543;4802;413;5944;5969;5.72;0.35;294.59;4.06;1142;13;2029.00;25
4803;13;620897556;4803;413;5948;5969;5.74;0.35;294.59;4.08;1145;13;2030.00;21
4803;13;620897568;4803;427;5952;5973;5.71;0.35;294.59;4.08;1149;13;2031.00;21
4806;13;620897581;4806;430;5954;5973;5.59;0.34;294.60;4.09;1148;13;2032.00;19
4807;13;620897594;4807;442;5957;5973;5.54;0.34;294.57;4.09;1150;13;2033.00;16
4810;13;620897606;4810;441;5959;5976;5.49;0.34;294.52;4.10;1149;13;2034.00;17
4813;13;620897625;4813;452;5962;5976;5.41;0.33;294.46;4.11;1149;13;2035.00;14
4814;13;620897645;4814;456;5963;5976;5.31;0.33;294.44;4.11;1149;13;2036.00;13
4816;13;620897656;4816;463;5967;5980;5.16;0.32;294.46;4.12;1151;13;2037.00;13
4818;13;620897669;4818;471;5970;5981;5.00;0.31;294.42;4.12;1152;13;2038.00;11
4823;13;620897684;4823;479;5971;5981;4.86;0.30;294.38;4.12;1148;13;2039.00;10
4825;13;620897697;4825;475;5977;5986;4.80;0.30;294.41;4.13;1152;13;2040.00;9
4827;13;620897709;4827;474;5977;5986;4.72;0.29;294.37;4.13;1150;13;2041.00;9
4829;13;620897721;4829;474;5978;5986;4.71;0.29;294.43;4.13;1149;13;2042.00;8
4833;13;620897732;4833;459;5979;5987;4.69;0.29;294.34;4.12;1146;13;2043.00;8
4836;13;620897744;4836;442;5979;5987;4.66;0.29;294.38;4.12;1143;13;2044.00;8
4839;13;620897759;4839;433;5984;5993;4.77;0.29;294.29;4.12;1145;13;2045.00;9
4842;13;620897772;4842;433;5984;5993;4.81;0.30;294.28;4.12;1142;13;2046.00;9
4843;13;620897784;4843;433;5984;5994;4.86;0.30;294.30;4.12;1141;13;2047.00;10
4846;13;620897799;4846;429;5984;5994;4.90;0.30;294.21;4.12;1138;13;2048.00;10
4849;13;620897813;4849;423;5984;5994;4.93;0.30;294.15;4.12;1135;13;2049.00;10
4850;13;620897832;4850;421;5984;5994;4.98;0.31;294.10;4.12;1134;13;2050.00;10
4856;13;620897846;4856;413;5984;5994;4.99;0.31;294.00;4.12;1128;13;2051.00;10
4856;13;620897858;4856;412;5995;6006;5.12;0.31;294.00;4.11;1139;13;2052.00;11
4859;13;620897878;4859;412;5995;6006;5.13;0.31;293.98;4.11;1136;13;2053.00;11
4864;13;620897892;4864;414;5995;6006;5.19;0.32;294.03;4.11;1131;13;2054.00;11
4865;13;620897906;4865;415;5995;6006;5.26;0.32;293.98;4.11;1130;13;2055.00;11
4868;13;620897918;4868;420;5995;6006;5.24;0.32;293.99;4.11;1127;13;2056.00;11
4871;13;620897932;4871;412;5995;6006;5.26;0.32;294.01;4.11;1124;13;2057.00;11
4873;13;620897946;4873;413;5998;6010;5.29;0.32;294.00;4.11;1125;13;2058.00;12
4876;13;620897964;4876;421;5998;6010;5.29;0.32;293.93;4.11;1122;13;2059.00;12
4880;13;620897982;4880;425;6002;6014;5.34;0.32;293.93;4.11;1122;13;2060.00;12
4882;13;620897998;4882;427;6003;6015;5.37;0.33;293.95;4.11;1121;13;2061.00;12
4884;13;620898014;4884;426;6003;6015;5.37;0.33;293.99;4.11;1119;13;2062.00;12
4886;13;620898030;4886;423;6003;6015;5.38;0.33;294.03;4.11;1117;13;2063.00;12
4890;13;620898045;4890;421;6014;6028;5.47;0.33;294.07;4.10;1124;13;2064.00;14
4897;13;620898061;4897;423;6014;6028;5.45;0.33;294.27;4.10;1117;13;2065.00;14
4901;13;620898075;4901;420;6014;6028;5.48;0.33;294.19;4.10;1113;13;2066.00;14
4905;13;620898090;4905;416;6015;6029;5.58;0.34;294.19;4.10;1110;13;2067.00;14
4907;13;620898104;4907;423;6015;6030;5.64;0.34;294.30;4.10;1108;13;2068.00;15
4912;13;620898118;4912;420;6015;6030;5.65;0.34;294.30;4.10;1103;13;2069.00;15
4919;13;620898135;4919;414;6020;6036;5.70;0.35;294.37;4.10;1101;13;2070.00;16
4922;13;620898150;4922;406;6020;6036;5.71;0.35;294.51;4.10;1098;13;2071.00;16
4927;13;620898164;4927;403;6021;6036;5.74;0.35;294.61;4.10;1094;13;2072.00;15
4934;13;620898179;4934;412;6021;6036;5.69;0.35;294.79;4.10;1087;13;2073.00;15
4935;13;620898194;4935;408;6026;6042;5.73;0.35;294.76;4.10;1091;13;2074.00;16
4942;13;620898208;4942;412;6026;6042;5.64;0.34;294.93;4.10;1084;13;2075.00;16
4947;13;620898222;4947;420;6026;6042;5.63;0.34;295.06;4.10;1079;13;2076.00;16
4949;13;620898236;4949;426;6026;6042;5.65;0.34;294.99;4.10;1077;13;2077.00;16
4953;13;620898250;4953;428;6029;6046;5.64;0.34;295.06;4.09;1076;13;2078.00;17
4956;13;620898264;4956;430;6030;6047;5.65;0.34;295.22;4.09;1074;13;2079.00;17
4958;13;620898277;4958;431;6030;6047;5.68;0.35;295.15;4.09;1072;13;2080.00;17
4961;13;620898290;4961;429;6031;6048;5.70;0.35;295.30;4.09;1070;13;2081.00;17
4964;13;620898304;4964;427;6031;6048;5.67;0.35;295.45;4.09;1067;13;2082.00;17
4967;13;620898317;4967;433;6031;6048;5.60;0.34;295.42;4.09;1064;13;2083.00;17
4971;13;620898331;4971;441;6031;6048;5.50;0.34;295.49;4.09;1060;13;2084.00;17
4972;13;620898344;4972;450;6031;6048;5.44;0.33;295.62;4.09;1059;13;2085.00;17
4974;13;620898357;4974;449;6031;6048;5.37;0.33;295.67;4.09;1057;13;2086.00;17
4977;13;620898369;4977;440;6031;6048;5.31;0.32;295.86;4.09;1054;13;2087.00;17
4977;13;620898383;4977;451;6075;6118;5.47;0.33;295.86;4.06;1098;13;2088.00;43
4981;13;620898405;4981;438;6076;6119;5.51;0.34;296.10;4.06;1095;13;2089.00;43
4984;13;620898419;4984;440;6081;6119;5.57;0.34;296.16;4.06;1097;13;2090.00;38
4987;13;620898433;4987;434;6083;6119;5.61;0.34;296.13;4.06;1096;13;2091.00;36
4990;13;620898447;4990;425;6086;6119;5.65;0.34;296.27;4.06;1096;13;2092.00;33
4993;13;620898461;4993;426;6089;6119;5.66;0.35;296.45;4.06;1096;13;2093.00;30
4995;13;620898482;4995;429;6092;6119;5.67;0.35;296.52;4.06;1097;13;2094.00;27
4996;13;620898496;4996;435;6094;6119;5.65;0.34;296.56;4.06;1098;13;2095.00;25
5000;13;620898509;5000;425;6095;6120;5.64;0.34;296.65;4.06;1095;13;2096.00;25
5002;13;620898524;5002;423;6096;6121;5.67;0.35;296.80;4.06;1094;13;2097.00;25
5003;13;620898539;5003;430;6098;6121;5.72;0.35;296.81;4.07;1095;13;2098.00;23
5006;13;620898554;5006;435;6102;6125;5.70;0.35;296.95;4.07;1096;13;2099.00;23
5008;13;620898575;5008;437;6107;6140;5.71;0.35;297.07;4.06;1099;13;2100.00;33
5010;13;620898600;5010;439;6107;6140;5.76;0.35;297.11;4.06;1097;13;2101.00;33
5015;13;620898615;5015;440;6107;6140;5.79;0.35;297.45;4.06;1092;13;2102.00;33
5018;13;620898630;5018;441;6111;6146;5.79;0.35;297.47;4.06;1093;13;2103.00;35
5020;13;620898645;5020;444;6111;6146;5.83;0.35;297.50;4.06;1091;13;2104.00;35
5023;13;620898659;5023;457;6112;6146;5.83;0.35;297.52;4.06;1089;13;2105.00;34
5023;13;620898679;5023;463;6115;6149;5.81;0.35;297.52;4.06;1092;13;2106.00;34
5025;13;620898700;5025;457;6115;6149;5.78;0.35;297.63;4.06;1090;13;2107.00;34
5028;13;620898722;5028;453;6116;6149;5.78;0.35;297.72;4.06;1088;13;2108.00;33
5029;13;620898743;5029;449;6116;6150;5.77;0.35;297.72;4.06;1087;13;2109.00;34
5036;13;620898764;5036;444;6117;6151;5.75;0.35;298.10;4.06;1081;13;2110.00;34
5038;13;620898782;5038;443;6119;6151;5.72;0.35;298.12;4.06;1081;13;2111.00;32
5042;13;620898799;5042;446;6128;6164;5.68;0.35;298.16;4.05;1086;13;2112.00;36
5042;13;620898816;5042;450;6129;6164;5.74;0.35;298.16;4.05;1087;13;2113.00;35
5044;13;620898832;5044;438;6129;6164;5.77;0.35;298.33;4.05;1085;13;2114.00;35
5049;13;620898846;5049;436;6131;6166;5.78;0.35;298.36;4.05;1082;13;2115.00;35
5050;13;620898860;5050;434;6132;6166;5.79;0.35;298.41;4.06;1082;13;2116.00;34
5051;13;620898874;5051;435;6136;6170;5.81;0.35;298.48;4.06;1085;13;2117.00;34
5052;13;620898889;5052;436;6136;6170;5.82;0.35;298.50;4.06;1084;13;2118.00;34
5054;13;620898903;5054;432;6139;6174;5.79;0.35;298.47;4.05;1085;13;2119.00;35
5055;13;620898919;5055;429;6139;6174;5.86;0.36;298.47;4.05;1084;13;2120.00;35
5055;13;620898934;5055;430;6139;6174;5.95;0.36;298.47;4.05;1084;13;2121.00;35
5060;13;620898948;5060;433;6140;6174;5.95;0.36;298.56;4.06;1080;13;2122.00;34
5061;13;620898963;5061;431;6141;6174;5.98;0.36;298.64;4.06;1080;13;2123.00;33
5063;13;620898978;5063;432;6149;6186;6.07;0.37;298.65;4.05;1086;13;2124.00;37
5065;13;620898993;5065;429;6151;6186;6.09;0.37;298.76;4.06;1086;13;2125.00;35
5067;13;620899007;5067;429;6152;6186;6.09;0.37;298.73;4.06;1085;13;2126.00;34
5070;13;620899021;5070;432;6153;6186;6.08;0.37;298.92;4.06;1083;13;2127.00;33
5073;13;620899035;5073;432;6153;6186;6.06;0.37;299.11;4.06;1080;13;2128.00;33
5075;13;620899050;5075;439;6155;6186;6.04;0.37;299.14;4.06;1080;13;2129.00;31
5077;13;620899067;5077;432;6155;6187;6.03;0.36;299.20;4.06;1078;13;2130.00;32
5078;13;620899090;5078;427;6156;6187;6.03;0.37;299.25;4.06;1078;13;2131.00;31
5082;13;620899104;5082;425;6161;6193;6.01;0.36;299.31;4.06;1079;13;2132.00;32
5082;13;620899119;5082;416;6162;6194;6.05;0.37;299.31;4.06;1080;13;2133.00;32
5084;13;620899135;5084;415;6162;6194;6.04;0.37;299.38;4.06;1078;13;2134.00;32
5084;13;620899151;5084;406;6162;6194;6.02;0.36;299.38;4.06;1078;13;2135.00;32
5084;13;620899165;5084;403;6165;6198;6.04;0.37;299.38;4.06;1081;13;2136.00;33
5087;13;620899179;5087;393;6165;6198;5.96;0.36;299.39;4.06;1078;13;2137.00;33
5088;13;620899193;5088;394;6165;6198;5.92;0.36;299.39;4.06;1077;13;2138.00;33
5090;13;620899208;5090;386;6166;6199;5.92;0.36;299.49;4.06;1076;13;2139.00;33
5093;13;620899223;5093;379;6169;6203;5.87;0.36;299.56;4.06;1076;13;2140.00;34
5095;13;620899238;5095;376;6169;6203;5.82;0.35;299.59;4.06;1074;13;2141.00;34
5099;13;620899251;5099;380;6171;6206;5.79;0.35;299.70;4.06;1072;13;2142.00;35
5099;13;620899265;5099;377;6172;6206;5.79;0.35;299.70;4.06;1073;13;2143.00;34
5102;13;620899277;5102;374;6172;6206;5.75;0.35;299.80;4.06;1070;13;2144.00;34
5104;13;620899290;5104;376;6174;6206;5.71;0.35;299.92;4.10;1070;13;2145.00;32
5108;13;620899304;5108;377;6178;6210;5.72;0.35;300.11;4.09;1070;13;2146.00;32
5112;13;620899317;5112;377;6178;6210;5.70;0.35;300.29;4.09;1066;13;2147.00;32
5115;13;620899330;5115;375;6178;6210;5.66;0.34;300.28;4.09;1063;13;2148.00;32
5118;13;620899342;5118;374;6178;6210;5.66;0.34;300.35;4.09;1060;13;2149.00;32
5118;13;620899355;5118;372;6178;6211;5.65;0.34;300.35;4.09;1060;13;2150.00;33
5120;13;620899367;5120;370;6179;6212;5.66;0.35;300.42;4.09;1059;13;2151.00;33
5124;13;620899380;5124;371;6179;6212;5.65;0.35;300.49;4.09;1055;13;2152.00;33
5124;13;620899392;5124;375;6180;6213;5.66;0.35;300.49;4.09;1056;13;2153.00;33
5127;13;620899405;5127;379;6180;6213;5.63;0.34;300.52;4.09;1053;13;2154.00;33
5129;13;620899418;5129;373;6180;6213;5.63;0.34;300.53;4.09;1051;13;2155.00;33
5131;13;620899430;5131;367;6180;6213;5.62;0.34;300.53;4.09;1049;13;2156.00;33
5134;13;620899442;5134;365;6180;6213;5.61;0.34;300.55;4.09;1046;13;2157.00;33
5138;13;620899454;5138;365;6180;6213;5.57;0.34;300.59;4.09;1042;13;2158.00;33
5141;13;620899467;5141;360;6180;6213;5.59;0.34;300.64;4.09;1039;13;2159.00;33
5144;13;620899482;5144;398;6286;6443;5.88;0.37;300.68;4.02;1142;13;2160.00;157
5146;13;620899515;5146;395;6290;6444;5.88;0.37;300.72;4.02;1144;13;2161.00;154
5147;13;620899529;5147;383;6302;6444;5.95;0.37;300.73;4.02;1155;13;2162.00;142
5149;13;620899542;5149;380;6307;6444;5.96;0.37;300.79;4.02;1158;13;2163.00;137
5151;13;620899556;5151;373;6316;6444;6.01;0.38;300.78;4.02;1165;13;2164.00;128
5154;13;620899571;5154;368;6322;6444;6.02;0.38;300.71;4.02;1168;13;2165.00;122
5158;13;620899585;5158;361;6332;6444;5.96;0.37;300.69;4.02;1174;13;2166.00;112
5158;13;620899600;5158;366;6341;6444;5.94;0.37;300.69;4.03;1183;13;2167.00;103
5161;13;620899614;5161;374;6347;6445;5.89;0.37;300.67;4.03;1186;13;2168.00;98
5161;13;620899630;5161;372;6352;6446;5.88;0.37;300.67;4.06;1191;13;2169.00;94
5163;13;620899645;5163;375;6358;6446;5.83;0.36;300.70;4.06;1195;13;2170.00;88
5167;13;620899658;5167;375;6362;6447;5.80;0.36;300.62;4.07;1195;13;2171.00;85
5168;13;620899674;5168;382;6366;6447;5.70;0.35;300.65;4.09;1198;13;2172.00;81
5170;13;620899690;5170;392;6368;6447;5.67;0.35;300.55;4.10;1198;13;2173.00;79
5171;13;620899704;5171;398;6371;6447;5.63;0.35;300.52;4.10;1200;13;2174.00;76
5172;13;620899719;5172;407;6377;6451;5.51;0.34;300.49;4.13;1205;13;2175.00;74
5173;13;620899740;5173;416;6378;6451;5.46;0.34;300.50;4.13;1205;13;2176.00;73
5178;13;620899755;5178;416;6383;6451;5.37;0.33;300.50;4.18;1205;13;2177.00;68
5181;13;620899770;5181;433;6386;6454;5.30;0.33;300.48;4.18;1205;13;2178.00;68
5182;13;620899785;5182;440;6387;6454;5.24;0.32;300.44;4.20;1205;13;2179.00;67
5182;13;620899799;5182;441;6389;6454;5.21;0.32;300.44;4.21;1207;13;2180.00;65
5184;13;620899813;5184;450;6393;6458;5.18;0.32;300.38;4.23;1209;13;2181.00;65
5188;13;620899827;5188;458;6396;6459;5.17;0.32;300.45;4.25;1208;13;2182.00;63
5188;13;620899842;5188;470;6399;6459;5.16;0.32;300.45;4.26;1211;13;2183.00;60
5190;13;620899863;5190;472;6404;6463;5.15;0.32;300.48;4.28;1214;13;2184.00;59
5192;13;620899878;5192;471;6405;6463;5.13;0.32;300.43;4.29;1213;13;2185.00;58
5194;13;620899892;5194;473;6408;6463;5.06;0.31;300.43;4.31;1214;13;2186.00;55
5197;13;620899906;5197;482;6409;6464;5.00;0.31;300.34;4.31;1212;13;2187.00;55
5198;13;620899919;5198;488;6410;6464;4.93;0.30;300.31;4.32;1212;13;2188.00;54
5201;13;620899933;5201;491;6417;6470;4.90;0.30;300.18;4.35;1216;13;2189.00;53
5204;13;620899950;5204;496;6419;6470;4.84;0.30;300.11;4.36;1215;13;2190.00;51
5206;13;620899965;5206;498;6419;6471;4.77;0.29;300.05;4.36;1213;13;2191.00;52
5207;13;620899980;5207;506;6423;6471;4.73;0.29;300.02;4.41;1216;13;2192.00;48
5207;13;620899994;5207;508;6424;6471;4.73;0.29;300.02;4.42;1217;13;2193.00;47
5210;13;620900008;5210;517;6426;6471;4.70;0.29;299.90;4.44;1216;13;2194.00;45
5211;13;620900021;5211;495;6427;6471;4.68;0.29;299.91;4.44;1216;13;2195.00;44
5212;13;620900035;5212;493;6438;6483;4.74;0.29;299.90;4.47;1226;13;2196.00;45
5214;13;620900050;5214;489;6441;6483;4.77;0.29;299.84;4.49;1227;13;2197.00;42
5215;13;620900064;5215;491;6443;6483;4.78;0.29;299.88;4.50;1228;13;2198.00;40
5215;13;620900085;5215;482;6443;6483;4.85;0.30;299.88;4.50;1228;13;2199.00;40
5215;13;620900099;5215;478;6444;6483;4.91;0.30;299.88;4.50;1229;13;2200.00;39
5218;13;620900117;5218;472;6444;6483;4.93;0.30;299.82;4.50;1226;13;2201.00;39
5221;13;620900138;5221;475;6451;6487;4.92;0.30;299.80;4.56;1230;13;2202.00;36
5222;13;620900152;5222;466;6451;6487;4.92;0.30;299.75;4.56;1229;13;2203.00;36
5226;13;620900166;5226;469;6455;6491;4.91;0.30;299.76;4.55;1229;13;2204.00;36
5228;13;620900181;5228;467;6457;6493;4.85;0.30;299.84;4.55;1229;13;2205.00;36
5232;13;620900197;5232;465;6457;6493;4.80;0.30;299.89;4.55;1225;13;2206.00;36
5236;13;620900210;5236;476;6460;6493;4.70;0.29;299.89;4.59;1224;13;2207.00;33
5239;13;620900225;5239;483;6469;6506;4.68;0.29;299.81;4.59;1230;13;2208.00;37
5240;14;620900239;5240;489;6470;6506;4.64;0.29;299.80;4.59;1230;14;2209.00;36
5245;14;620900269;5245;476;6473;6508;4.65;0.29;299.68;4.58;1228;14;2210.00;35
5248;14;620900282;5248;476;6474;6509;4.67;0.29;299.71;4.58;1226;14;2211.00;35
5250;14;620900296;5250;467;6474;6510;4.71;0.29;299.66;4.58;1224;14;2212.00;36
5254;14;620900310;5254;458;6474;6510;4.71;0.29;299.66;4.58;1220;14;2213.00;36
5256;15;620900323;5256;455;6477;6513;4.73;0.29;299.72;4.58;1221;15;2214.00;36
5260;15;620900359;5260;442;6477;6513;4.74;0.29;299.79;4.58;1217;15;2215.00;36
5262;15;620900381;5262;447;6477;6513;4.78;0.29;299.85;4.58;1215;15;2216.00;36
5266;15;620900396;5266;440;6477;6513;4.83;0.30;299.90;4.58;1211;15;2217.00;36
5271;15;620900415;5271;430;6481;6519;4.92;0.30;300.06;4.58;1210;15;2218.00;38
5275;15;620900431;5275;422;6481;6519;4.96;0.30;300.21;4.58;1206;15;2219.00;38
5276;15;620900450;5276;416;6481;6519;5.03;0.31;300.26;4.58;1205;15;2220.00;38
5281;15;620900465;5281;404;6481;6519;5.05;0.31;300.26;4.58;1200;15;2221.00;38
5286;15;620900480;5286;397;6484;6523;5.07;0.31;300.37;4.58;1198;15;2222.00;39
5288;15;620900494;5288;386;6485;6524;5.16;0.32;300.49;4.58;1197;15;2223.00;39
5291;15;620900507;5291;391;6485;6524;5.21;0.32;300.60;4.58;1194;15;2224.00;39
5293;15;620900522;5293;387;6486;6525;5.28;0.32;300.61;4.58;1193;15;2225.00;39
5297;15;620900537;5297;377;6486;6525;5.35;0.33;300.65;4.58;1189;15;2226.00;39
5301;15;620900551;5301;377;6486;6525;5.43;0.33;300.63;4.58;1185;15;2227.00;39
5303;15;620900565;5303;374;6486;6525;5.49;0.34;300.66;4.58;1183;15;2228.00;39
5309;15;620900580;5309;378;6486;6525;5.48;0.34;300.75;4.58;1177;15;2229.00;39
5312;15;620900595;5312;380;6486;6525;5.52;0.34;300.74;4.58;1174;15;2230.00;39
5315;15;620900610;5315;375;6486;6525;5.57;0.34;300.94;4.58;1171;15;2231.00;39
5321;15;620900624;5321;381;6525;6595;5.62;0.34;301.03;4.55;1204;15;2232.00;70
5324;15;620900645;5324;377;6528;6596;5.69;0.35;301.10;4.55;1204;15;2233.00;68
5328;15;620900661;5328;377;6530;6596;5.76;0.35;301.26;4.55;1202;15;2234.00;66
5330;15;620900680;5330;370;6535;6596;5.83;0.36;301.29;4.55;1205;15;2235.00;61
5336;15;620900703;5336;371;6536;6596;5.84;0.36;301.29;4.55;1200;15;2236.00;60
5338;15;620900725;5338;372;6537;6596;5.84;0.36;301.44;4.55;1199;15;2237.00;59
5346;15;620900748;5346;372;6538;6596;5.77;0.35;301.61;4.55;1192;15;2238.00;58
5347;15;620900770;5347;374;6538;6596;5.77;0.35;301.62;4.55;1191;15;2239.00;58
5350;15;620900790;5350;379;6540;6597;5.73;0.35;301.80;4.55;1190;15;2240.00;57
5354;15;620900808;5354;375;6540;6598;5.68;0.35;302.04;4.55;1186;15;2241.00;58
5355;15;620900826;5355;380;6541;6598;5.70;0.35;302.08;4.55;1186;15;2242.00;57
5358;15;620900841;5358;383;6547;6602;5.70;0.35;302.15;4.56;1189;15;2243.00;55
5361;15;620900857;5361;380;6547;6602;5.74;0.35;302.11;4.56;1186;15;2244.00;55
5368;15;620900872;5368;380;6549;6602;5.75;0.35;302.36;4.57;1181;15;2245.00;53
5371;15;620900889;5371;381;6550;6602;5.76;0.35;302.47;4.57;1179;15;2246.00;52
5376;15;620900905;5376;383;6554;6608;5.76;0.35;302.65;4.57;1178;15;2247.00;54
5381;15;620900921;5381;382;6555;6608;5.75;0.35;302.85;4.57;1174;15;2248.00;53
5385;15;620900938;5385;380;6557;6608;5.76;0.35;302.94;4.57;1172;15;2249.00;51
5387;15;620900955;5387;386;6561;6614;5.75;0.35;302.94;4.57;1174;15;2250.00;53
5390;15;620900971;5390;384;6562;6614;5.73;0.35;302.91;4.57;1172;15;2251.00;52
5392;15;620900988;5392;381;6562;6614;5.77;0.35;302.96;4.57;1170;15;2252.00;52
5394;15;620901004;5394;388;6564;6615;5.79;0.35;303.02;4.58;1170;15;2253.00;51
5397;15;620901020;5397;390;6565;6616;5.72;0.35;303.14;4.58;1168;15;2254.00;51
5399;15;620901036;5399;393;6566;6616;5.67;0.34;303.15;4.58;1167;15;2255.00;50
5404;15;620901052;5404;406;6576;6629;5.62;0.34;303.21;4.57;1172;15;2256.00;53
5409;15;620901068;5409;401;6577;6629;5.57;0.34;303.29;4.57;1168;15;2257.00;52
5412;15;620901085;5412;393;6578;6629;5.60;0.34;303.59;4.57;1166;15;2258.00;51
5412;15;620901100;5412;390;6580;6630;5.65;0.34;303.59;4.58;1168;15;2259.00;50
5414;15;620901115;5414;397;6581;6630;5.72;0.35;303.60;4.58;1167;15;2260.00;49
5417;15;620901130;5417;399;6585;6634;5.79;0.35;303.70;4.59;1168;15;2261.00;49
5419;15;620901146;5419;403;6586;6634;5.84;0.36;303.79;4.59;1167;15;2262.00;48
5423;15;620901161;5423;409;6590;6638;5.83;0.35;303.86;4.59;1167;15;2263.00;48
5425;15;620901176;5425;418;6591;6638;5.89;0.36;303.95;4.59;1166;15;2264.00;47
5427;15;620901192;5427;418;6591;6638;5.86;0.36;303.99;4.59;1164;15;2265.00;47
5430;15;620901214;5430;418;6591;6638;5.81;0.35;304.02;4.59;1161;15;2266.00;47
5431;15;620901229;5431;415;6591;6638;5.75;0.35;304.05;4.59;1160;15;2267.00;47
5433;15;620901245;5433;417;6601;6650;5.73;0.35;304.03;4.58;1168;15;2268.00;49
5440;15;620901262;5440;415;6601;6650;5.67;0.35;304.32;4.58;1161;15;2269.00;49
5442;15;620901277;5442;411;6602;6650;5.70;0.35;304.45;4.58;1160;15;2270.00;48
5445;15;620901291;5445;418;6602;6650;5.75;0.35;304.61;4.58;1157;15;2271.00;48
5446;15;620901307;5446;421;6602;6650;5.81;0.35;304.57;4.58;1156;15;2272.00;48
5450;15;620901322;5450;419;6602;6650;5.78;0.35;304.69;4.58;1152;15;2273.00;48
5452;15;620901337;5452;426;6602;6651;5.76;0.35;304.70;4.58;1150;15;2274.00;49
5453;15;620901352;5453;430;6602;6651;5.76;0.35;304.71;4.58;1149;16;2275.00;49
5456;15;620901377;5456;433;6607;6657;5.76;0.35;304.80;4.58;1151;16;2276.00;50
5460;15;620901393;5460;430;6608;6658;5.77;0.35;304.98;4.58;1148;16;2277.00;50
5461;15;620901408;5461;426;6608;6658;5.77;0.35;304.96;4.58;1147;16;2278.00;50
5465;15;620901422;5465;429;6609;6658;5.68;0.34;305.20;4.59;1144;16;2279.00;49
5466;15;620901442;5466;432;6613;6663;5.66;0.34;305.29;4.59;1147;16;2280.00;50
5468;15;620901457;5468;425;6613;6663;5.67;0.34;305.41;4.59;1145;16;2281.00;50
5474;15;620901473;5474;429;6613;6663;5.62;0.34;305.45;4.59;1139;16;2282.00;50
5477;15;620901487;5477;428;6614;6664;5.63;0.34;305.39;4.59;1137;16;2283.00;50
5481;15;620901502;5481;437;6617;6668;5.67;0.34;305.61;4.59;1136;16;2284.00;51
5484;15;620901523;5484;438;6617;6668;5.67;0.34;305.62;4.59;1133;16;2285.00;51
5487;15;620901544;5487;431;6619;6671;5.72;0.35;305.68;4.59;1132;16;2286.00;52
5490;15;620901560;5490;430;6620;6671;5.74;0.35;305.73;4.59;1130;16;2287.00;51
5493;15;620901575;5493;436;6620;6671;5.76;0.35;305.73;4.59;1127;16;2288.00;51
5495;15;620901590;5495;432;6620;6671;5.78;0.35;305.84;4.59;1125;16;2289.00;51
5497;15;620901604;5497;429;6625;6675;5.79;0.35;305.93;4.60;1128;16;2290.00;50
5500;15;620901618;5500;427;6625;6675;5.76;0.35;306.00;4.60;1125;16;2291.00;50
5500;15;620901643;5500;425;6625;6675;5.77;0.35;306.00;4.60;1125;16;2292.00;50
5503;15;620901657;5503;427;6625;6675;5.73;0.35;306.17;4.60;1122;16;2293.00;50
5505;15;620901672;5505;421;6625;6676;5.72;0.35;306.20;4.60;1120;16;2294.00;51
5507;15;620901689;5507;422;6627;6678;5.73;0.35;306.29;4.60;1120;16;2295.00;51
5509;15;620901705;5509;432;6627;6678;5.75;0.35;306.34;4.60;1118;16;2296.00;51
5510;15;620901718;5510;437;6628;6679;5.80;0.35;306.40;4.60;1118;16;2297.00;51
5512;15;620901732;5512;452;6628;6679;5.80;0.35;306.44;4.60;1116;16;2298.00;51
5515;15;620901745;5515;449;6628;6679;5.76;0.35;306.53;4.60;1113;16;2299.00;51
5516;15;620901761;5516;447;6628;6679;5.77;0.35;306.50;4.60;1112;16;2300.00;51
5518;15;620901780;5518;445;6628;6679;5.77;0.35;306.57;4.60;1110;16;2301.00;51
5522;15;620901795;5522;445;6628;6679;5.73;0.35;306.52;4.60;1106;16;2302.00;51
5526;15;620901809;5526;437;6628;6679;5.72;0.35;306.55;4.60;1102;16;2303.00;51
5531;15;620901823;5531;462;6701;6806;5.79;0.36;306.59;4.55;1170;16;2304.00;105
5533;15;620901848;5533;453;6702;6807;5.80;0.36;306.58;4.55;1169;16;2305.00;105
5535;15;620901862;5535;437;6708;6807;5.89;0.36;306.59;4.55;1173;16;2306.00;99
5539;15;620901876;5539;435;6709;6807;5.87;0.36;306.73;4.55;1170;16;2307.00;98
5539;15;620901890;5539;437;6715;6807;5.89;0.36;306.73;4.57;1176;16;2308.00;92
5541;15;620901905;5541;432;6717;6807;5.85;0.36;306.75;4.57;1176;16;2309.00;90
5542;15;620901921;5542;426;6719;6807;5.82;0.36;306.79;4.57;1177;16;2310.00;88
5544;15;620901937;5544;442;6722;6807;5.80;0.36;306.83;4.57;1178;16;2311.00;85
5545;15;620901958;5545;439;6723;6808;5.78;0.36;306.84;4.57;1178;16;2312.00;85
5548;15;620901981;5548;444;6728;6809;5.74;0.35;306.81;4.58;1180;16;2313.00;81
5552;15;620901995;5552;443;6732;6809;5.64;0.35;306.71;4.61;1180;16;2314.00;77
5555;15;620902018;5555;439;6736;6810;5.58;0.34;306.66;4.64;1181;16;2315.00;74
5559;15;620902033;5559;438;6738;6810;5.52;0.34;306.62;4.64;1179;16;2316.00;72
5563;15;620902048;5563;436;6740;6810;5.43;0.33;306.70;4.64;1177;16;2317.00;70
5565;15;620902062;5565;436;6743;6810;5.32;0.33;306.68;4.65;1178;16;2318.00;67
5568;15;620902077;5568;437;6747;6814;5.26;0.32;306.70;4.65;1179;16;2319.00;67
5569;15;620902093;5569;445;6748;6814;5.24;0.32;306.73;4.65;1179;16;2320.00;66
5570;15;620902107;5570;456;6750;6814;5.20;0.32;306.69;4.65;1180;16;2321.00;64
5574;15;620902121;5574;457;6751;6817;5.17;0.32;306.63;4.65;1177;16;2322.00;66
5575;15;620902137;5575;462;6752;6817;5.16;0.32;306.59;4.65;1177;16;2323.00;65
5580;15;620902152;5580;466;6753;6817;5.09;0.31;306.46;4.65;1173;16;2324.00;64
5582;15;620902167;5582;473;6756;6821;5.09;0.31;306.46;4.65;1174;16;2325.00;65
5584;15;620902181;5584;473;6759;6822;5.08;0.31;306.41;4.66;1175;16;2326.00;63
5587;15;620902196;5587;467;6759;6822;5.02;0.31;306.29;4.66;1172;16;2327.00;63
5590;15;620902211;5590;475;6763;6826;5.00;0.31;306.23;4.66;1173;16;2328.00;63
5592;15;620902225;5592;481;6764;6826;4.98;0.31;306.14;4.66;1172;16;2329.00;62
5595;15;620902240;5595;483;6765;6826;4.96;0.30;306.25;4.66;1170;16;2330.00;61
5597;15;620902254;5597;481;6766;6827;4.93;0.30;306.16;4.66;1169;16;2331.00;61
5597;15;620902269;5597;482;6766;6827;4.96;0.30;306.16;4.66;1169;16;2332.00;61
5600;15;620902283;5600;473;6771;6833;5.03;0.31;306.09;4.65;1171;16;2333.00;62
5601;15;620902299;5601;479;6771;6833;5.02;0.31;306.08;4.65;1170;16;2334.00;62
5602;15;620902314;5602;480;6771;6834;5.02;0.31;306.03;4.65;1169;16;2335.00;63
5604;15;620902328;5604;485;6772;6834;5.00;0.31;306.10;4.68;1168;16;2336.00;62
5607;15;620902343;5607;488;6772;6834;4.93;0.30;306.08;4.68;1165;16;2337.00;62
5609;15;620902357;5609;494;6773;6834;4.91;0.30;306.23;4.71;1164;16;2338.00;61
5611;15;620902371;5611;504;6774;6834;4.86;0.30;306.21;4.73;1163;16;2339.00;60
5611;15;620902389;5611;505;6801;6870;4.97;0.31;306.21;4.75;1190;16;2340.00;69
5611;15;620902407;5611;511;6802;6870;4.96;0.31;306.21;4.77;1191;16;2341.00;68
5611;15;620902422;5611;520;6805;6870;4.97;0.31;306.21;4.77;1194;16;2342.00;65
5612;15;620902438;5612;517;6806;6870;4.99;0.31;306.20;4.80;1194;16;2343.00;64
5616;15;620902457;5616;522;6808;6870;4.96;0.30;306.25;4.83;1192;16;2344.00;62
5616;15;620902473;5616;534;6808;6870;4.93;0.30;306.25;4.83;1192;16;2345.00;62
5616;15;620902487;5616;539;6813;6874;4.92;0.30;306.25;4.85;1197;16;2346.00;61
5620;15;620902501;5620;525;6813;6874;4.91;0.30;306.24;4.85;1193;16;2347.00;61
5621;15;620902518;5621;523;6819;6878;4.96;0.30;306.22;4.90;1198;16;2348.00;59
5624;15;620902533;5624;521;6821;6879;4.98;0.30;306.13;4.93;1197;16;2349.00;58
5624;15;620902548;5624;511;6822;6879;4.98;0.31;306.13;4.96;1198;16;2350.00;57
5624;16;620902563;5624;508;6823;6879;5.02;0.31;306.13;4.98;1199;17;2351.00;56
5625;16;620902599;5625;504;6835;6892;5.12;0.31;306.16;5.00;1210;17;2352.00;57
5627;16;620902615;5627;495;6836;6892;5.10;0.31;306.17;5.03;1209;17;2353.00;56
5632;16;620902639;5632;495;6837;6892;5.07;0.31;306.10;5.06;1205;17;2354.00;55
5633;16;620902653;5633;493;6839;6893;5.03;0.31;306.16;5.08;1206;17;2355.00;54
5633;16;620902668;5633;500;6840;6894;5.02;0.31;306.16;5.11;1207;17;2356.00;54
5633;16;620902697;5633;505;6841;6894;4.97;0.30;306.16;5.13;1208;17;2357.00;53
5634;16;620902717;5634;501;6844;6897;4.96;0.30;306.16;5.15;1210;17;2358.00;53
5636;16;620902736;5636;500;6845;6897;4.94;0.30;306.09;5.18;1209;17;2359.00;52
5637;16;620902755;5637;499;6846;6897;4.92;0.30;306.13;5.18;1209;17;2360.00;51
5639;16;620902774;5639;491;6846;6897;4.90;0.30;306.10;5.18;1207;17;2361.00;51
5640;16;620902794;5640;493;6851;6903;4.92;0.30;306.08;5.17;1211;17;2362.00;52
5642;16;620902810;5642;491;6854;6903;4.88;0.30;306.01;5.24;1212;17;2363.00;49
5644;16;620902833;5644;488;6854;6903;4.91;0.30;305.97;5.24;1210;17;2364.00;49
5645;16;620902847;5645;476;6856;6903;4.96;0.30;306.04;5.29;1211;17;2365.00;47
5645;16;620902860;5645;477;6860;6907;4.97;0.30;306.04;5.31;1215;17;2366.00;47
5648;16;620902874;5648;468;6863;6908;4.97;0.30;305.94;5.35;1215;17;2367.00;45
5650;16;620902889;5650;469;6863;6908;4.98;0.30;305.87;5.35;1213;17;2368.00;45
5651;16;620902902;5651;466;6864;6909;5.05;0.31;305.83;5.35;1213;17;2369.00;45
5653;16;620902917;5653;467;6866;6909;5.08;0.31;305.79;5.39;1213;17;2370.00;43
5653;16;620902931;5653;466;6866;6909;5.14;0.31;305.79;5.39;1213;17;2371.00;43
5656;16;620902944;5656;463;6866;6909;5.13;0.31;305.76;5.39;1210;17;2372.00;43
5659;16;620902958;5659;465;6866;6909;5.10;0.31;305.95;5.39;1207;17;2373.00;43
5664;16;620902971;5664;466;6866;6909;5.08;0.31;306.01;5.39;1202;17;2374.00;43
5667;16;620902986;5667;465;6870;6909;5.03;0.31;306.14;5.46;1203;17;2375.00;39
5672;16;620902999;5672;477;6913;6979;5.08;0.31;306.20;5.43;1241;17;2376.00;66
5675;16;620903019;5675;465;6915;6980;5.00;0.30;306.35;5.46;1240;17;2377.00;65
5677;16;620903032;5677;464;6920;6980;5.02;0.31;306.33;5.46;1243;17;2378.00;60
5679;16;620903047;5679;460;6925;6980;4.99;0.30;306.44;5.45;1246;17;2379.00;55
5682;16;620903060;5682;455;6930;6980;4.93;0.30;306.52;5.49;1248;17;2380.00;50
5686;16;620903075;5686;446;6931;6980;4.89;0.30;306.74;5.49;1245;17;2381.00;49
5688;16;620903089;5688;443;6934;6980;4.85;0.30;306.77;5.51;1246;17;2382.00;46
5690;16;620903103;5690;444;6934;6980;4.80;0.29;306.97;5.51;1244;17;2383.00;46
5692;16;620903118;5692;443;6936;6981;4.76;0.29;306.99;5.51;1244;17;2384.00;45
5694;16;620903134;5694;444;6940;6983;4.74;0.29;307.14;5.54;1246;17;2385.00;43
5698;16;620903151;5698;444;6941;6983;4.71;0.29;307.17;5.54;1243;17;2386.00;42
5701;16;620903168;5701;450;6945;6987;4.70;0.29;307.30;5.54;1244;17;2387.00;42
5705;16;620903184;5705;437;6946;6987;4.69;0.29;307.42;5.54;1241;17;2388.00;41
5709;16;620903198;5709;442;6946;6987;4.69;0.29;307.40;5.54;1237;17;2389.00;41
5712;16;620903214;5712;444;6948;6987;4.72;0.29;307.50;5.55;1236;17;2390.00;39
5714;16;620903231;5714;439;6952;6993;4.79;0.29;307.66;5.54;1238;17;2391.00;41
5717;16;620903247;5717;433;6954;6993;4.88;0.30;307.75;5.54;1237;17;2392.00;39
5721;16;620903264;5721;434;6954;6993;4.96;0.30;307.92;5.54;1233;17;2393.00;39
5724;16;620903278;5724;425;6955;6996;5.01;0.30;308.07;5.54;1231;17;2394.00;41
5728;16;620903301;5728;425;6956;6996;5.11;0.31;308.25;5.54;1228;17;2395.00;40
5729;16;620903317;5729;419;6957;6996;5.18;0.32;308.36;5.54;1228;17;2396.00;39
5733;16;620903332;5733;421;6958;6997;5.21;0.32;308.63;5.54;1225;17;2397.00;39
5735;16;620903349;5735;418;6959;6998;5.23;0.32;308.68;5.54;1224;17;2398.00;39
5737;16;620903363;5737;418;6959;6998;5.29;0.32;308.84;5.54;1222;17;2399.00;39
5743;16;620903384;5743;430;6982;7057;5.28;0.32;309.05;5.52;1239;17;2400.00;75
5749;16;620903414;5749;417;6982;7057;5.29;0.32;309.21;5.52;1233;17;2401.00;75
5752;16;620903430;5752;416;6985;7057;5.37;0.33;309.20;5.52;1233;17;2402.00;72
5757;16;620903446;5757;417;6985;7058;5.41;0.33;309.38;5.52;1228;17;2403.00;73
5761;16;620903462;5761;417;6987;7058;5.44;0.33;309.47;5.52;1226;17;2404.00;71
5764;16;620903478;5764;415;6988;7062;5.48;0.34;309.48;5.52;1224;17;2405.00;74
5769;16;620903493;5769;418;6991;7062;5.52;0.34;309.59;5.52;1222;17;2406.00;71
5772;16;620903509;5772;417;6995;7066;5.59;0.34;309.62;5.52;1223;17;2407.00;71
5777;16;620903525;5777;407;6996;7066;5.62;0.34;309.77;5.52;1219;17;2408.00;70
5782;16;620903541;5782;404;6996;7066;5.66;0.35;309.84;5.52;1214;17;2409.00;70
5788;16;620903557;5788;411;6998;7066;5.62;0.34;309.87;5.52;1210;17;2410.00;68
5792;16;620903573;5792;409;6998;7066;5.63;0.34;309.88;5.52;1206;17;2411.00;68
5794;16;620903589;5794;415;7005;7078;5.65;0.35;309.95;5.52;1211;17;2412.00;73
5800;16;620903606;5800;418;7006;7078;5.64;0.34;310.25;5.52;1206;17;2413.00;72
5805;16;620903622;5805;424;7007;7078;5.61;0.34;310.32;5.52;1202;17;2414.00;71
5810;16;620903637;5810;433;7008;7078;5.58;0.34;310.36;5.52;1198;17;2415.00;70
5813;16;620903654;5813;443;7011;7078;5.58;0.34;310.33;5.52;1198;17;2416.00;67
5820;16;620903671;5820;452;7013;7078;5.56;0.34;310.45;5.53;1193;17;2417.00;65
5823;16;620903690;5823;456;7016;7079;5.57;0.34;310.57;5.53;1193;17;2418.00;63
5827;16;620903705;5827;459;7017;7079;5.57;0.34;310.69;5.53;1190;17;2419.00;62
5831;16;620903721;5831;461;7022;7085;5.57;0.34;310.73;5.56;1191;17;2420.00;63
5835;16;620903737;5835;470;7024;7086;5.56;0.34;310.88;5.57;1189;17;2421.00;62
5837;16;620903760;5837;471;7024;7086;5.52;0.33;310.84;5.57;1187;17;2422.00;62
5839;16;620903775;5839;481;7025;7086;5.53;0.33;310.96;5.57;1186;17;2423.00;61
5840;16;620903791;5840;483;7028;7090;5.52;0.33;311.01;5.57;1188;17;2424.00;62
5843;16;620903806;5843;488;7028;7090;5.55;0.34;311.07;5.57;1185;17;2425.00;62
5847;16;620903821;5847;496;7028;7090;5.49;0.33;311.15;5.57;1181;17;2426.00;62
5849;16;620903837;5849;492;7032;7091;5.49;0.33;311.26;5.57;1183;17;2427.00;59
5849;16;620903853;5849;480;7035;7095;5.46;0.33;311.26;5.57;1186;17;2428.00;60
5851;16;620903869;5851;478;7035;7095;5.47;0.33;311.34;5.57;1184;17;2429.00;60
5855;16;620903886;5855;474;7039;7101;5.44;0.33;311.35;5.57;1184;17;2430.00;62
5857;16;620903901;5857;472;7039;7101;5.45;0.33;311.35;5.57;1182;17;2431.00;62
5859;16;620903916;5859;477;7042;7101;5.49;0.33;311.27;5.57;1183;17;2432.00;59
5862;16;620903931;5862;473;7042;7101;5.46;0.33;311.42;5.57;1180;17;2433.00;59
5865;16;620903946;5865;473;7046;7105;5.46;0.33;311.48;5.57;1181;17;2434.00;59
5866;16;620903962;5866;480;7046;7105;5.48;0.33;311.53;5.57;1180;17;2435.00;59
5870;16;620903976;5870;478;7046;7105;5.45;0.33;311.59;5.57;1176;17;2436.00;59
5872;16;620903992;5872;481;7047;7105;5.41;0.33;311.65;5.57;1175;17;2437.00;58
5875;17;620904008;5875;473;7047;7106;5.35;0.33;311.75;5.57;1172;18;2438.00;59
5877;17;620904037;5877;481;7048;7107;5.37;0.33;311.83;5.57;1171;18;2439.00;59
5881;17;620904052;5881;483;7049;7107;5.35;0.33;311.85;5.61;1168;18;2440.00;58
5886;17;620904067;5886;482;7050;7108;5.29;0.32;312.09;5.61;1164;18;2441.00;58
5889;17;620904082;5889;482;7050;7108;5.25;0.32;312.30;5.61;1161;18;2442.00;58
5890;17;620904097;5890;485;7051;7108;5.23;0.32;312.36;5.61;1161;18;2443.00;57
5893;17;620904111;5893;485;7051;7108;5.14;0.31;312.51;5.61;1158;18;2444.00;57
5895;17;620904125;5895;489;7051;7108;5.12;0.31;312.60;5.61;1156;18;2445.00;57
5896;17;620904140;5896;494;7051;7108;5.10;0.31;312.71;5.61;1155;18;2446.00;57
5899;17;620904158;5899;488;7051;7108;5.06;0.31;312.86;5.61;1152;18;2447.00;57
5904;17;620904173;5904;512;7118;7235;5.09;0.31;312.86;5.56;1214;18;2448.00;117
5908;17;620904200;5908;502;7119;7236;5.08;0.31;313.03;5.57;1211;18;2449.00;117
5911;17;620904216;5911;495;7125;7236;5.18;0.32;313.13;5.56;1214;18;2450.00;111
5914;17;620904229;5914;487;7127;7236;5.25;0.32;313.11;5.56;1213;18;2451.00;109
5917;17;620904244;5917;489;7133;7236;5.32;0.33;313.18;5.56;1216;18;2452.00;103
5919;17;620904259;5919;484;7134;7236;5.33;0.33;313.24;5.56;1215;18;2453.00;102
5921;17;620904273;5921;482;7138;7236;5.32;0.33;313.29;5.57;1217;18;2454.00;98
5923;17;620904287;5923;490;7141;7236;5.34;0.33;313.29;5.57;1218;18;2455.00;95
5928;17;620904302;5928;489;7146;7237;5.37;0.33;313.42;5.61;1218;18;2456.00;91
5931;17;620904317;5931;494;7150;7238;5.40;0.33;313.54;5.61;1219;18;2457.00;88
5933;17;620904331;5933;480;7152;7238;5.42;0.33;313.58;5.62;1219;18;2458.00;86
5937;17;620904346;5937;482;7156;7239;5.39;0.33;313.65;5.62;1219;18;2459.00;83
5939;17;620904362;5939;485;7159;7239;5.35;0.33;313.63;5.63;1220;18;2460.00;80
5939;17;620904377;5939;490;7161;7239;5.29;0.32;313.63;5.63;1222;18;2461.00;78
5940;17;620904392;5940;487;7164;7239;5.28;0.32;313.62;5.63;1224;18;2462.00;75
5944;17;620904406;5944;497;7167;7243;5.27;0.32;313.79;5.63;1223;18;2463.00;76
5946;17;620904422;5946;508;7168;7243;5.22;0.32;313.82;5.63;1222;18;2464.00;75
5949;17;620904436;5949;509;7171;7243;5.19;0.32;313.90;5.65;1222;18;2465.00;72
5953;17;620904450;5953;511;7175;7246;5.17;0.32;313.85;5.68;1222;18;2466.00;71
5956;17;620904464;5956;522;7177;7246;5.12;0.31;313.85;5.68;1221;18;2467.00;69
5961;17;620904478;5961;529;7179;7246;5.13;0.31;313.99;5.69;1218;18;2468.00;67
5965;17;620904493;5965;534;7182;7250;5.11;0.31;314.08;5.68;1217;18;2469.00;68
5967;17;620904507;5967;527;7183;7251;5.13;0.31;314.06;5.68;1216;18;2470.00;68
5968;17;620904522;5968;526;7184;7251;5.18;0.32;314.15;5.68;1216;18;2471.00;67
5970;17;620904535;5970;526;7186;7255;5.20;0.32;314.18;5.68;1216;18;2472.00;69
5973;17;620904556;5973;524;7186;7255;5.23;0.32;314.20;5.68;1213;18;2473.00;69
5975;17;620904570;5975;524;7186;7255;5.24;0.32;314.23;5.68;1211;18;2474.00;69
5979;17;620904584;5979;527;7188;7257;5.20;0.32;314.18;5.68;1209;18;2475.00;69
5982;17;620904599;5982;526;7188;7257;5.16;0.32;314.18;5.68;1206;18;2476.00;69
5983;17;620904612;5983;522;7192;7263;5.15;0.32;314.16;5.68;1209;18;2477.00;71
5986;17;620904625;5986;525;7193;7263;5.08;0.31;314.05;5.70;1207;18;2478.00;70
5987;17;620904640;5987;520;7193;7264;5.02;0.31;314.17;5.70;1206;18;2479.00;71
5989;17;620904653;5989;516;7193;7264;4.96;0.31;314.20;5.70;1204;18;2480.00;71
5990;17;620904667;5990;516;7194;7264;4.84;0.30;314.20;5.73;1204;18;2481.00;70
5993;17;620904684;5993;510;7194;7264;4.71;0.29;314.16;5.73;1201;18;2482.00;70
5997;17;620904702;5997;510;7198;7264;4.59;0.28;314.06;5.75;1201;18;2483.00;66
5999;17;620904731;5999;516;7208;7276;4.59;0.28;314.18;5.75;1209;18;2484.00;68
6003;17;620904754;6003;518;7211;7276;4.53;0.28;314.07;5.79;1208;18;2485.00;65
6008;17;620904773;6008;522;7211;7276;4.50;0.28;314.00;5.79;1203;18;2486.00;65
6009;17;620904795;6009;515;7212;7276;4.51;0.28;314.05;5.81;1203;18;2487.00;64
6014;17;620904811;6014;517;7212;7276;4.50;0.28;314.02;5.81;1198;18;2488.00;64
6017;17;620904826;6017;515;7213;7276;4.52;0.28;314.10;5.82;1196;18;2489.00;63
6021;17;620904842;6021;512;7216;7280;4.53;0.28;314.04;5.81;1195;18;2490.00;64
6022;17;620904856;6022;511;7217;7280;4.54;0.28;314.02;5.83;1195;18;2491.00;63
6023;17;620904869;6023;515;7221;7284;4.63;0.28;313.97;5.85;1198;18;2492.00;63
6026;17;620904883;6026;519;7222;7285;4.63;0.28;313.90;5.85;1196;18;2493.00;63
6027;17;620904903;6027;519;7224;7285;4.65;0.28;313.92;5.90;1197;18;2494.00;61
6028;17;620904916;6028;523;7225;7285;4.67;0.29;313.93;5.91;1197;18;2495.00;60
6029;17;620904936;6029;531;7234;7298;4.72;0.29;313.93;5.90;1205;18;2496.00;64
6031;17;620904950;6031;533;7234;7298;4.75;0.29;313.89;5.90;1203;18;2497.00;64
6033;17;620904964;6033;533;7235;7298;4.77;0.29;313.84;5.90;1202;18;2498.00;63
6036;17;620904978;6036;515;7236;7299;4.80;0.29;313.84;5.90;1200;18;2499.00;63
6038;17;620904994;6038;508;7236;7300;4.79;0.29;313.83;5.90;1198;18;2500.00;64
6039;17;620905012;6039;509;7238;7300;4.85;0.30;313.78;5.92;1199;18;2501.00;62
6041;18;620905026;6041;506;7240;7303;4.94;0.30;313.75;5.92;1199;19;2502.00;63
6043;18;620905059;6043;503;7242;7303;4.95;0.30;313.70;5.93;1199;19;2503.00;61
6046;18;620905074;6046;496;7243;7303;4.98;0.30;313.66;5.94;1197;19;2504.00;60
6047;18;620905088;6047;490;7243;7303;5.02;0.31;313.65;5.94;1196;19;2505.00;60
6049;18;620905108;6049;493;7249;7309;5.05;0.31;313.74;5.94;1200;19;2506.00;60
6051;18;620905122;6051;488;7249;7309;5.05;0.31;313.74;5.94;1198;19;2507.00;60
6053;18;620905142;6053;495;7250;7309;5.10;0.31;313.74;5.94;1197;19;2508.00;59
6054;18;620905156;6054;493;7251;7309;5.14;0.31;313.74;5.94;1197;19;2509.00;58
6054;18;620905170;6054;492;7254;7313;5.16;0.31;313.74;5.94;1200;19;2510.00;59
6056;18;620905184;6056;490;7255;7314;5.15;0.31;313.66;5.94;1199;19;2511.00;59
6056;18;620905199;6056;491;7256;7314;5.17;0.32;313.66;5.94;1200;19;2512.00;58
6059;18;620905213;6059;491;7259;7315;5.15;0.31;313.69;6.00;1200;19;2513.00;56
6061;18;620905227;6061;486;7259;7315;5.13;0.31;313.66;6.00;1198;19;2514.00;56
6061;18;620905241;6061;492;7259;7315;5.15;0.31;313.66;6.00;1198;19;2515.00;56
6061;18;620905255;6061;492;7259;7315;5.19;0.32;313.66;6.00;1198;19;2516.00;56
6063;18;620905269;6063;496;7261;7315;5.19;0.32;313.73;6.05;1198;19;2517.00;54
6064;18;620905283;6064;495;7261;7315;5.18;0.32;313.77;6.05;1197;19;2518.00;54
6065;18;620905296;6065;494;7261;7315;5.17;0.31;313.76;6.05;1196;19;2519.00;54
6066;18;620905312;6066;493;7317;7440;5.43;0.33;313.73;6.01;1251;19;2520.00;123
6067;18;620905335;6067;502;7320;7441;5.41;0.33;313.70;6.01;1253;19;2521.00;121
6070;18;620905349;6070;504;7332;7441;5.40;0.33;313.77;6.00;1262;19;2522.00;109
6073;18;620905363;6073;512;7340;7441;5.36;0.33;313.84;6.00;1267;19;2523.00;101
6075;18;620905378;6075;502;7346;7441;5.30;0.32;313.95;6.00;1271;19;2524.00;95
6076;18;620905392;6076;500;7347;7441;5.26;0.32;314.07;5.99;1271;19;2525.00;94
6078;18;620905406;6078;506;7352;7441;5.21;0.32;314.15;5.99;1274;19;2526.00;89
6082;18;620905419;6082;508;7354;7441;5.12;0.31;314.08;6.00;1272;19;2527.00;87
6083;18;620905434;6083;512;7358;7442;5.07;0.31;314.14;6.00;1275;19;2528.00;84
6085;18;620905448;6085;509;7363;7443;5.02;0.31;314.16;6.00;1278;19;2529.00;80
6087;18;620905462;6087;502;7366;7443;4.98;0.31;314.12;6.00;1279;19;2530.00;77
6088;18;620905477;6088;503;7371;7447;4.99;0.31;314.13;6.00;1283;19;2531.00;76
6089;18;620905491;6089;506;7371;7447;5.05;0.31;314.16;6.00;1282;20;2532.00;76
6090;18;620905517;6090;507;7371;7447;5.08;0.31;314.12;6.00;1281;20;2533.00;76
6093;18;620905532;6093;496;7371;7447;5.08;0.31;314.18;6.00;1278;20;2534.00;76
6095;18;620905546;6095;491;7376;7453;5.11;0.31;314.21;5.99;1281;20;2535.00;77
6097;18;620905561;6097;492;7376;7453;5.13;0.31;314.31;5.99;1279;20;2536.00;77
6100;18;620905576;6100;489;7377;7455;5.15;0.31;314.43;5.99;1277;20;2537.00;78
6101;18;620905592;6101;488;7379;7458;5.16;0.32;314.42;5.99;1278;20;2538.00;79
6102;18;620905606;6102;487;7380;7458;5.17;0.32;314.53;5.99;1278;20;2539.00;78
6104;18;620905621;6104;489;7380;7458;5.16;0.32;314.61;5.99;1276;20;2540.00;78
6110;18;620905635;6110;493;7381;7459;5.11;0.31;314.54;5.99;1271;20;2541.00;78
6113;18;620905649;6113;485;7382;7460;5.12;0.31;314.62;5.99;1269;20;2542.00;78
6118;18;620905663;6118;485;7382;7460;5.10;0.31;314.71;5.99;1264;20;2543.00;78
6121;18;620905678;6121;481;7392;7473;5.10;0.31;314.86;5.98;1271;20;2544.00;81
6123;18;620905695;6123;481;7392;7473;5.09;0.31;314.83;5.98;1269;20;2545.00;81
6127;18;620905709;6127;475;7392;7473;5.04;0.31;315.02;5.98;1265;20;2546.00;81
6130;18;620905725;6130;470;7393;7474;5.02;0.31;315.19;5.98;1263;20;2547.00;81
6136;18;620905739;6136;474;7394;7474;4.95;0.30;315.28;5.98;1258;20;2548.00;80
6141;18;620905753;6141;471;7397;7478;4.90;0.30;315.47;5.98;1256;20;2549.00;81
6143;18;620905770;6143;458;7399;7481;4.89;0.30;315.49;5.98;1256;20;2550.00;82
6146;18;620905785;6146;457;7404;7485;4.84;0.30;315.57;5.97;1258;20;2551.00;81
6150;18;620905800;6150;452;7404;7485;4.79;0.29;315.75;5.97;1254;20;2552.00;81
6153;18;620905815;6153;451;7404;7485;4.82;0.29;315.94;5.97;1251;20;2553.00;81
6156;18;620905830;6156;438;7404;7485;4.84;0.30;316.01;5.97;1248;20;2554.00;81
6159;18;620905845;6159;445;7404;7485;4.89;0.30;316.10;5.97;1245;20;2555.00;81
6163;18;620905860;6163;443;7413;7497;4.98;0.31;316.19;5.97;1250;20;2556.00;84
6165;18;620905876;6165;433;7413;7497;5.07;0.31;316.16;5.97;1248;20;2557.00;84
6169;18;620905892;6169;430;7414;7497;5.11;0.31;316.22;5.97;1245;20;2558.00;83
6171;18;620905906;6171;422;7414;7497;5.18;0.32;316.23;5.97;1243;20;2559.00;83
6171;18;620905921;6171;419;7414;7497;5.21;0.32;316.23;5.97;1243;20;2560.00;83
6177;18;620905937;6177;422;7416;7497;5.17;0.32;316.36;5.98;1239;20;2561.00;81
6179;18;620905953;6179;407;7416;7498;5.20;0.32;316.39;5.98;1237;20;2562.00;82
6182;18;620905970;6182;398;7416;7498;5.25;0.32;316.39;5.98;1234;20;2563.00;82
6185;18;620905986;6185;391;7421;7504;5.37;0.33;316.50;5.98;1236;20;2564.00;83
6188;18;620906004;6188;397;7423;7506;5.47;0.33;316.55;5.98;1235;20;2565.00;83
6192;18;620906020;6192;391;7423;7506;5.54;0.34;316.67;5.98;1231;20;2566.00;83
6195;18;620906036;6195;393;7423;7506;5.59;0.34;316.70;5.98;1228;20;2567.00;83
6199;18;620906071;6199;384;7425;7510;5.68;0.35;316.68;5.97;1226;20;2568.00;85
6203;18;620906090;6203;376;7426;7510;5.71;0.35;316.72;5.97;1223;20;2569.00;84
6205;18;620906106;6205;375;7426;7510;5.76;0.35;316.70;5.97;1221;20;2570.00;84
6209;18;620906121;6209;375;7427;7511;5.75;0.35;316.83;5.97;1218;20;2571.00;84
6215;18;620906137;6215;368;7430;7515;5.78;0.35;316.98;5.97;1215;20;2572.00;85
6217;18;620906154;6217;366;7430;7515;5.83;0.35;317.06;5.97;1213;20;2573.00;85
6220;18;620906170;6220;368;7433;7518;5.88;0.36;317.24;5.97;1213;20;2574.00;85
6226;18;620906186;6226;356;7433;7518;5.93;0.36;317.52;5.97;1207;20;2575.00;85
6231;18;620906201;6231;358;7434;7518;5.93;0.36;317.61;5.98;1203;20;2576.00;84
6235;18;620906225;6235;364;7434;7518;5.94;0.36;317.62;5.98;1199;20;2577.00;84
6240;18;620906240;6240;363;7438;7522;5.95;0.36;317.76;5.98;1198;20;2578.00;84
6247;18;620906256;6247;364;7438;7522;5.90;0.36;317.78;5.98;1191;20;2579.00;84
6252;18;620906273;6252;367;7438;7522;5.90;0.36;317.77;5.98;1186;20;2580.00;84
6255;18;620906289;6255;369;7438;7522;5.96;0.36;317.95;5.98;1183;20;2581.00;84
6257;18;620906305;6257;366;7438;7523;5.99;0.37;317.93;5.98;1181;20;2582.00;85
6262;18;620906321;6262;370;7439;7524;5.98;0.37;318.14;5.98;1177;20;2583.00;85
6269;18;620906337;6269;377;7439;7524;5.91;0.36;318.26;5.98;1170;20;2584.00;85
6277;18;620906352;6277;379;7440;7525;5.89;0.36;318.35;5.98;1163;20;2585.00;85
6282;18;620906369;6282;372;7440;7525;5.89;0.36;318.42;5.98;1158;20;2586.00;85
6287;18;620906387;6287;379;7440;7525;5.88;0.36;318.44;5.98;1153;20;2587.00;85
6292;18;620906403;6292;384;7440;7525;5.87;0.36;318.45;5.98;1148;20;2588.00;85
6295;18;620906419;6295;399;7440;7525;5.86;0.36;318.51;5.98;1145;20;2589.00;85
6298;18;620906435;6298;406;7440;7525;5.81;0.35;318.57;5.98;1142;20;2590.00;85
6299;18;620906452;6299;407;7440;7525;5.73;0.35;318.62;5.98;1141;20;2591.00;85
6301;18;620906469;6301;428;7511;7652;5.84;0.36;318.63;5.92;1210;20;2592.00;141
6305;18;620906506;6305;427;7514;7653;5.81;0.36;318.70;5.92;1209;20;2593.00;139
6306;18;620906542;6306;416;7518;7653;5.81;0.36;318.78;5.92;1212;20;2594.00;135
6310;18;620906579;6310;424;7521;7653;5.83;0.36;318.97;5.93;1211;20;2595.00;132
6312;18;620906600;6312;427;7526;7653;5.86;0.36;319.00;5.93;1214;20;2596.00;127
6316;18;620906620;6316;419;7529;7653;5.84;0.36;319.12;5.93;1213;20;2597.00;124
6318;18;620906640;6318;421;7532;7653;5.81;0.36;319.12;5.93;1214;20;2598.00;121
6323;18;620906667;6323;423;7535;7653;5.75;0.35;319.30;5.93;1212;20;2599.00;118
6324;18;620906690;6324;429;7538;7654;5.77;0.36;319.41;5.93;1214;20;2600.00;116
6325;18;620906716;6325;436;7542;7655;5.77;0.36;319.39;5.93;1217;20;2601.00;113
6331;18;620906738;6331;441;7545;7655;5.68;0.35;319.57;5.93;1214;20;2602.00;110
6334;18;620906759;6334;443;7547;7656;5.60;0.34;319.77;5.93;1213;20;2603.00;109
6336;18;620906780;6336;455;7549;7656;5.51;0.34;319.85;5.93;1213;20;2604.00;107
6340;18;620906801;6340;467;7551;7656;5.41;0.33;320.00;5.94;1211;20;2605.00;105
6342;18;620906820;6342;462;7552;7656;5.42;0.33;320.06;5.94;1210;20;2606.00;104
6345;18;620906841;6345;465;7555;7660;5.38;0.33;320.17;5.93;1210;20;2607.00;105
6346;18;620906860;6346;473;7558;7660;5.39;0.33;320.29;5.95;1212;20;2608.00;102
6349;18;620906880;6349;476;7558;7660;5.36;0.33;320.39;5.95;1209;20;2609.00;102
6351;18;620906901;6351;481;7563;7666;5.36;0.33;320.55;5.95;1212;20;2610.00;103
6351;18;620906924;6351;483;7563;7666;5.32;0.33;320.55;5.95;1212;20;2611.00;103
6356;18;620906944;6356;487;7566;7666;5.27;0.32;320.64;5.95;1210;20;2612.00;100
6359;18;620906962;6359;494;7569;7670;5.26;0.32;320.62;5.95;1210;20;2613.00;101
6361;18;620906982;6361;505;7572;7671;5.28;0.32;320.64;5.95;1211;20;2614.00;99
6363;18;620907000;6363;507;7572;7671;5.30;0.33;320.58;5.95;1209;21;2615.00;99
6367;18;620907031;6367;513;7576;7675;5.32;0.33;320.58;5.95;1209;21;2616.00;99
6371;18;620907050;6371;507;7577;7675;5.31;0.33;320.63;5.95;1206;21;2617.00;98
6374;18;620907068;6374;510;7578;7675;5.30;0.32;320.73;5.95;1204;21;2618.00;97
6376;18;620907087;6376;499;7579;7676;5.33;0.33;320.67;5.95;1203;21;2619.00;97
6377;18;620907106;6377;501;7580;7676;5.38;0.33;320.68;5.95;1203;21;2620.00;96
6379;18;620907125;6379;503;7584;7682;5.40;0.33;320.73;5.95;1205;21;2621.00;98
6380;18;620907144;6380;503;7585;7682;5.42;0.33;320.73;5.95;1205;21;2622.00;97
6383;18;620907162;6383;505;7585;7683;5.39;0.33;320.65;5.95;1202;21;2623.00;98
6387;18;620907180;6387;510;7585;7683;5.33;0.33;320.79;5.95;1198;21;2624.00;98
6390;18;620907199;6390;510;7585;7683;5.31;0.32;320.84;5.95;1195;21;2625.00;98
6396;18;620907216;6396;517;7585;7683;5.23;0.32;320.81;5.95;1189;21;2626.00;98
6397;18;620907234;6397;516;7586;7683;5.14;0.31;320.83;5.96;1189;21;2627.00;97
6400;18;620907252;6400;514;7595;7695;5.12;0.31;320.79;5.96;1195;21;2628.00;100
6404;18;620907285;6404;512;7596;7695;5.03;0.31;320.79;5.96;1192;21;2629.00;99
6407;18;620907303;6407;512;7597;7695;4.99;0.30;320.84;5.96;1190;21;2630.00;98
6408;18;620907322;6408;516;7597;7695;4.97;0.30;320.82;5.96;1189;21;2631.00;98
6411;18;620907359;6411;523;7597;7695;4.89;0.30;320.76;5.96;1186;21;2632.00;98
6412;18;620907376;6412;518;7597;7695;4.91;0.30;320.78;5.96;1185;21;2633.00;98
6412;18;620907396;6412;523;7600;7699;4.92;0.30;320.78;5.95;1188;21;2634.00;99
6415;18;620907413;6415;528;7600;7699;4.86;0.30;320.75;5.95;1185;21;2635.00;99
6417;18;620907431;6417;526;7604;7703;4.88;0.30;320.84;5.95;1187;21;2636.00;99
6419;18;620907451;6419;530;7605;7704;4.86;0.30;320.88;5.95;1186;21;2637.00;99
6421;18;620907468;6421;530;7605;7704;4.80;0.29;320.87;5.95;1184;21;2638.00;99
6423;18;620907485;6423;531;7605;7704;4.76;0.29;320.79;5.95;1182;21;2639.00;99
6423;18;620907505;6423;541;7628;7733;4.83;0.29;320.79;5.93;1205;21;2640.00;105
6427;18;620907531;6427;533;7628;7733;4.77;0.29;320.79;5.93;1201;21;2641.00;105
6427;18;620907549;6427;530;7630;7733;4.82;0.29;320.79;5.93;1203;21;2642.00;103
6430;18;620907566;6430;527;7631;7734;4.87;0.29;320.75;5.93;1201;21;2643.00;103
6432;18;620907584;6432;528;7631;7735;4.85;0.29;320.77;5.93;1199;21;2644.00;104
6434;18;620907600;6434;521;7631;7735;4.85;0.29;320.79;5.93;1197;21;2645.00;104
6436;18;620907618;6436;519;7633;7738;4.89;0.30;320.75;5.93;1197;21;2646.00;105
6438;18;620907636;6438;520;7633;7738;4.87;0.30;320.71;5.93;1195;21;2647.00;105
6440;18;620907652;6440;518;7635;7738;4.86;0.30;320.74;5.94;1195;21;2648.00;103
6444;18;620907669;6444;520;7635;7738;4.78;0.29;320.70;5.94;1191;21;2649.00;103
6446;18;620907688;6446;516;7640;7744;4.75;0.29;320.64;5.94;1194;21;2650.00;104
6448;18;620907705;6448;500;7640;7744;4.72;0.29;320.69;5.94;1192;21;2651.00;104
6450;18;620907723;6450;476;7640;7744;4.68;0.28;320.69;5.94;1190;21;2652.00;104
6452;18;620907739;6452;462;7640;7744;4.68;0.28;320.74;5.94;1188;21;2653.00;104
6454;18;620907765;6454;454;7643;7748;4.70;0.29;320.67;5.94;1189;21;2654.00;105
6455;18;620907788;6455;447;7645;7750;4.82;0.29;320.69;5.94;1190;21;2655.00;105
6457;19;620907813;6457;440;7645;7750;4.98;0.30;320.74;5.94;1188;22;2656.00;105
6460;19;620907850;6460;430;7648;7751;5.11;0.31;320.79;6.03;1188;22;2657.00;103
6463;19;620907875;6463;430;7648;7751;5.21;0.32;320.79;6.03;1185;22;2658.00;103
6466;19;620907894;6466;418;7648;7751;5.33;0.32;320.81;6.03;1182;22;2659.00;103
6469;19;620907911;6469;409;7648;7751;5.44;0.33;320.78;6.03;1179;22;2660.00;103
6469;19;620907929;6469;414;7648;7751;5.53;0.33;320.78;6.03;1179;22;2661.00;103
6471;19;620907947;6471;413;7648;7751;5.60;0.34;320.75;6.03;1177;22;2662.00;103
6471;19;620907973;6471;403;7648;7751;5.69;0.34;320.75;6.03;1177;22;2663.00;103
6474;19;620907999;6474;407;7682;7821;5.85;0.36;320.68;6.00;1208;22;2664.00;139
6475;19;620908032;6475;405;7685;7822;5.83;0.35;320.63;6.00;1210;22;2665.00;137
6477;19;620908051;6477;403;7692;7822;5.84;0.35;320.57;5.99;1215;22;2666.00;130
6477;19;620908077;6477;411;7695;7822;5.81;0.35;320.57;5.99;1218;22;2667.00;127
6478;19;620908095;6478;404;7698;7822;5.81;0.35;320.55;5.99;1220;22;2668.00;124
6479;19;620908116;6479;400;7701;7822;5.81;0.35;320.53;5.99;1222;22;2669.00;121
6481;19;620908142;6481;395;7704;7822;5.82;0.35;320.64;5.99;1223;22;2670.00;118
6482;20;620908161;6482;394;7707;7822;5.81;0.35;320.65;5.99;1225;23;2671.00;115
6483;20;620908189;6483;383;7710;7823;5.84;0.35;320.60;5.99;1227;23;2672.00;113
6487;20;620908214;6487;376;7712;7824;5.80;0.35;320.68;5.99;1225;23;2673.00;112
6488;20;620908232;6488;381;7715;7824;5.85;0.36;320.76;6.04;1227;23;2674.00;109
6491;20;620908253;6491;377;7719;7828;5.84;0.36;320.72;6.04;1228;23;2675.00;109
6494;20;620908273;6494;377;7720;7828;5.81;0.35;320.76;6.04;1226;23;2676.00;108
6495;20;620908290;6495;377;7720;7828;5.81;0.35;320.73;6.04;1225;23;2677.00;108
6497;20;620908312;6497;381;7720;7828;5.81;0.35;320.70;6.04;1223;23;2678.00;108
6500;20;620908329;6500;376;7725;7834;5.81;0.35;320.74;6.03;1225;23;2679.00;109
6503;20;620908356;6503;393;7727;7834;5.83;0.35;320.80;6.12;1224;23;2680.00;107
6504;20;620908376;6504;398;7727;7834;5.83;0.35;320.80;6.12;1223;23;2681.00;107
6506;20;620908397;6506;396;7729;7837;5.85;0.36;320.85;6.12;1223;23;2682.00;108
6510;20;620908415;6510;408;7731;7837;5.80;0.35;320.99;6.21;1221;23;2683.00;106
6512;20;620908433;6512;414;7732;7837;5.77;0.35;321.12;6.21;1220;23;2684.00;105
6512;20;620908450;6512;423;7732;7838;5.75;0.35;321.12;6.21;1220;23;2685.00;106
6516;20;620908468;6516;428;7733;7839;5.66;0.34;321.31;6.21;1217;23;2686.00;106
6520;20;620908485;6520;430;7733;7839;5.63;0.34;321.37;6.21;1213;23;2687.00;106
6522;20;620908502;6522;438;7744;7852;5.62;0.34;321.37;6.24;1222;23;2688.00;108
6525;20;620908522;6525;443;7745;7852;5.59;0.34;321.40;6.29;1220;23;2689.00;107
6528;20;620908539;6528;444;7747;7852;5.61;0.34;321.53;6.33;1219;23;2690.00;105
6529;20;620908557;6529;449;7749;7853;5.65;0.34;321.52;6.37;1220;23;2691.00;104
6531;20;620908576;6531;450;7750;7853;5.66;0.35;321.57;6.42;1219;23;2692.00;103
6532;20;620908593;6532;453;7755;7857;5.70;0.35;321.60;6.46;1223;23;2693.00;102
6535;20;620908611;6535;453;7756;7857;5.69;0.35;321.73;6.50;1221;23;2694.00;101
6539;20;620908628;6539;455;7759;7861;5.63;0.34;321.92;6.50;1220;23;2695.00;102
6541;20;620908647;6541;454;7760;7861;5.58;0.34;322.00;6.54;1219;23;2696.00;101
6544;20;620908665;6544;447;7760;7861;5.57;0.34;321.97;6.54;1216;23;2697.00;101
6547;20;620908687;6547;447;7761;7861;5.51;0.34;322.09;6.58;1214;23;2698.00;100
6549;20;620908715;6549;444;7761;7861;5.51;0.34;322.16;6.58;1212;23;2699.00;100
6551;20;620908742;6551;448;7788;7910;5.63;0.34;322.20;6.64;1237;23;2700.00;122
6555;20;620908776;6555;442;7790;7910;5.61;0.34;322.16;6.68;1235;23;2701.00;120
6555;20;620908802;6555;446;7795;7910;5.65;0.35;322.16;6.72;1240;23;2702.00;115
6557;20;620908822;6557;438;7795;7910;5.68;0.35;322.20;6.72;1238;23;2703.00;115
6561;20;620908842;6561;434;7799;7910;5.69;0.35;322.26;6.79;1238;23;2704.00;111
6563;20;620908867;6563;434;7800;7910;5.67;0.35;322.21;6.79;1237;23;2705.00;110
6566;20;620908887;6566;426;7800;7911;5.67;0.35;322.34;6.79;1234;23;2706.00;111
6570;20;620908907;6570;428;7802;7911;5.68;0.35;322.34;6.87;1232;23;2707.00;109
6574;20;620908928;6574;428;7808;7917;5.69;0.35;322.43;6.87;1234;23;2708.00;109
6577;20;620908947;6577;422;7809;7918;5.73;0.35;322.44;6.87;1232;23;2709.00;109
6580;20;620908968;6580;427;7809;7918;5.71;0.35;322.49;6.87;1229;23;2710.00;109
6584;20;620908987;6584;427;7813;7918;5.64;0.34;322.51;6.98;1229;23;2711.00;105
6587;20;620909009;6587;423;7816;7922;5.60;0.34;322.55;6.98;1229;23;2712.00;106
6589;20;620909028;6589;429;7819;7922;5.54;0.34;322.60;7.09;1230;23;2713.00;103
6595;20;620909045;6595;436;7820;7922;5.45;0.33;322.62;7.09;1225;23;2714.00;102
6600;20;620909062;6600;441;7821;7923;5.43;0.33;322.70;7.09;1221;23;2715.00;102
6601;20;620909083;6601;446;7826;7927;5.38;0.33;322.73;7.15;1225;23;2716.00;101
6605;20;620909100;6605;455;7827;7927;5.31;0.32;322.90;7.15;1222;23;2717.00;100
6609;20;620909119;6609;447;7830;7930;5.23;0.32;322.93;7.19;1221;23;2718.00;100
6613;20;620909137;6613;448;7831;7930;5.17;0.31;322.98;7.22;1218;23;2719.00;99
6617;20;620909159;6617;443;7833;7930;5.17;0.32;323.09;7.22;1216;23;2720.00;97
6624;20;620909177;6624;440;7835;7930;5.13;0.31;323.11;7.28;1211;23;2721.00;95
6629;20;620909195;6629;429;7838;7934;5.13;0.31;323.27;7.28;1209;23;2722.00;96
6631;20;620909220;6631;421;7839;7934;5.13;0.31;323.31;7.28;1208;23;2723.00;95
6637;20;620909237;6637;422;7840;7934;5.12;0.31;323.55;7.31;1203;23;2724.00;94
6640;20;620909256;6640;418;7841;7934;5.16;0.32;323.69;7.32;1201;23;2725.00;93
6644;20;620909275;6644;410;7841;7935;5.25;0.32;323.76;7.32;1197;23;2726.00;94
6648;20;620909295;6648;404;7842;7936;5.32;0.33;323.93;7.32;1194;23;2727.00;94
6650;20;620909317;6650;397;7842;7936;5.37;0.33;323.94;7.32;1192;23;2728.00;94
6651;20;620909343;6651;395;7844;7937;5.49;0.34;323.95;7.32;1193;23;2729.00;93
6657;20;620909363;6657;394;7844;7937;5.55;0.34;324.18;7.32;1187;23;2730.00;93
6660;20;620909382;6660;393;7845;7937;5.64;0.34;324.23;7.32;1185;23;2731.00;92
6665;20;620909402;6665;396;7847;7937;5.71;0.35;324.38;7.32;1182;23;2732.00;90
6670;20;620909427;6670;392;7847;7937;5.72;0.35;324.43;7.32;1177;23;2733.00;90
6673;20;620909449;6673;394;7847;7937;5.76;0.35;324.45;7.32;1174;23;2734.00;90
6675;20;620909467;6675;404;7847;7937;5.76;0.35;324.44;7.32;1172;23;2735.00;90
6683;20;620909486;6683;417;7919;8064;5.94;0.37;324.56;7.26;1236;23;2736.00;145
6688;20;620909518;6688;416;7923;8065;5.96;0.37;324.62;7.26;1235;23;2737.00;142
6692;20;620909536;6692;418;7929;8065;6.03;0.38;324.62;7.25;1237;23;2738.00;136
6698;20;620909556;6698;424;7930;8065;5.99;0.37;324.71;7.25;1232;23;2739.00;135
6703;20;620909584;6703;429;7934;8065;5.97;0.37;324.74;7.25;1231;23;2740.00;131
6708;20;620909610;6708;428;7935;8065;5.93;0.37;324.94;7.25;1227;23;2741.00;130
6711;20;620909630;6711;436;7938;8065;5.86;0.36;324.94;7.25;1227;23;2742.00;127
6714;20;620909649;6714;439;7942;8065;5.80;0.36;324.99;7.25;1228;23;2743.00;123
6720;20;620909668;6720;447;7944;8066;5.70;0.35;324.96;7.25;1224;23;2744.00;122
6724;20;620909697;6724;446;7949;8068;5.62;0.35;325.07;7.25;1225;23;2745.00;119
6729;20;620909717;6729;453;7952;8068;5.54;0.34;325.16;7.25;1223;23;2746.00;116
6732;20;620909735;6732;459;7953;8069;5.49;0.34;325.13;7.25;1221;23;2747.00;116
6736;20;620909760;6736;464;7956;8069;5.47;0.34;325.22;7.25;1220;23;2748.00;113
6742;20;620909778;6742;467;7958;8069;5.44;0.34;325.42;7.26;1216;23;2749.00;111
6745;20;620909797;6745;474;7958;8069;5.43;0.34;325.35;7.26;1213;23;2750.00;111
6748;20;620909815;6748;475;7966;8073;5.43;0.34;325.41;7.26;1218;23;2751.00;107
6751;20;620909839;6751;476;7966;8073;5.40;0.33;325.49;7.26;1215;23;2752.00;107
6753;20;620909857;6753;480;7966;8073;5.39;0.33;325.46;7.26;1213;23;2753.00;107
6758;20;620909876;6758;482;7968;8076;5.37;0.33;325.49;7.26;1210;23;2754.00;108
6763;20;620909897;6763;488;7970;8076;5.35;0.33;325.56;7.26;1207;23;2755.00;106
6767;20;620909915;6767;496;7970;8076;5.33;0.33;325.56;7.26;1203;23;2756.00;106
6774;20;620909934;6774;497;7974;8080;5.27;0.32;325.57;7.26;1200;23;2757.00;106
6779;20;620909953;6779;509;7976;8081;5.20;0.32;325.57;7.26;1197;23;2758.00;105
6782;20;620909973;6782;506;7977;8081;5.16;0.32;325.59;7.26;1195;23;2759.00;104
6786;20;620909993;6786;505;7981;8086;5.10;0.31;325.58;7.26;1195;23;2760.00;105
6787;20;620910013;6787;520;7982;8086;5.02;0.31;325.60;7.26;1195;23;2761.00;104
6791;20;620910031;6791;522;7983;8086;4.90;0.30;325.61;7.26;1192;23;2762.00;103
6794;20;620910051;6794;525;7984;8087;4.85;0.30;325.57;7.26;1190;23;2763.00;103
6799;20;620910073;6799;521;7985;8087;4.72;0.29;325.82;7.26;1186;23;2764.00;102
6800;20;620910092;6800;520;7990;8093;4.67;0.29;325.83;7.25;1190;23;2765.00;103
6802;20;620910110;6802;530;7990;8093;4.61;0.28;325.93;7.25;1188;23;2766.00;103
6804;20;620910135;6804;523;7990;8094;4.60;0.28;326.01;7.25;1186;23;2767.00;104
6807;20;620910153;6807;520;7990;8094;4.56;0.28;326.17;7.25;1183;23;2768.00;104
6808;20;620910170;6808;520;7990;8094;4.54;0.28;326.28;7.25;1182;23;2769.00;104
6811;20;620910187;6811;519;7990;8094;4.48;0.27;326.46;7.25;1179;23;2770.00;104
6814;20;620910206;6814;522;7990;8094;4.49;0.27;326.46;7.25;1176;23;2771.00;104
6815;20;620910227;6815;520;7999;8106;4.61;0.28;326.48;7.25;1184;23;2772.00;107
6819;20;620910250;6819;522;8000;8106;4.62;0.28;326.70;7.28;1181;23;2773.00;106
6821;20;620910270;6821;523;8002;8106;4.64;0.28;326.70;7.28;1181;23;2774.00;104
6822;20;620910291;6822;532;8002;8106;4.64;0.28;326.66;7.28;1180;23;2775.00;104
6823;20;620910319;6823;515;8002;8106;4.69;0.29;326.67;7.28;1179;23;2776.00;104
6824;20;620910349;6824;510;8002;8106;4.75;0.29;326.69;7.28;1178;23;2777.00;104
6825;20;620910366;6825;508;8005;8110;4.77;0.29;326.65;7.27;1180;23;2778.00;105
6825;20;620910394;6825;503;8005;8110;4.85;0.30;326.65;7.27;1180;23;2779.00;105
6830;20;620910414;6830;496;8009;8114;4.90;0.30;326.48;7.27;1179;23;2780.00;105
6831;20;620910438;6831;499;8010;8115;4.93;0.30;326.52;7.27;1179;23;2781.00;105
6836;20;620910454;6836;494;8010;8115;4.95;0.30;326.50;7.27;1174;23;2782.00;105
6836;20;620910471;6836;496;8010;8115;5.03;0.31;326.50;7.27;1174;23;2783.00;105
6838;20;620910488;6838;494;8021;8128;5.11;0.31;326.43;7.26;1183;23;2784.00;107
6840;20;620910504;6840;497;8021;8128;5.13;0.31;326.43;7.26;1181;23;2785.00;107
6843;20;620910521;6843;507;8021;8128;5.14;0.31;326.36;7.26;1178;23;2786.00;107
6844;20;620910537;6844;507;8022;8129;5.18;0.31;326.32;7.26;1178;23;2787.00;107
6844;20;620910553;6844;509;8022;8130;5.23;0.32;326.32;7.26;1178;23;2788.00;108
6847;20;620910570;6847;505;8022;8130;5.27;0.32;326.34;7.26;1175;23;2789.00;108
6850;20;620910589;6850;502;8026;8136;5.31;0.32;326.46;7.26;1176;23;2790.00;110
6853;20;620910607;6853;503;8026;8136;5.28;0.32;326.44;7.26;1173;23;2791.00;110
6853;20;620910622;6853;505;8028;8136;5.31;0.32;326.44;7.25;1175;23;2792.00;108
6854;20;620910638;6854;502;8028;8136;5.27;0.32;326.43;7.25;1174;23;2793.00;108
6855;20;620910655;6855;504;8034;8142;5.30;0.32;326.52;7.28;1179;23;2794.00;108
6858;20;620910672;6858;499;8034;8142;5.24;0.32;326.60;7.28;1176;23;2795.00;108
6861;20;620910693;6861;507;8034;8142;5.19;0.31;326.69;7.28;1173;23;2796.00;108
6862;20;620910719;6862;507;8034;8142;5.17;0.31;326.73;7.28;1172;23;2797.00;108
6863;20;620910741;6863;512;8037;8146;5.17;0.31;326.72;7.28;1174;23;2798.00;109
6864;20;620910760;6864;507;8038;8147;5.16;0.31;326.70;7.28;1174;23;2799.00;109
6865;20;620910780;6865;509;8038;8147;5.12;0.31;326.65;7.28;1173;23;2800.00;109
6866;20;620910805;6866;514;8039;8148;5.12;0.31;326.67;7.28;1173;23;2801.00;109
6867;20;620910820;6867;520;8039;8148;5.09;0.31;326.69;7.28;1172;23;2802.00;109
6867;20;620910836;6867;515;8039;8148;5.02;0.30;326.69;7.28;1172;23;2803.00;109
6869;20;620910862;6869;507;8039;8148;4.98;0.30;326.69;7.28;1170;23;2804.00;109
6869;20;620910877;6869;505;8039;8148;4.98;0.30;326.69;7.28;1170;23;2805.00;109
6869;20;620910893;6869;500;8039;8148;5.02;0.30;326.69;7.28;1170;23;2806.00;109
6869;20;620910908;6869;495;8039;8148;5.05;0.31;326.69;7.28;1170;23;2807.00;109
6871;20;620910923;6871;507;8076;8218;5.14;0.31;326.68;7.25;1205;23;2808.00;142
6872;20;620910945;6872;505;8076;8219;5.16;0.31;326.70;7.25;1204;23;2809.00;143
6874;20;620910960;6874;486;8084;8219;5.23;0.32;326.69;7.28;1210;23;2810.00;135
6875;20;620910977;6875;472;8088;8219;5.26;0.32;326.77;7.27;1213;23;2811.00;131
6876;20;620910999;6876;459;8091;8219;5.34;0.32;326.75;7.27;1215;23;2812.00;128
6878;20;620911016;6878;449;8093;8219;5.46;0.33;326.84;7.27;1215;23;2813.00;126
6879;20;620911031;6879;444;8097;8219;5.52;0.34;326.86;7.31;1218;23;2814.00;122
6879;20;620911047;6879;444;8099;8219;5.62;0.34;326.86;7.31;1220;23;2815.00;120
6881;20;620911062;6881;431;8101;8220;5.73;0.35;326.92;7.31;1220;23;2816.00;119
6884;20;620911077;6884;432;8104;8221;5.80;0.35;326.95;7.31;1220;23;2817.00;117
6886;20;620911093;6886;424;8106;8221;5.86;0.36;326.94;7.31;1220;23;2818.00;115
6888;20;620911107;6888;415;8110;8225;5.83;0.35;326.98;7.31;1222;23;2819.00;115
6889;20;620911124;6889;408;8110;8225;5.82;0.35;327.02;7.31;1221;23;2820.00;115
6894;20;620911139;6894;401;8110;8225;5.78;0.35;327.07;7.31;1216;23;2821.00;115
6895;20;620911153;6895;396;8110;8225;5.76;0.35;327.08;7.31;1215;23;2822.00;115
6896;20;620911167;6896;395;8114;8231;5.79;0.35;327.07;7.30;1218;23;2823.00;117
6899;20;620911182;6899;390;8115;8231;5.78;0.35;327.11;7.34;1216;23;2824.00;116
6901;20;620911197;6901;401;8116;8231;5.80;0.35;327.12;7.38;1215;23;2825.00;115
6902;20;620911214;6902;395;8118;8234;5.86;0.36;327.13;7.38;1216;23;2826.00;116
6905;20;620911231;6905;390;8118;8234;5.83;0.35;327.21;7.38;1213;23;2827.00;116
6908;20;620911246;6908;395;8119;8234;5.84;0.35;327.24;7.38;1211;23;2828.00;115
6912;20;620911263;6912;391;8119;8235;5.86;0.35;327.19;7.38;1207;23;2829.00;116
6915;20;620911279;6915;386;8120;8236;5.91;0.36;327.17;7.38;1205;23;2830.00;116
6917;20;620911294;6917;390;8120;8236;5.95;0.36;327.10;7.38;1203;23;2831.00;116
6920;20;620911308;6920;388;8130;8249;5.95;0.36;327.16;7.41;1210;23;2832.00;119
6922;20;620911324;6922;384;8132;8249;6.03;0.36;327.15;7.41;1210;23;2833.00;117
6923;20;620911339;6923;386;8132;8249;6.07;0.37;327.11;7.41;1209;23;2834.00;117
6925;20;620911353;6925;391;8134;8251;6.08;0.37;327.14;7.41;1209;23;2835.00;117
6928;20;620911369;6928;390;8134;8251;6.09;0.37;327.07;7.41;1206;23;2836.00;117
6929;20;620911383;6929;387;8137;8255;6.13;0.37;327.03;7.40;1208;23;2837.00;118
6931;20;620911399;6931;382;8138;8255;6.10;0.37;327.01;7.41;1207;23;2838.00;117
6933;21;620911414;6933;384;8141;8259;6.02;0.36;327.06;7.40;1208;24;2839.00;118
6933;21;620911447;6933;386;8141;8259;6.02;0.36;327.06;7.40;1208;24;2840.00;118
6935;21;620911469;6935;379;8143;8259;6.07;0.37;327.04;7.41;1208;24;2841.00;116
6937;21;620911486;6937;377;8143;8259;6.00;0.36;327.03;7.41;1206;24;2842.00;116
6940;21;620911503;6940;379;8144;8259;5.99;0.36;327.13;7.41;1204;24;2843.00;115
6942;21;620911518;6942;377;8154;8271;6.06;0.37;327.18;7.44;1212;24;2844.00;117
6942;21;620911543;6942;378;8155;8271;6.12;0.37;327.18;7.44;1213;24;2845.00;116
6945;21;620911558;6945;371;8157;8271;6.16;0.37;327.12;7.48;1212;24;2846.00;114
6947;21;620911572;6947;381;8157;8271;6.23;0.38;327.09;7.48;1210;24;2847.00;114
6947;21;620911589;6947;383;8157;8271;6.29;0.38;327.09;7.48;1210;24;2848.00;114
6949;21;620911604;6949;385;8158;8271;6.32;0.39;327.10;7.53;1209;24;2849.00;113
6953;21;620911621;6953;388;8160;8274;6.28;0.38;327.18;7.53;1207;24;2850.00;114
6956;21;620911637;6956;396;8160;8274;6.29;0.38;327.13;7.53;1204;24;2851.00;114
6959;21;620911653;6959;395;8166;8280;6.28;0.38;327.16;7.57;1207;24;2852.00;114
6960;21;620911670;6960;400;8167;8281;6.29;0.38;327.16;7.57;1207;24;2853.00;114
6963;21;620911689;6963;408;8169;8281;6.26;0.38;327.30;7.67;1206;24;2854.00;112
6966;21;620911708;6966;405;8170;8281;6.17;0.38;327.25;7.71;1204;24;2855.00;111
6968;21;620911723;6968;405;8173;8285;6.14;0.37;327.41;7.71;1205;24;2856.00;112
6970;21;620911740;6970;405;8174;8285;6.10;0.37;327.59;7.76;1204;24;2857.00;111
6972;21;620911754;6972;415;8174;8285;6.02;0.37;327.68;7.76;1202;24;2858.00;111
6974;21;620911770;6974;418;8175;8286;5.99;0.37;327.89;7.76;1201;24;2859.00;111
6976;21;620911784;6976;424;8179;8290;5.98;0.37;327.88;7.80;1203;24;2860.00;111
6982;21;620911800;6982;430;8179;8290;5.93;0.36;328.08;7.80;1197;24;2861.00;111
6984;21;620911815;6984;433;8181;8293;5.92;0.36;328.18;7.80;1197;24;2862.00;112
6985;21;620911830;6985;430;8182;8293;5.95;0.36;328.30;7.85;1197;24;2863.00;111
6985;21;620911846;6985;429;8185;8295;6.00;0.37;328.30;7.84;1200;24;2864.00;110
6990;21;620911861;6990;423;8186;8295;5.99;0.37;328.25;7.89;1196;24;2865.00;109
6995;21;620911876;6995;423;8190;8299;6.04;0.37;328.39;7.89;1195;24;2866.00;109
6998;21;620911898;6998;424;8191;8299;6.06;0.37;328.44;7.93;1193;24;2867.00;108
6999;21;620911913;6999;430;8191;8299;6.08;0.37;328.45;7.93;1192;24;2868.00;108
7005;21;620911935;7005;428;8192;8299;6.05;0.37;328.57;7.98;1187;24;2869.00;107
7008;21;620911959;7008;422;8192;8300;6.05;0.37;328.70;7.98;1184;24;2870.00;108
7011;21;620911975;7011;416;8195;8301;6.05;0.37;328.72;8.06;1184;24;2871.00;106
7015;21;620911990;7015;413;8195;8301;6.04;0.37;328.93;8.06;1180;24;2872.00;106
7017;21;620912005;7017;412;8196;8302;6.06;0.37;329.01;8.06;1179;24;2873.00;106
7017;21;620912020;7017;410;8198;8302;6.02;0.37;329.01;8.15;1181;24;2874.00;104
7017;21;620912034;7017;407;8199;8302;6.00;0.37;329.01;8.19;1182;24;2875.00;103
7023;21;620912049;7023;408;8200;8302;6.02;0.37;329.16;8.23;1177;24;2876.00;102
7025;21;620912065;7025;406;8200;8302;6.05;0.37;329.27;8.23;1175;24;2877.00;102
7027;21;620912079;7027;406;8202;8302;6.07;0.37;329.38;8.32;1175;24;2878.00;100
7029;21;620912095;7029;404;8202;8302;6.09;0.37;329.38;8.32;1173;24;2879.00;100
7035;21;620912111;7035;443;8301;8532;6.22;0.39;329.41;8.22;1266;24;2880.00;231
7040;21;620912146;7040;440;8306;8533;6.17;0.38;329.51;8.30;1266;24;2881.00;227
7045;21;620912162;7045;434;8316;8533;6.22;0.39;329.62;8.29;1271;24;2882.00;217
7048;21;620912177;7048;434;8321;8533;6.20;0.38;329.80;8.29;1273;24;2883.00;212
7051;21;620912192;7051;428;8331;8533;6.19;0.38;329.90;8.37;1280;24;2884.00;202
7055;21;620912208;7055;438;8337;8533;6.19;0.38;329.92;8.36;1282;24;2885.00;196
7058;21;620912223;7058;440;8345;8533;6.18;0.38;330.10;8.44;1287;24;2886.00;188
7060;21;620912239;7060;442;8351;8533;6.17;0.38;330.25;8.44;1291;24;2887.00;182
7065;21;620912262;7065;449;8357;8534;6.07;0.38;330.34;8.44;1292;24;2888.00;177
7069;21;620912278;7069;458;8365;8535;5.96;0.37;330.37;8.52;1296;24;2889.00;170
7072;21;620912293;7072;452;8371;8535;5.91;0.37;330.46;8.52;1299;24;2890.00;164
7077;21;620912307;7077;451;8376;8536;5.75;0.36;330.55;8.60;1299;24;2891.00;160
7080;21;620912324;7080;457;8380;8536;5.68;0.35;330.53;8.60;1300;24;2892.00;156
7086;21;620912339;7086;459;8383;8536;5.58;0.34;330.56;8.64;1297;24;2893.00;153
7088;21;620912355;7088;458;8386;8536;5.48;0.34;330.52;8.68;1298;24;2894.00;150
7090;21;620912369;7090;468;8391;8540;5.38;0.33;330.51;8.68;1301;24;2895.00;149
7093;21;620912385;7093;472;8394;8540;5.24;0.32;330.62;8.68;1301;24;2896.00;146
7098;21;620912400;7098;482;8396;8540;5.12;0.31;330.55;8.68;1298;24;2897.00;144
7101;21;620912416;7101;481;8399;8543;5.13;0.32;330.56;8.69;1298;24;2898.00;144
7104;21;620912431;7104;477;8402;8543;5.14;0.32;330.55;8.69;1298;24;2899.00;141
7111;21;620912450;7111;482;8402;8543;5.10;0.31;330.70;8.69;1291;24;2900.00;141
7113;21;620912471;7113;480;8407;8547;5.13;0.32;330.75;8.69;1294;24;2901.00;140
7119;21;620912486;7119;473;8409;8548;5.10;0.31;330.87;8.69;1290;24;2902.00;139
7121;21;620912503;7121;470;8409;8548;5.16;0.32;330.90;8.69;1288;24;2903.00;139
7123;21;620912519;7123;470;8414;8552;5.22;0.32;330.94;8.69;1291;24;2904.00;138
7127;21;620912535;7127;472;8417;8552;5.27;0.32;330.86;8.70;1290;24;2905.00;135
7131;21;620912551;7131;479;8420;8552;5.26;0.32;330.87;8.70;1289;24;2906.00;132
7137;21;620912567;7137;485;8423;8553;5.26;0.32;331.01;8.71;1286;24;2907.00;130
7141;21;620912584;7141;488;8423;8553;5.26;0.32;330.97;8.71;1282;24;2908.00;130
7145;21;620912600;7145;492;8429;8559;5.30;0.32;331.13;8.70;1284;24;2909.00;130
7149;21;620912618;7149;495;8429;8559;5.25;0.32;331.25;8.70;1280;24;2910.00;130
7153;21;620912634;7153;503;8429;8560;5.18;0.32;331.29;8.70;1276;24;2911.00;131
7159;21;620912650;7159;505;8431;8560;5.10;0.31;331.49;8.71;1272;24;2912.00;129
7162;21;620912665;7162;507;8431;8560;5.04;0.31;331.47;8.71;1269;24;2913.00;129
7166;21;620912681;7166;508;8431;8560;4.95;0.30;331.48;8.71;1265;24;2914.00;129
7173;21;620912705;7173;520;8433;8560;4.87;0.30;331.56;8.71;1260;24;2915.00;127
7177;21;620912726;7177;526;8442;8572;4.83;0.29;331.64;8.71;1265;24;2916.00;130
7178;21;620912750;7178;528;8442;8572;4.76;0.29;331.67;8.71;1264;24;2917.00;130
7181;21;620912770;7181;541;8443;8572;4.68;0.29;331.61;8.71;1262;24;2918.00;129
7185;21;620912792;7185;544;8443;8572;4.63;0.28;331.67;8.71;1258;24;2919.00;129
7187;21;620912813;7187;549;8443;8572;4.60;0.28;331.71;8.71;1256;24;2920.00;129
7190;21;620912831;7190;550;8445;8572;4.57;0.28;331.76;8.72;1255;24;2921.00;127
7193;21;620912847;7193;563;8449;8576;4.55;0.28;331.72;8.71;1256;24;2922.00;127
7195;21;620912864;7195;578;8449;8576;4.48;0.28;331.79;8.71;1254;24;2923.00;127
7199;21;620912879;7199;572;8453;8580;4.43;0.27;331.95;8.71;1254;24;2924.00;127
7202;21;620912895;7202;570;8456;8582;4.40;0.27;331.93;8.71;1254;24;2925.00;126
7205;21;620912910;7205;573;8457;8582;4.34;0.27;332.01;8.71;1252;24;2926.00;125
7210;21;620912926;7210;577;8458;8582;4.28;0.26;332.06;8.71;1248;24;2927.00;124
7215;21;620912941;7215;585;8468;8595;4.34;0.27;331.96;8.70;1253;24;2928.00;127
7218;21;620912956;7218;582;8468;8595;4.27;0.26;331.95;8.70;1250;24;2929.00;127
7219;21;620912972;7219;590;8469;8595;4.25;0.26;331.98;8.70;1250;24;2930.00;126
7226;21;620912985;7226;584;8470;8596;4.23;0.26;332.03;8.70;1244;24;2931.00;126
7228;21;620913000;7228;592;8470;8597;4.22;0.26;332.01;8.70;1242;24;2932.00;127
7232;21;620913014;7232;592;8470;8597;4.20;0.26;331.97;8.70;1238;24;2933.00;127
7234;21;620913028;7234;592;8473;8600;4.21;0.26;331.90;8.70;1239;24;2934.00;127
7239;21;620913044;7239;596;8473;8600;4.21;0.26;331.88;8.70;1234;24;2935.00;127
7240;21;620913058;7240;592;8473;8600;4.23;0.26;331.85;8.70;1233;24;2936.00;127
7243;21;620913072;7243;584;8473;8600;4.25;0.26;331.83;8.70;1230;24;2937.00;127
7247;21;620913087;7247;576;8478;8606;4.30;0.26;331.79;8.69;1231;24;2938.00;128
7251;21;620913103;7251;565;8478;8606;4.35;0.27;331.72;8.69;1227;24;2939.00;128
7256;21;620913120;7256;554;8478;8606;4.36;0.27;331.60;8.69;1222;24;2940.00;128
7258;21;620913134;7258;549;8478;8606;4.36;0.27;331.52;8.69;1220;24;2941.00;128
7259;21;620913149;7259;552;8481;8610;4.40;0.27;331.51;8.69;1222;24;2942.00;129
7262;21;620913164;7262;554;8482;8611;4.40;0.27;331.45;8.69;1220;24;2943.00;129
7263;21;620913179;7263;564;8482;8611;4.42;0.27;331.45;8.69;1219;24;2944.00;129
7264;21;620913193;7264;569;8483;8612;4.46;0.27;331.46;8.69;1219;24;2945.00;129
7269;21;620913208;7269;557;8483;8612;4.48;0.27;331.34;8.69;1214;24;2946.00;129
7270;21;620913222;7270;541;8483;8612;4.52;0.28;331.33;8.69;1213;24;2947.00;129
7273;21;620913237;7273;530;8483;8612;4.52;0.28;331.28;8.69;1210;24;2948.00;129
7273;21;620913253;7273;522;8483;8612;4.57;0.28;331.28;8.69;1210;24;2949.00;129
7274;21;620913276;7274;519;8483;8612;4.59;0.28;331.29;8.69;1209;24;2950.00;129
7275;21;620913292;7275;510;8483;8612;4.63;0.28;331.27;8.69;1208;24;2951.00;129
7276;21;620913309;7276;516;8515;8682;4.90;0.30;331.26;8.66;1239;24;2952.00;167
7279;21;620913330;7279;510;8517;8683;4.97;0.30;331.20;8.70;1238;24;2953.00;166
7280;21;620913346;7280;510;8524;8683;5.08;0.31;331.22;8.70;1244;24;2954.00;159
7282;21;620913360;7282;505;8525;8683;5.15;0.31;331.29;8.70;1243;25;2955.00;158
7283;21;620913388;7283;495;8527;8683;5.21;0.32;331.34;8.70;1244;25;2956.00;156
7283;21;620913406;7283;488;8530;8683;5.27;0.32;331.34;8.70;1247;25;2957.00;153
7285;21;620913422;7285;484;8532;8683;5.27;0.32;331.40;8.70;1247;25;2958.00;151
7286;21;620913437;7286;481;8534;8683;5.30;0.32;331.43;8.69;1248;25;2959.00;149
7289;21;620913453;7289;480;8536;8684;5.33;0.32;331.45;8.69;1247;25;2960.00;148
7290;21;620913470;7290;485;8537;8685;5.34;0.32;331.52;8.69;1247;25;2961.00;148
7290;21;620913493;7290;485;8539;8685;5.38;0.33;331.52;8.70;1249;25;2962.00;146
7291;21;620913509;7291;474;8544;8689;5.40;0.33;331.56;8.69;1253;25;2963.00;145
7293;21;620913524;7293;471;8546;8689;5.48;0.33;331.58;8.69;1253;25;2964.00;143
7295;21;620913540;7295;468;8547;8689;5.49;0.33;331.64;8.69;1252;25;2965.00;142
7297;21;620913556;7297;473;8549;8689;5.44;0.33;331.63;8.74;1252;25;2966.00;140
7299;21;620913571;7299;466;8553;8695;5.48;0.33;331.62;8.74;1254;25;2967.00;142
7299;21;620913587;7299;474;8553;8695;5.50;0.33;331.62;8.74;1254;25;2968.00;142
7300;21;620913603;7300;471;8553;8695;5.54;0.34;331.61;8.74;1253;25;2969.00;142
7300;21;620913622;7300;469;8558;8701;5.59;0.34;331.61;8.79;1258;25;2970.00;143
7302;21;620913639;7302;473;8558;8701;5.61;0.34;331.60;8.79;1256;25;2971.00;143
7304;21;620913655;7304;475;8560;8701;5.65;0.34;331.57;8.79;1256;25;2972.00;141
7305;21;620913670;7305;472;8560;8702;5.64;0.34;331.57;8.79;1255;25;2973.00;142
7305;21;620913686;7305;475;8562;8703;5.67;0.35;331.57;8.83;1257;25;2974.00;141
7309;21;620913707;7309;477;8562;8703;5.64;0.34;331.62;8.83;1253;25;2975.00;141
7310;21;620913722;7310;475;8571;8716;5.68;0.35;331.61;8.82;1261;25;2976.00;145
7313;21;620913738;7313;475;8572;8716;5.63;0.34;331.77;8.86;1259;25;2977.00;144
7313;21;620913754;7313;471;8572;8716;5.65;0.34;331.77;8.86;1259;25;2978.00;144
7318;21;620913770;7318;478;8574;8717;5.63;0.34;331.74;8.90;1256;25;2979.00;143
7320;21;620913785;7320;465;8574;8717;5.65;0.34;331.73;8.90;1254;25;2980.00;143
7325;21;620913801;7325;457;8578;8721;5.66;0.34;331.86;8.94;1253;25;2981.00;143
7325;21;620913818;7325;449;8578;8721;5.70;0.35;331.86;8.94;1253;25;2982.00;143
7331;21;620913835;7331;439;8581;8725;5.71;0.35;331.85;8.93;1250;25;2983.00;144
7332;21;620913851;7332;439;8582;8725;5.77;0.35;331.84;8.97;1250;25;2984.00;143
7336;21;620913868;7336;435;8582;8725;5.82;0.35;332.04;8.97;1246;25;2985.00;143
7336;21;620913883;7336;436;8582;8725;5.89;0.36;332.04;8.97;1246;25;2986.00;143
7339;21;620913899;7339;428;8583;8725;5.91;0.36;332.09;9.00;1244;25;2987.00;142
7341;21;620913915;7341;428;8592;8737;5.98;0.36;332.11;8.99;1251;25;2988.00;145
7344;21;620913932;7344;427;8593;8737;6.00;0.36;332.21;9.00;1249;25;2989.00;144
7347;21;620913949;7347;421;8595;8737;6.04;0.37;332.31;9.00;1248;25;2990.00;142
7348;21;620913965;7348;416;8595;8737;6.11;0.37;332.43;9.00;1247;25;2991.00;142
7352;21;620913982;7352;413;8595;8737;6.14;0.37;332.51;9.00;1243;25;2992.00;142
7354;21;620914000;7354;411;8595;8737;6.19;0.38;332.55;9.00;1241;25;2993.00;142
7358;21;620914016;7358;404;8597;8738;6.20;0.38;332.71;9.00;1239;25;2994.00;141
7358;21;620914032;7358;400;8599;8738;6.23;0.38;332.71;9.10;1241;25;2995.00;139
7361;22;620914051;7361;398;8603;8744;6.34;0.38;332.80;9.09;1242;26;2996.00;141
7363;22;620914076;7363;400;8604;8745;6.38;0.39;332.90;9.09;1241;26;2997.00;141
7366;22;620914092;7366;396;8604;8745;6.39;0.39;332.89;9.09;1238;26;2998.00;141
7369;22;620914108;7369;387;8604;8745;6.40;0.39;332.89;9.09;1235;26;2999.00;141
7372;22;620914128;7372;391;8609;8765;6.43;0.39;332.84;9.09;1237;26;3000.00;156
7373;22;620914153;7373;384;8609;8765;6.48;0.39;332.87;9.09;1236;26;3001.00;156
7377;22;620914169;7377;383;8609;8765;6.51;0.39;332.95;9.09;1232;26;3002.00;156
7378;22;620914192;7378;385;8610;8766;6.51;0.39;332.95;9.08;1232;26;3003.00;156
7382;22;620914211;7382;385;8614;8770;6.49;0.39;333.09;9.13;1232;26;3004.00;156
7383;22;620914229;7383;378;8614;8770;6.47;0.39;333.11;9.13;1231;26;3005.00;156
7386;22;620914246;7386;377;8619;8773;6.50;0.39;333.14;9.16;1233;26;3006.00;154
7389;22;620914263;7389;377;8621;8773;6.43;0.39;333.19;9.17;1232;26;3007.00;152
7389;22;620914286;7389;375;8624;8773;6.44;0.39;333.19;9.18;1235;26;3008.00;149
7392;22;620914302;7392;374;8624;8773;6.44;0.39;333.20;9.18;1232;26;3009.00;149
7395;22;620914319;7395;370;8629;8777;6.43;0.39;333.28;9.19;1234;26;3010.00;148
7397;22;620914336;7397;365;8629;8777;6.44;0.39;333.27;9.19;1232;26;3011.00;148
7400;22;620914352;7400;367;8633;8777;6.42;0.39;333.34;9.20;1233;26;3012.00;144
7402;22;620914368;7402;362;8635;8777;6.43;0.39;333.36;9.20;1233;26;3013.00;142
7408;22;620914384;7408;365;8637;8778;6.41;0.39;333.43;9.20;1229;26;3014.00;141
7410;22;620914401;7410;372;8639;8780;6.41;0.39;333.49;9.20;1229;26;3015.00;141
7414;22;620914417;7414;368;8640;8780;6.40;0.39;333.53;9.20;1226;26;3016.00;140
7419;22;620914434;7419;376;8641;8781;6.38;0.39;333.83;9.20;1222;26;3017.00;140
7420;22;620914450;7420;380;8642;8781;6.35;0.39;333.87;9.20;1222;26;3018.00;139
7422;22;620914468;7422;385;8642;8781;6.30;0.38;333.90;9.20;1220;26;3019.00;139
7427;22;620914484;7427;392;8644;8781;6.23;0.38;333.94;9.30;1217;26;3020.00;137
7428;22;620914500;7428;405;8645;8781;6.18;0.38;334.01;9.30;1217;26;3021.00;136
7430;22;620914515;7430;412;8645;8781;6.14;0.37;333.99;9.30;1215;26;3022.00;136
7431;22;620914531;7431;411;8647;8781;6.10;0.37;334.05;9.39;1216;26;3023.00;134
7434;22;620914547;7434;441;8714;8908;6.13;0.38;334.14;9.32;1280;26;3024.00;194
7435;22;620914575;7435;438;8717;8909;6.16;0.38;334.15;9.37;1282;26;3025.00;192
7443;22;620914592;7443;422;8725;8909;6.16;0.38;334.21;9.41;1282;26;3026.00;184
7444;22;620914609;7444;425;8726;8909;6.14;0.38;334.30;9.41;1282;26;3027.00;183
7446;22;620914625;7446;419;8731;8909;6.14;0.38;334.26;9.41;1285;26;3028.00;178
7449;22;620914642;7449;435;8733;8909;6.13;0.38;334.51;9.46;1284;26;3029.00;176
7454;22;620914667;7454;435;8738;8909;6.13;0.38;334.64;9.45;1284;26;3030.00;171
7456;22;620914685;7456;442;8739;8909;6.15;0.38;334.61;9.45;1283;26;3031.00;170
7459;22;620914713;7459;449;8744;8910;6.11;0.37;334.74;9.50;1285;26;3032.00;166
7461;22;620914734;7461;458;8748;8911;6.11;0.37;334.90;9.50;1287;26;3033.00;163
7462;22;620914760;7462;460;8753;8911;6.12;0.37;334.86;9.60;1291;26;3034.00;158
7464;22;620914782;7464;464;8757;8912;6.07;0.37;335.01;9.60;1293;26;3035.00;155
7465;22;620914805;7465;471;8764;8912;5.98;0.37;335.10;9.70;1299;26;3036.00;148
7468;22;620914825;7468;477;8768;8912;5.93;0.36;335.13;9.70;1300;26;3037.00;144
7470;22;620914842;7470;484;8771;8912;5.87;0.36;335.06;9.79;1301;26;3038.00;141
7470;22;620914859;7470;485;8776;8916;5.85;0.36;335.06;9.79;1306;26;3039.00;140
7472;22;620914876;7472;488;8778;8916;5.84;0.36;335.08;9.83;1306;26;3040.00;138
7475;22;620914894;7475;482;8779;8916;5.79;0.35;335.11;9.83;1304;26;3041.00;137
7477;22;620914911;7477;482;8781;8919;5.79;0.35;335.17;9.83;1304;26;3042.00;138
7479;22;620914929;7479;490;8784;8919;5.81;0.36;335.23;9.92;1305;26;3043.00;135
7481;22;620914945;7481;493;8785;8919;5.82;0.36;335.19;9.92;1304;26;3044.00;134
7483;22;620914961;7483;498;8788;8923;5.79;0.35;335.26;9.92;1305;26;3045.00;135
7486;22;620914978;7486;497;8792;8924;5.74;0.35;335.33;10.00;1306;26;3046.00;132
7486;22;620914995;7486;499;8793;8924;5.71;0.35;335.33;10.01;1307;26;3047.00;131
7489;22;620915011;7489;509;8795;8928;5.69;0.35;335.39;10.00;1306;26;3048.00;133
7491;22;620915028;7491;509;8798;8928;5.63;0.34;335.48;10.05;1307;26;3049.00;130
7495;22;620915044;7495;504;8799;8928;5.59;0.34;335.56;10.05;1304;26;3050.00;129
7498;22;620915059;7498;505;8801;8929;5.50;0.34;335.64;10.05;1303;26;3051.00;128
7499;22;620915075;7499;509;8802;8929;5.42;0.33;335.65;10.09;1303;26;3052.00;127
7502;22;620915104;7502;526;8808;8935;5.40;0.33;335.80;10.08;1306;26;3053.00;127
7506;22;620915120;7506;524;8808;8935;5.27;0.32;335.85;10.08;1302;26;3054.00;127
7511;22;620915135;7511;533;8810;8936;5.18;0.32;336.00;10.17;1299;26;3055.00;126
7516;22;620915151;7516;540;8810;8936;5.08;0.31;336.00;10.17;1294;26;3056.00;126
7519;22;620915166;7519;547;8812;8936;4.98;0.30;335.91;10.25;1293;26;3057.00;124
7522;22;620915181;7522;546;8812;8936;4.83;0.29;336.06;10.25;1290;26;3058.00;124
7526;22;620915196;7526;557;8812;8936;4.68;0.29;336.13;10.25;1286;26;3059.00;124
7528;22;620915212;7528;560;8839;8972;4.72;0.29;336.11;10.22;1311;26;3060.00;133
7532;22;620915229;7532;553;8840;8972;4.64;0.29;336.09;10.22;1308;26;3061.00;132
7537;22;620915243;7537;559;8841;8972;4.57;0.28;336.15;10.22;1304;26;3062.00;131
7539;22;620915259;7539;556;8841;8972;4.52;0.28;336.19;10.22;1302;26;3063.00;131
7543;23;620915274;7543;554;8842;8972;4.48;0.28;336.18;10.22;1299;27;3064.00;130
7545;23;620915301;7545;554;8842;8972;4.48;0.28;336.20;10.22;1297;27;3065.00;130
7547;23;620915316;7547;560;8846;8976;4.47;0.28;336.16;10.22;1299;27;3066.00;130
7552;23;620915331;7552;558;8846;8976;4.47;0.28;336.12;10.22;1294;27;3067.00;130
7554;23;620915347;7554;558;8850;8980;4.49;0.28;336.22;10.21;1296;27;3068.00;130
7557;23;620915361;7557;559;8851;8981;4.48;0.28;336.22;10.21;1294;27;3069.00;130
7560;23;620915376;7560;558;8851;8981;4.46;0.28;336.25;10.21;1291;27;3070.00;130
7564;23;620915391;7564;558;8851;8981;4.40;0.27;336.20;10.21;1287;27;3071.00;130
7567;23;620915405;7567;564;8862;8994;4.48;0.28;336.30;10.20;1295;27;3072.00;132
7571;23;620915422;7571;558;8862;8994;4.47;0.28;336.29;10.20;1291;27;3073.00;132
7574;23;620915439;7574;568;8862;8994;4.45;0.27;336.31;10.20;1288;27;3074.00;132
7577;23;620915454;7577;562;8863;8995;4.48;0.28;336.28;10.20;1286;27;3075.00;132
7582;23;620915470;7582;562;8863;8996;4.49;0.28;336.24;10.20;1281;27;3076.00;133
7584;23;620915485;7584;560;8863;8996;4.49;0.28;336.26;10.20;1279;27;3077.00;133
7592;23;620915499;7592;563;8865;8999;4.43;0.27;336.18;10.19;1273;27;3078.00;134
7595;23;620915515;7595;567;8865;8999;4.41;0.27;336.14;10.19;1270;27;3079.00;134
7598;23;620915532;7598;567;8865;8999;4.40;0.27;336.10;10.19;1267;27;3080.00;134
7602;23;620915548;7602;571;8865;8999;4.38;0.27;336.19;10.19;1263;27;3081.00;134
7605;23;620915565;7605;572;8869;9005;4.36;0.27;336.22;10.19;1264;27;3082.00;136
7609;23;620915582;7609;570;8869;9005;4.31;0.27;336.19;10.19;1260;27;3083.00;136
7611;23;620915606;7611;564;8869;9005;4.30;0.27;336.23;10.19;1258;27;3084.00;136
7615;23;620915622;7615;572;8869;9005;4.24;0.26;336.17;10.19;1254;27;3085.00;136
7619;23;620915636;7619;576;8873;9009;4.23;0.26;336.12;10.19;1254;27;3086.00;136
7622;23;620915651;7622;577;8874;9010;4.20;0.26;336.17;10.19;1252;27;3087.00;136
7627;23;620915664;7627;589;8874;9010;4.13;0.25;336.10;10.19;1247;27;3088.00;136
7630;23;620915678;7630;594;8876;9011;4.11;0.25;336.12;10.18;1246;27;3089.00;135
7635;23;620915697;7635;601;8876;9011;4.05;0.25;336.18;10.18;1241;27;3090.00;135
7641;23;620915712;7641;610;8876;9011;3.98;0.24;336.19;10.18;1235;27;3091.00;135
7646;23;620915727;7646;610;8876;9011;3.91;0.24;336.20;10.18;1230;27;3092.00;135
7647;23;620915740;7647;610;8877;9011;3.88;0.24;336.21;10.22;1230;27;3093.00;134
7648;23;620915754;7648;610;8877;9011;3.89;0.24;336.21;10.22;1229;27;3094.00;134
7651;23;620915769;7651;611;8877;9011;3.88;0.24;336.21;10.22;1226;27;3095.00;134
7655;23;620915782;7655;631;8918;9081;4.05;0.25;336.17;10.18;1263;27;3096.00;163
7658;23;620915802;7658;624;8919;9082;4.06;0.25;336.13;10.18;1261;27;3097.00;163
7661;23;620915817;7661;633;8925;9082;4.07;0.25;336.07;10.17;1264;27;3098.00;157
7664;23;620915831;7664;628;8929;9082;4.07;0.25;336.08;10.17;1265;27;3099.00;153
7666;23;620915846;7666;630;8931;9082;4.11;0.25;336.11;10.17;1265;27;3100.00;151
7670;23;620915865;7670;638;8933;9082;4.11;0.25;336.13;10.16;1263;27;3101.00;149
7673;23;620915879;7673;637;8937;9082;4.11;0.25;336.16;10.16;1264;27;3102.00;145
7673;23;620915894;7673;643;8938;9082;4.08;0.25;336.16;10.16;1265;27;3103.00;144
7677;23;620915908;7677;639;8941;9083;4.05;0.25;336.16;10.16;1264;27;3104.00;142
7680;23;620915924;7680;645;8944;9085;4.02;0.24;336.21;10.16;1264;27;3105.00;141
7682;23;620915940;7682;646;8946;9085;4.02;0.24;336.16;10.16;1264;27;3106.00;139
7684;23;620915955;7684;624;8949;9089;4.01;0.24;336.14;10.15;1265;27;3107.00;140
7684;23;620915971;7684;618;8949;9089;4.06;0.25;336.14;10.15;1265;27;3108.00;140
7687;23;620915986;7687;613;8950;9089;4.05;0.24;336.12;10.20;1263;27;3109.00;139
7689;23;620916002;7689;608;8950;9089;4.07;0.25;336.20;10.20;1261;27;3110.00;139
7689;23;620916017;7689;606;8955;9095;4.15;0.25;336.20;10.19;1266;27;3111.00;140
7691;23;620916032;7691;596;8955;9095;4.21;0.26;336.23;10.19;1264;27;3112.00;140
7692;23;620916048;7692;600;8955;9095;4.31;0.26;336.24;10.19;1263;27;3113.00;140
7693;23;620916063;7693;595;8958;9098;4.44;0.27;336.26;10.19;1265;27;3114.00;140
7696;23;620916079;7696;593;8958;9098;4.49;0.27;336.28;10.19;1262;27;3115.00;140
7698;23;620916095;7698;576;8958;9098;4.57;0.28;336.26;10.19;1260;27;3116.00;140
7700;23;620916110;7700;562;8958;9099;4.64;0.28;336.32;10.19;1258;27;3117.00;141
7703;23;620916126;7703;547;8959;9100;4.75;0.29;336.34;10.19;1256;27;3118.00;141
7706;23;620916142;7706;540;8959;9100;4.84;0.29;336.26;10.19;1253;27;3119.00;141
7706;23;620916160;7706;527;8980;9126;5.06;0.31;336.26;10.16;1274;27;3120.00;146
7707;23;620916180;7707;516;8980;9126;5.09;0.31;336.28;10.16;1273;27;3121.00;146
7709;23;620916204;7709;505;8981;9126;5.13;0.31;336.26;10.16;1272;27;3122.00;145
7709;23;620916227;7709;504;8982;9127;5.17;0.31;336.26;10.16;1273;27;3123.00;145
7709;23;620916244;7709;503;8983;9127;5.14;0.31;336.26;10.19;1274;27;3124.00;144
7712;23;620916261;7712;497;8987;9131;5.12;0.31;336.29;10.19;1275;27;3125.00;144
7712;23;620916278;7712;492;8987;9131;5.11;0.31;336.29;10.19;1275;27;3126.00;144
7713;23;620916293;7713;491;8990;9135;5.11;0.31;336.25;10.19;1277;27;3127.00;145
7716;23;620916311;7716;478;8990;9135;5.10;0.31;336.19;10.19;1274;27;3128.00;145
7719;23;620916328;7719;476;8990;9135;5.13;0.31;336.27;10.19;1271;27;3129.00;145
7722;23;620916345;7722;462;8990;9135;5.14;0.31;336.30;10.19;1268;27;3130.00;145
7723;23;620916361;7723;463;8990;9135;5.17;0.31;336.42;10.19;1267;27;3131.00;145
7725;23;620916377;7725;456;9000;9147;5.29;0.32;336.57;10.18;1275;27;3132.00;147
7727;23;620916395;7727;457;9000;9147;5.42;0.33;336.70;10.18;1273;27;3133.00;147
7731;23;620916412;7731;449;9001;9147;5.48;0.33;336.77;10.17;1270;27;3134.00;146
7733;23;620916428;7733;441;9001;9147;5.55;0.34;336.74;10.17;1268;27;3135.00;146
7736;23;620916446;7736;440;9001;9147;5.61;0.34;336.76;10.17;1265;27;3136.00;146
7742;23;620916462;7742;435;9001;9147;5.63;0.34;336.76;10.17;1259;27;3137.00;146
7744;23;620916479;7744;434;9001;9148;5.70;0.35;336.80;10.17;1257;27;3138.00;147
7747;23;620916495;7747;433;9002;9148;5.71;0.35;336.82;10.20;1255;27;3139.00;146
7748;23;620916510;7748;436;9007;9154;5.79;0.35;336.87;10.20;1259;27;3140.00;147
7748;23;620916528;7748;440;9008;9155;5.85;0.36;336.87;10.20;1260;27;3141.00;147
7750;23;620916544;7750;438;9008;9155;5.87;0.36;336.93;10.20;1258;27;3142.00;147
7751;23;620916560;7751;436;9008;9155;5.88;0.36;336.93;10.20;1257;27;3143.00;147
7754;23;620916576;7754;443;9011;9159;5.89;0.36;337.19;10.19;1257;27;3144.00;148
7758;23;620916593;7758;444;9012;9159;5.87;0.36;337.28;10.22;1254;27;3145.00;147
7760;23;620916608;7760;451;9012;9159;5.85;0.36;337.29;10.22;1252;27;3146.00;147
7763;23;620916631;7763;453;9014;9160;5.81;0.35;337.41;10.25;1251;27;3147.00;146
7766;23;620916648;7766;455;9017;9164;5.76;0.35;337.61;10.25;1251;27;3148.00;147
7770;23;620916665;7770;463;9017;9164;5.75;0.35;337.72;10.25;1247;27;3149.00;147
7773;24;620916683;7773;457;9021;9170;5.78;0.35;337.76;10.24;1248;28;3150.00;149
7774;24;620916733;7774;452;9021;9170;5.79;0.35;337.81;10.24;1247;28;3151.00;149
7776;24;620916759;7776;446;9023;9170;5.79;0.35;337.97;10.24;1247;28;3152.00;147
7778;24;620916783;7778;437;9023;9170;5.76;0.35;338.02;10.24;1245;28;3153.00;147
7782;24;620916810;7782;438;9027;9174;5.78;0.35;338.08;10.23;1245;28;3154.00;147
7786;24;620916830;7786;438;9027;9174;5.79;0.35;338.22;10.23;1241;28;3155.00;147
7787;24;620916847;7787;438;9027;9174;5.79;0.35;338.28;10.23;1240;28;3156.00;147
7791;24;620916865;7791;424;9027;9174;5.73;0.35;338.50;10.23;1236;28;3157.00;147
7793;24;620916882;7793;421;9027;9175;5.76;0.35;338.54;10.23;1234;28;3158.00;148
7794;24;620916905;7794;416;9028;9176;5.83;0.35;338.55;10.23;1234;28;3159.00;148
7798;24;620916921;7798;412;9028;9176;5.79;0.35;338.76;10.23;1230;28;3160.00;148
7801;24;620916938;7801;401;9029;9177;5.79;0.35;338.83;10.23;1228;28;3161.00;148
7802;24;620916955;7802;394;9029;9177;5.79;0.35;338.93;10.23;1227;28;3162.00;148
7806;24;620916972;7806;385;9029;9177;5.73;0.35;338.97;10.23;1223;28;3163.00;148
7808;24;620916987;7808;387;9029;9177;5.73;0.35;339.16;10.23;1221;28;3164.00;148
7814;24;620917003;7814;379;9031;9177;5.73;0.35;339.14;10.34;1217;28;3165.00;146
7817;24;620917022;7817;383;9031;9177;5.75;0.35;339.18;10.34;1214;28;3166.00;146
7822;24;620917037;7822;379;9031;9177;5.74;0.35;339.21;10.34;1209;28;3167.00;146
7825;24;620917053;7825;405;9097;9304;5.87;0.36;339.23;10.26;1272;28;3168.00;207
7828;24;620917081;7828;392;9100;9305;5.86;0.36;339.29;10.26;1272;28;3169.00;205
7831;24;620917098;7831;384;9103;9305;5.84;0.36;339.31;10.26;1272;28;3170.00;202
7832;24;620917115;7832;386;9105;9305;5.87;0.36;339.37;10.25;1273;28;3171.00;200
7833;24;620917130;7833;379;9110;9305;5.89;0.36;339.34;10.25;1277;28;3172.00;195
7836;24;620917146;7836;380;9112;9305;5.94;0.37;339.55;10.25;1276;28;3173.00;193
7838;24;620917164;7838;387;9114;9305;5.99;0.37;339.53;10.25;1276;28;3174.00;191
7839;25;620917180;7839;388;9116;9305;6.10;0.37;339.57;10.25;1277;29;3175.00;189
7844;25;620917204;7844;387;9118;9306;6.15;0.38;339.55;10.25;1274;29;3176.00;188
7849;25;620917226;7849;387;9125;9307;6.25;0.38;339.54;10.25;1276;29;3177.00;182
7853;25;620917243;7853;388;9127;9307;6.31;0.39;339.50;10.25;1274;29;3178.00;180
7859;25;620917260;7859;390;9129;9308;6.33;0.39;339.55;10.25;1270;29;3179.00;179
7860;25;620917280;7860;388;9132;9308;6.30;0.39;339.56;10.25;1272;29;3180.00;176
7861;25;620917296;7861;384;9134;9308;6.25;0.38;339.57;10.25;1273;29;3181.00;174
7863;25;620917313;7863;391;9137;9308;6.19;0.38;339.61;10.25;1274;29;3182.00;171
7867;25;620917329;7867;386;9142;9312;6.17;0.38;339.74;10.25;1275;29;3183.00;170
7871;25;620917347;7871;391;9143;9312;6.12;0.37;339.97;10.25;1272;29;3184.00;169
7876;25;620917370;7876;394;9144;9312;6.10;0.37;340.03;10.25;1268;29;3185.00;168
7879;25;620917394;7879;401;9146;9315;6.13;0.37;340.21;10.25;1267;29;3186.00;169
7882;25;620917410;7882;396;9148;9315;6.14;0.37;340.35;10.25;1266;29;3187.00;167
7882;25;620917427;7882;409;9150;9315;6.21;0.38;340.35;10.25;1268;29;3188.00;165
7883;25;620917444;7883;413;9154;9319;6.23;0.38;340.39;10.25;1271;29;3189.00;165
7887;25;620917461;7887;415;9157;9320;6.23;0.38;340.47;10.31;1270;29;3190.00;163
7887;25;620917478;7887;419;9160;9322;6.24;0.38;340.47;10.30;1273;29;3191.00;162
7889;25;620917502;7889;423;9164;9326;6.27;0.38;340.62;10.30;1275;29;3192.00;162
7893;25;620917520;7893;427;9166;9326;6.22;0.38;340.84;10.35;1273;29;3193.00;160
7894;25;620917537;7894;427;9166;9326;6.21;0.38;340.80;10.35;1272;29;3194.00;160
7896;25;620917553;7896;427;9170;9328;6.21;0.38;340.92;10.40;1274;29;3195.00;158
7902;25;620917570;7902;426;9170;9328;6.17;0.38;340.99;10.40;1268;29;3196.00;158
7905;25;620917588;7905;432;9175;9334;6.14;0.38;341.13;10.40;1270;29;3197.00;159
7908;25;620917611;7908;436;9176;9334;6.03;0.37;341.38;10.45;1268;29;3198.00;158
7910;25;620917628;7910;437;9179;9335;5.95;0.36;341.36;10.61;1269;29;3199.00;156
7914;25;620917645;7914;444;9179;9335;5.81;0.36;341.45;10.61;1265;29;3200.00;156
7918;25;620917666;7918;445;9180;9335;5.72;0.35;341.52;10.66;1262;29;3201.00;155
7921;25;620917683;7921;450;9182;9335;5.64;0.35;341.56;10.71;1261;29;3202.00;153
7924;25;620917700;7924;456;9183;9335;5.52;0.34;341.82;10.76;1259;29;3203.00;152
7927;25;620917716;7927;467;9194;9347;5.52;0.34;341.88;10.80;1267;29;3204.00;153
7928;25;620917733;7928;468;9194;9347;5.51;0.34;341.86;10.80;1266;29;3205.00;153
7930;25;620917749;7930;476;9197;9347;5.50;0.34;342.01;10.90;1267;29;3206.00;150
7933;25;620917765;7933;481;9198;9347;5.45;0.33;342.12;10.90;1265;29;3207.00;149
7936;25;620917785;7936;490;9199;9347;5.39;0.33;342.10;10.95;1263;29;3208.00;148
7941;25;620917801;7941;498;9200;9347;5.33;0.33;342.06;11.00;1259;29;3209.00;147
7942;25;620917819;7942;494;9203;9351;5.32;0.33;342.09;11.00;1261;29;3210.00;148
7944;25;620917834;7944;498;9205;9351;5.27;0.32;342.26;11.10;1261;29;3211.00;146
7945;25;620917849;7945;499;9209;9355;5.35;0.33;342.26;11.09;1264;29;3212.00;146
7947;25;620917864;7947;500;9211;9356;5.32;0.32;342.23;11.14;1264;29;3213.00;145
7954;25;620917880;7954;501;9212;9356;5.27;0.32;342.39;11.19;1258;29;3214.00;144
7956;25;620917896;7956;501;9213;9356;5.25;0.32;342.44;11.23;1257;29;3215.00;143
7959;25;620917911;7959;513;9224;9369;5.23;0.32;342.39;11.22;1265;29;3216.00;145
7960;25;620917927;7960;509;9226;9369;5.21;0.32;342.39;11.31;1266;29;3217.00;143
7960;25;620917941;7960;514;9226;9369;5.17;0.31;342.39;11.31;1266;29;3218.00;143
7962;25;620917955;7962;516;9228;9370;5.12;0.31;342.44;11.36;1266;29;3219.00;142
7964;25;620917971;7964;521;9228;9371;5.08;0.31;342.45;11.36;1264;29;3220.00;143
7969;25;620917985;7969;525;9228;9371;5.03;0.31;342.47;11.36;1259;29;3221.00;143
7973;25;620918000;7973;533;9233;9374;5.00;0.30;342.55;11.45;1260;29;3222.00;141
7976;25;620918015;7976;540;9234;9374;5.02;0.31;342.59;11.49;1258;29;3223.00;140
7979;25;620918029;7979;546;9235;9374;4.98;0.30;342.51;11.53;1256;29;3224.00;139
7982;25;620918044;7982;543;9236;9374;4.94;0.30;342.52;11.58;1254;29;3225.00;138
7986;25;620918058;7986;546;9241;9380;4.93;0.30;342.61;11.57;1255;29;3226.00;139
7988;25;620918073;7988;547;9241;9380;4.84;0.29;342.71;11.57;1253;29;3227.00;139
7990;25;620918087;7990;547;9242;9380;4.71;0.29;342.69;11.62;1252;29;3228.00;138
7994;25;620918101;7994;554;9242;9380;4.59;0.28;342.77;11.62;1248;29;3229.00;138
7997;25;620918115;7997;549;9245;9384;4.51;0.28;342.76;11.62;1248;29;3230.00;139
8001;25;620918129;8001;553;9246;9385;4.43;0.27;342.70;11.62;1245;29;3231.00;139
8005;25;620918143;8005;547;9246;9385;4.40;0.27;342.63;11.62;1241;29;3232.00;139
8008;25;620918164;8008;549;9247;9386;4.36;0.27;342.72;11.62;1239;29;3233.00;139
8013;25;620918177;8013;544;9247;9386;4.31;0.26;342.76;11.62;1234;29;3234.00;139
8016;25;620918192;8016;544;9247;9386;4.32;0.26;342.72;11.62;1231;29;3235.00;139
8021;25;620918206;8021;541;9247;9386;4.31;0.26;342.76;11.62;1226;29;3236.00;139
8023;25;620918221;8023;528;9247;9386;4.32;0.26;342.74;11.62;1224;29;3237.00;139
8028;25;620918234;8028;528;9247;9386;4.31;0.26;342.74;11.62;1219;29;3238.00;139
8031;25;620918248;8031;521;9247;9386;4.33;0.26;342.78;11.62;1216;29;3239.00;139
8035;25;620918264;8035;515;9308;9511;4.55;0.28;342.69;11.54;1273;29;3240.00;203
8039;25;620918288;8039;509;9313;9512;4.58;0.28;342.70;11.53;1274;29;3241.00;199
8040;25;620918303;8040;504;9322;9512;4.72;0.29;342.67;11.52;1282;29;3242.00;190
8043;25;620918319;8043;511;9324;9512;4.74;0.29;342.62;11.52;1281;29;3243.00;188
8046;25;620918336;8046;512;9327;9512;4.79;0.30;342.65;11.52;1281;29;3244.00;185
8046;25;620918352;8046;514;9327;9512;4.82;0.30;342.65;11.52;1281;29;3245.00;185
8051;25;620918366;8051;520;9330;9512;4.81;0.30;342.64;11.52;1279;29;3246.00;182
8056;25;620918381;8056;517;9332;9512;4.82;0.30;342.61;11.52;1276;29;3247.00;180
8059;25;620918396;8059;516;9335;9513;4.86;0.30;342.55;11.52;1276;29;3248.00;178
8062;25;620918413;8062;511;9337;9514;4.85;0.30;342.54;11.52;1275;29;3249.00;177
8067;25;620918428;8067;522;9339;9514;4.81;0.30;342.57;11.52;1272;29;3250.00;175
8069;25;620918443;8069;527;9345;9518;4.82;0.30;342.56;11.51;1276;29;3251.00;173
8071;25;620918459;8071;533;9346;9518;4.77;0.30;342.57;11.51;1275;29;3252.00;172
8077;25;620918474;8077;531;9347;9518;4.66;0.29;342.52;11.51;1270;29;3253.00;171
8079;25;620918489;8079;533;9348;9518;4.61;0.29;342.52;11.51;1269;29;3254.00;170
8082;25;620918504;8082;543;9352;9524;4.57;0.28;342.56;11.51;1270;29;3255.00;172
8083;25;620918520;8083;547;9353;9524;4.55;0.28;342.57;11.51;1270;29;3256.00;171
8087;25;620918534;8087;556;9354;9524;4.50;0.28;342.64;11.51;1267;29;3257.00;170
8090;25;620918549;8090;562;9356;9527;4.44;0.27;342.59;11.51;1266;29;3258.00;171
8094;25;620918565;8094;554;9357;9527;4.40;0.27;342.59;11.51;1263;29;3259.00;170
8100;25;620918581;8100;541;9357;9527;4.36;0.27;342.60;11.51;1257;29;3260.00;170
8103;25;620918596;8103;537;9357;9528;4.39;0.27;342.62;11.51;1254;29;3261.00;171
8106;25;620918611;8106;541;9359;9529;4.38;0.27;342.59;11.51;1253;29;3262.00;170
8107;25;620918627;8107;537;9359;9529;4.41;0.27;342.66;11.51;1252;29;3263.00;170
8110;25;620918645;8110;537;9370;9542;4.44;0.27;342.61;11.50;1260;29;3264.00;172
8112;25;620918661;8112;540;9370;9542;4.46;0.27;342.56;11.50;1258;29;3265.00;172
8118;25;620918676;8118;534;9371;9542;4.46;0.27;342.47;11.50;1253;29;3266.00;171
8121;25;620918691;8121;538;9371;9543;4.46;0.27;342.52;11.50;1250;29;3267.00;172
8124;25;620918722;8124;543;9373;9543;4.45;0.27;342.47;11.50;1249;29;3268.00;170
8126;25;620918744;8126;537;9376;9547;4.44;0.27;342.49;11.50;1250;29;3269.00;171
8131;25;620918769;8131;548;9377;9547;4.42;0.27;342.49;11.50;1246;29;3270.00;170
8134;25;620918787;8134;547;9381;9551;4.46;0.27;342.50;11.50;1247;29;3271.00;170
8136;25;620918807;8136;548;9382;9551;4.41;0.27;342.52;11.50;1246;29;3272.00;169
8138;25;620918823;8138;545;9384;9551;4.35;0.27;342.53;11.50;1246;29;3273.00;167
8139;25;620918840;8139;545;9384;9551;4.28;0.26;342.53;11.50;1245;29;3274.00;167
8143;25;620918855;8143;555;9385;9551;4.20;0.26;342.51;11.49;1242;29;3275.00;166
8146;25;620918869;8146;556;9395;9563;4.24;0.26;342.48;11.48;1249;29;3276.00;168
8147;25;620918886;8147;553;9395;9563;4.26;0.26;342.45;11.48;1248;29;3277.00;168
8148;25;620918902;8148;547;9395;9563;4.30;0.26;342.43;11.48;1247;29;3278.00;168
8150;25;620918918;8150;541;9396;9563;4.33;0.26;342.45;11.48;1246;29;3279.00;167
8151;25;620918933;8151;532;9396;9563;4.40;0.27;342.50;11.48;1245;29;3280.00;167
8153;25;620918948;8153;525;9396;9563;4.41;0.27;342.44;11.48;1243;29;3281.00;167
8155;25;620918964;8155;530;9396;9564;4.45;0.27;342.48;11.48;1241;29;3282.00;168
8155;25;620918980;8155;535;9396;9564;4.48;0.27;342.48;11.48;1241;29;3283.00;168
8158;25;620918994;8158;530;9401;9570;4.52;0.28;342.52;11.48;1243;29;3284.00;169
8160;25;620919010;8160;526;9403;9572;4.57;0.28;342.59;11.47;1243;29;3285.00;169
8161;25;620919025;8161;507;9403;9572;4.61;0.28;342.56;11.47;1242;29;3286.00;169
8163;25;620919040;8163;503;9403;9572;4.65;0.28;342.71;11.47;1240;29;3287.00;169
8164;25;620919055;8164;492;9406;9576;4.74;0.29;342.80;11.47;1242;29;3288.00;170
8164;25;620919071;8164;480;9406;9576;4.81;0.29;342.80;11.47;1242;29;3289.00;170
8166;25;620919095;8166;474;9406;9576;4.84;0.29;342.78;11.47;1240;29;3290.00;170
8167;25;620919110;8167;469;9407;9577;4.88;0.30;342.75;11.47;1240;29;3291.00;170
8169;25;620919126;8169;465;9410;9581;4.91;0.30;342.79;11.47;1241;29;3292.00;171
8170;25;620919143;8170;464;9410;9581;4.91;0.30;342.79;11.47;1240;29;3293.00;171
8175;25;620919158;8175;466;9412;9584;4.94;0.30;342.76;11.46;1237;29;3294.00;172
8178;25;620919174;8178;460;9412;9584;4.95;0.30;342.92;11.46;1234;29;3295.00;172
8178;25;620919190;8178;464;9413;9584;4.99;0.31;342.92;11.46;1235;29;3296.00;171
8181;25;620919205;8181;457;9413;9584;5.02;0.31;342.96;11.46;1232;29;3297.00;171
8184;25;620919223;8184;457;9417;9588;5.08;0.31;343.01;11.46;1233;29;3298.00;171
8184;25;620919239;8184;448;9417;9588;5.14;0.31;343.01;11.46;1233;29;3299.00;171
8186;25;620919259;8186;446;9422;9607;5.14;0.31;343.10;11.45;1236;29;3300.00;185
8188;25;620919288;8188;445;9422;9607;5.21;0.32;343.25;11.45;1234;29;3301.00;185
8190;25;620919304;8190;446;9422;9608;5.24;0.32;343.33;11.45;1232;29;3302.00;186
8193;25;620919320;8193;442;9423;9609;5.24;0.32;343.43;11.45;1230;29;3303.00;186
8197;25;620919336;8197;439;9423;9609;5.25;0.32;343.74;11.45;1226;29;3304.00;186
8200;25;620919352;8200;432;9424;9610;5.30;0.32;343.82;11.45;1224;29;3305.00;186
8204;25;620919369;8204;427;9426;9610;5.29;0.32;343.86;11.45;1222;29;3306.00;184
8208;25;620919385;8208;424;9426;9610;5.31;0.32;343.99;11.45;1218;29;3307.00;184
8210;25;620919401;8210;424;9426;9610;5.37;0.33;344.04;11.45;1216;29;3308.00;184
8214;25;620919417;8214;426;9426;9610;5.33;0.32;344.18;11.45;1212;29;3309.00;184
8218;25;620919433;8218;430;9426;9610;5.32;0.32;344.36;11.45;1208;29;3310.00;184
8220;25;620919449;8220;436;9427;9610;5.35;0.32;344.44;11.45;1207;29;3311.00;183
8223;25;620919465;8223;461;9497;9737;5.48;0.34;344.52;11.37;1274;29;3312.00;240
8225;25;620919492;8225;453;9497;9738;5.48;0.34;344.58;11.37;1272;29;3313.00;241
8229;25;620919508;8229;451;9501;9738;5.49;0.34;344.83;11.36;1272;29;3314.00;237
8230;25;620919525;8230;450;9501;9738;5.54;0.34;344.88;11.36;1271;29;3315.00;237
8231;25;620919541;8231;446;9504;9738;5.57;0.34;344.86;11.36;1273;29;3316.00;234
8231;25;620919557;8231;447;9507;9738;5.59;0.35;344.86;11.36;1276;29;3317.00;231
8234;25;620919573;8234;449;9509;9738;5.63;0.35;344.88;11.36;1275;29;3318.00;229
8237;25;620919591;8237;456;9510;9738;5.65;0.35;344.93;11.36;1273;29;3319.00;228
8237;25;620919608;8237;451;9512;9739;5.67;0.35;344.93;11.36;1275;29;3320.00;227
8238;25;620919634;8238;448;9514;9740;5.69;0.35;345.02;11.36;1276;29;3321.00;226
8238;25;620919656;8238;447;9516;9740;5.74;0.35;345.02;11.36;1278;29;3322.00;224
8242;25;620919672;8242;450;9519;9741;5.72;0.35;345.10;11.36;1277;29;3323.00;222
8245;25;620919692;8245;451;9521;9741;5.72;0.35;345.13;11.36;1276;29;3324.00;220
8245;25;620919710;8245;449;9523;9741;5.74;0.35;345.13;11.36;1278;29;3325.00;218
8248;25;620919726;8248;449;9525;9741;5.74;0.35;345.09;11.36;1277;29;3326.00;216
8248;25;620919742;8248;444;9527;9745;5.74;0.35;345.09;11.36;1279;29;3327.00;218
8249;25;620919759;8249;444;9530;9745;5.71;0.35;345.19;11.36;1281;29;3328.00;215
8253;25;620919775;8253;445;9533;9745;5.67;0.35;345.39;11.37;1280;29;3329.00;212
8255;25;620919793;8255;437;9536;9751;5.66;0.35;345.48;11.37;1281;29;3330.00;215
8258;25;620919811;8258;432;9539;9751;5.63;0.34;345.49;11.37;1281;29;3331.00;212
8259;25;620919828;8259;428;9541;9751;5.62;0.34;345.50;11.37;1282;29;3332.00;210
8260;25;620919844;8260;425;9547;9755;5.62;0.34;345.52;11.37;1287;29;3333.00;208
8261;25;620919860;8261;418;9552;9756;5.63;0.34;345.51;11.37;1291;29;3334.00;204
8266;25;620919877;8266;412;9557;9756;5.62;0.34;345.55;11.48;1291;29;3335.00;199
8268;25;620919905;8268;404;9561;9760;5.60;0.34;345.66;11.48;1293;29;3336.00;199
8271;25;620919922;8271;406;9562;9760;5.58;0.34;345.64;11.48;1291;29;3337.00;198
8276;25;620919940;8276;410;9563;9760;5.53;0.34;345.68;11.48;1287;29;3338.00;197
8280;25;620919957;8280;403;9564;9761;5.49;0.34;345.88;11.48;1284;29;3339.00;197
8283;25;620919975;8283;400;9566;9761;5.46;0.33;345.93;11.49;1283;29;3340.00;195
8286;25;620919991;8286;394;9572;9767;5.50;0.33;345.99;11.48;1286;29;3341.00;195
8290;25;620920009;8290;394;9572;9767;5.51;0.34;346.00;11.48;1282;29;3342.00;195
8292;25;620920027;8292;389;9574;9768;5.50;0.34;345.97;11.49;1282;29;3343.00;194
8294;25;620920051;8294;390;9574;9768;5.51;0.34;345.97;11.49;1280;29;3344.00;194
8296;25;620920068;8296;385;9575;9768;5.54;0.34;345.94;11.49;1279;29;3345.00;193
8297;25;620920088;8297;393;9575;9768;5.58;0.34;345.98;11.49;1278;29;3346.00;193
8304;25;620920104;8304;388;9577;9768;5.58;0.34;345.98;11.54;1273;29;3347.00;191
8306;25;620920121;8306;387;9588;9780;5.68;0.35;346.11;11.52;1282;29;3348.00;192
8309;25;620920139;8309;385;9588;9780;5.65;0.34;346.06;11.52;1279;29;3349.00;192
8311;25;620920155;8311;384;9588;9780;5.69;0.35;346.02;11.52;1277;29;3350.00;192
8313;25;620920172;8313;387;9590;9780;5.68;0.35;346.07;11.53;1277;29;3351.00;190
8315;25;620920189;8315;394;9590;9780;5.68;0.35;346.11;11.53;1275;29;3352.00;190
8318;25;620920204;8318;397;9590;9780;5.67;0.35;346.22;11.53;1272;29;3353.00;190
8321;25;620920221;8321;405;9595;9784;5.63;0.34;346.37;11.53;1274;29;3354.00;189
8326;25;620920238;8326;411;9595;9784;5.64;0.34;346.46;11.53;1269;29;3355.00;189
8330;25;620920263;8330;414;9600;9788;5.62;0.34;346.59;11.53;1270;29;3356.00;188
8331;25;620920280;8331;418;9601;9789;5.69;0.35;346.69;11.52;1270;29;3357.00;188
8332;25;620920297;8332;427;9601;9789;5.68;0.35;346.81;11.52;1269;29;3358.00;188
8337;25;620920313;8337;428;9601;9789;5.67;0.34;346.84;11.52;1264;29;3359.00;188
8341;25;620920331;8341;442;9624;9818;5.70;0.35;346.91;11.61;1283;29;3360.00;194
8344;25;620920350;8344;434;9626;9818;5.67;0.35;346.93;11.60;1282;29;3361.00;192
8345;25;620920366;8345;444;9628;9818;5.67;0.35;346.93;11.60;1283;29;3362.00;190
8347;25;620920382;8347;453;9631;9819;5.66;0.35;346.93;11.71;1284;29;3363.00;188
8349;25;620920400;8349;461;9631;9820;5.64;0.34;346.92;11.71;1282;29;3364.00;189
8353;25;620920416;8353;463;9632;9820;5.59;0.34;347.05;11.76;1279;29;3365.00;188
8356;25;620920432;8356;473;9635;9823;5.57;0.34;347.14;11.81;1279;29;3366.00;188
8358;25;620920449;8358;478;9636;9823;5.54;0.34;347.22;11.87;1278;29;3367.00;187
8360;25;620920465;8360;486;9639;9823;5.48;0.34;347.38;11.97;1279;29;3368.00;184
8363;25;620920481;8363;488;9639;9823;5.45;0.33;347.44;11.97;1276;29;3369.00;184
8365;25;620920497;8365;493;9645;9829;5.49;0.34;347.47;12.01;1280;29;3370.00;184
8370;25;620920513;8370;495;9646;9829;5.41;0.33;347.51;12.07;1276;29;3371.00;183
8373;25;620920531;8373;500;9647;9829;5.36;0.33;347.55;12.12;1274;29;3372.00;182
8376;25;620920548;8376;511;9648;9829;5.27;0.32;347.57;12.17;1272;29;3373.00;181
8378;25;620920563;8378;515;9651;9833;5.19;0.32;347.72;12.17;1273;29;3374.00;182
8379;25;620920579;8379;521;9653;9835;5.15;0.32;347.72;12.17;1274;29;3375.00;182
8384;25;620920595;8384;536;9654;9835;5.06;0.31;347.86;12.22;1270;29;3376.00;181
8385;25;620920610;8385;541;9655;9836;5.00;0.31;347.83;12.22;1270;29;3377.00;181
8386;25;620920625;8386;541;9657;9836;4.95;0.30;347.80;12.33;1271;29;3378.00;179
8389;25;620920640;8389;540;9658;9836;4.89;0.30;347.75;12.38;1269;29;3379.00;178
8392;25;620920654;8392;544;9659;9836;4.84;0.30;347.76;12.44;1267;29;3380.00;177
8394;25;620920669;8394;541;9659;9836;4.80;0.29;347.74;12.44;1265;29;3381.00;177
8395;25;620920684;8395;540;9659;9836;4.74;0.29;347.72;12.44;1264;29;3382.00;177
8397;25;620920704;8397;541;9659;9836;4.69;0.29;347.66;12.44;1262;29;3383.00;177
8399;25;620920723;8399;555;9704;9906;4.75;0.29;347.67;12.59;1305;29;3384.00;202
8401;25;620920751;8401;555;9704;9907;4.71;0.29;347.62;12.59;1303;29;3385.00;203
8402;25;620920772;8402;552;9712;9907;4.72;0.29;347.59;12.69;1310;29;3386.00;195
8406;25;620920790;8406;557;9717;9907;4.71;0.29;347.50;12.68;1311;29;3387.00;190
8407;25;620920811;8407;556;9723;9907;4.69;0.29;347.47;12.78;1316;29;3388.00;184
8410;25;620920830;8410;563;9725;9907;4.66;0.28;347.40;12.78;1315;29;3389.00;182
8414;25;620920847;8414;569;9727;9907;4.61;0.28;347.31;12.78;1313;29;3390.00;180
8415;25;620920862;8415;573;9730;9907;4.57;0.28;347.30;12.87;1315;29;3391.00;177
8418;25;620920876;8418;572;9731;9908;4.54;0.28;347.24;12.87;1313;29;3392.00;177
8421;25;620920892;8421;577;9735;9909;4.49;0.27;347.18;12.97;1314;29;3393.00;174
8423;25;620920906;8423;587;9736;9909;4.41;0.27;347.14;12.97;1313;29;3394.00;173
8427;25;620920920;8427;585;9741;9913;4.35;0.27;347.02;13.06;1314;29;3395.00;172
8430;25;620920938;8430;586;9741;9913;4.26;0.26;346.95;13.06;1311;29;3396.00;172
8431;25;620920953;8431;599;9741;9913;4.16;0.25;346.94;13.06;1310;29;3397.00;172
8432;25;620920968;8432;602;9743;9913;4.01;0.25;346.94;13.16;1311;29;3398.00;170
8434;25;620920981;8434;617;9747;9919;3.90;0.24;346.92;13.15;1313;29;3399.00;172
8435;25;620920996;8435;610;9747;9919;3.87;0.24;346.94;13.15;1312;29;3400.00;172
8438;25;620921016;8438;610;9749;9919;3.78;0.23;346.87;13.25;1311;29;3401.00;170
8441;25;620921029;8441;609;9750;9922;3.74;0.23;346.81;13.24;1309;29;3402.00;172
8445;25;620921044;8445;602;9753;9922;3.71;0.23;346.85;13.34;1308;29;3403.00;169
8447;25;620921058;8447;599;9753;9922;3.68;0.22;346.84;13.34;1306;29;3404.00;169
8448;25;620921072;8448;608;9753;9923;3.65;0.22;346.92;13.34;1305;29;3405.00;170
8452;25;620921087;8452;606;9754;9924;3.62;0.22;346.83;13.34;1302;29;3406.00;170
8456;25;620921101;8456;604;9756;9924;3.65;0.22;346.71;13.43;1300;29;3407.00;168
8458;25;620921115;8458;603;9767;9937;3.74;0.23;346.70;13.41;1309;29;3408.00;170
8460;25;620921130;8460;608;9767;9937;3.77;0.23;346.73;13.41;1307;29;3409.00;170
8463;25;620921145;8463;605;9767;9937;3.79;0.23;346.74;13.41;1304;29;3410.00;170
8464;25;620921158;8464;595;9767;9938;3.81;0.23;346.75;13.41;1303;29;3411.00;171
8469;25;620921173;8469;581;9768;9938;3.80;0.23;346.78;13.41;1299;29;3412.00;170
8472;25;620921188;8472;587;9772;9942;3.84;0.23;346.83;13.46;1300;29;3413.00;170
8472;25;620921211;8472;579;9772;9942;3.91;0.24;346.83;13.46;1300;29;3414.00;170
8475;25;620921226;8475;578;9776;9946;3.98;0.24;346.90;13.46;1301;29;3415.00;170
8482;25;620921241;8482;577;9776;9946;4.02;0.24;346.82;13.46;1294;29;3416.00;170
8483;25;620921257;8483;570;9776;9946;4.13;0.25;346.78;13.46;1293;29;3417.00;170
8487;25;620921278;8487;566;9776;9946;4.19;0.25;346.73;13.46;1289;29;3418.00;170
8491;25;620921293;8491;565;9776;9946;4.21;0.26;346.70;13.46;1285;29;3419.00;170
8492;25;620921311;8492;561;9801;9980;4.41;0.27;346.66;13.43;1309;29;3420.00;179
8495;25;620921329;8495;565;9802;9980;4.42;0.27;346.64;13.42;1307;29;3421.00;178
8498;25;620921344;8498;561;9803;9980;4.40;0.27;346.65;13.42;1305;29;3422.00;177
8499;25;620921360;8499;555;9803;9980;4.46;0.27;346.62;13.42;1304;29;3423.00;177
8501;26;620921375;8501;553;9803;9980;4.44;0.27;346.65;13.42;1302;30;3424.00;177
8503;26;620921403;8503;551;9803;9980;4.44;0.27;346.65;13.42;1300;30;3425.00;177
8508;26;620921419;8508;548;9803;9981;4.41;0.27;346.75;13.42;1295;30;3426.00;178
8512;26;620921434;8512;549;9803;9981;4.32;0.26;346.73;13.42;1291;30;3427.00;178
8513;27;620921449;8513;544;9806;9987;4.29;0.26;346.74;13.42;1293;31;3428.00;181
8515;27;620921479;8515;541;9806;9988;4.30;0.26;346.77;13.42;1291;31;3429.00;182
8519;27;620921495;8519;537;9808;9988;4.29;0.26;346.80;13.42;1289;31;3430.00;180
8523;27;620921520;8523;525;9809;9988;4.27;0.26;346.79;13.48;1286;31;3431.00;179
8527;27;620921542;8527;527;9812;9992;4.27;0.26;346.76;13.47;1285;31;3432.00;180
8531;27;620921558;8531;527;9812;9992;4.28;0.26;346.72;13.47;1281;31;3433.00;180
8533;27;620921573;8533;524;9812;9992;4.36;0.27;346.79;13.47;1279;31;3434.00;180
8535;27;620921588;8535;514;9814;9993;4.41;0.27;346.76;13.47;1279;31;3435.00;179
8539;27;620921603;8539;516;9818;9997;4.41;0.27;346.75;13.47;1279;31;3436.00;179
8542;27;620921618;8542;507;9818;9997;4.42;0.27;346.71;13.47;1276;31;3437.00;179
8546;27;620921633;8546;509;9822;10000;4.43;0.27;346.72;13.47;1276;31;3438.00;178
8552;27;620921654;8552;509;9824;10000;4.37;0.27;346.96;13.53;1272;31;3439.00;176
8553;27;620921668;8553;514;9824;10000;4.34;0.26;347.01;13.53;1271;31;3440.00;176
8557;27;620921683;8557;522;9825;10000;4.29;0.26;347.01;13.53;1268;31;3441.00;175
8557;27;620921699;8557;518;9827;10004;4.31;0.26;347.01;13.52;1270;31;3442.00;177
8560;27;620921715;8560;524;9829;10004;4.29;0.26;347.07;13.52;1269;31;3443.00;175
8564;27;620921730;8564;524;9830;10004;4.25;0.26;347.16;13.52;1266;31;3444.00;174
8567;27;620921744;8567;526;9830;10004;4.25;0.26;347.27;13.52;1263;31;3445.00;174
8569;27;620921759;8569;526;9831;10005;4.26;0.26;347.28;13.52;1262;31;3446.00;174
8572;27;620921774;8572;521;9834;10006;4.25;0.26;347.30;13.58;1262;31;3447.00;172
8573;27;620921789;8573;513;9834;10006;4.26;0.26;347.30;13.58;1261;31;3448.00;172
8575;27;620921804;8575;511;9835;10007;4.30;0.26;347.40;13.57;1260;31;3449.00;172
8577;27;620921821;8577;510;9835;10007;4.30;0.26;347.45;13.57;1258;31;3450.00;172
8578;27;620921836;8578;514;9835;10007;4.34;0.26;347.51;13.57;1257;31;3451.00;172
8581;27;620921851;8581;503;9835;10007;4.36;0.27;347.55;13.57;1254;31;3452.00;172
8586;27;620921865;8586;504;9835;10007;4.37;0.27;347.60;13.57;1249;31;3453.00;172
8587;27;620921880;8587;498;9835;10007;4.40;0.27;347.60;13.57;1248;31;3454.00;172
8588;27;620921894;8588;497;9835;10007;4.44;0.27;347.63;13.57;1247;31;3455.00;172
8589;27;620921915;8589;503;9909;10134;4.77;0.29;347.67;13.47;1320;31;3456.00;225
8593;27;620921945;8593;488;9911;10135;4.79;0.30;347.75;13.47;1318;31;3457.00;224
8593;27;620921961;8593;476;9919;10135;4.86;0.30;347.75;13.46;1326;31;3458.00;216
8596;27;620921977;8596;463;9921;10135;4.89;0.30;347.78;13.46;1325;31;3459.00;214
8597;27;620921994;8597;460;9925;10135;4.95;0.31;347.79;13.46;1328;31;3460.00;210
8598;27;620922010;8598;458;9926;10135;4.98;0.31;347.82;13.46;1328;31;3461.00;209
8600;27;620922027;8600;454;9929;10135;5.00;0.31;347.84;13.45;1329;31;3462.00;206
8602;27;620922042;8602;456;9931;10135;5.03;0.31;347.89;13.45;1329;31;3463.00;204
8607;27;620922060;8607;452;9934;10136;5.00;0.31;347.96;13.51;1327;31;3464.00;202
8610;27;620922076;8610;452;9938;10138;5.02;0.31;348.07;13.51;1328;31;3465.00;200
8611;27;620922101;8611;459;9940;10138;4.99;0.31;348.15;13.50;1329;31;3466.00;198
8613;27;620922118;8613;455;9942;10139;5.01;0.31;348.18;13.50;1329;31;3467.00;197
8617;27;620922135;8617;467;9945;10139;4.96;0.30;348.33;13.50;1328;31;3468.00;194
8620;27;620922153;8620;465;9946;10139;4.96;0.30;348.33;13.50;1326;31;3469.00;193
8621;27;620922176;8621;470;9949;10139;4.95;0.30;348.36;13.50;1328;31;3470.00;190
8623;27;620922192;8623;471;9953;10143;4.96;0.30;348.39;13.50;1330;31;3471.00;190
8625;27;620922210;8625;470;9955;10143;4.95;0.30;348.51;13.50;1330;31;3472.00;188
8626;27;620922226;8626;467;9956;10143;4.97;0.30;348.50;13.50;1330;31;3473.00;187
8630;27;620922242;8630;478;9957;10146;4.98;0.31;348.67;13.50;1327;31;3474.00;189
8633;27;620922260;8633;472;9959;10146;5.00;0.31;348.71;13.50;1326;31;3475.00;187
8635;27;620922276;8635;476;9959;10146;5.01;0.31;348.91;13.50;1324;31;3476.00;187
8638;27;620922293;8638;480;9963;10150;5.02;0.31;348.91;13.49;1325;31;3477.00;187
8640;27;620922310;8640;483;9965;10151;5.07;0.31;348.95;13.49;1325;31;3478.00;186
8642;27;620922327;8642;484;9966;10151;5.05;0.31;349.01;13.49;1324;31;3479.00;185
8644;27;620922352;8644;474;9970;10156;5.07;0.31;349.00;13.49;1326;31;3480.00;186
8646;27;620922369;8646;487;9971;10156;5.06;0.31;349.00;13.49;1325;31;3481.00;185
8647;27;620922385;8647;483;9972;10156;5.07;0.31;349.05;13.49;1325;31;3482.00;184
8647;27;620922401;8647;482;9973;10157;5.09;0.31;349.05;13.49;1326;31;3483.00;184
8647;27;620922419;8647;486;9973;10157;5.06;0.31;349.05;13.49;1326;31;3484.00;184
8647;27;620922436;8647;486;9978;10163;5.07;0.31;349.05;13.48;1331;31;3485.00;185
8649;27;620922453;8649;488;9978;10163;5.09;0.31;349.05;13.48;1329;31;3486.00;185
8652;27;620922469;8652;478;9978;10164;5.11;0.31;349.16;13.48;1326;31;3487.00;186
8654;27;620922485;8654;473;9978;10164;5.13;0.31;349.33;13.48;1324;31;3488.00;186
8654;27;620922501;8654;466;9978;10164;5.14;0.31;349.33;13.48;1324;31;3489.00;186
8655;27;620922517;8655;463;9978;10164;5.13;0.31;349.30;13.48;1323;31;3490.00;186
8655;27;620922533;8655;456;9978;10164;5.13;0.31;349.30;13.48;1323;31;3491.00;186
8657;27;620922549;8657;454;9988;10176;5.18;0.32;349.29;13.47;1331;31;3492.00;188
8659;27;620922567;8659;449;9989;10176;5.19;0.32;349.35;13.47;1330;31;3493.00;187
8662;27;620922584;8662;445;9989;10176;5.20;0.32;349.36;13.47;1327;31;3494.00;187
8664;27;620922601;8664;446;9989;10176;5.22;0.32;349.43;13.47;1325;31;3495.00;187
8667;27;620922618;8667;449;9989;10176;5.24;0.32;349.46;13.47;1322;31;3496.00;187
8670;27;620922634;8670;444;9989;10176;5.26;0.32;349.60;13.47;1319;31;3497.00;187
8672;27;620922652;8672;443;9992;10180;5.29;0.32;349.65;13.46;1320;31;3498.00;188
8672;27;620922669;8672;437;9992;10180;5.33;0.32;349.65;13.46;1320;31;3499.00;188
8674;27;620922686;8674;424;9996;10184;5.39;0.33;349.67;13.46;1322;31;3500.00;188
8678;27;620922712;8678;428;9996;10185;5.32;0.32;349.77;13.46;1318;31;3501.00;189
8683;27;620922736;8683;421;9998;10185;5.26;0.32;349.97;13.52;1315;31;3502.00;187
8686;27;620922759;8686;420;9998;10185;5.18;0.31;350.23;13.52;1312;31;3503.00;187
8688;27;620922783;8688;425;10009;10198;5.17;0.31;350.24;13.50;1321;31;3504.00;189
8691;27;620922807;8691;413;10010;10198;5.14;0.31;350.23;13.56;1319;31;3505.00;188
8695;27;620922831;8695;417;10010;10198;5.09;0.31;350.32;13.56;1315;31;3506.00;188
8697;27;620922847;8697;412;10011;10199;5.12;0.31;350.42;13.55;1314;31;3507.00;188
8699;27;620922864;8699;411;10011;10200;5.12;0.31;350.39;13.55;1312;31;3508.00;189
8702;27;620922881;8702;405;10011;10200;5.09;0.31;350.46;13.55;1309;31;3509.00;189
8704;27;620922899;8704;404;10015;10206;5.10;0.31;350.43;13.55;1311;31;3510.00;191
8708;27;620922916;8708;397;10016;10206;5.08;0.31;350.60;13.55;1308;31;3511.00;190
8711;27;620922932;8711;399;10017;10206;5.07;0.31;350.71;13.55;1306;31;3512.00;189
8714;27;620922948;8714;392;10017;10206;5.09;0.31;350.75;13.55;1303;31;3513.00;189
8719;27;620922964;8719;408;10022;10212;5.11;0.31;350.88;13.54;1303;31;3514.00;190
8720;27;620922981;8720;408;10022;10212;5.12;0.31;350.85;13.54;1302;31;3515.00;190
8724;27;620922998;8724;401;10022;10212;5.08;0.31;350.97;13.54;1298;31;3516.00;190
8728;27;620923015;8728;404;10022;10212;5.01;0.30;351.04;13.54;1294;31;3517.00;190
8729;27;620923031;8729;406;10025;10216;5.02;0.31;351.11;13.54;1296;31;3518.00;191
8732;27;620923047;8732;408;10028;10219;5.03;0.31;351.10;13.53;1296;31;3519.00;191
8734;27;620923064;8734;414;10028;10219;5.03;0.31;351.20;13.53;1294;31;3520.00;191
8737;27;620923080;8737;418;10029;10220;5.06;0.31;351.29;13.53;1292;31;3521.00;191
8740;27;620923097;8740;422;10029;10220;5.04;0.31;351.31;13.53;1289;31;3522.00;191
8744;27;620923115;8744;423;10029;10220;5.04;0.31;351.35;13.53;1285;31;3523.00;191
8745;27;620923130;8745;422;10029;10220;5.04;0.31;351.41;13.53;1284;31;3524.00;191
8749;27;620923146;8749;429;10029;10220;4.99;0.30;351.53;13.53;1280;31;3525.00;191
8750;27;620923162;8750;441;10029;10220;4.99;0.30;351.51;13.53;1279;31;3526.00;191
8751;27;620923177;8751;444;10030;10220;4.99;0.31;351.58;13.60;1279;31;3527.00;190
8755;27;620923193;8755;454;10064;10290;5.15;0.32;351.68;13.55;1309;31;3528.00;226
8756;27;620923215;8756;455;10064;10291;5.15;0.32;351.68;13.55;1308;31;3529.00;227
8758;27;620923231;8758;455;10073;10291;5.20;0.32;351.76;13.54;1315;31;3530.00;218
8761;27;620923246;8761;457;10077;10291;5.14;0.32;351.76;13.59;1316;31;3531.00;214
8764;27;620923262;8764;467;10082;10291;5.08;0.31;351.80;13.59;1318;31;3532.00;209
8765;27;620923277;8765;469;10086;10291;5.04;0.31;351.79;13.64;1321;31;3533.00;205
8770;27;620923298;8770;472;10089;10291;4.95;0.30;351.73;13.64;1319;31;3534.00;202
8773;27;620923314;8773;481;10092;10291;4.91;0.30;351.71;13.64;1319;31;3535.00;199
8775;27;620923329;8775;483;10095;10292;4.89;0.30;351.69;13.63;1320;31;3536.00;197
8776;27;620923345;8776;482;10099;10293;4.84;0.30;351.79;13.69;1323;31;3537.00;194
8777;27;620923361;8777;494;10100;10293;4.78;0.29;351.76;13.69;1323;31;3538.00;193
8780;27;620923376;8780;500;10108;10297;4.73;0.29;351.69;13.90;1328;31;3539.00;189
8783;27;620923395;8783;506;10108;10297;4.63;0.28;351.65;13.90;1325;31;3540.00;189
8788;27;620923412;8788;517;10108;10297;4.53;0.28;351.62;13.90;1320;31;3541.00;189
8790;27;620923428;8790;525;10110;10297;4.45;0.27;351.62;14.01;1320;31;3542.00;187
8792;27;620923444;8792;535;10115;10303;4.42;0.27;351.58;14.00;1323;31;3543.00;188
8795;27;620923460;8795;540;10115;10303;4.30;0.26;351.55;14.00;1320;31;3544.00;188
8795;27;620923476;8795;554;10117;10303;4.25;0.26;351.55;14.10;1322;31;3545.00;186
8796;27;620923491;8796;563;10119;10306;4.18;0.26;351.52;14.10;1323;31;3546.00;187
8798;27;620923507;8798;570;10119;10306;4.12;0.25;351.48;14.10;1321;31;3547.00;187
8799;27;620923522;8799;578;10122;10306;4.06;0.25;351.50;14.20;1323;31;3548.00;184
8802;27;620923536;8802;578;10122;10307;3.97;0.24;351.53;14.20;1320;31;3549.00;185
8803;27;620923551;8803;583;10123;10308;3.94;0.24;351.51;14.20;1320;31;3550.00;185
8803;27;620923566;8803;574;10125;10308;3.92;0.24;351.51;14.30;1322;31;3551.00;183
8807;27;620923581;8807;583;10134;10321;3.95;0.24;351.43;14.29;1327;31;3552.00;187
8808;27;620923597;8808;587;10134;10321;3.95;0.24;351.39;14.29;1326;31;3553.00;187
8809;27;620923611;8809;590;10136;10321;3.97;0.24;351.37;14.29;1327;31;3554.00;185
8811;27;620923625;8811;597;10138;10323;3.99;0.24;351.29;14.29;1327;31;3555.00;185
8813;27;620923640;8813;600;10138;10323;3.98;0.24;351.28;14.29;1325;31;3556.00;185
8814;27;620923653;8814;600;10142;10327;4.02;0.25;351.25;14.28;1328;31;3557.00;185
8816;27;620923669;8816;602;10142;10327;4.01;0.24;351.21;14.28;1326;31;3558.00;185
8816;27;620923683;8816;603;10145;10331;4.01;0.24;351.21;14.28;1329;31;3559.00;186
8817;27;620923697;8817;597;10145;10331;4.00;0.24;351.23;14.28;1328;31;3560.00;186
8820;27;620923713;8820;601;10145;10331;3.95;0.24;351.16;14.28;1325;31;3561.00;186
8820;27;620923728;8820;609;10145;10331;3.89;0.24;351.16;14.28;1325;31;3562.00;186
8823;27;620923744;8823;597;10145;10331;3.83;0.23;351.14;14.28;1322;31;3563.00;186
8825;27;620923758;8825;587;10156;10343;3.86;0.24;351.13;14.26;1331;31;3564.00;187
8825;27;620923775;8825;584;10156;10343;3.85;0.24;351.13;14.26;1331;31;3565.00;187
8830;27;620923788;8830;576;10156;10343;3.81;0.23;351.13;14.26;1326;31;3566.00;187
8833;27;620923805;8833;569;10156;10343;3.78;0.23;351.12;14.26;1323;31;3567.00;187
8833;27;620923820;8833;576;10156;10343;3.77;0.23;351.12;14.26;1323;31;3568.00;187
8838;27;620923834;8838;576;10156;10343;3.71;0.23;351.17;14.26;1318;31;3569.00;187
8841;27;620923863;8841;558;10156;10344;3.72;0.23;351.24;14.26;1315;31;3570.00;188
8842;27;620923878;8842;553;10156;10344;3.73;0.23;351.24;14.26;1314;31;3571.00;188
8845;27;620923892;8845;551;10161;10350;3.81;0.23;351.27;14.26;1316;31;3572.00;189
8850;27;620923914;8850;542;10162;10351;3.81;0.23;351.20;14.25;1312;31;3573.00;189
8851;27;620923929;8851;527;10162;10351;3.86;0.24;351.18;14.25;1311;31;3574.00;189
8853;27;620923943;8853;525;10162;10351;3.93;0.24;351.13;14.25;1309;31;3575.00;189
8854;27;620923957;8854;510;10165;10355;4.01;0.24;351.12;14.25;1311;31;3576.00;190
8860;27;620923972;8860;506;10165;10355;4.03;0.24;351.23;14.25;1305;31;3577.00;190
8861;27;620923986;8861;499;10165;10355;4.08;0.25;351.23;14.25;1304;31;3578.00;190
8863;27;620924001;8863;495;10166;10356;4.16;0.25;351.25;14.25;1303;31;3579.00;190
8864;27;620924016;8864;494;10169;10360;4.23;0.26;351.25;14.24;1305;31;3580.00;191
8866;27;620924030;8866;496;10169;10360;4.31;0.26;351.23;14.24;1303;31;3581.00;191
8869;27;620924045;8869;488;10172;10363;4.33;0.26;351.24;14.24;1303;31;3582.00;191
8871;27;620924060;8871;478;10172;10363;4.39;0.27;351.30;14.24;1301;31;3583.00;191
8874;27;620924075;8874;467;10172;10363;4.46;0.27;351.31;14.24;1298;31;3584.00;191
8877;27;620924090;8877;468;10172;10363;4.48;0.27;351.30;14.24;1295;31;3585.00;191
8880;27;620924106;8880;464;10176;10367;4.54;0.28;351.27;14.23;1296;31;3586.00;191
8883;27;620924122;8883;456;10176;10367;4.58;0.28;351.30;14.23;1293;31;3587.00;191
8887;27;620924136;8887;457;10176;10367;4.59;0.28;351.23;14.23;1289;31;3588.00;191
8889;27;620924151;8889;458;10176;10367;4.64;0.28;351.30;14.23;1287;31;3589.00;191
8893;27;620924166;8893;464;10176;10368;4.68;0.28;351.41;14.23;1283;31;3590.00;192
8897;27;620924181;8897;469;10177;10369;4.67;0.28;351.57;14.23;1280;31;3591.00;192
8902;27;620924198;8902;458;10177;10369;4.66;0.28;351.64;14.23;1275;31;3592.00;192
8904;27;620924213;8904;461;10178;10370;4.68;0.28;351.61;14.23;1274;31;3593.00;192
8911;27;620924228;8911;456;10178;10370;4.65;0.28;351.80;14.23;1267;31;3594.00;192
8915;27;620924244;8915;459;10178;10370;4.70;0.28;351.88;14.23;1263;31;3595.00;192
8918;27;620924260;8918;453;10178;10370;4.72;0.29;351.85;14.23;1260;31;3596.00;192
8925;27;620924274;8925;453;10178;10370;4.68;0.28;351.96;14.23;1253;31;3597.00;192
8930;27;620924289;8930;448;10178;10370;4.67;0.28;352.15;14.23;1248;31;3598.00;192
8933;27;620924304;8933;445;10178;10370;4.67;0.28;352.25;14.23;1245;31;3599.00;192
8937;27;620924323;8937;478;10296;10623;4.97;0.31;352.31;14.07;1359;31;3600.00;327
8939;27;620924364;8939;472;10303;10624;4.96;0.31;352.31;14.06;1364;31;3601.00;321
8942;27;620924381;8942;462;10313;10624;4.96;0.31;352.37;14.05;1371;31;3602.00;311
8947;27;620924397;8947;460;10318;10624;4.97;0.31;352.38;14.04;1371;31;3603.00;306
8949;27;620924414;8949;461;10325;10624;4.94;0.31;352.38;14.04;1376;31;3604.00;299
8952;27;620924430;8952;447;10332;10624;4.92;0.30;352.48;14.03;1380;31;3605.00;292
8956;27;620924447;8956;444;10339;10624;4.90;0.30;352.49;14.03;1383;31;3606.00;285
8959;27;620924463;8959;436;10344;10624;4.90;0.30;352.52;14.09;1385;31;3607.00;280
8963;27;620924481;8963;438;10348;10625;4.86;0.30;352.62;14.09;1385;31;3608.00;277
8967;27;620924498;8967;449;10351;10626;4.82;0.30;352.73;14.09;1384;31;3609.00;275
8970;27;620924515;8970;443;10356;10626;4.81;0.30;352.71;14.09;1386;31;3610.00;270
8970;27;620924531;8970;455;10357;10627;4.78;0.30;352.71;14.09;1387;31;3611.00;270
8971;27;620924547;8971;452;10358;10627;4.74;0.29;352.67;14.09;1387;31;3612.00;269
8973;27;620924564;8973;459;10360;10627;4.72;0.29;352.70;14.08;1387;31;3613.00;267
8978;27;620924579;8978;460;10361;10627;4.70;0.29;352.76;14.08;1383;31;3614.00;266
8979;27;620924596;8979;479;10365;10631;4.69;0.29;352.80;14.08;1386;31;3615.00;266
8981;27;620924613;8981;483;10366;10631;4.66;0.29;352.87;14.08;1385;31;3616.00;265
8982;27;620924630;8982;486;10367;10631;4.67;0.29;352.88;14.08;1385;31;3617.00;264
8987;27;620924647;8987;481;10368;10634;4.70;0.29;353.02;14.08;1381;31;3618.00;266
8989;27;620924665;8989;482;10368;10634;4.74;0.29;353.18;14.08;1379;31;3619.00;266
8991;27;620924683;8991;491;10370;10634;4.80;0.30;353.18;14.08;1379;31;3620.00;264
8995;27;620924712;8995;491;10373;10638;4.83;0.30;353.24;14.08;1378;31;3621.00;265
8997;27;620924737;8997;496;10375;10639;4.87;0.30;353.25;14.15;1378;31;3622.00;264
9001;27;620924760;9001;501;10376;10639;4.90;0.30;353.21;14.15;1375;31;3623.00;263
9003;27;620924784;9003;511;10377;10643;4.92;0.30;353.36;14.15;1374;31;3624.00;266
9003;27;620924808;9003;529;10378;10643;4.92;0.30;353.36;14.15;1375;31;3625.00;265
9006;27;620924832;9006;515;10383;10643;4.95;0.30;353.57;14.23;1377;31;3626.00;260
9008;27;620924850;9008;509;10385;10644;5.02;0.31;353.59;14.23;1377;31;3627.00;259
9011;27;620924869;9011;493;10387;10644;5.01;0.31;353.70;14.23;1376;31;3628.00;257
9014;27;620924886;9014;494;10392;10650;5.06;0.31;353.80;14.23;1378;31;3629.00;258
9016;27;620924909;9016;500;10393;10650;5.07;0.31;353.82;14.23;1377;31;3630.00;257
9020;27;620924934;9020;497;10397;10651;5.05;0.31;353.83;14.30;1377;31;3631.00;254
9024;27;620924953;9024;494;10400;10651;5.03;0.31;353.93;14.31;1376;31;3632.00;251
9024;27;620924973;9024;498;10402;10651;5.03;0.31;353.93;14.31;1378;31;3633.00;249
9025;27;620924991;9025;500;10403;10651;4.99;0.30;353.96;14.31;1378;31;3634.00;248
9025;27;620925008;9025;509;10404;10651;4.98;0.30;353.96;14.31;1379;31;3635.00;247
9027;27;620925026;9027;509;10411;10663;4.99;0.30;353.95;14.30;1384;31;3636.00;252
9027;27;620925045;9027;509;10412;10663;5.01;0.31;353.95;14.30;1385;31;3637.00;251
9029;27;620925064;9029;512;10412;10663;5.01;0.31;354.03;14.30;1383;31;3638.00;251
9032;27;620925083;9032;509;10414;10663;5.00;0.31;354.17;14.31;1382;31;3639.00;249
9035;27;620925103;9035;508;10415;10663;5.04;0.31;354.19;14.31;1380;31;3640.00;248
9038;27;620925125;9038;509;10415;10663;5.07;0.31;354.30;14.31;1377;31;3641.00;248
9042;27;620925145;9042;504;10419;10667;5.07;0.31;354.43;14.31;1377;31;3642.00;248
9044;27;620925163;9044;496;10419;10667;5.09;0.31;354.47;14.31;1375;31;3643.00;248
9045;27;620925183;9045;500;10422;10671;5.14;0.31;354.55;14.30;1377;31;3644.00;249
9047;27;620925205;9047;497;10427;10673;5.13;0.31;354.69;14.30;1380;31;3645.00;246
9051;27;620925224;9051;496;10427;10673;5.15;0.31;354.85;14.30;1376;31;3646.00;246
9054;27;620925244;9054;493;10429;10673;5.15;0.31;354.89;14.30;1375;31;3647.00;244
9059;27;620925264;9059;494;10437;10686;5.16;0.31;355.16;14.30;1378;31;3648.00;249
9063;27;620925283;9063;498;10438;10686;5.15;0.31;355.24;14.30;1375;31;3649.00;248
9065;27;620925301;9065;495;10438;10686;5.09;0.31;355.22;14.30;1373;31;3650.00;248
9066;27;620925319;9066;496;10439;10687;5.06;0.31;355.22;14.29;1373;31;3651.00;248
9068;27;620925336;9068;503;10440;10688;5.09;0.31;355.32;14.37;1372;31;3652.00;248
9073;27;620925354;9073;496;10442;10688;5.06;0.31;355.34;14.37;1369;31;3653.00;246
9074;27;620925372;9074;499;10443;10691;5.00;0.30;355.39;14.36;1369;31;3654.00;248
9077;27;620925389;9077;498;10446;10691;4.93;0.30;355.56;14.37;1369;31;3655.00;245
9080;27;620925406;9080;499;10447;10691;4.87;0.30;355.63;14.36;1367;31;3656.00;244
9080;27;620925423;9080;508;10448;10691;4.82;0.29;355.63;14.43;1368;31;3657.00;243
9085;27;620925440;9085;519;10453;10697;4.76;0.29;355.65;14.42;1368;31;3658.00;244
9086;27;620925457;9086;523;10453;10697;4.74;0.29;355.71;14.42;1367;31;3659.00;244
9086;27;620925477;9086;523;10453;10697;4.71;0.29;355.71;14.42;1367;31;3660.00;244
9086;27;620925494;9086;516;10455;10697;4.67;0.28;355.71;14.43;1369;31;3661.00;242
9087;27;620925509;9087;514;10458;10701;4.64;0.28;355.72;14.43;1371;31;3662.00;243
9088;27;620925527;9088;510;10460;10702;4.59;0.28;355.71;14.42;1372;31;3663.00;242
9091;27;620925544;9091;511;10460;10702;4.60;0.28;355.77;14.42;1369;31;3664.00;242
9093;27;620925562;9093;510;10462;10703;4.61;0.28;355.85;14.48;1369;31;3665.00;241
9097;27;620925578;9097;512;10462;10703;4.57;0.28;355.92;14.48;1365;31;3666.00;241
9097;27;620925595;9097;516;10462;10703;4.54;0.28;355.92;14.48;1365;31;3667.00;241
9098;27;620925617;9098;530;10462;10703;4.51;0.28;355.97;14.48;1364;31;3668.00;241
9102;27;620925633;9102;529;10463;10703;4.48;0.27;355.99;14.49;1361;31;3669.00;240
9107;27;620925650;9107;530;10463;10703;4.44;0.27;356.03;14.49;1356;31;3670.00;240
9112;27;620925669;9112;532;10463;10703;4.41;0.27;356.04;14.49;1351;31;3671.00;240
9115;27;620925692;9115;536;10493;10773;4.47;0.27;356.08;14.45;1378;31;3672.00;280
9116;27;620925722;9116;530;10494;10774;4.47;0.27;356.08;14.45;1378;31;3673.00;280
9117;27;620925743;9117;524;10499;10774;4.51;0.28;356.11;14.44;1382;31;3674.00;275
9118;27;620925764;9118;524;10506;10774;4.49;0.27;356.10;14.56;1388;31;3675.00;268
9120;27;620925786;9120;521;10509;10774;4.49;0.27;356.09;14.56;1389;31;3676.00;265
9121;27;620925806;9121;521;10511;10774;4.45;0.27;356.11;14.56;1390;31;3677.00;263
9125;27;620925830;9125;520;10515;10774;4.46;0.27;356.07;14.55;1390;31;3678.00;259
9126;27;620925853;9126;525;10516;10774;4.44;0.27;356.09;14.55;1390;31;3679.00;258
9129;27;620925869;9129;528;10519;10775;4.45;0.27;356.11;14.55;1390;31;3680.00;256
9129;27;620925886;9129;534;10522;10776;4.46;0.27;356.11;14.55;1393;31;3681.00;254
9130;27;620925902;9130;541;10525;10776;4.46;0.27;356.08;14.55;1395;31;3682.00;251
9132;27;620925919;9132;548;10531;10780;4.45;0.27;356.05;14.54;1399;31;3683.00;249
9133;27;620925936;9133;553;10531;10780;4.47;0.27;356.07;14.54;1398;31;3684.00;249
9138;27;620925951;9138;553;10531;10780;4.41;0.27;355.98;14.54;1393;31;3685.00;249
9139;27;620925968;9139;557;10532;10780;4.39;0.27;355.97;14.55;1393;31;3686.00;248
9140;27;620925984;9140;572;10536;10786;4.39;0.27;355.96;14.54;1396;31;3687.00;250
9145;27;620926001;9145;575;10536;10786;4.35;0.27;355.94;14.54;1391;31;3688.00;250
9145;27;620926018;9145;582;10537;10786;4.38;0.27;355.94;14.55;1392;31;3689.00;249
9149;27;620926035;9149;589;10541;10792;4.39;0.27;355.98;14.55;1392;31;3690.00;251
9152;27;620926052;9152;593;10544;10792;4.37;0.27;355.96;14.55;1392;31;3691.00;248
9153;27;620926069;9153;598;10546;10792;4.37;0.27;355.93;14.55;1393;31;3692.00;246
9155;27;620926085;9155;601;10546;10793;4.32;0.26;355.87;14.55;1391;31;3693.00;247
9157;27;620926102;9157;609;10549;10794;4.27;0.26;355.85;14.55;1392;31;3694.00;245
9159;27;620926118;9159;612;10550;10794;4.21;0.26;355.84;14.56;1391;31;3695.00;244
9160;27;620926135;9160;612;10559;10807;4.20;0.26;355.81;14.55;1399;31;3696.00;248
9160;27;620926152;9160;610;10560;10807;4.19;0.26;355.81;14.55;1400;31;3697.00;247
9162;27;620926168;9162;607;10561;10807;4.21;0.26;355.80;14.55;1399;31;3698.00;246
9166;27;620926187;9166;610;10562;10808;4.16;0.25;355.73;14.55;1396;31;3699.00;246
9167;27;620926208;9167;618;10563;10808;4.12;0.25;355.81;14.56;1396;31;3700.00;245
9171;27;620926232;9171;616;10567;10812;4.13;0.25;355.73;14.56;1396;31;3701.00;245
9176;27;620926262;9176;614;10569;10812;4.13;0.25;355.70;14.63;1393;31;3702.00;243
9177;27;620926280;9177;610;10572;10816;4.11;0.25;355.70;14.63;1395;31;3703.00;244
9179;27;620926307;9179;610;10574;10816;4.10;0.25;355.66;14.70;1395;31;3704.00;242
9181;27;620926326;9181;616;10578;10816;4.06;0.25;355.63;14.89;1397;31;3705.00;238
9183;27;620926343;9183;628;10578;10816;4.09;0.25;355.67;14.89;1395;31;3706.00;238
9187;27;620926360;9187;635;10578;10816;4.02;0.25;355.61;14.89;1391;31;3707.00;238
9188;27;620926377;9188;645;10589;10828;4.03;0.25;355.58;14.94;1401;31;3708.00;239
9190;27;620926395;9190;645;10591;10828;4.01;0.25;355.54;14.95;1401;31;3709.00;237
9191;27;620926412;9191;654;10593;10828;3.98;0.25;355.62;15.07;1402;31;3710.00;235
9194;27;620926430;9194;662;10594;10828;3.94;0.24;355.61;15.13;1400;31;3711.00;234
9196;27;620926448;9196;663;10594;10828;3.91;0.24;355.60;15.13;1398;31;3712.00;234
9197;27;620926464;9197;669;10595;10828;3.89;0.24;355.56;15.19;1398;31;3713.00;233
9198;27;620926480;9198;669;10595;10829;3.85;0.24;355.61;15.19;1397;31;3714.00;234
9200;28;620926495;9200;668;10598;10829;3.81;0.23;355.61;15.27;1398;32;3715.00;231
9202;28;620926530;9202;657;10604;10835;3.86;0.24;355.62;15.32;1402;32;3716.00;231
9204;28;620926548;9204;651;10608;10836;3.84;0.24;355.61;15.33;1404;32;3717.00;228
9206;28;620926565;9206;649;10609;10836;3.82;0.23;355.57;15.39;1403;32;3718.00;227
9208;28;620926582;9208;641;10610;10836;3.83;0.23;355.54;15.45;1402;32;3719.00;226
9209;28;620926600;9209;624;10614;10841;3.87;0.24;355.50;15.45;1405;32;3720.00;227
9210;28;620926619;9210;613;10615;10841;3.89;0.24;355.50;15.45;1405;32;3721.00;226
9211;28;620926649;9211;609;10616;10841;3.95;0.24;355.50;15.51;1405;32;3722.00;225
9213;28;620926665;9213;604;10618;10842;3.99;0.24;355.45;15.51;1405;32;3723.00;224
9214;28;620926697;9214;600;10621;10846;4.05;0.25;355.41;15.50;1407;32;3724.00;225
9217;28;620926722;9217;598;10621;10846;4.10;0.25;355.35;15.50;1404;32;3725.00;225
9218;28;620926745;9218;590;10623;10849;4.16;0.25;355.33;15.50;1405;32;3726.00;226
9220;28;620926773;9220;593;10623;10849;4.18;0.26;355.40;15.50;1403;32;3727.00;226
9222;28;620926797;9222;591;10624;10849;4.23;0.26;355.35;15.50;1402;32;3728.00;225
9224;28;620926821;9224;597;10624;10849;4.26;0.26;355.35;15.50;1400;32;3729.00;225
9224;28;620926840;9224;597;10628;10853;4.30;0.26;355.35;15.49;1404;32;3730.00;225
9224;28;620926860;9224;598;10628;10853;4.30;0.26;355.35;15.49;1404;32;3731.00;225
9227;28;620926877;9227;600;10628;10853;4.28;0.26;355.38;15.49;1401;32;3732.00;225
9228;28;620926894;9228;599;10628;10853;4.26;0.26;355.37;15.49;1400;32;3733.00;225
9234;28;620926911;9234;596;10628;10854;4.26;0.26;355.45;15.49;1394;32;3734.00;226
9234;28;620926929;9234;608;10630;10856;4.23;0.26;355.45;15.49;1396;32;3735.00;226
9237;28;620926947;9237;611;10630;10856;4.20;0.26;355.42;15.49;1393;32;3736.00;226
9240;28;620926964;9240;618;10631;10857;4.14;0.25;355.40;15.49;1391;32;3737.00;226
9243;28;620926981;9243;617;10631;10857;4.15;0.25;355.36;15.49;1388;32;3738.00;226
9246;28;620926998;9246;618;10631;10857;4.13;0.25;355.37;15.49;1385;32;3739.00;226
9251;28;620927015;9251;598;10631;10857;4.16;0.25;355.35;15.49;1380;32;3740.00;226
9255;28;620927032;9255;597;10631;10857;4.13;0.25;355.27;15.49;1376;32;3741.00;226
9259;28;620927049;9259;592;10631;10857;4.11;0.25;355.31;15.49;1372;32;3742.00;226
9262;28;620927068;9262;585;10631;10857;4.09;0.25;355.33;15.49;1369;32;3743.00;226
9265;28;620927086;9265;593;10699;10984;4.37;0.27;355.46;15.39;1434;32;3744.00;285
9270;28;620927120;9270;575;10703;10985;4.41;0.27;355.60;15.39;1433;32;3745.00;282
9272;28;620927140;9272;568;10711;10985;4.48;0.28;355.70;15.38;1439;32;3746.00;274
9276;28;620927158;9276;559;10713;10985;4.48;0.28;355.79;15.37;1437;32;3747.00;272
9278;28;620927178;9278;550;10718;10985;4.53;0.28;355.90;15.37;1440;32;3748.00;267
9281;28;620927197;9281;538;10720;10985;4.52;0.28;355.98;15.37;1439;32;3749.00;265
9282;28;620927219;9282;540;10724;10990;4.48;0.28;356.08;15.36;1442;32;3750.00;266
9285;28;620927240;9285;535;10725;10990;4.45;0.27;356.07;15.36;1440;32;3751.00;265
9288;28;620927266;9288;535;10726;10991;4.41;0.27;356.17;15.36;1438;32;3752.00;265
9292;28;620927291;9292;545;10728;10992;4.39;0.27;356.33;15.36;1436;32;3753.00;264
9294;28;620927314;9294;531;10729;10992;4.44;0.27;356.41;15.36;1435;32;3754.00;263
9298;28;620927336;9298;529;10733;10993;4.46;0.27;356.51;15.42;1435;32;3755.00;260
9302;28;620927357;9302;529;10735;10993;4.48;0.28;356.66;15.42;1433;32;3756.00;258
9307;28;620927375;9307;526;10735;10993;4.51;0.28;356.78;15.42;1428;32;3757.00;258
9313;28;620927394;9313;523;10736;10993;4.52;0.28;356.79;15.42;1423;32;3758.00;257
9317;28;620927412;9317;532;10738;10997;4.55;0.28;356.88;15.42;1421;32;3759.00;259
9322;28;620927432;9322;530;10739;10997;4.56;0.28;356.97;15.42;1417;32;3760.00;258
9324;28;620927451;9324;522;10739;10997;4.63;0.28;357.17;15.42;1415;32;3761.00;258
9332;28;620927470;9332;519;10740;11000;4.67;0.29;357.23;15.42;1408;32;3762.00;260
9337;28;620927490;9337;512;10740;11000;4.68;0.29;357.38;15.42;1403;32;3763.00;260
9341;28;620927510;9341;524;10742;11000;4.71;0.29;357.47;15.42;1401;32;3764.00;258
9343;28;620927541;9343;514;10745;11004;4.73;0.29;357.57;15.41;1402;32;3765.00;259
9349;28;620927564;9349;515;10745;11005;4.70;0.29;357.67;15.41;1396;32;3766.00;260
9352;28;620927583;9352;525;10745;11005;4.72;0.29;357.82;15.41;1393;32;3767.00;260
9355;28;620927602;9355;519;10746;11009;4.71;0.29;357.89;15.41;1391;32;3768.00;263
9358;28;620927620;9358;516;10746;11009;4.71;0.29;357.92;15.41;1388;32;3769.00;263
9362;28;620927639;9362;510;10747;11009;4.68;0.29;357.92;15.41;1385;32;3770.00;262
9365;28;620927657;9365;503;10748;11010;4.69;0.29;358.00;15.41;1383;32;3771.00;262
9370;28;620927676;9370;507;10748;11010;4.66;0.28;357.93;15.41;1378;32;3772.00;262
9371;28;620927695;9371;508;10753;11016;4.69;0.29;357.96;15.48;1382;32;3773.00;263
9377;28;620927717;9377;500;10753;11016;4.71;0.29;357.93;15.48;1376;32;3774.00;263
9383;28;620927736;9383;502;10753;11017;4.69;0.28;358.04;15.48;1370;32;3775.00;264
9385;28;620927767;9385;500;10755;11017;4.74;0.29;358.05;15.48;1370;32;3776.00;262
9389;28;620927785;9389;503;10755;11017;4.74;0.29;358.11;15.48;1366;32;3777.00;262
9392;28;620927806;9392;494;10755;11017;4.78;0.29;358.15;15.48;1363;32;3778.00;262
9394;28;620927827;9394;497;10756;11017;4.79;0.29;358.18;15.48;1362;32;3779.00;261
9396;28;620927849;9396;501;10779;11053;4.89;0.30;358.25;15.45;1383;32;3780.00;274
9400;28;620927873;9400;505;10781;11053;4.88;0.30;358.36;15.44;1381;32;3781.00;272
9403;28;620927891;9403;514;10783;11053;4.86;0.30;358.35;15.44;1380;32;3782.00;270
9407;28;620927911;9407;520;10784;11053;4.80;0.29;358.46;15.44;1377;32;3783.00;269
9409;28;620927929;9409;523;10787;11053;4.75;0.29;358.43;15.44;1378;32;3784.00;266
9411;28;620927947;9411;535;10787;11053;4.72;0.29;358.52;15.44;1376;32;3785.00;266
9416;28;620927965;9416;541;10791;11057;4.67;0.29;358.47;15.44;1375;32;3786.00;266
9419;28;620927987;9419;534;10792;11057;4.63;0.28;358.50;15.44;1373;32;3787.00;265
9421;28;620928006;9421;533;10795;11061;4.58;0.28;358.55;15.44;1374;32;3788.00;266
9422;28;620928027;9422;531;10797;11062;4.56;0.28;358.59;15.44;1375;32;3789.00;265
9424;28;620928048;9424;528;10799;11062;4.51;0.28;358.61;15.44;1375;32;3790.00;263
9428;28;620928081;9428;526;10800;11062;4.46;0.27;358.63;15.45;1372;32;3791.00;262
9431;28;620928103;9431;532;10809;11075;4.48;0.27;358.70;15.43;1378;32;3792.00;266
9432;28;620928126;9432;530;10810;11075;4.48;0.27;358.72;15.44;1378;32;3793.00;265
9438;28;620928171;9438;541;10810;11075;4.43;0.27;358.82;15.44;1372;32;3794.00;265
9442;28;620928192;9442;546;10810;11076;4.43;0.27;358.89;15.44;1368;32;3795.00;266
9444;28;620928226;9444;541;10813;11077;4.45;0.27;358.86;15.45;1369;32;3796.00;264
9448;28;620928250;9448;527;10814;11077;4.42;0.27;359.01;15.45;1366;32;3797.00;263
9452;28;620928269;9452;533;10815;11080;4.43;0.27;358.98;15.45;1363;32;3798.00;265
9455;28;620928289;9455;531;10816;11080;4.41;0.27;359.00;15.45;1361;32;3799.00;264
9457;28;620928311;9457;532;10818;11080;4.40;0.27;359.09;15.45;1361;32;3800.00;262
9458;28;620928336;9458;525;10819;11080;4.40;0.27;359.10;15.52;1361;32;3801.00;261
9459;28;620928356;9459;534;10825;11086;4.42;0.27;359.11;15.52;1366;32;3802.00;261
9464;28;620928376;9464;535;10826;11086;4.39;0.27;359.15;15.52;1362;32;3803.00;260
9467;28;620928397;9467;534;10827;11086;4.42;0.27;359.21;15.53;1360;32;3804.00;259
9470;28;620928417;9470;539;10827;11086;4.43;0.27;359.23;15.53;1357;32;3805.00;259
9473;28;620928435;9473;550;10833;11090;4.39;0.27;359.25;15.53;1360;32;3806.00;257
9476;28;620928453;9476;538;10835;11091;4.38;0.27;359.43;15.53;1359;32;3807.00;256
9479;28;620928473;9479;534;10836;11091;4.38;0.27;359.50;15.53;1357;32;3808.00;255
9480;28;620928492;9480;531;10836;11092;4.38;0.27;359.53;15.53;1356;32;3809.00;256
9481;28;620928512;9481;530;10837;11092;4.42;0.27;359.56;15.53;1356;32;3810.00;255
9486;28;620928530;9486;524;10837;11092;4.46;0.27;359.71;15.53;1351;32;3811.00;255
9486;28;620928549;9486;513;10838;11092;4.54;0.28;359.71;15.53;1352;32;3812.00;254
9489;28;620928567;9489;508;10839;11092;4.57;0.28;359.62;15.53;1350;32;3813.00;253
9491;28;620928588;9491;505;10840;11092;4.59;0.28;359.67;15.53;1349;32;3814.00;252
9494;28;620928611;9494;517;10841;11092;4.65;0.28;359.78;15.53;1347;32;3815.00;251
9497;28;620928633;9497;520;10876;11162;4.69;0.29;359.86;15.48;1379;32;3816.00;286
9499;28;620928659;9499;513;10878;11163;4.67;0.28;359.87;15.48;1379;32;3817.00;285
9504;28;620928679;9504;502;10885;11163;4.72;0.29;359.97;15.54;1381;32;3818.00;278
9505;28;620928698;9505;501;10887;11163;4.75;0.29;359.94;15.53;1382;32;3819.00;276
9508;28;620928723;9508;503;10889;11163;4.75;0.29;360.04;15.53;1381;32;3820.00;274
9511;28;620928748;9511;508;10894;11163;4.73;0.29;360.09;15.53;1383;32;3821.00;269
9514;28;620928773;9514;510;10895;11163;4.76;0.29;360.21;15.53;1381;32;3822.00;268
9517;28;620928809;9517;510;10896;11163;4.77;0.29;360.39;15.53;1379;32;3823.00;267
9518;28;620928837;9518;515;10898;11164;4.79;0.29;360.44;15.52;1380;32;3824.00;266
9521;28;620928855;9521;515;10900;11166;4.82;0.29;360.51;15.52;1379;32;3825.00;266
9524;28;620928873;9524;507;10903;11166;4.83;0.29;360.56;15.52;1379;32;3826.00;263
9525;28;620928890;9525;501;10909;11170;4.83;0.29;360.56;15.52;1384;32;3827.00;261
9526;28;620928908;9526;515;10910;11170;4.84;0.29;360.62;15.51;1384;32;3828.00;260
9527;28;620928929;9527;521;10913;11170;4.86;0.30;360.68;15.51;1386;32;3829.00;257
9529;28;620928951;9529;519;10913;11170;4.83;0.29;360.73;15.51;1384;32;3830.00;257
9531;28;620928968;9531;520;10916;11176;4.81;0.29;360.70;15.51;1385;32;3831.00;260
9532;28;620928985;9532;510;10918;11176;4.79;0.29;360.78;15.57;1386;32;3832.00;258
9533;28;620929001;9533;504;10919;11176;4.82;0.29;360.79;15.57;1386;32;3833.00;257
9534;28;620929018;9534;501;10921;11179;4.87;0.30;360.80;15.57;1387;32;3834.00;258
9537;28;620929034;9537;501;10922;11179;4.87;0.30;360.87;15.57;1385;32;3835.00;257
9537;28;620929051;9537;502;10923;11179;4.85;0.30;360.87;15.57;1386;32;3836.00;256
9541;28;620929067;9541;501;10923;11180;4.81;0.29;361.00;15.57;1382;32;3837.00;257
9544;28;620929084;9544;502;10924;11181;4.76;0.29;360.99;15.57;1380;32;3838.00;257
9551;28;620929101;9551;497;10924;11181;4.71;0.29;361.05;15.57;1373;32;3839.00;257
9552;28;620929120;9552;504;10941;11207;4.71;0.29;361.03;15.54;1389;32;3840.00;266
9557;28;620929140;9557;494;10941;11207;4.67;0.28;360.97;15.54;1384;32;3841.00;266
9558;28;620929155;9558;493;10944;11207;4.64;0.28;360.94;15.60;1386;32;3842.00;263
9560;28;620929171;9560;500;10946;11208;4.61;0.28;360.93;15.60;1386;32;3843.00;262
9562;28;620929188;9562;503;10947;11208;4.56;0.28;360.92;15.67;1385;32;3844.00;261
9563;28;620929208;9563;505;10950;11212;4.59;0.28;360.89;15.67;1387;32;3845.00;262
9564;28;620929235;9564;509;10952;11214;4.61;0.28;360.90;15.73;1388;32;3846.00;262
9568;28;620929253;9568;511;10956;11218;4.61;0.28;360.92;15.73;1388;32;3847.00;262
9574;28;620929271;9574;508;10956;11218;4.55;0.28;360.80;15.73;1382;32;3848.00;262
9577;28;620929288;9577;509;10956;11218;4.53;0.28;360.82;15.73;1379;32;3849.00;262
9580;28;620929305;9580;507;10956;11218;4.54;0.28;360.80;15.73;1376;32;3850.00;262
9581;28;620929324;9581;517;10956;11218;4.57;0.28;360.79;15.73;1375;32;3851.00;262
9587;28;620929340;9587;509;10966;11230;4.57;0.28;360.69;15.71;1379;32;3852.00;264
9590;28;620929361;9590;508;10967;11230;4.60;0.28;360.72;15.71;1377;32;3853.00;263
9593;28;620929377;9593;511;10967;11230;4.60;0.28;360.66;15.71;1374;32;3854.00;263
9595;28;620929395;9595;509;10967;11230;4.62;0.28;360.68;15.71;1372;32;3855.00;263
9599;28;620929412;9599;517;10967;11230;4.60;0.28;360.58;15.71;1368;32;3856.00;263
9603;28;620929429;9603;516;10968;11230;4.57;0.28;360.50;15.71;1365;32;3857.00;262
9607;28;620929446;9607;527;10968;11231;4.53;0.28;360.56;15.71;1361;32;3858.00;263
9608;28;620929465;9608;529;10970;11231;4.46;0.27;360.61;15.78;1362;32;3859.00;261
9610;28;620929486;9610;530;10974;11237;4.45;0.27;360.63;15.78;1364;32;3860.00;263
9610;28;620929506;9610;541;10976;11238;4.45;0.27;360.63;15.78;1366;32;3861.00;262
9611;28;620929530;9611;550;10976;11238;4.45;0.27;360.62;15.78;1365;32;3862.00;262
9613;28;620929546;9613;554;10976;11238;4.42;0.27;360.65;15.78;1363;32;3863.00;262
9616;28;620929563;9616;550;10981;11242;4.36;0.27;360.58;15.78;1365;32;3864.00;261
9616;28;620929581;9616;550;10981;11242;4.32;0.26;360.58;15.78;1365;32;3865.00;261
9618;28;620929596;9618;552;10982;11242;4.25;0.26;360.65;15.78;1364;32;3866.00;260
9620;28;620929614;9620;544;10984;11243;4.25;0.26;360.61;15.84;1364;32;3867.00;259
9623;28;620929631;9623;544;10987;11247;4.21;0.26;360.53;15.84;1364;32;3868.00;260
9624;28;620929649;9624;534;10987;11247;4.19;0.26;360.53;15.84;1363;32;3869.00;260
9626;28;620929666;9626;526;10992;11253;4.22;0.26;360.55;15.90;1366;32;3870.00;261
9626;28;620929684;9626;527;10993;11253;4.23;0.26;360.55;15.90;1367;32;3871.00;260
9627;28;620929701;9627;530;10996;11253;4.26;0.26;360.55;16.04;1369;32;3872.00;257
9629;28;620929725;9629;523;10997;11253;4.26;0.26;360.56;16.11;1368;32;3873.00;256
9630;28;620929744;9630;532;11001;11257;4.33;0.26;360.54;16.10;1371;32;3874.00;256
9630;28;620929762;9630;531;11002;11257;4.36;0.27;360.54;16.17;1372;32;3875.00;255
9631;28;620929780;9631;530;11002;11257;4.37;0.27;360.59;16.17;1371;32;3876.00;255
9632;28;620929806;9632;538;11003;11257;4.40;0.27;360.57;16.24;1371;32;3877.00;254
9632;28;620929823;9632;539;11003;11258;4.46;0.27;360.57;16.24;1371;32;3878.00;255
9634;28;620929841;9634;544;11005;11259;4.48;0.27;360.55;16.31;1371;32;3879.00;254
9634;28;620929857;9634;543;11006;11259;4.48;0.27;360.55;16.37;1372;32;3880.00;253
9636;28;620929874;9636;543;11007;11260;4.48;0.27;360.51;16.37;1371;32;3881.00;253
9638;28;620929891;9638;553;11008;11260;4.49;0.27;360.52;16.44;1370;32;3882.00;252
9638;28;620929908;9638;557;11009;11260;4.50;0.27;360.52;16.51;1371;32;3883.00;251
9641;28;620929924;9641;557;11010;11260;4.48;0.27;360.47;16.57;1369;32;3884.00;250
9642;28;620929941;9642;563;11011;11260;4.47;0.27;360.46;16.64;1369;32;3885.00;249
9644;28;620929959;9644;565;11011;11260;4.45;0.27;360.44;16.64;1367;32;3886.00;249
9646;28;620929976;9646;564;11011;11260;4.44;0.27;360.52;16.64;1365;32;3887.00;249
9646;28;620929993;9646;583;11076;11387;4.69;0.29;360.52;16.68;1430;32;3888.00;311
9647;28;620930023;9647;574;11078;11388;4.69;0.29;360.49;16.67;1431;32;3889.00;310
9649;28;620930040;9649;577;11088;11388;4.72;0.29;360.44;16.66;1439;32;3890.00;300
9654;28;620930057;9654;570;11096;11388;4.68;0.29;360.59;16.78;1442;32;3891.00;292
9655;28;620930075;9655;561;11103;11388;4.66;0.29;360.57;16.78;1448;32;3892.00;285
9658;28;620930093;9658;558;11108;11388;4.59;0.28;360.58;16.77;1450;32;3893.00;280
9662;28;620930110;9662;555;11111;11388;4.56;0.28;360.66;16.83;1449;32;3894.00;277
9664;28;620930129;9664;558;11112;11388;4.53;0.28;360.72;16.83;1448;32;3895.00;276
9667;28;620930146;9667;564;11114;11389;4.51;0.28;360.92;16.90;1447;32;3896.00;275
9668;28;620930164;9668;566;11119;11390;4.57;0.28;360.96;16.89;1451;32;3897.00;271
9669;28;620930181;9669;568;11120;11390;4.58;0.28;360.94;16.89;1451;32;3898.00;270
9671;29;620930199;9671;572;11123;11391;4.57;0.28;360.94;16.89;1452;33;3899.00;268
9672;29;620930235;9672;580;11130;11406;4.57;0.28;360.91;16.95;1458;33;3900.00;276
9676;29;620930267;9676;582;11131;11406;4.52;0.28;360.92;16.95;1455;33;3901.00;275
9678;29;620930284;9678;585;11134;11406;4.49;0.28;360.89;16.94;1456;33;3902.00;272
9682;29;620930301;9682;596;11137;11410;4.46;0.27;360.98;16.94;1455;33;3903.00;273
9686;29;620930318;9686;595;11138;11410;4.42;0.27;361.02;17.01;1452;33;3904.00;272
9688;29;620930338;9688;602;11139;11410;4.34;0.27;361.03;17.01;1451;33;3905.00;271
9692;29;620930355;9692;603;11143;11413;4.29;0.26;361.09;17.00;1451;33;3906.00;270
9696;29;620930373;9696;604;11144;11413;4.25;0.26;361.00;17.00;1448;33;3907.00;269
9699;29;620930391;9699;615;11146;11413;4.23;0.26;361.14;17.01;1447;33;3908.00;267
9701;29;620930407;9701;614;11149;11417;4.24;0.26;361.17;17.00;1448;33;3909.00;268
9706;29;620930427;9706;606;11149;11418;4.20;0.26;361.17;17.00;1443;33;3910.00;269
9710;29;620930449;9710;596;11150;11418;4.19;0.26;361.16;17.00;1440;33;3911.00;268
9712;29;620930483;9712;586;11154;11422;4.22;0.26;361.13;17.00;1442;33;3912.00;268
9717;29;620930507;9717;576;11155;11422;4.22;0.26;361.18;17.00;1438;33;3913.00;267
9721;29;620930525;9721;571;11155;11422;4.29;0.26;361.29;17.00;1434;33;3914.00;267
9724;29;620930541;9724;563;11157;11424;4.29;0.26;361.47;16.99;1433;33;3915.00;267
9728;29;620930559;9728;556;11157;11424;4.31;0.26;361.60;16.99;1429;33;3916.00;267
9729;29;620930583;9729;547;11161;11430;4.41;0.27;361.62;16.99;1432;33;3917.00;269
9734;29;620930603;9734;541;11162;11430;4.45;0.27;361.86;16.99;1428;33;3918.00;268
9735;29;620930620;9735;537;11162;11431;4.51;0.28;361.86;16.99;1427;33;3919.00;269
9739;29;620930637;9739;532;11162;11431;4.57;0.28;362.11;16.99;1423;33;3920.00;269
9742;29;620930657;9742;520;11162;11431;4.62;0.28;362.26;16.99;1420;33;3921.00;269
9744;29;620930674;9744;523;11162;11431;4.72;0.29;362.27;16.99;1418;33;3922.00;269
9748;29;620930692;9748;511;11163;11431;4.79;0.29;362.36;16.99;1415;33;3923.00;268
9753;29;620930712;9753;504;11169;11443;4.85;0.30;362.67;16.98;1416;33;3924.00;274
9756;29;620930740;9756;493;11170;11443;4.93;0.30;362.71;16.98;1414;33;3925.00;273
9763;29;620930766;9763;495;11172;11443;5.00;0.30;362.78;16.98;1409;33;3926.00;271
9765;29;620930792;9765;495;11172;11443;5.01;0.31;362.85;16.98;1407;33;3927.00;271
9769;29;620930826;9769;485;11172;11443;5.01;0.31;362.84;16.98;1403;33;3928.00;271
9773;29;620930845;9773;484;11172;11443;4.99;0.30;362.92;16.98;1399;33;3929.00;271
9775;29;620930864;9775;480;11177;11447;4.99;0.30;362.98;16.98;1402;33;3930.00;270
9778;29;620930883;9778;479;11177;11447;4.96;0.30;363.07;16.98;1399;33;3931.00;270
9783;29;620930901;9783;475;11179;11451;4.91;0.30;363.12;16.97;1396;33;3932.00;272
9786;29;620930919;9786;476;11179;11452;4.89;0.30;363.30;16.97;1393;33;3933.00;273
9791;29;620930940;9791;475;11180;11452;4.88;0.30;363.41;16.98;1389;33;3934.00;272
9795;29;620930959;9795;477;11181;11452;4.88;0.30;363.46;16.98;1386;33;3935.00;271
9798;29;620930978;9798;483;11189;11465;4.85;0.30;363.54;16.97;1391;33;3936.00;276
9802;29;620930996;9802;479;11190;11465;4.84;0.30;363.61;16.96;1388;33;3937.00;275
9807;29;620931015;9807;475;11192;11465;4.83;0.29;363.67;16.97;1385;33;3938.00;273
9808;29;620931032;9808;487;11192;11466;4.84;0.30;363.69;16.97;1384;33;3939.00;274
9815;29;620931050;9815;485;11192;11467;4.81;0.29;363.64;16.97;1377;33;3940.00;275
9818;29;620931074;9818;482;11196;11467;4.77;0.29;363.65;17.03;1378;33;3941.00;271
9822;29;620931094;9822;475;11199;11470;4.75;0.29;363.76;17.04;1377;33;3942.00;271
9823;29;620931111;9823;479;11199;11470;4.75;0.29;363.81;17.04;1376;33;3943.00;271
9829;29;620931129;9829;481;11202;11470;4.72;0.29;363.84;17.03;1373;33;3944.00;268
9831;29;620931146;9831;482;11202;11470;4.70;0.29;363.93;17.03;1371;33;3945.00;268
9837;29;620931164;9837;485;11205;11476;4.65;0.28;363.90;17.03;1368;33;3946.00;271
9841;29;620931182;9841;492;11207;11476;4.64;0.28;363.98;17.03;1366;33;3947.00;269
9846;29;620931198;9846;496;11210;11476;4.61;0.28;363.95;17.03;1364;33;3948.00;266
9847;29;620931216;9847;502;11211;11476;4.63;0.28;363.95;17.03;1364;33;3949.00;265
9854;29;620931232;9854;507;11215;11480;4.58;0.28;364.10;17.02;1361;33;3950.00;265
9856;29;620931251;9856;505;11217;11481;4.56;0.28;364.12;17.02;1361;33;3951.00;264
9859;29;620931268;9859;504;11218;11481;4.49;0.27;364.13;17.02;1359;33;3952.00;263
9864;29;620931284;9864;505;11218;11482;4.42;0.27;364.25;17.02;1354;33;3953.00;264
9867;29;620931301;9867;503;11219;11482;4.36;0.27;364.24;17.02;1352;33;3954.00;263
9868;29;620931319;9868;501;11219;11482;4.33;0.26;364.21;17.02;1351;33;3955.00;263
9871;29;620931336;9871;499;11219;11482;4.29;0.26;364.16;17.02;1348;33;3956.00;263
9873;29;620931353;9873;496;11219;11482;4.25;0.26;364.21;17.02;1346;33;3957.00;263
9875;29;620931370;9875;500;11219;11482;4.23;0.26;364.28;17.02;1344;33;3958.00;263
9878;29;620931387;9878;510;11219;11482;4.19;0.26;364.28;17.02;1341;33;3959.00;263
9879;29;620931405;9879;534;11289;11607;4.33;0.27;364.30;16.91;1410;33;3960.00;318
9884;29;620931434;9884;533;11294;11608;4.32;0.27;364.48;16.91;1410;33;3961.00;314
9885;29;620931451;9885;537;11299;11608;4.35;0.27;364.48;16.90;1414;33;3962.00;309
9890;29;620931469;9890;540;11300;11608;4.34;0.27;364.52;16.90;1410;33;3963.00;308
9895;29;620931489;9895;543;11305;11608;4.36;0.27;364.60;16.89;1410;33;3964.00;303
9897;29;620931507;9897;549;11306;11608;4.36;0.27;364.68;16.89;1409;33;3965.00;302
9899;29;620931524;9899;540;11310;11608;4.36;0.27;364.74;16.89;1411;33;3966.00;298
9900;29;620931542;9900;543;11314;11608;4.36;0.27;364.77;16.88;1414;33;3967.00;294
9903;29;620931559;9903;542;11318;11609;4.31;0.26;364.78;16.88;1415;33;3968.00;291
9905;29;620931583;9905;554;11321;11610;4.27;0.26;364.84;16.88;1416;33;3969.00;289
9906;29;620931609;9906;552;11324;11610;4.17;0.26;364.93;16.96;1418;33;3970.00;286
9906;29;620931627;9906;560;11328;11614;4.14;0.25;364.93;16.96;1422;33;3971.00;286
9908;29;620931646;9908;564;11331;11614;4.09;0.25;365.06;17.02;1423;33;3972.00;283
9910;29;620931664;9910;571;11331;11614;4.03;0.25;365.06;17.02;1421;33;3973.00;283
9910;29;620931680;9910;580;11331;11614;4.05;0.25;365.06;17.02;1421;33;3974.00;283
9911;29;620931697;9911;584;11336;11620;4.03;0.25;365.06;17.02;1425;33;3975.00;284
9914;29;620931716;9914;589;11336;11620;3.99;0.24;365.17;17.02;1422;34;3976.00;284
9916;29;620931748;9916;591;11336;11620;3.97;0.24;365.25;17.02;1420;34;3977.00;284
9918;29;620931767;9918;588;11338;11623;3.96;0.24;365.33;17.01;1420;34;3978.00;285
9919;29;620931784;9919;582;11338;11623;3.96;0.24;365.31;17.01;1419;34;3979.00;285
9920;29;620931801;9920;579;11338;11623;3.97;0.24;365.35;17.01;1418;34;3980.00;285
9920;29;620931819;9920;573;11339;11624;3.98;0.24;365.35;17.01;1419;34;3981.00;285
9925;29;620931836;9925;571;11340;11625;3.97;0.24;365.47;17.01;1415;34;3982.00;285
9925;29;620931853;9925;568;11340;11625;4.01;0.25;365.47;17.01;1415;34;3983.00;285
9927;29;620931870;9927;571;11351;11638;4.09;0.25;365.58;17.00;1424;34;3984.00;287
9931;29;620931888;9931;563;11351;11638;4.11;0.25;365.69;17.00;1420;34;3985.00;287
9932;29;620931906;9932;558;11352;11638;4.14;0.25;365.69;17.06;1420;34;3986.00;286
9935;29;620931923;9935;562;11353;11639;4.13;0.25;365.65;17.06;1418;34;3987.00;286
9938;29;620931942;9938;566;11353;11639;4.16;0.25;365.73;17.06;1415;34;3988.00;286
9939;29;620931961;9939;563;11357;11643;4.20;0.26;365.71;17.05;1418;34;3989.00;286
9939;29;620931982;9939;566;11357;11643;4.24;0.26;365.71;17.05;1418;34;3990.00;286
9940;29;620932000;9940;573;11360;11647;4.26;0.26;365.72;17.05;1420;34;3991.00;287
9942;29;620932018;9942;584;11360;11647;4.27;0.26;365.70;17.05;1418;34;3992.00;287
9944;29;620932041;9944;582;11360;11647;4.25;0.26;365.73;17.05;1416;34;3993.00;287
9945;29;620932057;9945;583;11360;11647;4.26;0.26;365.77;17.05;1415;34;3994.00;287
9947;29;620932074;9947;590;11360;11647;4.25;0.26;365.78;17.05;1413;34;3995.00;287
9950;29;620932091;9950;594;11370;11659;4.31;0.26;365.76;17.03;1420;34;3996.00;289
9954;29;620932108;9954;598;11370;11659;4.28;0.26;365.83;17.03;1416;34;3997.00;289
9957;29;620932124;9957;599;11372;11659;4.29;0.26;365.95;17.10;1415;34;3998.00;287
9958;29;620932140;9958;609;11372;11659;4.29;0.26;365.94;17.10;1414;34;3999.00;287
9959;29;620932158;9959;597;11372;11659;4.31;0.26;365.91;17.10;1413;34;4000.00;287
9962;29;620932179;9962;597;11372;11659;4.31;0.26;365.92;17.10;1410;34;4001.00;287
9963;29;620932196;9963;590;11372;11660;4.35;0.26;365.92;17.10;1409;34;4002.00;288
9965;29;620932213;9965;586;11372;11660;4.39;0.27;365.88;17.10;1407;34;4003.00;288
9969;29;620932228;9969;583;11377;11666;4.40;0.27;365.91;17.09;1408;34;4004.00;289
9972;29;620932245;9972;589;11379;11668;4.36;0.26;365.93;17.09;1407;34;4005.00;289
9972;29;620932262;9972;583;11379;11668;4.38;0.27;365.93;17.09;1407;34;4006.00;289
9975;29;620932278;9975;584;11379;11668;4.37;0.26;366.00;17.09;1404;34;4007.00;289
9977;29;620932294;9977;590;11382;11672;4.39;0.27;366.09;17.08;1405;34;4008.00;290
9982;29;620932312;9982;583;11382;11672;4.40;0.27;366.12;17.08;1400;34;4009.00;290
9985;29;620932327;9985;577;11382;11672;4.41;0.27;366.07;17.08;1397;34;4010.00;290
9989;29;620932344;9989;579;11383;11673;4.41;0.27;366.05;17.08;1394;34;4011.00;290
9991;29;620932359;9991;573;11386;11677;4.34;0.26;366.02;17.08;1395;34;4012.00;291
9993;29;620932375;9993;574;11386;11677;4.30;0.26;366.01;17.08;1393;34;4013.00;291
9997;29;620932390;9997;570;11388;11680;4.30;0.26;365.98;17.07;1391;34;4014.00;292
9998;29;620932406;9998;572;11391;11680;4.26;0.26;365.95;17.22;1393;34;4015.00;289
9999;29;620932426;9999;577;11391;11680;4.24;0.26;365.97;17.22;1392;34;4016.00;289
10000;29;620932442;10000;579;11391;11680;4.23;0.26;365.96;17.22;1391;34;4017.00;289
10005;29;620932458;10005;582;11395;11684;4.22;0.26;365.91;17.21;1390;34;4018.00;289
10008;29;620932476;10008;569;11395;11684;4.24;0.26;365.91;17.21;1387;34;4019.00;289
10009;29;620932493;10009;562;11395;11684;4.32;0.26;365.95;17.21;1386;34;4020.00;289
10013;29;620932510;10013;555;11395;11684;4.35;0.27;365.95;17.21;1382;34;4021.00;289
10014;29;620932527;10014;552;11395;11685;4.43;0.27;365.95;17.21;1381;34;4022.00;290
10016;29;620932544;10016;540;11396;11686;4.46;0.27;365.95;17.21;1380;34;4023.00;290
10016;29;620932561;10016;536;11396;11686;4.52;0.28;365.95;17.21;1380;34;4024.00;290
10020;29;620932579;10020;535;11397;11687;4.53;0.28;365.99;17.21;1377;34;4025.00;290
10023;29;620932602;10023;529;11397;11687;4.54;0.28;366.03;17.21;1374;34;4026.00;290
10026;29;620932619;10026;527;11397;11687;4.56;0.28;365.98;17.21;1371;34;4027.00;290
10027;29;620932635;10027;521;11397;11687;4.56;0.28;365.96;17.21;1370;34;4028.00;290
10032;29;620932652;10032;528;11397;11687;4.54;0.28;365.96;17.21;1365;34;4029.00;290
10034;29;620932667;10034;528;11397;11687;4.53;0.28;365.95;17.21;1363;34;4030.00;290
10035;29;620932689;10035;531;11397;11687;4.52;0.27;366.02;17.21;1362;34;4031.00;290
10036;29;620932704;10036;549;11465;11814;4.75;0.29;366.00;17.11;1429;34;4032.00;349
10038;29;620932746;10038;540;11469;11815;4.72;0.29;366.01;17.10;1431;34;4033.00;346
10040;29;620932773;10040;539;11478;11815;4.75;0.29;365.96;17.09;1438;34;4034.00;337
10041;29;620932800;10041;535;11481;11815;4.75;0.29;365.94;17.09;1440;34;4035.00;334
10043;29;620932827;10043;532;11486;11815;4.76;0.29;365.90;17.08;1443;34;4036.00;329
10043;29;620932848;10043;535;11488;11815;4.75;0.29;365.90;17.08;1445;34;4037.00;327
10043;29;620932869;10043;537;11490;11815;4.76;0.29;365.90;17.08;1447;34;4038.00;325
10044;29;620932894;10044;534;11492;11815;4.79;0.30;365.89;17.07;1448;34;4039.00;323
10047;29;620932912;10047;535;11494;11816;4.81;0.30;365.88;17.07;1447;34;4040.00;322
10051;29;620932940;10051;538;11499;11817;4.81;0.30;365.86;17.14;1448;34;4041.00;318
10053;29;620932959;10053;540;11501;11817;4.79;0.29;365.95;17.14;1448;34;4042.00;316
10055;29;620932976;10055;543;11504;11818;4.74;0.29;365.94;17.22;1449;34;4043.00;314
10057;29;620932993;10057;538;11506;11818;4.66;0.29;365.97;17.22;1449;34;4044.00;312
10061;29;620933011;10061;542;11508;11818;4.53;0.28;366.07;17.29;1447;34;4045.00;310
10063;29;620933036;10063;551;11511;11818;4.45;0.27;366.15;17.36;1448;34;4046.00;307
10064;29;620933056;10064;554;11516;11822;4.40;0.27;366.13;17.36;1452;34;4047.00;306
10066;29;620933076;10066;560;11518;11822;4.35;0.27;366.09;17.43;1452;34;4048.00;304
10066;29;620933094;10066;568;11521;11822;4.35;0.27;366.09;17.50;1455;34;4049.00;301
10069;29;620933114;10069;563;11526;11828;4.34;0.26;366.19;17.57;1457;34;4050.00;302
10070;29;620933133;10070;575;11527;11828;4.36;0.27;366.16;17.57;1457;34;4051.00;301
10072;29;620933152;10072;572;11530;11828;4.36;0.27;366.29;17.57;1458;34;4052.00;298
10075;29;620933170;10075;584;11535;11832;4.34;0.26;366.29;17.63;1460;34;4053.00;297
10076;29;620933189;10076;580;11538;11833;4.34;0.26;366.36;17.63;1462;34;4054.00;295
10078;29;620933208;10078;584;11540;11833;4.32;0.26;366.39;17.78;1462;34;4055.00;293
10080;29;620933225;10080;586;11543;11837;4.29;0.26;366.41;17.77;1463;34;4056.00;294
10082;29;620933245;10082;587;11544;11837;4.32;0.26;366.43;17.77;1462;34;4057.00;293
10086;29;620933262;10086;590;11546;11837;4.32;0.26;366.46;17.91;1460;34;4058.00;291
10087;29;620933286;10087;593;11547;11838;4.35;0.27;366.44;17.91;1460;34;4059.00;291
10091;29;620933304;10091;596;11549;11838;4.38;0.27;366.60;18.05;1458;34;4060.00;289
10093;29;620933322;10093;600;11554;11844;4.42;0.27;366.75;18.05;1461;34;4061.00;290
10094;29;620933340;10094;582;11556;11844;4.47;0.27;366.72;18.18;1462;34;4062.00;288
10097;29;620933357;10097;584;11556;11845;4.49;0.27;366.84;18.18;1459;34;4063.00;289
10099;29;620933374;10099;588;11556;11845;4.52;0.28;367.01;18.18;1457;34;4064.00;289
10103;29;620933396;10103;584;11556;11845;4.53;0.28;367.09;18.18;1453;34;4065.00;289
10106;29;620933414;10106;584;11559;11845;4.55;0.28;367.21;18.39;1453;34;4066.00;286
10107;29;620933440;10107;581;11560;11845;4.60;0.28;367.23;18.46;1453;34;4067.00;285
10111;29;620933458;10111;588;11571;11857;4.62;0.28;367.48;18.59;1460;34;4068.00;286
10114;29;620933477;10114;587;11572;11857;4.61;0.28;367.61;18.59;1458;34;4069.00;285
10115;29;620933496;10115;587;11573;11857;4.59;0.28;367.66;18.66;1458;34;4070.00;284
10117;29;620933513;10117;581;11574;11857;4.54;0.28;367.72;18.72;1457;34;4071.00;283
10122;29;620933529;10122;590;11574;11857;4.45;0.27;367.89;18.72;1452;34;4072.00;283
10126;29;620933546;10126;595;11576;11857;4.40;0.27;367.88;18.86;1450;34;4073.00;281
10129;29;620933562;10129;595;11579;11861;4.37;0.27;367.84;18.86;1450;34;4074.00;282
10132;30;620933581;10132;596;11580;11861;4.36;0.27;367.81;18.93;1448;35;4075.00;281
10135;30;620933609;10135;596;11584;11865;4.34;0.27;367.78;18.99;1449;35;4076.00;281
10138;30;620933632;10138;595;11585;11866;4.32;0.26;367.77;18.99;1447;35;4077.00;281
10141;30;620933648;10141;612;11586;11866;4.28;0.26;367.90;19.06;1445;35;4078.00;280
10144;30;620933664;10144;615;11587;11866;4.25;0.26;367.89;19.12;1443;35;4079.00;279
10149;30;620933681;10149;612;11608;11895;4.25;0.26;368.00;19.09;1459;35;4080.00;287
10151;30;620933700;10151;602;11609;11895;4.27;0.26;367.96;19.09;1458;35;4081.00;286
10155;30;620933717;10155;598;11611;11895;4.30;0.26;368.11;19.08;1456;35;4082.00;284
10159;30;620933733;10159;593;11612;11896;4.30;0.26;368.33;19.08;1453;35;4083.00;284
10161;31;620933749;10161;595;11612;11897;4.33;0.27;368.33;19.08;1451;36;4084.00;285
10165;31;620933773;10165;590;11612;11897;4.39;0.27;368.34;19.08;1447;36;4085.00;285
10168;31;620933790;10168;587;11615;11900;4.43;0.27;368.49;19.08;1447;36;4086.00;285
10172;31;620933807;10172;581;11615;11900;4.48;0.27;368.55;19.08;1443;36;4087.00;285
10179;32;620933823;10179;581;11615;11900;4.44;0.27;368.73;19.08;1436;37;4088.00;285
10186;32;620933862;10186;568;11617;11900;4.42;0.27;368.96;19.08;1431;37;4089.00;283
10191;32;620933886;10191;567;11620;11906;4.46;0.27;368.96;19.07;1429;37;4090.00;286
10194;32;620933904;10194;563;11620;11906;4.49;0.27;369.02;19.07;1426;37;4091.00;286
10197;32;620933921;10197;551;11621;11906;4.52;0.28;369.12;19.07;1424;37;4092.00;285
10201;32;620933938;10201;546;11622;11906;4.50;0.27;369.29;19.07;1421;37;4093.00;284
10203;32;620933955;10203;545;11625;11910;4.54;0.28;369.28;19.07;1422;37;4094.00;285
10206;32;620933973;10206;543;11627;11912;4.53;0.28;369.30;19.06;1421;37;4095.00;285
10213;32;620933991;10213;535;11627;11912;4.56;0.28;369.28;19.06;1414;37;4096.00;285
10216;32;620934010;10216;531;11628;11913;4.63;0.28;369.38;19.06;1412;37;4097.00;285
10218;32;620934027;10218;527;11628;11913;4.66;0.28;369.37;19.06;1410;37;4098.00;285
10222;32;620934043;10222;525;11628;11913;4.65;0.28;369.60;19.06;1406;37;4099.00;285
10228;32;620934067;10228;531;11628;11913;4.63;0.28;369.87;19.06;1400;37;4100.00;285
10232;32;620934090;10232;531;11628;11913;4.65;0.28;370.04;19.06;1396;37;4101.00;285
10236;32;620934108;10236;530;11628;11913;4.66;0.28;369.97;19.06;1392;37;4102.00;285
10237;32;620934126;10237;529;11629;11913;4.66;0.28;369.99;19.06;1392;37;4103.00;284
10241;32;620934142;10241;538;11665;11983;4.67;0.28;370.06;19.00;1424;37;4104.00;318
10245;32;620934166;10245;536;11666;11984;4.64;0.28;370.18;19.00;1421;37;4105.00;318
10249;32;620934192;10249;537;11670;11984;4.62;0.28;370.19;18.99;1421;37;4106.00;314
10252;32;620934212;10252;551;11672;11984;4.61;0.28;370.28;18.99;1420;37;4107.00;312
10256;32;620934233;10256;550;11674;11984;4.62;0.28;370.29;18.99;1418;37;4108.00;310
10259;32;620934251;10259;551;11675;11984;4.59;0.28;370.35;18.99;1416;37;4109.00;309
10263;32;620934271;10263;548;11677;11984;4.55;0.28;370.50;18.99;1414;37;4110.00;307
10267;32;620934288;10267;560;11679;11984;4.49;0.27;370.55;18.98;1412;37;4111.00;305
10272;32;620934307;10272;564;11681;11985;4.43;0.27;370.50;18.98;1409;37;4112.00;304
10278;32;620934325;10278;565;11684;11986;4.35;0.26;370.53;18.98;1406;37;4113.00;302
10279;32;620934343;10279;558;11685;11986;4.36;0.26;370.55;18.98;1406;37;4114.00;301
10282;32;620934361;10282;564;11687;11990;4.32;0.26;370.54;18.97;1405;37;4115.00;303
10284;32;620934378;10284;565;11690;11990;4.29;0.26;370.51;18.97;1406;37;4116.00;300
10286;32;620934396;10286;569;11692;11990;4.31;0.26;370.53;18.97;1406;37;4117.00;298
10292;32;620934414;10292;569;11692;11990;4.24;0.26;370.57;18.97;1400;37;4118.00;298
10293;32;620934431;10293;567;11699;11996;4.24;0.26;370.56;18.96;1406;37;4119.00;297
10297;32;620934449;10297;569;11699;11996;4.18;0.25;370.64;18.96;1402;37;4120.00;297
10300;32;620934467;10300;565;11703;11996;4.15;0.25;370.71;18.96;1403;37;4121.00;293
10302;32;620934485;10302;567;11704;11999;4.17;0.25;370.73;18.96;1402;37;4122.00;295
10306;32;620934504;10306;570;11706;11999;4.16;0.25;370.78;18.96;1400;37;4123.00;293
10306;32;620934523;10306;571;11706;11999;4.14;0.25;370.78;18.96;1400;37;4124.00;293
10312;32;620934541;10312;586;11708;12000;4.07;0.25;370.92;18.96;1396;37;4125.00;292
10314;32;620934558;10314;586;11709;12001;4.07;0.25;370.95;18.96;1395;37;4126.00;292
10316;32;620934576;10316;582;11709;12001;4.06;0.25;371.04;18.96;1393;37;4127.00;292
10318;32;620934594;10318;578;11719;12014;4.09;0.25;371.17;18.94;1401;37;4128.00;295
10319;32;620934615;10319;584;11720;12014;4.06;0.25;371.16;18.94;1401;37;4129.00;294
10321;32;620934633;10321;582;11720;12014;4.04;0.25;371.25;18.94;1399;37;4130.00;294
10323;32;620934652;10323;585;11721;12015;4.08;0.25;371.36;18.94;1398;37;4131.00;294
10325;32;620934670;10325;589;11721;12015;4.10;0.25;371.45;18.94;1396;37;4132.00;294
10327;32;620934689;10327;591;11725;12019;4.10;0.25;371.47;18.93;1398;37;4133.00;294
10329;32;620934708;10329;586;11725;12019;4.07;0.25;371.51;18.93;1396;37;4134.00;294
10331;32;620934734;10331;607;11728;12023;4.07;0.25;371.53;18.93;1397;37;4135.00;295
10332;32;620934760;10332;585;11728;12023;4.07;0.25;371.54;18.93;1396;37;4136.00;295
10336;32;620934785;10336;581;11728;12023;4.04;0.25;371.56;18.93;1392;37;4137.00;295
10336;32;620934807;10336;582;11728;12023;4.07;0.25;371.56;18.93;1392;37;4138.00;295
10338;32;620934827;10338;577;11728;12023;4.09;0.25;371.59;18.93;1390;37;4139.00;295
10341;32;620934860;10341;582;11753;12057;4.18;0.26;371.56;18.89;1412;37;4140.00;304
10342;32;620934880;10342;574;11753;12057;4.24;0.26;371.59;18.89;1411;37;4141.00;304
10342;32;620934900;10342;573;11756;12057;4.34;0.27;371.59;18.88;1414;37;4142.00;301
10344;32;620934917;10344;578;11756;12057;4.38;0.27;371.56;18.88;1412;37;4143.00;301
10345;32;620934936;10345;575;11757;12057;4.41;0.27;371.55;18.88;1412;37;4144.00;300
10346;32;620934954;10346;570;11757;12057;4.45;0.27;371.60;18.88;1411;37;4145.00;300
10347;32;620934973;10347;576;11757;12058;4.45;0.27;371.64;18.88;1410;37;4146.00;301
10350;32;620934990;10350;569;11757;12058;4.45;0.27;371.55;18.88;1407;37;4147.00;301
10352;32;620935008;10352;582;11762;12064;4.45;0.27;371.62;18.87;1410;37;4148.00;302
10353;32;620935026;10353;580;11763;12065;4.45;0.27;371.59;18.87;1410;37;4149.00;302
10357;32;620935044;10357;578;11763;12065;4.44;0.27;371.66;18.87;1406;37;4150.00;302
10360;32;620935061;10360;581;11763;12065;4.42;0.27;371.76;18.87;1403;37;4151.00;302
10362;32;620935084;10362;591;11766;12069;4.41;0.27;371.70;18.87;1404;37;4152.00;303
10363;32;620935102;10363;583;11766;12069;4.40;0.27;371.76;18.87;1403;37;4153.00;303
10366;32;620935119;10366;581;11766;12069;4.37;0.27;371.72;18.87;1400;37;4154.00;303
10370;32;620935136;10370;580;11767;12070;4.33;0.26;371.69;18.86;1397;37;4155.00;303
10370;32;620935153;10370;587;11770;12074;4.28;0.26;371.69;18.86;1400;37;4156.00;304
10373;32;620935170;10373;585;11770;12074;4.20;0.26;371.72;18.86;1397;37;4157.00;304
10376;32;620935187;10376;591;11772;12077;4.12;0.25;371.69;18.86;1396;37;4158.00;305
10379;32;620935204;10379;594;11772;12077;4.01;0.24;371.70;18.86;1393;37;4159.00;305
10381;32;620935220;10381;597;11773;12077;3.95;0.24;371.68;18.85;1392;37;4160.00;304
10385;32;620935236;10385;602;11773;12077;3.86;0.23;371.66;18.85;1388;37;4161.00;304
10385;32;620935259;10385;605;11777;12081;3.86;0.23;371.66;18.85;1392;37;4162.00;304
10385;32;620935277;10385;607;11777;12081;3.82;0.23;371.66;18.85;1392;37;4163.00;304
10386;32;620935292;10386;602;11777;12081;3.75;0.23;371.67;18.85;1391;37;4164.00;304
10387;32;620935308;10387;605;11777;12081;3.76;0.23;371.70;18.85;1390;37;4165.00;304
10387;32;620935324;10387;609;11777;12082;3.73;0.23;371.70;18.85;1390;37;4166.00;305
10387;32;620935340;10387;612;11778;12083;3.74;0.23;371.70;18.85;1391;37;4167.00;305
10388;32;620935355;10388;617;11778;12083;3.73;0.23;371.74;18.85;1390;37;4168.00;305
10389;32;620935371;10389;616;11779;12084;3.76;0.23;371.75;18.85;1390;37;4169.00;305
10391;32;620935389;10391;611;11779;12084;3.75;0.23;371.76;18.85;1388;37;4170.00;305
10391;32;620935404;10391;596;11779;12084;3.77;0.23;371.76;18.85;1388;37;4171.00;305
10394;32;620935421;10394;583;11779;12084;3.80;0.23;371.74;18.85;1385;37;4172.00;305
10396;32;620935438;10396;571;11781;12086;3.82;0.23;371.73;18.84;1385;37;4173.00;305
10399;32;620935455;10399;555;11781;12086;3.84;0.23;371.81;18.84;1382;37;4174.00;305
10401;32;620935473;10401;547;11781;12086;3.91;0.24;371.79;18.84;1380;37;4175.00;305
10402;32;620935490;10402;565;11849;12213;4.12;0.25;371.79;18.73;1447;37;4176.00;364
10403;32;620935518;10403;546;11850;12214;4.19;0.26;371.80;18.73;1447;37;4177.00;364
10404;32;620935542;10404;538;11857;12214;4.31;0.27;371.81;18.72;1453;37;4178.00;357
10407;32;620935560;10407;530;11860;12214;4.40;0.27;371.82;18.72;1453;37;4179.00;354
10410;32;620935578;10410;520;11862;12214;4.43;0.27;371.80;18.72;1452;37;4180.00;352
10412;32;620935595;10412;511;11865;12214;4.48;0.28;371.79;18.71;1453;37;4181.00;349
10415;32;620935613;10415;506;11867;12214;4.50;0.28;371.76;18.71;1452;37;4182.00;347
10418;32;620935630;10418;504;11873;12214;4.53;0.28;371.74;18.71;1455;37;4183.00;341
10419;32;620935648;10419;494;11874;12215;4.57;0.28;371.73;18.70;1455;37;4184.00;341
10420;32;620935666;10420;499;11879;12217;4.62;0.28;371.75;18.77;1459;37;4185.00;338
10424;32;620935690;10424;494;11883;12217;4.65;0.28;371.75;18.85;1459;37;4186.00;334
10425;32;620935710;10425;495;11886;12218;4.65;0.28;371.76;18.84;1461;37;4187.00;332
10427;32;620935729;10427;488;11888;12218;4.68;0.29;371.85;18.84;1461;37;4188.00;330
10430;32;620935748;10430;485;11890;12218;4.70;0.29;371.81;18.84;1460;37;4189.00;328
10432;32;620935767;10432;492;11893;12218;4.72;0.29;371.79;18.84;1461;37;4190.00;325
10432;32;620935785;10432;486;11894;12222;4.75;0.29;371.79;18.84;1462;37;4191.00;328
10434;32;620935805;10434;486;11897;12222;4.77;0.29;371.82;18.84;1463;37;4192.00;325
10436;32;620935824;10436;478;11898;12222;4.80;0.29;371.82;18.91;1462;37;4193.00;324
10438;32;620935843;10438;481;11901;12225;4.83;0.29;371.84;18.91;1463;37;4194.00;324
10440;32;620935862;10440;478;11901;12225;4.83;0.29;371.80;18.91;1461;37;4195.00;324
10442;32;620935880;10442;477;11902;12225;4.87;0.30;371.79;18.91;1460;37;4196.00;323
10444;32;620935902;10444;488;11906;12229;4.87;0.30;371.84;18.91;1462;37;4197.00;323
10449;32;620935922;10449;495;11908;12230;4.82;0.29;371.93;18.91;1459;37;4198.00;322
10450;32;620935947;10450;496;11909;12230;4.83;0.29;371.90;18.91;1459;37;4199.00;321
10451;32;620935970;10451;505;11919;12264;4.81;0.29;371.87;18.89;1468;37;4200.00;345
10454;32;620935997;10454;501;11924;12264;4.77;0.29;371.91;18.89;1470;37;4201.00;340
10455;32;620936017;10455;514;11926;12264;4.81;0.29;371.96;18.89;1471;37;4202.00;338
10457;32;620936036;10457;518;11929;12265;4.84;0.29;371.97;18.89;1472;37;4203.00;336
10459;32;620936058;10459;525;11929;12265;4.86;0.30;372.03;18.89;1470;37;4204.00;336
10462;32;620936077;10462;533;11933;12271;4.90;0.30;372.07;18.88;1471;37;4205.00;338
10466;32;620936096;10466;536;11935;12271;4.91;0.30;372.13;18.88;1469;37;4206.00;336
10467;32;620936124;10467;544;11938;12272;4.92;0.30;372.13;18.88;1471;37;4207.00;334
10470;32;620936143;10470;546;11938;12272;4.92;0.30;372.11;18.88;1468;37;4208.00;334
10474;32;620936160;10474;553;11938;12272;4.91;0.30;372.25;18.88;1464;37;4209.00;334
10475;32;620936178;10475;557;11939;12272;4.88;0.30;372.26;18.95;1464;37;4210.00;333
10479;32;620936195;10479;561;11940;12272;4.81;0.29;372.27;18.95;1461;37;4211.00;332
10481;32;620936213;10481;573;11950;12284;4.77;0.29;372.29;18.94;1469;37;4212.00;334
10484;32;620936232;10484;576;11953;12284;4.75;0.29;372.30;19.01;1469;37;4213.00;331
10487;32;620936251;10487;576;11955;12284;4.74;0.29;372.33;19.08;1468;37;4214.00;329
10489;32;620936269;10489;581;11955;12284;4.75;0.29;372.49;19.08;1466;37;4215.00;329
10493;32;620936286;10493;580;11956;12284;4.74;0.29;372.71;19.08;1463;37;4216.00;328
10493;32;620936304;10493;594;11956;12284;4.77;0.29;372.71;19.08;1463;37;4217.00;328
10494;32;620936327;10494;593;11961;12288;4.79;0.29;372.83;19.08;1467;37;4218.00;327
10497;32;620936345;10497;591;11965;12288;4.81;0.29;372.85;19.38;1468;37;4219.00;323
10497;32;620936362;10497;580;11969;12292;4.84;0.30;372.85;19.44;1472;37;4220.00;323
10500;32;620936380;10500;585;11970;12293;4.85;0.30;372.83;19.44;1470;37;4221.00;323
10503;32;620936398;10503;585;11972;12293;4.80;0.29;372.81;19.52;1469;37;4222.00;321
10505;32;620936415;10505;589;11973;12293;4.78;0.29;372.79;19.52;1468;37;4223.00;320
10509;32;620936432;10509;590;11988;12306;4.75;0.29;372.90;19.87;1479;37;4224.00;318
10515;32;620936451;10515;587;11991;12306;4.73;0.29;372.89;19.94;1476;37;4225.00;315
10516;32;620936472;10516;584;11991;12306;4.69;0.29;372.89;19.94;1475;37;4226.00;315
10519;32;620936489;10519;591;11993;12307;4.66;0.28;373.04;20.01;1474;37;4227.00;314
10520;32;620936505;10520;587;11995;12308;4.64;0.28;373.15;20.16;1475;37;4228.00;313
10523;32;620936522;10523;590;11997;12308;4.60;0.28;373.26;20.23;1474;37;4229.00;311
10527;32;620936541;10527;594;12002;12314;4.58;0.28;373.27;20.22;1475;37;4230.00;312
10527;32;620936559;10527;584;12003;12314;4.59;0.28;373.27;20.29;1476;37;4231.00;311
10531;32;620936577;10531;591;12005;12314;4.58;0.28;373.27;20.36;1474;37;4232.00;309
10532;32;620936595;10532;581;12005;12314;4.59;0.28;373.37;20.36;1473;37;4233.00;309
10533;32;620936612;10533;580;12011;12320;4.63;0.28;373.44;20.42;1478;37;4234.00;309
10535;32;620936630;10535;588;12014;12320;4.67;0.28;373.55;20.56;1479;37;4235.00;306
10536;32;620936648;10536;578;12014;12320;4.65;0.28;373.62;20.56;1478;37;4236.00;306
10539;32;620936665;10539;579;12015;12320;4.65;0.28;373.64;20.64;1476;37;4237.00;305
10542;32;620936684;10542;582;12018;12324;4.64;0.28;373.66;20.63;1476;37;4238.00;306
10543;32;620936702;10543;588;12020;12325;4.64;0.28;373.77;20.70;1477;37;4239.00;305
10547;32;620936721;10547;592;12022;12325;4.64;0.28;373.73;20.77;1475;37;4240.00;303
10549;32;620936746;10549;593;12023;12326;4.63;0.28;373.84;20.77;1474;37;4241.00;303
10552;32;620936770;10552;596;12024;12326;4.58;0.28;373.86;20.84;1472;37;4242.00;302
10554;32;620936796;10554;594;12025;12326;4.55;0.28;373.81;20.91;1471;37;4243.00;301
10559;32;620936820;10559;595;12026;12326;4.51;0.27;373.90;20.97;1467;37;4244.00;300
10560;32;620936844;10560;603;12027;12326;4.50;0.27;373.90;21.04;1467;37;4245.00;299
10564;32;620936865;10564;612;12029;12326;4.43;0.27;374.00;21.11;1465;37;4246.00;297
10564;32;620936882;10564;611;12029;12326;4.38;0.27;374.00;21.11;1465;37;4247.00;297
10571;32;620936899;10571;632;12069;12396;4.38;0.27;374.00;21.11;1498;37;4248.00;327
10575;32;620936922;10575;630;12069;12397;4.30;0.26;374.02;21.11;1494;37;4249.00;328
10577;32;620936938;10577;621;12073;12397;4.28;0.26;374.12;21.11;1496;37;4250.00;324
10580;32;620936956;10580;626;12075;12397;4.26;0.26;374.29;21.10;1495;37;4251.00;322
10584;32;620936972;10584;629;12080;12397;4.26;0.26;374.34;21.10;1496;37;4252.00;317
10587;32;620936989;10587;623;12080;12397;4.21;0.26;374.49;21.10;1493;37;4253.00;317
10589;32;620937006;10589;628;12086;12397;4.22;0.26;374.54;21.10;1497;37;4254.00;311
10594;32;620937023;10594;629;12086;12397;4.22;0.26;374.63;21.10;1492;37;4255.00;311
10600;32;620937039;10600;632;12088;12398;4.17;0.25;374.65;21.09;1488;37;4256.00;310
10604;32;620937056;10604;633;12090;12399;4.14;0.25;374.77;21.09;1486;37;4257.00;309
10607;32;620937073;10607;637;12091;12399;4.10;0.25;374.83;21.09;1484;37;4258.00;308
10613;32;620937090;10613;633;12095;12403;4.05;0.25;374.82;21.09;1482;37;4259.00;308
10615;32;620937109;10615;635;12096;12403;4.05;0.25;374.87;21.09;1481;37;4260.00;307
10618;32;620937127;10618;631;12098;12403;4.08;0.25;375.06;21.08;1480;37;4261.00;305
10621;32;620937144;10621;628;12098;12403;4.05;0.25;375.20;21.08;1477;37;4262.00;305
10621;32;620937160;10621;622;12102;12409;4.06;0.25;375.20;21.08;1481;37;4263.00;307
10624;32;620937178;10624;624;12103;12409;4.04;0.25;375.23;21.16;1479;37;4264.00;306
10627;32;620937196;10627;623;12103;12409;4.02;0.25;375.22;21.16;1476;37;4265.00;306
10628;32;620937213;10628;621;12105;12412;4.03;0.25;375.32;21.16;1477;37;4266.00;307
10634;32;620937230;10634;630;12105;12412;3.95;0.24;375.47;21.16;1471;37;4267.00;307
10637;32;620937246;10637;631;12105;12412;3.92;0.24;375.54;21.16;1468;37;4268.00;307
10641;32;620937265;10641;641;12105;12413;3.85;0.24;375.58;21.16;1464;37;4269.00;308
10643;32;620937282;10643;639;12107;12414;3.87;0.24;375.69;21.16;1464;37;4270.00;307
10649;32;620937299;10649;643;12107;12414;3.85;0.24;375.72;21.16;1458;37;4271.00;307
10654;32;620937316;10654;650;12117;12427;3.89;0.24;375.80;21.14;1463;37;4272.00;310
10657;32;620937334;10657;654;12117;12427;3.88;0.24;375.78;21.14;1460;37;4273.00;310
10661;32;620937351;10661;656;12117;12427;3.89;0.24;375.73;21.14;1456;37;4274.00;310
10665;32;620937367;10665;657;12119;12429;3.86;0.24;375.86;21.14;1454;37;4275.00;310
10667;32;620937384;10667;661;12119;12429;3.84;0.24;375.89;21.14;1452;37;4276.00;310
10673;32;620937403;10673;668;12122;12433;3.82;0.23;375.99;21.13;1449;37;4277.00;311
10677;32;620937421;10677;668;12122;12433;3.79;0.23;375.96;21.13;1445;37;4278.00;311
10679;32;620937439;10679;669;12125;12437;3.78;0.23;375.98;21.13;1446;37;4279.00;312
10683;32;620937456;10683;668;12126;12437;3.72;0.23;376.17;21.13;1443;37;4280.00;311
10688;32;620937473;10688;679;12126;12437;3.67;0.23;376.21;21.13;1438;37;4281.00;311
10690;32;620937491;10690;678;12127;12437;3.68;0.23;376.24;21.13;1437;37;4282.00;310
10696;32;620937506;10696;681;12127;12437;3.64;0.22;376.38;21.13;1431;37;4283.00;310
10699;32;620937523;10699;689;12136;12449;3.68;0.23;376.37;21.12;1437;37;4284.00;313
10704;32;620937540;10704;691;12137;12449;3.64;0.22;376.52;21.12;1433;37;4285.00;312
10707;32;620937556;10707;694;12139;12449;3.61;0.22;376.51;21.11;1432;37;4286.00;310
10710;32;620937573;10710;698;12140;12449;3.62;0.22;376.65;21.11;1430;37;4287.00;309
10712;32;620937588;10712;707;12142;12449;3.62;0.22;376.65;21.11;1430;37;4288.00;307
10716;32;620937605;10716;712;12142;12449;3.57;0.22;376.75;21.11;1426;37;4289.00;307
10723;32;620937624;10723;712;12143;12450;3.50;0.21;376.76;21.11;1420;37;4290.00;307
10724;32;620937641;10724;720;12143;12450;3.47;0.21;376.76;21.11;1419;37;4291.00;307
10725;32;620937656;10725;722;12148;12456;3.47;0.21;376.80;21.10;1423;37;4292.00;308
10727;32;620937672;10727;722;12149;12457;3.45;0.21;376.86;21.10;1422;37;4293.00;308
10728;32;620937688;10728;726;12149;12457;3.42;0.21;376.84;21.10;1421;37;4294.00;308
10730;32;620937704;10730;726;12150;12457;3.40;0.21;376.82;21.10;1420;37;4295.00;307
10734;32;620937720;10734;732;12153;12461;3.33;0.20;376.82;21.10;1419;37;4296.00;308
10736;32;620937735;10736;732;12153;12461;3.29;0.20;376.87;21.10;1417;37;4297.00;308
10738;32;620937751;10738;731;12154;12461;3.27;0.20;376.88;21.10;1416;37;4298.00;307
10739;32;620937769;10739;730;12155;12462;3.25;0.20;376.85;21.09;1416;37;4299.00;307
10742;32;620937789;10742;730;12158;12466;3.26;0.20;376.78;21.09;1416;37;4300.00;308
10742;32;620937812;10742;727;12158;12466;3.25;0.20;376.78;21.09;1416;37;4301.00;308
10744;32;620937829;10744;733;12161;12469;3.28;0.20;376.72;21.08;1417;37;4302.00;308
10746;32;620937845;10746;734;12161;12469;3.26;0.20;376.73;21.08;1415;37;4303.00;308
10747;32;620937861;10747;740;12161;12469;3.25;0.20;376.70;21.08;1414;37;4304.00;308
10752;32;620937876;10752;739;12161;12469;3.23;0.20;376.67;21.08;1409;37;4305.00;308
10754;32;620937891;10754;726;12165;12473;3.23;0.20;376.62;21.08;1411;37;4306.00;308
10756;32;620937906;10756;712;12166;12473;3.26;0.20;376.62;21.16;1410;37;4307.00;307
10759;32;620937921;10759;694;12166;12473;3.28;0.20;376.60;21.16;1407;37;4308.00;307
10761;32;620937936;10761;688;12166;12473;3.32;0.20;376.55;21.16;1405;37;4309.00;307
10762;32;620937951;10762;681;12166;12474;3.38;0.21;376.60;21.16;1404;37;4310.00;308
10766;32;620937966;10766;682;12167;12475;3.41;0.21;376.63;21.16;1401;37;4311.00;308
10767;32;620937982;10767;687;12167;12475;3.46;0.21;376.63;21.16;1400;37;4312.00;308
10767;32;620937999;10767;682;12168;12476;3.50;0.21;376.63;21.16;1401;37;4313.00;308
10767;32;620938015;10767;688;12168;12476;3.55;0.22;376.63;21.16;1401;37;4314.00;308
10768;32;620938029;10768;679;12168;12476;3.60;0.22;376.62;21.16;1400;38;4315.00;308
10768;32;620938052;10768;688;12168;12476;3.62;0.22;376.62;21.16;1400;38;4316.00;308
10769;32;620938067;10769;688;12168;12476;3.66;0.22;376.65;21.16;1399;38;4317.00;308
10769;32;620938082;10769;686;12168;12476;3.69;0.22;376.65;21.16;1399;38;4318.00;308
10770;32;620938097;10770;682;12168;12476;3.72;0.23;376.63;21.16;1398;38;4319.00;308
10772;32;620938113;10772;734;12282;12706;4.09;0.26;376.73;20.96;1510;38;4320.00;424
10772;32;620938146;10772;722;12286;12707;4.11;0.26;376.73;20.96;1514;38;4321.00;421
10772;32;620938162;10772;722;12297;12707;4.16;0.26;376.73;20.94;1525;38;4322.00;410
10773;32;620938177;10773;707;12301;12707;4.12;0.26;376.70;20.93;1528;38;4323.00;406
10774;32;620938193;10774;707;12308;12707;4.12;0.26;376.72;20.92;1534;38;4324.00;399
10776;32;620938209;10776;690;12313;12707;4.12;0.26;376.72;20.92;1537;38;4325.00;394
10776;32;620938231;10776;678;12320;12707;4.16;0.26;376.72;20.91;1544;38;4326.00;387
10777;32;620938248;10777;668;12325;12707;4.15;0.26;376.72;20.90;1548;38;4327.00;382
10779;32;620938264;10779;662;12330;12708;4.13;0.26;376.71;20.90;1551;38;4328.00;378
10780;32;620938280;10780;660;12334;12709;4.11;0.25;376.70;20.98;1554;38;4329.00;375
10780;32;620938298;10780;650;12340;12709;4.13;0.26;376.70;20.98;1560;38;4330.00;369
10780;32;620938315;10780;660;12342;12710;4.10;0.25;376.70;20.98;1562;38;4331.00;368
10781;33;620938331;10781;657;12343;12710;4.10;0.25;376.69;20.97;1562;39;4332.00;367
10782;33;620938366;10782;653;12346;12710;4.10;0.25;376.67;20.97;1564;39;4333.00;364
10784;33;620938381;10784;656;12347;12710;4.09;0.25;376.67;20.97;1563;39;4334.00;363
10785;33;620938405;10785;658;12350;12714;4.11;0.25;376.67;20.97;1565;39;4335.00;364
10788;33;620938423;10788;668;12352;12714;4.11;0.25;376.81;20.97;1564;39;4336.00;362
10790;33;620938445;10790;673;12352;12714;4.14;0.25;376.80;20.97;1562;39;4337.00;362
10790;33;620938462;10790;674;12354;12717;4.17;0.26;376.80;20.97;1564;39;4338.00;363
10792;33;620938479;10792;673;12354;12717;4.20;0.26;376.89;20.97;1562;39;4339.00;363
10792;33;620938496;10792;665;12354;12717;4.23;0.26;376.89;20.97;1562;39;4340.00;363
10798;33;620938513;10798;653;12357;12721;4.23;0.26;376.92;20.96;1559;39;4341.00;364
10800;33;620938532;10800;655;12358;12722;4.31;0.26;376.95;20.96;1558;39;4342.00;364
10801;33;620938550;10801;644;12358;12722;4.35;0.27;376.96;20.96;1557;39;4343.00;364
10803;33;620938568;10803;643;12359;12726;4.41;0.27;376.99;20.96;1556;39;4344.00;367
10806;33;620938585;10806;622;12360;12726;4.44;0.27;377.08;20.96;1554;39;4345.00;366
10808;33;620938602;10808;616;12361;12726;4.51;0.28;377.08;21.04;1553;39;4346.00;365
10811;33;620938625;10811;626;12361;12727;4.51;0.28;377.10;21.04;1550;39;4347.00;366
10815;33;620938642;10815;623;12363;12727;4.50;0.28;377.23;21.04;1548;39;4348.00;364
10817;33;620938659;10817;616;12366;12733;4.53;0.28;377.30;21.04;1549;39;4349.00;367
10819;33;620938678;10819;612;12366;12733;4.55;0.28;377.42;21.04;1547;39;4350.00;367
10822;33;620938696;10822;609;12368;12734;4.51;0.28;377.41;21.04;1546;39;4351.00;366
10823;33;620938713;10823;612;12368;12734;4.52;0.28;377.42;21.04;1545;39;4352.00;366
10827;33;620938736;10827;606;12372;12734;4.48;0.27;377.37;21.04;1545;39;4353.00;362
10831;33;620938766;10831;601;12374;12734;4.42;0.27;377.44;21.12;1543;39;4354.00;360
10836;33;620938806;10836;604;12375;12734;4.38;0.27;377.54;21.19;1539;39;4355.00;359
10840;33;620938833;10840;596;12383;12746;4.41;0.27;377.51;21.18;1543;39;4356.00;363
10843;33;620938859;10843;602;12387;12746;4.41;0.27;377.66;21.27;1544;39;4357.00;359
10849;34;620938879;10849;597;12388;12746;4.39;0.27;377.89;21.27;1539;40;4358.00;358
10851;34;620938908;10851;600;12389;12746;4.45;0.27;377.87;21.27;1538;40;4359.00;357
10857;34;620938927;10857;596;12392;12746;4.45;0.27;377.96;21.34;1535;40;4360.00;354
10860;34;620938955;10860;600;12394;12746;4.48;0.27;378.07;21.43;1534;40;4361.00;352
10862;34;620938979;10862;598;12398;12750;4.52;0.28;378.01;21.42;1536;40;4362.00;352
10865;34;620939005;10865;598;12398;12750;4.57;0.28;378.07;21.42;1533;40;4363.00;352
10869;34;620939023;10869;608;12401;12754;4.62;0.28;378.18;21.42;1532;40;4364.00;353
10869;34;620939042;10869;611;12403;12756;4.64;0.28;378.18;21.41;1534;40;4365.00;353
10873;34;620939060;10873;612;12404;12756;4.59;0.28;378.27;21.42;1531;40;4366.00;352
10876;34;620939079;10876;607;12405;12756;4.55;0.28;378.35;21.42;1529;40;4367.00;351
10879;34;620939097;10879;609;12415;12769;4.52;0.27;378.43;21.41;1536;40;4368.00;354
10880;35;620939116;10880;602;12416;12769;4.50;0.27;378.44;21.41;1536;41;4369.00;353
10885;35;620939142;10885;604;12417;12769;4.47;0.27;378.52;21.41;1532;41;4370.00;352
10885;35;620939159;10885;603;12419;12770;4.50;0.27;378.52;21.41;1534;41;4371.00;351
10886;35;620939184;10886;608;12420;12771;4.50;0.27;378.53;21.41;1534;41;4372.00;351
10886;35;620939201;10886;610;12421;12771;4.53;0.27;378.53;21.41;1535;41;4373.00;350
10891;35;620939220;10891;613;12423;12774;4.52;0.27;378.53;21.41;1532;41;4374.00;351
10894;35;620939244;10894;612;12424;12774;4.50;0.27;378.57;21.41;1530;41;4375.00;350
10895;35;620939263;10895;619;12426;12774;4.53;0.28;378.56;21.48;1531;41;4376.00;348
10895;35;620939282;10895;615;12426;12774;4.58;0.28;378.56;21.48;1531;41;4377.00;348
10896;35;620939306;10896;623;12432;12780;4.64;0.28;378.60;21.48;1536;41;4378.00;348
10898;35;620939326;10898;619;12433;12780;4.65;0.28;378.66;21.55;1535;41;4379.00;347
10901;35;620939347;10901;624;12434;12780;4.63;0.28;378.62;21.62;1533;41;4380.00;346
10905;35;620939365;10905;627;12434;12780;4.63;0.28;378.54;21.62;1529;41;4381.00;346
10911;35;620939382;10911;634;12441;12784;4.60;0.28;378.61;21.77;1530;41;4382.00;343
10912;35;620939401;10912;638;12442;12785;4.64;0.28;378.63;21.77;1530;41;4383.00;343
10915;35;620939419;10915;640;12445;12785;4.64;0.28;378.81;21.92;1530;41;4384.00;340
10919;35;620939438;10919;650;12446;12786;4.62;0.28;378.97;21.92;1527;41;4385.00;340
10920;35;620939456;10920;653;12448;12786;4.62;0.28;378.97;21.93;1528;41;4386.00;338
10921;35;620939475;10921;657;12450;12786;4.59;0.28;378.94;22.00;1529;41;4387.00;336
10924;35;620939492;10924;656;12451;12786;4.54;0.28;378.90;22.08;1527;41;4388.00;335
10928;35;620939509;10928;654;12454;12786;4.50;0.28;378.98;22.15;1526;41;4389.00;332
10929;35;620939527;10929;668;12456;12786;4.47;0.27;378.96;22.30;1527;41;4390.00;330
10931;35;620939545;10931;668;12456;12786;4.47;0.27;378.95;22.30;1525;41;4391.00;330
10931;35;620939564;10931;679;12487;12856;4.56;0.28;378.95;22.32;1556;41;4392.00;369
10932;35;620939594;10932;683;12493;12857;4.56;0.28;378.93;22.39;1561;41;4393.00;364
10934;35;620939612;10934;673;12500;12857;4.57;0.28;378.97;22.45;1566;41;4394.00;357
10936;35;620939630;10936;676;12504;12857;4.55;0.28;378.95;22.44;1568;41;4395.00;353
10939;35;620939648;10939;666;12509;12857;4.52;0.28;379.02;22.58;1570;41;4396.00;348
10942;35;620939668;10942;662;12513;12857;4.49;0.28;378.99;22.65;1571;41;4397.00;344
10946;35;620939686;10946;669;12516;12857;4.43;0.27;379.08;22.78;1570;41;4398.00;341
10948;35;620939708;10948;660;12519;12857;4.43;0.27;379.05;22.78;1571;41;4399.00;338
10952;35;620939741;10952;659;12523;12858;4.44;0.27;379.08;22.92;1571;41;4400.00;335
10954;35;620939768;10954;645;12525;12859;4.44;0.27;379.10;22.91;1571;41;4401.00;334
10961;35;620939788;10961;641;12529;12859;4.39;0.27;379.06;22.98;1568;41;4402.00;330
10961;35;620939808;10961;644;12534;12863;4.40;0.27;379.06;23.04;1573;41;4403.00;329
10964;35;620939828;10964;630;12535;12863;4.36;0.27;379.01;23.11;1571;41;4404.00;328
10966;35;620939847;10966;639;12537;12863;4.36;0.27;379.02;23.25;1571;41;4405.00;326
10969;35;620939865;10969;642;12537;12863;4.35;0.27;379.06;23.25;1568;41;4406.00;326
10972;35;620939883;10972;641;12542;12869;4.35;0.27;379.15;23.31;1570;41;4407.00;327
10974;35;620939903;10974;646;12542;12869;4.31;0.26;379.18;23.31;1568;41;4408.00;327
10977;35;620939921;10977;641;12542;12869;4.29;0.26;379.12;23.31;1565;41;4409.00;327
10981;35;620939943;10981;642;12546;12875;4.26;0.26;379.19;23.38;1565;41;4410.00;329
10984;35;620939962;10984;640;12546;12875;4.23;0.26;379.28;23.38;1562;41;4411.00;329
10988;35;620939981;10988;648;12547;12875;4.21;0.26;379.23;23.38;1559;41;4412.00;328
10992;35;620940000;10992;643;12549;12876;4.14;0.25;379.21;23.51;1557;41;4413.00;327
10994;35;620940035;10994;646;12550;12877;4.11;0.25;379.26;23.51;1556;41;4414.00;327
10996;35;620940063;10996;650;12550;12877;4.05;0.25;379.26;23.51;1554;41;4415.00;327
11002;35;620940081;11002;651;12561;12890;4.00;0.24;379.26;23.63;1559;41;4416.00;329
11003;35;620940101;11003;650;12562;12890;3.97;0.24;379.27;23.63;1559;41;4417.00;328
11005;35;620940118;11005;650;12562;12890;3.93;0.24;379.23;23.63;1557;41;4418.00;328
11008;35;620940137;11008;654;12564;12891;3.87;0.23;379.28;23.76;1556;41;4419.00;327
11012;35;620940158;11012;641;12565;12891;3.79;0.23;379.35;23.76;1553;41;4420.00;326
11017;35;620940178;11017;644;12570;12895;3.78;0.23;379.30;23.89;1553;41;4421.00;325
11018;35;620940199;11018;643;12570;12895;3.80;0.23;379.33;23.89;1552;41;4422.00;325
11023;35;620940218;11023;648;12572;12899;3.78;0.23;379.41;23.89;1549;41;4423.00;327
11025;35;620940236;11025;644;12572;12899;3.79;0.23;379.37;23.89;1547;41;4424.00;327
11029;35;620940255;11029;643;12572;12899;3.78;0.23;379.47;23.89;1543;41;4425.00;327
11034;35;620940277;11034;644;12573;12899;3.74;0.23;379.46;23.89;1539;41;4426.00;326
11035;35;620940295;11035;642;12575;12899;3.72;0.23;379.44;23.89;1540;41;4427.00;324
11039;35;620940315;11039;642;12584;12911;3.75;0.23;379.49;23.87;1545;41;4428.00;327
11041;35;620940334;11041;647;12584;12911;3.72;0.23;379.54;23.87;1543;41;4429.00;327
11043;35;620940350;11043;651;12585;12911;3.71;0.23;379.56;23.87;1542;41;4430.00;326
11047;35;620940367;11047;656;12586;12911;3.69;0.23;379.59;23.88;1539;41;4431.00;325
11049;35;620940385;11049;660;12589;12911;3.68;0.23;379.60;23.87;1540;41;4432.00;322
11053;35;620940402;11053;669;12589;12911;3.67;0.22;379.56;23.87;1536;41;4433.00;322
11057;35;620940418;11057;669;12589;12912;3.68;0.23;379.59;23.87;1532;41;4434.00;323
11063;35;620940434;11063;675;12589;12912;3.67;0.23;379.87;23.87;1526;41;4435.00;323
11066;35;620940450;11066;678;12594;12918;3.69;0.23;379.87;23.87;1528;41;4436.00;324
11069;35;620940467;11069;682;12594;12919;3.67;0.22;379.96;23.87;1525;41;4437.00;325
11073;35;620940485;11073;685;12594;12919;3.63;0.22;379.99;23.87;1521;41;4438.00;325
11078;35;620940501;11078;697;12594;12919;3.57;0.22;380.14;23.87;1516;41;4439.00;325
11080;35;620940520;11080;701;12598;12924;3.59;0.22;380.22;23.86;1518;41;4440.00;326
11084;35;620940536;11084;703;12599;12924;3.53;0.22;380.19;23.86;1515;41;4441.00;325
11091;35;620940553;11091;702;12599;12924;3.47;0.21;380.24;23.86;1508;41;4442.00;325
11095;35;620940569;11095;706;12600;12925;3.45;0.21;380.38;23.86;1505;41;4443.00;325
11100;35;620940585;11100;705;12603;12929;3.40;0.21;380.37;23.85;1503;41;4444.00;326
11105;35;620940602;11105;709;12603;12929;3.36;0.21;380.44;23.85;1498;41;4445.00;326
11109;35;620940617;11109;711;12604;12932;3.32;0.20;380.43;23.85;1495;41;4446.00;328
11112;35;620940633;11112;717;12604;12932;3.27;0.20;380.45;23.85;1492;41;4447.00;328
11113;35;620940648;11113;725;12605;12932;3.25;0.20;380.46;23.85;1492;41;4448.00;327
11116;35;620940662;11116;730;12606;12932;3.24;0.20;380.46;23.85;1490;41;4449.00;326
11119;35;620940678;11119;727;12609;12936;3.28;0.20;380.43;23.84;1490;41;4450.00;327
11121;35;620940697;11121;721;12609;12936;3.30;0.20;380.43;23.84;1488;41;4451.00;327
11126;35;620940716;11126;717;12609;12936;3.25;0.20;380.48;23.84;1483;41;4452.00;327
11130;35;620940742;11130;717;12611;12936;3.20;0.20;380.44;23.84;1481;41;4453.00;325
11137;35;620940767;11137;710;12611;12937;3.11;0.19;380.39;23.84;1474;41;4454.00;326
11142;35;620940792;11142;718;12614;12939;3.08;0.19;380.32;23.84;1472;41;4455.00;325
11149;35;620940815;11149;718;12614;12939;3.00;0.19;380.26;23.84;1465;41;4456.00;325
11151;35;620940839;11151;723;12615;12940;3.00;0.18;380.23;23.84;1464;41;4457.00;325
11159;35;620940863;11159;719;12616;12940;2.91;0.18;380.22;23.84;1457;41;4458.00;324
11160;35;620940888;11160;731;12617;12940;2.90;0.18;380.23;23.84;1457;41;4459.00;323
11161;35;620940907;11161;733;12617;12940;2.91;0.18;380.21;23.84;1456;41;4460.00;323
11163;35;620940930;11163;731;12618;12940;2.87;0.18;380.18;23.84;1455;41;4461.00;322
11165;35;620940948;11165;736;12619;12940;2.88;0.18;380.13;23.84;1454;41;4462.00;321
11169;35;620940965;11169;733;12619;12940;2.85;0.17;380.18;23.84;1450;41;4463.00;321
11169;35;620940982;11169;752;12684;13067;3.20;0.20;380.18;23.72;1515;41;4464.00;383
11170;35;620941010;11170;751;12686;13068;3.18;0.20;380.15;23.71;1516;41;4465.00;382
11172;35;620941027;11172;751;12696;13068;3.25;0.20;380.09;23.70;1524;41;4466.00;372
11174;35;620941044;11174;739;12699;13068;3.24;0.20;380.07;23.69;1525;41;4467.00;369
11180;35;620941062;11180;745;12704;13068;3.25;0.20;380.01;23.68;1524;41;4468.00;364
11180;35;620941082;11180;739;12707;13068;3.31;0.20;380.01;23.68;1527;41;4469.00;361
11183;35;620941103;11183;745;12711;13068;3.33;0.20;380.03;23.67;1528;41;4470.00;357
11183;35;620941121;11183;738;12714;13068;3.35;0.21;380.03;23.67;1531;41;4471.00;354
11184;35;620941140;11184;741;12717;13069;3.37;0.21;380.03;23.67;1533;41;4472.00;352
11184;35;620941161;11184;734;12720;13070;3.35;0.21;380.03;23.66;1536;41;4473.00;350
11184;35;620941179;11184;748;12723;13070;3.27;0.20;380.03;23.66;1539;41;4474.00;347
11184;35;620941197;11184;737;12724;13071;3.23;0.20;380.03;23.66;1540;41;4475.00;347
11186;35;620941223;11186;713;12726;13071;3.23;0.20;380.06;23.66;1540;41;4476.00;345
11188;35;620941242;11188;709;12727;13071;3.23;0.20;380.10;23.65;1539;41;4477.00;344
11190;35;620941268;11190;699;12730;13071;3.29;0.20;380.24;23.65;1540;41;4478.00;341
11190;35;620941288;11190;691;12735;13075;3.40;0.21;380.24;23.64;1545;41;4479.00;340
11191;35;620941314;11191;670;12735;13075;3.50;0.21;380.22;23.64;1544;41;4480.00;340
11191;35;620941341;11191;655;12736;13075;3.59;0.22;380.22;23.64;1545;41;4481.00;339
11193;35;620941369;11193;648;12738;13078;3.68;0.22;380.18;23.64;1545;41;4482.00;340
11193;35;620941390;11193;648;12739;13078;3.83;0.23;380.18;23.64;1546;41;4483.00;339
11193;35;620941410;11193;642;12739;13078;3.94;0.24;380.18;23.64;1546;41;4484.00;339
11193;35;620941437;11193;641;12744;13082;4.02;0.25;380.18;23.63;1551;41;4485.00;338
11193;35;620941458;11193;640;12745;13083;4.10;0.25;380.18;23.63;1552;41;4486.00;338
11194;35;620941486;11194;629;12747;13083;4.21;0.26;380.18;23.63;1553;41;4487.00;336
11195;35;620941507;11195;635;12750;13087;4.30;0.26;380.15;23.63;1555;41;4488.00;337
11196;35;620941529;11196;637;12752;13087;4.39;0.27;380.12;23.63;1556;41;4489.00;335
11197;35;620941550;11197;642;12753;13087;4.42;0.27;380.13;23.62;1556;41;4490.00;334
11199;35;620941570;11199;638;12754;13088;4.47;0.27;380.11;23.62;1555;41;4491.00;334
11199;35;620941592;11199;639;12754;13088;4.52;0.28;380.11;23.62;1555;41;4492.00;334
11201;35;620941612;11201;639;12759;13094;4.53;0.28;380.08;23.61;1558;41;4493.00;335
11203;35;620941635;11203;642;12759;13094;4.56;0.28;380.06;23.61;1556;41;4494.00;335
11204;35;620941657;11204;636;12759;13095;4.58;0.28;380.04;23.61;1555;41;4495.00;336
11205;35;620941677;11205;635;12759;13095;4.62;0.28;380.07;23.61;1554;41;4496.00;336
11207;35;620941697;11207;644;12759;13095;4.61;0.28;380.17;23.61;1552;41;4497.00;336
11209;35;620941719;11209;637;12759;13095;4.58;0.28;380.28;23.61;1550;41;4498.00;336
11209;35;620941742;11209;635;12759;13095;4.57;0.28;380.28;23.61;1550;41;4499.00;336
11211;35;620941765;11211;639;12786;13145;4.55;0.28;380.23;23.56;1575;41;4500.00;359
11214;35;620941793;11214;641;12787;13147;4.55;0.28;380.24;23.56;1573;41;4501.00;360
11216;35;620941814;11216;640;12789;13147;4.56;0.28;380.26;23.56;1573;41;4502.00;358
11218;35;620941832;11218;642;12789;13147;4.57;0.28;380.34;23.56;1571;41;4503.00;358
11222;35;620941857;11222;639;12791;13147;4.59;0.28;380.35;23.56;1569;41;4504.00;356
11225;35;620941875;11225;634;12792;13147;4.59;0.28;380.41;23.55;1567;41;4505.00;355
11228;35;620941894;11228;640;12795;13151;4.59;0.28;380.62;23.55;1567;41;4506.00;356
11231;35;620941912;11231;645;12797;13151;4.59;0.28;380.78;23.55;1566;41;4507.00;354
11233;35;620941929;11233;648;12800;13155;4.61;0.28;380.85;23.54;1567;41;4508.00;355
11235;35;620941947;11235;646;12801;13156;4.58;0.28;380.86;23.54;1566;41;4509.00;355
11240;35;620941964;11240;632;12801;13156;4.56;0.28;381.15;23.54;1561;41;4510.00;355
11241;35;620941981;11241;639;12802;13156;4.55;0.28;381.24;23.54;1561;41;4511.00;354
11245;35;620941998;11245;640;12812;13169;4.53;0.28;381.26;23.52;1567;41;4512.00;357
11246;35;620942017;11246;636;12813;13169;4.58;0.28;381.35;23.52;1567;41;4513.00;356
11248;35;620942034;11248;637;12813;13169;4.59;0.28;381.38;23.52;1565;41;4514.00;356
11250;35;620942052;11250;631;12814;13170;4.59;0.28;381.37;23.52;1564;41;4515.00;356
11251;35;620942069;11251;624;12814;13171;4.62;0.28;381.35;23.52;1563;41;4516.00;357
11254;35;620942086;11254;619;12815;13171;4.61;0.28;381.45;23.52;1561;41;4517.00;356
11255;35;620942104;11255;621;12818;13174;4.63;0.28;381.53;23.51;1563;41;4518.00;356
11259;35;620942121;11259;620;12820;13174;4.61;0.28;381.62;23.61;1561;41;4519.00;354
11262;35;620942139;11262;615;12820;13174;4.60;0.28;381.69;23.61;1558;41;4520.00;354
11265;35;620942156;11265;616;12820;13174;4.60;0.28;381.73;23.61;1555;41;4521.00;354
11267;35;620942173;11267;608;12822;13180;4.63;0.28;381.81;23.61;1555;41;4522.00;358
11269;35;620942191;11269;607;12824;13180;4.63;0.28;381.81;23.60;1555;41;4523.00;356
11270;35;620942208;11270;599;12825;13180;4.65;0.28;381.85;23.60;1555;41;4524.00;355
11272;35;620942225;11272;607;12826;13180;4.65;0.28;381.87;23.60;1554;41;4525.00;354
11272;35;620942242;11272;606;12829;13184;4.64;0.28;381.87;23.60;1557;41;4526.00;355
11277;35;620942260;11277;592;12830;13185;4.62;0.28;381.86;23.60;1553;41;4527.00;355
11285;35;620942278;11285;592;12830;13185;4.58;0.28;381.84;23.60;1545;41;4528.00;355
11286;35;620942296;11286;596;12832;13186;4.61;0.28;381.81;23.59;1546;41;4529.00;354
11286;35;620942315;11286;602;12832;13186;4.62;0.28;381.81;23.59;1546;41;4530.00;354
11289;35;620942332;11289;606;12833;13186;4.60;0.28;381.76;23.59;1544;41;4531.00;353
11290;35;620942349;11290;613;12833;13186;4.59;0.28;381.77;23.59;1543;41;4532.00;353
11293;35;620942367;11293;620;12833;13186;4.59;0.28;381.79;23.59;1540;41;4533.00;353
11295;35;620942384;11295;623;12833;13186;4.56;0.28;381.81;23.59;1538;41;4534.00;353
11299;35;620942401;11299;624;12834;13186;4.55;0.28;381.83;23.60;1535;41;4535.00;352
11302;35;620942418;11302;637;12867;13256;4.62;0.28;381.81;23.53;1565;41;4536.00;389
11307;35;620942440;11307;630;12869;13257;4.56;0.28;381.95;23.53;1562;41;4537.00;388
11311;35;620942457;11311;635;12874;13257;4.53;0.28;382.15;23.53;1563;41;4538.00;383
11311;35;620942475;11311;642;12875;13257;4.52;0.28;382.15;23.53;1564;41;4539.00;382
11315;35;620942492;11315;644;12877;13257;4.44;0.27;382.25;23.52;1562;41;4540.00;380
11318;35;620942509;11318;639;12880;13257;4.39;0.27;382.35;23.52;1562;41;4541.00;377
11319;35;620942526;11319;639;12881;13257;4.38;0.27;382.42;23.52;1562;41;4542.00;376
11321;36;620942542;11321;644;12887;13257;4.34;0.27;382.47;23.52;1566;42;4543.00;370
11325;36;620942567;11325;644;12887;13258;4.27;0.26;382.59;23.52;1562;42;4544.00;371
11325;36;620942585;11325;637;12891;13260;4.27;0.26;382.59;23.51;1566;42;4545.00;369
11330;36;620942602;11330;642;12892;13260;4.26;0.26;382.58;23.51;1562;42;4546.00;368
11334;36;620942618;11334;652;12895;13264;4.24;0.26;382.60;23.50;1561;42;4547.00;369
11335;36;620942635;11335;657;12896;13264;4.29;0.26;382.67;23.50;1561;42;4548.00;368
11337;36;620942652;11337;654;12896;13264;4.24;0.26;382.74;23.50;1559;42;4549.00;368
11342;36;620942669;11342;650;12899;13264;4.23;0.26;382.88;23.50;1557;42;4550.00;365
11344;36;620942685;11344;662;12903;13270;4.26;0.26;382.96;23.50;1559;42;4551.00;367
11345;36;620942702;11345;671;12905;13270;4.29;0.26;382.99;23.49;1560;42;4552.00;365
11346;36;620942724;11346;679;12906;13270;4.32;0.26;383.07;23.49;1560;42;4553.00;364
11349;36;620942750;11349;690;12907;13273;4.33;0.27;383.13;23.49;1558;42;4554.00;366
11355;36;620942788;11355;687;12908;13273;4.35;0.27;383.15;23.49;1553;42;4555.00;365
11357;36;620942813;11357;686;12908;13273;4.36;0.27;383.25;23.49;1551;42;4556.00;365
11360;36;620942840;11360;693;12908;13274;4.37;0.27;383.35;23.49;1548;42;4557.00;366
11362;36;620942861;11362;692;12909;13275;4.38;0.27;383.31;23.49;1547;42;4558.00;366
11365;36;620942880;11365;688;12909;13275;4.36;0.27;383.46;23.49;1544;42;4559.00;366
11366;36;620942909;11366;691;12926;13301;4.42;0.27;383.50;23.46;1560;42;4560.00;375
11370;36;620942929;11370;689;12926;13301;4.40;0.27;383.70;23.46;1556;42;4561.00;375
11371;36;620942951;11371;694;12928;13301;4.43;0.27;383.70;23.45;1557;42;4562.00;373
11374;36;620942970;11374;699;12929;13302;4.42;0.27;383.84;23.45;1555;42;4563.00;373
11377;36;620942989;11377;701;12929;13302;4.37;0.27;383.88;23.45;1552;42;4564.00;373
11378;36;620943007;11378;700;12932;13306;4.35;0.27;383.86;23.45;1554;42;4565.00;374
11381;36;620943026;11381;699;12932;13306;4.25;0.26;383.98;23.45;1551;42;4566.00;374
11385;36;620943044;11385;704;12934;13310;4.09;0.25;383.98;23.44;1549;42;4567.00;376
11386;36;620943062;11386;700;12934;13310;4.04;0.25;383.96;23.44;1548;42;4568.00;376
11388;36;620943078;11388;694;12934;13310;4.01;0.25;383.99;23.44;1546;42;4569.00;376
11390;36;620943096;11390;690;12934;13310;3.99;0.24;383.96;23.44;1544;42;4570.00;376
11393;36;620943113;11393;696;12934;13310;3.94;0.24;384.01;23.44;1541;42;4571.00;376
11397;36;620943129;11397;695;12942;13322;3.97;0.24;383.97;23.43;1545;42;4572.00;380
11399;36;620943147;11399;695;12942;13322;3.93;0.24;384.07;23.43;1543;42;4573.00;380
11400;36;620943163;11400;691;12942;13322;3.88;0.24;384.08;23.43;1542;42;4574.00;380
11401;36;620943179;11401;685;12943;13322;3.89;0.24;384.05;23.43;1542;42;4575.00;379
11404;36;620943196;11404;688;12943;13322;3.90;0.24;384.11;23.43;1539;42;4576.00;379
11406;36;620943212;11406;686;12943;13322;3.90;0.24;384.14;23.43;1537;42;4577.00;379
11409;36;620943228;11409;691;12943;13323;3.88;0.24;384.13;23.43;1534;42;4578.00;380
11411;36;620943244;11411;691;12943;13323;3.87;0.24;384.23;23.43;1532;42;4579.00;380
11412;36;620943260;11412;693;12947;13329;3.91;0.24;384.20;23.42;1535;42;4580.00;382
11416;36;620943278;11416;699;12947;13330;3.86;0.24;384.29;23.42;1531;42;4581.00;383
11419;36;620943294;11419;700;12947;13330;3.84;0.23;384.42;23.42;1528;42;4582.00;383
11422;36;620943309;11422;703;12947;13330;3.83;0.23;384.40;23.42;1525;42;4583.00;383
11423;36;620943325;11423;707;12950;13334;3.82;0.23;384.44;23.42;1527;42;4584.00;384
11424;36;620943341;11424;716;12952;13334;3.78;0.23;384.44;23.42;1528;42;4585.00;382
11425;36;620943357;11425;717;12952;13334;3.72;0.23;384.42;23.42;1527;42;4586.00;382
11430;36;620943372;11430;722;12953;13335;3.63;0.22;384.47;23.41;1523;42;4587.00;382
11433;36;620943387;11433;723;12954;13339;3.51;0.21;384.57;23.41;1521;42;4588.00;385
11435;36;620943404;11435;731;12954;13339;3.40;0.21;384.62;23.41;1519;42;4589.00;385
11438;36;620943421;11438;722;12957;13345;3.34;0.20;384.70;23.41;1519;42;4590.00;388
11444;36;620943437;11444;721;12957;13345;3.25;0.20;384.75;23.41;1513;42;4591.00;388
11446;36;620943453;11446;710;12957;13345;3.25;0.20;384.86;23.41;1511;42;4592.00;388
11450;36;620943468;11450;707;12957;13345;3.24;0.20;384.83;23.41;1507;42;4593.00;388
11455;36;620943484;11455;705;12960;13349;3.25;0.20;384.92;23.40;1505;42;4594.00;389
11457;36;620943502;11457;709;12960;13349;3.22;0.20;384.94;23.40;1503;42;4595.00;389
11460;36;620943518;11460;702;12960;13349;3.21;0.20;385.00;23.40;1500;42;4596.00;389
11462;36;620943534;11462;703;12960;13349;3.16;0.19;385.10;23.40;1498;42;4597.00;389
11465;36;620943550;11465;688;12960;13350;3.17;0.19;385.03;23.40;1495;42;4598.00;390
11470;36;620943567;11470;689;12960;13351;3.15;0.19;384.97;23.40;1490;42;4599.00;391
11472;36;620943585;11472;685;12960;13351;3.14;0.19;385.01;23.40;1488;42;4600.00;391
11474;36;620943605;11474;683;12961;13352;3.15;0.19;384.97;23.40;1487;42;4601.00;391
11475;36;620943620;11475;682;12961;13352;3.16;0.19;384.96;23.40;1486;42;4602.00;391
11479;36;620943634;11479;684;12961;13352;3.14;0.19;384.93;23.40;1482;42;4603.00;391
11481;36;620943650;11481;674;12961;13352;3.16;0.19;384.91;23.40;1480;42;4604.00;391
11489;36;620943665;11489;671;12961;13352;3.16;0.19;384.91;23.40;1472;42;4605.00;391
11495;36;620943680;11495;672;12961;13352;3.17;0.19;384.88;23.40;1466;42;4606.00;391
11499;36;620943696;11499;670;12961;13352;3.17;0.19;384.81;23.40;1462;42;4607.00;391
11504;36;620943710;11504;678;13017;13479;3.52;0.22;384.90;23.30;1513;42;4608.00;462
11513;36;620943742;11513;681;13021;13480;3.46;0.22;385.07;23.29;1508;42;4609.00;459
11515;36;620943758;11515;680;13028;13480;3.51;0.22;385.05;23.28;1513;42;4610.00;452
11518;36;620943774;11518;685;13032;13480;3.51;0.22;385.05;23.28;1514;42;4611.00;448
11522;36;620943790;11522;686;13035;13480;3.50;0.22;385.03;23.27;1513;42;4612.00;445
11524;36;620943806;11524;697;13037;13480;3.49;0.22;385.04;23.27;1513;42;4613.00;443
11530;36;620943822;11530;695;13039;13480;3.46;0.21;384.96;23.27;1509;42;4614.00;441
11534;36;620943841;11534;707;13041;13480;3.42;0.21;384.97;23.26;1507;42;4615.00;439
11540;36;620943857;11540;708;13042;13481;3.39;0.21;384.96;23.26;1502;42;4616.00;439
11545;36;620943874;11545;717;13043;13482;3.37;0.21;384.89;23.26;1498;42;4617.00;439
11547;36;620943890;11547;717;13044;13482;3.37;0.21;384.94;23.26;1497;42;4618.00;438
11549;36;620943906;11549;733;13048;13483;3.39;0.21;384.99;23.26;1499;42;4619.00;435
11551;36;620943925;11551;731;13049;13483;3.42;0.21;385.00;23.26;1498;42;4620.00;434
11553;36;620943942;11553;735;13050;13483;3.40;0.21;384.96;23.26;1497;42;4621.00;433
11555;36;620943958;11555;736;13053;13483;3.41;0.21;385.00;23.26;1498;42;4622.00;430
11558;36;620943974;11558;732;13055;13487;3.39;0.21;384.98;23.25;1497;42;4623.00;432
11559;36;620943991;11559;734;13059;13487;3.37;0.21;384.99;23.26;1500;42;4624.00;428
11560;36;620944008;11560;741;13061;13487;3.40;0.21;385.04;23.25;1501;42;4625.00;426
11563;36;620944023;11563;733;13063;13490;3.39;0.21;385.03;23.25;1500;42;4626.00;427
11569;36;620944040;11569;722;13065;13490;3.37;0.21;385.02;23.26;1496;42;4627.00;425
11571;36;620944056;11571;710;13066;13490;3.40;0.21;385.03;23.26;1495;42;4628.00;424
11573;36;620944073;11573;707;13068;13494;3.39;0.21;385.05;23.26;1495;42;4629.00;426
11577;36;620944090;11577;695;13071;13495;3.39;0.21;385.01;23.26;1494;42;4630.00;424
11582;36;620944107;11582;697;13072;13495;3.38;0.21;385.04;23.27;1490;42;4631.00;423
11583;36;620944129;11583;690;13076;13499;3.40;0.21;385.03;23.27;1493;42;4632.00;423
11586;37;620944147;11586;683;13079;13499;3.42;0.21;384.99;23.28;1493;43;4633.00;420
11588;37;620944173;11588;682;13079;13499;3.48;0.21;384.99;23.28;1491;43;4634.00;420
11591;37;620944190;11591;678;13079;13501;3.46;0.21;384.97;23.28;1488;43;4635.00;422
11595;37;620944213;11595;675;13081;13501;3.47;0.21;384.91;23.28;1486;43;4636.00;420
11599;37;620944229;11599;669;13086;13507;3.48;0.21;384.96;23.27;1487;43;4637.00;421
11603;37;620944260;11603;662;13088;13507;3.50;0.21;384.95;23.28;1485;43;4638.00;419
11606;37;620944276;11606;667;13089;13508;3.49;0.21;384.88;23.29;1483;43;4639.00;419
11608;38;620944297;11608;661;13091;13508;3.51;0.21;384.84;23.29;1483;44;4640.00;417
11608;38;620944323;11608;658;13092;13508;3.55;0.22;384.84;23.30;1484;44;4641.00;416
11609;38;620944338;11609;658;13092;13508;3.58;0.22;384.83;23.30;1483;44;4642.00;416
11612;38;620944356;11612;661;13094;13508;3.59;0.22;384.86;23.41;1482;44;4643.00;414
11614;38;620944372;11614;666;13101;13520;3.70;0.23;384.89;23.39;1487;44;4644.00;419
11615;38;620944389;11615;671;13103;13520;3.71;0.23;384.90;23.40;1488;44;4645.00;417
11616;38;620944404;11616;660;13105;13520;3.74;0.23;384.94;23.40;1489;44;4646.00;415
11621;38;620944421;11621;649;13106;13520;3.76;0.23;385.11;23.40;1485;44;4647.00;414
11625;38;620944437;11625;638;13107;13520;3.75;0.23;385.14;23.40;1482;44;4648.00;413
11626;38;620944454;11626;640;13107;13520;3.77;0.23;385.22;23.40;1481;44;4649.00;413
11627;38;620944471;11627;635;13112;13526;3.83;0.23;385.22;23.40;1485;44;4650.00;414
11633;38;620944492;11633;634;13113;13526;3.81;0.23;385.23;23.41;1480;44;4651.00;413
11635;38;620944509;11635;630;13117;13530;3.84;0.23;385.23;23.40;1482;44;4652.00;413
11635;38;620944526;11635;621;13118;13531;3.86;0.23;385.23;23.40;1483;44;4653.00;413
11635;38;620944543;11635;619;13119;13531;3.90;0.24;385.23;23.41;1484;44;4654.00;412
11638;38;620944558;11638;617;13120;13531;3.89;0.24;385.25;23.41;1482;44;4655.00;411
11640;38;620944574;11640;618;13130;13544;3.99;0.24;385.45;23.39;1490;44;4656.00;414
11641;38;620944591;11641;609;13133;13544;4.07;0.25;385.43;23.50;1492;44;4657.00;411
11643;38;620944608;11643;605;13133;13544;4.15;0.25;385.56;23.50;1490;44;4658.00;411
11645;38;620944625;11645;598;13136;13545;4.18;0.25;385.63;23.50;1491;44;4659.00;409
11648;38;620944643;11648;601;13136;13546;4.21;0.26;385.80;23.50;1488;44;4660.00;410
11650;38;620944660;11650;594;13138;13546;4.26;0.26;385.84;23.51;1488;44;4661.00;408
11652;38;620944677;11652;592;13139;13549;4.28;0.26;385.88;23.51;1487;44;4662.00;410
11653;38;620944694;11653;590;13141;13549;4.33;0.26;385.86;23.51;1488;44;4663.00;408
11656;38;620944710;11656;590;13142;13549;4.37;0.27;386.04;23.51;1486;44;4664.00;407
11660;38;620944728;11660;586;13143;13549;4.35;0.26;386.26;23.52;1483;44;4665.00;406
11660;38;620944754;11660;592;13147;13555;4.40;0.27;386.26;23.51;1487;44;4666.00;408
11663;38;620944785;11663;598;13149;13555;4.40;0.27;386.24;23.51;1486;44;4667.00;406
11665;38;620944812;11665;610;13149;13555;4.40;0.27;386.22;23.51;1484;44;4668.00;406
11669;38;620944838;11669;610;13150;13555;4.39;0.27;386.29;23.52;1481;44;4669.00;405
11671;38;620944859;11671;612;13151;13559;4.42;0.27;386.46;23.51;1480;44;4670.00;408
11673;38;620944877;11673;627;13152;13560;4.43;0.27;386.53;23.52;1479;44;4671.00;408
11677;38;620944896;11677;629;13152;13560;4.41;0.27;386.69;23.52;1475;44;4672.00;408
11679;38;620944914;11679;624;13156;13561;4.43;0.27;386.65;23.63;1477;44;4673.00;405
11683;38;620944932;11683;626;13156;13561;4.42;0.27;386.64;23.63;1473;44;4674.00;405
11686;38;620944951;11686;635;13156;13561;4.39;0.27;386.77;23.63;1470;44;4675.00;405
11689;38;620944968;11689;638;13158;13561;4.37;0.27;386.83;23.63;1469;44;4676.00;403
11691;38;620944986;11691;645;13158;13561;4.39;0.27;386.90;23.63;1467;44;4677.00;403
11693;38;620945004;11693;647;13158;13561;4.39;0.27;386.96;23.63;1465;44;4678.00;403
11694;38;620945023;11694;651;13159;13561;4.40;0.27;387.02;23.63;1465;44;4679.00;402
11697;38;620945041;11697;677;13218;13686;4.44;0.27;387.09;23.53;1521;44;4680.00;468
11699;38;620945070;11699;656;13219;13687;4.48;0.28;387.08;23.54;1520;44;4681.00;468
11700;38;620945087;11700;653;13223;13687;4.55;0.28;387.07;23.53;1523;44;4682.00;464
11703;38;620945106;11703;645;13226;13687;4.58;0.28;387.12;23.53;1523;44;4683.00;461
11706;38;620945125;11706;638;13228;13687;4.66;0.29;387.21;23.53;1522;44;4684.00;459
11708;38;620945143;11708;634;13230;13687;4.68;0.29;387.22;23.53;1522;44;4685.00;457
11713;38;620945161;11713;641;13233;13687;4.69;0.29;387.40;23.53;1520;44;4686.00;454
11717;38;620945179;11717;642;13235;13687;4.71;0.29;387.46;23.52;1518;44;4687.00;452
11717;38;620945197;11717;632;13237;13688;4.77;0.29;387.46;23.52;1520;44;4688.00;451
11718;38;620945215;11718;634;13242;13689;4.80;0.29;387.44;23.62;1524;44;4689.00;447
11721;38;620945234;11721;631;13244;13689;4.79;0.29;387.60;23.62;1523;44;4690.00;445
11725;38;620945251;11725;626;13245;13693;4.77;0.29;387.69;23.62;1520;44;4691.00;448
11731;38;620945270;11731;624;13245;13693;4.66;0.29;387.91;23.62;1514;44;4692.00;448
11735;38;620945288;11735;618;13245;13693;4.64;0.28;388.08;23.62;1510;44;4693.00;448
11742;38;620945306;11742;615;13247;13693;4.56;0.28;388.28;23.62;1505;44;4694.00;446
11743;38;620945324;11743;611;13250;13699;4.55;0.28;388.34;23.61;1507;44;4695.00;449
11746;38;620945350;11746;614;13253;13699;4.53;0.28;388.46;23.86;1507;45;4696.00;446
11749;38;620945379;11749;624;13254;13699;4.48;0.27;388.57;23.86;1505;45;4697.00;445
11750;38;620945397;11750;626;13255;13702;4.46;0.27;388.60;23.86;1505;45;4698.00;447
11754;38;620945413;11754;620;13255;13702;4.42;0.27;388.67;23.86;1501;46;4699.00;447
11758;38;620945438;11758;627;13255;13702;4.41;0.27;388.73;23.86;1497;46;4700.00;447
11762;38;620945460;11762;625;13255;13703;4.38;0.27;388.84;23.86;1493;46;4701.00;448
11768;38;620945478;11768;628;13256;13704;4.39;0.27;388.84;23.86;1488;46;4702.00;448
11771;38;620945497;11771;621;13257;13704;4.37;0.27;388.88;23.96;1486;46;4703.00;447
11775;38;620945515;11775;615;13266;13717;4.39;0.27;388.87;23.95;1491;46;4704.00;451
11779;38;620945533;11779;614;13266;13717;4.41;0.27;388.90;23.95;1487;46;4705.00;451
11781;38;620945552;11781;608;13266;13717;4.43;0.27;389.06;23.95;1485;46;4706.00;451
11784;38;620945570;11784;612;13266;13718;4.41;0.27;389.12;23.95;1482;46;4707.00;452
11787;38;620945589;11787;615;13267;13718;4.41;0.27;389.20;23.94;1480;46;4708.00;451
11789;38;620945607;11789;612;13269;13722;4.43;0.27;389.23;23.94;1480;46;4709.00;453
11792;38;620945626;11792;615;13269;13722;4.39;0.27;389.44;23.94;1477;46;4710.00;453
11796;38;620945644;11796;616;13272;13726;4.36;0.26;389.54;23.94;1476;46;4711.00;454
11799;38;620945663;11799;607;13272;13726;4.37;0.26;389.78;23.94;1473;46;4712.00;454
11800;38;620945681;11800;614;13274;13726;4.40;0.27;389.82;23.94;1474;46;4713.00;452
11804;38;620945698;11804;608;13274;13726;4.40;0.27;389.95;23.94;1470;46;4714.00;452
11806;38;620945716;11806;607;13274;13726;4.39;0.27;389.97;23.94;1468;46;4715.00;452
11807;38;620945736;11807;604;13283;13738;4.46;0.27;390.02;23.92;1476;46;4716.00;455
11809;38;620945755;11809;604;13283;13738;4.44;0.27;390.10;23.92;1474;46;4717.00;455
11812;38;620945772;11812;605;13283;13738;4.38;0.27;390.12;23.92;1471;46;4718.00;455
11815;38;620945789;11815;604;13283;13738;4.33;0.26;390.31;23.92;1468;46;4719.00;455
11820;38;620945805;11820;614;13283;13738;4.25;0.26;390.48;23.92;1463;46;4720.00;455
11821;38;620945820;11821;623;13283;13738;4.20;0.26;390.51;23.92;1462;46;4721.00;455
11824;38;620945836;11824;629;13283;13739;4.13;0.25;390.62;23.92;1459;46;4722.00;456
11825;38;620945852;11825;636;13283;13739;4.13;0.25;390.66;23.92;1458;46;4723.00;456
11828;38;620945866;11828;641;13287;13745;4.17;0.25;390.76;23.92;1459;46;4724.00;458
11829;38;620945882;11829;643;13288;13747;4.16;0.25;390.79;24.00;1459;46;4725.00;459
11834;38;620945898;11834;644;13288;13747;4.15;0.25;390.85;24.00;1454;46;4726.00;459
11838;38;620945913;11838;652;13288;13747;4.14;0.25;390.94;24.00;1450;46;4727.00;459
11840;38;620945929;11840;652;13291;13751;4.19;0.25;390.99;24.00;1451;46;4728.00;460
11842;38;620945944;11842;659;13292;13751;4.17;0.25;391.04;24.08;1450;46;4729.00;459
11844;38;620945959;11844;670;13292;13751;4.15;0.25;391.09;24.08;1448;46;4730.00;459
11848;38;620945974;11848;682;13293;13752;4.08;0.25;391.19;24.08;1445;46;4731.00;459
11853;38;620945988;11853;683;13294;13756;4.04;0.25;391.23;24.08;1441;46;4732.00;462
11854;38;620946003;11854;691;13294;13756;3.97;0.24;391.21;24.08;1440;46;4733.00;462
11856;38;620946018;11856;694;13295;13759;3.91;0.24;391.27;24.08;1439;46;4734.00;464
11859;38;620946033;11859;704;13295;13759;3.85;0.24;391.40;24.08;1436;46;4735.00;464
11860;38;620946047;11860;706;13295;13759;3.84;0.23;391.43;24.08;1435;46;4736.00;464
11861;38;620946062;11861;704;13295;13759;3.79;0.23;391.50;24.08;1434;46;4737.00;464
11865;38;620946076;11865;704;13298;13763;3.79;0.23;391.50;24.07;1433;46;4738.00;465
11865;38;620946091;11865;703;13298;13763;3.79;0.23;391.50;24.07;1433;46;4739.00;465
11868;38;620946107;11868;696;13298;13763;3.77;0.23;391.65;24.07;1430;46;4740.00;465
11870;38;620946122;11870;691;13298;13763;3.77;0.23;391.69;24.07;1428;46;4741.00;465
11870;38;620946144;11870;683;13298;13764;3.76;0.23;391.69;24.07;1428;46;4742.00;466
11874;38;620946157;11874;686;13298;13765;3.72;0.23;391.70;24.07;1424;46;4743.00;467
11877;38;620946172;11877;686;13298;13765;3.69;0.22;391.69;24.07;1421;46;4744.00;467
11879;38;620946186;11879;685;13299;13766;3.71;0.23;391.69;24.07;1420;46;4745.00;467
11882;38;620946202;11882;685;13299;13766;3.69;0.23;391.71;24.07;1417;46;4746.00;467
11885;38;620946218;11885;680;13299;13766;3.69;0.22;391.72;24.07;1414;46;4747.00;467
11886;38;620946233;11886;676;13299;13766;3.72;0.23;391.77;24.07;1413;46;4748.00;467
11888;38;620946248;11888;676;13299;13766;3.74;0.23;391.86;24.07;1411;46;4749.00;467
11889;38;620946263;11889;676;13299;13766;3.76;0.23;391.87;24.07;1410;46;4750.00;467
11890;38;620946277;11890;674;13299;13766;3.78;0.23;391.84;24.07;1409;46;4751.00;467
11896;38;620946291;11896;687;13359;13893;4.04;0.25;391.81;23.96;1463;46;4752.00;534
11899;38;620946319;11899;681;13363;13894;4.04;0.25;391.83;23.95;1464;46;4753.00;531
11902;38;620946334;11902;680;13369;13894;4.04;0.25;391.75;23.94;1467;46;4754.00;525
11910;38;620946349;11910;689;13373;13894;3.97;0.25;391.73;23.95;1463;46;4755.00;521
11911;38;620946366;11911;685;13377;13894;3.94;0.24;391.76;23.95;1466;46;4756.00;517
11917;38;620946381;11917;690;13378;13894;3.82;0.24;391.74;23.95;1461;46;4757.00;516
11921;38;620946397;11921;697;13380;13894;3.75;0.23;391.69;23.94;1459;46;4758.00;514
11922;38;620946412;11922;701;13383;13894;3.76;0.23;391.66;23.94;1461;46;4759.00;511
11925;38;620946432;11925;680;13384;13895;3.69;0.23;391.65;23.94;1459;46;4760.00;511
11929;38;620946447;11929;694;13385;13896;3.65;0.22;391.73;23.94;1456;46;4761.00;511
11931;38;620946462;11931;691;13387;13896;3.63;0.22;391.71;23.93;1456;46;4762.00;509
11933;38;620946477;11933;689;13389;13897;3.62;0.22;391.72;23.93;1456;46;4763.00;508
11935;38;620946492;11935;703;13391;13897;3.59;0.22;391.79;23.93;1456;46;4764.00;506
11938;38;620946508;11938;701;13392;13897;3.54;0.22;391.75;23.93;1454;46;4765.00;505
11941;38;620946523;11941;702;13392;13897;3.50;0.22;391.76;23.93;1451;46;4766.00;505
11943;38;620946538;11943;701;13395;13901;3.44;0.21;391.77;23.92;1452;46;4767.00;506
11944;38;620946554;11944;699;13395;13901;3.40;0.21;391.77;23.92;1451;46;4768.00;506
11946;38;620946568;11946;698;13395;13901;3.33;0.21;391.77;23.92;1449;46;4769.00;506
11947;38;620946585;11947;686;13397;13907;3.33;0.21;391.76;23.92;1450;46;4770.00;510
11949;38;620946601;11949;685;13398;13907;3.29;0.20;391.72;23.92;1449;46;4771.00;509
11951;38;620946616;11951;689;13398;13907;3.25;0.20;391.69;23.92;1447;46;4772.00;509
11954;38;620946631;11954;689;13399;13911;3.24;0.20;391.65;23.92;1445;46;4773.00;512
11959;38;620946647;11959;695;13400;13912;3.21;0.20;391.60;23.92;1441;46;4774.00;512
11961;38;620946663;11961;685;13400;13912;3.24;0.20;391.55;23.92;1439;46;4775.00;512
11967;38;620946678;11967;690;13402;13916;3.29;0.20;391.44;23.91;1435;46;4776.00;514
11969;38;620946694;11969;691;13403;13916;3.34;0.21;391.43;23.91;1434;46;4777.00;513
11971;38;620946709;11971;701;13403;13916;3.37;0.21;391.46;23.91;1432;46;4778.00;513
11975;38;620946724;11975;678;13403;13917;3.40;0.21;391.48;23.91;1428;46;4779.00;514
11978;38;620946746;11978;673;13403;13917;3.43;0.21;391.51;23.91;1425;46;4780.00;514
11982;38;620946776;11982;662;13407;13923;3.46;0.21;391.42;23.90;1425;46;4781.00;516
11985;38;620946800;11985;650;13407;13923;3.46;0.21;391.42;23.90;1422;46;4782.00;516
11987;38;620946823;11987;637;13407;13924;3.50;0.21;391.42;23.90;1420;46;4783.00;517
11988;39;620946845;11988;631;13407;13924;3.56;0.22;391.42;23.90;1419;47;4784.00;517
11993;39;620946874;11993;633;13407;13924;3.57;0.22;391.39;23.90;1414;47;4785.00;517
11997;39;620946897;11997;637;13407;13924;3.58;0.22;391.34;23.90;1410;47;4786.00;517
12001;39;620946913;12001;643;13407;13924;3.62;0.22;391.56;23.90;1406;47;4787.00;517
12005;39;620946929;12005;636;13415;13936;3.69;0.23;391.51;23.90;1410;47;4788.00;521
12009;39;620946947;12009;632;13415;13936;3.72;0.23;391.62;23.90;1406;47;4789.00;521
12010;39;620946963;12010;640;13416;13936;3.77;0.23;391.60;23.90;1406;47;4790.00;520
12013;39;620946979;12013;635;13417;13936;3.81;0.23;391.66;23.91;1404;47;4791.00;519
12015;39;620946995;12015;634;13418;13936;3.85;0.23;391.71;24.01;1403;47;4792.00;518
12017;39;620947018;12017;632;13418;13936;3.88;0.24;391.69;24.01;1401;47;4793.00;518
12019;39;620947033;12019;629;13420;13940;3.89;0.24;391.66;24.02;1401;47;4794.00;520
12022;39;620947049;12022;633;13420;13940;3.89;0.24;391.69;24.02;1398;47;4795.00;520
12024;39;620947065;12024;627;13424;13944;3.92;0.24;391.73;24.02;1400;47;4796.00;520
12028;39;620947081;12028;625;13425;13945;3.89;0.24;391.86;24.03;1397;47;4797.00;520
12030;39;620947097;12030;627;13425;13945;3.89;0.24;391.84;24.03;1395;47;4798.00;520
12033;39;620947111;12033;625;13425;13945;3.89;0.24;391.83;24.03;1392;47;4799.00;520
12034;39;620947129;12034;633;13448;13986;4.00;0.24;391.83;23.99;1414;47;4800.00;538
12038;39;620947153;12038;629;13450;13986;4.00;0.24;391.91;24.01;1412;47;4801.00;536
12042;39;620947168;12042;631;13451;13986;3.99;0.24;391.89;24.01;1409;47;4802.00;535
12043;39;620947184;12043;638;13453;13987;4.03;0.25;391.87;24.01;1410;47;4803.00;534
12047;39;620947199;12047;635;13455;13988;4.00;0.24;391.82;24.02;1408;47;4804.00;533
12049;39;620947214;12049;636;13457;13988;4.01;0.24;391.90;24.04;1408;47;4805.00;531
12051;39;620947230;12051;640;13461;13991;4.03;0.25;392.03;24.04;1410;47;4806.00;530
12052;39;620947245;12052;624;13461;13991;4.04;0.25;392.12;24.04;1409;47;4807.00;530
12055;39;620947261;12055;623;13464;13991;4.06;0.25;392.13;24.06;1409;47;4808.00;527
12059;39;620947278;12059;627;13464;13991;4.07;0.25;392.24;24.06;1405;47;4809.00;527
12061;39;620947294;12061;631;13471;13997;4.08;0.25;392.30;24.07;1410;47;4810.00;526
12065;39;620947311;12065;637;13472;13997;4.07;0.25;392.35;24.08;1407;47;4811.00;525
12068;39;620947326;12068;643;13474;13997;4.13;0.25;392.36;24.09;1406;47;4812.00;523
12070;39;620947342;12070;655;13474;13997;4.14;0.25;392.39;24.09;1404;47;4813.00;523
12075;39;620947358;12075;650;13476;14001;4.10;0.25;392.44;24.09;1401;47;4814.00;525
12077;39;620947374;12077;650;13478;14003;4.14;0.25;392.50;24.10;1401;47;4815.00;525
12081;39;620947390;12081;647;13480;14003;4.16;0.25;392.55;24.12;1399;47;4816.00;523
12082;39;620947406;12082;634;13482;14004;4.21;0.26;392.55;24.22;1400;47;4817.00;522
12085;39;620947422;12085;632;13484;14004;4.21;0.26;392.53;24.24;1399;47;4818.00;520
12087;39;620947443;12087;619;13484;14004;4.25;0.26;392.57;24.24;1397;47;4819.00;520
12091;39;620947459;12091;614;13484;14004;4.27;0.26;392.63;24.24;1393;47;4820.00;520
12093;39;620947475;12093;619;13485;14004;4.32;0.26;392.63;24.24;1392;47;4821.00;519
12096;39;620947492;12096;623;13485;14004;4.35;0.26;392.69;24.24;1389;47;4822.00;519
12099;39;620947508;12099;620;13486;14004;4.43;0.27;392.74;24.25;1387;47;4823.00;518
12101;39;620947523;12101;626;13524;14074;4.55;0.28;392.84;24.18;1423;47;4824.00;550
12102;39;620947545;12102;625;13525;14075;4.55;0.28;392.88;24.18;1423;47;4825.00;550
12104;39;620947561;12104;636;13529;14075;4.58;0.28;392.95;24.17;1425;47;4826.00;546
12107;39;620947577;12107;622;13531;14075;4.59;0.28;393.01;24.17;1424;47;4827.00;544
12109;39;620947594;12109;624;13534;14077;4.63;0.28;393.01;24.17;1425;47;4828.00;543
12112;39;620947612;12112;619;13535;14077;4.67;0.28;393.16;24.17;1423;47;4829.00;542
12115;39;620947631;12115;614;13538;14077;4.69;0.28;393.15;24.17;1423;47;4830.00;539
12116;39;620947654;12116;614;13542;14077;4.68;0.28;393.17;24.18;1426;47;4831.00;535
12117;39;620947671;12117;603;13543;14078;4.67;0.28;393.17;24.18;1426;47;4832.00;535
12119;39;620947688;12119;608;13545;14079;4.63;0.28;393.20;24.18;1426;47;4833.00;534
12121;39;620947704;12121;615;13547;14079;4.62;0.28;393.28;24.18;1426;47;4834.00;532
12125;39;620947721;12125;620;13549;14083;4.59;0.28;393.40;24.19;1424;47;4835.00;534
12127;39;620947741;12127;624;13549;14083;4.66;0.28;393.50;24.19;1422;47;4836.00;534
12131;39;620947758;12131;632;13550;14083;4.70;0.28;393.61;24.19;1419;47;4837.00;533
12132;39;620947774;12132;634;13550;14083;4.75;0.29;393.62;24.19;1418;47;4838.00;533
12133;39;620947791;12133;627;13555;14089;4.78;0.29;393.65;24.19;1422;47;4839.00;534
12136;39;620947808;12136;626;13555;14089;4.80;0.29;393.66;24.19;1419;47;4840.00;534
12137;39;620947823;12137;622;13556;14089;4.82;0.29;393.70;24.20;1419;47;4841.00;533
12138;39;620947839;12138;618;13557;14092;4.87;0.30;393.74;24.20;1419;47;4842.00;535
12144;40;620947856;12144;625;13558;14092;4.83;0.29;393.79;24.21;1414;48;4843.00;534
12145;40;620947884;12145;621;13558;14092;4.86;0.29;393.82;24.21;1413;48;4844.00;534
12149;40;620947904;12149;617;13559;14093;4.84;0.29;394.01;24.22;1410;48;4845.00;534
12151;40;620947920;12151;626;13560;14094;4.88;0.30;394.11;24.22;1409;48;4846.00;534
12153;40;620947936;12153;622;13561;14094;4.88;0.30;394.22;24.23;1408;48;4847.00;533
12155;40;620947952;12155;624;13571;14107;4.89;0.30;394.26;24.21;1416;48;4848.00;536
12156;40;620947974;12156;626;13572;14107;4.88;0.30;394.23;24.22;1416;48;4849.00;535
12158;40;620947989;12158;618;13573;14107;4.89;0.30;394.30;24.23;1415;48;4850.00;534
12160;40;620948006;12160;608;13573;14108;4.88;0.30;394.37;24.23;1413;48;4851.00;535
12160;40;620948022;12160;604;13574;14108;4.90;0.30;394.37;24.24;1414;48;4852.00;534
12162;40;620948038;12162;590;13577;14112;4.94;0.30;394.36;24.24;1415;48;4853.00;535
12162;40;620948054;12162;583;13577;14112;4.98;0.30;394.36;24.24;1415;48;4854.00;535
12162;40;620948079;12162;576;13578;14116;5.03;0.31;394.36;24.23;1416;48;4855.00;538
12164;40;620948101;12164;566;13579;14116;5.06;0.31;394.42;24.24;1415;48;4856.00;537
12167;40;620948123;12167;558;13580;14116;5.06;0.31;394.42;24.25;1413;48;4857.00;536
12170;40;620948139;12170;553;13580;14116;5.06;0.31;394.43;24.25;1410;48;4858.00;536
12173;40;620948155;12173;545;13580;14116;5.04;0.31;394.43;24.25;1407;48;4859.00;536
12177;40;620948172;12177;540;13596;14150;5.11;0.31;394.49;24.24;1419;48;4860.00;554
12180;40;620948190;12180;536;13596;14150;5.10;0.31;394.52;24.24;1416;48;4861.00;554
12183;40;620948205;12183;525;13599;14150;5.13;0.32;394.53;24.23;1416;48;4862.00;551
12186;40;620948221;12186;512;13599;14150;5.15;0.32;394.54;24.23;1413;48;4863.00;551
12190;40;620948237;12190;512;13601;14150;5.17;0.32;394.59;24.23;1411;48;4864.00;549
12194;40;620948253;12194;513;13601;14150;5.17;0.32;394.65;24.23;1407;48;4865.00;549
12200;40;620948269;12200;513;13601;14151;5.12;0.31;394.76;24.23;1401;48;4866.00;550
12205;40;620948285;12205;513;13601;14151;5.09;0.31;394.93;24.23;1396;48;4867.00;550
12209;41;620948301;12209;512;13605;14157;5.07;0.31;394.97;24.22;1396;49;4868.00;552
12212;41;620948335;12212;505;13605;14158;5.05;0.31;394.94;24.22;1393;49;4869.00;553
12216;41;620948352;12216;505;13605;14158;4.99;0.31;394.98;24.22;1389;49;4870.00;553
12221;41;620948367;12221;508;13605;14158;4.89;0.30;395.03;24.22;1384;49;4871.00;553
12224;41;620948382;12224;506;13608;14162;4.88;0.30;395.13;24.22;1384;49;4872.00;554
12225;41;620948405;12225;503;13608;14162;4.88;0.30;395.17;24.22;1383;49;4873.00;554
12230;41;620948423;12230;511;13608;14162;4.83;0.30;395.36;24.22;1378;49;4874.00;554
12232;41;620948440;12232;510;13610;14163;4.87;0.30;395.39;24.21;1378;49;4875.00;553
12236;41;620948458;12236;514;13611;14167;4.86;0.30;395.49;24.21;1375;49;4876.00;556
12241;41;620948476;12241;513;13611;14167;4.86;0.30;395.41;24.21;1370;49;4877.00;556
12246;41;620948494;12246;523;13613;14170;4.83;0.29;395.53;24.21;1367;49;4878.00;557
12251;41;620948512;12251;522;13613;14170;4.82;0.29;395.56;24.21;1362;49;4879.00;557
12254;41;620948530;12254;519;13613;14170;4.82;0.29;395.54;24.21;1359;49;4880.00;557
12255;41;620948547;12255;526;13613;14170;4.81;0.29;395.54;24.21;1358;49;4881.00;557
12257;41;620948564;12257;521;13616;14174;4.80;0.29;395.64;24.20;1359;49;4882.00;558
12261;41;620948582;12261;525;13616;14174;4.79;0.29;395.78;24.20;1355;49;4883.00;558
12264;41;620948600;12264;521;13616;14174;4.77;0.29;395.93;24.20;1352;49;4884.00;558
12266;41;620948618;12266;530;13616;14174;4.77;0.29;396.04;24.20;1350;49;4885.00;558
12270;41;620948635;12270;540;13616;14175;4.72;0.29;396.11;24.20;1346;49;4886.00;559
12274;41;620948658;12274;540;13616;14176;4.65;0.28;396.25;24.20;1342;49;4887.00;560
12278;41;620948675;12278;548;13616;14176;4.56;0.28;396.33;24.20;1338;49;4888.00;560
12278;41;620948693;12278;554;13617;14177;4.53;0.28;396.33;24.20;1339;49;4889.00;560
12279;41;620948712;12279;559;13617;14177;4.49;0.27;396.35;24.20;1338;49;4890.00;560
12280;41;620948727;12280;562;13617;14177;4.44;0.27;396.38;24.20;1337;49;4891.00;560
12282;41;620948747;12282;569;13617;14177;4.36;0.27;396.42;24.20;1335;49;4892.00;560
12285;41;620948774;12285;575;13617;14177;4.31;0.26;396.46;24.20;1332;49;4893.00;560
12288;41;620948808;12288;576;13617;14177;4.27;0.26;396.50;24.20;1329;49;4894.00;560
12290;41;620948831;12290;585;13617;14177;4.24;0.26;396.55;24.20;1327;49;4895.00;560
12293;41;620948852;12293;602;13674;14304;4.51;0.28;396.54;24.10;1381;49;4896.00;630
12294;41;620948881;12294;606;13678;14305;4.48;0.28;396.63;24.09;1384;49;4897.00;627
12297;41;620948898;12297;607;13683;14305;4.48;0.28;396.68;24.09;1386;49;4898.00;622
12300;41;620948915;12300;603;13687;14305;4.46;0.28;396.72;24.08;1387;49;4899.00;618
12302;41;620948933;12302;605;13691;14305;4.47;0.28;396.75;24.07;1389;49;4900.00;614
12305;41;620948955;12305;606;13695;14305;4.46;0.28;396.80;24.07;1390;49;4901.00;610
12308;41;620948972;12308;601;13697;14305;4.45;0.27;396.83;24.07;1389;49;4902.00;608
12309;41;620948988;12309;603;13699;14305;4.44;0.27;396.80;24.06;1390;49;4903.00;606
12311;41;620949004;12311;610;13700;14306;4.42;0.27;396.80;24.06;1389;49;4904.00;606
12312;41;620949019;12312;614;13701;14308;4.37;0.27;396.78;24.06;1389;49;4905.00;607
12315;41;620949034;12315;611;13703;14308;4.30;0.27;396.71;24.06;1388;49;4906.00;605
12317;41;620949048;12317;614;13704;14309;4.25;0.26;396.77;24.06;1387;49;4907.00;605
12321;41;620949062;12321;618;13705;14309;4.19;0.26;396.78;24.06;1384;49;4908.00;604
12323;41;620949079;12323;613;13707;14309;4.15;0.26;396.74;24.06;1384;49;4909.00;602
12323;41;620949095;12323;619;13707;14309;4.13;0.26;396.74;24.06;1384;49;4910.00;602
12328;41;620949110;12328;617;13710;14313;4.08;0.25;396.61;24.05;1382;49;4911.00;603
12330;41;620949125;12330;617;13711;14313;4.05;0.25;396.63;24.05;1381;49;4912.00;602
12333;41;620949140;12333;616;13711;14313;4.02;0.25;396.59;24.05;1378;49;4913.00;602
12333;41;620949155;12333;620;13712;14316;4.04;0.25;396.59;24.05;1379;49;4914.00;604
12337;41;620949169;12337;620;13712;14316;3.99;0.25;396.64;24.05;1375;49;4915.00;604
12340;41;620949183;12340;623;13712;14316;3.96;0.24;396.57;24.05;1372;49;4916.00;604
12341;41;620949198;12341;625;13713;14320;4.00;0.25;396.56;24.05;1372;49;4917.00;607
12341;41;620949212;12341;624;13714;14321;4.03;0.25;396.56;24.04;1373;49;4918.00;607
12343;41;620949226;12343;626;13714;14321;4.05;0.25;396.56;24.04;1371;49;4919.00;607
12344;41;620949241;12344;630;13718;14326;4.10;0.25;396.60;24.04;1374;49;4920.00;608
12346;41;620949256;12346;630;13718;14326;4.04;0.25;396.55;24.04;1372;49;4921.00;608
12350;41;620949270;12350;635;13718;14326;3.95;0.24;396.46;24.04;1368;49;4922.00;608
12351;41;620949284;12351;647;13718;14327;3.87;0.24;396.47;24.04;1367;49;4923.00;609
12351;41;620949297;12351;649;13718;14327;3.82;0.23;396.47;24.04;1367;49;4924.00;609
12355;41;620949314;12355;649;13723;14333;3.74;0.23;396.41;24.04;1368;49;4925.00;610
12356;41;620949329;12356;653;13724;14333;3.66;0.22;396.38;24.06;1368;49;4926.00;609
12359;41;620949344;12359;656;13724;14334;3.58;0.22;396.34;24.06;1365;49;4927.00;610
12363;41;620949358;12363;659;13724;14334;3.46;0.21;396.31;24.06;1361;49;4928.00;610
12363;41;620949372;12363;666;13724;14334;3.38;0.21;396.31;24.06;1361;49;4929.00;610
12367;41;620949385;12367;652;13724;14334;3.29;0.20;396.30;24.06;1357;49;4930.00;610
12371;41;620949399;12371;648;13724;14334;3.22;0.20;396.30;24.06;1353;49;4931.00;610
12371;41;620949413;12371;641;13732;14346;3.32;0.20;396.30;24.04;1361;49;4932.00;614
12374;41;620949428;12374;634;13732;14346;3.34;0.20;396.28;24.04;1358;49;4933.00;614
12374;41;620949443;12374;625;13732;14346;3.40;0.21;396.28;24.04;1358;49;4934.00;614
12376;41;620949457;12376;616;13732;14346;3.42;0.21;396.25;24.04;1356;49;4935.00;614
12378;41;620949473;12378;619;13732;14346;3.49;0.21;396.21;24.04;1354;49;4936.00;614
12382;41;620949489;12382;605;13732;14346;3.52;0.21;396.26;24.04;1350;49;4937.00;614
12385;41;620949511;12385;590;13733;14350;3.59;0.22;396.22;24.04;1348;49;4938.00;617
12386;41;620949527;12386;579;13733;14350;3.67;0.22;396.25;24.04;1347;49;4939.00;617
12389;41;620949542;12389;558;13736;14354;3.75;0.23;396.24;24.04;1347;49;4940.00;618
12390;41;620949558;12390;550;13736;14355;3.81;0.23;396.24;24.04;1346;49;4941.00;619
12391;41;620949574;12391;550;13736;14355;3.87;0.23;396.26;24.04;1345;49;4942.00;619
12394;41;620949589;12394;541;13736;14355;3.92;0.24;396.30;24.04;1342;49;4943.00;619
12395;41;620949605;12395;541;13746;14368;4.09;0.25;396.30;24.02;1351;49;4944.00;622
12401;41;620949622;12401;535;13746;14368;4.08;0.25;396.23;24.02;1345;49;4945.00;622
12403;41;620949648;12403;527;13746;14368;4.11;0.25;396.22;24.02;1343;49;4946.00;622
12405;41;620949664;12405;524;13747;14369;4.16;0.25;396.26;24.02;1342;49;4947.00;622
12407;41;620949692;12407;518;13747;14370;4.24;0.26;396.25;24.02;1340;49;4948.00;623
12409;41;620949707;12409;510;13747;14370;4.29;0.26;396.23;24.02;1338;49;4949.00;623
12410;41;620949724;12410;501;13751;14379;4.43;0.27;396.23;24.01;1341;49;4950.00;628
12411;41;620949743;12411;489;13751;14379;4.53;0.27;396.24;24.01;1340;49;4951.00;628
12413;41;620949759;12413;482;13752;14379;4.59;0.28;396.20;24.01;1339;49;4952.00;627
12416;41;620949775;12416;481;13752;14379;4.61;0.28;396.32;24.01;1336;49;4953.00;627
12424;41;620949791;12424;474;13756;14385;4.63;0.28;396.42;24.00;1332;49;4954.00;629
12425;41;620949807;12425;468;13756;14385;4.65;0.28;396.43;24.00;1331;49;4955.00;629
12430;41;620949827;12430;469;13758;14385;4.64;0.28;396.55;24.01;1328;49;4956.00;627
12432;41;620949842;12432;479;13758;14385;4.64;0.28;396.55;24.01;1326;49;4957.00;627
12437;41;620949857;12437;475;13759;14389;4.61;0.28;396.60;24.01;1322;49;4958.00;630
12439;41;620949872;12439;475;13760;14390;4.63;0.28;396.68;24.03;1321;49;4959.00;630
12444;41;620949887;12444;470;13761;14390;4.61;0.28;396.68;24.04;1317;49;4960.00;629
12448;41;620949901;12448;472;13764;14391;4.63;0.28;396.67;24.07;1316;49;4961.00;627
12449;41;620949916;12449;471;13764;14391;4.66;0.28;396.64;24.07;1315;49;4962.00;627
12455;41;620949931;12455;469;13766;14391;4.67;0.28;396.75;24.10;1311;49;4963.00;625
12459;41;620949946;12459;467;13766;14391;4.68;0.28;396.74;24.10;1307;49;4964.00;625
12462;41;620949961;12462;465;13768;14391;4.69;0.28;396.75;24.13;1306;49;4965.00;623
12466;41;620949976;12466;468;13771;14391;4.73;0.29;396.74;24.17;1305;49;4966.00;620
12470;41;620949992;12470;463;13772;14391;4.72;0.29;396.72;24.18;1302;49;4967.00;619
12474;41;620950006;12474;483;13811;14461;4.82;0.29;396.67;24.12;1337;49;4968.00;650
12478;41;620950027;12478;471;13814;14462;4.85;0.29;396.77;24.14;1336;49;4969.00;648
12481;41;620950042;12481;466;13817;14462;4.90;0.30;396.79;24.15;1336;49;4970.00;645
12482;41;620950058;12482;462;13819;14462;4.92;0.30;396.81;24.18;1337;49;4971.00;643
12482;41;620950075;12482;461;13822;14462;4.97;0.30;396.81;24.21;1340;49;4972.00;640
12483;41;620950091;12483;464;13828;14462;5.00;0.30;396.85;24.23;1345;49;4973.00;634
12487;41;620950106;12487;466;13832;14462;4.99;0.30;396.84;24.26;1345;49;4974.00;630
12487;41;620950122;12487;471;13835;14462;4.99;0.30;396.84;24.28;1348;49;4975.00;627
12491;41;620950137;12491;479;13838;14463;4.93;0.30;396.89;24.40;1347;49;4976.00;625
12493;41;620950154;12493;469;13842;14464;4.89;0.30;396.89;24.44;1349;49;4977.00;622
12495;41;620950170;12495;477;13846;14464;4.84;0.29;396.93;24.47;1351;49;4978.00;618
12498;41;620950185;12498;479;13849;14468;4.77;0.29;396.98;24.50;1351;49;4979.00;619
12499;41;620950204;12499;486;13849;14468;4.74;0.29;396.97;24.50;1350;49;4980.00;619
12500;41;620950219;12500;490;13854;14468;4.74;0.29;397.04;24.55;1354;49;4981.00;614
12502;41;620950236;12502;503;13854;14468;4.76;0.29;397.18;24.55;1352;49;4982.00;614
12503;41;620950251;12503;508;13861;14474;4.81;0.29;397.16;24.59;1358;49;4983.00;613
12505;41;620950267;12505;509;13861;14474;4.80;0.29;397.19;24.59;1356;49;4984.00;613
12508;41;620950283;12508;512;13863;14474;4.80;0.29;397.26;24.62;1355;49;4985.00;611
12510;41;620950304;12510;498;13866;14477;4.82;0.29;397.29;24.65;1356;49;4986.00;611
12513;41;620950320;12513;490;13873;14477;4.85;0.29;397.35;24.71;1360;49;4987.00;604
12515;41;620950336;12515;481;13875;14477;4.91;0.30;397.42;24.74;1360;49;4988.00;602
12516;41;620950351;12516;478;13876;14478;4.91;0.30;397.42;24.75;1360;49;4989.00;602
12516;41;620950367;12516;475;13881;14479;4.95;0.30;397.42;24.80;1365;49;4990.00;598
12518;41;620950383;12518;481;13882;14479;4.95;0.30;397.44;24.80;1364;49;4991.00;597
12522;41;620950399;12522;480;13897;14492;4.95;0.30;397.58;24.83;1375;49;4992.00;595
12523;41;620950415;12523;478;13897;14492;4.95;0.30;397.60;24.83;1374;49;4993.00;595
12524;41;620950432;12524;478;13898;14492;4.94;0.30;397.63;24.85;1374;49;4994.00;594
12527;42;620950447;12527;477;13902;14494;4.92;0.30;397.63;24.89;1375;50;4995.00;592
12528;42;620950470;12528;488;13902;14494;4.90;0.30;397.70;24.89;1374;50;4996.00;592
12529;42;620950485;12529;488;13907;14498;4.92;0.30;397.67;24.89;1378;50;4997.00;591
12532;42;620950502;12532;487;13909;14498;4.89;0.30;397.78;24.92;1377;50;4998.00;589
12533;42;620950518;12533;485;13912;14502;4.86;0.30;397.87;24.94;1379;50;4999.00;590
12537;42;620950535;12537;490;13915;14502;4.84;0.29;397.96;24.96;1378;50;5000.00;587
12538;42;620950555;12538;485;13918;14502;4.79;0.29;397.96;25.26;1380;51;5001.00;584
12540;42;620950581;12540;486;13920;14502;4.75;0.29;398.01;25.27;1380;51;5002.00;582
12540;42;620950598;12540;489;13922;14502;4.76;0.29;398.01;25.29;1382;51;5003.00;580
12542;42;620950614;12542;495;13931;14514;4.81;0.29;398.04;25.30;1389;51;5004.00;583
12543;42;620950630;12543;502;13933;14514;4.82;0.29;398.06;25.30;1390;51;5005.00;581
12544;42;620950647;12544;504;13936;14514;4.86;0.30;398.10;25.32;1392;51;5006.00;578
12548;42;620950663;12548;512;13936;14514;4.83;0.29;398.24;25.32;1388;51;5007.00;578
12551;42;620950680;12551;515;13938;14514;4.82;0.29;398.35;25.35;1387;52;5008.00;576
12554;42;620950700;12554;515;13939;14514;4.81;0.29;398.47;25.35;1385;52;5009.00;575
12558;42;620950718;12558;525;13943;14515;4.77;0.29;398.48;25.38;1385;52;5010.00;572
12563;42;620950734;12563;520;13944;14515;4.77;0.29;398.59;25.39;1381;52;5011.00;571
12565;42;620950758;12565;526;13950;14521;4.75;0.29;398.60;25.40;1385;52;5012.00;571
12568;42;620950797;12568;520;13951;14522;4.73;0.29;398.74;25.41;1383;52;5013.00;571
12571;42;620950820;12571;525;13952;14522;4.70;0.29;398.71;25.42;1381;52;5014.00;570
12575;42;620950842;12575;531;13954;14522;4.67;0.28;398.81;25.44;1379;52;5015.00;568
12577;42;620950862;12577;538;13957;14526;4.70;0.29;398.84;25.44;1380;52;5016.00;569
12579;42;620950880;12579;544;13957;14526;4.70;0.29;398.91;25.44;1378;52;5017.00;569
12581;42;620950902;12581;541;13960;14526;4.69;0.29;398.95;25.47;1379;52;5018.00;566
12583;42;620950919;12583;543;13961;14527;4.70;0.29;398.99;25.47;1378;52;5019.00;566
12584;42;620950943;12584;540;13962;14531;4.71;0.29;399.01;25.46;1378;52;5020.00;569
12587;42;620950963;12587;528;13963;14531;4.70;0.29;399.09;25.47;1376;52;5021.00;568
12590;42;620950980;12590;527;13967;14534;4.67;0.28;399.28;25.61;1377;52;5022.00;567
12590;42;620950996;12590;524;13968;14534;4.65;0.28;399.28;25.62;1378;52;5023.00;566
12593;42;620951012;12593;513;13968;14534;4.64;0.28;399.33;25.62;1375;52;5024.00;566
12596;42;620951028;12596;513;13969;14534;4.66;0.28;399.34;25.63;1373;52;5025.00;565
12599;42;620951044;12599;519;13972;14538;4.63;0.28;399.33;25.62;1373;52;5026.00;566
12600;42;620951061;12600;526;13972;14538;4.64;0.28;399.38;25.62;1372;52;5027.00;566
12601;42;620951077;12601;523;13973;14538;4.65;0.28;399.38;25.63;1372;52;5028.00;565
12601;42;620951093;12601;519;13973;14538;4.60;0.28;399.38;25.63;1372;52;5029.00;565
12603;42;620951108;12603;531;13973;14539;4.57;0.28;399.36;25.63;1370;52;5030.00;566
12606;42;620951124;12606;526;13975;14540;4.52;0.28;399.52;25.65;1369;52;5031.00;565
12609;42;620951139;12609;513;13975;14540;4.49;0.27;399.61;25.65;1366;52;5032.00;565
12613;42;620951154;12613;510;13976;14541;4.50;0.27;399.65;25.65;1363;52;5033.00;565
12616;42;620951169;12616;505;13976;14541;4.50;0.28;399.65;25.65;1360;52;5034.00;565
12621;42;620951184;12621;498;13976;14541;4.49;0.27;399.75;25.65;1355;52;5035.00;565
12627;42;620951199;12627;495;13977;14541;4.48;0.27;399.92;25.76;1350;52;5036.00;564
12629;42;620951215;12629;499;13977;14541;4.48;0.27;399.97;25.76;1348;52;5037.00;564
12634;42;620951231;12634;496;13977;14541;4.45;0.27;400.02;25.76;1343;52;5038.00;564
12636;42;620951246;12636;490;13977;14541;4.43;0.27;400.00;25.76;1341;52;5039.00;564
12638;42;620951262;12638;507;14059;14771;4.79;0.30;400.05;25.61;1421;52;5040.00;712
12642;42;620951295;12642;513;14066;14772;4.79;0.30;400.13;25.71;1424;52;5041.00;706
12644;42;620951311;12644;508;14074;14772;4.82;0.30;400.14;25.70;1430;52;5042.00;698
12647;42;620951327;12647;512;14079;14772;4.82;0.30;400.17;25.69;1432;52;5043.00;693
12650;42;620951342;12650;509;14086;14772;4.80;0.30;400.16;25.68;1436;52;5044.00;686
12652;42;620951357;12652;509;14092;14772;4.79;0.30;400.21;25.67;1440;52;5045.00;680
12652;42;620951373;12652;509;14097;14772;4.80;0.30;400.21;25.66;1445;52;5046.00;675
12657;42;620951388;12657;513;14104;14772;4.75;0.30;400.40;25.67;1447;52;5047.00;668
12659;42;620951404;12659;518;14109;14773;4.75;0.30;400.42;25.67;1450;52;5048.00;664
12661;42;620951420;12661;516;14111;14774;4.76;0.30;400.50;25.67;1450;52;5049.00;663
12663;42;620951436;12663;526;14117;14774;4.75;0.30;400.49;25.66;1454;52;5050.00;657
12669;42;620951453;12669;538;14120;14775;4.68;0.29;400.52;25.66;1451;52;5051.00;655
12671;42;620951470;12671;542;14122;14775;4.66;0.29;400.49;25.66;1451;52;5052.00;653
12675;42;620951485;12675;551;14126;14775;4.59;0.28;400.46;25.65;1451;52;5053.00;649
12676;42;620951502;12676;557;14127;14775;4.52;0.28;400.45;25.65;1451;52;5054.00;648
12676;42;620951519;12676;566;14132;14779;4.45;0.28;400.45;25.76;1456;52;5055.00;647
12680;42;620951541;12680;576;14134;14779;4.37;0.27;400.46;25.75;1454;52;5056.00;645
12680;42;620951557;12680;579;14134;14779;4.30;0.27;400.46;25.75;1454;52;5057.00;645
12682;42;620951583;12682;585;14137;14782;4.28;0.26;400.54;25.75;1455;52;5058.00;645
12682;42;620951600;12682;600;14137;14782;4.25;0.26;400.54;25.75;1455;52;5059.00;645
12684;42;620951615;12684;606;14139;14782;4.22;0.26;400.51;25.75;1455;52;5060.00;643
12686;42;620951631;12686;615;14140;14786;4.20;0.26;400.48;25.75;1454;52;5061.00;646
12688;42;620951647;12688;617;14143;14787;4.17;0.26;400.55;25.75;1455;52;5062.00;644
12691;42;620951664;12691;625;14144;14787;4.13;0.26;400.52;25.75;1453;52;5063.00;643
12693;42;620951679;12693;634;14146;14791;4.09;0.25;400.51;25.74;1453;52;5064.00;645
12695;42;620951694;12695;639;14147;14791;4.02;0.25;400.45;25.74;1452;52;5065.00;644
12698;42;620951710;12698;647;14149;14791;3.96;0.24;400.46;25.74;1451;52;5066.00;642
12699;42;620951725;12699;654;14150;14792;3.90;0.24;400.43;25.74;1451;52;5067.00;642
12702;42;620951741;12702;659;14152;14792;3.81;0.24;400.50;25.74;1450;52;5068.00;640
12707;42;620951756;12707;673;14156;14798;3.74;0.23;400.55;25.74;1449;52;5069.00;642
12707;42;620951779;12707;673;14158;14798;3.70;0.23;400.55;25.73;1451;52;5070.00;640
12708;42;620951794;12708;688;14158;14799;3.66;0.23;400.55;25.73;1450;52;5071.00;641
12710;42;620951809;12710;688;14158;14799;3.64;0.22;400.55;25.73;1448;52;5072.00;641
12714;42;620951823;12714;696;14158;14799;3.58;0.22;400.50;25.73;1444;52;5073.00;641
12715;42;620951837;12715;701;14158;14799;3.54;0.22;400.54;25.73;1443;52;5074.00;641
12718;42;620951851;12718;708;14158;14799;3.50;0.21;400.54;25.73;1440;52;5075.00;641
12719;42;620951865;12719;711;14166;14811;3.53;0.22;400.51;25.72;1447;52;5076.00;645
12720;42;620951880;12720;722;14166;14811;3.48;0.21;400.51;25.72;1446;52;5077.00;645
12720;42;620951894;12720;730;14166;14811;3.49;0.21;400.51;25.72;1446;52;5078.00;645
12723;42;620951907;12723;731;14166;14811;3.49;0.21;400.54;25.72;1443;52;5079.00;645
12724;42;620951921;12724;721;14166;14811;3.50;0.22;400.56;25.72;1442;52;5080.00;645
12726;42;620951935;12726;721;14166;14811;3.50;0.22;400.59;25.72;1440;52;5081.00;645
12727;42;620951951;12727;711;14167;14815;3.50;0.22;400.57;25.72;1440;52;5082.00;648
12728;42;620951966;12728;693;14167;14815;3.53;0.22;400.56;25.72;1439;52;5083.00;648
12729;42;620951981;12729;675;14170;14819;3.60;0.22;400.63;25.71;1441;52;5084.00;649
12731;42;620952001;12731;661;14170;14821;3.65;0.22;400.69;25.71;1439;52;5085.00;651
12732;42;620952017;12732;662;14170;14821;3.69;0.23;400.68;25.71;1438;52;5086.00;651
12734;42;620952032;12734;655;14170;14821;3.72;0.23;400.65;25.71;1436;52;5087.00;651
12737;42;620952048;12737;643;14180;14834;3.78;0.23;400.62;25.70;1443;52;5088.00;654
12739;42;620952067;12739;636;14180;14834;3.83;0.23;400.62;25.70;1441;52;5089.00;654
12739;42;620952088;12739;633;14180;14834;3.88;0.24;400.62;25.70;1441;52;5090.00;654
12743;42;620952103;12743;632;14181;14835;3.91;0.24;400.64;25.69;1438;52;5091.00;654
12745;42;620952117;12745;632;14181;14836;3.89;0.24;400.65;25.69;1436;52;5092.00;655
12748;42;620952131;12748;641;14181;14836;3.89;0.24;400.58;25.69;1433;52;5093.00;655
12749;42;620952150;12749;635;14183;14839;3.88;0.24;400.59;25.70;1434;52;5094.00;656
12752;42;620952166;12752;637;14184;14839;3.84;0.23;400.60;25.71;1432;52;5095.00;655
12754;42;620952180;12754;639;14184;14839;3.81;0.23;400.57;25.71;1430;52;5096.00;655
12755;42;620952193;12755;644;14184;14839;3.75;0.23;400.55;25.71;1429;52;5097.00;655
12761;42;620952207;12761;648;14188;14845;3.72;0.23;400.50;25.70;1427;52;5098.00;657
12762;42;620952222;12762;662;14188;14845;3.71;0.23;400.49;25.70;1426;52;5099.00;657
12766;42;620952238;12766;654;14192;14864;3.71;0.23;400.45;25.69;1426;52;5100.00;672
12768;42;620952259;12768;646;14192;14864;3.72;0.23;400.43;25.69;1424;52;5101.00;672
12769;42;620952273;12769;645;14193;14868;3.76;0.23;400.41;25.69;1424;52;5102.00;675
12772;42;620952287;12772;633;14193;14869;3.78;0.23;400.37;25.69;1421;52;5103.00;676
12777;42;620952301;12777;630;14193;14869;3.79;0.23;400.31;25.69;1416;52;5104.00;676
12780;42;620952316;12780;622;14194;14870;3.84;0.23;400.33;25.69;1414;52;5105.00;676
12784;42;620952332;12784;620;14197;14870;3.84;0.23;400.30;25.69;1413;52;5106.00;673
12787;42;620952346;12787;597;14197;14870;3.85;0.24;400.27;25.69;1410;52;5107.00;673
12789;42;620952360;12789;592;14197;14870;3.89;0.24;400.23;25.69;1408;52;5108.00;673
12792;42;620952374;12792;577;14197;14870;3.93;0.24;400.33;25.69;1405;52;5109.00;673
12794;42;620952388;12794;568;14197;14870;3.99;0.24;400.37;25.69;1403;52;5110.00;673
12799;42;620952402;12799;559;14197;14870;4.01;0.24;400.50;25.69;1398;52;5111.00;673
12801;42;620952422;12801;561;14230;14940;4.12;0.25;400.51;25.63;1429;52;5112.00;710
12804;42;620952450;12804;542;14232;14941;4.18;0.26;400.62;25.62;1428;52;5113.00;709
12807;42;620952466;12807;524;14236;14941;4.23;0.26;400.59;25.62;1429;52;5114.00;705
12811;42;620952482;12811;521;14238;14941;4.30;0.26;400.67;25.61;1427;52;5115.00;703
12815;42;620952498;12815;522;14240;14941;4.35;0.27;400.67;25.62;1425;52;5116.00;701
12819;42;620952515;12819;513;14243;14941;4.39;0.27;400.75;25.61;1424;52;5117.00;698
12822;42;620952530;12822;507;14247;14941;4.45;0.27;400.77;25.61;1425;52;5118.00;694
12826;42;620952546;12826;507;14247;14941;4.52;0.28;400.80;25.61;1421;52;5119.00;694
12831;42;620952562;12831;508;14248;14942;4.54;0.28;400.81;25.61;1417;52;5120.00;694
12836;42;620952584;12836;507;14248;14943;4.61;0.28;401.01;25.61;1412;52;5121.00;695
12839;42;620952601;12839;499;14251;14943;4.66;0.28;401.03;25.60;1412;52;5122.00;692
12841;42;620952616;12841;501;14254;14947;4.68;0.29;401.08;25.60;1413;52;5123.00;693
12844;42;620952633;12844;498;14255;14947;4.71;0.29;401.09;25.60;1411;52;5124.00;692
12848;42;620952649;12848;495;14256;14947;4.70;0.29;401.23;25.61;1408;52;5125.00;691
12853;42;620952665;12853;493;14256;14947;4.71;0.29;401.34;25.61;1403;52;5126.00;691
12854;42;620952681;12854;492;14260;14953;4.73;0.29;401.38;25.60;1406;52;5127.00;693
12856;42;620952697;12856;501;14262;14953;4.74;0.29;401.39;25.60;1406;52;5128.00;691
12861;42;620952714;12861;512;14263;14953;4.72;0.29;401.59;25.60;1402;52;5129.00;690
12864;42;620952732;12864;509;14265;14959;4.71;0.29;401.66;25.61;1401;52;5130.00;694
12868;42;620952754;12868;502;14269;14959;4.71;0.29;401.70;25.63;1401;52;5131.00;690
12873;42;620952781;12873;499;14269;14959;4.73;0.29;401.83;25.63;1396;52;5132.00;690
12878;42;620952809;12878;507;14271;14960;4.69;0.28;401.83;25.65;1393;52;5133.00;689
12882;42;620952835;12882;509;14275;14961;4.66;0.28;401.94;25.67;1393;52;5134.00;686
12888;42;620952862;12888;506;14278;14961;4.60;0.28;401.93;25.70;1390;52;5135.00;683
12891;42;620952880;12891;509;14289;14974;4.57;0.28;401.92;25.70;1398;52;5136.00;685
12894;42;620952898;12894;509;14291;14974;4.57;0.28;401.97;25.72;1397;52;5137.00;683
12894;42;620952922;12894;505;14292;14974;4.61;0.28;401.97;25.74;1398;52;5138.00;682
12896;42;620952939;12896;502;14295;14975;4.62;0.28;401.94;25.74;1399;52;5139.00;680
12897;42;620952957;12897;505;14297;14975;4.65;0.28;401.97;25.76;1400;52;5140.00;678
12901;42;620952974;12901;496;14303;14979;4.65;0.28;402.03;25.80;1402;52;5141.00;676
12901;42;620952991;12901;499;14305;14979;4.69;0.29;402.03;25.82;1404;52;5142.00;674
12904;42;620953008;12904;504;14311;14983;4.68;0.28;402.08;25.85;1407;52;5143.00;672
12908;42;620953024;12908;504;14312;14983;4.63;0.28;402.15;25.85;1404;52;5144.00;671
12910;42;620953041;12910;507;14314;14983;4.58;0.28;402.12;25.86;1404;52;5145.00;669
12912;42;620953058;12912;513;14316;14983;4.54;0.28;402.11;25.89;1404;52;5146.00;667
12916;42;620953074;12916;512;14318;14983;4.48;0.27;402.15;25.90;1402;52;5147.00;665
12918;42;620953092;12918;509;14327;14995;4.42;0.27;402.16;26.03;1409;52;5148.00;668
12921;42;620953111;12921;502;14328;14995;4.36;0.27;402.24;26.05;1407;52;5149.00;667
12923;42;620953127;12923;498;14331;14995;4.34;0.26;402.36;26.07;1408;52;5150.00;664
12927;42;620953144;12927;500;14331;14995;4.30;0.26;402.36;26.07;1404;52;5151.00;664
12930;42;620953160;12930;504;14337;14995;4.29;0.26;402.44;26.12;1407;52;5152.00;658
12931;42;620953178;12931;501;14341;14995;4.31;0.26;402.46;26.13;1410;52;5153.00;654
12936;42;620953195;12936;506;14342;14996;4.31;0.26;402.48;26.15;1406;52;5154.00;654
12936;42;620953211;12936;515;14347;14998;4.35;0.26;402.48;26.17;1411;52;5155.00;651
12939;42;620953234;12939;507;14351;15004;4.36;0.26;402.49;26.16;1412;52;5156.00;653
12941;42;620953252;12941;504;14353;15005;4.39;0.27;402.50;26.20;1412;52;5157.00;652
12942;42;620953269;12942;501;14355;15005;4.43;0.27;402.55;26.22;1413;52;5158.00;650
12944;42;620953285;12944;507;14355;15005;4.46;0.27;402.56;26.22;1411;52;5159.00;650
12946;42;620953305;12946;513;14362;15010;4.52;0.28;402.58;26.23;1416;52;5160.00;648
12946;42;620953328;12946;514;14367;15010;4.59;0.28;402.58;26.28;1421;52;5161.00;643
12947;42;620953345;12947;513;14369;15010;4.64;0.28;402.67;26.30;1422;52;5162.00;641
12950;42;620953361;12950;520;14371;15011;4.68;0.29;402.78;26.31;1421;52;5163.00;640
12954;42;620953379;12954;527;14374;15015;4.68;0.29;402.97;26.32;1420;52;5164.00;641
12956;42;620953398;12956;534;14376;15015;4.69;0.29;403.03;26.34;1420;52;5165.00;639
12958;42;620953415;12958;546;14378;15018;4.66;0.28;403.12;26.35;1420;52;5166.00;640
12963;42;620953432;12963;554;14379;15018;4.62;0.28;403.32;26.35;1416;52;5167.00;639
12964;42;620953450;12964;558;14381;15018;4.61;0.28;403.42;26.36;1417;52;5168.00;637
12967;42;620953467;12967;559;14384;15018;4.59;0.28;403.45;26.39;1417;52;5169.00;634
12969;42;620953484;12969;559;14390;15022;4.62;0.28;403.48;26.40;1421;52;5170.00;632
12969;42;620953501;12969;565;14391;15022;4.59;0.28;403.48;26.40;1422;52;5171.00;631
12972;42;620953518;12972;572;14394;15022;4.59;0.28;403.54;26.43;1422;52;5172.00;628
12973;42;620953534;12973;573;14395;15022;4.55;0.28;403.51;26.45;1422;52;5173.00;627
12976;42;620953551;12976;582;14395;15023;4.49;0.27;403.52;26.45;1419;52;5174.00;628
12980;42;620953567;12980;580;14398;15025;4.40;0.27;403.54;26.47;1418;52;5175.00;627
12985;42;620953583;12985;587;14398;15025;4.33;0.26;403.57;26.47;1413;52;5176.00;627
12988;42;620953600;12988;596;14399;15026;4.26;0.26;403.67;26.47;1411;52;5177.00;627
12991;42;620953616;12991;602;14399;15026;4.17;0.25;403.76;26.47;1408;52;5178.00;627
12993;42;620953631;12993;604;14402;15026;4.15;0.25;403.82;26.51;1409;52;5179.00;624
12993;42;620953647;12993;602;14404;15026;4.10;0.25;403.82;26.53;1411;52;5180.00;622
12995;42;620953663;12995;598;14404;15026;4.08;0.25;403.88;26.53;1409;52;5181.00;622
12998;42;620953678;12998;605;14406;15026;4.04;0.25;403.96;26.55;1408;52;5182.00;620
12998;42;620953694;12998;608;14407;15026;4.04;0.25;403.96;26.57;1409;52;5183.00;619
12999;42;620953709;12999;638;14476;15153;4.15;0.26;404.00;26.45;1477;52;5184.00;677
13001;42;620953735;13001;631;14476;15154;4.13;0.26;404.02;26.45;1475;52;5185.00;678
13003;42;620953752;13003;626;14481;15154;4.19;0.26;404.03;26.46;1478;52;5186.00;673
13005;42;620953770;13005;623;14484;15154;4.27;0.26;404.11;26.45;1479;52;5187.00;670
13010;42;620953786;13010;639;14490;15154;4.25;0.26;404.21;26.47;1480;52;5188.00;664
13011;42;620953802;13011;640;14492;15154;4.27;0.26;404.19;26.46;1481;52;5189.00;662
13012;42;620953820;13012;641;14495;15154;4.32;0.27;404.22;26.46;1483;52;5190.00;659
13014;42;620953836;13014;642;14497;15154;4.33;0.27;404.20;26.47;1483;52;5191.00;657
13015;42;620953852;13015;641;14499;15155;4.39;0.27;404.22;26.47;1484;52;5192.00;656
13019;42;620953868;13019;643;14502;15156;4.41;0.27;404.25;26.48;1483;52;5193.00;654
13021;42;620953885;13021;644;14504;15156;4.49;0.28;404.38;26.47;1483;52;5194.00;652
13023;42;620953901;13023;642;14505;15157;4.51;0.28;404.39;26.47;1482;52;5195.00;652
13028;42;620953922;13028;648;14508;15157;4.51;0.28;404.36;26.48;1480;52;5196.00;649
13030;42;620953938;13030;651;14509;15157;4.52;0.28;404.35;26.48;1479;52;5197.00;648
13034;42;620953954;13034;655;14510;15157;4.52;0.28;404.43;26.49;1476;52;5198.00;647
13035;42;620953971;13035;650;14512;15161;4.56;0.28;404.42;26.49;1477;52;5199.00;649
13039;42;620953987;13039;645;14512;15161;4.56;0.28;404.44;26.49;1473;52;5200.00;649
13042;42;620954008;13042;649;14513;15161;4.55;0.28;404.45;26.50;1471;52;5201.00;648
13045;42;620954023;13045;641;14514;15164;4.54;0.28;404.43;26.50;1469;52;5202.00;650
13049;42;620954040;13049;636;14514;15164;4.52;0.28;404.37;26.50;1465;52;5203.00;650
13052;42;620954055;13052;640;14518;15164;4.49;0.28;404.39;26.52;1466;52;5204.00;646
13052;42;620954071;13052;639;14521;15168;4.45;0.27;404.39;26.51;1469;52;5205.00;647
13056;42;620954088;13056;633;14522;15169;4.42;0.27;404.40;26.51;1466;52;5206.00;647
13060;42;620954103;13060;638;14524;15169;4.38;0.27;404.37;26.53;1464;52;5207.00;645
13066;42;620954119;13066;641;14526;15173;4.33;0.26;404.45;26.52;1460;52;5208.00;647
13069;42;620954135;13069;647;14528;15173;4.27;0.26;404.40;26.54;1459;52;5209.00;645
13071;42;620954151;13071;652;14528;15173;4.23;0.26;404.37;26.54;1457;52;5210.00;645
13074;42;620954166;13074;642;14528;15174;4.20;0.26;404.32;26.54;1454;52;5211.00;646
13075;42;620954182;13075;646;14528;15174;4.13;0.25;404.36;26.54;1453;52;5212.00;646
13078;42;620954197;13078;644;14532;15180;4.11;0.25;404.31;26.54;1454;52;5213.00;648
13081;42;620954213;13081;643;14532;15180;4.10;0.25;404.34;26.54;1451;52;5214.00;648
13083;42;620954228;13083;655;14532;15180;4.06;0.25;404.30;26.54;1449;52;5215.00;648
13086;42;620954243;13086;657;14533;15181;4.05;0.25;404.24;26.54;1447;52;5216.00;648
13088;42;620954259;13088;663;14533;15181;4.03;0.24;404.25;26.54;1445;52;5217.00;648
13088;42;620954274;13088;672;14533;15181;4.03;0.24;404.25;26.54;1445;52;5218.00;648
13089;42;620954289;13089;677;14533;15181;4.01;0.24;404.22;26.54;1444;52;5219.00;648
13092;42;620954305;13092;682;14550;15217;4.09;0.25;404.22;26.51;1458;52;5220.00;667
13095;42;620954324;13095;686;14551;15217;4.04;0.25;404.15;26.50;1456;52;5221.00;666
13098;42;620954339;13098;691;14554;15217;4.00;0.24;404.14;26.50;1456;52;5222.00;663
13099;42;620954354;13099;694;14554;15217;3.96;0.24;404.11;26.50;1455;52;5223.00;663
13101;42;620954369;13101;695;14555;15217;3.95;0.24;404.10;26.50;1454;52;5224.00;662
13103;42;620954383;13103;698;14556;15217;3.89;0.24;404.05;26.50;1453;52;5225.00;661
13103;42;620954399;13103;705;14559;15221;3.90;0.24;404.05;26.49;1456;52;5226.00;662
13105;42;620954414;13105;701;14560;15221;3.87;0.24;404.07;26.49;1455;52;5227.00;661
13105;42;620954429;13105;706;14563;15225;3.88;0.24;404.07;26.49;1458;52;5228.00;662
13106;42;620954444;13106;705;14563;15226;3.84;0.24;404.06;26.49;1457;52;5229.00;663
13107;42;620954459;13107;714;14563;15226;3.81;0.23;404.04;26.49;1456;52;5230.00;663
13108;42;620954474;13108;721;14563;15226;3.78;0.23;404.03;26.49;1455;52;5231.00;663
13112;42;620954489;13112;719;14573;15239;3.79;0.23;403.99;26.47;1461;52;5232.00;666
13112;43;620954505;13112;728;14573;15239;3.77;0.23;403.99;26.47;1461;53;5233.00;666
13112;43;620954536;13112;736;14573;15239;3.75;0.23;403.99;26.47;1461;53;5234.00;666
13114;43;620954550;13114;718;14574;15240;3.76;0.23;404.00;26.47;1460;53;5235.00;666
13115;43;620954566;13115;714;14574;15241;3.77;0.23;403.99;26.47;1459;53;5236.00;667
13116;43;620954581;13116;718;14574;15241;3.79;0.23;404.01;26.47;1458;53;5237.00;667
13118;43;620954596;13118;716;14575;15244;3.79;0.23;404.03;26.46;1457;53;5238.00;669
13121;43;620954611;13121;712;14575;15244;3.80;0.23;404.03;26.46;1454;53;5239.00;669
13122;43;620954626;13122;713;14575;15244;3.81;0.23;404.02;26.46;1453;53;5240.00;669
13123;43;620954641;13123;712;14575;15244;3.80;0.23;404.02;26.46;1452;53;5241.00;669
13124;43;620954661;13124;709;14579;15250;3.86;0.24;404.02;26.46;1455;53;5242.00;671
13125;43;620954676;13125;707;14579;15250;3.86;0.24;404.06;26.46;1454;53;5243.00;671
13127;43;620954691;13127;716;14579;15250;3.85;0.24;404.03;26.46;1452;53;5244.00;671
13129;43;620954705;13129;714;14579;15250;3.82;0.23;404.06;26.46;1450;53;5245.00;671
13132;43;620954720;13132;714;14580;15254;3.80;0.23;404.03;26.46;1448;53;5246.00;674
13132;43;620954734;13132;715;14580;15255;3.77;0.23;404.03;26.46;1448;53;5247.00;675
13135;43;620954754;13135;721;14580;15255;3.73;0.23;403.97;26.46;1445;53;5248.00;675
13135;43;620954785;13135;725;14581;15256;3.74;0.23;403.97;26.45;1446;53;5249.00;675
13136;43;620954824;13136;732;14581;15256;3.74;0.23;403.96;26.45;1445;53;5250.00;675
13137;43;620954845;13137;721;14581;15256;3.74;0.23;404.00;26.45;1444;53;5251.00;675
13138;43;620954865;13138;719;14581;15256;3.75;0.23;403.99;26.45;1443;53;5252.00;675
13138;43;620954881;13138;710;14581;15256;3.76;0.23;403.99;26.45;1443;53;5253.00;675
13140;43;620954897;13140;710;14581;15256;3.79;0.23;403.97;26.45;1441;53;5254.00;675
13141;43;620954913;13141;708;14581;15256;3.83;0.23;403.95;26.45;1440;53;5255.00;675
13141;43;620954929;13141;713;14611;15326;4.08;0.25;403.95;26.40;1470;53;5256.00;715
13142;43;620954950;13142;707;14613;15327;4.10;0.25;403.94;26.40;1471;53;5257.00;714
13146;43;620954967;13146;704;14619;15327;4.11;0.25;403.87;26.39;1473;53;5258.00;708
13146;43;620954983;13146;698;14623;15327;4.16;0.25;403.87;26.38;1477;53;5259.00;704
13151;43;620954999;13151;698;14624;15327;4.15;0.25;404.04;26.38;1473;53;5260.00;703
13154;43;620955014;13154;697;14625;15327;4.12;0.25;404.00;26.38;1471;53;5261.00;702
13157;43;620955032;13157;696;14626;15327;4.08;0.25;403.99;26.37;1469;53;5262.00;701
13161;43;620955047;13161;695;14627;15327;4.01;0.24;404.19;26.37;1466;53;5263.00;700
13164;43;620955063;13164;707;14628;15328;3.99;0.24;404.27;26.37;1464;53;5264.00;700
13168;43;620955079;13168;703;14632;15330;3.93;0.24;404.23;26.37;1464;53;5265.00;698
13170;43;620955096;13170;702;14633;15330;3.88;0.24;404.31;26.37;1463;53;5266.00;697
13176;43;620955118;13176;706;14635;15334;3.81;0.23;404.36;26.37;1459;53;5267.00;699
13176;43;620955133;13176;708;14636;15334;3.80;0.23;404.36;26.37;1460;53;5268.00;698
13179;43;620955148;13179;707;14637;15334;3.78;0.23;404.49;26.37;1458;53;5269.00;697
13184;43;620955163;13184;707;14637;15334;3.72;0.23;404.48;26.37;1453;53;5270.00;697
13186;43;620955180;13186;700;14640;15340;3.76;0.23;404.56;26.36;1454;53;5271.00;700
13191;43;620955197;13191;695;14640;15340;3.76;0.23;404.68;26.36;1449;53;5272.00;700
13194;43;620955213;13194;684;14640;15340;3.80;0.23;404.66;26.36;1446;53;5273.00;700
13196;43;620955229;13196;677;14641;15343;3.83;0.23;404.78;26.36;1445;53;5274.00;702
13198;43;620955245;13198;675;14641;15343;3.84;0.23;404.77;26.36;1443;53;5275.00;702
13202;43;620955261;13202;670;14641;15343;3.84;0.23;404.92;26.36;1439;53;5276.00;702
13206;43;620955277;13206;657;14641;15344;3.79;0.23;405.00;26.36;1435;53;5277.00;703
13209;43;620955294;13209;650;14642;15345;3.83;0.23;404.98;26.36;1433;53;5278.00;703
13215;43;620955310;13215;644;14642;15345;3.84;0.23;405.04;26.36;1427;53;5279.00;703
13216;43;620955328;13216;641;14659;15371;3.95;0.24;405.05;26.33;1443;53;5280.00;712
13220;43;620955346;13220;615;14660;15371;3.98;0.24;405.14;26.33;1440;53;5281.00;711
13223;43;620955362;13223;604;14663;15371;4.07;0.25;405.24;26.32;1440;53;5282.00;708
13225;43;620955379;13225;600;14663;15372;4.17;0.25;405.26;26.32;1438;53;5283.00;709
13229;43;620955396;13229;588;14663;15372;4.25;0.26;405.27;26.32;1434;53;5284.00;709
13232;43;620955412;13232;575;14666;15376;4.32;0.26;405.28;26.32;1434;53;5285.00;710
13234;43;620955430;13234;564;14667;15376;4.44;0.27;405.38;26.32;1433;53;5286.00;709
13238;43;620955447;13238;564;14668;15379;4.48;0.27;405.36;26.32;1430;53;5287.00;711
13240;43;620955466;13240;552;14668;15380;4.53;0.28;405.39;26.32;1428;53;5288.00;712
13248;43;620955484;13248;549;14668;15380;4.53;0.27;405.43;26.32;1420;53;5289.00;712
13252;43;620955502;13252;546;14668;15380;4.55;0.28;405.40;26.32;1416;53;5290.00;712
13256;43;620955519;13256;546;14669;15380;4.59;0.28;405.43;26.32;1413;53;5291.00;711
13259;43;620955536;13259;548;14677;15392;4.66;0.28;405.41;26.31;1418;53;5292.00;715
13262;43;620955554;13262;546;14677;15392;4.67;0.28;405.58;26.31;1415;53;5293.00;715
13266;43;620955572;13266;547;14677;15392;4.66;0.28;405.59;26.31;1411;53;5294.00;715
13270;43;620955589;13270;551;14677;15392;4.70;0.29;405.66;26.31;1407;53;5295.00;715
13275;43;620955608;13275;553;14678;15392;4.69;0.29;405.83;26.31;1403;53;5296.00;714
13278;43;620955625;13278;553;14678;15392;4.69;0.29;405.96;26.31;1400;53;5297.00;714
13283;43;620955643;13283;554;14679;15393;4.67;0.28;406.05;26.31;1396;53;5298.00;714
13286;43;620955660;13286;557;14680;15393;4.67;0.28;406.11;26.31;1394;53;5299.00;713
13291;43;620955678;13291;563;14684;15399;4.66;0.28;406.27;26.31;1393;53;5300.00;715
13293;43;620955699;13293;562;14686;15400;4.68;0.29;406.25;26.32;1393;53;5301.00;714
13300;43;620955717;13300;566;14688;15400;4.65;0.28;406.39;26.34;1388;54;5302.00;712
13301;43;620955739;13301;568;14689;15400;4.68;0.29;406.39;26.36;1388;54;5303.00;711
13303;43;620955757;13303;567;14694;15404;4.70;0.29;406.41;26.35;1391;54;5304.00;710
13310;43;620955775;13310;564;14696;15404;4.67;0.29;406.42;26.39;1386;54;5305.00;708
13315;43;620955792;13315;565;14697;15404;4.70;0.29;406.50;26.39;1382;54;5306.00;707
13321;43;620955808;13321;571;14699;15405;4.67;0.28;406.56;26.40;1378;54;5307.00;706
13324;43;620955824;13324;567;14702;15409;4.68;0.29;406.54;26.42;1378;54;5308.00;707
13326;43;620955840;13326;570;14703;15409;4.70;0.29;406.60;26.42;1377;54;5309.00;706
13330;44;620955857;13330;560;14706;15415;4.69;0.29;406.59;26.45;1376;55;5310.00;709
13331;44;620955883;13331;553;14708;15415;4.71;0.29;406.58;26.47;1377;55;5311.00;707
13334;44;620955898;13334;546;14711;15415;4.67;0.28;406.60;26.49;1377;55;5312.00;704
13338;44;620955914;13338;547;14713;15415;4.62;0.28;406.71;26.71;1375;56;5313.00;702
13340;44;620955941;13340;556;14717;15419;4.58;0.28;406.69;26.82;1377;56;5314.00;702
13344;44;620955958;13344;557;14720;15419;4.51;0.28;406.70;26.84;1376;56;5315.00;699
13346;44;620955973;13346;564;14723;15419;4.45;0.27;406.73;26.85;1377;56;5316.00;696
13349;44;620955990;13349;562;14725;15419;4.40;0.27;406.73;26.87;1376;56;5317.00;694
13358;44;620956006;13358;558;14725;15420;4.32;0.26;406.83;26.87;1367;56;5318.00;695
13361;44;620956023;13361;560;14726;15421;4.29;0.26;406.90;26.89;1365;56;5319.00;695
13363;44;620956038;13363;563;14727;15421;4.26;0.26;406.93;26.89;1364;56;5320.00;694
13366;44;620956053;13366;570;14729;15422;4.21;0.26;406.95;26.90;1363;56;5321.00;693
13367;44;620956069;13367;577;14730;15422;4.18;0.25;407.04;26.92;1363;56;5322.00;692
13369;44;620956084;13369;574;14731;15422;4.15;0.25;407.07;26.94;1362;56;5323.00;691
13372;44;620956099;13372;585;14731;15422;4.11;0.25;407.04;26.94;1359;56;5324.00;691
13374;44;620956114;13374;591;14731;15422;4.09;0.25;407.03;26.94;1357;56;5325.00;691
13377;44;620956129;13377;587;14733;15422;4.06;0.25;407.20;26.97;1356;56;5326.00;689
13378;44;620956145;13378;587;14733;15422;4.08;0.25;407.25;26.97;1355;56;5327.00;689
13380;44;620956159;13380;598;14802;15549;4.26;0.26;407.26;26.88;1422;56;5328.00;747
13382;44;620956183;13382;587;14805;15550;4.29;0.27;407.32;26.90;1423;56;5329.00;745
13384;44;620956199;13384;588;14812;15550;4.40;0.27;407.34;26.90;1428;56;5330.00;738
13386;44;620956215;13386;582;14814;15550;4.45;0.28;407.36;26.92;1428;56;5331.00;736
13387;44;620956231;13387;587;14817;15550;4.53;0.28;407.47;26.93;1430;56;5332.00;733
13389;44;620956246;13389;588;14818;15550;4.61;0.29;407.46;26.93;1429;56;5333.00;732
13390;44;620956263;13390;586;14822;15550;4.68;0.29;407.46;27.07;1432;56;5334.00;728
13395;44;620956279;13395;588;14826;15550;4.68;0.29;407.46;27.10;1431;56;5335.00;724
13397;44;620956295;13397;584;14827;15551;4.71;0.29;407.49;27.10;1430;57;5336.00;724
13401;44;620956320;13401;582;14831;15552;4.66;0.29;407.59;27.13;1430;57;5337.00;721
13404;44;620956337;13404;587;14835;15552;4.60;0.28;407.61;27.15;1431;57;5338.00;717
13407;44;620956353;13407;589;14839;15553;4.57;0.28;407.59;27.16;1432;57;5339.00;714
13411;44;620956371;13411;592;14841;15553;4.52;0.28;407.58;27.16;1430;57;5340.00;712
13413;44;620956387;13413;589;14842;15553;4.54;0.28;407.68;27.16;1429;57;5341.00;711
13415;44;620956404;13415;586;14846;15553;4.57;0.28;407.70;27.20;1431;57;5342.00;707
13418;44;620956419;13418;585;14850;15557;4.59;0.28;407.71;27.21;1432;57;5343.00;707
13419;44;620956436;13419;578;14853;15557;4.65;0.29;407.77;27.22;1434;57;5344.00;704
13420;44;620956452;13420;581;14856;15557;4.67;0.29;407.78;27.25;1436;57;5345.00;701
13422;44;620956469;13422;573;14857;15560;4.68;0.29;407.89;27.25;1435;57;5346.00;703
13425;44;620956487;13425;573;14858;15560;4.66;0.29;407.87;27.26;1433;57;5347.00;702
13427;44;620956504;13427;574;14858;15560;4.64;0.28;407.94;27.26;1431;57;5348.00;702
13430;44;620956520;13430;574;14864;15564;4.60;0.28;407.96;27.30;1434;57;5349.00;700
13431;44;620956537;13431;573;14865;15565;4.59;0.28;408.05;27.30;1434;57;5350.00;700
13434;44;620956555;13434;581;14867;15565;4.55;0.28;408.08;27.32;1433;57;5351.00;698
13438;44;620956571;13438;581;14873;15569;4.49;0.28;408.09;27.46;1435;57;5352.00;696
13440;44;620956588;13440;592;14873;15569;4.50;0.28;408.15;27.46;1433;57;5353.00;696
13442;44;620956605;13442;595;14875;15569;4.45;0.27;408.12;27.48;1433;57;5354.00;694
13445;44;620956621;13445;594;14877;15571;4.41;0.27;408.12;27.49;1432;57;5355.00;694
13448;44;620956637;13448;601;14878;15571;4.38;0.27;408.23;27.51;1430;57;5356.00;693
13450;44;620956652;13450;610;14882;15577;4.37;0.27;408.24;27.50;1432;57;5357.00;695
13452;44;620956669;13452;610;14883;15577;4.32;0.26;408.33;27.51;1431;57;5358.00;694
13453;44;620956684;13453;624;14884;15577;4.28;0.26;408.31;27.52;1431;57;5359.00;693
13453;44;620956700;13453;627;14886;15578;4.30;0.26;408.31;27.55;1433;57;5360.00;692
13455;44;620956715;13455;628;14886;15578;4.25;0.26;408.27;27.55;1431;57;5361.00;692
13457;44;620956731;13457;627;14888;15578;4.25;0.26;408.29;27.57;1431;57;5362.00;690
13458;44;620956749;13458;619;14888;15578;4.27;0.26;408.29;27.57;1430;57;5363.00;690
13462;44;620956775;13462;617;14899;15590;4.30;0.26;408.31;27.57;1437;57;5364.00;691
13465;44;620956808;13465;612;14900;15590;4.31;0.26;408.33;27.58;1435;57;5365.00;690
13467;44;620956831;13467;611;14901;15590;4.33;0.26;408.41;27.59;1434;57;5366.00;689
13469;44;620956854;13469;619;14901;15590;4.33;0.27;408.39;27.59;1432;57;5367.00;689
13470;44;620956873;13470;614;14903;15590;4.37;0.27;408.40;27.62;1433;57;5368.00;687
13477;44;620956894;13477;615;14903;15590;4.37;0.27;408.41;27.62;1426;57;5369.00;687
13478;44;620956915;13478;605;14907;15594;4.38;0.27;408.40;27.62;1429;57;5370.00;687
13479;44;620956933;13479;609;14907;15594;4.40;0.27;408.39;27.62;1428;57;5371.00;687
13480;44;620956951;13480;597;14912;15598;4.38;0.27;408.39;27.64;1432;57;5372.00;686
13482;44;620956970;13482;596;14912;15599;4.36;0.27;408.39;27.64;1430;57;5373.00;687
13486;44;620956988;13486;606;14913;15599;4.33;0.27;408.45;27.65;1427;57;5374.00;686
13489;44;620957014;13489;600;14914;15599;4.28;0.26;408.39;27.77;1425;57;5375.00;685
13491;44;620957046;13491;598;14925;15612;4.31;0.26;408.40;27.76;1434;58;5376.00;687
13496;44;620957070;13496;604;14927;15612;4.28;0.26;408.44;27.78;1431;58;5377.00;685
13498;44;620957094;13498;601;14928;15612;4.31;0.26;408.45;27.79;1430;58;5378.00;684
13501;44;620957110;13501;601;14930;15613;4.29;0.26;408.40;27.80;1429;58;5379.00;683
13504;44;620957127;13504;616;14930;15614;4.32;0.26;408.39;27.80;1426;58;5380.00;684
13510;44;620957144;13510;617;14931;15614;4.35;0.26;408.30;27.81;1421;58;5381.00;683
13512;44;620957162;13512;621;14933;15617;4.32;0.26;408.26;27.82;1421;58;5382.00;684
13515;44;620957178;13515;622;14933;15617;4.27;0.26;408.33;27.82;1418;58;5383.00;684
13519;44;620957195;13519;623;14933;15617;4.23;0.26;408.30;27.82;1414;58;5384.00;684
13519;44;620957211;13519;630;14933;15617;4.21;0.26;408.30;27.82;1414;58;5385.00;684
13520;44;620957227;13520;641;14938;15623;4.20;0.26;408.37;27.83;1418;58;5386.00;685
13520;44;620957244;13520;622;14939;15623;4.18;0.26;408.37;27.84;1419;58;5387.00;684
13522;44;620957260;13522;612;14940;15623;4.19;0.26;408.39;27.85;1418;58;5388.00;683
13524;44;620957276;13524;618;14940;15623;4.16;0.25;408.34;27.85;1416;58;5389.00;683
13527;44;620957293;13527;607;14944;15627;4.15;0.25;408.28;27.86;1417;58;5390.00;683
13530;44;620957310;13530;608;14944;15628;4.17;0.25;408.33;27.86;1414;58;5391.00;684
13532;44;620957326;13532;604;14945;15628;4.20;0.26;408.29;27.87;1413;58;5392.00;683
13533;44;620957343;13533;600;14946;15629;4.27;0.26;408.28;27.87;1413;58;5393.00;683
13533;44;620957370;13533;593;14948;15629;4.32;0.26;408.28;27.89;1415;58;5394.00;681
13534;44;620957385;13534;603;14948;15629;4.33;0.26;408.25;27.89;1414;58;5395.00;681
13536;44;620957401;13536;609;14949;15629;4.33;0.26;408.28;27.90;1413;58;5396.00;680
13537;44;620957417;13537;608;14950;15629;4.33;0.26;408.32;27.91;1413;58;5397.00;679
13539;44;620957438;13539;613;14950;15629;4.34;0.27;408.31;27.91;1411;58;5398.00;679
13542;44;620957454;13542;620;14950;15629;4.31;0.26;408.33;27.91;1408;58;5399.00;679
