step_arrived;step_collisions;step_duration;step_ended;step_halting;step_inserted;step_loaded;step_meanSpeed;step_meanSpeedRelative;step_meanTravelTime;step_meanWaitingTime;step_running;step_teleports;step_time;step_waiting
0;0;620621712;0;1;92;245;15.98;1.12;-1.00;0.00;92;0;0.00;153
0;0;620621741;0;1;102;245;15.16;1.05;-1.00;0.10;102;0;1.00;143
0;0;620621743;0;2;121;245;14.45;0.99;-1.00;0.40;121;0;2.00;124
0;0;620621744;0;3;137;245;13.50;0.91;-1.00;0.70;137;0;3.00;108
0;0;620621745;0;3;150;245;12.61;0.85;-1.00;0.99;150;0;4.00;95
0;0;620621747;0;5;161;245;11.57;0.77;-1.00;1.26;161;0;5.00;84
0;0;620621748;0;7;171;245;11.05;0.73;-1.00;1.54;171;0;6.00;74
0;0;620621750;0;10;181;245;10.22;0.68;-1.00;1.84;181;0;7.00;64
0;0;620621752;0;19;186;246;9.93;0.66;-1.00;2.01;186;0;8.00;60
0;0;620621754;0;20;195;247;9.48;0.63;-1.00;2.33;195;0;9.00;52
0;0;620621756;0;20;201;247;9.26;0.61;-1.00;2.56;201;0;10.00;46
0;0;620621758;0;23;205;248;9.11;0.60;-1.00;2.67;205;0;11.00;43
1;0;620621760;1;28;209;248;8.95;0.59;12.00;2.85;208;0;12.00;39
2;0;620621762;2;33;215;248;8.78;0.57;12.50;3.13;213;0;13.00;33
2;0;620621765;2;39;217;248;8.70;0.56;12.50;3.24;215;0;14.00;31
2;0;620621768;2;39;222;252;8.63;0.56;12.50;3.34;220;0;15.00;30
2;0;620621770;2;44;226;252;8.55;0.55;12.50;3.50;224;0;16.00;26
2;0;620621773;2;50;227;252;8.59;0.55;12.50;3.56;225;0;17.00;25
2;0;620621775;2;56;230;255;8.65;0.55;12.50;3.67;228;0;18.00;25
3;0;620621778;3;63;234;255;8.68;0.55;14.67;3.94;231;0;19.00;21
3;0;620621781;3;64;236;255;8.77;0.55;14.67;4.07;233;0;20.00;19
4;0;620621783;4;69;241;259;8.85;0.56;16.25;4.09;237;0;21.00;18
6;0;620621786;6;74;243;260;8.78;0.55;18.00;4.15;237;0;22.00;17
6;0;620621789;6;78;246;260;8.78;0.55;18.00;4.33;240;0;23.00;14
7;0;620621792;7;83;252;264;8.70;0.55;18.86;4.51;245;0;24.00;12
7;0;620621795;7;85;252;264;8.65;0.54;18.86;4.51;245;0;25.00;12
7;0;620621798;7;87;253;264;8.65;0.54;18.86;4.59;246;0;26.00;11
7;0;620621801;7;89;255;265;8.62;0.54;18.86;4.60;248;0;27.00;10
7;0;620621804;7;91;255;265;8.50;0.53;18.86;4.60;248;0;28.00;10
7;0;620621807;7;94;261;271;8.36;0.52;18.86;4.63;254;0;29.00;10
8;0;620621812;8;98;263;271;8.18;0.50;19.88;4.82;255;0;30.00;8
8;0;620621815;8;99;264;272;8.08;0.50;19.88;4.81;256;0;31.00;8
9;0;620621818;9;105;264;272;8.07;0.50;21.22;4.81;255;0;32.00;8
9;0;620621820;9;106;265;272;8.09;0.50;21.22;4.91;256;0;33.00;7
10;0;620621823;10;110;267;272;8.05;0.50;22.50;5.03;257;0;34.00;5
11;0;620621826;11;115;268;272;8.05;0.50;23.09;5.04;257;0;35.00;4
11;0;620621829;11;119;278;284;8.32;0.51;23.09;4.89;267;0;36.00;6
11;0;620621833;11;121;279;284;8.35;0.52;23.09;4.87;268;0;37.00;5
11;0;620621836;11;123;281;284;8.23;0.51;23.09;4.85;270;0;38.00;3
11;0;620621838;11;125;281;284;8.12;0.50;23.09;4.85;270;0;39.00;3
12;0;620621841;12;127;281;284;7.97;0.49;24.17;4.85;269;0;40.00;3
13;0;620621844;13;128;281;284;7.84;0.49;25.08;4.85;268;0;41.00;3
13;0;620621847;13;130;285;288;7.87;0.49;25.08;4.80;272;0;42.00;3
13;0;620621850;13;134;285;288;7.77;0.49;25.08;4.80;272;0;43.00;3
14;0;620621853;14;138;289;292;7.76;0.48;26.29;4.75;275;0;44.00;3
16;0;620621856;16;139;291;294;7.66;0.48;27.13;4.71;275;0;45.00;3
17;0;620621859;17;141;291;294;7.57;0.47;27.82;4.71;274;0;46.00;3
18;0;620621861;18;140;291;294;7.53;0.47;28.56;4.71;273;0;47.00;3
19;0;620621864;19;144;302;307;7.84;0.49;29.58;4.54;283;0;48.00;5
19;0;620621868;19;146;302;307;7.73;0.48;29.58;4.54;283;0;49.00;5
19;0;620621871;19;147;302;307;7.61;0.47;29.58;4.54;283;0;50.00;5
19;0;620621874;19;148;303;308;7.50;0.47;29.58;4.53;284;0;51.00;5
19;0;620621877;19;148;304;309;7.44;0.46;29.58;4.52;285;0;52.00;5
20;0;620621879;20;149;304;309;7.38;0.46;28.95;4.52;284;0;53.00;5
21;0;620621882;21;150;306;312;7.44;0.46;30.10;4.49;285;0;54.00;6
21;0;620621885;21;154;306;312;7.35;0.46;30.10;4.49;285;0;55.00;6
22;0;620621887;22;143;307;312;7.32;0.45;30.23;4.48;285;0;56.00;5
23;0;620621890;23;138;307;312;7.20;0.45;30.35;4.48;284;0;57.00;5
25;0;620621893;25;136;312;318;7.22;0.45;32.44;4.43;287;0;58.00;6
26;0;620621896;26;138;312;318;7.26;0.45;33.38;4.43;286;0;59.00;6
27;0;620621901;27;144;312;318;7.24;0.45;34.37;4.43;285;0;60.00;6
28;0;620621904;28;146;313;318;7.16;0.44;35.32;4.42;285;0;61.00;5
29;0;620621907;29;148;317;322;7.24;0.45;36.24;4.38;288;0;62.00;5
29;0;620621910;29;150;318;323;7.33;0.45;36.24;4.37;289;0;63.00;5
29;0;620621913;29;153;318;323;7.44;0.46;36.24;4.37;289;0;64.00;5
31;0;620621915;31;153;319;324;7.50;0.46;36.65;4.36;288;0;65.00;5
33;0;620621918;33;156;319;324;7.50;0.46;38.21;4.36;286;0;66.00;5
34;0;620621921;34;145;319;324;7.60;0.46;38.91;4.36;285;0;67.00;5
35;0;620621924;35;141;319;324;7.71;0.47;39.74;4.36;284;0;68.00;5
35;0;620621927;35;138;319;324;7.79;0.47;39.74;4.36;284;0;69.00;5
35;0;620621929;35;132;319;324;7.93;0.48;39.74;4.36;284;0;70.00;5
35;0;620621932;35;130;319;324;8.13;0.49;39.74;4.36;284;0;71.00;5
35;0;620621935;35;134;351;394;8.30;0.51;39.74;3.96;316;0;72.00;43
35;0;620621946;35;128;352;395;8.46;0.52;39.74;3.95;317;0;73.00;43
35;0;620621950;35;122;359;395;8.74;0.53;39.74;3.91;324;0;74.00;36
35;0;620621953;35;120;361;395;8.96;0.55;39.74;3.91;326;0;75.00;34
36;0;620621957;36;117;364;395;9.17;0.56;40.17;3.91;328;0;76.00;31
36;0;620621966;36;115;367;395;9.37;0.57;40.17;3.92;331;0;77.00;28
37;0;620621970;37;117;370;395;9.46;0.57;41.19;3.94;333;0;78.00;25
37;0;620621979;37;121;373;395;9.52;0.58;41.19;3.96;336;0;79.00;22
37;0;620621983;37;121;376;396;9.45;0.57;41.19;3.99;339;0;80.00;20
38;0;620621987;38;123;378;397;9.43;0.57;42.24;4.02;340;0;81.00;19
39;0;620621991;39;122;380;397;9.47;0.58;42.79;4.03;341;0;82.00;17
39;0;620621995;39;128;385;401;9.42;0.57;42.79;4.02;346;0;83.00;16
39;0;620621998;39;128;386;401;9.43;0.57;42.79;4.02;347;0;84.00;15
40;0;620622002;40;129;386;401;9.33;0.57;43.63;4.02;346;0;85.00;15
40;0;620622005;40;129;386;401;9.22;0.56;43.63;4.02;346;0;86.00;15
40;0;620622009;40;129;391;407;9.12;0.56;43.63;3.98;351;0;87.00;16
42;0;620622013;42;131;391;407;9.03;0.55;45.74;3.98;349;0;88.00;16
44;0;620622017;44;130;391;407;8.94;0.55;47.59;3.98;347;0;89.00;16
47;0;620622022;47;129;395;413;8.99;0.55;50.30;3.94;348;0;90.00;18
47;0;620622027;47;129;395;413;8.92;0.54;50.30;3.94;348;0;91.00;18
49;0;620622030;49;131;397;413;8.90;0.54;52.00;3.93;348;0;92.00;16
50;0;620622033;50;134;398;414;8.75;0.53;52.82;3.92;348;0;93.00;16
52;0;620622037;52;136;399;415;8.66;0.53;53.02;3.91;347;0;94.00;16
53;0;620622041;53;136;399;415;8.60;0.52;53.81;3.91;346;0;95.00;16
54;0;620622044;54;136;410;428;8.49;0.52;54.59;3.81;356;0;96.00;18
56;0;620622048;56;135;410;428;8.47;0.52;56.11;3.81;354;0;97.00;18
59;0;620622052;59;133;410;428;8.50;0.52;58.15;3.81;351;0;98.00;18
60;0;620622057;60;131;411;429;8.60;0.53;58.83;3.80;351;0;99.00;18
61;0;620622062;61;127;411;429;8.74;0.53;59.16;3.80;350;0;100.00;18
63;0;620622070;63;125;414;433;8.90;0.55;60.46;3.78;351;0;101.00;19
64;0;620622075;64;119;414;433;9.00;0.55;61.05;3.78;350;0;102.00;19
65;0;620622084;65;115;418;437;9.01;0.55;61.60;3.75;353;0;103.00;19
67;0;620622088;67;108;420;437;9.12;0.56;62.87;3.89;353;0;104.00;17
68;0;620622093;68;100;420;437;9.32;0.57;63.49;3.89;352;0;105.00;17
68;0;620622098;68;95;420;437;9.52;0.58;63.49;3.89;352;0;106.00;17
69;0;620622102;69;92;420;437;9.60;0.58;64.09;3.89;351;0;107.00;17
69;0;620622105;69;85;430;449;9.71;0.59;64.09;3.80;361;0;108.00;19
70;0;620622110;70;80;431;449;9.78;0.60;64.21;3.79;361;0;109.00;18
70;0;620622115;70;77;432;449;9.86;0.60;64.21;3.78;362;0;110.00;17
71;0;620622119;71;72;432;449;9.96;0.61;64.87;3.78;361;0;111.00;17
72;0;620622123;72;74;432;449;10.14;0.62;65.49;3.78;360;0;112.00;17
73;0;620622127;73;73;432;449;10.25;0.63;66.14;3.78;359;0;113.00;17
73;0;620622132;73;70;433;450;10.41;0.64;66.14;3.78;360;0;114.00;17
74;0;620622137;74;69;433;450;10.49;0.64;66.80;3.78;359;0;115.00;17
74;0;620622141;74;69;438;456;10.74;0.65;66.80;3.75;364;0;116.00;18
74;0;620622147;74;67;441;457;10.78;0.66;66.80;3.93;367;0;117.00;16
75;0;620622152;75;67;442;457;10.89;0.66;67.48;4.18;367;0;118.00;15
75;0;620622157;75;71;442;457;10.95;0.67;67.48;4.18;367;0;119.00;15
77;0;620622163;77;75;448;462;11.04;0.67;68.78;4.34;371;0;120.00;14
78;0;620622169;78;77;449;462;11.17;0.68;69.42;4.60;371;0;121.00;13
78;0;620622174;78;79;449;462;11.33;0.69;69.42;4.60;371;0;122.00;13
79;0;620622179;79;77;452;463;11.42;0.70;70.05;4.96;373;0;123.00;11
79;0;620622184;79;78;457;467;11.36;0.70;70.05;5.03;378;0;124.00;10
82;0;620622190;82;78;458;467;11.43;0.70;71.98;5.18;376;0;125.00;9
82;0;620622196;82;82;462;470;11.57;0.71;71.98;5.28;380;0;126.00;8
82;0;620622201;82;81;464;470;11.80;0.72;71.98;5.43;382;0;127.00;6
83;0;620622207;83;80;466;470;11.91;0.73;72.22;5.56;383;0;128.00;4
83;0;620622212;83;80;466;470;11.97;0.73;72.22;5.56;383;0;129.00;4
83;0;620622218;83;83;471;474;12.11;0.74;72.22;5.63;388;0;130.00;3
84;0;620622224;84;86;471;474;12.15;0.74;72.76;5.63;387;0;131.00;3
87;0;620622230;87;86;471;474;12.18;0.75;73.95;5.63;384;0;132.00;3
87;0;620622240;87;87;472;474;12.24;0.75;73.95;5.69;385;0;133.00;2
89;0;620622246;89;87;473;475;12.24;0.75;75.30;5.68;384;0;134.00;2
89;0;620622252;89;88;476;477;12.22;0.75;75.30;5.73;387;0;135.00;1
92;0;620622259;92;90;476;477;12.18;0.75;76.77;5.73;384;0;136.00;1
92;0;620622265;92;90;478;478;12.10;0.74;76.77;5.74;386;0;137.00;0
96;0;620622271;96;92;478;478;11.99;0.73;79.19;5.74;382;0;138.00;0
99;0;620622283;99;94;478;478;11.80;0.72;80.14;5.74;379;0;139.00;0
101;0;620622289;101;96;478;478;11.70;0.72;79.54;5.74;377;0;140.00;0
101;0;620622294;101;97;478;478;11.64;0.71;79.54;5.74;377;0;141.00;0
103;0;620622299;103;99;478;478;11.56;0.71;80.76;5.74;375;0;142.00;0
105;0;620622305;105;101;478;478;11.47;0.71;81.36;5.74;373;0;143.00;0
105;0;620622310;105;121;548;605;11.15;0.70;81.36;5.02;443;0;144.00;57
106;0;620622325;106;112;554;606;11.03;0.69;81.96;4.97;448;0;145.00;52
108;0;620622338;108;111;563;606;11.07;0.69;81.70;4.93;455;0;146.00;43
108;0;620622345;108;110;565;606;10.88;0.68;81.70;4.92;457;0;147.00;41
108;0;620622350;108;114;572;606;10.83;0.68;81.70;4.91;464;0;148.00;34
112;0;620622355;112;114;575;606;10.63;0.67;84.06;4.91;463;0;149.00;31
117;0;620622363;117;114;580;611;10.33;0.65;85.50;4.90;463;0;150.00;31
119;0;620622371;119;115;583;611;10.27;0.64;86.57;4.91;464;0;151.00;28
121;0;620622376;121;114;586;612;10.23;0.64;87.62;4.92;465;0;152.00;26
122;0;620622382;122;119;590;613;10.16;0.63;88.12;4.95;468;0;153.00;23
125;0;620622388;125;118;591;613;10.22;0.64;89.09;4.96;466;0;154.00;22
128;0;620622394;128;122;595;614;10.24;0.64;89.48;4.98;467;0;155.00;19
129;0;620622400;129;127;598;614;10.20;0.63;89.95;5.00;469;0;156.00;16
129;0;620622405;129;132;600;614;10.21;0.63;89.95;5.03;471;0;157.00;14
133;0;620622411;133;135;603;614;10.12;0.63;90.91;5.07;470;0;158.00;11
133;0;620622417;133;138;607;618;10.06;0.62;90.91;5.09;474;0;159.00;11
135;0;620622423;135;142;609;618;9.98;0.62;90.84;5.11;474;0;160.00;9
136;0;620622429;136;143;611;618;9.88;0.61;91.34;5.11;475;0;161.00;7
139;0;620622435;139;146;612;621;9.75;0.60;92.76;5.10;473;0;162.00;9
140;0;620622442;140;147;614;621;9.64;0.60;93.11;5.11;474;0;163.00;7
141;0;620622449;141;148;614;621;9.72;0.60;93.60;5.11;473;0;164.00;7
145;0;620622455;145;147;619;625;9.63;0.59;95.39;5.15;474;0;165.00;6
147;0;620622462;147;147;621;626;9.53;0.59;95.70;5.17;474;0;166.00;5
150;0;620622469;150;147;623;626;9.33;0.58;96.00;5.21;473;0;167.00;3
152;0;620622475;152;143;627;630;9.15;0.57;96.15;5.18;475;0;168.00;3
153;0;620622484;153;151;628;630;8.96;0.56;96.63;5.18;475;0;169.00;2
155;0;620622492;155;136;628;630;8.87;0.55;97.35;5.18;473;0;170.00;2
155;0;620622501;155;132;629;631;8.89;0.55;97.35;5.17;474;0;171.00;2
157;0;620622508;157;133;629;631;8.96;0.56;97.73;5.17;472;0;172.00;2
158;0;620622514;158;130;635;637;9.13;0.57;98.03;5.13;477;0;173.00;2
159;0;620622521;159;132;637;637;9.24;0.57;98.43;5.17;478;0;174.00;0
161;0;620622527;161;131;638;638;9.18;0.57;98.76;5.16;477;0;175.00;0
162;0;620622533;162;132;638;638;9.21;0.57;98.78;5.16;476;0;176.00;0
162;0;620622539;162;128;638;638;9.21;0.57;98.78;5.16;476;0;177.00;0
164;0;620622545;164;123;638;638;9.26;0.57;98.96;5.16;474;0;178.00;0
164;0;620622551;164;119;638;638;9.24;0.57;98.96;5.16;474;0;179.00;0
164;0;620622558;164;123;669;672;9.29;0.57;98.96;4.92;505;0;180.00;3
164;0;620622566;164;117;669;672;9.26;0.57;98.96;4.92;505;0;181.00;3
165;0;620622572;165;121;671;672;9.30;0.58;98.94;4.91;506;0;182.00;1
166;0;620622578;166;124;671;672;9.27;0.57;99.43;4.91;505;0;183.00;1
168;0;620622585;168;127;672;672;9.34;0.58;100.15;4.91;504;0;184.00;0
170;0;620622591;170;137;672;672;9.38;0.58;100.18;4.91;502;0;185.00;0
171;0;620622596;171;141;676;676;9.45;0.58;100.24;4.89;505;0;186.00;0
172;0;620622603;172;151;676;676;9.45;0.58;100.30;4.89;504;0;187.00;0
172;0;620622609;172;152;680;680;9.53;0.59;100.30;4.87;508;0;188.00;0
178;0;620622615;178;156;681;681;9.36;0.58;101.09;4.86;503;0;189.00;0
180;0;620622621;180;163;681;681;9.25;0.57;101.09;4.86;501;0;190.00;0
182;0;620622627;182;164;681;681;9.06;0.56;101.35;4.86;499;0;191.00;0
184;0;620622633;184;175;694;694;8.98;0.55;101.17;4.77;510;0;192.00;0
188;0;620622640;188;173;694;694;8.83;0.54;100.89;4.77;506;0;193.00;0
188;0;620622646;188;180;694;694;8.75;0.54;100.89;4.77;506;0;194.00;0
191;0;620622663;191;189;695;695;8.60;0.53;100.35;4.76;504;0;195.00;0
192;0;620622669;192;194;696;696;8.53;0.53;100.10;4.76;504;0;196.00;0
194;0;620622676;194;196;696;696;8.47;0.52;99.61;4.76;502;0;197.00;0
199;0;620622681;199;200;698;699;8.36;0.52;99.60;4.74;499;0;198.00;1
201;0;620622687;201;202;698;699;8.24;0.51;100.42;4.74;497;0;199.00;1
203;0;620622693;203;208;699;699;8.07;0.50;100.42;4.74;496;0;200.00;0
203;0;620622703;203;212;699;699;7.83;0.48;100.42;4.74;496;0;201.00;0
205;0;620622709;205;218;705;705;7.66;0.47;100.48;4.71;500;0;202.00;0
208;0;620622715;208;226;705;705;7.47;0.46;100.39;4.71;497;0;203.00;0
209;0;620622721;209;233;705;705;7.35;0.45;100.87;4.71;496;0;204.00;0
212;0;620622727;212;235;705;705;7.14;0.44;100.63;4.71;493;0;205.00;0
214;0;620622732;214;239;709;709;7.10;0.44;99.91;4.69;495;0;206.00;0
216;0;620622738;216;242;710;710;7.06;0.43;100.11;4.68;494;0;207.00;0
216;0;620622744;216;239;710;710;7.07;0.43;100.11;4.68;494;0;208.00;0
217;0;620622749;217;243;711;711;7.05;0.43;100.35;4.68;494;0;209.00;0
219;0;620622756;219;243;711;711;6.98;0.43;100.31;4.68;492;0;210.00;0
220;0;620622761;220;249;711;711;6.95;0.43;100.46;4.68;491;0;211.00;0
221;0;620622767;221;252;711;711;6.91;0.42;100.55;4.68;490;0;212.00;0
221;0;620622772;221;257;711;711;6.84;0.42;100.55;4.68;490;0;213.00;0
223;0;620622777;223;261;711;711;6.73;0.41;101.13;4.68;488;0;214.00;0
224;0;620622783;224;265;711;711;6.74;0.41;101.61;4.68;487;0;215.00;0
225;0;620622789;225;279;755;781;7.02;0.43;101.48;4.40;530;0;216.00;26
227;0;620622800;227;264;757;782;7.01;0.43;102.28;4.39;530;0;217.00;25
228;0;620622808;228;256;764;782;7.12;0.44;102.79;4.37;536;0;218.00;18
232;0;620622814;232;241;767;782;7.25;0.44;104.78;4.37;535;0;219.00;15
233;0;620622821;233;235;769;782;7.38;0.45;105.00;4.37;536;0;220.00;13
233;0;620622827;233;229;771;782;7.47;0.46;105.00;4.37;538;0;221.00;11
233;0;620622834;233;223;773;782;7.58;0.46;105.00;4.37;540;0;222.00;9
233;0;620622840;233;224;776;782;7.72;0.47;105.00;4.38;543;0;223.00;6
234;0;620622846;234;228;777;783;7.75;0.47;105.16;4.39;543;0;224.00;6
235;0;620622852;235;228;780;785;7.74;0.47;105.65;4.39;545;0;225.00;5
236;0;620622859;236;215;783;785;7.84;0.48;105.77;4.40;547;0;226.00;2
236;0;620622866;236;208;788;789;7.88;0.48;105.77;4.40;552;0;227.00;1
239;0;620622879;239;196;789;789;7.96;0.49;106.00;4.39;550;0;228.00;0
239;0;620622886;239;192;789;789;8.08;0.49;106.00;4.39;550;0;229.00;0
241;0;620622893;241;184;789;789;8.27;0.51;105.79;4.39;548;0;230.00;0
242;0;620622900;242;178;795;795;8.48;0.52;106.11;4.37;553;0;231.00;0
243;0;620622913;243;174;795;795;8.71;0.53;106.03;4.37;552;0;232.00;0
244;0;620622920;244;172;795;795;8.75;0.54;106.55;4.37;551;0;233.00;0
245;0;620622927;245;168;797;798;8.80;0.54;106.48;4.36;552;0;234.00;1
246;0;620622934;246;169;797;798;8.87;0.54;106.96;4.36;551;0;235.00;1
248;0;620622942;248;164;798;798;8.95;0.55;107.80;4.35;550;0;236.00;0
248;0;620622948;248;157;799;799;9.03;0.55;107.80;4.35;551;0;237.00;0
250;0;620622955;250;152;800;800;9.15;0.56;108.82;4.35;550;0;238.00;0
251;0;620622962;251;148;800;800;9.24;0.57;108.76;4.35;549;0;239.00;0
255;0;620622971;255;146;825;826;9.24;0.57;109.11;4.21;570;0;240.00;1
258;0;620622980;258;138;825;826;9.34;0.57;109.64;4.21;567;0;241.00;1
260;0;620622994;260;135;826;826;9.43;0.58;110.26;4.21;566;0;242.00;0
264;0;620623001;264;131;827;827;9.53;0.58;111.25;4.21;563;0;243.00;0
265;0;620623008;265;127;827;827;9.63;0.59;111.20;4.21;562;0;244.00;0
266;0;620623016;266;130;831;831;9.71;0.59;111.70;4.19;565;0;245.00;0
267;0;620623023;267;129;831;831;9.77;0.60;111.51;4.19;564;0;246.00;0
270;0;620623029;270;125;835;835;9.78;0.60;112.39;4.18;565;0;247.00;0
271;0;620623035;271;125;835;835;9.94;0.61;112.35;4.18;564;0;248.00;0
273;0;620623042;273;122;835;835;10.04;0.61;112.30;4.18;562;0;249.00;0
275;0;620623048;275;124;835;835;10.14;0.62;112.72;4.18;560;0;250.00;0
276;0;620623054;276;124;835;835;10.20;0.62;113.18;4.18;559;0;251.00;0
278;0;620623060;278;126;845;847;10.26;0.63;113.65;4.13;567;0;252.00;2
278;0;620623068;278;128;845;847;10.30;0.63;113.65;4.13;567;0;253.00;2
280;0;620623074;280;130;847;847;10.38;0.63;114.31;4.12;567;0;254.00;0
282;0;620623081;282;134;847;847;10.33;0.63;114.98;4.12;565;0;255.00;0
282;0;620623087;282;138;847;847;10.39;0.63;114.98;4.12;565;0;256.00;0
285;0;620623093;285;141;847;847;10.37;0.63;115.81;4.12;562;0;257.00;0
285;0;620623099;285;146;848;848;10.38;0.63;115.81;4.12;563;0;258.00;0
287;0;620623105;287;152;848;848;10.42;0.63;116.27;4.12;561;0;259.00;0
288;0;620623112;288;150;854;854;10.39;0.63;116.14;4.10;566;0;260.00;0
290;0;620623118;290;148;855;855;10.40;0.63;116.01;4.09;565;0;261.00;0
291;0;620623125;291;142;855;855;10.37;0.63;116.09;4.09;564;0;262.00;0
291;0;620623131;291;140;855;855;10.41;0.63;116.09;4.09;564;0;263.00;0
293;0;620623137;293;137;859;859;10.41;0.63;116.33;4.07;566;0;264.00;0
297;0;620623144;297;133;859;859;10.42;0.63;117.28;4.07;562;0;265.00;0
297;0;620623151;297;130;859;859;10.54;0.64;117.28;4.07;562;0;266.00;0
298;0;620623158;298;131;860;860;10.63;0.64;117.30;4.07;562;0;267.00;0
300;0;620623164;300;132;864;864;10.61;0.64;118.17;4.05;564;0;268.00;0
306;0;620623170;306;127;864;864;10.66;0.65;119.21;4.05;558;0;269.00;0
308;0;620623178;308;126;868;870;10.72;0.65;119.72;4.04;560;0;270.00;2
310;0;620623185;310;120;868;870;10.64;0.64;119.77;4.04;558;0;271.00;2
313;0;620623191;313;114;870;870;10.67;0.65;120.05;4.03;557;0;272.00;0
317;0;620623199;317;112;870;870;10.55;0.64;120.64;4.03;553;0;273.00;0
319;0;620623205;319;111;874;874;10.56;0.64;120.76;4.02;555;0;274.00;0
321;0;620623217;321;99;874;874;10.65;0.64;120.67;4.02;553;0;275.00;0
322;0;620623224;322;93;874;874;10.73;0.65;120.71;4.02;552;0;276.00;0
323;0;620623231;323;95;874;874;10.91;0.66;121.15;4.02;551;0;277.00;0
325;0;620623237;325;89;875;875;11.02;0.67;121.12;4.01;550;0;278.00;0
328;0;620623244;328;86;876;876;11.16;0.68;121.90;4.01;548;0;279.00;0
329;0;620623251;329;82;876;876;11.30;0.69;121.94;4.01;547;0;280.00;0
331;0;620623258;331;77;877;877;11.45;0.69;122.01;4.01;546;0;281.00;0
333;0;620623265;333;72;877;877;11.49;0.70;121.89;4.01;544;0;282.00;0
334;0;620623277;334;76;877;877;11.65;0.71;121.62;4.01;543;0;283.00;0
335;0;620623286;335;75;877;877;11.80;0.72;121.94;4.01;542;0;284.00;0
337;0;620623296;337;74;877;877;11.93;0.72;122.06;4.01;540;0;285.00;0
337;0;620623308;337;75;877;877;12.04;0.73;122.06;4.01;540;0;286.00;0
337;0;620623318;337;75;877;877;12.15;0.74;122.06;4.01;540;0;287.00;0
340;0;620623328;340;97;948;1004;11.71;0.72;122.97;3.71;608;0;288.00;56
342;0;620623350;342;84;952;1005;11.74;0.72;123.69;3.70;610;0;289.00;53
342;0;620623362;342;82;957;1005;11.72;0.72;123.69;3.69;615;0;290.00;48
342;0;620623372;342;81;961;1005;11.64;0.72;123.69;3.69;619;0;291.00;44
343;0;620623381;343;79;964;1005;11.60;0.71;123.75;3.69;621;0;292.00;41
345;0;620623391;345;80;967;1005;11.53;0.71;124.23;3.69;622;0;293.00;38
348;0;620623407;348;82;968;1005;11.44;0.70;124.58;3.69;620;0;294.00;37
349;0;620623415;349;84;971;1005;11.43;0.70;125.04;3.70;622;0;295.00;34
351;0;620623424;351;82;974;1006;11.44;0.70;125.77;3.72;623;0;296.00;32
352;0;620623432;352;86;979;1007;11.47;0.71;125.58;3.74;627;0;297.00;28
356;0;620623441;356;91;982;1007;11.44;0.70;126.15;3.76;626;0;298.00;25
359;0;620623449;359;94;985;1008;11.39;0.70;126.40;3.78;626;0;299.00;23
362;0;620623468;362;99;990;1014;11.26;0.69;127.66;3.80;628;0;300.00;24
363;0;620623481;363;96;993;1014;11.17;0.69;127.72;3.83;630;0;301.00;21
365;0;620623489;365;101;995;1014;11.10;0.68;127.68;3.85;630;0;302.00;19
369;0;620623497;369;105;1000;1018;10.88;0.67;128.49;3.88;631;0;303.00;18
371;0;620623506;371;111;1003;1018;10.79;0.66;129.10;3.91;632;0;304.00;15
372;0;620623514;372;119;1006;1018;10.75;0.66;128.99;3.92;634;0;305.00;12
375;1;620623522;375;124;1009;1021;10.71;0.66;129.67;3.93;634;1;306.00;12
377;1;620623537;377;126;1010;1021;10.75;0.66;129.72;3.94;633;1;307.00;11
378;1;620623549;378;132;1011;1021;10.76;0.66;130.01;3.94;633;1;308.00;10
380;1;620623557;380;138;1015;1025;10.65;0.65;130.61;3.94;635;1;309.00;10
381;1;620623566;381;140;1017;1026;10.63;0.65;130.52;3.96;636;1;310.00;9
381;1;620623573;381;145;1019;1026;10.53;0.65;130.52;3.98;638;1;311.00;7
384;1;620623581;384;154;1024;1030;10.39;0.64;130.56;3.97;640;1;312.00;6
385;1;620623589;385;154;1025;1030;10.25;0.63;130.98;3.97;640;1;313.00;5
388;1;620623597;388;156;1026;1030;10.10;0.62;131.70;3.99;638;1;314.00;4
390;1;620623605;390;163;1029;1032;9.93;0.61;132.01;3.99;639;1;315.00;3
393;1;620623618;393;175;1030;1032;9.83;0.60;132.44;4.02;637;1;316.00;2
396;1;620623626;396;180;1036;1038;9.69;0.59;132.71;4.00;640;1;317.00;2
399;1;620623640;399;186;1036;1038;9.53;0.59;133.33;4.00;637;1;318.00;2
399;1;620623649;399;181;1037;1039;9.34;0.57;133.33;4.00;638;1;319.00;2
400;1;620623658;400;177;1037;1039;9.22;0.57;133.78;4.00;637;1;320.00;2
402;1;620623666;402;181;1037;1039;9.14;0.56;134.19;4.00;635;1;321.00;2
403;1;620623673;403;181;1039;1039;8.97;0.55;134.21;4.03;636;1;322.00;0
404;1;620623680;404;190;1039;1039;8.91;0.55;134.08;4.03;635;1;323.00;0
408;1;620623686;408;196;1050;1051;8.85;0.54;134.84;3.99;642;1;324.00;1
410;1;620623694;410;200;1050;1051;8.87;0.55;134.76;3.99;640;1;325.00;1
411;1;620623702;411;203;1051;1051;8.86;0.55;135.08;3.99;640;1;326.00;0
416;1;620623709;416;201;1051;1051;8.87;0.54;135.25;3.99;635;1;327.00;0
418;1;620623716;418;203;1051;1051;8.87;0.54;135.59;3.99;633;1;328.00;0
421;1;620623723;421;206;1051;1051;8.90;0.54;135.92;3.99;630;1;329.00;0
423;1;620623731;423;209;1055;1055;8.85;0.54;136.48;3.98;632;1;330.00;0
423;1;620623739;423;215;1055;1055;8.84;0.54;136.48;3.98;632;1;331.00;0
425;1;620623746;425;218;1059;1059;8.82;0.54;136.55;3.97;634;1;332.00;0
427;1;620623753;427;222;1060;1060;8.65;0.53;137.13;3.96;633;1;333.00;0
428;1;620623759;428;224;1060;1060;8.60;0.53;137.54;3.96;632;1;334.00;0
432;1;620623766;432;222;1060;1060;8.46;0.52;137.96;3.96;628;1;335.00;0
436;1;620623773;436;222;1072;1073;8.27;0.51;138.42;3.92;636;1;336.00;1
436;1;620623780;436;224;1073;1073;8.19;0.50;138.42;3.92;637;1;337.00;0
444;1;620623786;444;230;1073;1073;8.01;0.49;140.06;3.92;629;1;338.00;0
446;1;620623793;446;233;1074;1074;7.87;0.48;140.36;3.91;628;1;339.00;0
451;1;620623799;451;228;1075;1075;7.76;0.47;141.11;3.91;624;1;340.00;0
454;1;620623806;454;225;1075;1075;7.73;0.47;141.95;3.91;621;1;341.00;0
457;1;620623812;457;223;1078;1078;7.77;0.48;143.23;3.90;621;1;342.00;0
459;1;620623819;459;216;1078;1078;7.71;0.47;143.94;3.90;619;1;343.00;0
461;1;620623825;461;214;1078;1078;7.75;0.48;144.46;3.90;617;1;344.00;0
463;1;620623831;463;218;1078;1078;7.82;0.48;144.70;3.90;615;1;345.00;0
464;1;620623838;464;220;1083;1084;7.93;0.49;145.10;3.89;619;1;346.00;1
467;1;620623845;467;217;1084;1084;7.86;0.48;145.79;3.89;617;1;347.00;0
469;1;620623852;469;219;1084;1084;7.87;0.48;146.34;3.89;615;1;348.00;0
470;1;620623858;470;213;1084;1084;7.91;0.49;146.10;3.89;614;1;349.00;0
472;1;620623865;472;217;1088;1088;7.86;0.48;146.44;3.88;616;1;350.00;0
474;1;620623871;474;219;1089;1089;7.84;0.48;146.09;3.87;615;1;351.00;0
478;1;620623880;478;218;1089;1089;7.74;0.48;147.10;3.87;611;1;352.00;0
480;1;620623887;480;219;1090;1090;7.63;0.47;147.45;3.87;610;1;353.00;0
484;1;620623894;484;227;1090;1090;7.56;0.47;147.44;3.87;606;1;354.00;0
489;1;620623900;489;232;1090;1090;7.41;0.46;147.21;3.87;601;1;355.00;0
496;1;620623907;496;236;1090;1090;7.23;0.45;147.23;3.87;594;1;356.00;0
498;1;620623914;498;240;1090;1090;7.20;0.44;147.15;3.87;592;1;357.00;0
502;1;620623920;502;243;1090;1090;7.09;0.44;147.14;3.87;588;1;358.00;0
507;1;620623926;507;243;1090;1090;6.93;0.43;147.16;3.87;583;1;359.00;0
507;1;620623934;507;253;1152;1215;7.48;0.47;147.16;3.66;645;1;360.00;63
509;1;620623951;509;247;1160;1216;7.41;0.47;147.07;3.64;651;1;361.00;56
511;1;620623958;511;250;1174;1216;7.44;0.47;147.26;3.62;663;1;362.00;42
513;1;620623965;513;253;1176;1216;7.37;0.46;147.25;3.62;663;1;363.00;40
516;1;620623973;516;253;1180;1216;7.26;0.45;147.38;3.62;664;1;364.00;36
518;1;620623980;518;255;1184;1216;7.16;0.45;147.23;3.63;666;1;365.00;32
521;1;620623988;521;260;1191;1216;7.06;0.44;147.35;3.64;670;1;366.00;25
523;1;620623995;523;265;1196;1216;6.93;0.43;147.27;3.66;673;1;367.00;20
523;1;620624002;523;272;1199;1217;6.83;0.43;147.27;3.67;676;1;368.00;18
526;1;620624008;526;282;1203;1218;6.69;0.42;147.42;3.68;677;1;369.00;15
526;1;620624016;526;282;1205;1218;6.56;0.41;147.42;3.69;679;1;370.00;13
527;1;620624023;527;277;1212;1222;6.55;0.41;147.18;3.70;685;1;371.00;10
529;1;620624030;529;271;1214;1222;6.50;0.40;147.32;3.71;685;1;372.00;8
531;1;620624038;531;274;1217;1222;6.52;0.40;148.01;3.73;686;1;373.00;5
531;1;620624045;531;272;1219;1222;6.60;0.41;148.01;3.75;688;1;374.00;3
532;1;620624052;532;270;1226;1228;6.62;0.41;148.23;3.75;694;1;375.00;2
534;1;620624060;534;268;1227;1228;6.79;0.42;148.23;3.75;693;1;376.00;1
537;1;620624068;537;268;1227;1228;6.90;0.42;148.18;3.75;690;1;377.00;1
540;1;620624087;540;272;1230;1231;6.99;0.43;148.35;3.76;690;1;378.00;1
540;1;620624097;540;270;1230;1231;7.07;0.43;148.35;3.76;690;1;379.00;1
543;1;620624105;543;272;1231;1231;7.10;0.43;148.33;3.75;688;1;380.00;0
543;1;620624113;543;273;1232;1232;7.18;0.44;148.33;3.75;689;1;381.00;0
545;1;620624126;545;273;1233;1233;7.21;0.44;148.38;3.75;688;1;382.00;0
547;1;620624134;547;269;1233;1233;7.18;0.44;148.51;3.75;686;1;383.00;0
548;1;620624142;548;273;1246;1246;7.27;0.45;148.46;3.71;698;1;384.00;0
548;1;620624151;548;277;1246;1246;7.28;0.45;148.46;3.71;698;1;385.00;0
549;1;620624160;549;274;1246;1246;7.30;0.45;148.24;3.71;697;1;386.00;0
551;1;620624167;551;260;1247;1247;7.35;0.45;148.19;3.71;696;1;387.00;0
551;1;620624176;551;254;1247;1247;7.44;0.45;148.19;3.71;696;1;388.00;0
553;1;620624184;553;254;1251;1251;7.53;0.46;148.54;3.70;698;1;389.00;0
553;1;620624195;553;252;1251;1251;7.66;0.47;148.54;3.70;698;1;390.00;0
557;1;620624204;557;254;1255;1255;7.74;0.47;148.78;3.69;698;1;391.00;0
557;1;620624215;557;259;1255;1255;7.80;0.48;148.78;3.69;698;1;392.00;0
563;1;620624229;563;256;1255;1255;7.84;0.48;149.10;3.69;692;1;393.00;0
565;1;620624242;565;255;1255;1255;7.91;0.48;149.10;3.69;690;1;394.00;0
566;1;620624253;566;257;1255;1255;7.90;0.48;149.21;3.69;689;1;395.00;0
570;1;620624274;570;244;1265;1267;8.07;0.49;149.94;3.66;695;1;396.00;2
572;1;620624292;572;230;1266;1267;8.14;0.50;150.05;3.66;694;1;397.00;1
575;1;620624313;575;218;1267;1267;8.19;0.50;150.90;3.66;692;1;398.00;0
577;1;620624323;577;210;1267;1267;8.30;0.51;151.26;3.66;690;1;399.00;0
577;1;620624336;577;211;1267;1267;8.42;0.51;151.26;3.66;690;1;400.00;0
578;1;620624356;578;210;1267;1267;8.52;0.52;151.30;3.66;689;1;401.00;0
580;1;620624370;580;205;1268;1268;8.55;0.52;151.65;3.66;688;1;402.00;0
581;1;620624380;581;203;1268;1268;8.58;0.52;152.08;3.66;687;1;403.00;0
583;1;620624390;583;204;1274;1274;8.65;0.53;152.08;3.64;691;1;404.00;0
583;1;620624400;583;203;1276;1276;8.71;0.53;152.08;3.64;693;1;405.00;0
585;1;620624409;585;204;1276;1276;8.77;0.54;152.48;3.64;691;1;406.00;0
586;1;620624423;586;195;1276;1276;8.87;0.54;152.79;3.64;690;1;407.00;0
590;1;620624433;590;193;1279;1280;8.95;0.55;152.72;3.63;689;1;408.00;1
592;1;620624442;592;191;1280;1280;8.99;0.55;153.28;3.63;688;1;409.00;0
593;1;620624451;593;190;1280;1280;9.10;0.56;153.34;3.63;687;1;410.00;0
597;1;620624460;597;183;1281;1281;9.21;0.56;154.14;3.62;684;1;411.00;0
598;1;620624468;598;181;1285;1285;9.26;0.57;154.24;3.62;687;1;412.00;0
602;1;620624477;602;187;1285;1285;9.28;0.57;155.56;3.62;683;1;413.00;0
605;1;620624488;605;184;1287;1288;9.32;0.57;156.35;3.61;682;1;414.00;1
609;1;620624498;609;184;1287;1288;9.35;0.57;157.12;3.61;678;1;415.00;1
613;1;620624507;613;185;1288;1288;9.36;0.57;158.28;3.61;675;1;416.00;0
617;1;620624516;617;182;1288;1288;9.39;0.57;158.32;3.61;671;1;417.00;0
620;1;620624525;620;181;1292;1292;9.39;0.57;159.14;3.60;672;1;418.00;0
621;1;620624534;621;186;1292;1292;9.37;0.57;159.21;3.60;671;1;419.00;0
623;1;620624549;623;183;1292;1292;9.35;0.57;159.68;3.60;669;1;420.00;0
625;1;620624558;625;187;1292;1292;9.37;0.57;159.83;3.60;667;1;421.00;0
626;1;620624568;626;184;1293;1293;9.33;0.57;160.24;3.60;667;1;422.00;0
630;1;620624577;630;186;1294;1294;9.38;0.57;161.28;3.60;664;1;423.00;0
630;1;620624586;630;184;1294;1294;9.44;0.58;161.28;3.60;664;1;424.00;0
632;1;620624596;632;185;1295;1295;9.46;0.58;161.94;3.59;663;1;425.00;0
634;1;620624615;634;185;1295;1295;9.45;0.58;162.29;3.59;661;1;426.00;0
638;1;620624625;638;188;1295;1295;9.42;0.57;162.69;3.59;657;1;427.00;0
639;1;620624634;639;190;1295;1295;9.48;0.58;162.73;3.59;656;1;428.00;0
642;1;620624644;642;191;1295;1295;9.49;0.58;163.50;3.59;653;1;429.00;0
644;1;620624657;644;184;1295;1295;9.57;0.58;163.35;3.59;651;1;430.00;0
645;1;620624670;645;176;1295;1295;9.68;0.59;163.49;3.59;650;1;431.00;0
649;1;620624681;649;205;1374;1422;9.36;0.58;163.22;3.39;725;1;432.00;48
650;1;620624701;650;189;1374;1423;9.47;0.59;163.40;3.39;724;1;433.00;49
651;1;620624711;651;168;1379;1423;9.69;0.60;163.80;3.39;728;1;434.00;44
651;1;620624721;651;163;1379;1423;9.80;0.61;163.80;3.39;728;1;435.00;44
654;1;620624731;654;155;1385;1423;9.90;0.61;164.33;3.39;731;1;436.00;38
658;1;620624740;658;156;1385;1423;9.97;0.61;165.05;3.39;727;1;437.00;38
662;1;620624750;662;154;1388;1423;9.98;0.61;165.70;3.39;726;1;438.00;35
666;1;620624759;666;157;1391;1423;10.08;0.62;165.64;3.40;725;1;439.00;32
669;1;620624778;669;156;1394;1424;10.10;0.62;166.30;3.41;725;1;440.00;30
670;1;620624788;670;156;1399;1425;10.14;0.62;166.32;3.43;729;1;441.00;26
676;1;620624798;676;146;1402;1425;10.11;0.62;167.56;3.45;726;1;442.00;23
676;1;620624808;676;151;1406;1426;10.18;0.63;167.56;3.47;730;1;443.00;20
677;1;620624817;677;143;1407;1426;10.21;0.63;167.86;3.47;730;1;444.00;19
679;1;620624826;679;144;1411;1426;10.19;0.63;168.09;3.50;732;1;445.00;15
686;1;620624835;686;138;1411;1426;10.23;0.63;168.99;3.50;725;1;446.00;15
689;1;620624845;689;136;1415;1430;10.25;0.63;169.30;3.51;726;1;447.00;15
691;1;620624854;691;136;1417;1430;10.30;0.63;169.67;3.52;726;1;448.00;13
696;1;620624863;696;129;1418;1430;10.31;0.63;170.38;3.52;722;1;449.00;12
700;1;620624880;700;132;1423;1436;10.31;0.63;170.45;3.52;723;1;450.00;13
703;1;620624891;703;126;1424;1436;10.26;0.63;170.45;3.54;721;1;451.00;12
707;1;620624900;707;133;1425;1436;10.21;0.62;170.73;3.53;718;1;452.00;11
708;1;620624915;708;129;1429;1440;10.18;0.62;170.72;3.54;721;1;453.00;11
713;1;620624925;713;129;1431;1441;10.16;0.62;170.95;3.55;718;1;454.00;10
716;1;620624935;716;128;1432;1441;10.11;0.62;170.90;3.57;716;1;455.00;9
720;1;620624945;720;132;1436;1445;10.06;0.61;170.95;3.57;716;1;456.00;9
723;1;620624956;723;135;1437;1445;10.04;0.61;171.04;3.57;714;1;457.00;8
725;1;620624966;725;138;1437;1445;10.00;0.61;171.02;3.57;712;1;458.00;8
726;1;620624976;726;136;1438;1446;10.01;0.61;171.08;3.57;712;1;459.00;8
730;1;620624986;730;135;1438;1446;9.94;0.60;171.68;3.57;708;1;460.00;8
732;1;620624995;732;141;1444;1452;9.88;0.60;171.70;3.59;712;1;461.00;8
734;1;620625005;734;143;1444;1452;9.85;0.60;172.25;3.59;710;1;462.00;8
737;1;620625014;737;141;1444;1453;9.78;0.59;172.50;3.59;707;1;463.00;9
738;1;620625023;738;149;1445;1453;9.68;0.59;172.64;3.61;707;1;464.00;8
738;1;620625034;738;150;1446;1453;9.67;0.59;172.64;3.63;708;1;465.00;7
740;1;620625045;740;155;1446;1453;9.70;0.59;172.66;3.63;706;1;466.00;7
743;1;620625054;743;155;1447;1453;9.70;0.59;172.48;3.63;704;1;467.00;6
747;1;620625064;747;160;1456;1465;9.75;0.59;172.80;3.61;709;1;468.00;9
750;1;620625075;750;162;1456;1465;9.72;0.59;172.89;3.61;706;1;469.00;9
752;1;620625087;752;170;1460;1465;9.71;0.59;173.37;3.64;708;1;470.00;5
753;1;620625098;753;172;1460;1465;9.72;0.59;173.74;3.64;707;1;471.00;5
753;1;620625110;753;175;1461;1465;9.74;0.59;173.74;3.65;708;1;472.00;4
755;1;620625121;755;182;1462;1465;9.66;0.59;174.04;3.66;707;1;473.00;3
759;1;620625131;759;184;1466;1469;9.63;0.59;174.16;3.67;707;1;474.00;3
761;1;620625142;761;191;1466;1469;9.65;0.59;174.09;3.67;705;1;475.00;3
762;1;620625151;762;197;1472;1473;9.69;0.59;174.11;3.67;710;1;476.00;1
765;1;620625162;765;198;1473;1474;9.66;0.59;174.19;3.67;708;1;477.00;1
766;1;620625172;766;203;1474;1474;9.57;0.59;174.21;3.67;708;1;478.00;0
767;1;620625181;767;206;1474;1474;9.49;0.58;174.59;3.67;707;1;479.00;0
769;1;620625192;769;216;1496;1500;9.39;0.58;174.53;3.61;727;1;480.00;4
772;1;620625203;772;220;1496;1500;9.30;0.57;174.41;3.61;724;1;481.00;4
773;1;620625213;773;227;1499;1500;9.25;0.57;174.44;3.61;726;1;482.00;1
774;1;620625222;774;234;1501;1501;9.21;0.56;174.45;3.61;727;1;483.00;0
776;1;620625231;776;235;1502;1502;9.08;0.56;174.73;3.61;726;1;484.00;0
777;1;620625240;777;244;1502;1502;8.94;0.55;174.60;3.61;725;1;485.00;0
780;1;620625262;780;244;1504;1505;8.81;0.54;174.69;3.60;724;1;486.00;1
781;1;620625273;781;247;1504;1505;8.72;0.53;174.63;3.60;723;1;487.00;1
787;1;620625293;787;256;1505;1505;8.63;0.53;174.53;3.60;718;1;488.00;0
788;1;620625307;788;251;1505;1505;8.55;0.52;174.47;3.60;717;1;489.00;0
792;1;620625319;792;248;1511;1511;8.50;0.52;174.04;3.59;719;1;490.00;0
794;1;620625334;794;246;1511;1511;8.46;0.52;173.93;3.59;717;1;491.00;0
794;1;620625346;794;248;1511;1511;8.45;0.52;173.93;3.59;717;1;492.00;0
795;1;620625360;795;250;1511;1511;8.40;0.51;173.81;3.59;716;1;493.00;0
798;1;620625374;798;257;1515;1515;8.32;0.51;173.65;3.58;717;1;494.00;0
802;1;620625387;802;257;1517;1517;8.29;0.51;173.43;3.58;715;1;495.00;0
804;1;620625397;804;258;1517;1517;8.32;0.51;173.13;3.58;713;1;496.00;0
806;1;620625407;806;259;1518;1518;8.40;0.51;173.29;3.58;712;1;497.00;0
806;1;620625416;806;260;1518;1518;8.53;0.52;173.29;3.58;712;1;498.00;0
806;1;620625424;806;264;1518;1518;8.64;0.53;173.29;3.58;712;1;499.00;0
809;1;620625433;809;267;1518;1518;8.68;0.53;173.14;3.58;709;1;500.00;0
811;1;620625448;811;269;1518;1518;8.65;0.53;173.25;3.58;707;1;501.00;0
816;1;620625457;816;268;1518;1518;8.58;0.52;173.73;3.58;702;1;502.00;0
819;1;620625467;819;273;1518;1518;8.48;0.52;173.68;3.58;699;1;503.00;0
823;1;620625476;823;288;1563;1588;8.48;0.52;173.53;3.47;740;1;504.00;25
828;1;620625493;828;280;1564;1589;8.27;0.51;174.17;3.47;736;1;505.00;25
829;1;620625504;829;281;1571;1589;8.22;0.50;174.05;3.46;742;1;506.00;18
831;1;620625513;831;284;1573;1589;8.07;0.49;174.24;3.46;742;1;507.00;16
836;1;620625522;836;285;1577;1589;7.93;0.48;174.61;3.47;741;1;508.00;12
838;1;620625532;838;292;1577;1589;7.78;0.48;174.29;3.47;739;1;509.00;12
841;1;620625542;841;282;1580;1589;7.77;0.47;175.33;3.47;739;1;510.00;9
845;1;620625550;845;280;1583;1589;7.66;0.47;175.89;3.48;738;1;511.00;6
846;1;620625558;846;281;1585;1590;7.54;0.46;176.12;3.48;739;1;512.00;5
849;1;620625566;849;279;1587;1591;7.44;0.45;176.67;3.49;738;1;513.00;4
852;1;620625573;852;279;1588;1591;7.33;0.45;176.97;3.49;736;1;514.00;3
854;1;620625583;854;284;1592;1595;7.18;0.44;176.76;3.48;738;1;515.00;3
856;1;620625593;856;289;1593;1595;7.12;0.43;177.36;3.49;737;1;516.00;2
859;1;620625602;859;288;1593;1595;7.04;0.43;177.85;3.49;734;1;517.00;2
859;1;620625611;859;286;1593;1595;7.07;0.43;177.85;3.49;734;1;518.00;2
860;1;620625620;860;293;1600;1601;7.03;0.43;178.20;3.49;740;1;519.00;1
861;1;620625630;861;292;1600;1601;7.05;0.43;178.49;3.49;739;1;520.00;1
864;1;620625638;864;292;1601;1601;7.00;0.43;178.98;3.49;737;1;521.00;0
864;1;620625647;864;295;1603;1604;6.93;0.42;178.98;3.48;739;1;522.00;1
867;1;620625656;867;282;1604;1604;6.86;0.42;179.22;3.48;737;1;523.00;0
868;1;620625665;868;277;1604;1604;6.81;0.42;179.50;3.48;736;1;524.00;0
868;1;620625674;868;272;1605;1605;6.83;0.42;179.50;3.48;737;1;525.00;0
873;1;620625683;873;268;1606;1606;6.86;0.42;179.90;3.48;733;1;526.00;0
876;1;620625693;876;268;1606;1606;6.89;0.42;179.60;3.48;730;1;527.00;0
881;1;620625706;881;267;1618;1619;7.00;0.43;179.77;3.45;737;1;528.00;1
883;1;620625720;883;268;1619;1619;7.14;0.44;179.94;3.45;736;1;529.00;0
886;1;620625736;886;264;1619;1619;7.22;0.44;180.00;3.45;733;1;530.00;0
889;1;620625747;889;262;1620;1620;7.36;0.45;180.29;3.45;731;1;531.00;0
890;1;620625757;890;261;1620;1620;7.40;0.45;180.34;3.45;730;1;532.00;0
897;1;620625771;897;262;1624;1624;7.40;0.45;180.62;3.44;727;1;533.00;0
898;1;620625781;898;256;1624;1624;7.37;0.45;180.60;3.44;726;1;534.00;0
902;1;620625796;902;255;1628;1628;7.37;0.45;181.09;3.44;726;1;535.00;0
905;1;620625806;905;258;1628;1628;7.36;0.45;181.44;3.44;723;1;536.00;0
907;1;620625815;907;259;1628;1628;7.32;0.45;181.82;3.44;721;1;537.00;0
908;1;620625824;908;255;1628;1628;7.29;0.44;181.70;3.44;720;1;538.00;0
911;1;620625832;911;252;1628;1628;7.29;0.44;182.26;3.44;717;1;539.00;0
911;1;620625844;911;260;1658;1662;7.51;0.46;182.26;3.38;747;1;540.00;4
915;1;620625855;915;258;1658;1662;7.51;0.46;182.03;3.38;743;1;541.00;4
916;1;620625864;916;257;1661;1662;7.64;0.47;182.18;3.37;745;1;542.00;1
919;1;620625872;919;251;1661;1662;7.73;0.47;182.30;3.37;742;1;543.00;1
922;1;620625881;922;248;1662;1662;7.77;0.48;182.29;3.37;740;1;544.00;0
925;1;620625891;925;248;1662;1662;7.77;0.48;182.14;3.37;737;1;545.00;0
928;1;620625901;928;243;1663;1663;7.77;0.48;182.06;3.37;735;1;546.00;0
930;1;620625913;930;239;1663;1663;7.75;0.48;181.77;3.37;733;1;547.00;0
935;1;620625921;935;238;1668;1669;7.76;0.47;182.09;3.37;733;1;548.00;1
938;1;620625932;938;243;1670;1670;7.70;0.47;182.46;3.36;732;1;549.00;0
940;1;620625941;940;246;1670;1670;7.65;0.47;182.59;3.36;730;1;550.00;0
943;1;620625950;943;251;1670;1670;7.61;0.46;182.58;3.36;727;1;551.00;0
943;1;620625958;943;252;1674;1674;7.63;0.46;182.58;3.35;731;1;552.00;0
944;1;620625969;944;257;1674;1674;7.55;0.46;182.59;3.35;730;1;553.00;0
945;1;620625978;945;259;1674;1674;7.48;0.46;182.71;3.35;729;1;554.00;0
946;1;620625986;946;269;1675;1675;7.38;0.45;182.71;3.35;729;1;555.00;0
949;1;620625995;949;269;1679;1679;7.31;0.45;182.81;3.35;730;1;556.00;0
952;1;620626005;952;258;1679;1679;7.24;0.44;183.07;3.35;727;1;557.00;0
952;1;620626014;952;250;1681;1682;7.35;0.45;183.07;3.34;729;1;558.00;1
955;1;620626023;955;244;1681;1682;7.33;0.45;183.10;3.34;726;1;559.00;1
957;1;620626032;957;240;1682;1682;7.37;0.45;183.18;3.34;725;1;560.00;0
958;1;620626041;958;238;1682;1682;7.46;0.46;183.20;3.34;724;1;561.00;0
960;1;620626050;960;237;1686;1686;7.63;0.47;183.37;3.34;726;1;562.00;0
962;1;620626059;962;232;1686;1686;7.70;0.47;183.22;3.34;724;1;563.00;0
966;1;620626069;966;227;1686;1686;7.78;0.48;183.67;3.34;720;1;564.00;0
969;1;620626079;969;226;1686;1686;7.81;0.48;183.86;3.34;717;1;565.00;0
971;1;620626090;971;216;1687;1687;7.80;0.48;184.03;3.34;716;1;566.00;0
974;1;620626106;974;207;1688;1688;7.84;0.48;184.21;3.33;714;1;567.00;0
980;1;620626117;980;195;1688;1688;7.82;0.47;184.95;3.33;708;1;568.00;0
982;1;620626129;982;189;1689;1689;7.93;0.48;184.97;3.33;707;1;569.00;0
983;1;620626141;983;197;1689;1689;8.04;0.49;185.06;3.33;706;1;570.00;0
987;1;620626161;987;187;1689;1689;8.16;0.50;185.52;3.33;702;1;571.00;0
990;1;620626171;990;192;1689;1689;8.28;0.50;185.70;3.33;699;1;572.00;0
992;1;620626182;992;193;1689;1689;8.45;0.51;186.02;3.33;697;1;573.00;0
994;1;620626194;994;194;1689;1689;8.54;0.52;186.34;3.33;695;1;574.00;0
996;1;620626204;996;190;1689;1689;8.62;0.52;186.75;3.33;693;1;575.00;0
998;1;620626214;998;216;1771;1816;8.66;0.54;187.18;3.18;773;1;576.00;45
1000;1;620626236;1000;200;1774;1817;8.68;0.54;187.29;3.18;774;1;577.00;43
1002;1;620626247;1002;186;1780;1817;8.77;0.54;187.65;3.17;778;1;578.00;37
1005;1;620626261;1005;182;1780;1817;8.75;0.54;188.06;3.17;775;1;579.00;37
1008;1;620626273;1008;176;1784;1817;8.78;0.54;188.50;3.17;776;1;580.00;33
1010;1;620626287;1010;177;1784;1817;8.79;0.54;188.65;3.17;774;1;581.00;33
1012;1;620626298;1012;179;1788;1817;8.84;0.54;188.78;3.18;776;1;582.00;29
1012;1;620626309;1012;183;1790;1817;8.86;0.54;188.78;3.18;778;1;583.00;27
1014;1;620626331;1014;182;1793;1818;8.86;0.54;189.18;3.19;779;1;584.00;25
1017;1;620626342;1017;190;1798;1820;8.86;0.54;189.38;3.20;781;1;585.00;22
1020;1;620626354;1020;193;1801;1820;8.84;0.54;190.00;3.22;781;1;586.00;19
1021;1;620626365;1021;197;1805;1821;8.87;0.54;190.11;3.23;784;1;587.00;16
1024;1;620626375;1024;202;1808;1821;8.88;0.55;190.44;3.24;784;1;588.00;13
1029;1;620626385;1029;207;1813;1821;8.83;0.54;190.84;3.27;784;1;589.00;8
1031;1;620626396;1031;212;1815;1821;8.89;0.54;190.86;3.28;784;1;590.00;6
1033;1;620626407;1033;218;1819;1825;8.91;0.55;190.82;3.28;786;1;591.00;6
1034;1;620626426;1034;221;1821;1825;8.99;0.55;191.06;3.29;787;1;592.00;4
1036;1;620626438;1036;224;1822;1825;9.07;0.56;191.22;3.29;786;1;593.00;3
1037;1;620626450;1037;230;1823;1828;9.14;0.56;191.25;3.29;786;1;594.00;5
1037;1;620626470;1037;233;1825;1828;9.21;0.56;191.25;3.30;788;1;595.00;3
1039;1;620626481;1039;229;1825;1828;9.23;0.56;191.53;3.30;786;1;596.00;3
1044;1;620626492;1044;231;1829;1832;9.17;0.56;192.21;3.29;785;1;597.00;3
1045;1;620626505;1045;228;1830;1833;9.24;0.56;192.46;3.29;785;1;598.00;3
1049;1;620626517;1049;227;1833;1833;9.28;0.57;193.29;3.31;784;1;599.00;0
1052;1;620626531;1052;225;1844;1859;9.23;0.56;193.46;3.29;792;1;600.00;15
1054;1;620626550;1054;213;1846;1859;9.38;0.57;193.72;3.29;792;1;601.00;13
1057;1;620626562;1057;213;1846;1859;9.44;0.58;193.98;3.29;789;1;602.00;13
1060;1;620626573;1060;209;1847;1860;9.53;0.58;194.41;3.29;787;1;603.00;13
1061;1;620626586;1061;208;1848;1860;9.62;0.59;194.65;3.29;787;1;604.00;12
1064;1;620626598;1064;206;1851;1866;9.65;0.59;194.95;3.28;787;1;605.00;15
1068;1;620626611;1068;207;1854;1866;9.61;0.59;194.95;3.29;786;1;606.00;12
1071;1;620626624;1071;207;1855;1867;9.64;0.59;195.44;3.29;784;1;607.00;12
1072;1;620626638;1072;203;1856;1867;9.64;0.59;195.33;3.29;784;1;608.00;11
1078;1;620626649;1078;199;1856;1867;9.58;0.58;196.23;3.29;778;1;609.00;11
1083;1;620626662;1083;194;1856;1867;9.51;0.58;196.63;3.29;773;1;610.00;11
1083;1;620626673;1083;189;1856;1867;9.48;0.58;196.63;3.29;773;1;611.00;11
1088;1;620626684;1088;187;1867;1879;9.35;0.57;197.35;3.28;779;1;612.00;12
1090;1;620626696;1090;182;1868;1879;9.29;0.56;197.59;3.28;778;1;613.00;11
1093;1;620626706;1093;182;1868;1879;9.22;0.56;197.86;3.28;775;1;614.00;11
1098;1;620626717;1098;185;1870;1879;9.16;0.55;198.78;3.28;772;1;615.00;9
1098;1;620626728;1098;187;1870;1879;9.20;0.56;198.78;3.28;772;1;616.00;9
1104;1;620626738;1104;185;1870;1879;9.22;0.56;199.47;3.28;766;1;617.00;9
1108;1;620626749;1108;184;1874;1883;9.13;0.55;200.11;3.29;766;1;618.00;9
1112;1;620626760;1112;176;1874;1883;9.13;0.55;200.40;3.29;762;1;619.00;9
1115;1;620626778;1115;173;1878;1887;9.11;0.55;200.84;3.29;763;1;620.00;9
1116;1;620626796;1116;170;1878;1888;9.05;0.55;200.70;3.29;762;1;621.00;10
1119;1;620626807;1119;163;1879;1888;9.04;0.55;200.83;3.29;760;1;622.00;9
1120;1;620626817;1120;172;1880;1888;9.03;0.55;201.03;3.30;760;1;623.00;8
1120;1;620626826;1120;173;1888;1901;9.01;0.54;201.03;3.29;768;1;624.00;13
1124;1;620626836;1124;173;1888;1901;8.96;0.54;200.99;3.29;764;1;625.00;13
1127;1;620626846;1127;177;1888;1901;8.93;0.54;201.65;3.29;761;1;626.00;13
1128;1;620626855;1128;178;1889;1902;8.87;0.54;201.65;3.29;761;1;627.00;13
1130;1;620626865;1130;182;1892;1903;8.77;0.53;202.18;3.31;762;1;628.00;11
1131;1;620626873;1131;183;1894;1903;8.71;0.53;202.42;3.33;763;1;629.00;9
1132;1;620626884;1132;186;1898;1909;8.72;0.53;202.65;3.33;766;1;630.00;11
1135;1;620626894;1135;195;1900;1909;8.71;0.53;202.79;3.33;765;1;631.00;9
1136;1;620626903;1136;201;1901;1909;8.73;0.53;202.79;3.33;765;1;632.00;8
1140;1;620626912;1140;204;1901;1909;8.70;0.53;202.86;3.33;761;1;633.00;8
1141;1;620626921;1141;210;1907;1915;8.77;0.53;202.97;3.34;766;1;634.00;8
1143;1;620626931;1143;206;1907;1915;8.73;0.53;202.78;3.34;764;1;635.00;8
1145;1;620626941;1145;210;1907;1915;8.67;0.53;202.77;3.34;762;1;636.00;8
1145;1;620626950;1145;216;1907;1915;8.65;0.53;202.77;3.34;762;1;637.00;8
1145;1;620626959;1145;214;1910;1919;8.58;0.52;202.77;3.33;765;1;638.00;9
1148;1;620626969;1148;218;1911;1920;8.55;0.52;202.55;3.33;763;1;639.00;9
1150;1;620626978;1150;225;1915;1920;8.57;0.52;202.52;3.37;765;1;640.00;5
1151;1;620626986;1151;230;1916;1921;8.53;0.52;202.40;3.37;765;1;641.00;5
1153;1;620626996;1153;234;1917;1921;8.42;0.51;202.33;3.38;764;1;642.00;4
1155;1;620627005;1155;235;1919;1921;8.33;0.51;202.24;3.39;764;1;643.00;2
1158;1;620627013;1158;237;1919;1921;8.28;0.51;202.11;3.39;761;1;644.00;2
1160;1;620627022;1160;244;1919;1921;8.20;0.50;201.88;3.39;759;1;645.00;2
1161;1;620627030;1161;247;1921;1921;8.07;0.50;201.83;3.40;760;1;646.00;0
1162;1;620627039;1162;251;1921;1921;8.00;0.49;201.90;3.40;759;1;647.00;0
1163;1;620627047;1163;258;1959;1991;8.05;0.50;201.77;3.34;796;1;648.00;32
1167;1;620627069;1167;264;1962;1992;7.97;0.49;201.82;3.33;795;1;649.00;30
1168;1;620627081;1168;264;1972;1992;7.97;0.49;201.88;3.33;804;1;650.00;20
1169;1;620627090;1169;263;1973;1992;7.93;0.49;201.74;3.33;804;1;651.00;19
1173;1;620627099;1173;272;1976;1992;7.94;0.49;201.72;3.33;803;1;652.00;16
1176;1;620627108;1176;274;1977;1992;7.96;0.49;201.70;3.33;801;1;653.00;15
1179;1;620627116;1179;277;1981;1992;8.01;0.49;201.47;3.33;802;1;654.00;11
1180;1;620627125;1180;283;1982;1992;7.98;0.49;201.36;3.34;802;1;655.00;10
1182;1;620627134;1182;290;1985;1993;7.91;0.49;201.28;3.34;803;1;656.00;8
1185;1;620627143;1185;294;1988;1994;7.84;0.48;201.37;3.35;803;1;657.00;6
1187;1;620627151;1187;296;1991;1994;7.74;0.47;201.29;3.36;804;1;658.00;3
1190;1;620627160;1190;298;1998;1998;7.56;0.46;201.06;3.36;808;1;659.00;0
1192;1;620627171;1192;296;1998;1998;7.48;0.46;201.11;3.36;806;1;660.00;0
1195;1;620627179;1195;300;1998;1998;7.42;0.45;201.13;3.36;803;1;661.00;0
1197;1;620627188;1197;301;1998;1998;7.33;0.45;201.24;3.36;801;1;662.00;0
1198;1;620627197;1198;302;2004;2004;7.38;0.45;201.21;3.35;806;1;663.00;0
1199;1;620627205;1199;305;2004;2004;7.38;0.45;201.19;3.35;805;1;664.00;0
1200;1;620627214;1200;301;2004;2004;7.31;0.45;201.12;3.35;804;1;665.00;0
1202;1;620627222;1202;304;2006;2007;7.29;0.44;201.08;3.35;804;1;666.00;1
1202;1;620627231;1202;302;2006;2007;7.25;0.44;201.08;3.35;804;1;667.00;1
1202;1;620627239;1202;304;2007;2007;7.23;0.44;201.08;3.35;805;1;668.00;0
1205;1;620627246;1205;304;2008;2008;7.14;0.44;200.95;3.35;803;1;669.00;0
1205;1;620627255;1205;305;2009;2009;7.12;0.44;200.95;3.35;804;1;670.00;0
1209;1;620627264;1209;307;2009;2009;7.02;0.43;201.16;3.35;800;1;671.00;0
1213;1;620627272;1213;317;2022;2022;6.89;0.42;201.14;3.32;809;1;672.00;0
1216;1;620627287;1216;327;2022;2022;6.78;0.41;201.01;3.32;806;1;673.00;0
1217;1;620627299;1217;327;2022;2022;6.76;0.41;200.86;3.32;805;1;674.00;0
1220;1;620627310;1220;315;2024;2024;6.68;0.41;201.37;3.32;804;1;675.00;0
1222;1;620627323;1222;306;2024;2024;6.58;0.40;201.64;3.32;802;1;676.00;0
1225;1;620627334;1225;302;2028;2028;6.59;0.40;201.48;3.32;803;1;677.00;0
1227;1;620627346;1227;301;2028;2028;6.54;0.40;201.39;3.32;801;1;678.00;0
1228;1;620627357;1228;300;2032;2032;6.47;0.40;201.48;3.31;804;1;679.00;0
1232;1;620627368;1232;285;2032;2032;6.42;0.39;201.53;3.31;800;1;680.00;0
1236;1;620627380;1236;279;2032;2032;6.35;0.39;201.41;3.31;796;1;681.00;0
1238;1;620627398;1238;273;2032;2032;6.37;0.39;201.40;3.31;794;1;682.00;0
1240;1;620627407;1240;272;2032;2032;6.36;0.39;201.34;3.31;792;1;683.00;0
1243;1;620627415;1243;275;2043;2044;6.48;0.40;201.34;3.29;800;1;684.00;1
1247;1;620627426;1247;276;2043;2044;6.50;0.40;201.45;3.29;796;1;685.00;1
1249;2;620627435;1249;278;2044;2044;6.58;0.40;201.76;3.29;795;2;686.00;0
1250;2;620627457;1250;269;2044;2044;6.78;0.41;201.80;3.29;794;2;687.00;0
1253;2;620627467;1253;266;2044;2044;6.86;0.42;202.27;3.29;791;2;688.00;0
1256;2;620627483;1256;261;2044;2044;7.01;0.43;202.50;3.29;788;2;689.00;0
1257;2;620627494;1257;257;2045;2045;7.08;0.43;202.65;3.29;788;2;690.00;0
1258;2;620627503;1258;250;2045;2045;7.13;0.43;202.85;3.29;787;2;691.00;0
1258;2;620627512;1258;250;2051;2051;7.31;0.45;202.85;3.29;793;2;692.00;0
1260;2;620627522;1260;251;2051;2052;7.35;0.45;203.07;3.29;791;2;693.00;1
1264;2;620627531;1264;250;2052;2052;7.44;0.45;203.46;3.29;788;2;694.00;0
1267;2;620627541;1267;250;2052;2052;7.50;0.46;203.28;3.29;785;2;695.00;0
1270;2;620627550;1270;249;2056;2056;7.65;0.47;203.44;3.28;786;2;696.00;0
1273;2;620627560;1273;246;2056;2056;7.70;0.47;203.53;3.28;783;2;697.00;0
1279;2;620627568;1279;243;2056;2056;7.69;0.47;203.63;3.28;777;2;698.00;0
1282;2;620627578;1282;245;2057;2057;7.70;0.47;204.12;3.28;775;2;699.00;0
1286;2;620627588;1286;247;2061;2061;7.73;0.47;204.46;3.27;775;2;700.00;0
1291;2;620627601;1291;242;2061;2061;7.72;0.47;204.84;3.27;770;2;701.00;0
1295;2;620627611;1295;236;2063;2064;7.70;0.47;205.02;3.27;768;2;702.00;1
1299;2;620627621;1299;231;2063;2064;7.67;0.47;205.18;3.27;764;2;703.00;1
1303;2;620627630;1303;232;2064;2064;7.66;0.47;205.26;3.27;761;2;704.00;0
1308;2;620627639;1308;231;2064;2064;7.63;0.47;205.79;3.27;756;2;705.00;0
1312;2;620627649;1312;234;2068;2068;7.66;0.47;206.00;3.26;756;2;706.00;0
1317;2;620627658;1317;230;2068;2068;7.69;0.47;206.58;3.26;751;2;707.00;0
1321;2;620627668;1321;228;2068;2068;7.76;0.47;206.87;3.26;747;2;708.00;0
1328;2;620627677;1328;229;2068;2068;7.74;0.47;207.50;3.26;740;2;709.00;0
1334;2;620627687;1334;228;2069;2069;7.75;0.47;208.04;3.26;735;2;710.00;0
1338;2;620627696;1338;226;2070;2070;7.75;0.47;208.10;3.26;732;2;711.00;0
1341;2;620627706;1341;227;2070;2070;7.73;0.47;208.56;3.26;729;2;712.00;0
1345;2;620627715;1345;230;2071;2071;7.74;0.47;208.59;3.26;726;2;713.00;0
1350;2;620627724;1350;226;2071;2071;7.71;0.47;209.30;3.26;721;2;714.00;0
1352;2;620627733;1352;224;2071;2071;7.72;0.47;209.46;3.26;719;2;715.00;0
1355;2;620627742;1355;224;2071;2071;7.76;0.47;209.74;3.26;716;2;716.00;0
1359;2;620627751;1359;230;2071;2071;7.75;0.47;210.14;3.26;712;2;717.00;0
1363;2;620627761;1363;223;2071;2071;7.77;0.47;210.62;3.26;708;2;718.00;0
1366;2;620627770;1366;223;2071;2071;7.72;0.47;210.76;3.26;705;2;719.00;0
1367;2;620627780;1367;257;2196;2301;7.89;0.50;210.77;3.08;829;2;720.00;105
1369;2;620627807;1369;250;2205;2302;7.89;0.50;211.12;3.07;836;2;721.00;97
1370;2;620627817;1370;240;2217;2302;7.94;0.50;211.37;3.06;847;2;722.00;85
1374;2;620627832;1374;237;2222;2302;7.92;0.50;211.88;3.06;848;2;723.00;80
1379;2;620627847;1379;242;2234;2302;7.89;0.49;212.38;3.07;855;2;724.00;68
1382;2;620627857;1382;243;2237;2302;7.77;0.49;212.57;3.07;855;2;725.00;65
1385;2;620627866;1385;250;2243;2302;7.63;0.48;212.75;3.08;858;2;726.00;59
1386;2;620627876;1386;245;2247;2302;7.56;0.47;212.73;3.09;861;2;727.00;55
1387;2;620627892;1387;242;2253;2303;7.46;0.47;212.79;3.10;866;2;728.00;50
1391;2;620627903;1391;241;2256;2304;7.38;0.46;212.82;3.11;865;2;729.00;48
1392;2;620627913;1392;247;2263;2304;7.29;0.46;212.83;3.13;871;2;730.00;41
1395;2;620627923;1395;247;2266;2305;7.21;0.45;213.05;3.13;871;2;731.00;39
1398;2;620627934;1398;250;2271;2305;7.15;0.44;212.79;3.15;873;2;732.00;34
1398;2;620627945;1398;251;2272;2305;7.19;0.45;212.79;3.16;874;2;733.00;33
1400;2;620627955;1400;257;2274;2305;7.20;0.45;212.89;3.17;874;2;734.00;31
1403;2;620627965;1403;263;2279;2309;7.20;0.45;212.99;3.18;876;2;735.00;30
1404;2;620627978;1404;257;2279;2309;7.31;0.45;212.96;3.18;875;2;736.00;30
1406;2;620627989;1406;260;2279;2309;7.38;0.46;212.98;3.18;873;2;737.00;30
1411;2;620628006;1411;258;2281;2312;7.38;0.46;212.98;3.19;870;2;738.00;31
1416;2;620628017;1416;261;2281;2312;7.42;0.46;213.47;3.19;865;2;739.00;31
1419;2;620628029;1419;264;2285;2312;7.37;0.45;213.58;3.22;866;2;740.00;27
1423;2;620628040;1423;271;2290;2316;7.35;0.45;213.66;3.23;867;2;741.00;26
1427;2;620628051;1427;276;2291;2317;7.38;0.45;213.74;3.23;864;2;742.00;26
1431;2;620628062;1431;279;2292;2317;7.39;0.45;213.84;3.24;861;2;743.00;25
1433;2;620628073;1433;283;2294;2321;7.41;0.45;214.05;3.24;861;2;744.00;27
1435;2;620628084;1435;282;2295;2321;7.41;0.45;214.08;3.25;860;2;745.00;26
1438;2;620628095;1438;281;2297;2321;7.40;0.45;214.09;3.26;859;2;746.00;24
1439;2;620628105;1439;281;2297;2322;7.37;0.45;214.15;3.26;858;2;747.00;25
1440;2;620628122;1440;277;2300;2322;7.36;0.45;214.30;3.27;860;2;748.00;22
1441;2;620628133;1441;270;2305;2328;7.40;0.45;214.27;3.27;864;2;749.00;23
1445;2;620628146;1445;267;2307;2328;7.44;0.45;214.39;3.28;862;2;750.00;21
1447;2;620628158;1447;266;2308;2329;7.44;0.45;214.60;3.28;861;2;751.00;21
1448;2;620628168;1448;264;2310;2329;7.49;0.46;214.65;3.29;862;2;752.00;19
1450;2;620628179;1450;266;2311;2329;7.51;0.46;214.85;3.30;861;2;753.00;18
1453;2;620628190;1453;271;2311;2329;7.53;0.46;214.92;3.30;858;2;754.00;18
1453;2;620628200;1453;264;2312;2329;7.61;0.46;214.92;3.31;859;2;755.00;17
1454;2;620628210;1454;260;2321;2341;7.69;0.47;214.95;3.30;867;2;756.00;20
1455;2;620628222;1455;260;2322;2341;7.76;0.47;215.11;3.30;867;2;757.00;19
1459;2;620628232;1459;264;2323;2341;7.79;0.47;215.15;3.31;864;2;758.00;18
1460;2;620628243;1460;260;2323;2341;7.87;0.48;215.22;3.31;863;2;759.00;18
1461;2;620628254;1461;257;2323;2341;7.96;0.49;215.20;3.31;862;2;760.00;18
1461;2;620628264;1461;258;2325;2341;7.99;0.49;215.20;3.34;864;2;761.00;16
1464;2;620628276;1464;252;2330;2345;7.90;0.48;215.14;3.34;866;2;762.00;15
1466;2;620628288;1466;258;2330;2345;7.91;0.48;215.27;3.34;864;2;763.00;15
1467;2;620628300;1467;261;2335;2349;7.94;0.49;215.39;3.36;868;2;764.00;14
1469;2;620628311;1469;264;2337;2351;7.87;0.48;215.42;3.37;868;2;765.00;14
1470;2;620628325;1470;270;2339;2351;7.87;0.48;215.42;3.38;869;2;766.00;12
1470;2;620628336;1470;273;2339;2351;7.89;0.48;215.42;3.38;869;2;767.00;12
1473;2;620628346;1473;276;2349;2364;7.86;0.48;215.46;3.37;876;2;768.00;15
1474;2;620628357;1474;276;2350;2364;7.86;0.48;215.70;3.38;876;2;769.00;14
1475;2;620628368;1475;278;2351;2364;7.92;0.48;215.72;3.38;876;2;770.00;13
1479;2;620628381;1479;275;2353;2365;7.95;0.48;215.89;3.38;874;2;771.00;12
1481;2;620628394;1481;276;2353;2366;7.95;0.48;216.09;3.38;872;2;772.00;13
1485;2;620628433;1485;272;2354;2366;7.93;0.48;216.13;3.38;869;2;773.00;12
1487;2;620628444;1487;268;2356;2369;7.93;0.48;216.39;3.38;869;2;774.00;13
1490;2;620628454;1490;268;2357;2369;7.87;0.48;216.49;3.38;867;2;775.00;12
1497;2;620628464;1497;267;2357;2369;7.73;0.47;216.87;3.38;860;2;776.00;12
1498;2;620628474;1498;276;2357;2369;7.72;0.47;216.76;3.38;859;2;777.00;12
1499;2;620628484;1499;276;2362;2375;7.74;0.47;216.89;3.37;863;2;778.00;13
1501;2;620628494;1501;274;2362;2375;7.75;0.47;216.88;3.37;861;2;779.00;13
1503;2;620628505;1503;273;2362;2375;7.69;0.47;217.19;3.37;859;2;780.00;13
1504;2;620628514;1504;271;2362;2375;7.73;0.47;217.23;3.37;858;2;781.00;13
1507;2;620628524;1507;266;2365;2379;7.65;0.47;217.74;3.37;858;2;782.00;14
1508;2;620628533;1508;262;2366;2380;7.63;0.47;217.90;3.37;858;2;783.00;14
1509;2;620628543;1509;263;2366;2380;7.56;0.46;217.94;3.37;857;2;784.00;14
1511;2;620628553;1511;260;2369;2381;7.51;0.46;218.11;3.37;858;2;785.00;12
1514;2;620628562;1514;257;2369;2381;7.48;0.46;218.20;3.37;855;2;786.00;12
1515;2;620628571;1515;260;2369;2381;7.49;0.46;218.20;3.37;854;2;787.00;12
1519;2;620628581;1519;264;2369;2381;7.43;0.45;218.50;3.37;850;2;788.00;12
1522;2;620628592;1522;260;2369;2381;7.38;0.45;218.61;3.37;847;2;789.00;12
1525;2;620628603;1525;256;2369;2381;7.38;0.45;218.52;3.37;844;2;790.00;12
1526;2;620628614;1526;254;2369;2381;7.46;0.45;218.49;3.37;843;2;791.00;12
1527;2;620628624;1527;261;2401;2451;7.61;0.46;218.67;3.33;874;2;792.00;50
1528;2;620628647;1528;264;2402;2452;7.62;0.47;218.84;3.33;874;2;793.00;50
1531;2;620628659;1531;264;2410;2452;7.70;0.47;218.57;3.32;879;2;794.00;42
1532;2;620628668;1532;271;2412;2452;7.78;0.48;218.75;3.32;880;2;795.00;40
1534;2;620628678;1534;265;2414;2452;7.80;0.48;218.79;3.32;880;2;796.00;38
1536;2;620628689;1536;264;2417;2452;7.79;0.48;218.73;3.35;881;2;797.00;35
1537;2;620628705;1537;268;2420;2452;7.74;0.47;218.63;3.36;883;2;798.00;32
1540;2;620628717;1540;272;2424;2452;7.69;0.47;218.62;3.39;884;2;799.00;28
1541;2;620628728;1541;273;2427;2453;7.68;0.47;218.57;3.40;886;2;800.00;26
1545;2;620628742;1545;278;2431;2454;7.61;0.46;218.32;3.41;886;2;801.00;23
1548;2;620628758;1548;279;2434;2454;7.55;0.46;218.34;3.41;886;2;802.00;20
1550;2;620628769;1550;279;2440;2458;7.45;0.45;218.15;3.45;890;2;803.00;18
1552;2;620628780;1552;281;2441;2458;7.38;0.45;218.29;3.45;889;2;804.00;17
1553;2;620628790;1553;288;2443;2458;7.33;0.45;218.18;3.49;890;2;805.00;15
1554;2;620628800;1554;296;2443;2458;7.25;0.44;218.19;3.49;889;2;806.00;15
1555;2;620628810;1555;302;2449;2464;7.26;0.44;218.06;3.52;894;2;807.00;15
1556;2;620628820;1556;309;2449;2464;7.21;0.44;217.98;3.52;893;2;808.00;15
1558;2;620628831;1558;319;2450;2464;7.17;0.44;217.88;3.55;892;2;809.00;14
1558;2;620628843;1558;319;2456;2470;7.14;0.43;217.88;3.56;898;2;810.00;14
1560;2;620628854;1560;325;2456;2470;7.13;0.43;217.86;3.56;896;2;811.00;14
1561;2;620628864;1561;331;2460;2470;7.11;0.43;217.73;3.63;899;2;812.00;10
1563;2;620628874;1563;341;2463;2471;7.03;0.43;217.63;3.68;900;2;813.00;8
1565;2;620628885;1565;347;2465;2472;6.99;0.42;217.56;3.70;900;2;814.00;7
1566;2;620628895;1566;356;2467;2472;6.98;0.43;217.57;3.71;901;2;815.00;5
1567;2;620628905;1567;362;2475;2485;6.97;0.43;217.61;3.70;908;2;816.00;10
1567;2;620628916;1567;364;2479;2485;6.89;0.42;217.61;3.72;912;2;817.00;6
1570;2;620628926;1570;369;2479;2485;6.83;0.42;217.33;3.72;909;2;818.00;6
1572;2;620628935;1572;371;2482;2486;6.73;0.41;217.11;3.73;910;2;819.00;4
1573;2;620628945;1573;375;2484;2486;6.68;0.41;217.03;3.74;911;2;820.00;2
1574;2;620628954;1574;377;2488;2490;6.66;0.41;217.06;3.73;914;2;821.00;2
1577;2;620628964;1577;381;2489;2490;6.60;0.40;216.90;3.73;912;2;822.00;1
1578;2;620628974;1578;388;2493;2494;6.55;0.40;216.91;3.73;915;2;823.00;1
1581;2;620628984;1581;393;2494;2494;6.51;0.40;216.94;3.73;913;2;824.00;0
1582;2;620628994;1582;394;2494;2494;6.42;0.39;216.96;3.73;912;2;825.00;0
1585;2;620629003;1585;396;2494;2494;6.33;0.39;216.95;3.73;909;2;826.00;0
1587;2;620629013;1587;390;2494;2494;6.28;0.39;216.83;3.73;907;2;827.00;0
1588;2;620629022;1588;380;2505;2506;6.32;0.39;216.71;3.71;917;2;828.00;1
1590;2;620629032;1590;373;2505;2506;6.31;0.39;216.66;3.71;915;2;829.00;1
1591;2;620629042;1591;371;2506;2506;6.38;0.39;216.54;3.71;915;2;830.00;0
1592;2;620629051;1592;358;2506;2506;6.45;0.40;216.49;3.71;914;2;831.00;0
1593;2;620629063;1593;351;2506;2506;6.51;0.40;216.56;3.71;913;2;832.00;0
1595;2;620629079;1595;344;2506;2506;6.59;0.41;216.49;3.71;911;2;833.00;0
1597;2;620629090;1597;346;2507;2507;6.61;0.41;216.39;3.71;910;2;834.00;0
1598;3;620629101;1598;341;2507;2507;6.68;0.41;216.41;3.71;909;3;835.00;0
1598;3;620629123;1598;338;2513;2513;6.76;0.41;216.41;3.71;915;3;836.00;0
1600;3;620629133;1600;338;2514;2514;6.80;0.42;216.50;3.71;914;3;837.00;0
1600;3;620629150;1600;335;2514;2514;6.82;0.42;216.50;3.71;914;3;838.00;0
1601;3;620629160;1601;336;2514;2514;6.83;0.42;216.37;3.71;913;3;839.00;0
1602;3;620629173;1602;337;2519;2519;6.85;0.42;216.31;3.70;917;3;840.00;0
1607;4;620629184;1607;332;2519;2519;6.78;0.42;216.39;3.70;912;4;841.00;0
1610;4;620629204;1610;333;2519;2519;6.77;0.41;216.46;3.70;909;4;842.00;0
1613;4;620629215;1613;334;2520;2520;6.75;0.41;216.46;3.70;907;4;843.00;0
1618;4;620629224;1618;328;2524;2524;6.64;0.41;216.89;3.69;906;4;844.00;0
1621;4;620629234;1621;327;2524;2524;6.63;0.40;216.71;3.69;903;4;845.00;0
1624;4;620629244;1624;326;2526;2527;6.62;0.40;217.07;3.69;902;4;846.00;1
1626;4;620629254;1626;327;2526;2527;6.58;0.40;217.39;3.69;900;4;847.00;1
1628;4;620629263;1628;329;2527;2527;6.53;0.40;217.49;3.69;899;4;848.00;0
1631;4;620629285;1631;334;2527;2527;6.50;0.40;217.62;3.69;896;4;849.00;0
1635;4;620629300;1635;326;2531;2531;6.49;0.40;217.72;3.68;896;4;850.00;0
1639;4;620629314;1639;320;2531;2531;6.47;0.39;217.86;3.68;892;4;851.00;0
1644;4;620629328;1644;316;2531;2531;6.44;0.39;218.00;3.68;887;4;852.00;0
1647;4;620629343;1647;309;2531;2531;6.44;0.39;218.05;3.68;884;4;853.00;0
1651;4;620629355;1651;302;2532;2532;6.44;0.39;218.49;3.68;881;4;854.00;0
1654;4;620629369;1654;296;2534;2534;6.50;0.40;218.78;3.68;880;4;855.00;0
1658;4;620629381;1658;294;2534;2534;6.55;0.40;219.15;3.68;876;4;856.00;0
1661;4;620629393;1661;288;2535;2535;6.60;0.40;219.22;3.68;874;4;857.00;0
1664;4;620629403;1664;282;2535;2535;6.66;0.41;219.57;3.68;871;4;858.00;0
1667;4;620629414;1667;276;2535;2535;6.71;0.41;220.04;3.68;868;4;859.00;0
1671;4;620629424;1671;268;2535;2535;6.78;0.41;220.19;3.68;864;4;860.00;0
1673;4;620629435;1673;258;2535;2535;6.84;0.42;220.16;3.68;862;4;861.00;0
1677;4;620629445;1677;251;2535;2535;6.84;0.42;220.42;3.68;858;4;862.00;0
1680;4;620629455;1680;245;2535;2535;6.79;0.41;220.76;3.68;855;4;863.00;0
1681;4;620629465;1681;252;2613;2662;7.09;0.44;220.71;3.57;932;4;864.00;49
1684;4;620629486;1684;249;2617;2663;7.09;0.44;221.01;3.57;933;4;865.00;46
1688;4;620629497;1688;249;2622;2663;7.13;0.44;221.20;3.56;934;4;866.00;41
1690;4;620629511;1690;250;2625;2663;7.18;0.44;221.27;3.56;935;4;867.00;38
1695;4;620629522;1695;251;2629;2663;7.21;0.45;221.65;3.56;934;4;868.00;34
1697;4;620629534;1697;251;2631;2663;7.23;0.45;221.85;3.57;934;4;869.00;32
1700;4;620629551;1700;248;2632;2663;7.19;0.44;222.07;3.57;932;4;870.00;31
1705;4;620629562;1705;244;2633;2663;7.17;0.44;222.35;3.57;928;4;871.00;30
1711;4;620629572;1711;247;2634;2664;7.14;0.44;222.72;3.57;923;4;872.00;30
1717;4;620629584;1717;250;2635;2665;7.07;0.43;222.91;3.57;918;4;873.00;30
1720;4;620629595;1720;252;2638;2665;7.06;0.43;223.19;3.58;918;4;874.00;27
1725;4;620629606;1725;248;2640;2666;7.11;0.44;223.74;3.58;915;4;875.00;26
1729;4;620629617;1729;255;2642;2666;7.14;0.44;223.70;3.59;913;4;876.00;24
1732;4;620629628;1732;262;2642;2666;7.25;0.45;223.90;3.59;910;4;877.00;24
1734;4;620629640;1734;263;2644;2666;7.35;0.45;224.05;3.59;910;4;878.00;22
1739;4;620629650;1739;261;2647;2670;7.43;0.46;224.33;3.59;908;4;879.00;23
1742;4;620629662;1742;257;2648;2670;7.48;0.46;224.34;3.60;906;4;880.00;22
1750;4;620629673;1750;255;2648;2670;7.47;0.46;224.53;3.60;898;4;881.00;22
1753;4;620629684;1753;259;2650;2673;7.49;0.46;224.49;3.61;897;4;882.00;23
1758;4;620629695;1758;256;2650;2673;7.54;0.46;225.20;3.61;892;4;883.00;23
1765;4;620629706;1765;253;2650;2673;7.63;0.47;225.71;3.61;885;4;884.00;23
1767;4;620629718;1767;253;2656;2677;7.75;0.47;225.92;3.61;889;4;885.00;21
1773;4;620629730;1773;249;2656;2678;7.81;0.48;226.45;3.61;883;4;886.00;22
1776;4;620629746;1776;249;2657;2678;7.85;0.48;226.64;3.61;881;4;887.00;21
1782;4;620629760;1782;247;2660;2682;7.84;0.48;226.92;3.61;878;4;888.00;22
1785;4;620629776;1785;248;2660;2682;7.92;0.48;227.12;3.61;875;4;889.00;22
1790;4;620629789;1790;251;2661;2682;7.96;0.48;227.44;3.62;871;4;890.00;21
1794;4;620629801;1794;252;2662;2683;8.05;0.49;227.88;3.62;868;4;891.00;21
1799;4;620629812;1799;253;2662;2683;8.06;0.49;228.28;3.62;863;4;892.00;21
1803;4;620629823;1803;263;2668;2689;7.99;0.49;228.84;3.62;865;4;893.00;21
1807;4;620629835;1807;263;2668;2689;7.96;0.48;229.09;3.62;861;4;894.00;21
1809;4;620629847;1809;269;2670;2690;7.98;0.49;229.21;3.63;861;4;895.00;20
1812;4;620629858;1812;274;2671;2690;7.91;0.48;229.40;3.64;859;4;896.00;19
1817;4;620629870;1817;264;2672;2690;7.86;0.48;230.00;3.65;855;4;897.00;18
1819;4;620629882;1819;266;2672;2690;7.81;0.48;230.43;3.65;853;4;898.00;18
1821;4;620629893;1821;257;2673;2690;7.76;0.47;230.55;3.67;852;4;899.00;17
1825;4;620629907;1825;259;2703;2736;7.70;0.47;230.78;3.65;878;4;900.00;33
1828;4;620629927;1828;255;2704;2736;7.70;0.47;231.08;3.66;876;4;901.00;32
1829;4;620629946;1829;255;2708;2736;7.73;0.47;231.06;3.66;879;4;902.00;28
1832;4;620629958;1832;265;2709;2736;7.72;0.47;231.27;3.67;877;4;903.00;27
1834;4;620629970;1834;265;2711;2736;7.79;0.48;231.43;3.68;877;4;904.00;25
1835;4;620629981;1835;264;2712;2736;7.78;0.48;231.52;3.69;877;4;905.00;24
1837;4;620629993;1837;263;2719;2740;7.72;0.47;231.47;3.71;882;4;906.00;21
1839;4;620630004;1839;254;2722;2740;7.71;0.47;231.56;3.73;883;4;907.00;18
1844;4;620630016;1844;259;2724;2744;7.76;0.47;231.79;3.73;880;4;908.00;20
1846;4;620630029;1846;253;2726;2745;7.86;0.48;231.96;3.74;880;4;909.00;19
1848;4;620630041;1848;252;2726;2745;7.91;0.48;232.00;3.74;878;4;910.00;19
1850;4;620630053;1850;249;2729;2745;7.92;0.49;232.21;3.78;879;4;911.00;16
1853;4;620630066;1853;252;2740;2758;7.88;0.48;232.41;3.77;887;4;912.00;18
1854;4;620630079;1854;258;2742;2758;7.91;0.48;232.41;3.78;888;4;913.00;16
1856;4;620630091;1856;260;2742;2758;7.95;0.49;232.58;3.78;886;4;914.00;16
1860;4;620630103;1860;262;2743;2759;7.93;0.48;232.89;3.79;883;4;915.00;16
1862;4;620630114;1862;267;2745;2760;7.91;0.48;233.11;3.80;883;4;916.00;15
1866;4;620630126;1866;270;2746;2760;7.87;0.48;233.25;3.81;880;4;917.00;14
1867;4;620630138;1867;273;2750;2763;7.82;0.48;233.23;3.83;883;4;918.00;13
1869;4;620630150;1869;265;2751;2763;7.84;0.48;233.26;3.83;882;4;919.00;12
1871;4;620630161;1871;266;2753;2763;7.86;0.48;233.30;3.84;882;4;920.00;10
1873;4;620630172;1873;261;2754;2763;7.88;0.48;233.31;3.85;881;4;921.00;9
1875;4;620630183;1875;253;2760;2769;7.89;0.48;233.44;3.85;885;4;922.00;9
1877;4;620630197;1877;253;2762;2769;7.92;0.48;233.31;3.85;885;4;923.00;7
1881;4;620630212;1881;261;2767;2769;7.92;0.48;233.37;3.87;886;4;924.00;2
1882;4;620630228;1882;258;2767;2769;7.92;0.48;233.43;3.87;885;4;925.00;2
1885;4;620630245;1885;266;2773;2773;7.86;0.48;233.84;3.87;888;4;926.00;0
1888;4;620630270;1888;268;2774;2774;7.89;0.48;233.99;3.87;886;4;927.00;0
1890;4;620630305;1890;265;2774;2774;7.89;0.48;233.99;3.87;884;4;928.00;0
1893;4;620630328;1893;269;2775;2775;7.86;0.48;234.02;3.87;882;4;929.00;0
1896;4;620630356;1896;269;2775;2775;7.82;0.47;233.98;3.87;879;4;930.00;0
1898;4;620630373;1898;269;2775;2775;7.74;0.47;233.99;3.87;877;4;931.00;0
1899;4;620630392;1899;268;2775;2775;7.71;0.47;234.02;3.87;876;4;932.00;0
1899;4;620630408;1899;273;2775;2775;7.64;0.46;234.02;3.87;876;4;933.00;0
1899;4;620630422;1899;276;2775;2775;7.63;0.46;234.02;3.87;876;4;934.00;0
1902;4;620630437;1902;285;2775;2775;7.57;0.46;234.06;3.87;873;4;935.00;0
1902;4;620630451;1902;294;2812;2845;7.53;0.46;234.06;3.82;910;4;936.00;33
1907;4;620630472;1907;288;2813;2846;7.44;0.45;234.15;3.82;906;4;937.00;33
1907;4;620630487;1907;288;2819;2846;7.49;0.45;234.15;3.81;912;4;938.00;27
1908;4;620630504;1908;299;2819;2846;7.48;0.45;234.17;3.81;911;4;939.00;27
1910;4;620630522;1910;298;2825;2846;7.51;0.46;234.36;3.81;915;4;940.00;21
1911;4;620630543;1911;297;2826;2846;7.52;0.46;234.38;3.81;915;4;941.00;20
1914;4;620630558;1914;296;2829;2846;7.59;0.46;234.26;3.82;915;4;942.00;17
1914;4;620630576;1914;297;2832;2846;7.74;0.47;234.26;3.82;918;4;943.00;14
1914;4;620630597;1914;302;2835;2847;7.73;0.47;234.26;3.82;921;4;944.00;12
1916;4;620630629;1916;293;2838;2849;7.70;0.47;234.27;3.83;922;4;945.00;11
1921;4;620630644;1921;295;2841;2849;7.62;0.46;234.25;3.83;920;4;946.00;8
1921;4;620630659;1921;292;2847;2853;7.60;0.46;234.25;3.83;926;4;947.00;6
1923;4;620630671;1923;292;2848;2853;7.55;0.46;234.30;3.83;925;4;948.00;5
1925;4;620630686;1925;293;2848;2853;7.47;0.45;234.22;3.83;923;4;949.00;5
1929;4;620630700;1929;293;2848;2853;7.33;0.44;234.47;3.83;919;4;950.00;5
1930;4;620630712;1930;294;2852;2859;7.30;0.44;234.47;3.83;922;4;951.00;7
1934;4;620630725;1934;289;2852;2859;7.11;0.43;234.31;3.83;918;4;952.00;7
1934;4;620630740;1934;285;2852;2859;7.04;0.43;234.31;3.83;918;4;953.00;7
1937;4;620630752;1937;289;2854;2862;6.99;0.42;234.31;3.82;917;4;954.00;8
1938;4;620630772;1938;293;2857;2862;6.94;0.42;234.45;3.83;919;4;955.00;5
1939;4;620630783;1939;286;2857;2862;6.94;0.42;234.45;3.83;918;4;956.00;5
1942;4;620630794;1942;298;2859;2863;6.93;0.42;234.57;3.83;917;4;957.00;4
1944;4;620630809;1944;293;2860;2864;6.96;0.42;234.50;3.83;916;4;958.00;4
1947;4;620630825;1947;289;2860;2864;6.97;0.42;234.78;3.83;913;4;959.00;4
1949;4;620630840;1949;302;2877;2890;6.94;0.42;234.60;3.81;928;4;960.00;13
1953;4;620630855;1953;297;2878;2890;6.97;0.42;234.46;3.81;925;4;961.00;12
1956;4;620630878;1956;294;2880;2890;7.03;0.43;234.32;3.81;924;4;962.00;10
1959;4;620630895;1959;292;2882;2891;7.06;0.43;234.17;3.81;923;4;963.00;9
1961;4;620630909;1961;289;2883;2891;7.11;0.43;233.98;3.81;922;4;964.00;8
1962;4;620630922;1962;286;2886;2895;7.13;0.43;233.87;3.80;924;4;965.00;9
1962;4;620630940;1962;289;2887;2895;7.12;0.43;233.87;3.80;925;4;966.00;8
1966;4;620630961;1966;296;2890;2899;7.15;0.44;233.91;3.80;924;4;967.00;9
1967;4;620630994;1967;296;2890;2899;7.19;0.44;233.95;3.80;923;4;968.00;9
1969;4;620631018;1969;296;2891;2899;7.16;0.44;233.85;3.80;922;4;969.00;8
1969;4;620631045;1969;300;2891;2899;7.17;0.44;233.85;3.80;922;4;970.00;8
1972;4;620631072;1972;309;2893;2899;7.12;0.43;233.76;3.83;921;4;971.00;6
1975;4;620631091;1975;308;2903;2911;7.08;0.43;233.73;3.81;928;4;972.00;8
1976;4;620631109;1976;313;2904;2911;7.03;0.43;233.71;3.81;928;4;973.00;7
1976;4;620631129;1976;313;2906;2911;7.00;0.43;233.71;3.83;930;4;974.00;5
1978;4;620631147;1978;315;2906;2911;6.96;0.42;233.79;3.83;928;4;975.00;5
1978;4;620631172;1978;320;2906;2911;6.94;0.42;233.79;3.83;928;4;976.00;5
1980;4;620631192;1980;325;2907;2911;6.85;0.42;233.75;3.83;927;4;977.00;4
1982;4;620631212;1982;330;2907;2912;6.81;0.42;233.77;3.83;925;4;978.00;5
1983;4;620631241;1983;328;2907;2912;6.79;0.41;233.78;3.83;924;4;979.00;5
1983;4;620631263;1983;319;2914;2918;6.82;0.42;233.78;3.83;931;4;980.00;4
1985;4;620631292;1985;319;2914;2919;6.84;0.42;233.87;3.83;929;4;981.00;5
1989;4;620631321;1989;318;2915;2919;6.83;0.42;233.72;3.83;926;4;982.00;4
1990;4;620631352;1990;317;2915;2919;6.91;0.42;233.74;3.83;925;4;983.00;4
1991;4;620631373;1991;310;2919;2923;6.97;0.42;233.74;3.83;928;4;984.00;4
1991;4;620631399;1991;306;2920;2923;7.02;0.43;233.74;3.84;929;4;985.00;3
1991;4;620631426;1991;305;2921;2923;7.02;0.43;233.74;3.84;930;4;986.00;2
1992;4;620631444;1992;303;2923;2924;7.06;0.43;233.75;3.84;931;4;987.00;1
1993;4;620631461;1993;307;2927;2928;7.10;0.43;233.77;3.84;934;4;988.00;1
1994;4;620631481;1994;302;2928;2928;7.10;0.43;233.67;3.84;934;4;989.00;0
1996;4;620631499;1996;303;2932;2934;7.15;0.44;233.67;3.84;936;4;990.00;2
1996;4;620631514;1996;302;2932;2934;7.11;0.43;233.67;3.84;936;4;991.00;2
1998;4;620631528;1998;303;2934;2934;7.18;0.44;233.71;3.83;936;4;992.00;0
1999;4;620631543;1999;303;2934;2934;7.16;0.44;233.69;3.83;935;4;993.00;0
1999;4;620631558;1999;311;2938;2938;7.18;0.44;233.69;3.83;939;4;994.00;0
2003;4;620631573;2003;312;2938;2938;7.06;0.43;233.66;3.83;935;4;995.00;0
2005;4;620631598;2005;307;2938;2938;6.95;0.42;233.59;3.83;933;4;996.00;0
2006;4;620631614;2006;304;2938;2938;6.83;0.42;233.62;3.83;932;4;997.00;0
2008;4;620631636;2008;305;2939;2939;6.69;0.41;233.56;3.83;931;4;998.00;0
2010;4;620631653;2010;304;2940;2940;6.64;0.41;233.48;3.83;930;4;999.00;0
2012;4;620631671;2012;297;2940;2940;6.60;0.40;233.35;3.83;928;4;1000.00;0
2015;4;620631696;2015;295;2941;2941;6.57;0.40;233.26;3.83;926;4;1001.00;0
2016;4;620631716;2016;291;2941;2941;6.58;0.40;233.35;3.83;925;4;1002.00;0
2017;4;620631729;2017;287;2941;2941;6.58;0.40;233.41;3.83;924;4;1003.00;0
2018;4;620631742;2018;291;2941;2941;6.59;0.40;233.55;3.83;923;4;1004.00;0
2018;4;620631760;2018;284;2941;2941;6.66;0.41;233.55;3.83;923;4;1005.00;0
2021;4;620631775;2021;281;2941;2941;6.72;0.41;233.57;3.83;920;4;1006.00;0
2021;4;620631789;2021;270;2941;2941;6.70;0.41;233.57;3.83;920;4;1007.00;0
2024;4;620631804;2024;287;3017;3068;6.90;0.43;233.46;3.73;993;4;1008.00;51
2026;4;620631832;2026;276;3020;3069;6.98;0.43;233.57;3.73;994;4;1009.00;49
2026;4;620631847;2026;263;3028;3069;7.14;0.44;233.57;3.72;1002;4;1010.00;41
2030;4;620631859;2030;266;3032;3069;7.16;0.44;233.55;3.72;1002;4;1011.00;37
2035;4;620631875;2035;266;3038;3069;7.14;0.44;233.75;3.72;1003;4;1012.00;31
2041;4;620631889;2041;267;3040;3069;7.07;0.44;233.59;3.73;999;4;1013.00;29
2045;4;620631902;2045;263;3043;3069;7.04;0.43;233.79;3.73;998;4;1014.00;26
2051;4;620631915;2051;267;3044;3069;6.93;0.43;233.82;3.73;993;4;1015.00;25
2054;4;620631929;2054;273;3047;3070;6.89;0.42;233.83;3.73;993;4;1016.00;23
2059;4;620631942;2059;276;3049;3071;6.82;0.42;233.84;3.74;990;4;1017.00;22
2063;4;620631957;2063;281;3051;3071;6.70;0.41;233.89;3.74;988;4;1018.00;20
2067;4;620631971;2067;290;3055;3072;6.55;0.40;233.94;3.75;988;4;1019.00;17
2071;4;620631986;2071;285;3056;3072;6.53;0.40;233.90;3.75;985;4;1020.00;16
2078;4;620632006;2078;283;3059;3072;6.47;0.40;233.91;3.76;981;4;1021.00;13
2080;4;620632019;2080;276;3061;3072;6.48;0.40;233.94;3.77;981;4;1022.00;11
2081;4;620632030;2081;268;3065;3076;6.56;0.40;233.97;3.77;984;4;1023.00;11
2083;4;620632043;2083;270;3067;3076;6.56;0.40;234.14;3.78;984;4;1024.00;9
2087;4;620632056;2087;269;3068;3076;6.54;0.40;234.51;3.78;981;4;1025.00;8
2088;4;620632070;2088;271;3071;3079;6.59;0.40;234.55;3.79;983;4;1026.00;8
2091;4;620632083;2091;267;3072;3079;6.67;0.41;235.04;3.80;981;4;1027.00;7
2092;4;620632095;2092;257;3073;3079;6.74;0.41;235.12;3.80;981;4;1028.00;6
2095;4;620632108;2095;259;3079;3083;6.73;0.41;235.39;3.80;984;4;1029.00;4
2098;4;620632119;2098;257;3080;3084;6.75;0.41;235.60;3.80;982;4;1030.00;4
2101;4;620632131;2101;254;3080;3084;6.77;0.41;235.96;3.80;979;4;1031.00;4
2105;4;620632143;2105;250;3084;3088;6.78;0.41;236.19;3.81;979;4;1032.00;4
2106;4;620632156;2106;252;3086;3088;6.84;0.42;236.21;3.81;980;4;1033.00;2
2110;4;620632169;2110;251;3086;3088;6.90;0.42;236.53;3.81;976;4;1034.00;2
2116;4;620632187;2116;246;3088;3090;6.96;0.43;236.81;3.80;972;4;1035.00;2
2118;4;620632206;2118;238;3088;3090;7.08;0.43;237.00;3.80;970;4;1036.00;2
2123;4;620632218;2123;237;3093;3096;7.18;0.44;237.31;3.80;970;4;1037.00;3
2129;4;620632231;2129;237;3093;3096;7.19;0.44;237.74;3.80;964;4;1038.00;3
2132;4;620632244;2132;237;3094;3097;7.27;0.45;237.95;3.80;962;4;1039.00;3
2138;4;620632257;2138;238;3094;3097;7.30;0.45;238.58;3.80;956;4;1040.00;3
2144;4;620632271;2144;238;3094;3097;7.29;0.45;238.82;3.80;950;4;1041.00;3
2149;4;620632284;2149;232;3094;3097;7.28;0.44;239.34;3.80;945;4;1042.00;3
2153;4;620632297;2153;227;3094;3097;7.28;0.44;239.68;3.80;941;4;1043.00;3
2155;4;620632310;2155;224;3102;3109;7.36;0.45;239.96;3.79;947;4;1044.00;7
2160;4;620632324;2160;228;3104;3109;7.37;0.45;240.36;3.79;944;4;1045.00;5
2166;4;620632336;2166;229;3105;3109;7.32;0.45;240.73;3.79;939;4;1046.00;4
2171;4;620632348;2171;235;3106;3109;7.34;0.45;240.95;3.80;935;4;1047.00;3
2178;4;620632361;2178;242;3106;3109;7.31;0.45;241.07;3.80;928;4;1048.00;3
2181;4;620632374;2181;239;3107;3109;7.34;0.45;241.22;3.80;926;4;1049.00;2
2186;4;620632388;2186;253;3114;3115;7.33;0.45;241.69;3.79;928;4;1050.00;1
2192;4;620632402;2192;243;3114;3115;7.39;0.45;241.66;3.79;922;4;1051.00;1
2197;4;620632415;2197;246;3117;3119;7.44;0.45;242.08;3.79;920;4;1052.00;2
2198;4;620632429;2198;245;3120;3120;7.55;0.46;242.08;3.79;922;4;1053.00;0
2203;4;620632442;2203;248;3120;3120;7.59;0.46;242.56;3.79;917;4;1054.00;0
2207;4;620632454;2207;251;3120;3120;7.63;0.47;242.85;3.79;913;4;1055.00;0
2211;4;620632468;2211;252;3132;3133;7.68;0.47;242.95;3.77;921;4;1056.00;1
2218;4;620632482;2218;259;3133;3133;7.72;0.47;243.48;3.77;915;4;1057.00;0
2222;4;620632495;2222;255;3133;3133;7.71;0.47;243.49;3.77;911;4;1058.00;0
2228;4;620632508;2228;258;3134;3134;7.63;0.46;243.84;3.77;906;4;1059.00;0
2232;4;620632520;2232;256;3135;3135;7.57;0.46;244.04;3.77;903;4;1060.00;0
2236;4;620632534;2236;254;3135;3135;7.55;0.46;243.97;3.77;899;4;1061.00;0
2239;4;620632547;2239;257;3137;3138;7.59;0.46;244.13;3.77;898;4;1062.00;1
2244;4;620632559;2244;253;3137;3138;7.53;0.46;244.44;3.77;893;4;1063.00;1
2246;4;620632571;2246;254;3138;3138;7.47;0.45;244.42;3.77;892;4;1064.00;0
2251;4;620632581;2251;259;3138;3138;7.38;0.45;244.75;3.77;887;4;1065.00;0
2254;4;620632593;2254;264;3144;3144;7.26;0.44;244.89;3.76;890;4;1066.00;0
2255;4;620632605;2255;254;3144;3144;7.23;0.44;244.89;3.76;889;4;1067.00;0
2258;4;620632616;2258;254;3144;3144;7.18;0.44;245.09;3.76;886;4;1068.00;0
2262;4;620632627;2262;257;3144;3144;7.13;0.43;245.46;3.76;882;4;1069.00;0
2265;4;620632643;2265;260;3148;3148;7.11;0.43;245.47;3.76;883;4;1070.00;0
2267;4;620632654;2267;264;3149;3149;7.14;0.43;245.48;3.76;882;4;1071.00;0
2270;4;620632665;2270;267;3149;3149;7.15;0.43;245.67;3.76;879;4;1072.00;0
2272;4;620632676;2272;272;3150;3150;7.16;0.44;245.80;3.76;878;4;1073.00;0
2275;4;620632687;2275;273;3150;3150;7.19;0.44;245.88;3.76;875;4;1074.00;0
2278;4;620632698;2278;275;3150;3150;7.20;0.44;246.01;3.76;872;4;1075.00;0
2278;4;620632708;2278;268;3150;3150;7.20;0.44;246.01;3.76;872;4;1076.00;0
2282;4;620632719;2282;257;3150;3150;7.21;0.44;246.24;3.76;868;4;1077.00;0
2285;4;620632730;2285;256;3150;3150;7.19;0.44;246.20;3.76;865;4;1078.00;0
2287;4;620632741;2287;254;3150;3150;7.13;0.43;246.38;3.76;863;4;1079.00;0
2290;4;620632759;2290;279;3229;3275;7.25;0.45;246.58;3.67;939;4;1080.00;46
2293;4;620632780;2293;277;3233;3276;7.34;0.45;246.75;3.66;940;4;1081.00;43
2295;4;620632792;2295;270;3240;3276;7.43;0.46;246.91;3.66;945;4;1082.00;36
2298;4;620632803;2298;270;3241;3276;7.47;0.46;247.08;3.66;943;4;1083.00;35
2299;4;620632815;2299;272;3248;3276;7.53;0.46;247.13;3.66;949;4;1084.00;28
2301;4;620632826;2301;273;3251;3276;7.60;0.47;247.44;3.66;950;4;1085.00;25
2302;4;620632838;2302;271;3256;3276;7.62;0.47;247.50;3.66;954;4;1086.00;20
2308;4;620632850;2308;276;3259;3276;7.59;0.47;247.70;3.67;951;4;1087.00;17
2309;4;620632862;2309;277;3263;3277;7.57;0.47;247.76;3.67;954;4;1088.00;14
2311;4;620632873;2311;279;3270;3278;7.52;0.46;247.84;3.68;959;4;1089.00;8
2315;4;620632885;2315;276;3273;3278;7.43;0.46;248.05;3.69;958;4;1090.00;5
2315;4;620632897;2315;282;3279;3282;7.41;0.46;248.05;3.69;964;4;1091.00;3
2318;4;620632909;2318;278;3279;3282;7.39;0.45;248.14;3.69;961;4;1092.00;3
2320;4;620632920;2320;294;3280;3282;7.38;0.45;248.22;3.69;960;4;1093.00;2
2323;4;620632932;2323;288;3281;3282;7.41;0.46;248.36;3.69;958;4;1094.00;1
2326;4;620632945;2326;292;3287;3288;7.38;0.45;248.29;3.69;961;4;1095.00;1
2331;4;620632957;2331;298;3287;3288;7.41;0.46;248.46;3.69;956;4;1096.00;1
2334;4;620632969;2334;293;3288;3288;7.44;0.46;248.79;3.69;954;4;1097.00;0
2338;4;620632981;2338;294;3290;3291;7.40;0.45;248.92;3.69;952;4;1098.00;1
2338;4;620632993;2338;297;3290;3291;7.41;0.46;248.92;3.69;952;4;1099.00;1
2340;4;620633005;2340;297;3290;3291;7.40;0.46;248.91;3.69;950;4;1100.00;1
2345;4;620633021;2345;295;3292;3292;7.32;0.45;248.93;3.69;947;4;1101.00;0
2346;4;620633037;2346;296;3293;3293;7.29;0.45;248.83;3.69;947;4;1102.00;0
2348;4;620633049;2348;298;3293;3293;7.28;0.45;248.70;3.69;945;4;1103.00;0
2351;4;620633060;2351;304;3305;3306;7.20;0.44;248.81;3.67;954;4;1104.00;1
2354;4;620633072;2354;305;3305;3306;7.17;0.44;248.92;3.67;951;4;1105.00;1
2355;4;620633084;2355;311;3305;3306;7.22;0.44;248.97;3.67;950;4;1106.00;1
2356;4;620633094;2356;317;3305;3307;7.25;0.44;248.90;3.67;949;4;1107.00;2
2361;4;620633106;2361;318;3306;3307;7.28;0.44;248.92;3.67;945;4;1108.00;1
2367;4;620633116;2367;323;3310;3311;7.25;0.44;249.01;3.67;943;4;1109.00;1
2367;4;620633129;2367;312;3311;3311;7.24;0.44;249.01;3.67;944;4;1110.00;0
2367;4;620633145;2367;315;3315;3315;7.26;0.44;249.01;3.67;948;4;1111.00;0
2368;4;620633157;2368;311;3315;3315;7.27;0.44;248.91;3.67;947;4;1112.00;0
2370;4;620633167;2370;306;3315;3315;7.26;0.44;248.98;3.67;945;4;1113.00;0
2371;4;620633178;2371;304;3315;3315;7.28;0.44;248.97;3.67;944;4;1114.00;0
2373;4;620633188;2373;306;3315;3315;7.28;0.44;249.12;3.67;942;4;1115.00;0
2374;4;620633202;2374;300;3325;3327;7.37;0.45;249.08;3.66;951;4;1116.00;2
2375;4;620633216;2375;303;3325;3327;7.35;0.45;249.01;3.66;950;4;1117.00;2
2380;4;620633227;2380;300;3326;3327;7.26;0.44;249.37;3.66;946;4;1118.00;1
2384;4;620633238;2384;296;3326;3327;7.21;0.44;249.50;3.66;942;4;1119.00;1
2387;4;620633248;2387;296;3326;3327;7.14;0.43;249.59;3.66;939;4;1120.00;1
2391;4;620633259;2391;301;3326;3327;7.09;0.43;249.41;3.66;935;4;1121.00;1
2392;4;620633270;2392;291;3326;3328;7.05;0.43;249.44;3.66;934;4;1122.00;2
2393;4;620633280;2393;289;3326;3328;6.99;0.42;249.44;3.66;933;4;1123.00;2
2396;4;620633296;2396;288;3331;3334;6.94;0.42;249.40;3.65;935;4;1124.00;3
2398;4;620633312;2398;285;3335;3336;6.89;0.42;249.35;3.65;937;4;1125.00;1
2401;4;620633330;2401;285;3335;3336;6.82;0.42;249.50;3.65;934;4;1126.00;1
2403;4;620633345;2403;290;3335;3336;6.75;0.41;249.54;3.65;932;4;1127.00;1
2405;4;620633358;2405;291;3338;3340;6.74;0.41;249.48;3.65;933;4;1128.00;2
2407;4;620633374;2407;295;3338;3340;6.69;0.41;249.54;3.65;931;4;1129.00;2
2409;4;620633387;2409;290;3338;3340;6.64;0.40;249.49;3.65;929;4;1130.00;2
2411;4;620633400;2411;284;3339;3341;6.65;0.41;249.43;3.65;928;4;1131.00;2
2413;4;620633412;2413;268;3342;3345;6.66;0.41;249.36;3.64;929;4;1132.00;3
2414;4;620633424;2414;264;3342;3345;6.73;0.41;249.37;3.64;928;4;1133.00;3
2418;4;620633435;2418;263;3344;3348;6.78;0.41;249.27;3.64;926;4;1134.00;4
2420;4;620633446;2420;255;3345;3348;6.86;0.42;249.21;3.64;925;4;1135.00;3
2423;4;620633457;2423;258;3345;3348;6.86;0.42;249.10;3.64;922;4;1136.00;3
2423;4;620633468;2423;255;3345;3348;6.92;0.42;249.10;3.64;922;4;1137.00;3
2425;4;620633480;2425;252;3349;3352;7.08;0.43;249.05;3.64;924;4;1138.00;3
2425;4;620633493;2425;253;3349;3352;7.18;0.44;249.05;3.64;924;4;1139.00;3
2425;4;620633507;2425;253;3349;3352;7.28;0.44;249.05;3.64;924;4;1140.00;3
2426;4;620633518;2426;249;3349;3352;7.34;0.45;249.17;3.64;923;4;1141.00;3
2428;4;620633535;2428;243;3349;3353;7.44;0.45;249.13;3.64;921;4;1142.00;4
2428;4;620633546;2428;242;3350;3354;7.50;0.46;249.13;3.64;922;4;1143.00;4
2430;4;620633557;2430;240;3350;3354;7.56;0.46;249.01;3.64;920;4;1144.00;4
2430;4;620633567;2430;242;3351;3355;7.57;0.46;249.01;3.64;921;4;1145.00;4
2430;4;620633583;2430;242;3351;3355;7.58;0.46;249.01;3.64;921;4;1146.00;4
2431;4;620633594;2431;238;3351;3355;7.63;0.46;248.99;3.64;920;4;1147.00;4
2432;4;620633604;2432;242;3351;3355;7.68;0.47;248.98;3.64;919;4;1148.00;4
2435;4;620633615;2435;244;3351;3355;7.67;0.47;248.82;3.64;916;4;1149.00;4
2436;4;620633625;2436;246;3352;3355;7.68;0.47;248.81;3.64;916;4;1150.00;3
2436;4;620633635;2436;243;3353;3355;7.69;0.47;248.81;3.65;917;4;1151.00;2
2440;4;620633646;2440;268;3419;3482;7.86;0.49;248.95;3.59;979;4;1152.00;63
2443;4;620633667;2443;263;3421;3483;7.78;0.48;249.10;3.59;978;4;1153.00;62
2444;4;620633678;2444;265;3431;3483;7.78;0.48;249.06;3.58;987;4;1154.00;52
2447;4;620633689;2447;262;3439;3483;7.79;0.48;249.08;3.58;992;4;1155.00;44
2450;4;620633700;2450;263;3447;3483;7.76;0.48;249.18;3.58;997;4;1156.00;36
2451;4;620633712;2451;263;3451;3483;7.74;0.48;249.34;3.58;1000;4;1157.00;32
2453;4;620633723;2453;259;3453;3483;7.71;0.48;249.23;3.59;1000;4;1158.00;30
2457;4;620633734;2457;265;3457;3483;7.65;0.47;249.39;3.59;1000;4;1159.00;26
2459;5;620633745;2459;271;3459;3484;7.67;0.47;249.51;3.59;1000;5;1160.00;25
2462;6;620633773;2462;271;3462;3485;7.67;0.47;249.52;3.60;1000;6;1161.00;23
2465;6;620633801;2465;276;3469;3485;7.62;0.47;249.74;3.61;1004;6;1162.00;16
2468;6;620633818;2468;277;3472;3486;7.55;0.46;249.88;3.62;1004;6;1163.00;14
2471;6;620633829;2471;282;3476;3486;7.48;0.46;249.92;3.62;1005;6;1164.00;10
2474;6;620633841;2474;289;3480;3486;7.35;0.45;249.90;3.63;1006;6;1165.00;6
2477;6;620633852;2477;300;3481;3486;7.23;0.44;249.91;3.63;1004;6;1166.00;5
2479;6;620633863;2479;303;3484;3490;7.13;0.44;249.94;3.63;1005;6;1167.00;6
2482;6;620633874;2482;312;3486;3490;7.00;0.43;249.84;3.64;1004;6;1168.00;4
2484;6;620633886;2484;316;3487;3490;6.89;0.42;249.91;3.64;1003;6;1169.00;3
2486;6;620633899;2486;315;3490;3496;6.83;0.42;250.02;3.64;1004;6;1170.00;6
2487;6;620633911;2487;316;3490;3496;6.82;0.42;250.10;3.64;1003;6;1171.00;6
2489;6;620633922;2489;321;3493;3496;6.79;0.42;250.26;3.65;1004;6;1172.00;3
2492;6;620633933;2492;317;3497;3500;6.74;0.41;250.40;3.64;1005;6;1173.00;3
2495;6;620633945;2495;318;3499;3501;6.69;0.41;250.29;3.64;1004;6;1174.00;2
2497;6;620633956;2497;319;3499;3501;6.63;0.41;250.34;3.64;1002;6;1175.00;2
2499;6;620633969;2499;320;3503;3505;6.62;0.41;250.28;3.64;1004;6;1176.00;2
2502;6;620633981;2502;315;3504;3505;6.64;0.41;250.23;3.64;1002;6;1177.00;1
2503;6;620633993;2503;313;3504;3505;6.62;0.41;250.16;3.64;1001;6;1178.00;1
2504;6;620634004;2504;312;3505;3506;6.67;0.41;250.32;3.64;1001;6;1179.00;1
2504;6;620634016;2504;311;3506;3506;6.70;0.41;250.32;3.64;1002;6;1180.00;0
2507;6;620634027;2507;311;3512;3512;6.72;0.41;250.50;3.64;1005;6;1181.00;0
2510;6;620634039;2510;308;3512;3512;6.67;0.41;250.75;3.64;1002;6;1182.00;0
2512;6;620634057;2512;317;3513;3513;6.66;0.41;250.67;3.64;1001;6;1183.00;0
2516;6;620634068;2516;317;3513;3513;6.62;0.41;250.78;3.64;997;6;1184.00;0
2520;6;620634079;2520;314;3513;3513;6.61;0.41;250.86;3.64;993;6;1185.00;0
2523;6;620634090;2523;324;3513;3513;6.62;0.41;251.01;3.64;990;6;1186.00;0
2526;6;620634100;2526;324;3513;3513;6.61;0.41;251.22;3.64;987;6;1187.00;0
2532;6;620634110;2532;326;3525;3525;6.49;0.40;251.46;3.62;993;6;1188.00;0
2535;6;620634122;2535;332;3525;3525;6.40;0.39;251.39;3.62;990;6;1189.00;0
2542;6;620634132;2542;318;3525;3525;6.33;0.39;251.51;3.62;983;6;1190.00;0
2547;6;620634144;2547;310;3525;3525;6.27;0.38;251.68;3.62;978;6;1191.00;0
2553;6;620634154;2553;310;3525;3525;6.22;0.38;251.91;3.62;972;6;1192.00;0
2557;6;620634165;2557;310;3525;3525;6.20;0.38;252.00;3.62;968;6;1193.00;0
2562;6;620634177;2562;310;3529;3529;6.17;0.38;252.16;3.62;967;6;1194.00;0
2564;6;620634190;2564;308;3529;3529;6.21;0.38;252.17;3.62;965;6;1195.00;0
2566;6;620634200;2566;304;3533;3533;6.35;0.39;252.10;3.62;967;6;1196.00;0
2570;6;620634211;2570;295;3534;3534;6.39;0.39;252.17;3.62;964;6;1197.00;0
2576;6;620634223;2576;291;3534;3534;6.42;0.39;252.25;3.62;958;6;1198.00;0
2579;6;620634234;2579;283;3534;3534;6.51;0.40;252.35;3.62;955;6;1199.00;0
2583;6;620634247;2583;290;3561;3575;6.49;0.40;252.61;3.59;978;6;1200.00;14
2586;6;620634268;2586;278;3563;3575;6.52;0.40;252.76;3.59;977;6;1201.00;12
2591;6;620634279;2591;267;3564;3575;6.55;0.40;252.72;3.59;973;6;1202.00;11
2594;6;620634291;2594;269;3567;3576;6.63;0.41;252.94;3.59;973;6;1203.00;9
2596;6;620634302;2596;275;3568;3577;6.69;0.41;253.03;3.59;972;6;1204.00;9
2600;6;620634313;2600;281;3568;3577;6.78;0.41;253.35;3.59;968;6;1205.00;9
2607;6;620634324;2607;281;3571;3580;6.80;0.41;253.79;3.58;964;6;1206.00;9
2611;6;620634336;2611;287;3572;3580;6.82;0.41;253.90;3.59;961;6;1207.00;8
2615;6;620634348;2615;288;3574;3580;6.84;0.42;254.03;3.59;959;6;1208.00;6
2619;6;620634359;2619;288;3576;3580;6.86;0.42;254.12;3.59;957;6;1209.00;4
2624;6;620634370;2624;285;3581;3586;6.85;0.42;254.39;3.59;957;6;1210.00;5
2627;6;620634382;2627;288;3581;3586;6.86;0.42;254.55;3.59;954;6;1211.00;5
2631;6;620634393;2631;297;3581;3586;6.80;0.41;254.69;3.59;950;6;1212.00;5
2637;6;620634405;2637;298;3582;3586;6.70;0.41;254.96;3.59;945;6;1213.00;4
2638;6;620634417;2638;306;3587;3590;6.75;0.41;255.05;3.59;949;6;1214.00;3
2646;6;620634429;2646;303;3589;3592;6.75;0.41;255.54;3.58;943;6;1215.00;3
2647;6;620634440;2647;302;3589;3592;6.81;0.42;255.64;3.58;942;6;1216.00;3
2652;6;620634450;2652;309;3590;3593;6.78;0.41;255.94;3.58;938;6;1217.00;3
2656;6;620634461;2656;311;3590;3593;6.83;0.42;256.04;3.58;934;6;1218.00;3
2657;6;620634473;2657;311;3590;3593;6.87;0.42;256.12;3.58;933;6;1219.00;3
2662;6;620634484;2662;311;3591;3593;6.78;0.41;256.45;3.59;929;6;1220.00;2
2668;6;620634495;2668;315;3591;3593;6.63;0.40;256.73;3.59;923;6;1221.00;2
2673;6;620634506;2673;318;3591;3593;6.56;0.40;256.70;3.59;918;6;1222.00;2
2682;6;620634517;2682;316;3591;3593;6.48;0.39;257.26;3.59;909;6;1223.00;2
2686;6;620634528;2686;330;3633;3663;6.46;0.39;257.28;3.55;947;6;1224.00;30
2690;6;620634545;2690;328;3634;3664;6.46;0.39;257.52;3.55;944;6;1225.00;30
2695;6;620634556;2695;330;3640;3664;6.51;0.40;257.71;3.55;945;6;1226.00;24
2695;6;620634568;2695;328;3640;3664;6.55;0.40;257.71;3.55;945;6;1227.00;24
2698;6;620634578;2698;331;3643;3666;6.58;0.40;258.08;3.55;945;6;1228.00;23
2700;6;620634590;2700;339;3644;3666;6.56;0.40;258.09;3.55;944;6;1229.00;22
2701;6;620634603;2701;340;3646;3666;6.50;0.40;258.07;3.55;945;6;1230.00;20
2704;6;620634614;2704;348;3650;3666;6.43;0.39;258.23;3.56;946;6;1231.00;16
2706;6;620634624;2706;351;3652;3667;6.37;0.39;258.49;3.56;946;6;1232.00;15
2706;6;620634636;2706;353;3653;3668;6.32;0.39;258.49;3.57;947;6;1233.00;15
2709;6;620634647;2709;361;3656;3668;6.29;0.38;258.73;3.57;947;6;1234.00;12
2712;6;620634658;2712;372;3661;3672;6.30;0.39;258.95;3.57;949;6;1235.00;11
2714;6;620634670;2714;386;3665;3672;6.33;0.39;258.82;3.58;951;6;1236.00;7
2717;6;620634682;2717;383;3668;3672;6.33;0.39;258.97;3.58;951;6;1237.00;4
2719;6;620634693;2719;387;3669;3672;6.31;0.39;259.02;3.59;950;6;1238.00;3
2719;6;620634705;2719;388;3675;3678;6.35;0.39;259.02;3.59;956;6;1239.00;3
2723;6;620634716;2723;388;3676;3678;6.38;0.39;259.11;3.59;953;6;1240.00;2
2726;6;620634727;2726;389;3677;3678;6.45;0.39;259.29;3.59;951;6;1241.00;1
2726;6;620634739;2726;387;3679;3681;6.57;0.40;259.29;3.59;953;6;1242.00;2
2728;6;620634750;2728;393;3680;3681;6.62;0.40;259.33;3.59;952;6;1243.00;1
2731;6;620634768;2731;394;3681;3681;6.65;0.41;259.46;3.59;950;6;1244.00;0
2736;6;620634781;2736;399;3682;3682;6.60;0.40;259.46;3.59;946;6;1245.00;0
2741;6;620634793;2741;388;3683;3683;6.56;0.40;259.73;3.59;942;6;1246.00;0
2744;6;620634805;2744;379;3683;3683;6.58;0.40;259.75;3.59;939;6;1247.00;0
2746;6;620634822;2746;383;3696;3696;6.69;0.41;259.83;3.57;950;6;1248.00;0
2749;6;620634838;2749;375;3696;3696;6.69;0.41;259.83;3.57;947;6;1249.00;0
2752;6;620634850;2752;370;3696;3696;6.74;0.41;259.90;3.57;944;6;1250.00;0
2755;6;620634862;2755;368;3697;3697;6.79;0.41;259.97;3.57;942;6;1251.00;0
2756;6;620634874;2756;363;3697;3697;6.87;0.42;260.01;3.57;941;6;1252.00;0
2760;6;620634885;2760;365;3701;3701;6.89;0.42;260.02;3.57;941;6;1253.00;0
2762;6;620634897;2762;363;3701;3701;6.92;0.42;260.18;3.57;939;6;1254.00;0
2763;6;620634909;2763;366;3705;3705;6.95;0.42;260.12;3.57;942;6;1255.00;0
2768;6;620634921;2768;365;3705;3705;6.90;0.42;260.23;3.57;937;6;1256.00;0
2771;6;620634933;2771;359;3705;3705;6.86;0.42;260.12;3.57;934;6;1257.00;0
2773;6;620634945;2773;366;3705;3705;6.85;0.42;260.25;3.57;932;6;1258.00;0
2776;6;620634956;2776;364;3705;3705;6.79;0.41;260.21;3.57;929;6;1259.00;0
2778;6;620634969;2778;357;3735;3739;6.81;0.42;260.08;3.54;957;6;1260.00;4
2781;6;620634987;2781;359;3736;3739;6.83;0.42;260.08;3.54;955;6;1261.00;3
2785;6;620635000;2785;359;3738;3739;6.85;0.42;260.12;3.54;953;6;1262.00;1
2787;6;620635013;2787;363;3738;3739;6.82;0.42;260.11;3.54;951;6;1263.00;1
2789;6;620635027;2789;362;3739;3739;6.82;0.42;260.08;3.54;950;6;1264.00;0
2792;6;620635039;2792;365;3739;3739;6.77;0.41;259.99;3.54;947;6;1265.00;0
2795;6;620635056;2795;369;3740;3740;6.76;0.41;259.99;3.54;945;6;1266.00;0
2798;6;620635068;2798;371;3740;3740;6.73;0.41;259.76;3.54;942;6;1267.00;0
2800;6;620635079;2800;369;3745;3746;6.71;0.41;259.82;3.53;945;6;1268.00;1
2802;6;620635092;2802;371;3746;3747;6.63;0.40;259.79;3.53;944;6;1269.00;1
2804;6;620635104;2804;375;3746;3747;6.55;0.40;259.73;3.53;942;6;1270.00;1
2804;6;620635116;2804;378;3746;3747;6.43;0.39;259.73;3.53;942;6;1271.00;1
2806;6;620635129;2806;382;3750;3751;6.37;0.39;259.74;3.53;944;6;1272.00;1
2807;6;620635141;2807;382;3750;3751;6.30;0.38;259.66;3.53;943;6;1273.00;1
2808;6;620635151;2808;385;3750;3751;6.24;0.38;259.71;3.53;942;6;1274.00;1
2808;6;620635167;2808;389;3751;3752;6.25;0.38;259.71;3.53;943;6;1275.00;1
2812;6;620635179;2812;395;3754;3756;6.22;0.38;259.81;3.53;942;6;1276.00;2
2813;6;620635196;2813;396;3754;3756;6.16;0.37;259.85;3.53;941;6;1277.00;2
2813;6;620635211;2813;397;3756;3759;6.14;0.37;259.85;3.52;943;6;1278.00;3
2815;6;620635228;2815;404;3756;3759;6.12;0.37;259.81;3.52;941;6;1279.00;3
2816;6;620635242;2816;400;3757;3759;6.12;0.37;259.72;3.52;941;6;1280.00;2
2817;6;620635255;2817;393;3757;3759;6.11;0.37;259.71;3.52;940;6;1281.00;2
2817;7;620635270;2817;388;3761;3763;6.15;0.37;259.71;3.52;944;7;1282.00;2
2818;7;620635315;2818;369;3761;3763;6.19;0.38;259.71;3.52;943;7;1283.00;2
2819;7;620635332;2819;349;3761;3763;6.23;0.38;259.73;3.52;942;7;1284.00;2
2820;7;620635357;2820;340;3761;3763;6.31;0.38;259.75;3.52;941;7;1285.00;2
2823;8;620635372;2823;326;3761;3764;6.37;0.39;259.74;3.52;938;8;1286.00;3
2825;8;620635421;2825;322;3762;3765;6.43;0.39;259.74;3.52;937;8;1287.00;3
2827;8;620635435;2827;315;3762;3765;6.49;0.39;259.82;3.52;935;8;1288.00;3
2831;8;620635448;2831;300;3763;3766;6.52;0.39;259.94;3.52;932;8;1289.00;3
2831;8;620635473;2831;295;3763;3766;6.60;0.40;259.94;3.52;932;8;1290.00;3
2832;8;620635486;2832;285;3763;3766;6.65;0.40;259.92;3.52;931;8;1291.00;3
2833;8;620635497;2833;275;3763;3766;6.71;0.40;259.97;3.52;930;8;1292.00;3
2835;8;620635510;2835;268;3763;3766;6.68;0.40;260.03;3.52;928;8;1293.00;3
2839;8;620635522;2839;261;3764;3766;6.74;0.41;260.15;3.53;925;8;1294.00;2
2839;8;620635534;2839;254;3765;3766;6.81;0.41;260.15;3.53;926;8;1295.00;1
2841;8;620635545;2841;266;3827;3893;6.95;0.43;260.14;3.47;986;8;1296.00;66
2846;8;620635569;2846;260;3827;3894;6.92;0.42;260.18;3.47;981;8;1297.00;67
2847;8;620635582;2847;249;3836;3894;7.04;0.43;260.24;3.47;989;8;1298.00;58
2849;8;620635595;2849;241;3837;3894;7.09;0.43;260.29;3.47;988;8;1299.00;57
2850;8;620635608;2850;233;3843;3894;7.22;0.44;260.31;3.47;993;8;1300.00;51
2850;8;620635625;2850;228;3846;3894;7.25;0.44;260.31;3.47;996;8;1301.00;48
2851;8;620635638;2851;221;3849;3894;7.35;0.45;260.27;3.47;998;8;1302.00;45
2852;8;620635651;2852;222;3853;3894;7.44;0.45;260.22;3.48;1001;8;1303.00;41
2853;8;620635670;2853;219;3856;3895;7.55;0.46;260.20;3.48;1003;8;1304.00;39
2859;8;620635683;2859;222;3862;3897;7.62;0.46;260.48;3.49;1003;8;1305.00;35
2859;8;620635697;2859;211;3864;3897;7.78;0.47;260.48;3.49;1005;8;1306.00;33
2862;8;620635712;2862;211;3867;3898;7.80;0.47;260.39;3.50;1005;8;1307.00;31
2863;8;620635725;2863;205;3869;3898;7.83;0.48;260.51;3.50;1006;8;1308.00;29
2864;8;620635745;2864;207;3873;3898;7.83;0.48;260.45;3.51;1009;8;1309.00;25
2866;8;620635758;2866;201;3878;3898;7.81;0.48;260.53;3.52;1012;8;1310.00;20
2869;8;620635771;2869;209;3882;3902;7.79;0.47;260.46;3.53;1013;8;1311.00;20
2871;8;620635785;2871;203;3884;3902;7.76;0.47;260.33;3.53;1013;8;1312.00;18
2874;8;620635800;2874;202;3886;3902;7.75;0.47;260.28;3.54;1012;8;1313.00;16
2876;8;620635814;2876;209;3888;3905;7.69;0.47;260.29;3.54;1012;8;1314.00;17
2880;8;620635827;2880;207;3891;3905;7.62;0.46;260.67;3.55;1011;8;1315.00;14
2881;8;620635841;2881;212;3892;3905;7.64;0.46;260.62;3.56;1011;8;1316.00;13
2883;8;620635855;2883;220;3895;3909;7.60;0.46;260.59;3.55;1012;8;1317.00;14
2885;8;620635869;2885;219;3899;3910;7.62;0.46;260.74;3.56;1014;8;1318.00;11
2885;8;620635882;2885;233;3900;3910;7.65;0.46;260.74;3.56;1015;8;1319.00;10
2888;8;620635897;2888;231;3904;3915;7.60;0.46;260.88;3.57;1016;8;1320.00;11
2889;8;620635911;2889;239;3905;3915;7.57;0.46;261.03;3.57;1016;8;1321.00;10
2890;8;620635925;2890;247;3906;3915;7.55;0.46;260.95;3.57;1016;8;1322.00;9
2891;8;620635938;2891;250;3908;3916;7.56;0.46;261.10;3.57;1017;8;1323.00;8
2894;8;620635951;2894;255;3908;3916;7.51;0.46;261.15;3.57;1014;8;1324.00;8
2896;8;620635971;2896;256;3915;3922;7.59;0.46;261.19;3.58;1019;8;1325.00;7
2898;8;620635985;2898;260;3915;3922;7.59;0.46;261.26;3.58;1017;8;1326.00;7
2900;8;620635998;2900;260;3916;3923;7.60;0.46;261.42;3.58;1016;8;1327.00;7
2902;8;620636013;2902;269;3916;3923;7.61;0.46;261.62;3.58;1014;8;1328.00;7
2905;9;620636026;2905;273;3916;3923;7.58;0.46;261.75;3.58;1011;9;1329.00;7
2908;9;620636055;2908;279;3919;3923;7.53;0.46;261.89;3.61;1011;9;1330.00;4
2910;9;620636068;2910;285;3919;3923;7.51;0.46;261.93;3.61;1009;9;1331.00;4
2912;9;620636082;2912;290;3929;3935;7.51;0.46;262.08;3.60;1017;9;1332.00;6
2915;9;620636097;2915;291;3930;3935;7.43;0.45;262.27;3.60;1015;9;1333.00;5
2919;9;620636110;2919;292;3933;3935;7.37;0.45;262.39;3.61;1014;9;1334.00;2
2920;9;620636123;2920;293;3935;3935;7.39;0.45;262.36;3.61;1015;9;1335.00;0
2927;9;620636135;2927;298;3935;3935;7.32;0.45;262.70;3.61;1008;9;1336.00;0
2931;9;620636156;2931;305;3935;3935;7.27;0.44;262.93;3.61;1004;9;1337.00;0
2934;9;620636168;2934;300;3939;3939;7.20;0.44;262.97;3.61;1005;9;1338.00;0
2937;9;620636181;2937;298;3939;3939;7.16;0.44;263.13;3.61;1002;9;1339.00;0
2941;9;620636197;2941;299;3943;3943;7.16;0.44;263.43;3.60;1002;9;1340.00;0
2941;9;620636217;2941;295;3944;3944;7.14;0.44;263.43;3.60;1003;9;1341.00;0
2946;9;620636229;2946;292;3944;3944;7.15;0.44;263.53;3.60;998;9;1342.00;0
2946;9;620636240;2946;286;3944;3944;7.19;0.44;263.53;3.60;998;9;1343.00;0
2947;9;620636251;2947;286;3957;3957;7.24;0.44;263.56;3.59;1010;9;1344.00;0
2951;9;620636263;2951;287;3957;3957;7.32;0.45;263.63;3.59;1006;9;1345.00;0
2953;9;620636276;2953;286;3957;3957;7.38;0.45;263.56;3.59;1004;9;1346.00;0
2956;9;620636287;2956;285;3958;3958;7.43;0.45;263.65;3.59;1002;9;1347.00;0
2958;9;620636300;2958;278;3959;3959;7.46;0.46;263.71;3.59;1001;9;1348.00;0
2960;9;620636312;2960;274;3959;3959;7.53;0.46;263.73;3.59;999;9;1349.00;0
2964;9;620636325;2964;279;3965;3968;7.55;0.46;263.73;3.59;1001;9;1350.00;3
2967;9;620636337;2967;273;3965;3968;7.58;0.46;264.06;3.59;998;9;1351.00;3
2971;9;620636348;2971;274;3967;3968;7.55;0.46;264.18;3.58;996;9;1352.00;1
2976;9;620636360;2976;271;3967;3968;7.54;0.46;264.46;3.58;991;9;1353.00;1
2978;9;620636370;2978;276;3973;3974;7.52;0.46;264.56;3.58;995;9;1354.00;1
2987;9;620636382;2987;272;3974;3974;7.46;0.45;264.83;3.58;987;9;1355.00;0
2989;9;620636400;2989;281;3974;3974;7.37;0.45;264.87;3.58;985;9;1356.00;0
2994;9;620636410;2994;281;3974;3974;7.14;0.44;265.05;3.58;980;9;1357.00;0
2997;9;620636422;2997;282;3978;3978;7.01;0.43;265.14;3.58;981;9;1358.00;0
3000;9;620636432;3000;288;3979;3979;6.82;0.42;265.20;3.58;979;9;1359.00;0
3007;9;620636443;3007;277;3979;3979;6.73;0.41;265.02;3.58;972;9;1360.00;0
3008;9;620636454;3008;274;3980;3980;6.75;0.41;265.05;3.58;972;9;1361.00;0
3012;9;620636465;3012;273;3980;3980;6.70;0.41;265.10;3.58;968;9;1362.00;0
3018;9;620636477;3018;275;3980;3980;6.69;0.41;265.07;3.58;962;9;1363.00;0
3022;9;620636488;3022;278;3980;3980;6.73;0.41;265.13;3.58;958;9;1364.00;0
3024;9;620636500;3024;277;3980;3980;6.80;0.42;265.07;3.58;956;9;1365.00;0
3029;9;620636512;3029;278;3980;3980;6.83;0.42;265.35;3.58;951;9;1366.00;0
3034;9;620636525;3034;273;3980;3980;6.87;0.42;265.34;3.58;946;9;1367.00;0
3036;9;620636536;3036;266;4017;4050;7.02;0.43;265.30;3.54;981;9;1368.00;33
3039;9;620636553;3039;269;4019;4051;7.01;0.43;265.41;3.54;980;9;1369.00;32
3041;9;620636566;3041;264;4026;4051;7.07;0.43;265.53;3.54;985;9;1370.00;25
3045;9;620636579;3045;276;4028;4051;7.08;0.43;265.82;3.54;983;9;1371.00;23
3050;9;620636591;3050;278;4033;4051;7.06;0.43;266.02;3.54;983;9;1372.00;18
3052;9;620636602;3052;279;4034;4051;6.99;0.43;266.13;3.54;982;9;1373.00;17
3057;9;620636616;3057;280;4037;4051;6.87;0.42;266.36;3.54;980;9;1374.00;14
3062;9;620636630;3062;289;4040;4051;6.79;0.42;266.64;3.55;978;9;1375.00;11
3065;9;620636643;3065;298;4041;4052;6.69;0.41;266.61;3.55;976;9;1376.00;11
3070;9;620636656;3070;304;4044;4053;6.66;0.41;266.79;3.55;974;9;1377.00;9
3075;9;620636674;3075;305;4046;4053;6.62;0.40;266.61;3.55;971;9;1378.00;7
3080;9;620636688;3080;313;4051;4057;6.60;0.40;266.78;3.56;971;9;1379.00;6
3085;9;620636706;3085;319;4053;4057;6.59;0.40;266.81;3.56;968;9;1380.00;4
3088;9;620636718;3088;326;4053;4057;6.57;0.40;267.16;3.56;965;9;1381.00;4
3093;9;620636729;3093;340;4054;4057;6.49;0.40;267.33;3.56;961;9;1382.00;3
3099;9;620636740;3099;345;4060;4063;6.36;0.39;267.50;3.55;961;9;1383.00;3
3103;9;620636751;3103;347;4061;4063;6.30;0.38;267.55;3.56;958;9;1384.00;2
3108;9;620636761;3108;349;4061;4063;6.20;0.38;267.66;3.56;953;9;1385.00;2
3113;9;620636772;3113;351;4063;4066;6.17;0.37;267.69;3.56;950;9;1386.00;3
3119;9;620636784;3119;364;4065;4066;6.10;0.37;268.06;3.56;946;9;1387.00;1
3122;9;620636795;3122;364;4066;4066;6.07;0.37;268.17;3.56;944;9;1388.00;0
3125;9;620636805;3125;370;4067;4067;6.07;0.37;268.31;3.56;942;9;1389.00;0
3127;9;620636816;3127;372;4068;4068;6.10;0.37;268.51;3.56;941;9;1390.00;0
3129;9;620636826;3129;375;4068;4068;6.08;0.37;268.60;3.56;939;9;1391.00;0
3135;9;620636836;3135;377;4080;4081;6.11;0.37;268.79;3.55;945;9;1392.00;1
3139;9;620636847;3139;380;4081;4081;6.08;0.37;268.87;3.55;942;9;1393.00;0
3143;9;620636857;3143;388;4081;4081;6.13;0.38;268.96;3.55;938;9;1394.00;0
3148;9;620636868;3148;396;4083;4083;6.17;0.38;269.07;3.55;935;9;1395.00;0
3155;9;620636879;3155;399;4083;4083;6.08;0.37;269.15;3.55;928;9;1396.00;0
3157;9;620636889;3157;404;4087;4087;6.07;0.37;269.28;3.54;930;9;1397.00;0
3160;9;620636900;3160;409;4087;4087;6.10;0.37;269.27;3.54;927;9;1398.00;0
3162;9;620636910;3162;412;4091;4091;6.13;0.38;269.19;3.54;929;9;1399.00;0
3167;9;620636921;3167;418;4091;4091;6.00;0.37;269.24;3.54;924;9;1400.00;0
3169;9;620636935;3169;430;4091;4091;5.93;0.36;269.29;3.54;922;9;1401.00;0
3172;9;620636945;3172;432;4091;4091;5.83;0.36;269.29;3.54;919;9;1402.00;0
3173;9;620636955;3173;435;4091;4091;5.73;0.35;269.24;3.54;918;9;1403.00;0
3176;9;620636965;3176;441;4102;4103;5.78;0.36;269.30;3.53;926;9;1404.00;1
3179;9;620636976;3179;440;4102;4103;5.71;0.35;269.20;3.53;923;9;1405.00;1
3180;9;620636986;3180;446;4103;4103;5.70;0.35;269.21;3.53;923;9;1406.00;0
3182;9;620636996;3182;441;4103;4103;5.64;0.35;269.20;3.53;921;9;1407.00;0
3185;9;620637005;3185;429;4103;4103;5.64;0.35;269.22;3.53;918;9;1408.00;0
3187;9;620637015;3187;424;4103;4103;5.65;0.35;269.19;3.53;916;9;1409.00;0
3188;9;620637027;3188;422;4104;4104;5.68;0.35;269.13;3.53;916;9;1410.00;0
3188;9;620637037;3188;422;4104;4104;5.72;0.35;269.13;3.53;916;9;1411.00;0
3191;9;620637047;3191;420;4110;4110;5.75;0.35;269.16;3.53;919;9;1412.00;0
3195;9;620637057;3195;421;4111;4111;5.81;0.35;269.02;3.53;916;9;1413.00;0
3196;9;620637068;3196;419;4111;4111;5.90;0.36;268.94;3.53;915;9;1414.00;0
3198;9;620637078;3198;422;4111;4111;5.92;0.36;268.97;3.53;913;9;1415.00;0
3198;9;620637088;3198;406;4115;4115;6.01;0.37;268.97;3.52;917;9;1416.00;0
3200;9;620637099;3200;397;4115;4115;6.01;0.37;269.03;3.52;915;9;1417.00;0
3202;9;620637109;3202;393;4115;4115;6.05;0.37;268.98;3.52;913;9;1418.00;0
3205;9;620637119;3205;389;4116;4116;6.08;0.37;269.02;3.52;911;9;1419.00;0
3205;9;620637135;3205;393;4120;4120;6.12;0.37;269.02;3.52;915;9;1420.00;0
3208;9;620637146;3208;387;4120;4120;6.16;0.37;268.92;3.52;912;9;1421.00;0
3211;9;620637156;3211;390;4122;4123;6.21;0.38;268.84;3.52;911;9;1422.00;1
3212;9;620637169;3212;393;4122;4123;6.19;0.38;268.89;3.52;910;9;1423.00;1
3213;9;620637181;3213;393;4123;4123;6.22;0.38;268.90;3.52;910;9;1424.00;0
3215;9;620637192;3215;395;4123;4123;6.21;0.38;268.94;3.52;908;9;1425.00;0
3216;9;620637203;3216;396;4127;4127;6.23;0.38;268.95;3.52;911;10;1426.00;0
3217;9;620637225;3217;398;4127;4127;6.27;0.38;268.90;3.52;910;10;1427.00;0
3217;9;620637236;3217;401;4127;4127;6.28;0.38;268.90;3.52;910;10;1428.00;0
3217;9;620637246;3217;397;4127;4127;6.28;0.38;268.90;3.52;910;10;1429.00;0
3219;9;620637257;3219;405;4128;4128;6.31;0.38;268.93;3.51;909;10;1430.00;0
3221;9;620637268;3221;409;4129;4129;6.31;0.38;268.92;3.51;908;10;1431.00;0
3222;9;620637279;3222;408;4129;4129;6.28;0.38;268.96;3.51;907;10;1432.00;0
3223;9;620637293;3223;410;4130;4130;6.32;0.38;268.98;3.51;907;10;1433.00;0
3224;9;620637309;3224;404;4130;4130;6.32;0.38;269.03;3.51;906;10;1434.00;0
3226;9;620637324;3226;393;4130;4130;6.29;0.38;269.06;3.51;904;10;1435.00;0
3227;9;620637341;3227;383;4130;4130;6.34;0.38;269.06;3.51;903;10;1436.00;0
3230;9;620637354;3230;374;4130;4130;6.40;0.39;269.07;3.51;900;10;1437.00;0
3233;9;620637370;3233;374;4130;4130;6.44;0.39;269.17;3.51;897;10;1438.00;0
3233;10;620637385;3233;369;4130;4130;6.51;0.39;269.17;3.51;897;11;1439.00;0
3233;10;620637416;3233;422;4258;4360;6.57;0.41;269.17;3.41;1025;11;1440.00;102
3235;10;620637449;3235;407;4261;4361;6.58;0.41;269.09;3.41;1026;11;1441.00;100
3237;10;620637480;3237;383;4271;4361;6.73;0.42;269.11;3.40;1034;11;1442.00;90
3237;10;620637493;3237;374;4276;4361;6.79;0.42;269.11;3.40;1039;11;1443.00;85
3238;10;620637507;3238;372;4283;4361;6.83;0.43;269.14;3.40;1045;11;1444.00;78
3239;10;620637530;3239;369;4287;4361;6.84;0.43;269.19;3.41;1048;11;1445.00;74
3240;10;620637550;3240;364;4294;4361;6.86;0.43;269.19;3.41;1054;11;1446.00;67
3240;10;620637569;3240;358;4298;4361;6.91;0.43;269.19;3.41;1058;11;1447.00;63
3242;10;620637580;3242;366;4302;4362;6.95;0.43;269.26;3.42;1060;11;1448.00;60
3244;10;620637593;3244;368;4306;4363;6.90;0.43;269.37;3.42;1062;11;1449.00;57
3246;10;620637607;3246;363;4311;4363;6.89;0.43;269.42;3.43;1065;11;1450.00;52
3246;10;620637619;3246;364;4314;4364;6.90;0.43;269.42;3.44;1068;11;1451.00;50
3248;10;620637630;3248;357;4316;4364;6.91;0.43;269.46;3.44;1068;11;1452.00;48
3249;10;620637643;3249;356;4320;4364;6.90;0.43;269.54;3.45;1071;11;1453.00;44
3250;10;620637655;3250;349;4322;4364;6.90;0.43;269.57;3.45;1072;11;1454.00;42
3254;10;620637668;3254;341;4326;4368;6.88;0.42;269.78;3.46;1072;11;1455.00;42
3256;10;620637680;3256;347;4327;4368;6.87;0.42;269.93;3.46;1071;11;1456.00;41
3261;10;620637695;3261;341;4329;4368;6.85;0.42;270.23;3.46;1068;11;1457.00;39
3262;10;620637707;3262;340;4331;4371;6.89;0.42;270.24;3.47;1069;11;1458.00;40
3267;10;620637719;3267;337;4333;4371;6.88;0.42;270.30;3.47;1066;11;1459.00;38
3269;10;620637732;3269;332;4334;4371;6.89;0.42;270.23;3.47;1065;11;1460.00;37
3273;10;620637744;3273;331;4337;4375;6.86;0.42;270.52;3.47;1064;11;1461.00;38
3277;10;620637763;3277;323;4339;4376;6.82;0.42;270.55;3.48;1062;11;1462.00;37
3281;10;620637776;3281;316;4343;4376;6.83;0.42;270.69;3.49;1062;11;1463.00;33
3283;10;620637790;3283;315;4346;4380;6.88;0.42;270.75;3.50;1063;11;1464.00;34
3287;10;620637803;3287;325;4348;4380;6.89;0.42;270.97;3.51;1061;11;1465.00;32
3291;10;620637816;3291;321;4350;4380;6.90;0.42;271.11;3.51;1059;11;1466.00;30
3294;10;620637829;3294;319;4350;4381;6.95;0.42;271.24;3.51;1056;11;1467.00;31
3299;10;620637841;3299;310;4351;4381;7.00;0.42;271.38;3.52;1052;11;1468.00;30
3300;10;620637854;3300;305;4356;4387;7.10;0.43;271.42;3.52;1056;11;1469.00;31
3302;10;620637869;3302;302;4356;4387;7.17;0.44;271.72;3.52;1054;11;1470.00;31
3306;10;620637882;3306;300;4356;4388;7.25;0.44;271.88;3.52;1050;11;1471.00;32
3310;10;620637895;3310;292;4357;4388;7.31;0.44;271.96;3.53;1047;11;1472.00;31
3313;10;620637908;3313;292;4358;4388;7.33;0.45;272.21;3.54;1045;11;1473.00;30
3315;10;620637928;3315;287;4359;4388;7.40;0.45;272.13;3.54;1044;11;1474.00;29
3316;10;620637941;3316;291;4360;4388;7.40;0.45;272.24;3.55;1044;11;1475.00;28
3320;10;620637953;3320;294;4371;4400;7.48;0.45;272.33;3.54;1051;11;1476.00;29
3320;10;620637973;3320;293;4372;4400;7.52;0.46;272.33;3.55;1052;11;1477.00;28
3321;10;620637986;3321;292;4373;4400;7.57;0.46;272.30;3.55;1052;11;1478.00;27
3324;10;620637998;3324;296;4374;4400;7.60;0.46;272.42;3.55;1050;11;1479.00;26
3326;10;620638010;3326;292;4375;4400;7.62;0.46;272.65;3.56;1049;11;1480.00;25
3328;10;620638023;3328;289;4377;4400;7.65;0.46;272.67;3.58;1049;11;1481.00;23
3330;10;620638035;3330;288;4380;4404;7.63;0.46;272.84;3.58;1050;11;1482.00;24
3333;10;620638048;3333;291;4381;4404;7.60;0.46;272.99;3.59;1048;11;1483.00;23
3333;10;620638075;3333;289;4386;4408;7.65;0.46;272.99;3.59;1053;11;1484.00;22
3335;10;620638095;3335;290;4389;4410;7.64;0.46;272.97;3.60;1054;11;1485.00;21
3338;10;620638108;3338;295;4390;4410;7.64;0.46;272.91;3.60;1052;11;1486.00;20
3338;10;620638121;3338;298;4391;4410;7.63;0.46;272.91;3.61;1053;11;1487.00;19
3339;10;620638133;3339;304;4400;4423;7.64;0.47;273.04;3.60;1061;11;1488.00;23
3342;10;620638146;3342;303;4401;4423;7.59;0.46;273.11;3.61;1059;11;1489.00;22
3342;10;620638159;3342;307;4402;4423;7.61;0.46;273.11;3.62;1060;12;1490.00;21
3344;10;620638182;3344;305;4404;4424;7.61;0.46;273.10;3.63;1060;12;1491.00;20
3346;10;620638195;3346;306;4406;4425;7.60;0.46;273.02;3.65;1060;12;1492.00;19
3350;10;620638208;3350;312;4406;4425;7.55;0.46;272.91;3.65;1056;12;1493.00;19
3355;10;620638220;3355;315;4409;4428;7.50;0.46;272.99;3.66;1054;12;1494.00;19
3356;10;620638232;3356;322;4411;4428;7.49;0.46;272.94;3.68;1055;12;1495.00;17
3360;11;620638243;3360;323;4412;4428;7.50;0.46;272.83;3.68;1052;14;1496.00;16
3364;11;620638278;3364;328;4414;4428;7.45;0.45;272.92;3.70;1050;14;1497.00;14
3366;11;620638291;3366;333;4422;4434;7.52;0.46;272.92;3.73;1056;14;1498.00;12
3369;11;620638307;3369;339;4423;4434;7.46;0.45;272.81;3.74;1054;14;1499.00;11
3372;11;620638322;3372;347;4430;4453;7.32;0.45;273.11;3.76;1058;14;1500.00;23
3373;11;620638346;3373;340;4430;4453;7.24;0.44;273.22;3.76;1057;14;1501.00;23
3376;11;620638358;3376;349;4436;4457;7.19;0.44;273.38;3.77;1060;14;1502.00;21
3380;11;620638370;3380;347;4438;4458;7.16;0.44;273.49;3.77;1058;14;1503.00;20
3384;11;620638382;3384;348;4439;4458;7.12;0.43;273.62;3.77;1055;14;1504.00;19
3387;11;620638395;3387;349;4441;4459;7.07;0.43;273.66;3.78;1054;14;1505.00;18
3390;11;620638406;3390;351;4445;4459;6.98;0.43;273.77;3.78;1055;14;1506.00;14
3393;11;620638418;3393;348;4446;4459;6.95;0.42;273.90;3.78;1053;14;1507.00;13
3395;11;620638430;3395;359;4446;4459;6.90;0.42;273.97;3.78;1051;14;1508.00;13
3399;11;620638441;3399;350;4447;4459;6.89;0.42;274.21;3.79;1048;14;1509.00;12
3403;11;620638452;3403;353;4448;4459;6.87;0.42;274.18;3.79;1045;14;1510.00;11
3405;11;620638470;3405;347;4449;4459;6.88;0.42;274.32;3.79;1044;14;1511.00;10
3407;11;620638481;3407;350;4481;4529;6.92;0.43;274.34;3.76;1074;14;1512.00;48
3411;11;620638498;3411;347;4485;4530;6.93;0.42;274.36;3.76;1074;14;1513.00;45
3413;11;620638510;3413;344;4490;4530;6.95;0.43;274.37;3.76;1077;14;1514.00;40
3415;11;620638522;3415;346;4495;4530;7.01;0.43;274.42;3.76;1080;14;1515.00;35
3417;11;620638533;3417;351;4502;4530;7.06;0.43;274.57;3.76;1085;14;1516.00;28
3421;11;620638546;3421;349;4504;4530;7.01;0.43;274.65;3.77;1083;14;1517.00;26
3424;11;620638558;3424;350;4509;4530;7.01;0.43;274.71;3.77;1085;14;1518.00;21
3427;11;620638569;3427;355;4512;4530;7.02;0.43;274.87;3.77;1085;14;1519.00;18
3430;11;620638581;3430;352;4514;4531;7.01;0.43;274.96;3.77;1084;14;1520.00;17
3433;11;620638593;3433;358;4516;4532;6.96;0.43;274.89;3.78;1083;14;1521.00;16
3440;11;620638604;3440;364;4518;4532;6.84;0.42;274.94;3.78;1078;14;1522.00;14
3443;11;620638617;3443;366;4524;4536;6.72;0.41;275.04;3.79;1081;14;1523.00;12
3444;11;620638628;3444;363;4524;4536;6.66;0.41;275.04;3.79;1080;14;1524.00;12
3447;11;620638640;3447;366;4524;4536;6.59;0.40;275.07;3.79;1077;14;1525.00;12
3450;11;620638652;3450;372;4524;4536;6.51;0.40;275.04;3.79;1074;14;1526.00;12
3456;11;620638663;3456;376;4528;4542;6.48;0.40;275.07;3.78;1072;14;1527.00;14
3460;11;620638676;3460;383;4529;4542;6.37;0.39;275.12;3.79;1069;14;1528.00;13
3460;11;620638687;3460;383;4530;4542;6.32;0.39;275.12;3.79;1070;14;1529.00;12
3465;11;620638699;3465;373;4533;4548;6.20;0.38;275.28;3.80;1068;14;1530.00;15
3469;11;620638712;3469;366;4533;4548;6.16;0.38;275.18;3.80;1064;14;1531.00;15
3475;11;620638723;3475;368;4535;4548;6.11;0.38;274.92;3.80;1060;14;1532.00;13
3482;11;620638735;3482;358;4538;4549;6.04;0.37;275.09;3.80;1056;14;1533.00;11
3485;11;620638747;3485;363;4539;4550;6.05;0.37;275.18;3.80;1054;14;1534.00;11
3489;11;620638759;3489;354;4541;4550;6.04;0.37;275.15;3.82;1052;14;1535.00;9
3493;11;620638771;3493;358;4552;4563;6.07;0.37;275.27;3.81;1059;14;1536.00;11
3499;11;620638784;3499;356;4553;4563;6.03;0.37;275.39;3.81;1054;14;1537.00;10
3503;11;620638797;3503;355;4553;4563;6.08;0.37;275.50;3.81;1050;14;1538.00;10
3506;11;620638808;3506;359;4555;4564;6.02;0.37;275.68;3.81;1049;14;1539.00;9
3509;11;620638820;3509;355;4557;4564;6.00;0.37;275.71;3.83;1048;14;1540.00;7
3512;11;620638832;3512;350;4561;4568;5.99;0.37;275.85;3.83;1049;14;1541.00;7
3517;11;620638845;3517;350;4564;4568;5.91;0.36;276.25;3.83;1047;14;1542.00;4
3521;11;620638857;3521;358;4569;4572;5.92;0.36;276.27;3.83;1048;14;1543.00;3
3526;11;620638869;3526;366;4570;4572;5.84;0.36;276.51;3.83;1044;14;1544.00;2
3532;11;620638880;3532;368;4570;4572;5.76;0.35;276.77;3.83;1038;14;1545.00;2
3534;11;620638892;3534;379;4570;4572;5.79;0.36;276.73;3.83;1036;14;1546.00;2
3540;11;620638903;3540;384;4571;4572;5.68;0.35;277.00;3.83;1031;14;1547.00;1
3545;11;620638914;3545;393;4580;4584;5.68;0.35;277.28;3.83;1035;14;1548.00;4
3547;11;620638927;3547;394;4582;4584;5.66;0.35;277.27;3.83;1035;14;1549.00;2
3550;11;620638938;3550;401;4583;4584;5.60;0.35;277.32;3.83;1033;14;1550.00;1
3551;11;620638949;3551;405;4584;4584;5.53;0.34;277.38;3.83;1033;14;1551.00;0
3554;11;620638960;3554;410;4584;4584;5.48;0.34;277.44;3.83;1030;14;1552.00;0
3556;11;620638971;3556;417;4584;4584;5.48;0.34;277.40;3.83;1028;14;1553.00;0
3562;11;620638982;3562;423;4585;4585;5.43;0.34;277.29;3.83;1023;14;1554.00;0
3568;11;620638993;3568;424;4586;4587;5.32;0.33;277.35;3.83;1018;14;1555.00;1
3572;11;620639004;3572;422;4592;4593;5.29;0.33;277.56;3.82;1020;14;1556.00;1
3576;11;620639015;3576;422;4594;4594;5.24;0.32;277.60;3.82;1018;14;1557.00;0
3580;11;620639031;3580;435;4594;4594;5.23;0.32;277.80;3.82;1014;14;1558.00;0
3584;11;620639042;3584;434;4594;4594;5.23;0.32;277.80;3.82;1010;14;1559.00;0
3588;11;620639054;3588;444;4599;4599;5.20;0.32;277.86;3.82;1011;14;1560.00;0
3590;11;620639067;3590;445;4599;4599;5.25;0.32;277.89;3.82;1009;14;1561.00;0
3598;11;620639077;3598;446;4599;4599;5.20;0.32;277.93;3.82;1001;14;1562.00;0
3602;11;620639088;3602;450;4600;4600;5.15;0.32;277.87;3.82;998;14;1563.00;0
3605;11;620639098;3605;463;4604;4604;5.19;0.32;277.82;3.81;999;14;1564.00;0
3606;11;620639109;3606;462;4604;4604;5.21;0.32;277.84;3.81;998;14;1565.00;0
3608;11;620639119;3608;470;4606;4607;5.22;0.32;277.82;3.81;998;14;1566.00;1
3611;11;620639129;3611;474;4606;4607;5.14;0.32;277.66;3.81;995;14;1567.00;1
3614;11;620639140;3614;481;4607;4607;5.05;0.31;277.57;3.81;993;14;1568.00;0
3618;11;620639150;3618;489;4607;4607;4.96;0.31;277.41;3.81;989;14;1569.00;0
3623;11;620639159;3623;490;4611;4611;4.95;0.31;277.24;3.81;988;14;1570.00;0
3625;11;620639170;3625;493;4611;4611;4.95;0.31;277.18;3.81;986;14;1571.00;0
3630;11;620639179;3630;490;4611;4611;4.93;0.31;277.02;3.81;981;14;1572.00;0
3632;11;620639189;3632;492;4611;4611;4.90;0.30;276.99;3.81;979;14;1573.00;0
3635;11;620639199;3635;494;4612;4612;4.87;0.30;276.96;3.81;977;14;1574.00;0
3636;11;620639208;3636;500;4614;4614;4.90;0.30;276.99;3.81;978;14;1575.00;0
3638;11;620639218;3638;501;4614;4614;4.88;0.30;276.97;3.81;976;14;1576.00;0
3639;11;620639228;3639;494;4615;4615;4.83;0.30;277.00;3.81;976;14;1577.00;0
3641;11;620639238;3641;489;4615;4615;4.82;0.30;277.00;3.81;974;14;1578.00;0
3644;11;620639248;3644;485;4615;4615;4.76;0.29;277.03;3.81;971;14;1579.00;0
3647;11;620639258;3647;485;4615;4615;4.77;0.29;277.09;3.81;968;14;1580.00;0
3648;11;620639269;3648;483;4615;4615;4.80;0.29;277.10;3.81;967;14;1581.00;0
3650;11;620639279;3650;477;4615;4615;4.89;0.30;277.11;3.81;965;14;1582.00;0
3652;11;620639292;3652;484;4615;4615;4.95;0.30;277.06;3.81;963;14;1583.00;0
3652;11;620639307;3652;505;4690;4742;5.45;0.34;277.06;3.75;1038;14;1584.00;52
3653;11;620639340;3653;498;4694;4743;5.57;0.35;277.10;3.74;1041;14;1585.00;49
3653;11;620639357;3653;482;4703;4743;5.72;0.36;277.10;3.74;1050;14;1586.00;40
3657;11;620639373;3657;449;4705;4743;5.80;0.36;277.03;3.74;1048;14;1587.00;38
3659;11;620639389;3659;428;4710;4743;5.94;0.37;277.04;3.74;1051;14;1588.00;33
3660;11;620639408;3660;412;4713;4743;6.04;0.37;277.04;3.74;1053;14;1589.00;30
3661;11;620639423;3661;400;4715;4743;6.09;0.38;277.14;3.74;1054;14;1590.00;28
3661;11;620639442;3661;395;4717;4743;6.19;0.38;277.14;3.74;1056;14;1591.00;26
3663;11;620639455;3663;387;4718;4744;6.25;0.38;277.16;3.74;1055;14;1592.00;26
3665;11;620639469;3665;386;4720;4745;6.26;0.38;277.17;3.75;1055;14;1593.00;25
3665;11;620639497;3665;381;4722;4745;6.33;0.39;277.17;3.75;1057;14;1594.00;23
3665;11;620639511;3665;383;4724;4746;6.37;0.39;277.17;3.75;1059;14;1595.00;22
3668;11;620639524;3668;382;4726;4746;6.43;0.40;277.06;3.76;1058;14;1596.00;20
3671;11;620639538;3671;383;4727;4746;6.45;0.40;277.15;3.76;1056;14;1597.00;19
3673;11;620639553;3673;386;4729;4746;6.48;0.40;277.20;3.76;1056;14;1598.00;17
3674;11;620639566;3674;377;4733;4750;6.51;0.40;277.21;3.77;1059;14;1599.00;17
3674;11;620639581;3674;382;4735;4750;6.59;0.40;277.21;3.77;1061;14;1600.00;15
3675;11;620639599;3675;380;4737;4750;6.66;0.41;277.18;3.78;1062;14;1601.00;13
3680;11;620639613;3680;382;4739;4753;6.67;0.41;277.16;3.78;1059;14;1602.00;14
3680;11;620639628;3680;376;4741;4753;6.74;0.41;277.16;3.79;1061;14;1603.00;12
3682;11;620639641;3682;377;4743;4753;6.79;0.41;277.16;3.79;1061;14;1604.00;10
3683;11;620639654;3683;376;4748;4757;6.87;0.42;277.09;3.80;1065;14;1605.00;9
3684;11;620639668;3684;371;4750;4758;6.92;0.42;277.10;3.80;1066;14;1606.00;8
3684;11;620639681;3684;376;4752;4758;6.97;0.42;277.10;3.80;1068;14;1607.00;6
3686;11;620639695;3686;367;4755;4762;7.03;0.43;277.18;3.80;1069;14;1608.00;7
3688;11;620639709;3688;363;4757;4762;7.09;0.43;277.18;3.80;1069;14;1609.00;5
3690;11;620639723;3690;363;4758;4762;7.16;0.44;277.19;3.81;1068;14;1610.00;4
3692;11;620639736;3692;362;4759;4763;7.22;0.44;277.29;3.81;1067;14;1611.00;4
3693;11;620639751;3693;360;4760;4763;7.23;0.44;277.29;3.81;1067;14;1612.00;3
3696;11;620639765;3696;364;4764;4769;7.26;0.44;277.23;3.80;1068;14;1613.00;5
3699;11;620639786;3699;365;4765;4769;7.29;0.44;277.31;3.80;1066;14;1614.00;4
3704;11;620639800;3704;363;4765;4770;7.26;0.44;277.44;3.80;1061;14;1615.00;5
3705;11;620639814;3705;366;4765;4770;7.25;0.44;277.56;3.80;1060;14;1616.00;5
3708;11;620639828;3708;359;4765;4770;7.22;0.44;277.71;3.80;1057;14;1617.00;5
3710;11;620639848;3710;364;4765;4770;7.17;0.43;277.82;3.80;1055;14;1618.00;5
3712;11;620639861;3712;367;4765;4770;7.18;0.44;277.81;3.80;1053;14;1619.00;5
3713;11;620639876;3713;370;4792;4806;7.17;0.44;277.95;3.78;1079;14;1620.00;14
3716;11;620639892;3716;361;4793;4806;7.18;0.44;278.03;3.78;1077;14;1621.00;13
3718;11;620639907;3718;349;4796;4806;7.22;0.44;278.17;3.78;1078;14;1622.00;10
3719;11;620639920;3719;351;4796;4806;7.26;0.44;278.28;3.78;1077;14;1623.00;10
3722;11;620639935;3722;340;4797;4806;7.29;0.44;278.47;3.78;1075;14;1624.00;9
3723;11;620639949;3723;339;4797;4806;7.29;0.44;278.45;3.78;1074;14;1625.00;9
3725;11;620639963;3725;337;4801;4810;7.28;0.44;278.59;3.78;1076;14;1626.00;9
3732;11;620639977;3732;334;4801;4810;7.22;0.44;278.91;3.78;1069;14;1627.00;9
3734;11;620639991;3734;325;4805;4814;7.30;0.44;279.00;3.78;1071;14;1628.00;9
3737;11;620640010;3737;328;4806;4815;7.30;0.44;279.11;3.78;1069;14;1629.00;9
3739;11;620640032;3739;325;4806;4815;7.30;0.44;279.28;3.78;1067;14;1630.00;9
3742;11;620640052;3742;323;4806;4815;7.26;0.44;279.43;3.78;1064;14;1631.00;9
3744;11;620640066;3744;315;4817;4828;7.23;0.44;279.52;3.77;1073;14;1632.00;11
3748;11;620640080;3748;308;4817;4828;7.16;0.44;279.60;3.77;1069;14;1633.00;11
3753;11;620640094;3753;302;4817;4828;7.14;0.43;279.77;3.77;1064;14;1634.00;11
3754;11;620640107;3754;298;4819;4829;7.17;0.44;279.78;3.78;1065;14;1635.00;10
3757;11;620640121;3757;303;4819;4830;7.22;0.44;279.79;3.78;1062;14;1636.00;11
3758;11;620640135;3758;304;4819;4830;7.26;0.44;279.77;3.78;1061;14;1637.00;11
3764;11;620640148;3764;305;4821;4833;7.32;0.44;279.91;3.77;1057;14;1638.00;12
3768;11;620640162;3768;296;4822;4833;7.29;0.44;279.87;3.77;1054;14;1639.00;11
3772;11;620640175;3772;300;4822;4833;7.31;0.44;279.81;3.77;1050;14;1640.00;11
3776;11;620640188;3776;290;4822;4833;7.29;0.44;279.79;3.77;1046;14;1641.00;11
3779;11;620640201;3779;282;4827;4839;7.35;0.44;279.68;3.77;1048;14;1642.00;12
3785;11;620640214;3785;273;4828;4839;7.27;0.44;279.90;3.78;1043;14;1643.00;11
3788;11;620640228;3788;278;4828;4839;7.21;0.44;279.97;3.78;1040;14;1644.00;11
3789;11;620640246;3789;274;4828;4839;7.16;0.43;280.00;3.78;1039;14;1645.00;11
3791;11;620640260;3791;276;4832;4843;7.07;0.43;280.02;3.78;1041;14;1646.00;11
3793;11;620640281;3793;278;4833;4844;6.98;0.42;280.04;3.78;1040;14;1647.00;11
3795;11;620640299;3795;276;4833;4844;6.94;0.42;280.17;3.78;1038;14;1648.00;11
3798;11;620640313;3798;278;4834;4845;6.91;0.42;280.42;3.78;1036;14;1649.00;11
3801;11;620640327;3801;275;4834;4845;6.88;0.42;280.53;3.78;1033;14;1650.00;11
3804;11;620640341;3804;271;4834;4845;6.86;0.42;280.48;3.78;1030;14;1651.00;11
3805;11;620640352;3805;265;4834;4845;6.88;0.42;280.47;3.78;1029;14;1652.00;11
3808;11;620640364;3808;267;4834;4845;6.93;0.42;280.69;3.78;1026;14;1653.00;11
3808;11;620640376;3808;260;4834;4845;6.98;0.42;280.69;3.78;1026;14;1654.00;11
3811;11;620640387;3811;261;4834;4845;7.01;0.43;280.88;3.78;1023;14;1655.00;11
3812;11;620640398;3812;266;4872;4915;7.12;0.43;280.96;3.76;1060;14;1656.00;43
3813;12;620640416;3813;263;4874;4916;7.17;0.44;280.95;3.76;1061;15;1657.00;42
3815;12;620640435;3815;261;4881;4916;7.24;0.44;281.01;3.76;1066;15;1658.00;35
3819;12;620640452;3819;261;4881;4916;7.23;0.44;281.02;3.76;1062;15;1659.00;35
3823;12;620640463;3823;265;4884;4916;7.26;0.44;281.21;3.76;1061;15;1660.00;32
3827;12;620640477;3827;260;4888;4916;7.26;0.44;281.45;3.78;1061;15;1661.00;28
3828;12;620640489;3828;261;4892;4916;7.35;0.45;281.48;3.78;1064;15;1662.00;24
3831;12;620640501;3831;256;4894;4916;7.37;0.45;281.59;3.78;1063;15;1663.00;22
3835;12;620640514;3835;254;4898;4917;7.40;0.45;281.54;3.79;1063;15;1664.00;19
3840;12;620640526;3840;252;4901;4919;7.45;0.45;281.55;3.79;1061;15;1665.00;18
3844;12;620640539;3844;256;4904;4919;7.48;0.46;281.51;3.80;1060;15;1666.00;15
3847;12;620640552;3847;255;4910;4923;7.50;0.46;281.49;3.81;1063;15;1667.00;13
3849;12;620640565;3849;258;4912;4923;7.52;0.46;281.46;3.81;1063;15;1668.00;11
3850;12;620640577;3850;260;4914;4923;7.50;0.46;281.44;3.82;1064;15;1669.00;9
3851;12;620640589;3851;269;4915;4923;7.44;0.45;281.42;3.83;1064;15;1670.00;8
3853;12;620640602;3853;269;4922;4929;7.42;0.45;281.47;3.83;1069;15;1671.00;7
3854;12;620640618;3854;275;4922;4929;7.40;0.45;281.46;3.83;1068;15;1672.00;7
3855;12;620640630;3855;279;4923;4929;7.36;0.45;281.50;3.84;1068;15;1673.00;6
3857;12;620640642;3857;286;4926;4932;7.32;0.45;281.58;3.84;1069;15;1674.00;6
3861;12;620640655;3861;287;4927;4932;7.26;0.44;281.54;3.84;1066;15;1675.00;5
3863;12;620640668;3863;288;4927;4932;7.18;0.44;281.63;3.84;1064;15;1676.00;5
3865;12;620640686;3865;289;4930;4933;7.10;0.43;281.79;3.85;1065;15;1677.00;3
3868;12;620640697;3868;296;4931;4934;7.02;0.43;281.85;3.85;1063;15;1678.00;3
3871;12;620640709;3871;291;4932;4934;6.91;0.42;282.12;3.85;1061;15;1679.00;2
3875;12;620640722;3875;294;4950;4960;6.86;0.42;282.00;3.83;1075;15;1680.00;10
3877;12;620640736;3877;288;4953;4960;6.82;0.42;281.98;3.83;1076;15;1681.00;7
3880;12;620640748;3880;283;4955;4960;6.84;0.42;282.09;3.83;1075;15;1682.00;5
3882;12;620640759;3882;281;4957;4961;6.87;0.42;282.05;3.83;1075;15;1683.00;4
3884;12;620640771;3884;278;4958;4961;6.84;0.42;282.04;3.83;1074;15;1684.00;3
3886;12;620640782;3886;278;4962;4965;6.85;0.42;282.01;3.83;1076;15;1685.00;3
3889;12;620640794;3889;282;4962;4965;6.76;0.41;281.97;3.83;1073;15;1686.00;3
3893;12;620640806;3893;281;4965;4969;6.69;0.41;282.04;3.83;1072;15;1687.00;4
3893;12;620640818;3893;282;4965;4969;6.65;0.41;282.04;3.83;1072;15;1688.00;4
3897;12;620640829;3897;291;4966;4969;6.59;0.40;282.21;3.83;1069;15;1689.00;3
3904;12;620640841;3904;292;4966;4969;6.48;0.40;282.32;3.83;1062;15;1690.00;3
3905;12;620640853;3905;302;4967;4969;6.46;0.39;282.32;3.84;1062;15;1691.00;2
3910;12;620640863;3910;302;4978;4981;6.44;0.39;282.42;3.83;1068;15;1692.00;3
3912;12;620640876;3912;312;4978;4981;6.40;0.39;282.45;3.83;1066;15;1693.00;3
3916;12;620640890;3916;311;4981;4981;6.33;0.39;282.57;3.83;1065;15;1694.00;0
3920;12;620640905;3920;320;4981;4981;6.21;0.38;282.90;3.83;1061;15;1695.00;0
3922;12;620640917;3922;328;4981;4981;6.06;0.37;283.01;3.83;1059;15;1696.00;0
3927;12;620640930;3927;331;4981;4981;5.96;0.36;282.91;3.83;1054;15;1697.00;0
3930;12;620640941;3930;342;4982;4982;5.83;0.36;283.15;3.83;1052;15;1698.00;0
3936;12;620640951;3936;347;4982;4982;5.67;0.35;283.35;3.83;1046;15;1699.00;0
3937;12;620640962;3937;346;4988;4988;5.71;0.35;283.38;3.83;1051;15;1700.00;0
3940;12;620640976;3940;341;4989;4989;5.68;0.35;283.40;3.83;1049;15;1701.00;0
3943;12;620640987;3943;332;4989;4989;5.65;0.35;283.56;3.83;1046;15;1702.00;0
3949;12;620641001;3949;333;4989;4989;5.63;0.35;283.59;3.83;1040;15;1703.00;0
3954;12;620641011;3954;337;4993;4993;5.65;0.35;283.51;3.82;1039;15;1704.00;0
3956;12;620641022;3956;337;4993;4993;5.64;0.35;283.52;3.82;1037;15;1705.00;0
3963;12;620641032;3963;345;4993;4993;5.60;0.34;283.84;3.82;1030;15;1706.00;0
3964;12;620641043;3964;336;4994;4994;5.66;0.35;283.85;3.82;1030;15;1707.00;0
3968;12;620641053;3968;336;4998;4998;5.65;0.35;283.77;3.82;1030;15;1708.00;0
3970;12;620641064;3970;337;4998;4998;5.62;0.35;283.76;3.82;1028;15;1709.00;0
3974;12;620641076;3974;341;5002;5004;5.62;0.35;283.70;3.82;1028;15;1710.00;2
3976;12;620641088;3976;349;5003;5004;5.63;0.35;283.66;3.82;1027;15;1711.00;1
3980;12;620641098;3980;348;5004;5004;5.60;0.35;283.60;3.82;1024;15;1712.00;0
3985;12;620641109;3985;348;5004;5004;5.56;0.34;283.48;3.82;1019;15;1713.00;0
3990;12;620641120;3990;347;5008;5008;5.56;0.34;283.53;3.81;1018;15;1714.00;0
3998;12;620641131;3998;357;5008;5008;5.48;0.34;283.42;3.81;1010;15;1715.00;0
4001;12;620641142;4001;363;5008;5008;5.40;0.33;283.37;3.81;1007;15;1716.00;0
4004;12;620641152;4004;371;5008;5008;5.37;0.33;283.43;3.81;1004;15;1717.00;0
4009;12;620641162;4009;375;5009;5009;5.28;0.32;283.42;3.81;1000;15;1718.00;0
4010;12;620641172;4010;382;5010;5010;5.27;0.32;283.45;3.81;1000;15;1719.00;0
4013;12;620641183;4013;385;5010;5010;5.20;0.32;283.41;3.81;997;15;1720.00;0
4018;12;620641193;4018;389;5011;5011;5.15;0.32;283.37;3.81;993;15;1721.00;0
4024;12;620641202;4024;394;5011;5011;5.09;0.31;283.14;3.81;987;15;1722.00;0
4029;12;620641213;4029;406;5011;5011;5.01;0.31;283.02;3.81;982;15;1723.00;0
4031;12;620641223;4031;406;5011;5011;4.96;0.30;283.03;3.81;980;15;1724.00;0
4032;12;620641233;4032;410;5011;5011;4.93;0.30;283.02;3.81;979;15;1725.00;0
4034;12;620641244;4034;414;5011;5011;4.92;0.30;283.11;3.81;977;15;1726.00;0
4038;12;620641254;4038;415;5011;5011;4.90;0.30;283.22;3.81;973;15;1727.00;0
4039;12;620641264;4039;436;5091;5138;5.31;0.33;283.16;3.75;1052;15;1728.00;47
4042;12;620641284;4042;430;5095;5139;5.33;0.33;283.27;3.75;1053;15;1729.00;44
4044;12;620641300;4044;434;5102;5139;5.41;0.34;283.26;3.75;1058;15;1730.00;37
4050;12;620641317;4050;432;5104;5139;5.41;0.34;283.23;3.75;1054;15;1731.00;35
4052;12;620641333;4052;434;5109;5139;5.47;0.34;283.27;3.75;1057;15;1732.00;30
4055;12;620641352;4055;436;5112;5139;5.44;0.34;283.26;3.75;1057;15;1733.00;27
4057;12;620641369;4057;437;5114;5139;5.41;0.33;283.34;3.75;1057;15;1734.00;25
4061;12;620641398;4061;441;5116;5139;5.37;0.33;283.30;3.75;1055;15;1735.00;23
4063;12;620641413;4063;450;5119;5140;5.34;0.33;283.30;3.75;1056;15;1736.00;21
4067;12;620641425;4067;455;5123;5141;5.26;0.32;283.43;3.76;1056;15;1737.00;18
4070;12;620641445;4070;462;5125;5141;5.21;0.32;283.47;3.76;1055;15;1738.00;16
4072;12;620641458;4072;470;5128;5142;5.16;0.32;283.52;3.76;1056;15;1739.00;14
4073;12;620641472;4073;469;5130;5142;5.20;0.32;283.51;3.76;1057;15;1740.00;12
4077;12;620641484;4077;471;5132;5142;5.21;0.32;283.48;3.77;1055;15;1741.00;10
4077;12;620641497;4077;473;5136;5142;5.21;0.32;283.48;3.78;1059;15;1742.00;6
4080;12;620641509;4080;471;5139;5146;5.25;0.32;283.58;3.77;1059;15;1743.00;7
4080;12;620641522;4080;474;5140;5146;5.24;0.32;283.58;3.78;1060;15;1744.00;6
4082;12;620641534;4082;478;5141;5146;5.23;0.32;283.55;3.78;1059;15;1745.00;5
4084;12;620641547;4084;474;5143;5149;5.26;0.32;283.57;3.78;1059;15;1746.00;6
4085;13;620641560;4085;472;5143;5149;5.32;0.33;283.71;3.78;1058;16;1747.00;6
4088;13;620641586;4088;463;5144;5149;5.35;0.33;283.77;3.78;1056;16;1748.00;5
4089;13;620641600;4089;462;5149;5153;5.41;0.33;283.81;3.78;1060;16;1749.00;4
4091;13;620641614;4091;459;5150;5154;5.48;0.34;283.75;3.78;1059;16;1750.00;4
4093;13;620641626;4093;464;5150;5154;5.51;0.34;283.63;3.78;1057;16;1751.00;4
4095;13;620641638;4095;461;5155;5158;5.57;0.34;283.65;3.78;1060;16;1752.00;3
4097;13;620641651;4097;457;5155;5158;5.56;0.34;283.69;3.78;1058;16;1753.00;3
4098;13;620641670;4098;450;5156;5158;5.54;0.34;283.63;3.78;1058;16;1754.00;2
4100;13;620641689;4100;455;5157;5160;5.58;0.34;283.60;3.78;1057;16;1755.00;3
4101;13;620641701;4101;447;5158;5160;5.61;0.34;283.62;3.79;1057;16;1756.00;2
4102;13;620641714;4102;441;5163;5166;5.70;0.35;283.59;3.78;1061;16;1757.00;3
4103;13;620641727;4103;425;5165;5166;5.79;0.35;283.56;3.78;1062;16;1758.00;1
4104;13;620641740;4104;426;5166;5167;5.87;0.36;283.50;3.78;1062;16;1759.00;1
4105;13;620641753;4105;416;5167;5167;5.96;0.36;283.44;3.78;1062;16;1760.00;0
4111;13;620641765;4111;413;5167;5167;6.00;0.37;283.52;3.78;1056;16;1761.00;0
4112;13;620641778;4112;408;5167;5167;6.09;0.37;283.57;3.78;1055;16;1762.00;0
4113;13;620641791;4113;400;5167;5167;6.15;0.37;283.61;3.78;1054;16;1763.00;0
4116;13;620641805;4116;407;5178;5179;6.22;0.38;283.68;3.78;1062;16;1764.00;1
4118;13;620641825;4118;401;5179;5179;6.25;0.38;283.83;3.78;1061;16;1765.00;0
4120;13;620641839;4120;401;5179;5179;6.30;0.38;283.90;3.78;1059;16;1766.00;0
4122;13;620641852;4122;394;5179;5179;6.36;0.39;283.92;3.78;1057;17;1767.00;0
4124;13;620641875;4124;390;5179;5179;6.39;0.39;283.99;3.78;1055;17;1768.00;0
4127;13;620641897;4127;382;5179;5179;6.43;0.39;284.14;3.78;1052;17;1769.00;0
4130;13;620641913;4130;373;5183;5183;6.44;0.39;284.17;3.77;1053;17;1770.00;0
4134;13;620641927;4134;365;5183;5183;6.47;0.39;284.43;3.77;1049;17;1771.00;0
4136;13;620641940;4136;361;5187;5187;6.54;0.40;284.43;3.77;1051;17;1772.00;0
4138;13;620641954;4138;361;5188;5188;6.58;0.40;284.46;3.77;1050;17;1773.00;0
4140;13;620641968;4140;361;5188;5188;6.60;0.40;284.63;3.77;1048;17;1774.00;0
4143;13;620641981;4143;356;5188;5188;6.64;0.40;284.71;3.77;1045;17;1775.00;0
4148;13;620641994;4148;353;5199;5201;6.74;0.41;285.04;3.76;1051;17;1776.00;2
4150;13;620642008;4150;352;5199;5201;6.81;0.41;285.15;3.76;1049;17;1777.00;2
4151;13;620642021;4151;361;5199;5201;6.91;0.42;285.16;3.76;1048;17;1778.00;2
4154;13;620642033;4154;361;5200;5202;6.96;0.42;285.32;3.76;1046;17;1779.00;2
4158;13;620642047;4158;361;5200;5203;7.01;0.43;285.48;3.76;1042;17;1780.00;3
4159;13;620642059;4159;365;5200;5203;7.06;0.43;285.52;3.76;1041;17;1781.00;3
4161;13;620642072;4161;367;5202;5206;7.09;0.43;285.65;3.76;1041;17;1782.00;4
4163;13;620642084;4163;370;5202;5206;7.06;0.43;285.69;3.76;1039;17;1783.00;4
4166;13;620642097;4166;368;5203;5206;6.97;0.42;285.74;3.76;1037;17;1784.00;3
4168;13;620642110;4168;371;5203;5206;6.91;0.42;285.79;3.76;1035;17;1785.00;3
4174;13;620642123;4174;381;5208;5212;6.82;0.41;285.82;3.76;1034;17;1786.00;4
4177;13;620642137;4177;381;5208;5212;6.77;0.41;285.89;3.76;1031;17;1787.00;4
4179;13;620642149;4179;381;5208;5212;6.75;0.41;286.08;3.76;1029;17;1788.00;4
4183;13;620642162;4183;387;5208;5212;6.72;0.41;286.31;3.76;1025;17;1789.00;4
4184;13;620642175;4184;379;5211;5216;6.73;0.41;286.44;3.76;1027;17;1790.00;5
4188;13;620642188;4188;366;5212;5217;6.73;0.41;286.64;3.75;1024;17;1791.00;5
4191;13;620642201;4191;361;5212;5217;6.74;0.41;286.76;3.75;1021;17;1792.00;5
4193;13;620642213;4193;360;5213;5218;6.82;0.41;286.85;3.75;1020;17;1793.00;5
4196;13;620642226;4196;356;5213;5218;6.83;0.41;286.95;3.75;1017;17;1794.00;5
4198;13;620642239;4198;347;5213;5218;6.89;0.42;287.07;3.75;1015;17;1795.00;5
4198;13;620642251;4198;346;5213;5218;6.88;0.42;287.07;3.75;1015;17;1796.00;5
4200;13;620642263;4200;337;5213;5218;6.90;0.42;287.13;3.75;1013;17;1797.00;5
4204;13;620642276;4204;334;5213;5218;6.92;0.42;287.26;3.75;1009;17;1798.00;5
4206;13;620642290;4206;328;5213;5218;6.96;0.42;287.41;3.75;1007;17;1799.00;5
4208;13;620642308;4208;351;5280;5356;6.98;0.43;287.51;3.71;1072;17;1800.00;76
4209;13;620642337;4209;336;5281;5357;6.95;0.43;287.51;3.71;1072;17;1801.00;76
4212;13;620642350;4212;324;5292;5357;6.95;0.43;287.59;3.70;1080;17;1802.00;65
4216;13;620642362;4216;313;5294;5357;6.94;0.43;287.70;3.70;1078;17;1803.00;63
4220;14;620642373;4220;302;5299;5357;6.96;0.43;287.90;3.70;1079;18;1804.00;58
4226;14;620642392;4226;304;5304;5357;6.95;0.42;288.22;3.71;1078;18;1805.00;53
4227;14;620642405;4227;302;5312;5357;6.98;0.43;288.26;3.72;1085;18;1806.00;45
4230;14;620642420;4230;305;5316;5357;7.01;0.43;288.32;3.72;1086;18;1807.00;41
4234;14;620642432;4234;301;5323;5358;7.00;0.43;288.39;3.72;1089;18;1808.00;35
4235;14;620642445;4235;308;5326;5359;6.99;0.43;288.41;3.73;1091;18;1809.00;33
4237;14;620642456;4237;303;5329;5359;6.98;0.43;288.41;3.73;1092;18;1810.00;30
4240;14;620642469;4240;292;5334;5363;6.96;0.43;288.62;3.73;1094;18;1811.00;29
4246;14;620642481;4246;290;5336;5363;6.93;0.42;288.74;3.73;1090;18;1812.00;27
4247;14;620642493;4247;290;5337;5363;6.92;0.42;288.70;3.73;1090;18;1813.00;26
4253;14;620642505;4253;285;5338;5363;6.81;0.42;288.95;3.74;1085;18;1814.00;25
4255;14;620642517;4255;288;5342;5369;6.82;0.42;288.92;3.73;1087;18;1815.00;27
4257;14;620642530;4257;288;5343;5369;6.83;0.42;288.96;3.74;1086;18;1816.00;26
4258;14;620642543;4258;284;5343;5369;6.87;0.42;288.91;3.74;1085;18;1817.00;26
4263;14;620642554;4263;286;5346;5372;6.86;0.42;288.98;3.74;1083;18;1818.00;26
4267;14;620642567;4267;279;5346;5372;6.85;0.42;289.10;3.74;1079;18;1819.00;26
4270;14;620642580;4270;279;5349;5372;6.85;0.42;289.19;3.74;1079;18;1820.00;23
4272;14;620642593;4272;266;5352;5373;6.90;0.42;289.27;3.75;1080;18;1821.00;21
4275;14;620642606;4275;270;5353;5374;6.94;0.42;289.38;3.75;1078;18;1822.00;21
4277;14;620642618;4277;271;5353;5374;6.95;0.42;289.51;3.75;1076;18;1823.00;21
4278;14;620642630;4278;271;5363;5387;7.03;0.43;289.62;3.75;1085;18;1824.00;24
4282;14;620642644;4282;271;5366;5387;7.11;0.44;289.77;3.76;1084;18;1825.00;21
4286;14;620642656;4286;271;5368;5387;7.17;0.44;289.71;3.77;1082;18;1826.00;19
4289;14;620642675;4289;274;5370;5388;7.22;0.44;289.79;3.77;1081;18;1827.00;18
4294;14;620642688;4294;274;5370;5388;7.24;0.44;290.03;3.77;1076;18;1828.00;18
4296;14;620642701;4296;276;5375;5392;7.24;0.44;290.10;3.76;1079;18;1829.00;17
4299;14;620642715;4299;280;5375;5392;7.25;0.44;290.16;3.76;1076;18;1830.00;17
4302;14;620642727;4302;291;5380;5396;7.19;0.44;290.21;3.78;1078;18;1831.00;16
4304;14;620642740;4304;288;5380;5396;7.18;0.44;290.20;3.78;1076;18;1832.00;16
4308;14;620642752;4308;290;5380;5396;7.17;0.44;290.44;3.78;1072;18;1833.00;16
4310;14;620642764;4310;294;5382;5396;7.19;0.44;290.54;3.79;1072;18;1834.00;14
4311;14;620642776;4311;301;5383;5396;7.17;0.44;290.63;3.80;1072;18;1835.00;13
4314;14;620642788;4314;307;5395;5408;7.23;0.44;290.77;3.80;1081;18;1836.00;13
4317;14;620642801;4317;311;5395;5408;7.18;0.44;290.84;3.80;1078;18;1837.00;13
4319;14;620642813;4319;309;5398;5408;7.19;0.44;290.76;3.81;1079;18;1838.00;10
4320;14;620642825;4320;315;5398;5408;7.13;0.44;290.87;3.81;1078;18;1839.00;10
4323;14;620642837;4323;322;5400;5408;7.06;0.43;290.89;3.82;1077;18;1840.00;8
4324;14;620642849;4324;334;5400;5408;6.96;0.43;290.87;3.82;1076;18;1841.00;8
4329;14;620642860;4329;343;5400;5409;6.84;0.42;290.81;3.82;1071;18;1842.00;9
4331;14;620642872;4331;355;5401;5409;6.76;0.41;290.81;3.83;1070;18;1843.00;8
4333;14;620642884;4333;360;5406;5415;6.72;0.41;290.76;3.83;1073;18;1844.00;9
4336;14;620642902;4336;367;5409;5417;6.62;0.41;290.91;3.84;1073;18;1845.00;8
4338;14;620642915;4338;374;5409;5417;6.57;0.40;290.91;3.84;1071;18;1846.00;8
4340;14;620642927;4340;380;5409;5417;6.49;0.40;290.83;3.84;1069;18;1847.00;8
4342;14;620642939;4342;390;5412;5421;6.39;0.39;290.97;3.83;1070;18;1848.00;9
4343;14;620642951;4343;393;5412;5421;6.35;0.39;290.99;3.83;1069;18;1849.00;9
4348;14;620642963;4348;387;5417;5421;6.27;0.38;291.12;3.85;1069;18;1850.00;4
4352;14;620642975;4352;389;5418;5422;6.27;0.38;291.44;3.85;1066;18;1851.00;4
4355;14;620642987;4355;391;5423;5426;6.25;0.38;291.45;3.86;1068;18;1852.00;3
4358;14;620642999;4358;388;5423;5426;6.23;0.38;291.49;3.86;1065;18;1853.00;3
4362;14;620643010;4362;387;5428;5429;6.26;0.38;291.58;3.86;1066;18;1854.00;1
4363;14;620643022;4363;383;5428;5429;6.27;0.38;291.70;3.86;1065;18;1855.00;1
4364;14;620643033;4364;383;5429;5429;6.31;0.39;291.66;3.86;1065;18;1856.00;0
4368;14;620643044;4368;383;5429;5429;6.31;0.39;291.63;3.86;1061;18;1857.00;0
4370;14;620643056;4370;380;5433;5433;6.37;0.39;291.55;3.86;1063;18;1858.00;0
4370;14;620643067;4370;375;5433;5433;6.38;0.39;291.55;3.86;1063;18;1859.00;0
4372;14;620643079;4372;378;5433;5433;6.32;0.39;291.45;3.86;1061;18;1860.00;0
4372;14;620643090;4372;379;5433;5433;6.27;0.39;291.45;3.86;1061;18;1861.00;0
4375;14;620643101;4375;386;5433;5434;6.17;0.38;291.52;3.86;1058;19;1862.00;1
4377;14;620643121;4377;391;5434;5435;6.08;0.37;291.53;3.86;1057;19;1863.00;1
4382;14;620643131;4382;391;5435;5435;6.01;0.37;291.54;3.86;1053;19;1864.00;0
4384;14;620643142;4384;389;5436;5436;6.00;0.37;291.58;3.86;1052;19;1865.00;0
4387;14;620643151;4387;394;5436;5436;5.93;0.37;291.56;3.86;1049;19;1866.00;0
4393;14;620643161;4393;394;5436;5436;5.77;0.36;291.57;3.86;1043;19;1867.00;0
4395;14;620643172;4395;407;5436;5436;5.67;0.35;291.57;3.86;1041;19;1868.00;0
4400;14;620643181;4400;411;5436;5436;5.50;0.34;291.52;3.86;1036;19;1869.00;0
4403;14;620643190;4403;407;5436;5436;5.40;0.33;291.52;3.86;1033;19;1870.00;0
4406;14;620643200;4406;406;5436;5436;5.37;0.33;291.53;3.86;1030;19;1871.00;0
4412;14;620643210;4412;425;5508;5563;5.63;0.35;291.41;3.81;1096;19;1872.00;55
4413;14;620643229;4413;416;5512;5564;5.63;0.35;291.36;3.80;1099;19;1873.00;52
4422;14;620643240;4422;412;5521;5564;5.68;0.35;291.33;3.80;1099;19;1874.00;43
4424;14;620643250;4424;411;5523;5564;5.72;0.36;291.34;3.80;1099;19;1875.00;41
4430;14;620643261;4430;406;5532;5564;5.72;0.35;291.23;3.80;1102;19;1876.00;32
4434;14;620643271;4434;405;5533;5564;5.63;0.35;291.26;3.80;1099;19;1877.00;31
4435;15;620643281;4435;403;5537;5564;5.62;0.35;291.29;3.80;1102;20;1878.00;27
4438;15;620643328;4438;401;5540;5564;5.56;0.34;291.38;3.81;1102;20;1879.00;24
4441;15;620643344;4441;398;5542;5565;5.51;0.34;291.33;3.81;1101;20;1880.00;23
4443;15;620643363;4443;402;5544;5566;5.47;0.34;291.30;3.81;1101;20;1881.00;22
4445;15;620643380;4445;410;5548;5568;5.37;0.33;291.29;3.81;1103;20;1882.00;20
4448;15;620643396;4448;417;5553;5569;5.27;0.33;291.29;3.81;1105;20;1883.00;16
4449;15;620643413;4449;428;5554;5569;5.23;0.32;291.28;3.82;1105;20;1884.00;15
4452;15;620643427;4452;429;5557;5569;5.22;0.32;291.20;3.82;1105;20;1885.00;12
4455;15;620643440;4455;427;5558;5569;5.21;0.32;291.12;3.82;1103;20;1886.00;11
4458;15;620643452;4458;437;5562;5573;5.20;0.32;291.11;3.82;1104;20;1887.00;11
4461;15;620643465;4461;450;5563;5573;5.21;0.32;291.15;3.83;1102;20;1888.00;10
4464;15;620643478;4464;456;5565;5573;5.16;0.32;291.15;3.83;1101;20;1889.00;8
4465;15;620643491;4465;458;5568;5579;5.13;0.32;291.12;3.83;1103;20;1890.00;11
4471;15;620643503;4471;448;5571;5579;5.10;0.32;291.06;3.83;1100;20;1891.00;8
4478;15;620643516;4478;444;5572;5579;5.03;0.31;290.99;3.83;1094;20;1892.00;7
4480;15;620643528;4480;441;5577;5583;5.03;0.31;290.98;3.83;1097;20;1893.00;6
4484;15;620643541;4484;437;5578;5584;5.00;0.31;290.96;3.83;1094;20;1894.00;6
4485;15;620643554;4485;441;5579;5584;5.04;0.31;291.05;3.84;1094;20;1895.00;5
4489;15;620643566;4489;450;5583;5588;5.03;0.31;291.09;3.83;1094;20;1896.00;5
4495;16;620643578;4495;446;5584;5588;4.99;0.31;291.26;3.84;1089;21;1897.00;4
4496;16;620643604;4496;445;5585;5588;5.01;0.31;291.25;3.84;1089;21;1898.00;3
4500;16;620643616;4500;446;5585;5589;5.04;0.31;291.32;3.84;1085;21;1899.00;4
4503;16;620643629;4503;438;5586;5589;5.08;0.31;291.36;3.84;1083;21;1900.00;3
4505;16;620643645;4505;447;5591;5595;5.16;0.32;291.37;3.84;1086;21;1901.00;4
4510;16;620643658;4510;448;5592;5595;5.19;0.32;291.39;3.84;1082;21;1902.00;3
4513;16;620643670;4513;446;5593;5596;5.18;0.32;291.29;3.84;1080;21;1903.00;3
4518;16;620643682;4518;447;5594;5596;5.24;0.32;291.28;3.84;1076;21;1904.00;2
4522;16;620643709;4522;443;5595;5596;5.30;0.32;291.25;3.84;1073;21;1905.00;1
4524;16;620643728;4524;445;5596;5596;5.40;0.33;291.28;3.84;1072;21;1906.00;0
4528;16;620643747;4528;450;5596;5596;5.42;0.33;291.31;3.84;1068;21;1907.00;0
4532;16;620643759;4532;452;5607;5608;5.55;0.34;291.32;3.84;1075;21;1908.00;1
4533;16;620643773;4533;457;5607;5608;5.60;0.34;291.37;3.84;1074;21;1909.00;1
4539;16;620643785;4539;463;5608;5608;5.62;0.34;291.32;3.84;1069;21;1910.00;0
4541;16;620643798;4541;469;5608;5608;5.62;0.34;291.30;3.84;1067;21;1911.00;0
4543;16;620643810;4543;463;5608;5608;5.64;0.34;291.37;3.84;1065;21;1912.00;0
4544;16;620643822;4544;472;5608;5608;5.63;0.34;291.39;3.84;1064;21;1913.00;0
4550;16;620643836;4550;475;5612;5612;5.62;0.34;291.36;3.83;1062;21;1914.00;0
4554;16;620643849;4554;475;5612;5612;5.55;0.34;291.47;3.83;1058;21;1915.00;0
4556;16;620643862;4556;476;5616;5616;5.55;0.34;291.46;3.83;1060;21;1916.00;0
4559;16;620643874;4559;471;5617;5617;5.54;0.34;291.49;3.83;1058;21;1917.00;0
4564;16;620643886;4564;463;5617;5617;5.53;0.34;291.55;3.83;1053;21;1918.00;0
4567;16;620643899;4567;461;5617;5617;5.58;0.34;291.72;3.83;1050;21;1919.00;0
4568;16;620643913;4568;466;5642;5646;5.72;0.35;291.75;3.82;1074;21;1920.00;4
4571;16;620643928;4571;459;5642;5646;5.74;0.35;291.74;3.82;1071;21;1921.00;4
4573;16;620643941;4573;454;5643;5646;5.80;0.35;291.80;3.81;1070;21;1922.00;3
4575;16;620643953;4575;449;5645;5647;5.88;0.36;291.85;3.81;1070;21;1923.00;2
4578;16;620643967;4578;452;5645;5648;5.89;0.36;291.88;3.81;1067;21;1924.00;3
4580;16;620643980;4580;451;5645;5648;5.85;0.36;291.90;3.81;1065;21;1925.00;3
4583;16;620643999;4583;440;5647;5651;5.84;0.36;291.86;3.81;1064;21;1926.00;4
4584;16;620644013;4584;435;5648;5651;5.81;0.35;291.95;3.81;1064;21;1927.00;3
4591;16;620644037;4591;424;5648;5651;5.74;0.35;292.17;3.81;1057;21;1928.00;3
4593;16;620644050;4593;422;5648;5651;5.76;0.35;292.20;3.81;1055;21;1929.00;3
4595;16;620644063;4595;419;5653;5657;5.82;0.35;292.27;3.81;1058;21;1930.00;4
4599;16;620644076;4599;415;5653;5657;5.81;0.35;292.34;3.81;1054;21;1931.00;4
4600;16;620644089;4600;413;5653;5657;5.86;0.36;292.36;3.81;1053;21;1932.00;4
4602;16;620644103;4602;418;5653;5657;5.92;0.36;292.51;3.81;1051;21;1933.00;4
4604;16;620644121;4604;425;5656;5661;5.95;0.36;292.55;3.81;1052;21;1934.00;5
4605;16;620644135;4605;428;5658;5663;5.96;0.36;292.52;3.81;1053;21;1935.00;5
4606;16;620644154;4606;429;5658;5663;5.95;0.36;292.54;3.81;1052;21;1936.00;5
4608;16;620644168;4608;429;5659;5664;5.98;0.36;292.63;3.81;1051;21;1937.00;5
4609;16;620644181;4609;423;5659;5664;5.98;0.36;292.61;3.81;1050;21;1938.00;5
4611;16;620644194;4611;421;5659;5664;5.96;0.36;292.75;3.81;1048;21;1939.00;5
4613;16;620644206;4613;414;5659;5664;5.98;0.37;292.84;3.81;1046;21;1940.00;5
4616;16;620644219;4616;414;5659;5664;6.01;0.37;292.99;3.81;1043;21;1941.00;5
4619;16;620644231;4619;415;5659;5664;6.02;0.37;293.12;3.81;1040;21;1942.00;5
4623;16;620644244;4623;413;5659;5664;6.01;0.37;293.23;3.81;1036;21;1943.00;5
4625;16;620644256;4625;434;5704;5734;6.00;0.37;293.34;3.78;1079;21;1944.00;30
4628;16;620644274;4628;426;5704;5735;6.05;0.37;293.52;3.78;1076;21;1945.00;31
4630;16;620644287;4630;428;5709;5735;6.17;0.38;293.63;3.77;1079;21;1946.00;26
4631;16;620644302;4631;420;5711;5735;6.27;0.38;293.65;3.77;1080;21;1947.00;24
4635;16;620644316;4635;420;5713;5735;6.26;0.38;293.73;3.77;1078;21;1948.00;22
4635;16;620644329;4635;422;5715;5735;6.32;0.38;293.73;3.78;1080;21;1949.00;20
4637;16;620644344;4637;428;5720;5737;6.35;0.39;293.80;3.77;1083;21;1950.00;17
4639;16;620644358;4639;423;5723;5737;6.36;0.39;293.81;3.78;1084;21;1951.00;14
4640;16;620644370;4640;423;5725;5738;6.41;0.39;293.83;3.78;1085;21;1952.00;13
4641;16;620644382;4641;425;5726;5739;6.45;0.39;293.81;3.78;1085;21;1953.00;13
4644;16;620644394;4644;425;5728;5739;6.51;0.40;293.83;3.78;1084;21;1954.00;11
4647;16;620644406;4647;435;5732;5743;6.51;0.40;294.00;3.78;1085;21;1955.00;11
4650;16;620644418;4650;432;5733;5743;6.51;0.40;293.98;3.78;1083;21;1956.00;10
4650;16;620644431;4650;439;5733;5743;6.52;0.40;293.98;3.78;1083;21;1957.00;10
4651;16;620644442;4651;437;5733;5743;6.50;0.40;293.95;3.78;1082;21;1958.00;10
4651;16;620644454;4651;436;5738;5749;6.47;0.39;293.95;3.78;1087;21;1959.00;11
4653;16;620644467;4653;427;5738;5749;6.40;0.39;294.04;3.78;1085;21;1960.00;11
4658;16;620644478;4658;421;5738;5749;6.29;0.38;294.25;3.78;1080;21;1961.00;11
4660;16;620644491;4660;418;5740;5752;6.27;0.38;294.25;3.78;1080;21;1962.00;12
4664;16;620644503;4664;414;5740;5752;6.16;0.37;294.31;3.78;1076;21;1963.00;12
4665;17;620644515;4665;411;5741;5752;6.15;0.37;294.27;3.78;1076;22;1964.00;11
4668;17;620644538;4668;401;5741;5753;6.09;0.37;294.39;3.78;1073;22;1965.00;12
4670;17;620644550;4670;401;5742;5754;6.09;0.37;294.49;3.78;1072;22;1966.00;12
4672;17;620644561;4672;391;5742;5754;6.09;0.37;294.52;3.78;1070;22;1967.00;12
4678;17;620644573;4678;390;5752;5767;6.08;0.37;294.73;3.77;1074;22;1968.00;15
4681;17;620644586;4681;383;5752;5767;6.07;0.37;294.75;3.77;1071;22;1969.00;15
4683;17;620644598;4683;384;5752;5767;6.09;0.37;294.81;3.77;1069;22;1970.00;15
4689;17;620644609;4689;382;5753;5768;6.06;0.37;294.94;3.77;1064;22;1971.00;15
4692;17;620644620;4692;368;5753;5768;6.01;0.36;295.14;3.77;1061;22;1972.00;15
4694;17;620644632;4694;355;5758;5772;6.01;0.36;295.18;3.77;1064;22;1973.00;14
4695;17;620644644;4695;345;5759;5772;6.00;0.36;295.22;3.77;1064;22;1974.00;13
4695;17;620644656;4695;344;5762;5776;6.07;0.37;295.22;3.77;1067;22;1975.00;14
4695;17;620644667;4695;336;5763;5776;6.13;0.37;295.22;3.78;1068;22;1976.00;13
4697;17;620644680;4697;328;5763;5776;6.17;0.37;295.25;3.78;1066;22;1977.00;13
4699;17;620644692;4699;328;5763;5776;6.19;0.38;295.46;3.78;1064;22;1978.00;13
4699;17;620644704;4699;325;5763;5776;6.21;0.38;295.46;3.78;1064;22;1979.00;13
4704;17;620644718;4704;327;5786;5810;6.30;0.39;295.51;3.77;1082;22;1980.00;24
4705;17;620644732;4705;319;5787;5810;6.31;0.39;295.53;3.77;1082;22;1981.00;23
4710;17;620644751;4710;323;5788;5810;6.34;0.39;295.63;3.77;1078;22;1982.00;22
4714;17;620644764;4714;317;5789;5810;6.35;0.39;295.59;3.77;1075;22;1983.00;21
4720;17;620644776;4720;321;5789;5810;6.38;0.39;295.85;3.77;1069;22;1984.00;21
4722;17;620644788;4722;317;5789;5810;6.44;0.39;295.92;3.77;1067;22;1985.00;21
4725;17;620644800;4725;312;5789;5811;6.52;0.40;295.92;3.77;1064;22;1986.00;22
4727;17;620644811;4727;314;5789;5811;6.48;0.39;296.04;3.77;1062;22;1987.00;22
4730;17;620644823;4730;316;5794;5817;6.50;0.39;296.06;3.77;1064;22;1988.00;23
4734;17;620644835;4734;312;5796;5818;6.54;0.40;296.15;3.77;1062;22;1989.00;22
4737;17;620644847;4737;319;5796;5818;6.53;0.40;296.24;3.77;1059;22;1990.00;22
4739;17;620644859;4739;329;5798;5818;6.59;0.40;296.19;3.78;1059;22;1991.00;20
4742;17;620644870;4742;330;5801;5822;6.61;0.40;296.23;3.78;1059;22;1992.00;21
4744;17;620644882;4744;329;5801;5822;6.53;0.40;296.27;3.78;1057;22;1993.00;21
4749;17;620644894;4749;333;5803;5822;6.48;0.39;296.33;3.78;1054;22;1994.00;19
4750;17;620644906;4750;333;5804;5823;6.52;0.40;296.35;3.78;1054;22;1995.00;19
4751;17;620644918;4751;336;5809;5827;6.53;0.40;296.42;3.79;1058;22;1996.00;18
4752;17;620644931;4752;333;5809;5827;6.55;0.40;296.47;3.79;1057;22;1997.00;18
4754;17;620644943;4754;342;5811;5830;6.55;0.40;296.45;3.79;1057;22;1998.00;19
4757;17;620644955;4757;338;5813;5830;6.50;0.40;296.65;3.80;1056;22;1999.00;17
4761;17;620644969;4761;341;5814;5830;6.45;0.39;296.62;3.81;1053;22;2000.00;16
4763;17;620644985;4763;345;5815;5830;6.44;0.39;296.68;3.81;1052;22;2001.00;15
4765;17;620644997;4765;353;5819;5834;6.46;0.39;296.70;3.81;1054;22;2002.00;15
4766;17;620645009;4766;350;5819;5834;6.44;0.39;296.73;3.81;1053;22;2003.00;15
4767;17;620645021;4767;352;5820;5834;6.42;0.39;296.76;3.82;1053;22;2004.00;14
4770;17;620645033;4770;359;5820;5834;6.39;0.39;296.88;3.82;1050;22;2005.00;14
4771;17;620645045;4771;355;5822;5835;6.36;0.39;296.93;3.84;1051;22;2006.00;13
4774;17;620645057;4774;361;5824;5836;6.29;0.38;297.01;3.85;1050;22;2007.00;12
4777;17;620645069;4777;369;5824;5836;6.26;0.38;296.95;3.85;1047;22;2008.00;12
4780;17;620645081;4780;365;5826;5837;6.22;0.38;296.87;3.86;1046;22;2009.00;11
4783;17;620645094;4783;370;5826;5837;6.24;0.38;296.93;3.86;1043;22;2010.00;11
4784;17;620645105;4784;378;5827;5837;6.20;0.38;296.87;3.86;1043;22;2011.00;10
4784;17;620645117;4784;379;5828;5837;6.12;0.37;296.87;3.87;1044;22;2012.00;9
4784;17;620645127;4784;390;5829;5837;6.08;0.37;296.87;3.88;1045;22;2013.00;8
4787;17;620645138;4787;394;5829;5837;5.99;0.37;296.85;3.88;1042;22;2014.00;8
4788;17;620645149;4788;398;5830;5837;5.95;0.36;296.81;3.88;1042;22;2015.00;7
4792;17;620645159;4792;418;5897;5964;6.23;0.39;296.71;3.84;1105;22;2016.00;67
4793;17;620645180;4793;418;5899;5965;6.22;0.39;296.73;3.84;1106;22;2017.00;66
4795;17;620645191;4795;412;5910;5965;6.23;0.39;296.70;3.85;1115;22;2018.00;55
4797;17;620645203;4797;409;5912;5965;6.16;0.38;296.77;3.85;1115;22;2019.00;53
4799;17;620645213;4799;409;5921;5965;6.13;0.38;296.73;3.85;1122;22;2020.00;44
4800;17;620645224;4800;405;5924;5965;6.09;0.38;296.67;3.85;1124;22;2021.00;41
4802;17;620645236;4802;402;5926;5965;6.07;0.38;296.64;3.85;1124;22;2022.00;39
4802;17;620645247;4802;400;5931;5965;6.11;0.38;296.64;3.86;1129;22;2023.00;34
4803;17;620645259;4803;403;5934;5966;6.13;0.38;296.71;3.86;1131;22;2024.00;32
4807;17;620645276;4807;405;5940;5968;6.08;0.37;296.70;3.87;1133;22;2025.00;28
4807;17;620645288;4807;405;5946;5968;6.05;0.37;296.70;3.88;1139;22;2026.00;22
4812;17;620645304;4812;405;5949;5969;6.01;0.37;296.64;3.88;1137;22;2027.00;20
4813;17;620645322;4813;406;5951;5969;6.00;0.37;296.64;3.89;1138;22;2028.00;18
4816;17;620645340;4816;410;5956;5969;5.94;0.37;296.64;3.89;1140;22;2029.00;13
4819;17;620645366;4819;420;5957;5969;5.87;0.36;296.56;3.90;1138;22;2030.00;12
4821;17;620645383;4821;423;5961;5973;5.77;0.36;296.45;3.90;1140;22;2031.00;12
4824;17;620645401;4824;428;5964;5973;5.63;0.35;296.52;3.90;1140;22;2032.00;9
4825;17;620645417;4825;437;5965;5973;5.52;0.34;296.58;3.90;1140;22;2033.00;8
4829;17;620645431;4829;445;5969;5976;5.39;0.33;296.53;3.91;1140;22;2034.00;7
4834;17;620645443;4834;458;5969;5976;5.22;0.32;296.44;3.91;1135;22;2035.00;7
4837;17;620645455;4837;468;5970;5976;5.09;0.31;296.45;3.91;1133;22;2036.00;6
4839;17;620645475;4839;474;5976;5980;5.00;0.31;296.46;3.92;1137;22;2037.00;4
4842;17;620645487;4842;478;5977;5981;4.88;0.30;296.46;3.92;1135;22;2038.00;4
4845;17;620645499;4845;487;5980;5981;4.75;0.29;296.43;3.92;1135;22;2039.00;1
4847;17;620645511;4847;479;5985;5986;4.76;0.29;296.44;3.92;1138;22;2040.00;1
4850;17;620645523;4850;480;5986;5986;4.73;0.29;296.47;3.91;1136;22;2041.00;0
4853;17;620645534;4853;477;5986;5986;4.71;0.29;296.37;3.91;1133;22;2042.00;0
4854;17;620645545;4854;460;5987;5987;4.74;0.29;296.37;3.91;1133;22;2043.00;0
4857;17;620645556;4857;452;5987;5987;4.76;0.29;296.39;3.91;1130;22;2044.00;0
4859;17;620645567;4859;448;5993;5993;4.89;0.30;296.40;3.91;1134;22;2045.00;0
4861;17;620645580;4861;443;5993;5993;4.94;0.30;296.32;3.91;1132;22;2046.00;0
4864;17;620645592;4864;435;5994;5994;4.99;0.31;296.19;3.91;1130;22;2047.00;0
4866;17;620645605;4866;432;5994;5994;5.02;0.31;296.15;3.91;1128;22;2048.00;0
4871;17;620645624;4871;437;5994;5994;5.07;0.31;296.08;3.91;1123;22;2049.00;0
4873;17;620645637;4873;432;5994;5994;5.11;0.31;296.01;3.91;1121;22;2050.00;0
4876;17;620645649;4876;431;5994;5994;5.14;0.31;295.96;3.91;1118;22;2051.00;0
4878;17;620645661;4878;428;6005;6006;5.27;0.32;295.95;3.90;1127;22;2052.00;1
4880;17;620645674;4880;426;6005;6006;5.28;0.32;295.96;3.90;1125;22;2053.00;1
4883;17;620645687;4883;421;6005;6006;5.35;0.33;296.03;3.90;1122;22;2054.00;1
4886;17;620645699;4886;419;6005;6006;5.40;0.33;296.20;3.90;1119;22;2055.00;1
4892;17;620645712;4892;417;6005;6006;5.36;0.33;296.13;3.90;1113;22;2056.00;1
4897;17;620645728;4897;416;6005;6006;5.35;0.33;296.18;3.90;1108;22;2057.00;1
4898;17;620645748;4898;419;6008;6010;5.41;0.33;296.17;3.90;1110;22;2058.00;2
4902;17;620645761;4902;416;6008;6010;5.47;0.33;296.20;3.90;1106;22;2059.00;2
4904;17;620645773;4904;416;6012;6014;5.56;0.34;296.20;3.90;1108;22;2060.00;2
4907;17;620645787;4907;421;6012;6015;5.58;0.34;296.19;3.90;1105;22;2061.00;3
4909;17;620645800;4909;420;6013;6015;5.56;0.34;296.23;3.90;1104;22;2062.00;2
4913;17;620645819;4913;418;6013;6015;5.54;0.34;296.31;3.90;1100;22;2063.00;2
4917;17;620645832;4917;419;6023;6028;5.58;0.34;296.47;3.89;1106;22;2064.00;5
4922;17;620645847;4922;431;6023;6028;5.54;0.34;296.62;3.89;1101;22;2065.00;5
4924;17;620645860;4924;429;6024;6028;5.57;0.34;296.69;3.89;1100;22;2066.00;4
4930;17;620645872;4930;426;6025;6029;5.49;0.33;296.73;3.89;1095;22;2067.00;4
4933;17;620645886;4933;423;6025;6030;5.47;0.33;296.67;3.89;1092;22;2068.00;5
4935;17;620645899;4935;424;6025;6030;5.46;0.33;296.75;3.89;1090;22;2069.00;5
4941;17;620645913;4941;418;6030;6036;5.46;0.33;296.92;3.89;1089;22;2070.00;6
4944;17;620645926;4944;412;6030;6036;5.43;0.33;297.06;3.89;1086;22;2071.00;6
4947;17;620645939;4947;423;6031;6036;5.42;0.33;297.11;3.89;1084;22;2072.00;5
4949;17;620645950;4949;421;6031;6036;5.40;0.33;297.14;3.89;1082;22;2073.00;5
4954;17;620645963;4954;419;6036;6042;5.44;0.33;297.10;3.89;1082;22;2074.00;6
4956;17;620645977;4956;417;6036;6042;5.49;0.33;297.25;3.89;1080;22;2075.00;6
4960;17;620645990;4960;416;6036;6042;5.51;0.34;297.26;3.89;1076;22;2076.00;6
4963;17;620646002;4963;424;6036;6042;5.53;0.34;297.43;3.89;1073;22;2077.00;6
4964;17;620646014;4964;430;6039;6046;5.58;0.34;297.44;3.88;1075;22;2078.00;7
4971;17;620646027;4971;429;6040;6047;5.57;0.34;297.59;3.88;1069;22;2079.00;7
4974;17;620646040;4974;420;6040;6047;5.64;0.34;297.82;3.88;1066;22;2080.00;7
4979;17;620646052;4979;415;6041;6048;5.62;0.34;297.80;3.88;1062;22;2081.00;7
4983;17;620646065;4983;411;6041;6048;5.59;0.34;297.88;3.88;1058;22;2082.00;7
4985;17;620646077;4985;417;6041;6048;5.58;0.34;297.99;3.88;1056;22;2083.00;7
4986;17;620646089;4986;426;6041;6048;5.56;0.34;298.00;3.88;1055;22;2084.00;7
4991;17;620646101;4991;429;6041;6048;5.47;0.33;298.20;3.88;1050;22;2085.00;7
4993;17;620646113;4993;431;6041;6048;5.44;0.33;298.24;3.88;1048;22;2086.00;7
4998;17;620646124;4998;425;6041;6048;5.39;0.33;298.37;3.88;1043;22;2087.00;7
5000;17;620646137;5000;431;6086;6118;5.41;0.33;298.48;3.86;1086;22;2088.00;32
5003;17;620646155;5003;425;6086;6119;5.44;0.33;298.67;3.86;1083;22;2089.00;33
5004;17;620646167;5004;423;6091;6119;5.51;0.34;298.75;3.85;1087;22;2090.00;28
5006;17;620646179;5006;419;6093;6119;5.58;0.34;298.85;3.85;1087;22;2091.00;26
5008;17;620646192;5008;409;6097;6119;5.65;0.34;299.01;3.85;1089;22;2092.00;22
5010;17;620646204;5010;409;6098;6119;5.66;0.35;299.11;3.85;1088;22;2093.00;21
5010;17;620646218;5010;408;6101;6119;5.65;0.34;299.11;3.85;1091;22;2094.00;18
5012;17;620646230;5012;416;6102;6119;5.67;0.35;299.21;3.86;1090;22;2095.00;17
5015;17;620646243;5015;413;6105;6120;5.67;0.35;299.21;3.86;1090;22;2096.00;15
5018;17;620646256;5018;404;6107;6121;5.66;0.34;299.33;3.86;1089;22;2097.00;14
5020;17;620646269;5020;400;6109;6121;5.70;0.35;299.40;3.86;1089;22;2098.00;12
5024;17;620646282;5024;397;6113;6125;5.71;0.35;299.52;3.86;1089;22;2099.00;12
5026;17;620646301;5026;406;6117;6140;5.71;0.35;299.58;3.86;1091;22;2100.00;23
5029;17;620646322;5029;403;6117;6140;5.78;0.35;299.62;3.86;1088;22;2101.00;23
5032;17;620646336;5032;402;6117;6140;5.82;0.35;299.56;3.86;1085;22;2102.00;23
5034;17;620646350;5034;400;6121;6146;5.88;0.36;299.59;3.85;1087;22;2103.00;25
5036;17;620646364;5036;403;6121;6146;5.91;0.36;299.74;3.85;1085;22;2104.00;25
5037;17;620646376;5037;407;6122;6146;5.96;0.36;299.74;3.85;1085;22;2105.00;24
5039;17;620646389;5039;410;6125;6149;6.00;0.36;299.77;3.85;1086;22;2106.00;24
5042;17;620646402;5042;411;6125;6149;6.04;0.37;299.78;3.85;1083;22;2107.00;24
5044;17;620646414;5044;413;6126;6149;6.09;0.37;299.86;3.85;1082;22;2108.00;23
5047;17;620646428;5047;410;6126;6150;6.04;0.37;299.94;3.85;1079;22;2109.00;24
5049;17;620646440;5049;410;6127;6151;6.08;0.37;299.95;3.85;1078;22;2110.00;24
5053;17;620646453;5053;411;6128;6151;6.09;0.37;300.09;3.85;1075;22;2111.00;23
5055;17;620646466;5055;415;6138;6164;6.15;0.37;300.16;3.85;1083;22;2112.00;26
5057;17;620646479;5057;411;6139;6164;6.18;0.38;300.24;3.85;1082;22;2113.00;25
5059;17;620646492;5059;411;6139;6164;6.23;0.38;300.35;3.85;1080;22;2114.00;25
5062;17;620646504;5062;406;6141;6166;6.27;0.38;300.46;3.85;1079;22;2115.00;25
5066;17;620646517;5066;403;6141;6166;6.30;0.38;300.57;3.85;1075;22;2116.00;25
5068;17;620646530;5068;399;6145;6170;6.37;0.39;300.63;3.85;1077;22;2117.00;25
5071;17;620646543;5071;398;6146;6170;6.38;0.39;300.65;3.85;1075;22;2118.00;24
5074;17;620646555;5074;390;6149;6174;6.44;0.39;300.71;3.85;1075;22;2119.00;25
5076;17;620646568;5076;392;6149;6174;6.47;0.39;300.74;3.85;1073;22;2120.00;25
5079;17;620646580;5079;393;6149;6174;6.39;0.39;300.72;3.85;1070;22;2121.00;25
5081;17;620646592;5081;394;6149;6174;6.39;0.39;300.74;3.85;1068;22;2122.00;25
5084;17;620646605;5084;395;6150;6174;6.30;0.38;300.67;3.85;1066;22;2123.00;24
5085;17;620646617;5085;403;6159;6186;6.32;0.38;300.67;3.85;1074;22;2124.00;27
5087;17;620646630;5087;402;6159;6186;6.30;0.38;300.73;3.85;1072;22;2125.00;27
5089;17;620646643;5089;400;6163;6186;6.33;0.38;300.65;3.85;1074;22;2126.00;23
5089;17;620646655;5089;402;6163;6186;6.29;0.38;300.65;3.85;1074;22;2127.00;23
5089;17;620646667;5089;396;6163;6186;6.28;0.38;300.65;3.85;1074;22;2128.00;23
5089;17;620646679;5089;392;6165;6186;6.26;0.38;300.65;3.86;1076;22;2129.00;21
5090;17;620646692;5090;380;6165;6187;6.27;0.38;300.65;3.86;1075;22;2130.00;22
5092;17;620646705;5092;373;6166;6187;6.27;0.38;300.74;3.86;1074;22;2131.00;21
5094;17;620646716;5094;366;6171;6193;6.27;0.38;300.74;3.86;1077;22;2132.00;22
5094;17;620646729;5094;363;6172;6194;6.27;0.38;300.74;3.86;1078;22;2133.00;22
5096;17;620646741;5096;357;6172;6194;6.24;0.38;300.75;3.86;1076;22;2134.00;22
5096;17;620646753;5096;354;6172;6194;6.21;0.38;300.75;3.86;1076;22;2135.00;22
5099;17;620646764;5099;345;6175;6198;6.24;0.38;300.88;3.86;1076;22;2136.00;23
5104;17;620646777;5104;346;6175;6198;6.14;0.37;300.99;3.86;1071;22;2137.00;23
5105;17;620646789;5105;348;6175;6198;6.13;0.37;301.00;3.86;1070;22;2138.00;23
5107;17;620646801;5107;345;6176;6199;6.17;0.37;301.02;3.86;1069;22;2139.00;23
5109;17;620646813;5109;343;6179;6203;6.13;0.37;301.03;3.85;1070;22;2140.00;24
5110;17;620646825;5110;333;6179;6203;6.09;0.37;301.05;3.85;1069;22;2141.00;24
5115;17;620646836;5115;326;6181;6206;6.08;0.37;301.15;3.85;1066;22;2142.00;25
5119;17;620646848;5119;330;6182;6206;6.00;0.36;301.42;3.85;1063;22;2143.00;24
5122;17;620646859;5122;335;6182;6206;6.00;0.36;301.48;3.85;1060;22;2144.00;24
5126;17;620646871;5126;333;6184;6206;5.95;0.36;301.60;3.88;1058;22;2145.00;22
5129;17;620646882;5129;332;6188;6210;5.94;0.36;301.68;3.88;1059;22;2146.00;22
5131;17;620646894;5131;333;6188;6210;5.93;0.36;301.69;3.88;1057;22;2147.00;22
5135;17;620646905;5135;332;6188;6210;5.89;0.36;301.78;3.88;1053;22;2148.00;22
5140;17;620646916;5140;333;6188;6210;5.89;0.36;301.83;3.88;1048;22;2149.00;22
5143;17;620646928;5143;328;6188;6211;5.86;0.36;301.98;3.88;1045;22;2150.00;23
5144;17;620646945;5144;333;6189;6212;5.93;0.36;301.93;3.88;1045;22;2151.00;23
5148;17;620646962;5148;337;6189;6212;5.91;0.36;302.11;3.88;1041;22;2152.00;23
5149;17;620646974;5149;333;6190;6213;5.91;0.36;302.17;3.88;1041;22;2153.00;23
5153;17;620646985;5153;339;6190;6213;5.87;0.36;302.22;3.88;1037;22;2154.00;23
5157;17;620646996;5157;335;6190;6213;5.87;0.36;302.26;3.88;1033;22;2155.00;23
5158;17;620647010;5158;338;6190;6213;5.85;0.36;302.26;3.88;1032;22;2156.00;23
5162;17;620647021;5162;343;6190;6213;5.80;0.35;302.33;3.88;1028;22;2157.00;23
5166;17;620647032;5166;337;6190;6213;5.79;0.35;302.32;3.88;1024;22;2158.00;23
5168;17;620647043;5168;328;6190;6213;5.81;0.36;302.25;3.88;1022;22;2159.00;23
5171;17;620647072;5171;368;6295;6443;6.07;0.38;302.22;3.81;1124;22;2160.00;148
5171;17;620647102;5171;364;6301;6444;6.07;0.38;302.22;3.81;1130;22;2161.00;143
5174;17;620647113;5174;354;6311;6444;6.14;0.39;302.34;3.81;1137;22;2162.00;133
5176;17;620647125;5176;344;6316;6444;6.14;0.39;302.28;3.81;1140;22;2163.00;128
5178;17;620647136;5178;352;6325;6444;6.12;0.38;302.43;3.81;1147;22;2164.00;119
5179;17;620647153;5179;355;6331;6444;6.07;0.38;302.38;3.81;1152;22;2165.00;113
5183;17;620647171;5183;351;6337;6444;6.06;0.38;302.48;3.81;1154;22;2166.00;107
5186;17;620647183;5186;351;6347;6444;6.09;0.38;302.38;3.82;1161;22;2167.00;97
5188;17;620647195;5188;360;6353;6445;6.09;0.38;302.35;3.82;1165;22;2168.00;92
5189;17;620647208;5189;362;6358;6446;6.13;0.38;302.34;3.82;1169;22;2169.00;88
5190;17;620647220;5190;371;6365;6446;6.15;0.38;302.29;3.86;1175;22;2170.00;81
5196;17;620647232;5196;372;6369;6447;6.05;0.38;302.25;3.86;1173;22;2171.00;78
5199;17;620647245;5199;369;6373;6447;5.97;0.37;302.17;3.87;1174;22;2172.00;74
5202;17;620647257;5202;377;6377;6447;5.92;0.37;302.16;3.89;1175;22;2173.00;70
5203;17;620647270;5203;387;6378;6447;5.89;0.37;302.12;3.89;1175;22;2174.00;69
5205;17;620647281;5205;391;6384;6451;5.77;0.36;302.08;3.90;1179;22;2175.00;67
5206;17;620647294;5206;402;6387;6451;5.66;0.35;302.08;3.93;1181;22;2176.00;64
5208;17;620647313;5208;403;6389;6451;5.58;0.35;302.04;3.93;1181;22;2177.00;62
5209;17;620647332;5209;402;6392;6454;5.50;0.34;302.07;3.93;1183;22;2178.00;62
5211;17;620647352;5211;416;6394;6454;5.42;0.34;302.07;3.95;1183;22;2179.00;60
5212;17;620647370;5212;423;6396;6454;5.35;0.33;302.01;3.96;1184;22;2180.00;58
5213;17;620647389;5213;432;6401;6458;5.30;0.33;301.98;3.97;1188;22;2181.00;57
5217;17;620647408;5217;440;6404;6459;5.28;0.33;301.91;3.98;1187;22;2182.00;55
5221;17;620647425;5221;448;6406;6459;5.22;0.32;301.87;3.99;1185;22;2183.00;53
5222;17;620647438;5222;452;6408;6463;5.25;0.32;301.92;4.01;1186;22;2184.00;55
5226;17;620647452;5226;464;6409;6463;5.26;0.32;301.85;4.01;1183;22;2185.00;54
5227;17;620647465;5227;466;6413;6463;5.25;0.32;301.83;4.04;1186;22;2186.00;50
5227;17;620647479;5227;471;6415;6464;5.23;0.32;301.83;4.05;1188;22;2187.00;49
5227;17;620647493;5227;478;6416;6464;5.18;0.32;301.83;4.05;1189;22;2188.00;48
5229;17;620647505;5229;477;6422;6470;5.19;0.32;301.88;4.05;1193;22;2189.00;48
5233;17;620647522;5233;478;6423;6470;5.13;0.32;301.79;4.05;1190;22;2190.00;47
5234;17;620647534;5234;479;6429;6471;5.06;0.31;301.77;4.11;1195;22;2191.00;42
5237;17;620647548;5237;486;6430;6471;4.98;0.31;301.88;4.12;1193;22;2192.00;41
5238;17;620647561;5238;494;6431;6471;4.91;0.30;301.83;4.12;1193;22;2193.00;40
5239;17;620647572;5239;492;6432;6471;4.83;0.30;301.77;4.13;1193;22;2194.00;39
5241;17;620647585;5241;479;6433;6471;4.80;0.30;301.82;4.13;1192;22;2195.00;38
5243;17;620647598;5243;471;6444;6483;4.82;0.30;301.77;4.15;1201;22;2196.00;39
5245;17;620647611;5245;467;6448;6483;4.83;0.30;301.76;4.18;1203;22;2197.00;35
5247;17;620647624;5247;463;6450;6483;4.90;0.30;301.67;4.19;1203;22;2198.00;33
5249;17;620647637;5249;469;6451;6483;4.93;0.30;301.70;4.19;1202;22;2199.00;32
5251;17;620647651;5251;465;6454;6483;4.93;0.30;301.62;4.20;1203;22;2200.00;29
5253;17;620647669;5253;467;6454;6483;4.91;0.30;301.58;4.20;1201;22;2201.00;29
5254;17;620647688;5254;462;6461;6487;4.92;0.30;301.70;4.22;1207;22;2202.00;26
5258;17;620647701;5258;468;6461;6487;4.87;0.30;301.58;4.22;1203;22;2203.00;26
5260;17;620647714;5260;466;6466;6491;4.87;0.30;301.51;4.23;1206;22;2204.00;25
5260;17;620647727;5260;462;6468;6493;4.85;0.30;301.51;4.22;1208;22;2205.00;25
5262;17;620647747;5262;456;6469;6493;4.79;0.29;301.51;4.23;1207;22;2206.00;24
5266;17;620647765;5266;456;6469;6493;4.74;0.29;301.53;4.23;1203;22;2207.00;24
5270;17;620647778;5270;466;6481;6506;4.71;0.29;301.49;4.23;1211;22;2208.00;25
5271;17;620647792;5271;468;6482;6506;4.72;0.29;301.47;4.24;1211;22;2209.00;24
5274;17;620647804;5274;458;6485;6508;4.71;0.29;301.43;4.24;1211;22;2210.00;23
5275;17;620647817;5275;455;6486;6509;4.73;0.29;301.42;4.24;1211;22;2211.00;23
5277;17;620647830;5277;445;6487;6510;4.74;0.29;301.43;4.25;1210;22;2212.00;23
5281;17;620647844;5281;438;6488;6510;4.81;0.29;301.43;4.26;1207;22;2213.00;22
5285;17;620647856;5285;428;6491;6513;4.85;0.30;301.31;4.26;1206;22;2214.00;22
5287;17;620647869;5287;428;6491;6513;4.93;0.30;301.31;4.26;1204;22;2215.00;22
5293;17;620647881;5293;420;6491;6513;4.97;0.30;301.46;4.26;1198;22;2216.00;22
5295;17;620647894;5295;417;6491;6513;5.10;0.31;301.56;4.26;1196;22;2217.00;22
5300;17;620647907;5300;404;6495;6519;5.16;0.32;301.65;4.26;1195;22;2218.00;24
5305;17;620647921;5305;400;6495;6519;5.20;0.32;301.58;4.26;1190;22;2219.00;24
5308;17;620647936;5308;401;6495;6519;5.21;0.32;301.66;4.26;1187;22;2220.00;24
5313;17;620647949;5313;394;6495;6519;5.17;0.32;301.77;4.26;1182;22;2221.00;24
5315;17;620647962;5315;392;6498;6523;5.17;0.32;301.84;4.26;1183;22;2222.00;25
5321;17;620647976;5321;392;6499;6524;5.18;0.32;302.02;4.26;1178;22;2223.00;25
5322;17;620647990;5322;378;6499;6524;5.29;0.32;301.98;4.26;1177;22;2224.00;25
5326;17;620648004;5326;377;6500;6525;5.31;0.33;302.12;4.26;1174;22;2225.00;25
5329;17;620648019;5329;373;6500;6525;5.37;0.33;302.17;4.26;1171;22;2226.00;25
5332;17;620648032;5332;375;6500;6525;5.43;0.33;302.27;4.26;1168;22;2227.00;25
5340;17;620648046;5340;378;6500;6525;5.43;0.33;302.21;4.26;1160;22;2228.00;25
5344;17;620648060;5344;374;6500;6525;5.46;0.33;302.27;4.26;1156;22;2229.00;25
5347;17;620648073;5347;371;6500;6525;5.47;0.33;302.35;4.26;1153;22;2230.00;25
5350;17;620648086;5350;369;6500;6525;5.50;0.34;302.31;4.26;1150;22;2231.00;25
5354;17;620648101;5354;377;6545;6595;5.60;0.34;302.29;4.23;1191;22;2232.00;50
5363;17;620648120;5363;367;6547;6596;5.60;0.34;302.68;4.23;1184;22;2233.00;49
5365;17;620648136;5365;377;6550;6596;5.62;0.34;302.75;4.23;1185;22;2234.00;46
5368;17;620648150;5368;373;6551;6596;5.63;0.34;302.79;4.23;1183;22;2235.00;45
5375;17;620648164;5375;367;6552;6596;5.58;0.34;302.93;4.23;1177;22;2236.00;44
5381;17;620648179;5381;362;6553;6596;5.57;0.34;303.04;4.23;1172;22;2237.00;43
5387;17;620648193;5387;362;6553;6596;5.56;0.34;303.07;4.23;1166;22;2238.00;43
5389;17;620648207;5389;359;6553;6596;5.62;0.34;303.16;4.23;1164;22;2239.00;43
5392;17;620648221;5392;360;6553;6597;5.67;0.35;303.39;4.23;1161;22;2240.00;44
5398;17;620648235;5398;361;6554;6598;5.65;0.35;303.55;4.23;1156;22;2241.00;44
5402;17;620648249;5402;367;6555;6598;5.67;0.35;303.66;4.23;1153;22;2242.00;43
5404;17;620648264;5404;366;6559;6602;5.67;0.35;303.71;4.23;1155;22;2243.00;43
5408;17;620648278;5408;371;6561;6602;5.63;0.34;303.99;4.23;1153;22;2244.00;41
5413;17;620648292;5413;371;6562;6602;5.59;0.34;304.00;4.23;1149;22;2245.00;40
5416;17;620648307;5416;378;6562;6602;5.58;0.34;304.16;4.23;1146;22;2246.00;40
5418;17;620648321;5418;373;6567;6608;5.59;0.34;304.20;4.24;1149;22;2247.00;41
5419;17;620648336;5419;374;6568;6608;5.63;0.34;304.24;4.24;1149;22;2248.00;40
5422;17;620648350;5422;378;6568;6608;5.65;0.34;304.23;4.24;1146;22;2249.00;40
5426;17;620648365;5426;384;6572;6614;5.69;0.35;304.31;4.24;1146;22;2250.00;42
5428;17;620648379;5428;380;6572;6614;5.71;0.35;304.32;4.24;1144;22;2251.00;42
5430;17;620648393;5430;379;6575;6614;5.69;0.35;304.39;4.25;1145;22;2252.00;39
5432;17;620648408;5432;382;6576;6615;5.69;0.35;304.45;4.25;1144;22;2253.00;39
5433;17;620648421;5433;382;6577;6616;5.70;0.35;304.51;4.25;1144;22;2254.00;39
5436;17;620648435;5436;399;6578;6616;5.66;0.34;304.60;4.25;1142;22;2255.00;38
5437;17;620648448;5437;404;6587;6629;5.64;0.34;304.69;4.25;1150;22;2256.00;42
5441;17;620648462;5441;398;6587;6629;5.59;0.34;304.84;4.25;1146;22;2257.00;42
5441;17;620648476;5441;394;6588;6629;5.56;0.34;304.84;4.25;1147;22;2258.00;41
5443;17;620648489;5443;394;6590;6630;5.57;0.34;304.88;4.25;1147;22;2259.00;40
5448;17;620648503;5448;390;6591;6630;5.56;0.34;305.20;4.25;1143;22;2260.00;39
5451;17;620648517;5451;389;6594;6634;5.60;0.34;305.29;4.25;1143;22;2261.00;40
5456;17;620648531;5456;390;6596;6634;5.66;0.34;305.38;4.26;1140;22;2262.00;38
5460;17;620648544;5460;390;6601;6638;5.70;0.35;305.43;4.25;1141;22;2263.00;37
5460;17;620648559;5460;391;6602;6638;5.74;0.35;305.43;4.25;1142;22;2264.00;36
5463;17;620648572;5463;396;6602;6638;5.79;0.35;305.49;4.25;1139;22;2265.00;36
5465;17;620648592;5465;379;6602;6638;5.82;0.35;305.69;4.25;1137;22;2266.00;36
5469;17;620648606;5469;379;6603;6638;5.81;0.35;305.69;4.26;1134;22;2267.00;35
5473;17;620648626;5473;377;6613;6650;5.91;0.36;305.82;4.25;1140;22;2268.00;37
5474;17;620648641;5474;379;6615;6650;5.98;0.36;305.86;4.27;1141;22;2269.00;35
5478;17;620648654;5478;379;6615;6650;6.03;0.37;305.93;4.27;1137;22;2270.00;35
5481;17;620648668;5481;380;6616;6650;6.08;0.37;306.05;4.27;1135;22;2271.00;34
5485;17;620648687;5485;387;6616;6650;6.06;0.37;306.18;4.27;1131;22;2272.00;34
5487;17;620648700;5487;395;6616;6650;6.09;0.37;306.25;4.27;1129;22;2273.00;34
5490;17;620648713;5490;400;6616;6651;6.07;0.37;306.17;4.27;1126;22;2274.00;35
5492;17;620648730;5492;402;6616;6651;6.09;0.37;306.28;4.27;1124;22;2275.00;35
5493;17;620648745;5493;408;6621;6657;6.07;0.37;306.33;4.26;1128;23;2276.00;36
5495;17;620648768;5495;412;6622;6658;6.02;0.37;306.37;4.26;1127;23;2277.00;36
5496;17;620648782;5496;407;6622;6658;5.98;0.36;306.43;4.26;1126;23;2278.00;36
5496;17;620648796;5496;407;6622;6658;5.99;0.36;306.43;4.26;1126;23;2279.00;36
5501;17;620648813;5501;404;6626;6663;5.96;0.36;306.57;4.26;1125;23;2280.00;37
5504;17;620648828;5504;405;6626;6663;5.95;0.36;306.60;4.26;1122;23;2281.00;37
5506;17;620648843;5506;406;6626;6663;5.99;0.36;306.80;4.26;1120;23;2282.00;37
5510;17;620648856;5510;399;6627;6664;6.00;0.36;306.99;4.26;1117;23;2283.00;37
5511;17;620648882;5511;405;6630;6668;6.01;0.36;306.99;4.26;1119;23;2284.00;38
5514;17;620648896;5514;407;6630;6668;6.03;0.37;307.20;4.26;1116;23;2285.00;38
5519;17;620648909;5519;410;6632;6671;6.02;0.36;307.28;4.26;1113;23;2286.00;39
5519;17;620648923;5519;416;6632;6671;6.01;0.36;307.28;4.26;1113;23;2287.00;39
5521;17;620648936;5521;418;6633;6671;6.02;0.36;307.34;4.26;1112;23;2288.00;38
5523;17;620648948;5523;416;6633;6671;6.01;0.36;307.28;4.26;1110;23;2289.00;38
5526;17;620648961;5526;418;6637;6675;6.00;0.36;307.30;4.25;1111;23;2290.00;38
5528;17;620648975;5528;417;6637;6675;5.99;0.36;307.34;4.25;1109;23;2291.00;38
5532;17;620648994;5532;418;6637;6675;5.94;0.36;307.39;4.25;1105;23;2292.00;38
5533;17;620649007;5533;419;6637;6675;5.90;0.36;307.39;4.25;1104;23;2293.00;38
5534;17;620649019;5534;416;6637;6676;5.82;0.35;307.39;4.25;1103;23;2294.00;39
5536;17;620649032;5536;421;6640;6678;5.75;0.35;307.39;4.27;1104;23;2295.00;38
5541;17;620649044;5541;424;6640;6678;5.64;0.34;307.37;4.27;1099;23;2296.00;38
5543;17;620649056;5543;425;6641;6679;5.55;0.34;307.56;4.27;1098;23;2297.00;38
5544;17;620649068;5544;432;6641;6679;5.46;0.33;307.62;4.27;1097;23;2298.00;38
5546;17;620649079;5546;435;6641;6679;5.39;0.33;307.61;4.27;1095;23;2299.00;38
5547;17;620649091;5547;434;6641;6679;5.33;0.32;307.65;4.27;1094;23;2300.00;38
5547;17;620649107;5547;435;6641;6679;5.29;0.32;307.65;4.27;1094;23;2301.00;38
5549;17;620649118;5549;434;6641;6679;5.28;0.32;307.62;4.27;1092;23;2302.00;38
5550;17;620649130;5550;433;6641;6679;5.29;0.32;307.71;4.27;1091;23;2303.00;38
5551;17;620649141;5551;461;6714;6806;5.40;0.33;307.72;4.23;1163;23;2304.00;92
5551;17;620649162;5551;450;6715;6807;5.40;0.33;307.72;4.23;1164;23;2305.00;92
5552;17;620649175;5552;432;6719;6807;5.44;0.34;307.74;4.22;1167;23;2306.00;88
5553;17;620649187;5553;435;6721;6807;5.46;0.34;307.74;4.22;1168;23;2307.00;86
5553;17;620649199;5553;429;6727;6807;5.53;0.34;307.74;4.22;1174;23;2308.00;80
5556;17;620649210;5556;423;6729;6807;5.49;0.34;307.65;4.22;1173;23;2309.00;78
5556;17;620649224;5556;426;6732;6807;5.50;0.34;307.65;4.23;1176;23;2310.00;75
5559;17;620649236;5559;424;6736;6807;5.47;0.34;307.74;4.25;1177;23;2311.00;71
5559;17;620649258;5559;429;6739;6808;5.49;0.34;307.74;4.25;1180;23;2312.00;69
5562;17;620649271;5562;421;6743;6809;5.46;0.34;307.80;4.25;1181;23;2313.00;66
5564;17;620649283;5564;416;6747;6809;5.41;0.33;307.77;4.28;1183;23;2314.00;62
5566;17;620649306;5566;421;6751;6810;5.35;0.33;307.80;4.30;1185;23;2315.00;59
5569;17;620649325;5569;425;6753;6810;5.32;0.33;307.75;4.30;1184;23;2316.00;57
5570;17;620649345;5570;425;6754;6810;5.26;0.33;307.77;4.30;1184;23;2317.00;56
5574;17;620649365;5574;419;6757;6810;5.23;0.32;307.77;4.33;1183;23;2318.00;53
5575;17;620649385;5575;421;6762;6814;5.21;0.32;307.78;4.33;1187;23;2319.00;52
5577;17;620649405;5577;429;6765;6814;5.16;0.32;307.85;4.35;1188;23;2320.00;49
5580;17;620649423;5580;429;6766;6814;5.08;0.31;307.81;4.36;1186;23;2321.00;48
5585;17;620649437;5585;433;6769;6817;5.02;0.31;307.81;4.38;1184;23;2322.00;48
5588;17;620649452;5588;445;6769;6817;4.97;0.30;307.73;4.38;1181;23;2323.00;48
5590;17;620649465;5590;448;6770;6817;4.89;0.30;307.63;4.38;1180;23;2324.00;47
5590;17;620649480;5590;446;6775;6821;4.86;0.30;307.63;4.38;1185;23;2325.00;46
5591;17;620649495;5591;448;6777;6822;4.84;0.30;307.59;4.38;1186;23;2326.00;45
5593;17;620649508;5593;457;6777;6822;4.81;0.30;307.50;4.38;1184;23;2327.00;45
5595;17;620649524;5595;458;6780;6826;4.83;0.30;307.52;4.38;1185;23;2328.00;46
5598;17;620649537;5598;462;6781;6826;4.82;0.30;307.47;4.38;1183;23;2329.00;45
5599;17;620649550;5599;472;6781;6826;4.84;0.30;307.42;4.38;1182;23;2330.00;45
5601;17;620649564;5601;469;6783;6827;4.88;0.30;307.42;4.41;1182;23;2331.00;44
5602;17;620649578;5602;475;6783;6827;4.89;0.30;307.44;4.41;1181;23;2332.00;44
5608;17;620649592;5608;463;6788;6833;4.88;0.30;307.30;4.40;1180;23;2333.00;45
5610;17;620649607;5610;466;6789;6833;4.82;0.29;307.26;4.43;1179;23;2334.00;44
5612;17;620649622;5612;470;6789;6834;4.81;0.29;307.30;4.43;1177;23;2335.00;45
5612;17;620649644;5612;474;6790;6834;4.78;0.29;307.30;4.45;1178;23;2336.00;44
5612;17;620649656;5612;470;6790;6834;4.74;0.29;307.30;4.45;1178;23;2337.00;44
5613;17;620649677;5613;472;6790;6834;4.70;0.29;307.27;4.45;1177;23;2338.00;44
5616;17;620649690;5616;478;6791;6834;4.67;0.28;307.36;4.47;1175;23;2339.00;43
5616;17;620649704;5616;492;6817;6870;4.82;0.30;307.36;4.47;1201;23;2340.00;53
5617;17;620649720;5617;492;6818;6870;4.83;0.30;307.35;4.47;1201;23;2341.00;52
5618;17;620649733;5618;497;6822;6870;4.80;0.30;307.30;4.49;1204;23;2342.00;48
5620;17;620649746;5620;502;6823;6870;4.80;0.29;307.30;4.51;1203;23;2343.00;47
5620;17;620649758;5620;505;6825;6870;4.80;0.30;307.30;4.52;1205;23;2344.00;45
5620;17;620649771;5620;513;6825;6870;4.71;0.29;307.30;4.52;1205;23;2345.00;45
5624;17;620649791;5624;525;6831;6874;4.68;0.29;307.44;4.55;1207;23;2346.00;43
5625;17;620649805;5625;509;6831;6874;4.66;0.29;307.39;4.55;1206;23;2347.00;43
5628;17;620649818;5628;512;6837;6878;4.69;0.29;307.37;4.58;1209;23;2348.00;41
5628;17;620649831;5628;508;6839;6879;4.75;0.29;307.37;4.60;1211;23;2349.00;40
5628;17;620649844;5628;500;6840;6879;4.82;0.30;307.37;4.60;1212;23;2350.00;39
5629;17;620649857;5629;498;6841;6879;4.80;0.30;307.40;4.62;1212;23;2351.00;38
5630;17;620649870;5630;494;6852;6892;4.81;0.30;307.35;4.62;1222;23;2352.00;40
5633;17;620649884;5633;500;6853;6892;4.79;0.29;307.35;4.62;1220;23;2353.00;39
5634;17;620649904;5634;494;6855;6892;4.79;0.29;307.33;4.64;1221;23;2354.00;37
5636;17;620649917;5636;492;6856;6893;4.79;0.29;307.30;4.64;1220;23;2355.00;37
5639;17;620649931;5639;487;6858;6894;4.78;0.29;307.25;4.66;1219;23;2356.00;36
5642;17;620649945;5642;490;6858;6894;4.77;0.29;307.24;4.66;1216;23;2357.00;36
5642;17;620649958;5642;495;6861;6897;4.78;0.29;307.24;4.68;1219;23;2358.00;36
5643;17;620649971;5643;484;6861;6897;4.77;0.29;307.22;4.68;1218;23;2359.00;36
5645;17;620649984;5645;484;6862;6897;4.76;0.29;307.19;4.68;1217;23;2360.00;35
5648;17;620649996;5648;472;6863;6897;4.79;0.29;307.27;4.69;1215;23;2361.00;34
5650;17;620650009;5650;471;6871;6903;4.87;0.30;307.23;4.72;1221;23;2362.00;32
5651;17;620650022;5651;469;6871;6903;4.88;0.30;307.19;4.72;1220;23;2363.00;32
5652;17;620650034;5652;460;6872;6903;4.92;0.30;307.17;4.74;1220;23;2364.00;31
5654;17;620650047;5654;457;6872;6903;4.94;0.30;307.14;4.74;1218;23;2365.00;31
5655;17;620650059;5655;455;6875;6907;4.96;0.30;307.12;4.74;1220;23;2366.00;32
5657;17;620650073;5657;455;6877;6908;5.00;0.30;307.10;4.75;1220;23;2367.00;31
5658;17;620650086;5658;454;6877;6908;5.09;0.31;307.07;4.75;1219;23;2368.00;31
5660;17;620650099;5660;448;6878;6909;5.15;0.31;306.98;4.75;1218;23;2369.00;31
5663;17;620650113;5663;445;6878;6909;5.17;0.31;307.06;4.75;1215;23;2370.00;31
5668;17;620650126;5668;439;6883;6909;5.17;0.31;307.00;4.82;1215;23;2371.00;26
5668;17;620650138;5668;442;6883;6909;5.21;0.32;307.00;4.82;1215;23;2372.00;26
5669;17;620650150;5669;445;6884;6909;5.24;0.32;307.04;4.84;1215;23;2373.00;25
5672;17;620650163;5672;444;6884;6909;5.24;0.32;306.96;4.84;1212;23;2374.00;25
5675;17;620650177;5675;437;6884;6909;5.22;0.32;307.00;4.84;1209;23;2375.00;25
5676;17;620650191;5676;457;6939;6979;5.24;0.32;307.04;4.83;1263;23;2376.00;40
5680;17;620650209;5680;448;6941;6980;5.27;0.32;307.19;4.83;1261;23;2377.00;39
5682;17;620650222;5682;444;6944;6980;5.27;0.32;307.22;4.84;1262;23;2378.00;36
5684;17;620650235;5684;447;6946;6980;5.28;0.32;307.23;4.84;1262;23;2379.00;34
5686;17;620650247;5686;427;6946;6980;5.28;0.32;307.32;4.84;1260;23;2380.00;34
5690;17;620650261;5690;420;6947;6980;5.25;0.32;307.42;4.85;1257;23;2381.00;33
5692;17;620650275;5692;418;6948;6980;5.25;0.32;307.40;4.85;1256;23;2382.00;32
5696;17;620650288;5696;420;6952;6980;5.19;0.32;307.49;4.88;1256;23;2383.00;28
5700;17;620650305;5700;420;6952;6981;5.17;0.31;307.55;4.88;1252;23;2384.00;29
5704;17;620650320;5704;423;6955;6983;5.15;0.31;307.60;4.88;1251;23;2385.00;28
5707;17;620650335;5707;433;6957;6983;5.18;0.31;307.64;4.89;1250;23;2386.00;26
5710;17;620650349;5710;434;6960;6987;5.21;0.32;307.64;4.89;1250;23;2387.00;27
5713;17;620650363;5713;436;6963;6987;5.25;0.32;307.66;4.90;1250;23;2388.00;24
5717;17;620650377;5717;438;6964;6987;5.26;0.32;307.74;4.90;1247;23;2389.00;23
5720;17;620650397;5720;436;6964;6987;5.31;0.32;307.74;4.90;1244;23;2390.00;23
5725;17;620650412;5725;438;6968;6993;5.30;0.32;307.76;4.90;1243;23;2391.00;25
5727;17;620650426;5727;431;6968;6993;5.30;0.32;307.76;4.90;1241;23;2392.00;25
5730;17;620650441;5730;433;6968;6993;5.29;0.32;307.88;4.90;1238;23;2393.00;25
5733;17;620650455;5733;421;6969;6996;5.33;0.32;308.11;4.90;1236;23;2394.00;27
5738;17;620650471;5738;422;6970;6996;5.33;0.32;308.24;4.90;1232;23;2395.00;26
5741;17;620650485;5741;413;6970;6996;5.36;0.33;308.35;4.90;1229;23;2396.00;26
5748;17;620650500;5748;416;6970;6997;5.32;0.32;308.50;4.90;1222;23;2397.00;27
5751;17;620650514;5751;411;6970;6998;5.28;0.32;308.56;4.90;1219;23;2398.00;28
5755;17;620650529;5755;413;6970;6998;5.28;0.32;308.52;4.90;1215;23;2399.00;28
5760;17;620650547;5760;417;6993;7057;5.32;0.32;308.64;4.88;1233;23;2400.00;64
5764;17;620650570;5764;418;6994;7057;5.36;0.33;308.74;4.88;1230;23;2401.00;63
5766;17;620650584;5766;418;6996;7057;5.45;0.33;308.86;4.88;1230;23;2402.00;61
5772;17;620650598;5772;412;6997;7058;5.49;0.34;308.92;4.88;1225;23;2403.00;61
5778;17;620650611;5778;419;6998;7058;5.52;0.34;309.04;4.88;1220;23;2404.00;60
5782;17;620650632;5782;414;7000;7062;5.60;0.34;309.11;4.88;1218;23;2405.00;62
5788;17;620650647;5788;420;7004;7062;5.59;0.34;309.29;4.88;1216;23;2406.00;58
5790;17;620650664;5790;411;7008;7066;5.66;0.35;309.37;4.88;1218;23;2407.00;58
5796;17;620650681;5796;420;7009;7066;5.70;0.35;309.61;4.88;1213;23;2408.00;57
5798;17;620650697;5798;415;7009;7066;5.73;0.35;309.61;4.88;1211;23;2409.00;57
5805;17;620650713;5805;410;7009;7066;5.76;0.35;309.90;4.88;1204;23;2410.00;57
5809;17;620650731;5809;407;7010;7066;5.79;0.35;310.08;4.89;1201;23;2411.00;56
5812;17;620650746;5812;405;7018;7078;5.83;0.36;310.18;4.89;1206;23;2412.00;60
5816;17;620650763;5816;409;7018;7078;5.86;0.36;310.33;4.89;1202;23;2413.00;60
5823;17;620650778;5823;414;7021;7078;5.85;0.36;310.45;4.89;1198;23;2414.00;57
5827;17;620650794;5827;416;7021;7078;5.88;0.36;310.56;4.89;1194;23;2415.00;57
5832;17;620650809;5832;422;7021;7078;5.85;0.36;310.75;4.89;1189;23;2416.00;57
5838;17;620650824;5838;422;7023;7078;5.84;0.36;310.76;4.90;1185;23;2417.00;55
5842;17;620650839;5842;427;7027;7079;5.85;0.36;310.87;4.91;1185;23;2418.00;52
5848;17;620650855;5848;427;7028;7079;5.81;0.35;311.06;4.91;1180;23;2419.00;51
5850;17;620650871;5850;432;7033;7085;5.78;0.35;311.13;4.91;1183;23;2420.00;52
5855;17;620650886;5855;435;7034;7086;5.75;0.35;311.43;4.91;1179;23;2421.00;52
5856;18;620650902;5856;437;7036;7086;5.66;0.34;311.42;4.92;1180;24;2422.00;50
5858;18;620650924;5858;440;7037;7086;5.59;0.34;311.48;4.92;1179;24;2423.00;49
5860;18;620650938;5860;452;7040;7090;5.52;0.34;311.45;4.93;1180;24;2424.00;50
5863;18;620650951;5863;457;7041;7090;5.43;0.33;311.58;4.96;1178;24;2425.00;49
5866;18;620650964;5866;463;7044;7090;5.37;0.33;311.69;4.97;1178;24;2426.00;46
5870;18;620650978;5870;457;7044;7091;5.31;0.32;311.97;4.97;1174;24;2427.00;47
5872;18;620650991;5872;457;7049;7095;5.30;0.32;312.20;4.97;1177;24;2428.00;46
5874;18;620651006;5874;453;7049;7095;5.27;0.32;312.18;4.97;1175;24;2429.00;46
5876;18;620651025;5876;454;7054;7101;5.27;0.32;312.38;4.97;1178;24;2430.00;47
5881;18;620651049;5881;458;7055;7101;5.23;0.32;312.62;4.97;1174;24;2431.00;46
5883;18;620651067;5883;463;7057;7101;5.20;0.31;312.58;4.97;1174;24;2432.00;44
5886;18;620651080;5886;466;7061;7101;5.17;0.31;312.65;5.01;1175;24;2433.00;40
5888;18;620651093;5888;468;7064;7105;5.18;0.31;312.73;5.01;1176;24;2434.00;41
5888;18;620651107;5888;470;7065;7105;5.17;0.31;312.73;5.01;1177;24;2435.00;40
5891;18;620651120;5891;457;7065;7105;5.16;0.31;312.75;5.01;1174;24;2436.00;40
5893;18;620651133;5893;454;7066;7105;5.12;0.31;312.82;5.05;1173;24;2437.00;39
5894;18;620651146;5894;456;7066;7106;5.09;0.31;312.84;5.05;1172;24;2438.00;40
5896;18;620651159;5896;455;7068;7107;5.07;0.31;313.00;5.05;1172;24;2439.00;39
5900;18;620651172;5900;457;7068;7107;5.00;0.30;313.09;5.05;1168;24;2440.00;39
5902;18;620651185;5902;461;7070;7108;5.00;0.30;313.17;5.08;1168;24;2441.00;38
5905;18;620651198;5905;457;7070;7108;5.03;0.31;313.12;5.08;1165;24;2442.00;38
5907;18;620651211;5907;455;7070;7108;5.08;0.31;313.12;5.08;1163;24;2443.00;38
5908;18;620651224;5908;464;7070;7108;5.12;0.31;313.14;5.08;1162;24;2444.00;38
5908;18;620651237;5908;463;7071;7108;5.20;0.32;313.14;5.08;1163;24;2445.00;37
5914;18;620651250;5914;470;7071;7108;5.18;0.32;313.42;5.08;1157;24;2446.00;37
5916;18;620651271;5916;472;7071;7108;5.20;0.32;313.44;5.08;1155;24;2447.00;37
5921;18;620651284;5921;490;7135;7235;5.38;0.33;313.60;5.04;1214;24;2448.00;100
5925;18;620651313;5925;490;7137;7236;5.40;0.33;313.70;5.04;1212;24;2449.00;99
5926;18;620651334;5926;480;7142;7236;5.47;0.34;313.74;5.04;1216;24;2450.00;94
5930;18;620651357;5930;480;7147;7236;5.45;0.34;313.85;5.04;1217;24;2451.00;89
5933;18;620651378;5933;480;7152;7236;5.48;0.34;314.11;5.06;1219;24;2452.00;84
5937;18;620651398;5937;480;7153;7236;5.47;0.34;314.20;5.06;1216;24;2453.00;83
5939;18;620651420;5939;483;7157;7236;5.51;0.34;314.23;5.06;1218;24;2454.00;79
5942;18;620651436;5942;488;7160;7236;5.48;0.34;314.36;5.06;1218;24;2455.00;76
5944;18;620651449;5944;486;7164;7237;5.46;0.34;314.49;5.07;1220;24;2456.00;73
5951;18;620651463;5951;493;7170;7238;5.41;0.33;314.51;5.10;1219;24;2457.00;68
5953;18;620651479;5953;493;7172;7238;5.40;0.33;314.62;5.10;1219;24;2458.00;66
5955;18;620651493;5955;492;7174;7239;5.39;0.33;314.68;5.10;1219;24;2459.00;65
5957;18;620651509;5957;494;7176;7239;5.36;0.33;314.66;5.10;1219;24;2460.00;63
5960;18;620651523;5960;495;7179;7239;5.30;0.33;314.70;5.10;1219;24;2461.00;60
5960;18;620651538;5960;498;7183;7239;5.25;0.32;314.70;5.12;1223;24;2462.00;56
5961;18;620651552;5961;507;7188;7243;5.20;0.32;314.73;5.12;1227;24;2463.00;55
5967;18;620651566;5967;515;7189;7243;5.17;0.32;314.80;5.12;1222;24;2464.00;54
5968;18;620651580;5968;512;7191;7243;5.15;0.32;314.79;5.14;1223;24;2465.00;52
5973;18;620651601;5973;511;7194;7246;5.12;0.31;314.77;5.14;1221;24;2466.00;52
5974;18;620651616;5974;514;7196;7246;5.14;0.31;314.77;5.14;1222;24;2467.00;50
5974;18;620651629;5974;520;7199;7246;5.13;0.31;314.77;5.16;1225;24;2468.00;47
5976;18;620651649;5976;527;7203;7250;5.12;0.31;314.74;5.16;1227;24;2469.00;47
5979;18;620651663;5979;522;7206;7251;5.08;0.31;314.71;5.16;1227;24;2470.00;45
5981;18;620651677;5981;521;7207;7251;5.05;0.31;314.69;5.16;1226;24;2471.00;44
5983;18;620651692;5983;522;7208;7255;5.08;0.31;314.67;5.16;1225;24;2472.00;47
5984;18;620651706;5984;511;7209;7255;5.08;0.31;314.64;5.16;1225;24;2473.00;46
5985;18;620651720;5985;511;7209;7255;5.07;0.31;314.65;5.16;1224;24;2474.00;46
5989;18;620651733;5989;510;7211;7257;5.06;0.31;314.68;5.16;1222;24;2475.00;46
5990;18;620651747;5990;506;7211;7257;5.10;0.31;314.68;5.16;1221;24;2476.00;46
5992;18;620651761;5992;514;7216;7263;5.15;0.31;314.73;5.15;1224;24;2477.00;47
5997;18;620651775;5997;515;7216;7263;5.14;0.31;314.79;5.15;1219;24;2478.00;47
6000;18;620651789;6000;510;7216;7264;5.11;0.31;314.79;5.15;1216;24;2479.00;48
6002;18;620651803;6002;503;7216;7264;5.06;0.31;314.70;5.15;1214;24;2480.00;48
6003;18;620651816;6003;508;7216;7264;5.00;0.31;314.72;5.15;1213;24;2481.00;48
6004;18;620651828;6004;509;7216;7264;4.97;0.30;314.83;5.15;1212;24;2482.00;48
6006;18;620651842;6006;498;7216;7264;4.98;0.30;314.80;5.15;1210;24;2483.00;48
6008;18;620651855;6008;497;7226;7276;4.94;0.30;314.77;5.15;1218;24;2484.00;50
6010;18;620651870;6010;500;7229;7276;4.91;0.30;314.74;5.17;1219;24;2485.00;47
6014;18;620651884;6014;503;7229;7276;4.90;0.30;314.68;5.17;1215;24;2486.00;47
6017;18;620651897;6017;496;7229;7276;4.90;0.30;314.69;5.17;1212;24;2487.00;47
6020;18;620651911;6020;503;7229;7276;4.89;0.30;314.59;5.17;1209;24;2488.00;47
6025;18;620651924;6025;497;7229;7276;4.86;0.30;314.53;5.17;1204;24;2489.00;47
6029;18;620651940;6029;508;7232;7280;4.82;0.29;314.46;5.17;1203;24;2490.00;48
6030;18;620651953;6030;506;7232;7280;4.85;0.30;314.44;5.17;1202;24;2491.00;48
6030;18;620651966;6030;506;7236;7284;4.89;0.30;314.44;5.17;1206;24;2492.00;48
6030;18;620651980;6030;513;7236;7285;4.91;0.30;314.44;5.17;1206;24;2493.00;49
6031;18;620651994;6031;516;7237;7285;4.92;0.30;314.40;5.17;1206;24;2494.00;48
6031;18;620652007;6031;518;7237;7285;4.92;0.30;314.40;5.17;1206;24;2495.00;48
6035;18;620652020;6035;523;7248;7298;4.93;0.30;314.45;5.19;1213;24;2496.00;50
6036;18;620652034;6036;528;7248;7298;4.98;0.30;314.41;5.19;1212;24;2497.00;50
6039;18;620652047;6039;525;7248;7298;5.01;0.31;314.34;5.19;1209;24;2498.00;50
6043;18;620652060;6043;512;7249;7299;5.05;0.31;314.27;5.19;1206;24;2499.00;50
6045;18;620652074;6045;496;7249;7300;5.07;0.31;314.32;5.19;1204;24;2500.00;51
6046;18;620652092;6046;485;7249;7300;5.05;0.31;314.27;5.19;1203;24;2501.00;51
6050;18;620652106;6050;480;7253;7303;5.07;0.31;314.30;5.21;1203;24;2502.00;50
6054;18;620652120;6054;485;7254;7303;5.06;0.31;314.27;5.21;1200;24;2503.00;49
6057;18;620652133;6057;483;7256;7303;5.09;0.31;314.31;5.22;1199;24;2504.00;47
6057;18;620652147;6057;481;7256;7303;5.17;0.31;314.31;5.22;1199;24;2505.00;47
6059;18;620652160;6059;482;7261;7309;5.26;0.32;314.30;5.22;1202;24;2506.00;48
6060;19;620652174;6060;475;7262;7309;5.33;0.32;314.33;5.23;1202;25;2507.00;47
6060;19;620652199;6060;479;7262;7309;5.37;0.33;314.33;5.23;1202;25;2508.00;47
6063;19;620652213;6063;483;7263;7309;5.39;0.33;314.29;5.23;1200;25;2509.00;46
6063;19;620652232;6063;483;7267;7313;5.39;0.33;314.29;5.23;1204;25;2510.00;46
6066;19;620652246;6066;479;7269;7314;5.39;0.33;314.29;5.25;1203;25;2511.00;45
6066;19;620652261;6066;489;7270;7314;5.37;0.33;314.29;5.26;1204;25;2512.00;44
6068;19;620652275;6068;492;7271;7315;5.36;0.32;314.30;5.25;1203;25;2513.00;44
6068;19;620652289;6068;490;7272;7315;5.37;0.33;314.30;5.28;1204;25;2514.00;43
6068;19;620652304;6068;484;7272;7315;5.37;0.33;314.30;5.28;1204;25;2515.00;43
6068;19;620652317;6068;487;7273;7315;5.38;0.33;314.30;5.30;1205;25;2516.00;42
6070;19;620652330;6070;495;7273;7315;5.37;0.33;314.26;5.30;1203;25;2517.00;42
6070;19;620652343;6070;500;7274;7315;5.37;0.33;314.26;5.32;1204;25;2518.00;41
6072;19;620652355;6072;499;7274;7315;5.33;0.32;314.21;5.32;1202;25;2519.00;41
6073;19;620652370;6073;505;7326;7440;5.59;0.34;314.20;5.28;1253;25;2520.00;114
6076;19;620652397;6076;498;7332;7441;5.53;0.34;314.12;5.28;1256;25;2521.00;109
6077;19;620652411;6077;486;7346;7441;5.57;0.34;314.08;5.29;1269;25;2522.00;95
6081;19;620652424;6081;481;7350;7441;5.53;0.34;314.15;5.29;1269;25;2523.00;91
6083;19;620652436;6083;482;7360;7441;5.48;0.34;314.22;5.35;1277;25;2524.00;81
6087;19;620652449;6087;475;7362;7441;5.41;0.33;314.45;5.37;1275;25;2525.00;79
6089;20;620652461;6089;472;7368;7441;5.38;0.33;314.44;5.37;1279;26;2526.00;73
6090;20;620652491;6090;479;7371;7441;5.35;0.33;314.42;5.37;1281;26;2527.00;70
6094;20;620652505;6094;485;7377;7442;5.28;0.32;314.41;5.39;1283;26;2528.00;65
6094;20;620652529;6094;482;7380;7443;5.26;0.32;314.41;5.39;1286;26;2529.00;63
6094;20;620652542;6094;480;7385;7443;5.27;0.32;314.41;5.43;1291;26;2530.00;58
6098;20;620652555;6098;487;7391;7447;5.22;0.32;314.53;5.42;1293;26;2531.00;56
6100;20;620652569;6100;473;7392;7447;5.20;0.32;314.50;5.42;1292;26;2532.00;55
6102;20;620652583;6102;474;7394;7447;5.20;0.32;314.46;5.46;1292;26;2533.00;53
6105;20;620652596;6105;477;7394;7447;5.23;0.32;314.54;5.46;1289;26;2534.00;53
6109;20;620652610;6109;475;7398;7453;5.24;0.32;314.53;5.46;1289;26;2535.00;55
6110;20;620652624;6110;477;7398;7453;5.27;0.32;314.56;5.46;1288;26;2536.00;55
6113;20;620652644;6113;477;7399;7455;5.29;0.32;314.63;5.46;1286;26;2537.00;56
6117;20;620652658;6117;480;7405;7458;5.27;0.32;314.81;5.50;1288;26;2538.00;53
6117;20;620652672;6117;484;7406;7458;5.25;0.32;314.81;5.50;1289;26;2539.00;52
6120;20;620652685;6120;489;7409;7458;5.23;0.32;314.88;5.55;1289;26;2540.00;49
6121;20;620652698;6121;489;7409;7459;5.22;0.32;314.85;5.55;1288;26;2541.00;50
6125;20;620652711;6125;493;7411;7460;5.17;0.32;314.89;5.56;1286;26;2542.00;49
6129;20;620652725;6129;488;7412;7460;5.14;0.31;314.88;5.56;1283;26;2543.00;48
6133;20;620652738;6133;492;7422;7473;5.08;0.31;314.83;5.56;1289;26;2544.00;51
6134;20;620652752;6134;488;7424;7473;5.11;0.31;314.89;5.57;1290;26;2545.00;49
6137;20;620652765;6137;491;7425;7473;5.11;0.31;315.00;5.57;1288;26;2546.00;48
6141;20;620652777;6141;495;7427;7474;5.09;0.31;315.12;5.58;1286;26;2547.00;47
6143;20;620652791;6143;498;7428;7474;5.03;0.31;315.17;5.59;1285;26;2548.00;46
6147;20;620652804;6147;505;7432;7478;5.01;0.31;315.37;5.59;1285;26;2549.00;46
6152;20;620652819;6152;485;7434;7481;5.00;0.31;315.35;5.58;1282;26;2550.00;47
6155;20;620652833;6155;478;7438;7485;4.98;0.31;315.41;5.58;1283;26;2551.00;47
6162;20;620652846;6162;470;7438;7485;5.00;0.31;315.50;5.58;1276;26;2552.00;47
6165;20;620652860;6165;457;7438;7485;5.07;0.31;315.63;5.58;1273;26;2553.00;47
6168;20;620652874;6168;450;7438;7485;5.13;0.31;315.68;5.58;1270;26;2554.00;47
6174;20;620652888;6174;458;7438;7485;5.17;0.32;315.74;5.58;1264;26;2555.00;47
6175;20;620652903;6175;461;7448;7497;5.26;0.32;315.86;5.57;1273;26;2556.00;49
6177;20;620652919;6177;453;7448;7497;5.33;0.33;315.85;5.57;1271;26;2557.00;49
6181;20;620652933;6181;451;7449;7497;5.37;0.33;315.96;5.57;1268;26;2558.00;48
6185;20;620652948;6185;443;7449;7497;5.38;0.33;316.05;5.57;1264;26;2559.00;48
6188;20;620652964;6188;437;7449;7497;5.43;0.33;316.07;5.57;1261;26;2560.00;48
6191;20;620652978;6191;424;7449;7497;5.46;0.34;316.22;5.57;1258;26;2561.00;48
6194;20;620652992;6194;424;7449;7498;5.47;0.34;316.15;5.57;1255;26;2562.00;49
6197;20;620653006;6197;429;7449;7498;5.50;0.34;316.29;5.57;1252;26;2563.00;49
6202;20;620653020;6202;424;7454;7504;5.55;0.34;316.57;5.57;1252;26;2564.00;50
6208;20;620653034;6208;426;7456;7506;5.55;0.34;316.64;5.57;1248;26;2565.00;50
6213;20;620653049;6213;434;7456;7506;5.63;0.35;316.65;5.57;1243;26;2566.00;50
6218;20;620653063;6218;426;7456;7506;5.68;0.35;316.78;5.57;1238;26;2567.00;50
6222;20;620653077;6222;414;7458;7510;5.76;0.35;316.82;5.57;1236;26;2568.00;52
6228;20;620653092;6228;421;7459;7510;5.79;0.35;316.91;5.57;1231;26;2569.00;51
6233;20;620653105;6233;409;7459;7510;5.78;0.35;317.00;5.57;1226;26;2570.00;51
6237;20;620653120;6237;404;7460;7511;5.79;0.35;316.97;5.57;1223;26;2571.00;51
6241;20;620653133;6241;400;7463;7515;5.80;0.35;317.06;5.57;1222;26;2572.00;52
6246;20;620653148;6246;399;7463;7515;5.77;0.35;316.93;5.57;1217;26;2573.00;52
6249;20;620653161;6249;395;7466;7518;5.77;0.35;317.12;5.56;1217;26;2574.00;52
6252;21;620653176;6252;393;7466;7518;5.79;0.35;317.11;5.56;1214;27;2575.00;52
6255;21;620653200;6255;398;7466;7518;5.81;0.35;317.11;5.56;1211;27;2576.00;52
6261;21;620653214;6261;396;7466;7518;5.76;0.35;317.11;5.56;1205;27;2577.00;52
6262;21;620653229;6262;391;7471;7522;5.80;0.35;317.12;5.59;1209;27;2578.00;51
6267;21;620653243;6267;390;7471;7522;5.84;0.36;317.35;5.59;1204;27;2579.00;51
6274;21;620653259;6274;398;7471;7522;5.79;0.35;317.39;5.59;1197;27;2580.00;51
6276;21;620653274;6276;399;7471;7522;5.83;0.36;317.37;5.59;1195;27;2581.00;51
6283;21;620653288;6283;411;7471;7523;5.74;0.35;317.52;5.59;1188;27;2582.00;52
6287;21;620653303;6287;402;7472;7524;5.71;0.35;317.59;5.59;1185;27;2583.00;52
6292;21;620653335;6292;404;7472;7524;5.70;0.35;317.76;5.59;1180;27;2584.00;52
6296;21;620653358;6296;402;7473;7525;5.67;0.35;317.82;5.59;1177;27;2585.00;52
6297;21;620653378;6297;406;7473;7525;5.67;0.35;317.86;5.59;1176;27;2586.00;52
6304;21;620653399;6304;409;7473;7525;5.65;0.34;317.87;5.59;1169;27;2587.00;52
6307;21;620653418;6307;414;7473;7525;5.62;0.34;317.92;5.59;1166;27;2588.00;52
6310;21;620653433;6310;420;7473;7525;5.61;0.34;318.02;5.59;1163;27;2589.00;52
6316;21;620653447;6316;429;7473;7525;5.51;0.34;318.22;5.59;1157;27;2590.00;52
6320;21;620653461;6320;432;7473;7525;5.43;0.33;318.30;5.59;1153;27;2591.00;52
6324;21;620653477;6324;455;7544;7652;5.51;0.34;318.35;5.53;1220;27;2592.00;108
6328;21;620653500;6328;454;7547;7653;5.44;0.34;318.36;5.56;1219;27;2593.00;106
6330;21;620653515;6330;460;7552;7653;5.48;0.34;318.28;5.55;1222;27;2594.00;101
6334;21;620653529;6334;464;7554;7653;5.45;0.34;318.46;5.55;1220;27;2595.00;99
6336;21;620653543;6336;469;7558;7653;5.47;0.34;318.48;5.55;1222;27;2596.00;95
6340;21;620653556;6340;459;7560;7653;5.49;0.34;318.59;5.55;1220;27;2597.00;93
6343;21;620653569;6343;460;7563;7653;5.50;0.34;318.82;5.55;1220;27;2598.00;90
6344;21;620653583;6344;464;7567;7653;5.54;0.34;318.94;5.55;1223;27;2599.00;86
6348;21;620653598;6348;469;7571;7654;5.53;0.34;319.12;5.56;1223;27;2600.00;83
6350;21;620653617;6350;472;7575;7655;5.53;0.34;319.20;5.56;1225;27;2601.00;80
6351;21;620653632;6351;474;7577;7655;5.56;0.34;319.17;5.56;1226;27;2602.00;78
6357;21;620653645;6357;475;7578;7656;5.52;0.34;319.17;5.56;1221;27;2603.00;78
6360;21;620653661;6360;480;7583;7656;5.49;0.34;319.25;5.59;1223;27;2604.00;73
6363;21;620653675;6363;484;7585;7656;5.46;0.34;319.47;5.59;1222;27;2605.00;71
6366;21;620653688;6366;471;7588;7656;5.43;0.33;319.48;5.59;1222;27;2606.00;68
6370;21;620653703;6370;478;7593;7660;5.39;0.33;319.74;5.59;1223;27;2607.00;67
6372;21;620653719;6372;487;7593;7660;5.37;0.33;319.77;5.59;1221;27;2608.00;67
6372;21;620653734;6372;489;7594;7660;5.35;0.33;319.77;5.59;1222;27;2609.00;66
6375;21;620653751;6375;494;7598;7666;5.33;0.33;319.92;5.59;1223;27;2610.00;68
6376;21;620653767;6376;495;7599;7666;5.29;0.32;319.92;5.59;1223;27;2611.00;67
6378;21;620653780;6378;498;7602;7666;5.25;0.32;319.97;5.60;1224;27;2612.00;64
6381;21;620653794;6381;503;7605;7670;5.26;0.32;320.12;5.59;1224;27;2613.00;65
6382;21;620653810;6382;510;7608;7671;5.32;0.33;320.19;5.60;1226;27;2614.00;63
6386;21;620653824;6386;518;7609;7671;5.33;0.33;320.31;5.60;1223;27;2615.00;62
6389;21;620653840;6389;525;7612;7675;5.33;0.33;320.33;5.59;1223;27;2616.00;63
6393;21;620653855;6393;526;7612;7675;5.35;0.33;320.41;5.59;1219;27;2617.00;63
6394;21;620653871;6394;526;7612;7675;5.35;0.33;320.41;5.59;1218;27;2618.00;63
6397;21;620653885;6397;527;7613;7676;5.32;0.33;320.60;5.59;1216;27;2619.00;63
6400;21;620653899;6400;526;7613;7676;5.29;0.32;320.58;5.59;1213;27;2620.00;63
6402;21;620653915;6402;530;7618;7682;5.29;0.32;320.56;5.59;1216;27;2621.00;64
6406;21;620653929;6406;532;7619;7682;5.26;0.32;320.57;5.61;1213;27;2622.00;63
6408;21;620653944;6408;525;7619;7683;5.22;0.32;320.58;5.61;1211;27;2623.00;64
6408;21;620653957;6408;525;7619;7683;5.20;0.32;320.58;5.61;1211;27;2624.00;64
6413;21;620653971;6413;513;7619;7683;5.09;0.31;320.61;5.61;1206;27;2625.00;64
6415;21;620653985;6415;514;7619;7683;5.01;0.31;320.54;5.61;1204;27;2626.00;64
6418;21;620653998;6418;518;7619;7683;4.94;0.30;320.52;5.61;1201;27;2627.00;64
6422;21;620654011;6422;516;7629;7695;4.89;0.30;320.52;5.60;1207;27;2628.00;66
6422;21;620654026;6422;517;7629;7695;4.86;0.30;320.52;5.60;1207;27;2629.00;66
6425;21;620654038;6425;522;7630;7695;4.82;0.30;320.53;5.60;1205;27;2630.00;65
6428;21;620654052;6428;520;7630;7695;4.79;0.29;320.66;5.60;1202;27;2631.00;65
6432;21;620654065;6432;526;7630;7695;4.77;0.29;320.63;5.60;1198;27;2632.00;65
6434;21;620654077;6434;534;7630;7695;4.77;0.29;320.66;5.60;1196;27;2633.00;65
6436;21;620654090;6436;533;7633;7699;4.75;0.29;320.79;5.60;1197;27;2634.00;66
6438;21;620654104;6438;540;7633;7699;4.73;0.29;320.77;5.60;1195;27;2635.00;66
6439;21;620654117;6439;536;7637;7703;4.75;0.29;320.78;5.60;1198;27;2636.00;66
6442;21;620654130;6442;535;7638;7704;4.74;0.29;320.93;5.60;1196;27;2637.00;66
6442;21;620654145;6442;539;7638;7704;4.71;0.29;320.93;5.60;1196;27;2638.00;66
6448;21;620654158;6448;544;7638;7704;4.66;0.28;320.84;5.60;1190;27;2639.00;66
6449;21;620654174;6449;554;7660;7733;4.68;0.28;320.84;5.58;1211;27;2640.00;73
6450;21;620654190;6450;537;7660;7733;4.67;0.28;320.79;5.58;1210;27;2641.00;73
6451;21;620654202;6451;534;7662;7733;4.73;0.29;320.79;5.58;1211;27;2642.00;71
6454;21;620654215;6454;531;7663;7734;4.80;0.29;320.86;5.58;1209;27;2643.00;71
6456;21;620654229;6456;538;7664;7735;4.90;0.30;320.83;5.58;1208;27;2644.00;71
6457;21;620654242;6457;532;7664;7735;4.92;0.30;320.84;5.58;1207;27;2645.00;71
6460;21;620654255;6460;526;7666;7738;4.94;0.30;320.78;5.58;1206;27;2646.00;72
6462;21;620654269;6462;525;7667;7738;4.91;0.30;320.76;5.61;1205;27;2647.00;71
6465;21;620654283;6465;522;7668;7738;4.91;0.30;320.73;5.60;1203;27;2648.00;70
6466;21;620654299;6466;519;7668;7738;4.88;0.30;320.74;5.60;1202;27;2649.00;70
6466;21;620654315;6466;520;7673;7744;4.91;0.30;320.74;5.60;1207;27;2650.00;71
6470;21;620654328;6470;501;7673;7744;4.91;0.30;320.73;5.60;1203;27;2651.00;71
6472;21;620654341;6472;485;7673;7744;4.89;0.30;320.76;5.60;1201;27;2652.00;71
6474;21;620654354;6474;472;7673;7744;4.90;0.30;320.83;5.60;1199;27;2653.00;71
6476;21;620654373;6476;469;7676;7748;4.89;0.30;320.84;5.60;1200;27;2654.00;72
6478;21;620654386;6478;466;7679;7750;4.92;0.30;320.83;5.62;1201;27;2655.00;71
6480;21;620654400;6480;456;7679;7750;4.98;0.30;320.83;5.62;1199;27;2656.00;71
6482;21;620654412;6482;460;7680;7751;5.04;0.31;320.84;5.62;1198;27;2657.00;71
6484;21;620654425;6484;445;7680;7751;5.10;0.31;320.87;5.62;1196;27;2658.00;71
6487;22;620654437;6487;438;7680;7751;5.15;0.31;320.78;5.62;1193;28;2659.00;71
6489;22;620654466;6489;440;7680;7751;5.22;0.32;320.82;5.62;1191;28;2660.00;71
6490;22;620654479;6490;441;7680;7751;5.31;0.32;320.92;5.62;1190;28;2661.00;71
6491;22;620654497;6491;440;7680;7751;5.37;0.32;320.88;5.62;1189;28;2662.00;71
6491;22;620654515;6491;437;7680;7751;5.43;0.33;320.88;5.62;1189;28;2663.00;71
6492;22;620654528;6492;436;7715;7821;5.67;0.35;320.84;5.62;1223;28;2664.00;106
6494;22;620654546;6494;434;7717;7822;5.66;0.35;320.75;5.62;1223;28;2665.00;105
6498;22;620654560;6498;434;7724;7822;5.64;0.34;320.71;5.61;1226;28;2666.00;98
6498;22;620654573;6498;429;7728;7822;5.62;0.34;320.71;5.61;1230;28;2667.00;94
6501;22;620654586;6501;422;7733;7822;5.61;0.34;320.65;5.61;1232;28;2668.00;89
6501;22;620654600;6501;416;7734;7822;5.59;0.34;320.65;5.61;1233;28;2669.00;88
6501;22;620654614;6501;420;7737;7822;5.58;0.34;320.65;5.61;1236;28;2670.00;85
6503;22;620654627;6503;418;7740;7822;5.59;0.34;320.60;5.61;1237;28;2671.00;82
6504;22;620654640;6504;415;7743;7823;5.60;0.34;320.58;5.61;1239;28;2672.00;80
6509;22;620654652;6509;417;7747;7824;5.56;0.34;320.71;5.61;1238;28;2673.00;77
6512;22;620654665;6512;413;7749;7824;5.56;0.34;320.68;5.61;1237;28;2674.00;75
6513;22;620654679;6513;404;7752;7828;5.54;0.34;320.67;5.61;1239;28;2675.00;76
6515;22;620654692;6515;407;7753;7828;5.51;0.33;320.66;5.64;1238;28;2676.00;75
6519;22;620654705;6519;410;7754;7828;5.46;0.33;320.70;5.67;1235;28;2677.00;74
6520;22;620654718;6520;410;7754;7828;5.47;0.33;320.66;5.67;1234;28;2678.00;74
6524;22;620654731;6524;411;7759;7834;5.53;0.34;320.67;5.67;1235;28;2679.00;75
6526;22;620654746;6526;413;7760;7834;5.53;0.34;320.68;5.69;1234;28;2680.00;74
6527;22;620654759;6527;424;7760;7834;5.53;0.34;320.68;5.69;1233;28;2681.00;74
6530;22;620654772;6530;433;7764;7837;5.54;0.34;320.87;5.75;1234;28;2682.00;73
6532;22;620654791;6532;431;7765;7837;5.57;0.34;321.02;5.78;1233;28;2683.00;72
6534;22;620654805;6534;428;7766;7837;5.61;0.34;321.21;5.78;1232;28;2684.00;71
6534;22;620654820;6534;443;7768;7838;5.62;0.34;321.21;5.83;1234;28;2685.00;70
6538;22;620654834;6538;440;7769;7839;5.62;0.34;321.33;5.83;1231;28;2686.00;70
6538;22;620654847;6538;444;7769;7839;5.61;0.34;321.33;5.83;1231;28;2687.00;70
6539;22;620654860;6539;451;7781;7852;5.64;0.34;321.29;5.84;1242;28;2688.00;71
6542;22;620654874;6542;442;7782;7852;5.58;0.34;321.40;5.87;1240;28;2689.00;70
6542;22;620654888;6542;446;7783;7852;5.56;0.34;321.40;5.89;1241;28;2690.00;69
6542;22;620654901;6542;449;7785;7853;5.53;0.34;321.40;5.92;1243;28;2691.00;68
6542;22;620654914;6542;452;7786;7853;5.54;0.34;321.40;5.94;1244;28;2692.00;67
6546;22;620654928;6546;454;7790;7857;5.56;0.34;321.46;5.94;1244;28;2693.00;67
6549;22;620654941;6549;456;7792;7857;5.54;0.34;321.60;5.99;1243;28;2694.00;65
6552;22;620654954;6552;461;7795;7861;5.55;0.34;321.57;5.98;1243;28;2695.00;66
6555;22;620654968;6555;461;7796;7861;5.52;0.34;321.71;6.01;1241;28;2696.00;65
6558;22;620654982;6558;463;7797;7861;5.48;0.33;321.76;6.03;1239;28;2697.00;64
6560;22;620654995;6560;464;7797;7861;5.43;0.33;321.83;6.03;1237;28;2698.00;64
6565;22;620655008;6565;460;7797;7861;5.40;0.33;321.96;6.03;1232;28;2699.00;64
6567;22;620655023;6567;453;7824;7910;5.56;0.34;321.94;6.05;1257;28;2700.00;86
6571;22;620655056;6571;455;7825;7910;5.52;0.34;322.12;6.05;1254;28;2701.00;85
6573;22;620655070;6573;452;7829;7910;5.50;0.34;322.18;6.05;1256;28;2702.00;81
6576;22;620655083;6576;447;7829;7910;5.50;0.34;322.25;6.05;1253;28;2703.00;81
6578;22;620655096;6578;452;7831;7910;5.52;0.34;322.31;6.05;1253;28;2704.00;79
6580;22;620655109;6580;446;7832;7910;5.56;0.34;322.46;6.07;1252;28;2705.00;78
6582;22;620655123;6582;445;7833;7911;5.56;0.34;322.42;6.07;1251;28;2706.00;78
6585;22;620655136;6585;446;7833;7911;5.56;0.34;322.54;6.07;1248;28;2707.00;78
6588;22;620655150;6588;453;7839;7917;5.63;0.34;322.50;6.07;1251;28;2708.00;78
6589;22;620655163;6589;452;7840;7918;5.64;0.34;322.47;6.07;1251;28;2709.00;78
6592;22;620655176;6592;449;7840;7918;5.57;0.34;322.57;6.07;1248;28;2710.00;78
6592;22;620655190;6592;459;7841;7918;5.59;0.34;322.57;6.07;1249;28;2711.00;77
6596;22;620655202;6596;459;7844;7922;5.54;0.34;322.62;6.07;1248;28;2712.00;78
6601;22;620655215;6601;462;7844;7922;5.51;0.34;322.65;6.07;1243;28;2713.00;78
6604;22;620655228;6604;469;7845;7922;5.50;0.34;322.74;6.07;1241;28;2714.00;77
6607;22;620655241;6607;474;7846;7923;5.54;0.34;322.80;6.07;1239;28;2715.00;77
6610;22;620655255;6610;475;7850;7927;5.52;0.34;322.82;6.07;1240;28;2716.00;77
6615;22;620655269;6615;474;7850;7927;5.51;0.34;322.83;6.07;1235;28;2717.00;77
6620;22;620655282;6620;477;7852;7930;5.45;0.33;322.88;6.07;1232;28;2718.00;78
6624;22;620655296;6624;483;7852;7930;5.37;0.33;322.91;6.07;1228;28;2719.00;78
6625;22;620655315;6625;471;7854;7930;5.38;0.33;322.89;6.07;1229;28;2720.00;76
6627;22;620655335;6627;461;7854;7930;5.37;0.33;322.91;6.07;1227;28;2721.00;76
6630;22;620655356;6630;461;7858;7934;5.41;0.33;322.90;6.07;1228;28;2722.00;76
6633;22;620655378;6633;456;7858;7934;5.41;0.33;322.93;6.07;1225;28;2723.00;76
6636;22;620655397;6636;446;7858;7934;5.41;0.33;323.01;6.07;1222;28;2724.00;76
6640;22;620655417;6640;446;7858;7934;5.41;0.33;323.16;6.07;1218;28;2725.00;76
6646;22;620655431;6646;438;7859;7935;5.38;0.33;323.28;6.07;1213;28;2726.00;76
6648;22;620655446;6648;426;7861;7936;5.40;0.33;323.30;6.07;1213;28;2727.00;75
6652;22;620655461;6652;424;7861;7936;5.41;0.33;323.34;6.07;1209;28;2728.00;75
6654;22;620655477;6654;417;7862;7937;5.44;0.33;323.35;6.07;1208;28;2729.00;75
6658;22;620655493;6658;413;7864;7937;5.43;0.33;323.46;6.07;1206;28;2730.00;73
6663;22;620655508;6663;405;7864;7937;5.42;0.33;323.58;6.07;1201;28;2731.00;73
6665;22;620655523;6665;401;7865;7937;5.43;0.33;323.59;6.08;1200;28;2732.00;72
6670;22;620655537;6670;397;7865;7937;5.45;0.33;323.63;6.08;1195;28;2733.00;72
6674;22;620655552;6674;393;7865;7937;5.50;0.34;323.65;6.08;1191;28;2734.00;72
6681;22;620655566;6681;395;7865;7937;5.52;0.34;323.65;6.08;1184;28;2735.00;72
6686;22;620655580;6686;395;7930;8064;5.79;0.36;323.82;6.03;1244;28;2736.00;134
6690;22;620655606;6690;390;7935;8065;5.79;0.36;323.88;6.03;1245;28;2737.00;130
6695;22;620655621;6695;396;7943;8065;5.82;0.36;323.99;6.03;1248;28;2738.00;122
6700;22;620655636;6700;404;7945;8065;5.86;0.36;324.13;6.03;1245;28;2739.00;120
6703;22;620655651;6703;408;7950;8065;5.87;0.36;324.37;6.02;1247;28;2740.00;115
6708;22;620655665;6708;419;7952;8065;5.83;0.36;324.52;6.02;1244;28;2741.00;113
6712;22;620655680;6712;427;7954;8065;5.79;0.36;324.60;6.02;1242;28;2742.00;111
6719;22;620655695;6719;433;7955;8065;5.69;0.35;324.48;6.02;1236;28;2743.00;110
6725;22;620655716;6725;440;7959;8066;5.65;0.35;324.61;6.02;1234;28;2744.00;107
6729;22;620655731;6729;442;7962;8068;5.66;0.35;324.74;6.02;1233;28;2745.00;106
6737;22;620655746;6737;457;7965;8068;5.62;0.35;324.88;6.03;1228;28;2746.00;103
6742;22;620655761;6742;459;7966;8069;5.53;0.34;325.12;6.03;1224;28;2747.00;103
6745;22;620655776;6745;461;7969;8069;5.46;0.34;325.19;6.03;1224;28;2748.00;100
6751;22;620655790;6751;462;7973;8069;5.39;0.33;325.36;6.03;1222;28;2749.00;96
6755;22;620655804;6755;469;7975;8069;5.33;0.33;325.48;6.03;1220;28;2750.00;94
6761;22;620655818;6761;472;7978;8073;5.26;0.32;325.57;6.03;1217;28;2751.00;95
6762;22;620655832;6762;478;7982;8073;5.26;0.32;325.56;6.04;1220;28;2752.00;91
6770;22;620655853;6770;488;7983;8073;5.22;0.32;325.61;6.04;1213;28;2753.00;90
6773;22;620655867;6773;489;7986;8076;5.21;0.32;325.64;6.04;1213;28;2754.00;90
6776;22;620655881;6776;495;7986;8076;5.24;0.32;325.63;6.04;1210;28;2755.00;90
6780;22;620655895;6780;504;7987;8076;5.20;0.32;325.71;6.04;1207;28;2756.00;89
6786;22;620655909;6786;512;7991;8080;5.19;0.32;325.74;6.04;1205;28;2757.00;89
6786;22;620655924;6786;514;7993;8081;5.21;0.32;325.74;6.04;1207;28;2758.00;88
6788;22;620655937;6788;514;7993;8081;5.17;0.32;325.79;6.04;1205;28;2759.00;88
6789;22;620655952;6789;516;7998;8086;5.16;0.32;325.81;6.04;1209;28;2760.00;88
6792;22;620655966;6792;521;7999;8086;5.14;0.31;325.86;6.04;1207;28;2761.00;87
6796;22;620655980;6796;531;8001;8086;5.11;0.31;325.94;6.04;1205;28;2762.00;85
6800;22;620655995;6800;541;8001;8087;5.04;0.31;325.97;6.04;1201;28;2763.00;86
6803;22;620656008;6803;542;8002;8087;5.02;0.31;325.95;6.05;1199;28;2764.00;85
6805;22;620656022;6805;544;8006;8093;5.02;0.31;325.93;6.04;1201;28;2765.00;87
6812;22;620656038;6812;553;8008;8093;4.88;0.30;325.98;6.04;1196;28;2766.00;85
6813;22;620656052;6813;548;8008;8094;4.84;0.30;326.04;6.04;1195;28;2767.00;86
6813;22;620656067;6813;539;8008;8094;4.82;0.30;326.04;6.04;1195;28;2768.00;86
6817;22;620656080;6817;547;8008;8094;4.75;0.29;326.12;6.04;1191;28;2769.00;86
6820;22;620656095;6820;544;8008;8094;4.73;0.29;326.31;6.04;1188;28;2770.00;86
6821;22;620656108;6821;543;8008;8094;4.72;0.29;326.33;6.04;1187;28;2771.00;86
6824;22;620656122;6824;545;8018;8106;4.80;0.29;326.38;6.03;1194;28;2772.00;88
6825;22;620656137;6825;550;8019;8106;4.81;0.29;326.47;6.03;1194;28;2773.00;87
6829;22;620656151;6829;552;8019;8106;4.77;0.29;326.48;6.03;1190;28;2774.00;87
6832;22;620656164;6832;552;8019;8106;4.77;0.29;326.56;6.03;1187;28;2775.00;87
6833;22;620656178;6833;540;8019;8106;4.77;0.29;326.57;6.03;1186;28;2776.00;87
6834;22;620656193;6834;536;8019;8106;4.82;0.29;326.59;6.03;1185;28;2777.00;87
6835;22;620656207;6835;528;8022;8110;4.84;0.30;326.63;6.03;1187;28;2778.00;88
6835;22;620656221;6835;519;8022;8110;4.87;0.30;326.63;6.03;1187;28;2779.00;88
6838;22;620656235;6838;517;8026;8114;4.91;0.30;326.69;6.03;1188;28;2780.00;88
6842;22;620656251;6842;510;8027;8115;4.93;0.30;326.73;6.03;1185;28;2781.00;88
6843;22;620656266;6843;504;8027;8115;4.93;0.30;326.70;6.03;1184;28;2782.00;88
6845;22;620656280;6845;504;8027;8115;4.95;0.30;326.72;6.03;1182;28;2783.00;88
6848;22;620656295;6848;514;8038;8128;5.04;0.31;326.75;6.02;1190;28;2784.00;90
6851;22;620656314;6851;512;8038;8128;5.06;0.31;326.81;6.02;1187;28;2785.00;90
6854;22;620656333;6854;513;8038;8128;5.08;0.31;326.96;6.02;1184;28;2786.00;90
6858;22;620656348;6858;513;8039;8129;5.10;0.31;326.92;6.02;1181;28;2787.00;90
6861;22;620656364;6861;513;8039;8130;5.10;0.31;327.01;6.02;1178;28;2788.00;91
6864;22;620656377;6864;509;8040;8130;5.09;0.31;327.03;6.05;1176;28;2789.00;90
6866;22;620656393;6866;513;8044;8136;5.13;0.31;326.96;6.05;1178;28;2790.00;92
6867;22;620656407;6867;511;8044;8136;5.14;0.31;326.99;6.05;1177;28;2791.00;92
6867;22;620656420;6867;516;8046;8136;5.18;0.31;326.99;6.05;1179;28;2792.00;90
6867;22;620656433;6867;523;8046;8136;5.22;0.32;326.99;6.05;1179;28;2793.00;90
6869;22;620656446;6869;519;8051;8142;5.23;0.32;326.94;6.05;1182;28;2794.00;91
6871;22;620656460;6871;523;8051;8142;5.23;0.32;326.96;6.05;1180;28;2795.00;91
6874;22;620656473;6874;525;8051;8142;5.21;0.32;326.92;6.05;1177;28;2796.00;91
6876;22;620656486;6876;527;8051;8142;5.20;0.31;326.88;6.05;1175;28;2797.00;91
6879;22;620656499;6879;534;8054;8146;5.16;0.31;326.85;6.04;1175;28;2798.00;92
6881;22;620656511;6881;538;8055;8147;5.13;0.31;326.86;6.04;1174;28;2799.00;92
6881;22;620656526;6881;535;8056;8147;5.13;0.31;326.86;6.08;1175;28;2800.00;91
6881;22;620656542;6881;539;8057;8148;5.11;0.31;326.86;6.08;1176;28;2801.00;91
6883;22;620656561;6883;544;8057;8148;5.04;0.31;326.79;6.08;1174;28;2802.00;91
6884;22;620656573;6884;537;8057;8148;5.04;0.31;326.76;6.08;1173;28;2803.00;91
6886;22;620656586;6886;530;8057;8148;5.03;0.31;326.72;6.08;1171;28;2804.00;91
6886;22;620656600;6886;522;8057;8148;5.04;0.31;326.72;6.08;1171;28;2805.00;91
6888;22;620656613;6888;516;8057;8148;5.04;0.31;326.70;6.08;1169;28;2806.00;91
6890;22;620656625;6890;508;8057;8148;5.02;0.30;326.67;6.08;1167;28;2807.00;91
6890;24;620656638;6890;518;8097;8218;5.07;0.31;326.67;6.05;1207;30;2808.00;121
6891;24;620656678;6891;501;8097;8219;5.07;0.31;326.68;6.05;1206;30;2809.00;122
6891;24;620656692;6891;493;8104;8219;5.14;0.31;326.68;6.04;1213;30;2810.00;115
6892;24;620656704;6892;479;8106;8219;5.15;0.31;326.67;6.04;1214;30;2811.00;113
6894;24;620656723;6894;461;8111;8219;5.24;0.32;326.69;6.04;1217;30;2812.00;108
6895;24;620656736;6895;450;8113;8219;5.30;0.32;326.67;6.04;1218;30;2813.00;106
6895;24;620656750;6895;446;8116;8219;5.45;0.33;326.67;6.04;1221;30;2814.00;103
6895;24;620656763;6895;446;8119;8219;5.58;0.34;326.67;6.04;1224;30;2815.00;100
6895;24;620656775;6895;442;8122;8220;5.68;0.34;326.67;6.04;1227;30;2816.00;98
6896;24;620656789;6896;441;8122;8221;5.74;0.35;326.69;6.04;1226;30;2817.00;99
6897;24;620656803;6897;439;8123;8221;5.78;0.35;326.69;6.04;1226;30;2818.00;98
6898;24;620656816;6898;441;8127;8225;5.86;0.36;326.71;6.04;1229;30;2819.00;98
6900;24;620656831;6900;434;8128;8225;5.93;0.36;326.73;6.04;1228;30;2820.00;97
6901;24;620656845;6901;426;8128;8225;5.94;0.36;326.76;6.04;1227;30;2821.00;97
6903;24;620656857;6903;419;8128;8225;5.88;0.36;326.75;6.04;1225;30;2822.00;97
6904;24;620656871;6904;417;8134;8231;5.87;0.36;326.76;6.07;1230;30;2823.00;97
6908;24;620656885;6908;416;8135;8231;5.81;0.35;326.82;6.11;1227;30;2824.00;96
6909;24;620656900;6909;420;8136;8231;5.81;0.35;326.83;6.15;1227;30;2825.00;95
6911;24;620656913;6911;420;8138;8234;5.86;0.36;326.89;6.14;1227;30;2826.00;96
6913;24;620656927;6913;420;8139;8234;5.86;0.36;327.01;6.14;1226;30;2827.00;95
6915;24;620656941;6915;414;8139;8234;5.86;0.36;326.98;6.14;1224;30;2828.00;95
6918;24;620656954;6918;410;8139;8235;5.87;0.36;327.02;6.14;1221;30;2829.00;96
6920;24;620656969;6920;412;8140;8236;5.89;0.36;327.00;6.14;1220;30;2830.00;96
6925;24;620656982;6925;404;8140;8236;5.85;0.36;327.03;6.14;1215;30;2831.00;96
6928;24;620656996;6928;405;8150;8249;5.91;0.36;326.96;6.17;1222;30;2832.00;99
6929;24;620657014;6929;404;8152;8249;5.94;0.36;326.91;6.17;1223;30;2833.00;97
6930;24;620657028;6930;397;8152;8249;5.96;0.36;326.91;6.17;1222;30;2834.00;97
6931;24;620657051;6931;400;8154;8251;6.00;0.36;326.87;6.17;1223;30;2835.00;97
6933;24;620657084;6933;403;8154;8251;6.02;0.37;326.87;6.17;1221;30;2836.00;97
6936;25;620657114;6936;396;8158;8255;6.08;0.37;326.98;6.17;1222;31;2837.00;97
6942;25;620657155;6942;399;8158;8255;6.11;0.37;327.04;6.17;1216;31;2838.00;97
6945;25;620657172;6945;395;8161;8259;6.13;0.37;327.04;6.17;1216;31;2839.00;98
6950;25;620657196;6950;394;8161;8259;6.15;0.37;327.14;6.17;1211;31;2840.00;98
6953;25;620657216;6953;396;8161;8259;6.18;0.37;327.20;6.17;1208;31;2841.00;98
6955;25;620657236;6955;400;8162;8259;6.19;0.38;327.25;6.20;1207;31;2842.00;97
6956;25;620657259;6956;405;8162;8259;6.20;0.38;327.24;6.20;1206;31;2843.00;97
6958;25;620657278;6958;407;8172;8271;6.25;0.38;327.29;6.20;1214;31;2844.00;99
6962;25;620657294;6962;410;8173;8271;6.26;0.38;327.41;6.20;1211;31;2845.00;98
6962;25;620657313;6962;405;8174;8271;6.28;0.38;327.41;6.23;1212;31;2846.00;97
6964;25;620657337;6964;405;8174;8271;6.28;0.38;327.53;6.23;1210;31;2847.00;97
6967;25;620657368;6967;406;8174;8271;6.27;0.38;327.56;6.23;1207;31;2848.00;97
6969;25;620657389;6969;406;8174;8271;6.30;0.38;327.57;6.23;1205;31;2849.00;97
6971;25;620657413;6971;413;8177;8274;6.25;0.38;327.59;6.27;1206;31;2850.00;97
6973;25;620657433;6973;416;8178;8274;6.20;0.38;327.57;6.30;1205;31;2851.00;96
6975;25;620657470;6975;415;8184;8280;6.21;0.38;327.56;6.33;1209;31;2852.00;96
6977;25;620657504;6977;420;8186;8281;6.16;0.37;327.60;6.35;1209;31;2853.00;95
6979;25;620657523;6979;422;8188;8281;6.10;0.37;327.64;6.41;1209;31;2854.00;93
6981;25;620657542;6981;429;8189;8281;6.04;0.37;327.62;6.44;1208;31;2855.00;92
6982;25;620657559;6982;435;8194;8285;6.05;0.37;327.61;6.51;1212;31;2856.00;91
6982;25;620657578;6982;435;8194;8285;6.05;0.37;327.61;6.51;1212;31;2857.00;91
6983;25;620657596;6983;435;8194;8285;6.02;0.37;327.73;6.51;1211;31;2858.00;91
6984;25;620657621;6984;440;8197;8286;6.01;0.37;327.77;6.58;1213;31;2859.00;89
6986;25;620657644;6986;445;8200;8290;6.04;0.37;327.76;6.58;1214;31;2860.00;90
6987;25;620657662;6987;446;8201;8290;6.06;0.37;327.74;6.61;1214;31;2861.00;89
6988;25;620657688;6988;446;8204;8293;6.15;0.38;327.81;6.65;1216;31;2862.00;89
6989;25;620657704;6989;446;8206;8293;6.20;0.38;327.79;6.68;1217;31;2863.00;87
6995;25;620657729;6995;448;8210;8295;6.19;0.38;327.89;6.75;1215;31;2864.00;85
6995;25;620657747;6995;442;8210;8295;6.17;0.38;327.89;6.75;1215;31;2865.00;85
7002;25;620657764;7002;441;8216;8299;6.12;0.37;328.01;6.81;1214;31;2866.00;83
7005;25;620657782;7005;440;8216;8299;6.13;0.37;328.07;6.81;1211;31;2867.00;83
7007;25;620657799;7007;442;8218;8299;6.08;0.37;328.04;6.87;1211;31;2868.00;81
7011;25;620657817;7011;437;8218;8299;6.01;0.37;328.11;6.87;1207;31;2869.00;81
7014;25;620657832;7014;431;8220;8300;5.98;0.36;328.14;6.94;1206;31;2870.00;80
7019;25;620657858;7019;430;8221;8301;5.92;0.36;328.18;6.94;1202;31;2871.00;80
7021;25;620657875;7021;431;8221;8301;5.89;0.36;328.24;6.94;1200;31;2872.00;80
7024;25;620657891;7024;423;8224;8302;5.87;0.36;328.23;7.00;1200;31;2873.00;78
7026;25;620657912;7026;423;8224;8302;5.84;0.36;328.25;7.00;1198;31;2874.00;78
7027;25;620657937;7027;424;8224;8302;5.83;0.35;328.23;7.00;1197;31;2875.00;78
7033;25;620657953;7033;419;8224;8302;5.81;0.35;328.33;7.00;1191;31;2876.00;78
7034;25;620657979;7034;418;8226;8302;5.82;0.35;328.42;7.06;1192;31;2877.00;76
7036;25;620657995;7036;419;8227;8302;5.86;0.36;328.52;7.09;1191;31;2878.00;75
7038;25;620658012;7038;421;8228;8302;5.89;0.36;328.46;7.12;1190;31;2879.00;74
7039;25;620658030;7039;460;8327;8532;6.09;0.38;328.47;7.03;1288;31;2880.00;205
7043;25;620658072;7043;448;8333;8533;6.10;0.38;328.56;7.08;1290;31;2881.00;200
7044;25;620658090;7044;443;8343;8533;6.14;0.38;328.57;7.08;1299;31;2882.00;190
7048;25;620658109;7048;447;8349;8533;6.08;0.38;328.64;7.08;1301;31;2883.00;184
7053;26;620658126;7053;443;8355;8533;6.05;0.38;328.85;7.07;1302;32;2884.00;178
7057;26;620658161;7057;446;8363;8533;5.99;0.37;328.84;7.12;1306;32;2885.00;170
7060;26;620658189;7060;446;8371;8533;5.94;0.37;328.99;7.12;1311;32;2886.00;162
7064;26;620658215;7064;454;8380;8533;5.91;0.37;328.99;7.17;1316;32;2887.00;153
7069;26;620658236;7069;463;8387;8534;5.81;0.36;329.11;7.18;1318;32;2888.00;147
7073;26;620658253;7073;465;8393;8535;5.71;0.35;329.20;7.18;1320;32;2889.00;142
7077;26;620658275;7077;453;8395;8535;5.64;0.35;329.26;7.18;1318;32;2890.00;140
7081;26;620658293;7081;455;8401;8536;5.60;0.35;329.28;7.18;1320;32;2891.00;135
7085;26;620658313;7085;456;8403;8536;5.51;0.34;329.40;7.18;1318;32;2892.00;133
7088;26;620658332;7088;463;8407;8536;5.44;0.34;329.45;7.18;1319;32;2893.00;129
7093;26;620658350;7093;464;8408;8536;5.39;0.33;329.45;7.18;1315;32;2894.00;128
7097;26;620658368;7097;481;8412;8540;5.28;0.33;329.40;7.19;1315;32;2895.00;128
7101;26;620658395;7101;492;8416;8540;5.20;0.32;329.49;7.19;1315;32;2896.00;124
7105;26;620658411;7105;488;8418;8540;5.13;0.32;329.60;7.19;1313;32;2897.00;122
7108;26;620658428;7108;487;8421;8543;5.12;0.32;329.62;7.19;1313;32;2898.00;122
7109;26;620658446;7109;485;8422;8543;5.10;0.31;329.60;7.19;1313;32;2899.00;121
7113;26;620658464;7113;486;8425;8543;5.05;0.31;329.56;7.20;1312;32;2900.00;118
7116;26;620658484;7116;479;8429;8547;5.05;0.31;329.56;7.20;1313;32;2901.00;118
7121;26;620658499;7121;483;8434;8548;4.99;0.31;329.67;7.20;1313;32;2902.00;114
7127;26;620658515;7127;484;8435;8548;5.01;0.31;329.83;7.21;1308;32;2903.00;113
7129;26;620658531;7129;481;8439;8552;5.04;0.31;329.83;7.21;1310;32;2904.00;113
7135;26;620658550;7135;489;8440;8552;5.04;0.31;329.86;7.21;1305;32;2905.00;112
7138;26;620658574;7138;486;8440;8552;5.01;0.31;329.95;7.21;1302;32;2906.00;112
7143;26;620658590;7143;488;8443;8553;4.99;0.31;329.97;7.21;1300;32;2907.00;110
7145;26;620658609;7145;491;8443;8553;4.96;0.30;330.06;7.21;1298;32;2908.00;110
7150;26;620658626;7150;492;8449;8559;4.96;0.30;330.08;7.21;1299;32;2909.00;110
7155;26;620658644;7155;495;8449;8559;4.92;0.30;330.27;7.21;1294;32;2910.00;110
7157;26;620658665;7157;490;8451;8560;4.90;0.30;330.39;7.22;1294;32;2911.00;109
7166;26;620658681;7166;494;8451;8560;4.81;0.29;330.40;7.22;1285;32;2912.00;109
7170;26;620658696;7170;501;8452;8560;4.72;0.29;330.59;7.22;1282;32;2913.00;108
7174;26;620658711;7174;503;8453;8560;4.68;0.29;330.62;7.23;1279;32;2914.00;107
7177;26;620658724;7177;509;8453;8560;4.62;0.28;330.57;7.23;1276;32;2915.00;107
7183;26;620658738;7183;513;8462;8572;4.61;0.28;330.63;7.22;1279;32;2916.00;110
7188;26;620658761;7188;519;8463;8572;4.55;0.28;330.75;7.22;1275;32;2917.00;109
7194;26;620658779;7194;533;8464;8572;4.50;0.28;330.88;7.22;1270;32;2918.00;108
7197;26;620658796;7197;529;8465;8572;4.43;0.27;330.92;7.27;1268;32;2919.00;107
7198;26;620658812;7198;534;8465;8572;4.39;0.27;330.94;7.27;1267;32;2920.00;107
7202;26;620658827;7202;536;8465;8572;4.34;0.27;331.05;7.27;1263;32;2921.00;107
7205;26;620658843;7205;541;8468;8576;4.31;0.27;331.07;7.27;1263;32;2922.00;108
7206;26;620658860;7206;545;8468;8576;4.30;0.27;331.08;7.27;1262;32;2923.00;108
7207;26;620658873;7207;543;8473;8580;4.32;0.27;331.12;7.27;1266;32;2924.00;107
7213;26;620658887;7213;550;8474;8582;4.26;0.26;331.17;7.27;1261;32;2925.00;108
7216;26;620658904;7216;550;8474;8582;4.25;0.26;331.22;7.27;1258;32;2926.00;108
7218;26;620658921;7218;549;8476;8582;4.20;0.26;331.23;7.27;1258;32;2927.00;106
7221;26;620658937;7221;558;8486;8595;4.23;0.26;331.21;7.26;1265;32;2928.00;109
7224;26;620658953;7224;562;8487;8595;4.19;0.26;331.30;7.26;1263;32;2929.00;108
7228;26;620658969;7228;563;8487;8595;4.16;0.26;331.22;7.26;1259;32;2930.00;108
7230;26;620658983;7230;564;8489;8596;4.18;0.26;331.21;7.26;1259;32;2931.00;107
7236;26;620658997;7236;564;8491;8597;4.14;0.25;331.08;7.26;1255;32;2932.00;106
7238;26;620659012;7238;570;8491;8597;4.09;0.25;331.10;7.26;1253;32;2933.00;106
7241;26;620659026;7241;574;8493;8600;4.11;0.25;331.08;7.26;1252;32;2934.00;107
7243;26;620659040;7243;583;8493;8600;4.11;0.25;331.05;7.26;1250;32;2935.00;107
7244;26;620659054;7244;582;8494;8600;4.11;0.25;331.04;7.26;1250;32;2936.00;106
7247;26;620659069;7247;567;8494;8600;4.11;0.25;331.02;7.26;1247;32;2937.00;106
7251;26;620659088;7251;565;8498;8606;4.13;0.25;331.08;7.26;1247;32;2938.00;108
7254;26;620659108;7254;552;8498;8606;4.15;0.25;331.10;7.26;1244;32;2939.00;108
7259;26;620659126;7259;553;8499;8606;4.17;0.26;331.16;7.26;1240;32;2940.00;107
7263;26;620659142;7263;543;8499;8606;4.22;0.26;331.22;7.26;1236;32;2941.00;107
7263;26;620659158;7263;538;8503;8610;4.35;0.27;331.22;7.26;1240;32;2942.00;107
7267;26;620659174;7267;540;8504;8611;4.38;0.27;331.27;7.26;1237;32;2943.00;107
7271;26;620659191;7271;539;8505;8611;4.45;0.27;331.24;7.31;1234;32;2944.00;106
7274;26;620659205;7274;544;8506;8612;4.52;0.28;331.17;7.30;1232;32;2945.00;106
7277;26;620659221;7277;535;8506;8612;4.57;0.28;331.12;7.30;1229;32;2946.00;106
7280;26;620659239;7280;527;8506;8612;4.57;0.28;331.22;7.30;1226;32;2947.00;106
7285;26;620659255;7285;517;8506;8612;4.59;0.28;331.22;7.30;1221;32;2948.00;106
7289;26;620659271;7289;510;8506;8612;4.60;0.28;331.14;7.30;1217;32;2949.00;106
7290;26;620659288;7290;502;8506;8612;4.65;0.28;331.18;7.30;1216;32;2950.00;106
7292;26;620659305;7292;494;8506;8612;4.74;0.29;331.12;7.30;1214;32;2951.00;106
7293;26;620659327;7293;490;8541;8682;4.97;0.30;331.09;7.27;1248;32;2952.00;141
7293;26;620659374;7293;486;8542;8683;4.99;0.30;331.09;7.27;1249;32;2953.00;141
7295;26;620659397;7295;488;8550;8683;5.06;0.31;331.06;7.27;1255;32;2954.00;133
7295;26;620659416;7295;474;8553;8683;5.14;0.31;331.06;7.27;1258;32;2955.00;130
7298;26;620659440;7298;465;8556;8683;5.19;0.32;331.05;7.27;1258;32;2956.00;127
7298;26;620659469;7298;463;8557;8683;5.24;0.32;331.05;7.27;1259;32;2957.00;126
7299;26;620659489;7299;463;8559;8683;5.34;0.33;331.04;7.27;1260;32;2958.00;124
7300;26;620659509;7300;454;8562;8683;5.44;0.33;331.02;7.27;1262;32;2959.00;121
7300;27;620659531;7300;450;8565;8684;5.48;0.33;331.02;7.27;1265;33;2960.00;119
7300;27;620659570;7300;443;8570;8685;5.53;0.34;331.02;7.32;1270;33;2961.00;115
7304;27;620659597;7304;448;8570;8685;5.59;0.34;331.05;7.32;1266;33;2962.00;115
7304;27;620659625;7304;455;8573;8689;5.64;0.34;331.05;7.31;1269;33;2963.00;116
7304;27;620659646;7304;446;8573;8689;5.67;0.34;331.05;7.31;1269;33;2964.00;116
7307;28;620659667;7307;451;8573;8689;5.69;0.34;331.11;7.31;1266;34;2965.00;116
7308;28;620659705;7308;453;8573;8689;5.73;0.35;331.16;7.31;1265;34;2966.00;116
7310;28;620659729;7310;458;8577;8695;5.76;0.35;331.13;7.31;1267;34;2967.00;118
7310;28;620659749;7310;453;8577;8695;5.72;0.35;331.13;7.31;1267;34;2968.00;118
7313;28;620659769;7313;456;8578;8695;5.71;0.35;331.06;7.36;1265;34;2969.00;117
7314;28;620659795;7314;455;8582;8701;5.74;0.35;331.06;7.36;1268;34;2970.00;119
7315;28;620659817;7315;456;8582;8701;5.73;0.35;331.04;7.36;1267;34;2971.00;119
7318;28;620659838;7318;459;8584;8701;5.73;0.35;331.08;7.36;1266;34;2972.00;117
7318;28;620659860;7318;457;8584;8702;5.75;0.35;331.08;7.36;1266;34;2973.00;118
7319;28;620659880;7319;462;8585;8703;5.75;0.35;331.09;7.36;1266;34;2974.00;118
7320;28;620659901;7320;464;8585;8703;5.74;0.35;331.11;7.36;1265;34;2975.00;118
7322;28;620659921;7322;467;8595;8716;5.73;0.35;331.16;7.40;1273;34;2976.00;121
7326;28;620659947;7326;465;8595;8716;5.68;0.34;331.12;7.40;1269;34;2977.00;121
7327;28;620659974;7327;468;8595;8716;5.68;0.34;331.09;7.40;1268;34;2978.00;121
7329;28;620659995;7329;468;8596;8717;5.69;0.34;331.31;7.40;1267;34;2979.00;121
7331;28;620660016;7331;463;8596;8717;5.70;0.34;331.29;7.40;1265;34;2980.00;121
7332;28;620660036;7332;454;8599;8721;5.71;0.35;331.31;7.40;1267;34;2981.00;122
7335;28;620660057;7335;445;8599;8721;5.67;0.34;331.32;7.40;1264;34;2982.00;122
7337;28;620660079;7337;443;8602;8725;5.66;0.34;331.39;7.40;1265;34;2983.00;123
7340;28;620660099;7340;431;8602;8725;5.67;0.34;331.40;7.40;1262;34;2984.00;123
7342;28;620660120;7342;431;8602;8725;5.69;0.34;331.44;7.40;1260;34;2985.00;123
7345;28;620660146;7345;426;8602;8725;5.72;0.35;331.45;7.40;1257;34;2986.00;123
7346;28;620660166;7346;426;8602;8725;5.77;0.35;331.51;7.40;1256;34;2987.00;123
7350;28;620660198;7350;425;8611;8737;5.84;0.35;331.68;7.39;1261;34;2988.00;126
7355;28;620660219;7355;425;8611;8737;5.89;0.36;331.74;7.39;1256;34;2989.00;126
7356;28;620660244;7356;418;8613;8737;5.94;0.36;331.76;7.39;1257;34;2990.00;124
7361;28;620660267;7361;420;8613;8737;6.02;0.36;331.93;7.39;1252;34;2991.00;124
7364;28;620660285;7364;410;8613;8737;6.07;0.37;332.01;7.39;1249;34;2992.00;124
7368;29;620660310;7368;410;8613;8737;6.05;0.37;332.14;7.39;1245;35;2993.00;124
7371;30;620660358;7371;406;8615;8738;6.02;0.37;332.26;7.39;1244;36;2994.00;123
7375;30;620660385;7375;399;8617;8738;6.01;0.36;332.35;7.47;1242;36;2995.00;121
7377;30;620660406;7377;391;8621;8744;6.06;0.37;332.32;7.46;1244;36;2996.00;123
7379;30;620660430;7379;385;8622;8745;6.06;0.37;332.46;7.46;1243;36;2997.00;123
7384;30;620660449;7384;384;8622;8745;6.06;0.37;332.48;7.46;1238;36;2998.00;123
7385;30;620660467;7385;386;8622;8745;6.08;0.37;332.47;7.46;1237;36;2999.00;123
7391;30;620660490;7391;379;8628;8765;6.07;0.37;332.47;7.46;1237;36;3000.00;137
7391;30;620660525;7391;375;8628;8765;6.14;0.37;332.47;7.46;1237;36;3001.00;137
7396;30;620660550;7396;371;8628;8765;6.18;0.38;332.44;7.46;1232;36;3002.00;137
7397;30;620660575;7397;366;8629;8766;6.25;0.38;332.51;7.46;1232;36;3003.00;137
7401;30;620660594;7401;367;8632;8770;6.28;0.38;332.49;7.46;1231;36;3004.00;138
7403;30;620660620;7403;367;8632;8770;6.36;0.39;332.62;7.46;1229;36;3005.00;138
7405;30;620660638;7405;366;8636;8773;6.39;0.39;332.69;7.45;1231;36;3006.00;137
7407;30;620660656;7407;364;8639;8773;6.45;0.39;332.64;7.46;1232;36;3007.00;134
7411;30;620660675;7411;369;8640;8773;6.44;0.39;332.72;7.47;1229;36;3008.00;133
7414;30;620660696;7414;376;8641;8773;6.38;0.39;332.73;7.47;1227;36;3009.00;132
7416;30;620660712;7416;374;8645;8777;6.40;0.39;332.72;7.48;1229;36;3010.00;132
7419;30;620660732;7419;392;8646;8777;6.35;0.39;332.80;7.48;1227;36;3011.00;131
7421;30;620660749;7421;392;8650;8777;6.35;0.39;332.95;7.48;1229;36;3012.00;127
7426;30;620660765;7426;396;8650;8777;6.33;0.38;333.12;7.48;1224;36;3013.00;127
7428;30;620660782;7428;396;8651;8778;6.32;0.38;333.21;7.48;1223;36;3014.00;127
7430;30;620660798;7430;399;8654;8780;6.26;0.38;333.24;7.48;1224;36;3015.00;126
7433;30;620660813;7433;399;8654;8780;6.24;0.38;333.31;7.48;1221;36;3016.00;126
7434;30;620660827;7434;402;8656;8781;6.22;0.38;333.36;7.48;1222;36;3017.00;125
7436;30;620660843;7436;405;8656;8781;6.20;0.38;333.37;7.48;1220;36;3018.00;125
7437;30;620660858;7437;409;8656;8781;6.21;0.38;333.39;7.48;1219;36;3019.00;125
7441;30;620660872;7441;415;8658;8781;6.12;0.37;333.37;7.52;1217;36;3020.00;123
7441;30;620660888;7441;418;8658;8781;6.10;0.37;333.37;7.52;1217;36;3021.00;123
7443;30;620660902;7443;427;8659;8781;6.05;0.37;333.47;7.56;1216;36;3022.00;122
7445;30;620660917;7445;427;8660;8781;6.00;0.36;333.56;7.56;1215;36;3023.00;121
7446;30;620660941;7446;443;8724;8908;6.10;0.38;333.53;7.50;1278;36;3024.00;184
7448;30;620660966;7448;442;8728;8909;6.06;0.37;333.67;7.54;1280;36;3025.00;181
7455;30;620660982;7455;446;8738;8909;6.03;0.37;333.86;7.54;1283;36;3026.00;171
7456;30;620660998;7456;445;8743;8909;6.01;0.37;333.84;7.61;1287;36;3027.00;166
7460;30;620661013;7460;445;8749;8909;5.99;0.37;333.90;7.61;1289;36;3028.00;160
7461;30;620661028;7461;454;8751;8909;5.95;0.37;333.97;7.61;1290;36;3029.00;158
7463;30;620661045;7463;457;8755;8909;5.91;0.36;333.98;7.68;1292;36;3030.00;154
7466;30;620661059;7466;470;8758;8909;5.95;0.37;334.05;7.68;1292;36;3031.00;151
7467;30;620661074;7467;475;8761;8910;6.00;0.37;334.17;7.68;1294;36;3032.00;149
7467;30;620661089;7467;473;8767;8911;6.05;0.37;334.17;7.75;1300;36;3033.00;144
7472;30;620661105;7472;479;8770;8911;6.03;0.37;334.15;7.76;1298;36;3034.00;141
7475;30;620661122;7475;484;8773;8912;6.01;0.37;334.21;7.76;1298;36;3035.00;139
7477;30;620661137;7477;483;8779;8912;5.93;0.36;334.18;7.83;1302;36;3036.00;133
7479;30;620661153;7479;481;8782;8912;5.85;0.36;334.22;7.84;1303;36;3037.00;130
7481;30;620661169;7481;489;8786;8912;5.83;0.36;334.31;7.90;1305;36;3038.00;126
7483;30;620661187;7483;494;8791;8916;5.83;0.36;334.24;7.90;1308;36;3039.00;125
7484;30;620661206;7484;504;8792;8916;5.84;0.36;334.21;7.94;1308;36;3040.00;124
7488;30;620661222;7488;498;8792;8916;5.81;0.36;334.43;7.94;1304;36;3041.00;124
7490;30;620661239;7490;504;8796;8919;5.78;0.35;334.46;8.00;1306;36;3042.00;123
7492;30;620661255;7492;504;8798;8919;5.73;0.35;334.55;8.00;1306;36;3043.00;121
7495;30;620661271;7495;511;8800;8919;5.69;0.35;334.58;8.04;1305;36;3044.00;119
7499;30;620661286;7499;512;8803;8923;5.66;0.35;334.86;8.04;1304;36;3045.00;120
7501;30;620661316;7501;515;8806;8924;5.63;0.34;334.80;8.07;1305;36;3046.00;118
7504;30;620661343;7504;516;8807;8924;5.60;0.34;334.95;8.10;1303;36;3047.00;117
7505;30;620661366;7505;522;8811;8928;5.58;0.34;335.07;8.10;1306;36;3048.00;117
7511;30;620661388;7511;522;8811;8928;5.52;0.34;335.19;8.10;1300;36;3049.00;117
7514;30;620661411;7514;518;8811;8928;5.46;0.33;335.36;8.10;1297;36;3050.00;117
7516;30;620661430;7516;518;8813;8929;5.42;0.33;335.49;8.10;1297;36;3051.00;116
7521;30;620661446;7521;521;8814;8929;5.31;0.32;335.76;8.11;1293;36;3052.00;115
7526;30;620661471;7526;530;8819;8935;5.29;0.32;335.79;8.10;1293;36;3053.00;116
7531;30;620661488;7531;538;8819;8935;5.20;0.32;335.86;8.10;1288;36;3054.00;116
7535;30;620661503;7535;551;8819;8936;5.06;0.31;335.95;8.10;1284;36;3055.00;117
7539;30;620661518;7539;551;8820;8936;4.91;0.30;335.83;8.10;1281;36;3056.00;116
7541;30;620661533;7541;563;8820;8936;4.80;0.29;335.91;8.10;1279;36;3057.00;116
7545;30;620661547;7545;565;8820;8936;4.68;0.29;336.05;8.10;1275;36;3058.00;116
7548;30;620661561;7548;565;8820;8936;4.63;0.28;336.09;8.10;1272;36;3059.00;116
7553;30;620661578;7553;556;8843;8972;4.71;0.29;336.10;8.08;1290;36;3060.00;129
7557;30;620661597;7557;550;8845;8972;4.63;0.28;336.12;8.08;1288;36;3061.00;127
7558;30;620661612;7558;547;8849;8972;4.67;0.29;336.10;8.08;1291;36;3062.00;123
7561;30;620661626;7561;539;8849;8972;4.67;0.29;336.11;8.08;1288;36;3063.00;123
7564;30;620661640;7564;536;8850;8972;4.66;0.29;336.08;8.08;1286;36;3064.00;122
7566;30;620661655;7566;537;8850;8972;4.65;0.29;336.11;8.08;1284;36;3065.00;122
7567;30;620661669;7567;544;8854;8976;4.67;0.29;336.09;8.07;1287;36;3066.00;122
7571;30;620661684;7571;544;8854;8976;4.65;0.29;336.15;8.07;1283;36;3067.00;122
7577;30;620661698;7577;544;8858;8980;4.58;0.28;336.24;8.07;1281;36;3068.00;122
7579;30;620661713;7579;541;8859;8981;4.54;0.28;336.21;8.07;1280;36;3069.00;122
7583;30;620661728;7583;547;8859;8981;4.48;0.27;336.27;8.07;1276;36;3070.00;122
7586;30;620661742;7586;552;8859;8981;4.42;0.27;336.36;8.07;1273;36;3071.00;122
7588;30;620661762;7588;553;8870;8994;4.43;0.27;336.44;8.06;1282;36;3072.00;124
7592;30;620661785;7592;559;8870;8994;4.38;0.27;336.44;8.06;1278;36;3073.00;124
7597;30;620661806;7597;560;8870;8994;4.34;0.27;336.54;8.06;1273;36;3074.00;124
7603;30;620661829;7603;564;8871;8995;4.30;0.26;336.57;8.06;1268;36;3075.00;124
7606;30;620661848;7606;561;8871;8996;4.30;0.26;336.66;8.06;1265;36;3076.00;125
7608;30;620661863;7608;558;8872;8996;4.30;0.26;336.65;8.12;1264;36;3077.00;124
7612;30;620661877;7612;555;8875;8999;4.30;0.26;336.71;8.12;1263;36;3078.00;124
7616;30;620661891;7616;560;8875;8999;4.27;0.26;336.62;8.12;1259;36;3079.00;124
7618;30;620661905;7618;557;8875;8999;4.23;0.26;336.70;8.12;1257;36;3080.00;124
7622;30;620661919;7622;549;8875;8999;4.22;0.26;336.67;8.12;1253;36;3081.00;124
7625;30;620661933;7625;544;8880;9005;4.25;0.26;336.78;8.11;1255;36;3082.00;125
7628;30;620661947;7628;553;8880;9005;4.23;0.26;336.82;8.11;1252;36;3083.00;125
7634;30;620661960;7634;552;8880;9005;4.15;0.26;336.78;8.11;1246;36;3084.00;125
7637;30;620661975;7637;555;8880;9005;4.07;0.25;336.87;8.11;1243;36;3085.00;125
7644;30;620661988;7644;561;8883;9009;4.03;0.25;336.83;8.11;1239;36;3086.00;126
7647;30;620662003;7647;563;8884;9010;3.96;0.25;336.80;8.11;1237;36;3087.00;126
7650;30;620662017;7650;562;8884;9010;3.91;0.24;336.90;8.11;1234;36;3088.00;126
7654;30;620662030;7654;565;8885;9011;3.88;0.24;336.90;8.11;1231;36;3089.00;126
7658;30;620662045;7658;577;8885;9011;3.87;0.24;336.95;8.11;1227;36;3090.00;126
7660;30;620662059;7660;583;8885;9011;3.87;0.24;336.89;8.11;1225;36;3091.00;126
7665;30;620662072;7665;590;8886;9011;3.82;0.24;336.89;8.17;1221;36;3092.00;125
7669;30;620662086;7669;594;8886;9011;3.82;0.24;336.95;8.17;1217;36;3093.00;125
7675;30;620662101;7675;601;8886;9011;3.78;0.23;336.87;8.17;1211;36;3094.00;125
7680;30;620662115;7680;600;8886;9011;3.75;0.23;336.88;8.17;1206;36;3095.00;125
7683;30;620662131;7683;616;8926;9081;3.97;0.24;336.82;8.14;1243;36;3096.00;155
7684;30;620662152;7684;611;8927;9082;4.01;0.25;336.84;8.14;1243;36;3097.00;155
7687;30;620662166;7687;609;8935;9082;4.07;0.25;336.84;8.19;1248;36;3098.00;147
7689;30;620662181;7689;604;8936;9082;4.08;0.25;336.78;8.19;1247;36;3099.00;146
7692;30;620662196;7692;600;8938;9082;4.06;0.25;336.75;8.19;1246;36;3100.00;144
7695;30;620662214;7695;602;8940;9082;4.03;0.25;336.73;8.19;1245;36;3101.00;142
7697;30;620662229;7697;600;8942;9082;4.03;0.25;336.75;8.19;1245;36;3102.00;140
7700;30;620662243;7700;594;8944;9082;3.99;0.24;336.75;8.19;1244;36;3103.00;138
7705;30;620662258;7705;596;8946;9083;3.96;0.24;336.86;8.19;1241;36;3104.00;137
7707;30;620662271;7707;604;8948;9085;3.94;0.24;336.85;8.19;1241;36;3105.00;137
7707;30;620662285;7707;607;8950;9085;3.94;0.24;336.85;8.19;1243;36;3106.00;135
7708;30;620662298;7708;590;8955;9089;4.03;0.25;336.90;8.19;1247;36;3107.00;134
7710;30;620662313;7710;573;8957;9089;4.05;0.25;336.88;8.19;1247;36;3108.00;132
7712;30;620662326;7712;570;8958;9089;4.13;0.25;336.90;8.19;1246;36;3109.00;131
7716;30;620662340;7716;557;8959;9089;4.18;0.25;336.97;8.19;1243;36;3110.00;130
7716;30;620662354;7716;553;8964;9095;4.30;0.26;336.97;8.19;1248;36;3111.00;131
7718;30;620662369;7718;552;8965;9095;4.38;0.27;337.00;8.24;1247;36;3112.00;130
7721;30;620662383;7721;550;8965;9095;4.44;0.27;337.01;8.24;1244;36;3113.00;130
7721;30;620662407;7721;550;8967;9098;4.52;0.27;337.01;8.24;1246;36;3114.00;131
7722;30;620662421;7722;547;8967;9098;4.52;0.27;337.02;8.24;1245;36;3115.00;131
7724;30;620662434;7724;541;8968;9098;4.55;0.28;336.97;8.24;1244;36;3116.00;130
7726;30;620662448;7726;520;8969;9099;4.62;0.28;337.01;8.30;1243;36;3117.00;130
7726;30;620662461;7726;509;8970;9100;4.73;0.29;337.01;8.30;1244;36;3118.00;130
7726;30;620662475;7726;500;8970;9100;4.82;0.29;337.01;8.30;1244;36;3119.00;130
7729;30;620662490;7729;496;8989;9126;5.02;0.31;336.93;8.28;1260;36;3120.00;137
7730;30;620662506;7730;493;8990;9126;5.07;0.31;336.89;8.28;1260;36;3121.00;136
7734;30;620662526;7734;488;8992;9126;5.16;0.31;336.84;8.28;1258;36;3122.00;134
7736;30;620662541;7736;485;8993;9127;5.21;0.32;336.89;8.28;1257;36;3123.00;134
7736;30;620662555;7736;479;8993;9127;5.25;0.32;336.89;8.28;1257;36;3124.00;134
7736;30;620662569;7736;485;8997;9131;5.29;0.32;336.89;8.27;1261;36;3125.00;134
7737;30;620662583;7737;484;8997;9131;5.26;0.32;336.94;8.27;1260;36;3126.00;134
7737;30;620662598;7737;480;9000;9135;5.27;0.32;336.94;8.27;1263;36;3127.00;135
7738;30;620662612;7738;476;9000;9135;5.30;0.32;336.91;8.27;1262;36;3128.00;135
7740;30;620662626;7740;467;9000;9135;5.34;0.32;336.95;8.27;1260;36;3129.00;135
7742;30;620662641;7742;456;9000;9135;5.37;0.33;337.03;8.27;1258;36;3130.00;135
7744;30;620662661;7744;450;9001;9135;5.39;0.33;337.10;8.32;1257;36;3131.00;134
7746;30;620662678;7746;440;9010;9147;5.45;0.33;337.11;8.32;1264;36;3132.00;137
7748;30;620662694;7748;440;9010;9147;5.46;0.33;337.14;8.32;1262;36;3133.00;137
7752;30;620662708;7752;434;9012;9147;5.54;0.34;337.32;8.31;1260;36;3134.00;135
7754;30;620662722;7754;435;9012;9147;5.61;0.34;337.44;8.31;1258;36;3135.00;135
7759;30;620662736;7759;434;9012;9147;5.64;0.34;337.60;8.31;1253;36;3136.00;135
7761;30;620662750;7761;435;9012;9147;5.67;0.35;337.61;8.31;1251;36;3137.00;135
7763;30;620662765;7763;421;9013;9148;5.72;0.35;337.60;8.37;1250;36;3138.00;135
7766;30;620662779;7766;425;9013;9148;5.76;0.35;337.66;8.37;1247;36;3139.00;135
7768;30;620662793;7768;415;9018;9154;5.82;0.36;337.67;8.36;1250;36;3140.00;136
7771;30;620662808;7771;424;9019;9155;5.87;0.36;337.83;8.36;1248;36;3141.00;136
7776;30;620662822;7776;422;9019;9155;5.85;0.36;337.99;8.36;1243;36;3142.00;136
7777;30;620662842;7777;427;9019;9155;5.87;0.36;337.98;8.36;1242;36;3143.00;136
7778;30;620662857;7778;432;9022;9159;5.87;0.36;338.03;8.36;1244;36;3144.00;137
7782;30;620662871;7782;431;9023;9159;5.85;0.36;338.07;8.41;1241;36;3145.00;136
7784;30;620662885;7784;436;9023;9159;5.81;0.35;338.10;8.41;1239;36;3146.00;136
7785;30;620662905;7785;437;9024;9160;5.82;0.35;338.10;8.41;1239;36;3147.00;136
7789;30;620662919;7789;431;9027;9164;5.74;0.35;338.19;8.41;1238;36;3148.00;137
7791;30;620662933;7791;443;9027;9164;5.68;0.35;338.22;8.41;1236;36;3149.00;137
7796;30;620662949;7796;431;9031;9170;5.69;0.35;338.48;8.41;1235;36;3150.00;139
7797;30;620662964;7797;429;9031;9170;5.66;0.34;338.47;8.41;1234;36;3151.00;139
7798;30;620662978;7798;423;9033;9170;5.67;0.34;338.52;8.40;1235;36;3152.00;137
7801;30;620662992;7801;425;9033;9170;5.64;0.34;338.71;8.40;1232;36;3153.00;137
7802;30;620663006;7802;413;9037;9174;5.66;0.34;338.73;8.40;1235;36;3154.00;137
7805;30;620663021;7805;411;9037;9174;5.68;0.35;338.75;8.40;1232;36;3155.00;137
7809;30;620663035;7809;406;9037;9174;5.68;0.34;338.77;8.40;1228;36;3156.00;137
7810;30;620663050;7810;397;9037;9174;5.73;0.35;338.90;8.40;1227;36;3157.00;137
7812;30;620663064;7812;407;9037;9175;5.79;0.35;338.92;8.40;1225;36;3158.00;138
7814;30;620663078;7814;400;9038;9176;5.86;0.36;338.92;8.40;1224;36;3159.00;138
7818;30;620663092;7818;391;9038;9176;5.87;0.36;338.99;8.40;1220;36;3160.00;138
7823;30;620663111;7823;391;9039;9177;5.92;0.36;339.12;8.40;1216;36;3161.00;138
7826;30;620663126;7826;378;9039;9177;5.94;0.36;339.26;8.40;1213;36;3162.00;138
7828;30;620663140;7828;374;9039;9177;5.99;0.36;339.24;8.40;1211;36;3163.00;138
7831;30;620663154;7831;377;9039;9177;6.08;0.37;339.27;8.40;1208;36;3164.00;138
7835;30;620663168;7835;364;9041;9177;6.15;0.37;339.46;8.48;1206;36;3165.00;136
7838;30;620663184;7838;360;9041;9177;6.25;0.38;339.55;8.48;1203;36;3166.00;136
7842;30;620663201;7842;368;9041;9177;6.35;0.39;339.65;8.48;1199;36;3167.00;136
7846;30;620663216;7846;391;9108;9304;6.58;0.41;339.78;8.42;1262;36;3168.00;196
7847;30;620663241;7847;379;9112;9305;6.65;0.41;339.77;8.42;1265;36;3169.00;193
7848;30;620663256;7848;372;9117;9305;6.71;0.41;339.76;8.42;1269;36;3170.00;188
7851;30;620663270;7851;367;9119;9305;6.72;0.41;339.73;8.41;1268;36;3171.00;186
7857;30;620663286;7857;362;9122;9305;6.66;0.41;339.72;8.41;1265;36;3172.00;183
7860;30;620663303;7860;362;9126;9305;6.60;0.40;339.70;8.41;1266;36;3173.00;179
7864;30;620663322;7864;361;9127;9305;6.53;0.40;339.78;8.41;1263;36;3174.00;178
7867;30;620663345;7867;368;9130;9305;6.51;0.40;339.83;8.41;1263;36;3175.00;175
7869;30;620663369;7869;371;9133;9306;6.51;0.40;339.82;8.41;1264;36;3176.00;173
7871;30;620663393;7871;374;9138;9307;6.50;0.40;339.74;8.41;1267;36;3177.00;169
7873;30;620663414;7873;375;9143;9307;6.54;0.40;339.72;8.41;1270;36;3178.00;164
7874;30;620663435;7874;379;9145;9308;6.54;0.40;339.71;8.41;1271;36;3179.00;163
7876;30;620663462;7876;384;9153;9308;6.47;0.40;339.68;8.42;1277;36;3180.00;155
7880;30;620663480;7880;388;9154;9308;6.37;0.39;339.72;8.42;1274;36;3181.00;154
7882;30;620663497;7882;392;9156;9308;6.31;0.39;339.77;8.42;1274;36;3182.00;152
7883;30;620663513;7883;396;9159;9312;6.28;0.38;339.75;8.41;1276;36;3183.00;153
7884;30;620663531;7884;395;9160;9312;6.29;0.39;339.84;8.41;1276;36;3184.00;152
7885;30;620663547;7885;403;9161;9312;6.29;0.39;339.95;8.41;1276;36;3185.00;151
7890;30;620663564;7890;403;9164;9315;6.27;0.38;340.08;8.41;1274;36;3186.00;151
7891;30;620663580;7891;401;9164;9315;6.26;0.38;340.20;8.41;1273;36;3187.00;151
7897;30;620663596;7897;406;9165;9315;6.21;0.38;340.18;8.41;1268;36;3188.00;150
7899;30;620663612;7899;412;9168;9319;6.17;0.38;340.28;8.41;1269;36;3189.00;151
7901;30;620663629;7901;412;9171;9320;6.21;0.38;340.30;8.46;1270;36;3190.00;149
7904;30;620663644;7904;414;9174;9322;6.19;0.38;340.27;8.46;1270;36;3191.00;148
7905;30;620663660;7905;412;9178;9326;6.23;0.38;340.28;8.46;1273;36;3192.00;148
7907;30;620663676;7907;415;9178;9326;6.20;0.38;340.35;8.46;1271;36;3193.00;148
7909;30;620663691;7909;423;9179;9326;6.11;0.38;340.36;8.51;1270;36;3194.00;147
7912;30;620663707;7912;422;9181;9328;6.06;0.37;340.41;8.50;1269;36;3195.00;147
7916;30;620663722;7916;430;9182;9328;5.99;0.37;340.57;8.55;1266;36;3196.00;146
7921;30;620663738;7921;426;9187;9334;5.97;0.36;340.66;8.55;1266;36;3197.00;147
7923;30;620663753;7923;430;9187;9334;5.90;0.36;340.67;8.55;1264;36;3198.00;147
7926;30;620663768;7926;437;9188;9335;5.79;0.35;340.73;8.59;1262;36;3199.00;147
7932;30;620663785;7932;442;9188;9335;5.70;0.35;340.79;8.59;1256;36;3200.00;147
7936;30;620663804;7936;453;9189;9335;5.62;0.34;340.76;8.64;1253;36;3201.00;146
7939;30;620663819;7939;460;9189;9335;5.61;0.34;340.83;8.64;1250;36;3202.00;146
7942;30;620663835;7942;470;9192;9335;5.58;0.34;340.94;8.78;1250;36;3203.00;143
7944;30;620663851;7944;474;9203;9347;5.58;0.34;340.95;8.86;1259;36;3204.00;144
7946;30;620663867;7946;482;9204;9347;5.61;0.34;341.04;8.90;1258;36;3205.00;143
7951;30;620663881;7951;491;9207;9347;5.59;0.34;341.06;8.94;1256;36;3206.00;140
7952;30;620663896;7952;495;9208;9347;5.56;0.34;341.15;8.98;1256;36;3207.00;139
7955;30;620663909;7955;510;9208;9347;5.53;0.34;341.24;8.98;1253;36;3208.00;139
7960;30;620663924;7960;508;9209;9347;5.47;0.33;341.38;9.03;1249;36;3209.00;138
7962;30;620663939;7962;510;9213;9351;5.44;0.33;341.52;9.07;1251;36;3210.00;138
7963;30;620663954;7963;516;9213;9351;5.46;0.33;341.56;9.07;1250;36;3211.00;138
7964;30;620663968;7964;515;9218;9355;5.51;0.34;341.57;9.11;1254;36;3212.00;137
7967;30;620663983;7967;515;9219;9356;5.48;0.33;341.65;9.10;1252;36;3213.00;137
7970;30;620664000;7970;521;9220;9356;5.43;0.33;341.74;9.15;1250;36;3214.00;136
7974;30;620664014;7974;526;9220;9356;5.39;0.33;341.83;9.15;1246;36;3215.00;136
7978;30;620664027;7978;536;9233;9369;5.36;0.33;341.90;9.22;1255;36;3216.00;136
7980;30;620664043;7980;536;9233;9369;5.32;0.32;341.85;9.22;1253;36;3217.00;136
7984;30;620664056;7984;538;9233;9369;5.32;0.32;342.00;9.22;1249;36;3218.00;136
7989;30;620664070;7989;540;9236;9370;5.28;0.32;342.14;9.30;1247;36;3219.00;134
7990;30;620664083;7990;546;9236;9371;5.21;0.32;342.16;9.30;1246;36;3220.00;135
7993;30;620664096;7993;545;9238;9371;5.12;0.31;342.30;9.38;1245;36;3221.00;133
7995;30;620664110;7995;553;9241;9374;5.09;0.31;342.43;9.37;1246;36;3222.00;133
7997;30;620664123;7997;557;9241;9374;5.06;0.31;342.54;9.37;1244;36;3223.00;133
8001;30;620664136;8001;553;9243;9374;4.96;0.30;342.62;9.45;1242;36;3224.00;131
8006;30;620664149;8006;552;9243;9374;4.87;0.30;342.64;9.45;1237;36;3225.00;131
8010;30;620664163;8010;554;9250;9380;4.82;0.29;342.66;9.52;1240;36;3226.00;130
8011;30;620664177;8011;558;9250;9380;4.75;0.29;342.69;9.52;1239;36;3227.00;130
8015;30;620664190;8015;565;9250;9380;4.64;0.28;342.78;9.52;1235;36;3228.00;130
8019;30;620664203;8019;575;9252;9380;4.50;0.28;342.70;9.60;1233;36;3229.00;128
8023;30;620664215;8023;571;9255;9384;4.44;0.27;342.64;9.59;1232;36;3230.00;129
8026;30;620664228;8026;565;9258;9385;4.37;0.27;342.60;9.67;1232;36;3231.00;127
8027;30;620664241;8027;554;9258;9385;4.35;0.27;342.59;9.67;1231;36;3232.00;127
8031;30;620664254;8031;549;9259;9386;4.33;0.26;342.63;9.66;1228;36;3233.00;127
8033;30;620664267;8033;555;9259;9386;4.30;0.26;342.65;9.66;1226;36;3234.00;127
8034;30;620664279;8034;555;9259;9386;4.29;0.26;342.65;9.66;1225;36;3235.00;127
8036;30;620664291;8036;553;9259;9386;4.28;0.26;342.68;9.66;1223;36;3236.00;127
8040;30;620664304;8040;556;9259;9386;4.24;0.26;342.66;9.66;1219;36;3237.00;127
8043;30;620664319;8043;548;9259;9386;4.22;0.26;342.70;9.66;1216;36;3238.00;127
8047;30;620664332;8047;539;9259;9386;4.22;0.26;342.72;9.66;1212;36;3239.00;127
8051;30;620664347;8051;541;9318;9511;4.49;0.28;342.62;9.60;1267;36;3240.00;193
8055;30;620664369;8055;537;9323;9512;4.49;0.28;342.53;9.60;1268;36;3241.00;189
8057;30;620664382;8057;537;9333;9512;4.54;0.28;342.54;9.59;1276;36;3242.00;179
8061;30;620664394;8061;543;9339;9512;4.54;0.28;342.56;9.59;1278;36;3243.00;173
8064;30;620664408;8064;547;9342;9512;4.59;0.28;342.57;9.58;1278;36;3244.00;170
8069;30;620664431;8069;556;9345;9512;4.59;0.28;342.59;9.58;1276;36;3245.00;167
8072;30;620664450;8072;561;9348;9512;4.60;0.28;342.58;9.58;1276;36;3246.00;164
8077;30;620664463;8077;561;9349;9512;4.54;0.28;342.52;9.58;1272;36;3247.00;163
8078;30;620664483;8078;566;9353;9513;4.59;0.28;342.50;9.58;1275;36;3248.00;160
8081;30;620664499;8081;561;9355;9514;4.57;0.28;342.56;9.58;1274;36;3249.00;159
8084;30;620664519;8084;567;9357;9514;4.54;0.28;342.50;9.58;1273;36;3250.00;157
8086;30;620664533;8086;573;9361;9518;4.60;0.28;342.49;9.58;1275;36;3251.00;157
8088;30;620664547;8088;580;9361;9518;4.57;0.28;342.52;9.58;1273;36;3252.00;157
8090;30;620664561;8090;573;9361;9518;4.53;0.28;342.47;9.58;1271;36;3253.00;157
8092;30;620664573;8092;566;9361;9518;4.50;0.28;342.46;9.58;1269;36;3254.00;157
8093;30;620664586;8093;573;9365;9524;4.48;0.27;342.46;9.57;1272;36;3255.00;159
8095;30;620664600;8095;565;9365;9524;4.41;0.27;342.52;9.57;1270;36;3256.00;159
8098;30;620664613;8098;572;9365;9524;4.34;0.27;342.59;9.57;1267;36;3257.00;159
8101;30;620664626;8101;576;9367;9527;4.29;0.26;342.53;9.57;1266;36;3258.00;160
8106;30;620664639;8106;563;9367;9527;4.23;0.26;342.58;9.57;1261;36;3259.00;160
8106;30;620664653;8106;553;9367;9527;4.23;0.26;342.58;9.57;1261;36;3260.00;160
8109;30;620664665;8109;558;9367;9528;4.25;0.26;342.63;9.57;1258;36;3261.00;161
8113;30;620664684;8113;555;9369;9529;4.26;0.26;342.71;9.57;1256;36;3262.00;160
8116;30;620664698;8116;551;9369;9529;4.27;0.26;342.69;9.57;1253;36;3263.00;160
8120;30;620664711;8120;557;9380;9542;4.37;0.27;342.63;9.57;1260;36;3264.00;162
8124;30;620664726;8124;549;9381;9542;4.37;0.27;342.65;9.57;1257;36;3265.00;161
8127;30;620664745;8127;553;9382;9542;4.36;0.27;342.60;9.57;1255;36;3266.00;160
8132;30;620664758;8132;552;9382;9543;4.34;0.26;342.63;9.57;1250;36;3267.00;161
8135;30;620664772;8135;556;9385;9543;4.34;0.26;342.67;9.63;1250;36;3268.00;158
8140;30;620664786;8140;553;9389;9547;4.38;0.27;342.68;9.63;1249;36;3269.00;158
8144;30;620664803;8144;553;9389;9547;4.37;0.27;342.63;9.63;1245;36;3270.00;158
8146;30;620664816;8146;558;9393;9551;4.41;0.27;342.64;9.63;1247;36;3271.00;158
8150;30;620664829;8150;555;9394;9551;4.37;0.27;342.61;9.63;1244;36;3272.00;157
8155;30;620664843;8155;552;9395;9551;4.31;0.26;342.58;9.63;1240;36;3273.00;156
8160;30;620664856;8160;552;9397;9551;4.29;0.26;342.51;9.63;1237;36;3274.00;154
8162;30;620664869;8162;552;9397;9551;4.29;0.26;342.55;9.63;1235;36;3275.00;154
8163;30;620664882;8163;552;9406;9563;4.36;0.27;342.54;9.62;1243;36;3276.00;157
8165;30;620664896;8165;550;9408;9563;4.35;0.27;342.54;9.62;1243;36;3277.00;155
8166;30;620664910;8166;551;9409;9563;4.39;0.27;342.57;9.62;1243;36;3278.00;154
8166;30;620664924;8166;551;9409;9563;4.39;0.27;342.57;9.62;1243;36;3279.00;154
8168;30;620664937;8168;550;9409;9563;4.38;0.27;342.60;9.62;1241;36;3280.00;154
8169;30;620664950;8169;552;9409;9563;4.39;0.27;342.63;9.62;1240;36;3281.00;154
8169;30;620664963;8169;550;9409;9564;4.45;0.27;342.63;9.62;1240;36;3282.00;155
8171;30;620664976;8171;543;9409;9564;4.44;0.27;342.64;9.62;1238;36;3283.00;155
8172;30;620664990;8172;551;9414;9570;4.50;0.28;342.61;9.61;1242;36;3284.00;156
8174;30;620665003;8174;549;9416;9572;4.52;0.28;342.66;9.61;1242;36;3285.00;156
8175;30;620665022;8175;537;9416;9572;4.56;0.28;342.75;9.61;1241;36;3286.00;156
8177;30;620665035;8177;529;9416;9572;4.62;0.28;342.76;9.61;1239;36;3287.00;156
8179;30;620665048;8179;515;9419;9576;4.71;0.29;342.86;9.61;1240;36;3288.00;157
8180;30;620665068;8180;516;9419;9576;4.78;0.29;342.94;9.61;1239;36;3289.00;157
8183;30;620665081;8183;513;9419;9576;4.80;0.29;343.06;9.61;1236;36;3290.00;157
8185;30;620665095;8185;512;9420;9577;4.86;0.30;343.16;9.61;1235;36;3291.00;157
8188;30;620665110;8188;508;9423;9581;4.87;0.30;343.25;9.61;1235;36;3292.00;158
8189;30;620665123;8189;514;9423;9581;4.89;0.30;343.23;9.61;1234;36;3293.00;158
8190;30;620665136;8190;515;9425;9584;4.93;0.30;343.20;9.60;1235;36;3294.00;159
8194;30;620665150;8194;513;9425;9584;4.93;0.30;343.42;9.60;1231;36;3295.00;159
8196;30;620665164;8196;516;9426;9584;4.91;0.30;343.51;9.60;1230;36;3296.00;158
8197;30;620665178;8197;511;9426;9584;4.95;0.30;343.52;9.60;1229;36;3297.00;158
8202;30;620665193;8202;511;9430;9588;5.01;0.31;343.59;9.60;1228;36;3298.00;158
8204;30;620665208;8204;509;9430;9588;5.02;0.31;343.76;9.60;1226;36;3299.00;158
8208;30;620665231;8208;507;9435;9607;5.07;0.31;343.73;9.59;1227;36;3300.00;172
8213;30;620665256;8213;498;9435;9607;5.05;0.31;343.86;9.59;1222;36;3301.00;172
8215;30;620665274;8215;498;9435;9608;5.07;0.31;343.87;9.59;1220;36;3302.00;173
8215;30;620665289;8215;497;9436;9609;5.08;0.31;343.87;9.59;1221;36;3303.00;173
8216;30;620665303;8216;498;9436;9609;5.08;0.31;343.91;9.59;1220;36;3304.00;173
8221;30;620665320;8221;493;9437;9610;5.10;0.31;343.93;9.59;1216;36;3305.00;173
8222;30;620665342;8222;498;9439;9610;5.10;0.31;343.93;9.59;1217;36;3306.00;171
8225;30;620665362;8225;493;9439;9610;5.12;0.31;344.03;9.59;1214;36;3307.00;171
8227;30;620665385;8227;498;9439;9610;5.18;0.32;344.05;9.59;1212;36;3308.00;171
8229;30;620665406;8229;499;9439;9610;5.26;0.32;344.16;9.59;1210;36;3309.00;171
8231;30;620665428;8231;494;9439;9610;5.31;0.32;344.24;9.59;1208;36;3310.00;171
8234;30;620665451;8234;485;9439;9610;5.36;0.33;344.35;9.59;1205;36;3311.00;171
8235;30;620665467;8235;514;9510;9737;5.55;0.34;344.34;9.52;1275;36;3312.00;227
8237;30;620665494;8237;498;9510;9738;5.58;0.34;344.30;9.52;1273;36;3313.00;228
8240;30;620665511;8240;493;9514;9738;5.65;0.35;344.35;9.52;1274;36;3314.00;224
8243;30;620665527;8243;495;9517;9738;5.65;0.35;344.41;9.52;1274;36;3315.00;221
8244;30;620665543;8244;493;9521;9738;5.69;0.35;344.39;9.52;1277;36;3316.00;217
8247;30;620665558;8247;487;9522;9738;5.73;0.35;344.41;9.51;1275;36;3317.00;216
8249;30;620665573;8249;492;9526;9738;5.70;0.35;344.53;9.52;1277;36;3318.00;212
8252;30;620665589;8252;491;9528;9738;5.73;0.35;344.64;9.52;1276;36;3319.00;210
8255;30;620665606;8255;482;9530;9739;5.74;0.35;344.70;9.51;1275;36;3320.00;209
8257;30;620665622;8257;483;9535;9740;5.72;0.35;344.76;9.51;1278;36;3321.00;205
8257;30;620665638;8257;474;9537;9740;5.72;0.35;344.76;9.51;1280;36;3322.00;203
8257;30;620665654;8257;469;9540;9741;5.72;0.35;344.76;9.52;1283;36;3323.00;201
8258;30;620665669;8258;464;9542;9741;5.72;0.35;344.73;9.52;1284;36;3324.00;199
8261;30;620665685;8261;467;9546;9741;5.72;0.35;344.79;9.52;1285;36;3325.00;195
8263;30;620665701;8263;456;9548;9741;5.75;0.35;344.90;9.52;1285;36;3326.00;193
8266;30;620665716;8266;452;9551;9745;5.78;0.35;344.94;9.52;1285;36;3327.00;194
8268;30;620665732;8268;447;9551;9745;5.77;0.35;344.97;9.52;1283;36;3328.00;194
8270;30;620665748;8270;442;9553;9745;5.71;0.35;345.01;9.52;1283;36;3329.00;192
8274;30;620665765;8274;437;9557;9751;5.67;0.35;345.22;9.52;1283;36;3330.00;194
8275;30;620665781;8275;434;9557;9751;5.63;0.34;345.23;9.52;1282;36;3331.00;194
8280;30;620665796;8280;425;9560;9751;5.49;0.34;345.35;9.52;1280;36;3332.00;191
8284;30;620665812;8284;417;9564;9755;5.44;0.33;345.52;9.52;1280;36;3333.00;191
8286;30;620665828;8286;409;9566;9756;5.36;0.33;345.61;9.52;1280;36;3334.00;190
8287;30;620665844;8287;410;9572;9756;5.30;0.32;345.63;9.62;1285;36;3335.00;184
8290;30;620665864;8290;399;9574;9760;5.30;0.32;345.73;9.62;1284;36;3336.00;186
8294;30;620665880;8294;400;9576;9760;5.29;0.32;345.68;9.62;1282;36;3337.00;184
8296;30;620665896;8296;403;9576;9760;5.30;0.32;345.67;9.62;1280;36;3338.00;184
8299;30;620665911;8299;401;9579;9761;5.32;0.32;345.64;9.62;1280;36;3339.00;182
8303;30;620665936;8303;405;9579;9761;5.33;0.32;345.73;9.62;1276;36;3340.00;182
8304;30;620665952;8304;408;9584;9767;5.38;0.33;345.74;9.62;1280;36;3341.00;183
8307;30;620665969;8307;412;9585;9767;5.40;0.33;345.75;9.62;1278;36;3342.00;182
8310;30;620665985;8310;411;9587;9768;5.42;0.33;345.84;9.62;1277;36;3343.00;181
8313;30;620666001;8313;408;9587;9768;5.43;0.33;345.80;9.62;1274;36;3344.00;181
8315;30;620666017;8315;410;9588;9768;5.46;0.33;345.84;9.63;1273;36;3345.00;180
8318;30;620666032;8318;400;9588;9768;5.45;0.33;345.80;9.63;1270;36;3346.00;180
8318;30;620666047;8318;398;9589;9768;5.51;0.34;345.80;9.63;1271;36;3347.00;179
8320;30;620666063;8320;398;9600;9780;5.60;0.34;345.79;9.62;1280;36;3348.00;180
8322;30;620666079;8322;405;9600;9780;5.57;0.34;345.78;9.62;1278;36;3349.00;180
8325;30;620666094;8325;404;9600;9780;5.51;0.34;345.79;9.62;1275;36;3350.00;180
8328;30;620666110;8328;403;9602;9780;5.44;0.33;345.77;9.62;1274;36;3351.00;178
8328;30;620666124;8328;407;9602;9780;5.43;0.33;345.77;9.62;1274;36;3352.00;178
8333;30;620666141;8333;414;9604;9780;5.38;0.33;345.83;9.63;1271;36;3353.00;176
8336;30;620666155;8336;411;9607;9784;5.37;0.33;346.03;9.62;1271;36;3354.00;177
8337;30;620666171;8337;408;9607;9784;5.37;0.33;346.02;9.62;1270;36;3355.00;177
8341;30;620666186;8341;409;9612;9788;5.40;0.33;346.19;9.62;1271;36;3356.00;176
8348;30;620666202;8348;409;9613;9789;5.39;0.33;346.16;9.62;1265;36;3357.00;176
8350;30;620666217;8350;409;9614;9789;5.37;0.33;346.26;9.67;1264;36;3358.00;175
8353;30;620666232;8353;410;9614;9789;5.33;0.33;346.41;9.67;1261;36;3359.00;175
8357;30;620666248;8357;418;9635;9818;5.37;0.33;346.38;9.65;1278;36;3360.00;183
8360;30;620666267;8360;421;9639;9818;5.33;0.33;346.29;9.74;1279;36;3361.00;179
8364;30;620666282;8364;429;9641;9818;5.32;0.32;346.56;9.74;1277;36;3362.00;177
8367;30;620666303;8367;432;9644;9819;5.28;0.32;346.68;9.84;1277;36;3363.00;175
8368;30;620666320;8368;444;9644;9820;5.27;0.32;346.75;9.84;1276;36;3364.00;176
8373;30;620666336;8373;448;9645;9820;5.23;0.32;346.84;9.89;1272;36;3365.00;175
8374;30;620666352;8374;460;9647;9823;5.26;0.32;346.83;9.88;1273;36;3366.00;176
8377;30;620666367;8377;470;9648;9823;5.26;0.32;347.00;9.93;1271;36;3367.00;175
8380;30;620666381;8380;476;9649;9823;5.24;0.32;347.04;9.93;1269;36;3368.00;174
8381;30;620666395;8381;484;9652;9823;5.22;0.32;347.09;10.08;1271;36;3369.00;171
8382;30;620666409;8382;492;9657;9829;5.22;0.32;347.16;10.07;1275;36;3370.00;172
8385;30;620666423;8385;502;9659;9829;5.12;0.31;347.20;10.16;1274;36;3371.00;170
8390;30;620666437;8390;504;9659;9829;5.02;0.31;347.36;10.16;1269;36;3372.00;170
8391;30;620666450;8391;521;9660;9829;4.89;0.30;347.34;10.21;1269;36;3373.00;169
8395;30;620666464;8395;532;9663;9833;4.74;0.29;347.44;10.21;1268;36;3374.00;170
8396;30;620666478;8396;533;9665;9835;4.67;0.29;347.43;10.21;1269;36;3375.00;170
8398;30;620666491;8398;545;9665;9835;4.58;0.28;347.44;10.21;1267;36;3376.00;170
8402;30;620666504;8402;552;9666;9836;4.50;0.28;347.49;10.20;1264;36;3377.00;170
8407;30;620666517;8407;559;9670;9836;4.41;0.27;347.40;10.38;1263;36;3378.00;166
8409;30;620666530;8409;560;9670;9836;4.40;0.27;347.36;10.38;1261;36;3379.00;166
8411;30;620666543;8411;549;9672;9836;4.39;0.27;347.30;10.47;1261;36;3380.00;164
8414;30;620666555;8414;551;9672;9836;4.36;0.27;347.22;10.47;1258;36;3381.00;164
8414;30;620666568;8414;552;9672;9836;4.39;0.27;347.22;10.47;1258;36;3382.00;164
8416;30;620666580;8416;555;9674;9836;4.40;0.27;347.18;10.56;1258;36;3383.00;162
8417;30;620666599;8417;569;9714;9906;4.60;0.28;347.15;10.52;1297;36;3384.00;192
8418;30;620666617;8418;567;9718;9907;4.59;0.28;347.13;10.60;1300;36;3385.00;189
8419;30;620666630;8419;562;9727;9907;4.66;0.29;347.10;10.63;1308;36;3386.00;180
8421;30;620666643;8421;566;9731;9907;4.68;0.29;347.08;10.67;1310;36;3387.00;176
8421;30;620666655;8421;571;9733;9907;4.72;0.29;347.08;10.67;1312;36;3388.00;174
8426;30;620666668;8426;571;9738;9907;4.73;0.29;347.02;10.75;1312;36;3389.00;169
8427;30;620666682;8427;573;9740;9907;4.75;0.29;346.98;10.75;1313;36;3390.00;167
8429;30;620666695;8429;576;9744;9907;4.73;0.29;346.93;10.83;1315;36;3391.00;163
8434;30;620666707;8434;586;9746;9908;4.66;0.28;346.84;10.83;1312;36;3392.00;162
8435;30;620666726;8435;592;9749;9909;4.66;0.28;346.83;10.91;1314;36;3393.00;160
8439;30;620666739;8439;602;9749;9909;4.60;0.28;346.76;10.91;1310;36;3394.00;160
8442;30;620666752;8442;608;9752;9913;4.53;0.28;346.68;10.91;1310;36;3395.00;161
8445;30;620666766;8445;613;9754;9913;4.41;0.27;346.75;10.99;1309;36;3396.00;159
8450;30;620666779;8450;629;9754;9913;4.26;0.26;346.67;10.99;1304;36;3397.00;159
8453;30;620666791;8453;637;9754;9913;4.12;0.25;346.63;10.99;1301;36;3398.00;159
8455;30;620666810;8455;650;9758;9919;4.05;0.25;346.58;10.98;1303;36;3399.00;161
8456;30;620666823;8456;642;9758;9919;4.00;0.24;346.58;10.98;1302;36;3400.00;161
8458;30;620666839;8458;646;9758;9919;3.92;0.24;346.57;10.98;1300;36;3401.00;161
8460;30;620666852;8460;645;9760;9922;3.86;0.24;346.58;10.98;1300;36;3402.00;162
8461;30;620666864;8461;642;9760;9922;3.82;0.23;346.54;10.98;1299;36;3403.00;162
8464;30;620666876;8464;636;9760;9922;3.75;0.23;346.51;10.98;1296;36;3404.00;162
8466;30;620666889;8466;635;9760;9923;3.72;0.23;346.57;10.98;1294;36;3405.00;163
8468;30;620666901;8468;639;9761;9924;3.72;0.23;346.62;10.98;1293;36;3406.00;163
8471;30;620666914;8471;632;9761;9924;3.71;0.23;346.61;10.98;1290;36;3407.00;163
8474;30;620666926;8474;635;9771;9937;3.76;0.23;346.57;10.97;1297;36;3408.00;166
8475;30;620666939;8475;625;9771;9937;3.77;0.23;346.58;10.97;1296;36;3409.00;166
8478;30;620666951;8478;626;9771;9937;3.77;0.23;346.58;10.97;1293;36;3410.00;166
8480;30;620666964;8480;613;9771;9938;3.77;0.23;346.60;10.97;1291;36;3411.00;167
8484;30;620666978;8484;603;9771;9938;3.78;0.23;346.62;10.97;1287;36;3412.00;167
8484;30;620666990;8484;595;9774;9942;3.87;0.24;346.62;10.97;1290;36;3413.00;168
8487;30;620667003;8487;592;9774;9942;3.91;0.24;346.57;10.97;1287;36;3414.00;168
8491;30;620667017;8491;593;9777;9946;3.99;0.24;346.52;10.96;1286;36;3415.00;169
8496;30;620667030;8496;586;9777;9946;4.05;0.25;346.49;10.96;1281;36;3416.00;169
8499;30;620667042;8499;581;9777;9946;4.08;0.25;346.49;10.96;1278;36;3417.00;169
8502;30;620667067;8502;576;9777;9946;4.08;0.25;346.47;10.96;1275;36;3418.00;169
8506;30;620667080;8506;570;9777;9946;4.10;0.25;346.37;10.96;1271;36;3419.00;169
8509;30;620667095;8509;561;9803;9980;4.29;0.26;346.36;10.93;1294;36;3420.00;177
8511;30;620667112;8511;555;9803;9980;4.34;0.26;346.35;10.93;1292;36;3421.00;177
8513;30;620667125;8513;551;9803;9980;4.40;0.27;346.41;10.93;1290;36;3422.00;177
8517;30;620667139;8517;553;9805;9980;4.43;0.27;346.39;11.01;1288;36;3423.00;175
8517;30;620667153;8517;541;9805;9980;4.50;0.27;346.39;11.01;1288;36;3424.00;175
8520;30;620667167;8520;542;9805;9980;4.49;0.27;346.43;11.01;1285;36;3425.00;175
8523;30;620667181;8523;545;9805;9981;4.51;0.27;346.51;11.01;1282;36;3426.00;176
8526;30;620667201;8526;543;9805;9981;4.50;0.27;346.47;11.01;1279;36;3427.00;176
8529;30;620667215;8529;528;9808;9987;4.49;0.27;346.57;11.00;1279;36;3428.00;179
8530;30;620667229;8530;533;9809;9988;4.47;0.27;346.57;11.01;1279;36;3429.00;179
8533;30;620667243;8533;532;9809;9988;4.45;0.27;346.60;11.01;1276;36;3430.00;179
8536;30;620667262;8536;529;9809;9988;4.45;0.27;346.53;11.01;1273;36;3431.00;179
8538;30;620667276;8538;526;9812;9992;4.49;0.27;346.55;11.00;1274;36;3432.00;180
8542;30;620667289;8542;523;9813;9992;4.50;0.27;346.53;11.01;1271;36;3433.00;179
8545;30;620667302;8545;520;9813;9992;4.48;0.27;346.50;11.01;1268;36;3434.00;179
8548;30;620667316;8548;513;9815;9993;4.49;0.27;346.54;11.01;1267;36;3435.00;178
8553;30;620667339;8553;515;9819;9997;4.49;0.27;346.58;11.01;1266;36;3436.00;178
8554;30;620667359;8554;507;9820;9997;4.52;0.27;346.58;11.01;1266;36;3437.00;177
8556;30;620667381;8556;511;9822;10000;4.55;0.28;346.60;11.01;1266;36;3438.00;178
8562;30;620667409;8562;506;9823;10000;4.48;0.27;346.77;11.08;1261;36;3439.00;177
8563;30;620667430;8563;512;9826;10000;4.49;0.27;346.74;11.08;1263;36;3440.00;174
8567;30;620667445;8567;518;9826;10000;4.46;0.27;346.91;11.08;1259;36;3441.00;174
8570;30;620667460;8570;518;9828;10004;4.45;0.27;347.11;11.08;1258;36;3442.00;176
8572;30;620667476;8572;519;9828;10004;4.43;0.27;347.12;11.08;1256;36;3443.00;176
8575;30;620667491;8575;521;9831;10004;4.37;0.27;347.16;11.09;1256;36;3444.00;173
8579;30;620667506;8579;527;9831;10004;4.28;0.26;347.24;11.09;1252;36;3445.00;173
8580;30;620667522;8580;524;9832;10005;4.30;0.26;347.27;11.16;1252;36;3446.00;173
8583;30;620667538;8583;512;9835;10006;4.29;0.26;347.32;11.16;1252;36;3447.00;171
8583;30;620667554;8583;511;9835;10006;4.30;0.26;347.32;11.16;1252;36;3448.00;171
8586;30;620667577;8586;502;9837;10007;4.30;0.26;347.43;11.16;1251;36;3449.00;170
8588;30;620667593;8588;498;9838;10007;4.32;0.26;347.48;11.16;1250;36;3450.00;169
8590;30;620667607;8590;501;9838;10007;4.33;0.26;347.48;11.16;1248;36;3451.00;169
8591;30;620667621;8591;492;9838;10007;4.38;0.27;347.52;11.16;1247;36;3452.00;169
8593;30;620667635;8593;498;9839;10007;4.43;0.27;347.59;11.16;1246;36;3453.00;168
8594;30;620667650;8594;499;9839;10007;4.50;0.28;347.64;11.16;1245;36;3454.00;168
8598;30;620667664;8598;502;9839;10007;4.50;0.28;347.67;11.16;1241;36;3455.00;168
8600;30;620667688;8600;523;9917;10134;4.64;0.29;347.71;11.07;1317;36;3456.00;217
8604;30;620667717;8604;501;9917;10135;4.66;0.29;347.88;11.07;1313;36;3457.00;218
8604;30;620667734;8604;486;9922;10135;4.78;0.30;347.88;11.06;1318;36;3458.00;213
8605;30;620667763;8605;481;9925;10135;4.84;0.30;347.97;11.06;1320;36;3459.00;210
8607;30;620667779;8607;476;9928;10135;4.94;0.31;347.94;11.06;1321;36;3460.00;207
8608;30;620667795;8608;469;9930;10135;4.97;0.31;347.99;11.06;1322;36;3461.00;205
8610;30;620667811;8610;459;9933;10135;5.04;0.31;347.98;11.06;1323;36;3462.00;202
8614;30;620667827;8614;459;9936;10135;5.06;0.31;347.99;11.05;1322;36;3463.00;199
8618;30;620667844;8618;468;9937;10136;5.08;0.31;348.03;11.05;1319;36;3464.00;199
8620;30;620667863;8620;475;9941;10138;5.13;0.32;348.07;11.05;1321;36;3465.00;197
8625;30;620667880;8625;479;9944;10138;5.06;0.31;348.21;11.12;1319;36;3466.00;194
8627;30;620667898;8627;482;9947;10139;5.03;0.31;348.32;11.12;1320;36;3467.00;192
8629;30;620667914;8629;481;9949;10139;5.02;0.31;348.29;11.12;1320;36;3468.00;190
8631;30;620667932;8631;481;9951;10139;5.04;0.31;348.42;11.12;1320;36;3469.00;188
8636;30;620667950;8636;480;9954;10139;4.99;0.31;348.56;11.12;1318;36;3470.00;185
8638;30;620667967;8638;479;9957;10143;5.01;0.31;348.58;11.12;1319;36;3471.00;186
8643;30;620667984;8643;479;9959;10143;5.00;0.31;348.71;11.12;1316;36;3472.00;184
8646;30;620668002;8646;482;9961;10143;4.96;0.30;348.75;11.12;1315;36;3473.00;182
8649;30;620668019;8649;482;9961;10146;4.94;0.30;348.92;11.12;1312;36;3474.00;185
8651;30;620668036;8651;479;9963;10146;4.94;0.30;349.02;11.11;1312;36;3475.00;183
8656;30;620668053;8656;476;9965;10146;4.93;0.30;349.08;11.12;1309;36;3476.00;181
8657;30;620668069;8657;478;9969;10150;4.96;0.30;349.08;11.11;1312;36;3477.00;181
8657;30;620668087;8657;478;9971;10151;5.03;0.31;349.08;11.11;1314;36;3478.00;180
8658;30;620668103;8658;476;9972;10151;5.03;0.31;349.08;11.11;1314;36;3479.00;179
8661;30;620668121;8661;477;9976;10156;5.04;0.31;349.09;11.11;1315;36;3480.00;180
8663;30;620668139;8663;479;9977;10156;5.06;0.31;349.06;11.17;1314;36;3481.00;179
8664;30;620668156;8664;476;9977;10156;5.08;0.31;349.08;11.17;1313;36;3482.00;179
8666;30;620668173;8666;485;9978;10157;5.09;0.31;349.10;11.17;1312;36;3483.00;179
8668;30;620668190;8668;488;9978;10157;5.08;0.31;349.15;11.17;1310;36;3484.00;179
8668;30;620668206;8668;488;9983;10163;5.10;0.31;349.15;11.16;1315;36;3485.00;180
8670;30;620668223;8670;489;9983;10163;5.10;0.31;349.13;11.16;1313;36;3486.00;180
8671;30;620668239;8671;497;9983;10164;5.09;0.31;349.10;11.16;1312;36;3487.00;181
8673;30;620668255;8673;499;9983;10164;5.09;0.31;349.10;11.16;1310;36;3488.00;181
8674;30;620668273;8674;500;9983;10164;5.06;0.31;349.08;11.16;1309;36;3489.00;181
8675;30;620668289;8675;494;9983;10164;5.08;0.31;349.09;11.16;1308;36;3490.00;181
8675;30;620668306;8675;491;9983;10164;5.09;0.31;349.09;11.16;1308;36;3491.00;181
8675;30;620668325;8675;496;9992;10176;5.19;0.32;349.09;11.15;1317;36;3492.00;184
8681;30;620668342;8681;480;9992;10176;5.19;0.32;349.15;11.15;1311;36;3493.00;184
8682;30;620668360;8682;477;9994;10176;5.26;0.32;349.21;11.15;1312;36;3494.00;182
8684;30;620668377;8684;477;9994;10176;5.27;0.32;349.31;11.15;1310;36;3495.00;182
8685;30;620668394;8685;464;9994;10176;5.30;0.32;349.31;11.15;1309;36;3496.00;182
8690;30;620668417;8690;452;9995;10176;5.27;0.32;349.44;11.21;1305;36;3497.00;181
8695;30;620668434;8695;456;9998;10180;5.19;0.31;349.62;11.21;1303;36;3498.00;182
8697;30;620668450;8697;459;9998;10180;5.22;0.32;349.65;11.21;1301;36;3499.00;182
8698;30;620668467;8698;454;10002;10184;5.24;0.32;349.66;11.20;1304;36;3500.00;182
8699;30;620668487;8699;447;10002;10185;5.20;0.32;349.69;11.20;1303;36;3501.00;183
8701;30;620668506;8701;447;10003;10185;5.20;0.32;349.72;11.20;1302;36;3502.00;182
8702;30;620668520;8702;448;10003;10185;5.20;0.32;349.72;11.20;1301;36;3503.00;182
8706;30;620668534;8706;453;10014;10198;5.18;0.31;349.76;11.19;1308;36;3504.00;184
8710;30;620668554;8710;452;10016;10198;5.16;0.31;349.84;11.28;1306;36;3505.00;182
8716;30;620668571;8716;456;10016;10198;5.14;0.31;349.90;11.28;1300;36;3506.00;182
8721;30;620668585;8721;456;10017;10199;5.13;0.31;350.04;11.28;1296;36;3507.00;182
8722;30;620668600;8722;462;10017;10200;5.13;0.31;350.09;11.28;1295;36;3508.00;183
8724;30;620668614;8724;454;10017;10200;5.15;0.31;350.16;11.28;1293;36;3509.00;183
8726;30;620668630;8726;455;10021;10206;5.13;0.31;350.23;11.28;1295;36;3510.00;185
8729;30;620668644;8729;450;10022;10206;5.13;0.31;350.26;11.28;1293;36;3511.00;184
8732;30;620668658;8732;451;10023;10206;5.10;0.31;350.37;11.28;1291;36;3512.00;183
8733;30;620668672;8733;456;10023;10206;5.06;0.31;350.34;11.28;1290;36;3513.00;183
8736;30;620668685;8736;459;10028;10212;5.02;0.30;350.45;11.27;1292;36;3514.00;184
8737;30;620668699;8737;458;10028;10212;5.00;0.30;350.46;11.27;1291;36;3515.00;184
8739;30;620668712;8739;459;10028;10212;4.93;0.30;350.56;11.27;1289;36;3516.00;184
8742;30;620668726;8742;464;10028;10212;4.89;0.30;350.71;11.27;1286;36;3517.00;184
8745;30;620668740;8745;471;10031;10216;4.84;0.29;350.76;11.27;1286;36;3518.00;185
8749;30;620668753;8749;474;10034;10219;4.82;0.29;350.93;11.27;1285;36;3519.00;185
8750;30;620668767;8750;476;10034;10219;4.82;0.29;350.95;11.27;1284;36;3520.00;185
8755;30;620668780;8755;477;10035;10220;4.80;0.29;351.19;11.26;1280;36;3521.00;185
8758;30;620668794;8758;486;10035;10220;4.78;0.29;351.26;11.26;1277;36;3522.00;185
8760;30;620668808;8760;493;10035;10220;4.75;0.29;351.33;11.26;1275;36;3523.00;185
8762;30;620668822;8762;497;10035;10220;4.75;0.29;351.33;11.26;1273;36;3524.00;185
8766;30;620668836;8766;502;10035;10220;4.71;0.29;351.48;11.26;1269;36;3525.00;185
8766;30;620668850;8766;506;10035;10220;4.72;0.29;351.48;11.26;1269;36;3526.00;185
8768;30;620668864;8768;517;10035;10220;4.72;0.29;351.47;11.26;1267;36;3527.00;185
8770;30;620668877;8770;528;10071;10290;4.94;0.30;351.46;11.22;1301;36;3528.00;219
8771;30;620668896;8771;533;10071;10291;4.90;0.30;351.43;11.22;1300;36;3529.00;220
8773;30;620668910;8773;542;10080;10291;4.97;0.30;351.40;11.22;1307;36;3530.00;211
8775;30;620668924;8775;543;10086;10291;4.97;0.30;351.36;11.21;1311;36;3531.00;205
8776;30;620668938;8776;554;10090;10291;4.93;0.30;351.35;11.26;1314;36;3532.00;201
8780;30;620668952;8780;557;10092;10291;4.90;0.30;351.29;11.26;1312;36;3533.00;199
8781;30;620668966;8781;563;10095;10291;4.88;0.30;351.29;11.31;1314;36;3534.00;196
8781;30;620668980;8781;568;10098;10291;4.88;0.30;351.29;11.36;1317;36;3535.00;193
8782;30;620668993;8782;573;10099;10292;4.86;0.30;351.25;11.36;1317;36;3536.00;193
8783;30;620669018;8783;580;10103;10293;4.82;0.30;351.22;11.40;1320;36;3537.00;190
8785;30;620669032;8785;584;10105;10293;4.77;0.29;351.18;11.40;1320;36;3538.00;188
8790;30;620669046;8790;586;10108;10297;4.67;0.29;351.06;11.40;1318;36;3539.00;189
8790;30;620669062;8790;587;10109;10297;4.63;0.28;351.06;11.40;1319;36;3540.00;188
8793;30;620669075;8793;594;10111;10297;4.57;0.28;351.03;11.45;1318;36;3541.00;186
8794;30;620669088;8794;599;10112;10297;4.49;0.27;350.99;11.50;1318;36;3542.00;185
8795;30;620669101;8795;613;10118;10303;4.46;0.27;350.97;11.54;1323;36;3543.00;185
8797;30;620669115;8797;615;10118;10303;4.36;0.27;350.94;11.54;1321;36;3544.00;185
8798;30;620669128;8798;621;10118;10303;4.27;0.26;350.98;11.54;1320;36;3545.00;185
8799;30;620669140;8799;628;10120;10306;4.18;0.25;350.96;11.54;1321;36;3546.00;186
8799;30;620669154;8799;631;10120;10306;4.08;0.25;350.96;11.54;1321;36;3547.00;186
8801;30;620669167;8801;630;10124;10306;3.96;0.24;350.92;11.69;1323;36;3548.00;182
8801;30;620669180;8801;632;10124;10307;3.90;0.24;350.92;11.69;1323;36;3549.00;183
8802;30;620669192;8802;634;10127;10308;3.84;0.23;350.90;11.79;1325;36;3550.00;181
8804;30;620669205;8804;636;10128;10308;3.75;0.23;350.85;11.83;1324;36;3551.00;180
8806;30;620669217;8806;641;10138;10321;3.76;0.23;350.80;11.82;1332;36;3552.00;183
8808;30;620669231;8808;643;10140;10321;3.73;0.23;350.76;11.87;1332;36;3553.00;181
8810;30;620669244;8810;644;10140;10321;3.74;0.23;350.70;11.87;1330;36;3554.00;181
8814;30;620669257;8814;645;10143;10323;3.73;0.23;350.60;11.91;1329;36;3555.00;180
8815;30;620669271;8815;648;10144;10323;3.72;0.23;350.61;11.96;1329;36;3556.00;179
8815;30;620669284;8815;654;10148;10327;3.76;0.23;350.61;11.96;1333;36;3557.00;179
8817;30;620669297;8817;659;10149;10327;3.76;0.23;350.54;12.00;1332;36;3558.00;178
8819;30;620669310;8819;657;10153;10331;3.74;0.23;350.50;12.05;1334;36;3559.00;178
8819;30;620669328;8819;663;10153;10331;3.73;0.23;350.50;12.05;1334;36;3560.00;178
8819;30;620669347;8819;671;10155;10331;3.70;0.23;350.50;12.14;1336;36;3561.00;176
8823;30;620669368;8823;675;10155;10331;3.61;0.22;350.65;12.14;1332;36;3562.00;176
8824;30;620669388;8824;664;10155;10331;3.56;0.22;350.65;12.14;1331;36;3563.00;176
8825;30;620669408;8825;663;10164;10343;3.61;0.22;350.67;12.13;1339;36;3564.00;179
8828;30;620669428;8828;659;10164;10343;3.60;0.22;350.69;12.13;1336;36;3565.00;179
8831;30;620669445;8831;650;10166;10343;3.59;0.22;350.61;12.13;1335;36;3566.00;177
8833;30;620669459;8833;648;10166;10343;3.58;0.22;350.62;12.13;1333;36;3567.00;177
8835;30;620669474;8835;655;10166;10343;3.57;0.22;350.59;12.13;1331;36;3568.00;177
8838;30;620669488;8838;655;10166;10343;3.53;0.22;350.56;12.13;1328;36;3569.00;177
8840;30;620669503;8840;640;10166;10344;3.53;0.22;350.62;12.13;1326;36;3570.00;178
8842;30;620669518;8842;633;10166;10344;3.53;0.22;350.58;12.13;1324;36;3571.00;178
8843;30;620669538;8843;616;10171;10350;3.61;0.22;350.57;12.12;1328;36;3572.00;179
8845;30;620669552;8845;615;10172;10351;3.66;0.22;350.57;12.12;1327;36;3573.00;179
8847;30;620669565;8847;606;10172;10351;3.66;0.22;350.53;12.12;1325;36;3574.00;179
8849;30;620669579;8849;603;10172;10351;3.70;0.23;350.53;12.12;1323;36;3575.00;179
8851;30;620669594;8851;597;10175;10355;3.76;0.23;350.49;12.12;1324;36;3576.00;180
8853;30;620669608;8853;591;10175;10355;3.81;0.23;350.52;12.12;1322;36;3577.00;180
8855;30;620669631;8855;578;10175;10355;3.90;0.24;350.52;12.12;1320;36;3578.00;180
8856;30;620669644;8856;569;10176;10356;4.01;0.24;350.52;12.12;1320;36;3579.00;180
8859;30;620669658;8859;560;10179;10360;4.06;0.25;350.51;12.11;1320;36;3580.00;181
8860;30;620669672;8860;553;10179;10360;4.12;0.25;350.50;12.11;1319;36;3581.00;181
8863;30;620669686;8863;537;10182;10363;4.18;0.26;350.50;12.11;1319;36;3582.00;181
8864;30;620669700;8864;524;10182;10363;4.27;0.26;350.50;12.11;1318;36;3583.00;181
8871;30;620669714;8871;519;10182;10363;4.31;0.26;350.66;12.11;1311;36;3584.00;181
8873;30;620669728;8873;520;10182;10363;4.38;0.27;350.66;12.11;1309;36;3585.00;181
8877;30;620669742;8877;514;10186;10367;4.45;0.27;350.80;12.10;1309;36;3586.00;181
8882;30;620669757;8882;509;10186;10367;4.49;0.27;350.84;12.10;1304;36;3587.00;181
8885;30;620669772;8885;512;10186;10367;4.53;0.28;350.95;12.10;1301;36;3588.00;181
8888;30;620669787;8888;510;10186;10367;4.60;0.28;351.02;12.10;1298;36;3589.00;181
8892;30;620669802;8892;513;10186;10368;4.60;0.28;351.07;12.10;1294;36;3590.00;182
8898;30;620669816;8898;503;10187;10369;4.60;0.28;351.23;12.10;1289;36;3591.00;182
8902;30;620669831;8902;504;10187;10369;4.61;0.28;351.24;12.10;1285;36;3592.00;182
8905;30;620669846;8905;499;10188;10370;4.62;0.28;351.34;12.10;1283;36;3593.00;182
8908;30;620669862;8908;496;10188;10370;4.67;0.28;351.45;12.10;1280;36;3594.00;182
8912;30;620669877;8912;495;10188;10370;4.67;0.28;351.55;12.10;1276;36;3595.00;182
8919;30;620669893;8919;486;10188;10370;4.65;0.28;351.69;12.10;1269;36;3596.00;182
8920;30;620669908;8920;484;10188;10370;4.72;0.29;351.73;12.10;1268;36;3597.00;182
8925;30;620669924;8925;485;10188;10370;4.72;0.29;351.76;12.10;1263;36;3598.00;182
8927;30;620669939;8927;495;10188;10370;4.74;0.29;351.84;12.10;1261;36;3599.00;182
8930;30;620669956;8930;524;10310;10623;4.98;0.31;351.92;11.96;1380;36;3600.00;313
8934;30;620669996;8934;514;10315;10624;4.98;0.31;352.12;11.95;1381;36;3601.00;309
8938;30;620670016;8938;505;10326;10624;4.99;0.31;352.06;11.94;1388;36;3602.00;298
8938;30;620670032;8938;495;10334;10624;5.01;0.31;352.06;11.94;1396;36;3603.00;290
8941;30;620670051;8941;485;10340;10624;5.06;0.31;352.07;11.93;1399;36;3604.00;284
8944;30;620670071;8944;491;10345;10624;5.07;0.32;352.13;11.93;1401;36;3605.00;279
8947;30;620670086;8947;476;10352;10624;5.09;0.32;352.19;11.92;1405;36;3606.00;272
8952;30;620670103;8952;474;10353;10624;5.09;0.32;352.30;11.92;1401;36;3607.00;271
8954;30;620670126;8954;470;10357;10625;5.12;0.32;352.31;11.92;1403;36;3608.00;268
8959;30;620670143;8959;471;10360;10626;5.09;0.31;352.36;11.92;1401;36;3609.00;266
8961;30;620670159;8961;478;10362;10626;5.09;0.31;352.36;11.92;1401;36;3610.00;264
8966;30;620670175;8966;480;10369;10627;5.02;0.31;352.45;11.92;1403;36;3611.00;258
8969;30;620670192;8969;484;10369;10627;4.93;0.30;352.53;11.92;1400;36;3612.00;258
8975;30;620670207;8975;489;10371;10627;4.82;0.30;352.49;11.92;1396;36;3613.00;256
8977;30;620670226;8977;494;10371;10627;4.78;0.29;352.55;11.92;1394;36;3614.00;256
8982;30;620670243;8982;495;10375;10631;4.68;0.29;352.69;11.92;1393;36;3615.00;256
8984;30;620670267;8984;505;10377;10631;4.60;0.28;352.70;11.92;1393;36;3616.00;254
8985;30;620670282;8985;504;10378;10631;4.55;0.28;352.68;11.92;1393;36;3617.00;253
8988;30;620670299;8988;506;10378;10634;4.53;0.28;352.76;11.92;1390;36;3618.00;256
8992;30;620670317;8992;502;10380;10634;4.52;0.28;352.81;11.92;1388;36;3619.00;254
8994;30;620670346;8994;500;10380;10634;4.53;0.28;352.81;11.92;1386;36;3620.00;254
8997;30;620670365;8997;507;10384;10638;4.49;0.28;352.94;11.92;1387;36;3621.00;254
9001;30;620670382;9001;506;10386;10639;4.49;0.28;352.94;11.92;1385;36;3622.00;253
9004;30;620670404;9004;514;10388;10639;4.48;0.28;352.98;11.92;1384;36;3623.00;251
9006;30;620670420;9006;518;10389;10643;4.48;0.28;352.98;11.99;1383;36;3624.00;254
9008;30;620670436;9008;521;10391;10643;4.50;0.28;353.04;11.99;1383;36;3625.00;252
9009;30;620670451;9009;515;10394;10643;4.52;0.28;353.02;12.00;1385;36;3626.00;249
9013;30;620670466;9013;513;10397;10644;4.54;0.28;353.18;12.00;1384;36;3627.00;247
9017;30;620670493;9017;505;10399;10644;4.56;0.28;353.30;12.01;1382;36;3628.00;245
9017;30;620670518;9017;507;10404;10650;4.60;0.28;353.30;12.00;1387;36;3629.00;246
9020;30;620670536;9020;510;10406;10650;4.58;0.28;353.49;12.01;1386;36;3630.00;244
9022;30;620670551;9022;515;10407;10651;4.54;0.28;353.56;12.00;1385;36;3631.00;244
9024;30;620670567;9024;511;10410;10651;4.56;0.28;353.62;12.01;1386;36;3632.00;241
9025;30;620670583;9025;518;10412;10651;4.55;0.28;353.63;12.01;1387;36;3633.00;239
9028;30;620670598;9028;528;10412;10651;4.58;0.28;353.76;12.01;1384;36;3634.00;239
9031;30;620670616;9031;536;10415;10651;4.55;0.28;353.75;12.02;1384;36;3635.00;236
9033;30;620670632;9033;537;10420;10663;4.54;0.28;353.82;12.01;1387;36;3636.00;243
9034;30;620670648;9034;535;10424;10663;4.57;0.28;353.91;12.01;1390;36;3637.00;239
9037;30;620670664;9037;532;10426;10663;4.60;0.28;353.94;12.01;1389;36;3638.00;237
9037;30;620670679;9037;535;10427;10663;4.60;0.28;353.94;12.01;1390;36;3639.00;236
9041;30;620670694;9041;526;10428;10663;4.58;0.28;353.94;12.01;1387;36;3640.00;235
9045;30;620670709;9045;528;10430;10663;4.58;0.28;354.02;12.09;1385;36;3641.00;233
9046;30;620670725;9046;516;10433;10667;4.58;0.28;354.13;12.08;1387;36;3642.00;234
9048;30;620670740;9048;521;10434;10667;4.59;0.28;354.19;12.08;1386;36;3643.00;233
9052;30;620670755;9052;515;10437;10671;4.62;0.28;354.31;12.08;1385;36;3644.00;234
9054;30;620670771;9054;514;10442;10673;4.67;0.28;354.34;12.08;1388;36;3645.00;231
9060;30;620670786;9060;516;10443;10673;4.67;0.29;354.41;12.08;1383;36;3646.00;230
9061;30;620670802;9061;517;10444;10673;4.70;0.29;354.41;12.08;1383;36;3647.00;229
9066;30;620670817;9066;514;10451;10686;4.70;0.29;354.36;12.07;1385;36;3648.00;235
9067;30;620670833;9067;514;10452;10686;4.71;0.29;354.41;12.07;1385;36;3649.00;234
9067;30;620670848;9067;511;10452;10686;4.70;0.29;354.41;12.07;1385;36;3650.00;234
9070;30;620670863;9070;512;10453;10687;4.72;0.29;354.47;12.07;1383;36;3651.00;234
9071;30;620670878;9071;512;10454;10688;4.70;0.29;354.51;12.07;1383;36;3652.00;234
9073;30;620670892;9073;512;10454;10688;4.66;0.28;354.55;12.07;1381;36;3653.00;234
9075;30;620670907;9075;508;10456;10691;4.64;0.28;354.52;12.06;1381;36;3654.00;235
9075;30;620670922;9075;507;10457;10691;4.63;0.28;354.52;12.14;1382;36;3655.00;234
9076;30;620670938;9076;505;10458;10691;4.61;0.28;354.54;12.14;1382;36;3656.00;233
9076;30;620670953;9076;500;10458;10691;4.56;0.28;354.54;12.14;1382;36;3657.00;233
9079;30;620670968;9079;512;10463;10697;4.53;0.28;354.54;12.13;1384;36;3658.00;234
9080;30;620670983;9080;515;10463;10697;4.52;0.27;354.53;12.13;1383;36;3659.00;234
9080;30;620670999;9080;506;10463;10697;4.52;0.28;354.53;12.13;1383;36;3660.00;234
9081;30;620671015;9081;494;10463;10697;4.53;0.28;354.49;12.13;1382;36;3661.00;234
9081;30;620671029;9081;494;10465;10701;4.58;0.28;354.49;12.13;1384;36;3662.00;236
9082;30;620671044;9082;494;10466;10702;4.62;0.28;354.54;12.13;1384;36;3663.00;236
9082;30;620671061;9082;497;10466;10702;4.68;0.29;354.54;12.13;1384;36;3664.00;236
9084;30;620671075;9084;487;10469;10703;4.73;0.29;354.61;12.21;1385;36;3665.00;234
9085;30;620671091;9085;481;10469;10703;4.79;0.29;354.59;12.21;1384;36;3666.00;234
9086;30;620671106;9086;480;10469;10703;4.85;0.30;354.62;12.21;1383;36;3667.00;234
9090;30;620671121;9090;487;10469;10703;4.85;0.30;354.70;12.21;1379;36;3668.00;234
9095;30;620671136;9095;480;10469;10703;4.83;0.29;354.70;12.21;1374;36;3669.00;234
9098;30;620671151;9098;483;10470;10703;4.80;0.29;354.98;12.21;1372;36;3670.00;233
9100;30;620671166;9100;481;10471;10703;4.74;0.29;355.04;12.21;1371;36;3671.00;232
9101;30;620671181;9101;487;10501;10773;4.80;0.29;355.05;12.18;1400;36;3672.00;272
9107;30;620671201;9107;486;10503;10774;4.74;0.29;355.11;12.17;1396;36;3673.00;271
9109;30;620671217;9109;476;10510;10774;4.80;0.29;355.10;12.17;1401;36;3674.00;264
9111;30;620671232;9111;472;10514;10774;4.81;0.29;355.10;12.22;1403;36;3675.00;260
9112;30;620671250;9112;471;10516;10774;4.82;0.29;355.10;12.22;1404;36;3676.00;258
9113;30;620671265;9113;475;10519;10774;4.86;0.30;355.11;12.22;1406;36;3677.00;255
9116;30;620671280;9116;482;10522;10774;4.89;0.30;355.09;12.22;1406;36;3678.00;252
9116;30;620671295;9116;485;10525;10774;4.93;0.30;355.09;12.21;1409;36;3679.00;249
9118;30;620671310;9118;481;10527;10775;4.93;0.30;355.10;12.21;1409;36;3680.00;248
9121;30;620671331;9121;485;10529;10776;4.90;0.30;355.13;12.21;1408;36;3681.00;247
9122;30;620671355;9122;477;10532;10776;4.88;0.30;355.10;12.21;1410;36;3682.00;244
9122;30;620671379;9122;482;10536;10780;4.87;0.30;355.10;12.21;1414;36;3683.00;244
9127;30;620671402;9127;490;10537;10780;4.80;0.29;355.05;12.21;1410;36;3684.00;243
9128;30;620671423;9128;493;10537;10780;4.74;0.29;355.02;12.21;1409;36;3685.00;243
9129;30;620671444;9129;507;10538;10780;4.72;0.29;354.99;12.26;1409;36;3686.00;242
9132;30;620671462;9132;503;10543;10786;4.69;0.29;355.14;12.27;1411;36;3687.00;243
9134;30;620671480;9134;509;10543;10786;4.62;0.28;355.19;12.27;1409;36;3688.00;243
9135;30;620671496;9135;509;10544;10786;4.57;0.28;355.16;12.27;1409;36;3689.00;242
9139;30;620671515;9139;519;10548;10792;4.55;0.28;355.20;12.27;1409;36;3690.00;244
9140;30;620671532;9140;518;10548;10792;4.57;0.28;355.20;12.27;1408;36;3691.00;244
9144;30;620671549;9144;520;10553;10792;4.56;0.28;355.27;12.28;1409;36;3692.00;239
9147;30;620671565;9147;514;10553;10793;4.52;0.28;355.27;12.28;1406;36;3693.00;240
9151;30;620671581;9151;517;10555;10794;4.51;0.28;355.27;12.28;1404;36;3694.00;239
9154;30;620671599;9154;518;10557;10794;4.50;0.28;355.33;12.28;1403;36;3695.00;237
9157;30;620671616;9157;528;10567;10807;4.51;0.28;355.26;12.33;1410;36;3696.00;240
9158;30;620671633;9158;529;10569;10807;4.53;0.28;355.23;12.34;1411;36;3697.00;238
9160;30;620671649;9160;530;10569;10807;4.52;0.28;355.22;12.34;1409;36;3698.00;238
9164;30;620671665;9164;535;10570;10808;4.53;0.28;355.32;12.33;1406;36;3699.00;238
9165;30;620671682;9165;540;10573;10808;4.51;0.28;355.30;12.45;1408;36;3700.00;235
9167;30;620671702;9167;546;10577;10812;4.52;0.28;355.38;12.45;1410;36;3701.00;235
9168;30;620671718;9168;553;10577;10812;4.49;0.27;355.40;12.45;1409;36;3702.00;235
9171;30;620671734;9171;564;10583;10816;4.46;0.27;355.31;12.57;1412;36;3703.00;233
9174;30;620671750;9174;567;10583;10816;4.41;0.27;355.29;12.57;1409;36;3704.00;233
9175;30;620671766;9175;565;10584;10816;4.38;0.27;355.30;12.62;1409;36;3705.00;232
9176;30;620671781;9176;572;10585;10816;4.34;0.27;355.30;12.63;1409;36;3706.00;231
9179;30;620671797;9179;578;10586;10816;4.30;0.26;355.28;12.69;1407;36;3707.00;230
9182;30;620671812;9182;585;10596;10828;4.30;0.26;355.21;12.68;1414;36;3708.00;232
9185;30;620671829;9185;594;10598;10828;4.26;0.26;355.30;12.74;1413;36;3709.00;230
9188;30;620671844;9188;595;10600;10828;4.20;0.26;355.25;12.79;1412;36;3710.00;228
9191;30;620671859;9191;615;10602;10828;4.12;0.25;355.20;12.86;1411;36;3711.00;226
9191;30;620671878;9191;618;10602;10828;4.05;0.25;355.20;12.86;1411;36;3712.00;226
9192;30;620671892;9192;626;10602;10828;3.96;0.24;355.17;12.86;1410;36;3713.00;226
9192;30;620671907;9192;623;10604;10829;3.91;0.24;355.17;12.96;1412;36;3714.00;225
9194;31;620671922;9194;621;10605;10829;3.86;0.24;355.15;13.02;1411;37;3715.00;224
9197;31;620671947;9197;621;10612;10835;3.88;0.24;355.11;13.03;1415;37;3716.00;223
9198;31;620671963;9198;619;10614;10836;3.90;0.24;355.10;13.08;1416;37;3717.00;222
9198;31;620671979;9198;624;10616;10836;3.95;0.24;355.10;13.14;1418;37;3718.00;220
9199;31;620671995;9199;615;10619;10836;3.97;0.24;355.10;13.19;1420;37;3719.00;217
9202;31;620672017;9202;611;10622;10841;3.99;0.24;355.11;13.19;1420;37;3720.00;219
9204;31;620672032;9204;603;10624;10841;4.06;0.25;355.08;13.24;1420;37;3721.00;217
9206;31;620672053;9206;596;10625;10841;4.11;0.25;355.04;13.24;1419;37;3722.00;216
9207;31;620672068;9207;591;10626;10842;4.12;0.25;355.03;13.24;1419;37;3723.00;216
9209;31;620672083;9209;592;10631;10846;4.16;0.25;354.98;13.34;1422;37;3724.00;215
9210;31;620672099;9210;589;10632;10846;4.17;0.26;354.94;13.34;1422;37;3725.00;214
9211;31;620672114;9211;584;10636;10849;4.19;0.26;354.92;13.44;1425;37;3726.00;213
9213;31;620672129;9213;576;10637;10849;4.24;0.26;354.91;13.44;1424;37;3727.00;212
9216;31;620672144;9216;570;10637;10849;4.29;0.26;354.91;13.44;1421;37;3728.00;212
9218;31;620672159;9218;572;10639;10849;4.31;0.26;354.88;13.54;1421;37;3729.00;210
9220;31;620672181;9220;572;10643;10853;4.35;0.27;354.85;13.54;1423;37;3730.00;210
9223;31;620672197;9223;578;10643;10853;4.33;0.26;354.80;13.54;1420;37;3731.00;210
9227;31;620672212;9227;580;10645;10853;4.25;0.26;354.77;13.64;1418;37;3732.00;208
9228;31;620672227;9228;570;10645;10853;4.24;0.26;354.75;13.64;1417;37;3733.00;208
9233;31;620672242;9233;570;10647;10854;4.22;0.26;354.70;13.74;1414;37;3734.00;207
9235;31;620672257;9235;571;10649;10856;4.20;0.26;354.69;13.74;1414;37;3735.00;207
9238;31;620672273;9238;572;10649;10856;4.18;0.26;354.66;13.74;1411;37;3736.00;207
9241;31;620672288;9241;562;10652;10857;4.14;0.25;354.73;13.83;1411;37;3737.00;205
9244;31;620672303;9244;570;10652;10857;4.10;0.25;354.71;13.83;1408;37;3738.00;205
9249;31;620672318;9249;564;10652;10857;4.05;0.25;354.75;13.83;1403;37;3739.00;205
9251;31;620672338;9251;562;10654;10857;4.03;0.25;354.72;13.93;1403;37;3740.00;203
9256;31;620672355;9256;559;10654;10857;4.00;0.24;354.74;13.93;1398;37;3741.00;203
9260;31;620672370;9260;553;10656;10857;4.00;0.24;354.76;14.03;1396;37;3742.00;201
9264;31;620672385;9264;543;10656;10857;3.98;0.24;354.83;14.03;1392;37;3743.00;201
9267;31;620672398;9267;569;10734;10984;4.23;0.26;354.91;13.93;1467;37;3744.00;250
9270;31;620672423;9270;555;10738;10985;4.27;0.26;355.05;13.92;1468;37;3745.00;247
9272;31;620672438;9272;556;10743;10985;4.30;0.27;355.04;13.92;1471;37;3746.00;242
9275;31;620672452;9275;545;10744;10985;4.32;0.27;355.10;13.91;1469;37;3747.00;241
9276;31;620672467;9276;540;10748;10985;4.37;0.27;355.11;13.91;1472;37;3748.00;237
9280;31;620672482;9280;534;10748;10985;4.35;0.27;355.30;13.91;1468;37;3749.00;237
9283;31;620672505;9283;538;10752;10990;4.35;0.27;355.33;13.91;1469;37;3750.00;238
9286;31;620672521;9286;524;10753;10990;4.33;0.27;355.43;13.91;1467;37;3751.00;237
9288;31;620672537;9288;525;10755;10991;4.33;0.27;355.41;13.90;1467;37;3752.00;236
9289;31;620672552;9289;522;10756;10992;4.35;0.27;355.42;13.90;1467;37;3753.00;236
9292;31;620672567;9292;525;10759;10992;4.36;0.27;355.45;13.90;1467;37;3754.00;233
9294;31;620672582;9294;518;10760;10993;4.38;0.27;355.43;13.90;1466;37;3755.00;233
9297;31;620672598;9297;523;10763;10993;4.40;0.27;355.48;13.90;1466;37;3756.00;230
9301;31;620672614;9301;515;10765;10993;4.43;0.27;355.55;13.90;1464;37;3757.00;228
9304;31;620672630;9304;509;10765;10993;4.42;0.27;355.63;13.90;1461;37;3758.00;228
9309;31;620672645;9309;512;10768;10997;4.41;0.27;355.81;13.90;1459;37;3759.00;229
9312;31;620672661;9312;504;10768;10997;4.41;0.27;355.78;13.90;1456;37;3760.00;229
9318;31;620672677;9318;506;10768;10997;4.42;0.27;355.91;13.90;1450;37;3761.00;229
9322;31;620672694;9322;504;10769;11000;4.42;0.27;355.98;13.90;1447;37;3762.00;231
9324;31;620672715;9324;496;10770;11000;4.45;0.27;356.05;13.90;1446;37;3763.00;230
9326;31;620672731;9326;489;10772;11000;4.45;0.27;356.07;13.98;1446;37;3764.00;228
9329;31;620672747;9329;492;10776;11004;4.47;0.27;356.08;13.98;1447;37;3765.00;228
9332;31;620672763;9332;481;10776;11005;4.48;0.27;356.16;13.98;1444;37;3766.00;229
9334;31;620672780;9334;475;10776;11005;4.49;0.27;356.27;13.98;1442;37;3767.00;229
9337;31;620672795;9337;471;10777;11009;4.51;0.28;356.36;13.97;1440;37;3768.00;232
9340;31;620672812;9340;466;10777;11009;4.52;0.28;356.46;13.97;1437;37;3769.00;232
9345;31;620672828;9345;464;10778;11009;4.57;0.28;356.53;13.98;1433;37;3770.00;231
9350;31;620672844;9350;461;10779;11010;4.61;0.28;356.57;13.98;1429;37;3771.00;231
9354;31;620672860;9354;459;10779;11010;4.61;0.28;356.68;13.98;1425;37;3772.00;231
9359;31;620672876;9359;459;10783;11016;4.62;0.28;356.77;13.97;1424;37;3773.00;233
9361;31;620672892;9361;451;10783;11016;4.62;0.28;356.79;13.97;1422;37;3774.00;233
9365;31;620672908;9365;463;10784;11017;4.64;0.28;356.84;13.97;1419;37;3775.00;233
9369;31;620672924;9369;451;10785;11017;4.65;0.28;356.84;13.97;1416;37;3776.00;232
9372;31;620672940;9372;444;10786;11017;4.63;0.28;356.83;13.97;1414;37;3777.00;231
9375;31;620672956;9375;455;10786;11017;4.60;0.28;356.80;13.97;1411;37;3778.00;231
9379;31;620672974;9379;456;10787;11017;4.57;0.28;356.89;13.97;1408;37;3779.00;230
9383;31;620672991;9383;460;10808;11053;4.61;0.28;356.96;13.95;1425;37;3780.00;245
9385;31;620673010;9385;458;10810;11053;4.56;0.28;356.97;13.95;1425;37;3781.00;243
9387;31;620673026;9387;467;10813;11053;4.50;0.28;357.05;14.03;1426;37;3782.00;240
9389;31;620673041;9389;467;10814;11053;4.48;0.27;357.17;14.03;1425;37;3783.00;239
9390;31;620673057;9390;480;10817;11053;4.45;0.27;357.18;14.03;1427;37;3784.00;236
9394;31;620673072;9394;483;10818;11053;4.36;0.27;357.39;14.03;1424;37;3785.00;235
9398;31;620673087;9398;494;10823;11057;4.28;0.26;357.50;14.03;1425;37;3786.00;234
9398;31;620673103;9398;479;10823;11057;4.23;0.26;357.50;14.03;1425;37;3787.00;234
9400;31;620673119;9400;480;10826;11061;4.21;0.26;357.57;14.03;1426;37;3788.00;235
9403;31;620673135;9403;480;10828;11062;4.15;0.25;357.57;14.03;1425;37;3789.00;234
9407;31;620673151;9407;478;10829;11062;4.07;0.25;357.64;14.03;1422;37;3790.00;233
9410;31;620673166;9410;478;10829;11062;4.03;0.25;357.74;14.03;1419;37;3791.00;233
9411;31;620673181;9411;480;10837;11075;4.08;0.25;357.83;14.02;1426;37;3792.00;238
9414;31;620673198;9414;478;10838;11075;4.09;0.25;357.92;14.03;1424;37;3793.00;237
9416;31;620673214;9416;484;10838;11075;4.09;0.25;357.93;14.03;1422;37;3794.00;237
9419;31;620673229;9419;495;10839;11076;4.07;0.25;358.03;14.03;1420;37;3795.00;237
9423;31;620673250;9423;486;10841;11077;4.05;0.25;358.17;14.03;1418;37;3796.00;236
9425;31;620673266;9425;485;10842;11077;4.06;0.25;358.18;14.03;1417;37;3797.00;235
9426;31;620673281;9426;489;10844;11080;4.10;0.25;358.20;14.03;1418;37;3798.00;236
9427;31;620673297;9427;481;10845;11080;4.15;0.25;358.31;14.03;1418;37;3799.00;235
9432;31;620673313;9432;479;10848;11080;4.16;0.25;358.39;14.03;1416;37;3800.00;232
9435;31;620673337;9435;483;10849;11080;4.19;0.25;358.65;14.04;1414;37;3801.00;231
9437;31;620673363;9437;484;10856;11086;4.25;0.26;358.61;14.03;1419;37;3802.00;230
9438;31;620673392;9438;479;10856;11086;4.29;0.26;358.71;14.03;1418;37;3803.00;230
9442;31;620673414;9442;485;10857;11086;4.30;0.26;358.84;14.03;1415;37;3804.00;229
9445;31;620673441;9445;483;10858;11086;4.32;0.26;358.84;14.03;1413;37;3805.00;228
9446;31;620673462;9446;483;10861;11090;4.33;0.26;358.88;14.03;1415;38;3806.00;229
9447;31;620673491;9447;484;10863;11091;4.37;0.27;358.89;14.03;1416;38;3807.00;228
9447;31;620673508;9447;483;10865;11091;4.39;0.27;358.89;14.03;1418;38;3808.00;226
9448;31;620673525;9448;495;10866;11092;4.42;0.27;358.92;14.03;1418;38;3809.00;226
9451;31;620673543;9451;486;10867;11092;4.46;0.27;358.96;14.02;1416;38;3810.00;225
9454;31;620673559;9454;484;10867;11092;4.44;0.27;358.96;14.02;1413;38;3811.00;225
9459;31;620673575;9459;484;10868;11092;4.49;0.27;358.93;14.11;1409;38;3812.00;224
9460;31;620673592;9460;473;10868;11092;4.54;0.28;358.97;14.11;1408;38;3813.00;224
9463;31;620673608;9463;475;10868;11092;4.57;0.28;359.10;14.11;1405;38;3814.00;224
9464;31;620673624;9464;466;10868;11092;4.60;0.28;359.07;14.11;1404;38;3815.00;224
9468;31;620673640;9468;470;10906;11162;4.62;0.28;359.14;14.06;1438;38;3816.00;256
9470;31;620673663;9470;468;10908;11163;4.63;0.28;359.14;14.06;1438;38;3817.00;255
9472;31;620673678;9472;463;10912;11163;4.70;0.29;359.20;14.05;1440;38;3818.00;251
9476;31;620673694;9476;468;10913;11163;4.68;0.28;359.23;14.05;1437;38;3819.00;250
9479;31;620673711;9479;466;10917;11163;4.69;0.28;359.25;14.05;1438;38;3820.00;246
9483;31;620673726;9483;470;10919;11163;4.70;0.29;359.42;14.05;1436;38;3821.00;244
9484;31;620673742;9484;471;10923;11163;4.68;0.28;359.46;14.04;1439;38;3822.00;240
9486;31;620673757;9486;481;10924;11163;4.67;0.28;359.54;14.04;1438;38;3823.00;239
9488;31;620673774;9488;490;10927;11164;4.67;0.28;359.61;14.04;1439;38;3824.00;237
9489;31;620673790;9489;496;10930;11166;4.72;0.29;359.62;14.04;1441;38;3825.00;236
9491;31;620673806;9491;499;10931;11166;4.72;0.29;359.61;14.04;1440;38;3826.00;235
9492;31;620673822;9492;512;10936;11170;4.73;0.29;359.61;14.03;1444;38;3827.00;234
9496;31;620673839;9496;512;10937;11170;4.69;0.29;359.68;14.03;1441;38;3828.00;233
9498;31;620673855;9498;513;10940;11170;4.69;0.29;359.64;14.12;1442;38;3829.00;230
9503;31;620673871;9503;511;10940;11170;4.64;0.28;359.73;14.12;1437;38;3830.00;230
9504;31;620673886;9504;513;10944;11176;4.64;0.28;359.78;14.11;1440;38;3831.00;232
9506;31;620673903;9506;514;10944;11176;4.61;0.28;359.86;14.11;1438;38;3832.00;232
9509;31;620673918;9509;511;10944;11176;4.59;0.28;359.91;14.11;1435;38;3833.00;232
9512;31;620673935;9512;511;10946;11179;4.55;0.28;359.91;14.11;1434;38;3834.00;233
9515;31;620673951;9515;515;10946;11179;4.54;0.28;359.96;14.11;1431;38;3835.00;233
9521;31;620673969;9521;514;10947;11179;4.52;0.27;360.01;14.11;1426;38;3836.00;232
9525;31;620673984;9525;526;10947;11180;4.49;0.27;360.08;14.11;1422;38;3837.00;233
9530;31;620674000;9530;525;10948;11181;4.43;0.27;360.15;14.11;1418;38;3838.00;233
9533;31;620674016;9533;526;10948;11181;4.37;0.26;360.21;14.11;1415;38;3839.00;233
9537;31;620674032;9537;528;10965;11207;4.35;0.26;360.24;14.09;1428;38;3840.00;242
9541;31;620674051;9541;527;10965;11207;4.32;0.26;360.24;14.09;1424;38;3841.00;242
9543;31;620674067;9543;526;10968;11207;4.29;0.26;360.31;14.17;1425;38;3842.00;239
9545;31;620674082;9545;523;10970;11208;4.29;0.26;360.29;14.17;1425;38;3843.00;238
9547;31;620674097;9547;525;10970;11208;4.29;0.26;360.31;14.17;1423;38;3844.00;238
9550;31;620674112;9550;527;10975;11212;4.28;0.26;360.25;14.28;1425;38;3845.00;237
9554;31;620674130;9554;537;10977;11214;4.24;0.26;360.28;14.27;1423;38;3846.00;237
9556;31;620674146;9556;537;10980;11218;4.26;0.26;360.28;14.27;1424;38;3847.00;238
9558;31;620674161;9558;533;10980;11218;4.26;0.26;360.35;14.27;1422;38;3848.00;238
9560;31;620674176;9560;531;10980;11218;4.26;0.26;360.32;14.27;1420;38;3849.00;238
9563;31;620674192;9563;522;10980;11218;4.27;0.26;360.37;14.27;1417;38;3850.00;238
9567;31;620674207;9567;523;10980;11218;4.25;0.26;360.31;14.27;1413;38;3851.00;238
9569;31;620674222;9569;524;10990;11230;4.26;0.26;360.25;14.26;1421;38;3852.00;240
9573;31;620674238;9573;530;10991;11230;4.22;0.26;360.18;14.26;1418;38;3853.00;239
9574;31;620674254;9574;535;10991;11230;4.19;0.25;360.15;14.26;1417;38;3854.00;239
9576;31;620674270;9576;541;10991;11230;4.16;0.25;360.16;14.26;1415;38;3855.00;239
9578;31;620674285;9578;544;10991;11230;4.12;0.25;360.10;14.26;1413;38;3856.00;239
9578;31;620674300;9578;558;10991;11230;4.08;0.25;360.10;14.26;1413;38;3857.00;239
9580;31;620674317;9580;557;10992;11231;4.08;0.25;360.16;14.26;1412;38;3858.00;239
9580;31;620674335;9580;557;10992;11231;4.06;0.25;360.16;14.26;1412;38;3859.00;239
9582;31;620674352;9582;569;11000;11237;4.06;0.25;360.16;14.26;1418;38;3860.00;237
9582;31;620674368;9582;578;11001;11238;4.03;0.25;360.16;14.25;1419;38;3861.00;237
9584;31;620674383;9584;579;11002;11238;3.98;0.24;360.13;14.25;1418;38;3862.00;236
9586;31;620674397;9586;591;11002;11238;3.91;0.24;360.08;14.25;1416;38;3863.00;236
9586;31;620674411;9586;597;11005;11242;3.87;0.24;360.08;14.25;1419;38;3864.00;237
9588;31;620674426;9588;600;11005;11242;3.82;0.23;360.15;14.25;1417;38;3865.00;237
9590;31;620674440;9590;609;11005;11242;3.76;0.23;360.11;14.25;1415;38;3866.00;237
9591;31;620674454;9591;592;11006;11243;3.75;0.23;360.11;14.25;1415;38;3867.00;237
9592;31;620674473;9592;588;11009;11247;3.76;0.23;360.08;14.24;1417;38;3868.00;238
9594;31;620674488;9594;572;11010;11247;3.75;0.23;360.05;14.30;1416;38;3869.00;237
9594;31;620674504;9594;566;11014;11253;3.82;0.23;360.05;14.30;1420;38;3870.00;239
9596;31;620674519;9596;571;11014;11253;3.82;0.23;360.04;14.30;1418;38;3871.00;239
9596;31;620674533;9596;563;11018;11253;3.86;0.23;360.04;14.41;1422;38;3872.00;235
9597;31;620674548;9597;556;11019;11253;3.90;0.24;360.11;14.46;1422;38;3873.00;234
9597;31;620674562;9597;547;11024;11257;4.01;0.25;360.11;14.51;1427;38;3874.00;233
9599;31;620674577;9599;546;11024;11257;4.01;0.24;360.16;14.51;1425;38;3875.00;233
9601;31;620674592;9601;542;11024;11257;4.05;0.25;360.17;14.51;1423;38;3876.00;233
9602;31;620674606;9602;544;11025;11257;4.08;0.25;360.17;14.57;1423;38;3877.00;232
9603;31;620674622;9603;548;11025;11258;4.11;0.25;360.15;14.57;1422;38;3878.00;233
9603;31;620674637;9603;549;11027;11259;4.15;0.25;360.15;14.63;1424;38;3879.00;232
9604;31;620674652;9604;551;11027;11259;4.17;0.25;360.15;14.63;1423;38;3880.00;232
9605;31;620674667;9605;553;11030;11260;4.19;0.26;360.23;14.74;1425;38;3881.00;230
9607;31;620674681;9607;560;11031;11260;4.21;0.26;360.21;14.79;1424;38;3882.00;229
9609;31;620674695;9609;562;11031;11260;4.22;0.26;360.21;14.79;1422;38;3883.00;229
9609;31;620674709;9609;557;11032;11260;4.24;0.26;360.21;14.85;1423;38;3884.00;228
9611;31;620674724;9611;569;11032;11260;4.23;0.26;360.19;14.85;1421;38;3885.00;228
9611;31;620674738;9611;573;11032;11260;4.24;0.26;360.19;14.85;1421;38;3886.00;228
9614;31;620674752;9614;572;11034;11260;4.25;0.26;360.16;14.96;1420;38;3887.00;226
9615;31;620674766;9615;592;11108;11387;4.45;0.28;360.14;14.92;1493;38;3888.00;279
9618;31;620674789;9618;573;11113;11388;4.42;0.27;360.11;14.97;1495;38;3889.00;275
9620;31;620674805;9620;569;11121;11388;4.45;0.27;360.14;14.96;1501;38;3890.00;267
9622;31;620674820;9622;568;11123;11388;4.40;0.27;360.16;14.96;1501;38;3891.00;265
9623;31;620674835;9623;557;11130;11388;4.40;0.27;360.27;15.06;1507;38;3892.00;258
9625;31;620674850;9625;569;11130;11388;4.38;0.27;360.28;15.06;1505;38;3893.00;258
9626;31;620674865;9626;573;11132;11388;4.37;0.27;360.26;15.06;1506;38;3894.00;256
9627;31;620674880;9627;575;11134;11388;4.34;0.27;360.34;15.11;1507;38;3895.00;254
9631;31;620674895;9631;575;11135;11389;4.31;0.26;360.46;15.11;1504;38;3896.00;254
9634;31;620674916;9634;575;11139;11390;4.31;0.26;360.48;15.16;1505;38;3897.00;251
9637;31;620674931;9637;581;11141;11390;4.34;0.27;360.57;15.16;1504;38;3898.00;249
9641;31;620674947;9641;570;11142;11391;4.33;0.26;360.67;15.16;1501;38;3899.00;249
9644;31;620674964;9644;581;11147;11406;4.25;0.26;360.75;15.15;1503;38;3900.00;259
9644;31;620674986;9644;580;11149;11406;4.25;0.26;360.75;15.21;1505;38;3901.00;257
9647;31;620675000;9647;588;11152;11406;4.18;0.26;360.89;15.21;1505;38;3902.00;254
9653;31;620675016;9653;601;11155;11410;4.12;0.25;360.90;15.26;1502;38;3903.00;255
9656;31;620675031;9656;602;11156;11410;4.06;0.25;360.98;15.26;1500;38;3904.00;254
9660;31;620675046;9660;606;11158;11410;3.99;0.24;361.15;15.25;1498;38;3905.00;252
9663;31;620675061;9663;613;11160;11413;3.94;0.24;361.25;15.25;1497;38;3906.00;253
9667;31;620675076;9667;619;11160;11413;3.90;0.24;361.35;15.25;1493;38;3907.00;253
9673;31;620675092;9673;628;11160;11413;3.86;0.24;361.56;15.25;1487;38;3908.00;253
9675;31;620675106;9675;629;11164;11417;3.87;0.24;361.68;15.25;1489;38;3909.00;253
9676;31;620675121;9676;613;11164;11418;3.92;0.24;361.67;15.25;1488;38;3910.00;254
9681;31;620675137;9681;608;11167;11418;3.95;0.24;361.70;15.25;1486;38;3911.00;251
9683;31;620675152;9683;603;11168;11422;4.00;0.25;361.80;15.25;1485;38;3912.00;254
9685;31;620675173;9685;596;11170;11422;4.04;0.25;361.81;15.25;1485;38;3913.00;252
9691;31;620675188;9691;584;11170;11422;4.10;0.25;361.95;15.25;1479;38;3914.00;252
9694;31;620675204;9694;587;11171;11424;4.16;0.26;361.94;15.25;1477;38;3915.00;253
9698;31;620675219;9698;594;11172;11424;4.22;0.26;362.06;15.24;1474;38;3916.00;252
9701;31;620675235;9701;581;11175;11430;4.26;0.26;362.22;15.24;1474;38;3917.00;255
9702;31;620675252;9702;570;11177;11430;4.33;0.27;362.27;15.24;1475;38;3918.00;253
9707;31;620675267;9707;567;11177;11431;4.34;0.27;362.40;15.24;1470;38;3919.00;254
9711;31;620675283;9711;560;11177;11431;4.36;0.27;362.37;15.24;1466;38;3920.00;254
9713;31;620675299;9713;559;11177;11431;4.38;0.27;362.38;15.24;1464;38;3921.00;254
9717;31;620675314;9717;552;11177;11431;4.45;0.27;362.47;15.24;1460;38;3922.00;254
9723;31;620675332;9723;540;11178;11431;4.46;0.27;362.64;15.24;1455;38;3923.00;253
9726;31;620675360;9726;538;11184;11443;4.51;0.28;362.64;15.24;1458;38;3924.00;259
9729;31;620675386;9729;536;11184;11443;4.54;0.28;362.68;15.24;1455;38;3925.00;259
9732;31;620675411;9732;531;11186;11443;4.57;0.28;362.80;15.24;1454;38;3926.00;257
9736;31;620675437;9736;523;11186;11443;4.57;0.28;362.77;15.24;1450;38;3927.00;257
9743;31;620675458;9743;520;11187;11443;4.58;0.28;362.98;15.24;1444;38;3928.00;256
9747;31;620675476;9747;508;11189;11443;4.58;0.28;363.05;15.24;1442;38;3929.00;254
9752;31;620675503;9752;511;11192;11447;4.59;0.28;363.25;15.23;1440;38;3930.00;255
9755;31;620675522;9755;517;11193;11447;4.60;0.28;363.28;15.24;1438;38;3931.00;254
9761;31;620675539;9761;510;11195;11451;4.60;0.28;363.31;15.23;1434;38;3932.00;256
9764;31;620675558;9764;503;11196;11452;4.57;0.28;363.33;15.23;1432;38;3933.00;256
9767;31;620675575;9767;502;11197;11452;4.58;0.28;363.37;15.24;1430;38;3934.00;255
9768;31;620675593;9768;510;11197;11452;4.58;0.28;363.35;15.24;1429;38;3935.00;255
9773;31;620675612;9773;515;11204;11465;4.58;0.28;363.52;15.23;1431;38;3936.00;261
9778;31;620675631;9778;515;11205;11465;4.55;0.28;363.56;15.23;1427;38;3937.00;260
9780;31;620675647;9780;520;11208;11465;4.54;0.28;363.64;15.23;1428;38;3938.00;257
9785;31;620675664;9785;525;11208;11466;4.52;0.27;363.85;15.23;1423;38;3939.00;258
9789;31;620675698;9789;527;11210;11467;4.49;0.27;363.88;15.24;1421;38;3940.00;257
9792;31;620675714;9792;534;11213;11467;4.51;0.27;363.94;15.24;1421;38;3941.00;254
9796;31;620675731;9796;532;11218;11470;4.49;0.27;364.01;15.24;1422;38;3942.00;252
9800;31;620675748;9800;531;11218;11470;4.49;0.27;364.09;15.24;1418;38;3943.00;252
9803;31;620675764;9803;525;11221;11470;4.46;0.27;364.14;15.24;1418;38;3944.00;249
9807;31;620675780;9807;513;11222;11470;4.43;0.27;364.25;15.25;1415;38;3945.00;248
9809;31;620675796;9809;510;11227;11476;4.44;0.27;364.24;15.24;1418;38;3946.00;249
9812;31;620675813;9812;518;11229;11476;4.42;0.27;364.22;15.25;1417;38;3947.00;247
9818;31;620675829;9818;508;11229;11476;4.40;0.27;364.40;15.25;1411;38;3948.00;247
9820;31;620675846;9820;523;11233;11476;4.47;0.27;364.50;15.24;1413;38;3949.00;243
9823;31;620675862;9823;522;11236;11480;4.47;0.27;364.49;15.24;1413;38;3950.00;244
9825;31;620675880;9825;526;11238;11481;4.47;0.27;364.60;15.24;1413;38;3951.00;243
9829;31;620675896;9829;527;11239;11481;4.41;0.27;364.66;15.24;1410;38;3952.00;242
9831;31;620675912;9831;530;11241;11482;4.39;0.27;364.75;15.33;1410;38;3953.00;241
9835;31;620675930;9835;535;11242;11482;4.32;0.26;364.85;15.33;1407;38;3954.00;240
9839;31;620675947;9839;532;11242;11482;4.26;0.26;364.84;15.33;1403;38;3955.00;240
9842;31;620675963;9842;540;11242;11482;4.24;0.26;364.94;15.33;1400;38;3956.00;240
9846;31;620675981;9846;532;11242;11482;4.17;0.25;365.07;15.33;1396;38;3957.00;240
9849;31;620675998;9849;534;11242;11482;4.13;0.25;365.05;15.33;1393;38;3958.00;240
9852;31;620676013;9852;537;11242;11482;4.08;0.25;365.19;15.33;1390;38;3959.00;240
9855;31;620676031;9855;572;11315;11607;4.16;0.26;365.38;15.23;1460;38;3960.00;292
9859;31;620676057;9859;567;11319;11608;4.19;0.26;365.40;15.23;1460;38;3961.00;289
9861;31;620676073;9861;555;11326;11608;4.23;0.26;365.48;15.22;1465;38;3962.00;282
9865;31;620676090;9865;558;11326;11608;4.23;0.26;365.57;15.22;1461;38;3963.00;282
9869;31;620676107;9869;558;11331;11608;4.29;0.26;365.70;15.22;1462;38;3964.00;277
9871;31;620676123;9871;560;11331;11608;4.31;0.26;365.93;15.22;1460;38;3965.00;277
9873;31;620676140;9873;543;11335;11608;4.31;0.27;366.06;15.21;1462;38;3966.00;273
9877;31;620676157;9877;543;11338;11608;4.30;0.26;366.06;15.21;1461;38;3967.00;270
9878;31;620676174;9878;553;11342;11609;4.27;0.26;366.10;15.21;1464;38;3968.00;267
9881;31;620676190;9881;559;11345;11610;4.20;0.26;366.15;15.21;1464;38;3969.00;265
9883;31;620676214;9883;560;11347;11610;4.14;0.25;366.27;15.21;1464;38;3970.00;263
9885;31;620676230;9885;566;11352;11614;4.13;0.25;366.40;15.20;1467;38;3971.00;262
9889;31;620676249;9889;568;11352;11614;4.07;0.25;366.46;15.20;1463;38;3972.00;262
9892;31;620676266;9892;575;11352;11614;4.05;0.25;366.59;15.20;1460;38;3973.00;262
9895;31;620676282;9895;582;11352;11614;4.06;0.25;366.67;15.20;1457;38;3974.00;262
9896;31;620676299;9896;594;11357;11620;4.09;0.25;366.71;15.19;1461;38;3975.00;263
9900;31;620676317;9900;593;11357;11620;4.09;0.25;366.81;15.19;1457;38;3976.00;263
9900;31;620676334;9900;604;11357;11620;4.13;0.25;366.81;15.19;1457;38;3977.00;263
9904;31;620676350;9904;607;11359;11623;4.14;0.25;366.90;15.19;1455;38;3978.00;264
9909;31;620676368;9909;597;11359;11623;4.09;0.25;367.12;15.19;1450;38;3979.00;264
9909;31;620676385;9909;598;11360;11623;4.11;0.25;367.12;15.19;1451;38;3980.00;263
9912;31;620676401;9912;592;11360;11624;4.13;0.25;367.17;15.19;1448;38;3981.00;264
9915;31;620676416;9915;598;11361;11625;4.12;0.25;367.27;15.19;1446;38;3982.00;264
9916;31;620676432;9916;607;11361;11625;4.10;0.25;367.26;15.19;1445;38;3983.00;264
9918;31;620676448;9918;598;11370;11638;4.13;0.25;367.35;15.18;1452;38;3984.00;268
9921;31;620676464;9921;593;11371;11638;4.11;0.25;367.42;15.18;1450;38;3985.00;267
9922;31;620676480;9922;588;11371;11638;4.14;0.25;367.39;15.18;1449;38;3986.00;267
9924;31;620676495;9924;588;11372;11639;4.15;0.25;367.45;15.17;1448;38;3987.00;267
9924;31;620676510;9924;586;11372;11639;4.19;0.26;367.45;15.17;1448;38;3988.00;267
9925;31;620676525;9925;587;11376;11643;4.25;0.26;367.44;15.17;1451;38;3989.00;267
9928;31;620676543;9928;584;11376;11643;4.25;0.26;367.40;15.17;1448;38;3990.00;267
9930;31;620676558;9930;589;11379;11647;4.25;0.26;367.44;15.17;1449;38;3991.00;268
9931;31;620676574;9931;589;11380;11647;4.27;0.26;367.40;15.17;1449;38;3992.00;267
9931;31;620676589;9931;600;11380;11647;4.26;0.26;367.40;15.17;1449;38;3993.00;267
9932;31;620676604;9932;603;11380;11647;4.21;0.26;367.39;15.17;1448;38;3994.00;267
9933;31;620676619;9933;604;11380;11647;4.19;0.25;367.41;15.17;1447;38;3995.00;267
9937;31;620676633;9937;608;11391;11659;4.20;0.26;367.30;15.15;1454;38;3996.00;268
9938;31;620676649;9938;611;11391;11659;4.19;0.26;367.26;15.15;1453;38;3997.00;268
9940;31;620676664;9940;608;11391;11659;4.21;0.26;367.24;15.15;1451;38;3998.00;268
9942;31;620676678;9942;608;11392;11659;4.18;0.25;367.20;15.25;1450;38;3999.00;267
9945;31;620676694;9945;607;11392;11659;4.20;0.26;367.22;15.25;1447;38;4000.00;267
9947;31;620676713;9947;605;11392;11659;4.19;0.26;367.18;15.25;1445;38;4001.00;267
9949;31;620676728;9949;592;11392;11660;4.18;0.25;367.18;15.25;1443;38;4002.00;268
9952;31;620676743;9952;587;11392;11660;4.17;0.25;367.18;15.25;1440;38;4003.00;268
9956;31;620676759;9956;588;11397;11666;4.19;0.25;367.26;15.24;1441;38;4004.00;269
9958;31;620676774;9958;583;11399;11668;4.18;0.25;367.30;15.24;1441;38;4005.00;269
9961;31;620676789;9961;590;11399;11668;4.18;0.25;367.32;15.24;1438;38;4006.00;269
9964;31;620676804;9964;593;11399;11668;4.19;0.25;367.37;15.24;1435;38;4007.00;269
9964;31;620676819;9964;599;11402;11672;4.21;0.26;367.37;15.23;1438;38;4008.00;270
9965;31;620676833;9965;589;11402;11672;4.22;0.26;367.36;15.23;1437;38;4009.00;270
9969;31;620676847;9969;594;11402;11672;4.17;0.25;367.31;15.23;1433;38;4010.00;270
9973;31;620676862;9973;595;11403;11673;4.14;0.25;367.30;15.23;1430;38;4011.00;270
9974;31;620676876;9974;595;11406;11677;4.12;0.25;367.29;15.23;1432;38;4012.00;271
9976;31;620676891;9976;589;11406;11677;4.09;0.25;367.31;15.23;1430;38;4013.00;271
9977;31;620676905;9977;590;11408;11680;4.10;0.25;367.31;15.23;1431;38;4014.00;272
9979;31;620676920;9979;587;11410;11680;4.09;0.25;367.31;15.35;1431;38;4015.00;270
9981;31;620676937;9981;580;11411;11680;4.10;0.25;367.31;15.35;1430;38;4016.00;269
9983;31;620676951;9983;585;11411;11680;4.07;0.25;367.29;15.35;1428;38;4017.00;269
9985;31;620676965;9985;582;11415;11684;4.08;0.25;367.31;15.34;1430;38;4018.00;269
9990;31;620676980;9990;573;11415;11684;4.09;0.25;367.31;15.34;1425;38;4019.00;269
9990;31;620676996;9990;557;11415;11684;4.13;0.25;367.31;15.34;1425;38;4020.00;269
9994;31;620677011;9994;547;11415;11684;4.15;0.25;367.33;15.34;1421;38;4021.00;269
9995;31;620677025;9995;538;11415;11685;4.18;0.25;367.37;15.34;1420;38;4022.00;270
9995;31;620677040;9995;538;11416;11686;4.22;0.26;367.37;15.34;1421;38;4023.00;270
9996;31;620677055;9996;534;11416;11686;4.25;0.26;367.39;15.34;1420;38;4024.00;270
9998;31;620677070;9998;536;11417;11687;4.29;0.26;367.46;15.34;1419;38;4025.00;270
10002;31;620677091;10002;532;11417;11687;4.32;0.26;367.44;15.34;1415;38;4026.00;270
10002;31;620677106;10002;531;11417;11687;4.35;0.26;367.44;15.34;1415;38;4027.00;270
10006;31;620677120;10006;529;11417;11687;4.36;0.27;367.45;15.34;1411;38;4028.00;270
10007;31;620677136;10007;531;11417;11687;4.38;0.27;367.42;15.34;1410;38;4029.00;270
10007;31;620677151;10007;529;11417;11687;4.39;0.27;367.42;15.34;1410;38;4030.00;270
10008;31;620677166;10008;529;11417;11687;4.39;0.27;367.47;15.34;1409;38;4031.00;270
10010;31;620677181;10010;548;11484;11814;4.66;0.29;367.55;15.25;1474;38;4032.00;330
10011;31;620677206;10011;545;11488;11815;4.68;0.29;367.63;15.24;1477;38;4033.00;327
10012;31;620677227;10012;543;11497;11815;4.73;0.29;367.60;15.23;1485;38;4034.00;318
10012;31;620677243;10012;544;11500;11815;4.76;0.29;367.60;15.23;1488;38;4035.00;315
10015;31;620677258;10015;546;11505;11815;4.74;0.29;367.63;15.23;1490;38;4036.00;310
10018;31;620677274;10018;553;11508;11815;4.68;0.29;367.63;15.22;1490;38;4037.00;307
10019;31;620677289;10019;555;11509;11815;4.62;0.28;367.60;15.22;1490;38;4038.00;306
10019;31;620677305;10019;560;11511;11815;4.57;0.28;367.60;15.22;1492;38;4039.00;304
10020;31;620677320;10020;569;11513;11816;4.52;0.28;367.65;15.22;1493;38;4040.00;303
10023;31;620677340;10023;577;11515;11817;4.45;0.27;367.59;15.22;1492;38;4041.00;302
10027;31;620677366;10027;579;11520;11817;4.45;0.27;367.62;15.28;1493;38;4042.00;297
10029;31;620677392;10029;580;11522;11818;4.42;0.27;367.61;15.28;1493;38;4043.00;296
10032;31;620677420;10032;587;11525;11818;4.39;0.27;367.59;15.28;1493;38;4044.00;293
10032;31;620677444;10032;587;11526;11818;4.39;0.27;367.59;15.28;1494;38;4045.00;292
10034;31;620677463;10034;591;11530;11818;4.39;0.27;367.57;15.40;1496;38;4046.00;288
10036;31;620677481;10036;598;11540;11822;4.39;0.27;367.65;15.71;1504;38;4047.00;282
10036;31;620677501;10036;606;11542;11822;4.42;0.27;367.65;15.71;1506;38;4048.00;280
10039;31;620677521;10039;611;11544;11822;4.43;0.27;367.74;15.77;1505;38;4049.00;278
10041;31;620677541;10041;613;11547;11828;4.42;0.27;367.80;15.77;1506;38;4050.00;281
10045;31;620677561;10045;611;11552;11828;4.37;0.27;367.96;15.89;1507;38;4051.00;276
10046;31;620677578;10046;613;11555;11828;4.36;0.27;368.00;16.01;1509;38;4052.00;273
10047;31;620677596;10047;620;11560;11832;4.34;0.27;368.02;16.00;1513;38;4053.00;272
10049;31;620677612;10049;628;11561;11833;4.31;0.26;368.00;16.00;1512;38;4054.00;272
10050;31;620677628;10050;630;11565;11833;4.26;0.26;368.04;16.12;1515;38;4055.00;268
10056;31;620677652;10056;631;11567;11837;4.20;0.26;368.07;16.12;1511;38;4056.00;270
10057;31;620677675;10057;637;11569;11837;4.16;0.25;368.09;16.17;1512;38;4057.00;268
10059;31;620677691;10059;644;11571;11837;4.11;0.25;368.24;16.23;1512;38;4058.00;266
10060;31;620677707;10060;649;11572;11838;4.10;0.25;368.24;16.23;1512;38;4059.00;266
10063;31;620677724;10063;651;11574;11838;4.13;0.25;368.38;16.34;1511;38;4060.00;264
10066;31;620677740;10066;644;11579;11844;4.15;0.25;368.51;16.33;1513;38;4061.00;265
10068;31;620677757;10068;641;11580;11844;4.14;0.25;368.55;16.39;1512;38;4062.00;264
10069;31;620677774;10069;635;11581;11845;4.19;0.26;368.56;16.45;1512;38;4063.00;264
10070;31;620677790;10070;644;11581;11845;4.19;0.26;368.54;16.45;1511;38;4064.00;264
10071;31;620677807;10071;642;11582;11845;4.22;0.26;368.52;16.51;1511;38;4065.00;263
10073;31;620677824;10073;636;11583;11845;4.22;0.26;368.61;16.56;1510;38;4066.00;262
10075;31;620677840;10075;625;11583;11845;4.24;0.26;368.58;16.56;1508;38;4067.00;262
10075;31;620677857;10075;629;11591;11857;4.29;0.26;368.58;16.55;1516;38;4068.00;266
10076;31;620677874;10076;626;11592;11857;4.36;0.27;368.63;16.60;1516;38;4069.00;265
10079;31;620677891;10079;619;11592;11857;4.40;0.27;368.88;16.60;1513;38;4070.00;265
10083;31;620677908;10083;612;11593;11857;4.43;0.27;369.02;16.66;1510;38;4071.00;264
10088;31;620677925;10088;620;11593;11857;4.43;0.27;369.18;16.66;1505;38;4072.00;264
10090;31;620677942;10090;622;11593;11857;4.42;0.27;369.27;16.66;1503;38;4073.00;264
10094;31;620677958;10094;623;11596;11861;4.40;0.27;369.28;16.66;1502;38;4074.00;265
10098;31;620677981;10098;624;11596;11861;4.39;0.27;369.25;16.66;1498;38;4075.00;265
10103;31;620677998;10103;634;11599;11865;4.35;0.27;369.35;16.65;1496;38;4076.00;266
10107;31;620678024;10107;637;11600;11866;4.34;0.27;369.41;16.65;1493;38;4077.00;266
10112;31;620678042;10112;643;11600;11866;4.26;0.26;369.41;16.65;1488;38;4078.00;266
10116;31;620678058;10116;657;11600;11866;4.23;0.26;369.46;16.65;1484;38;4079.00;266
10121;31;620678079;10121;655;11618;11895;4.21;0.26;369.44;16.63;1497;38;4080.00;277
10124;31;620678099;10124;653;11619;11895;4.18;0.26;369.48;16.62;1495;38;4081.00;276
10127;31;620678123;10127;661;11622;11895;4.21;0.26;369.67;16.62;1495;38;4082.00;273
10132;31;620678140;10132;662;11623;11896;4.20;0.26;369.71;16.62;1491;38;4083.00;273
10135;31;620678157;10135;657;11623;11897;4.18;0.26;369.79;16.62;1488;38;4084.00;274
10139;31;620678174;10139;658;11624;11897;4.21;0.26;369.88;16.62;1485;38;4085.00;273
10144;31;620678193;10144;661;11626;11900;4.23;0.26;369.82;16.62;1482;38;4086.00;274
10146;31;620678212;10146;652;11626;11900;4.24;0.26;369.94;16.62;1480;38;4087.00;274
10152;31;620678229;10152;644;11628;11900;4.22;0.26;370.05;16.62;1476;38;4088.00;272
10155;31;620678247;10155;639;11628;11900;4.24;0.26;370.07;16.62;1473;38;4089.00;272
10160;31;620678265;10160;633;11631;11906;4.25;0.26;370.25;16.61;1471;38;4090.00;275
10165;31;620678282;10165;627;11632;11906;4.25;0.26;370.29;16.61;1467;38;4091.00;274
10170;31;620678302;10170;619;11633;11906;4.24;0.26;370.47;16.61;1463;38;4092.00;273
10174;31;620678319;10174;610;11633;11906;4.20;0.26;370.55;16.61;1459;38;4093.00;273
10176;31;620678339;10176;606;11638;11910;4.23;0.26;370.55;16.61;1462;38;4094.00;272
10179;31;620678355;10179;598;11640;11912;4.25;0.26;370.63;16.60;1461;38;4095.00;272
10181;31;620678372;10181;596;11640;11912;4.30;0.26;370.59;16.60;1459;38;4096.00;272
10187;31;620678390;10187;587;11641;11913;4.32;0.27;370.74;16.60;1454;38;4097.00;272
10191;31;620678406;10191;579;11641;11913;4.34;0.27;370.81;16.60;1450;38;4098.00;272
10195;31;620678423;10195;576;11641;11913;4.39;0.27;371.00;16.60;1446;38;4099.00;272
10198;31;620678440;10198;570;11641;11913;4.41;0.27;371.04;16.60;1443;38;4100.00;272
10203;31;620678459;10203;567;11641;11913;4.38;0.27;371.13;16.60;1438;38;4101.00;272
10207;31;620678476;10207;571;11641;11913;4.39;0.27;371.12;16.60;1434;38;4102.00;272
10213;31;620678491;10213;580;11641;11913;4.34;0.26;371.28;16.60;1428;38;4103.00;272
10218;31;620678508;10218;578;11673;11983;4.33;0.26;371.35;16.56;1455;38;4104.00;310
10220;31;620678530;10220;568;11673;11984;4.37;0.27;371.46;16.56;1453;38;4105.00;311
10229;31;620678546;10229;560;11676;11984;4.37;0.27;371.59;16.55;1447;38;4106.00;308
10235;31;620678562;10235;556;11678;11984;4.38;0.27;371.69;16.55;1443;38;4107.00;306
10240;31;620678578;10240;555;11680;11984;4.37;0.26;371.70;16.55;1440;38;4108.00;304
10242;31;620678595;10242;554;11682;11984;4.40;0.27;371.72;16.55;1440;38;4109.00;302
10245;31;620678612;10245;559;11684;11984;4.43;0.27;371.74;16.55;1439;38;4110.00;300
10248;31;620678628;10248;564;11685;11984;4.40;0.27;371.74;16.55;1437;38;4111.00;299
10251;31;620678643;10251;572;11687;11985;4.39;0.27;371.72;16.55;1436;38;4112.00;298
10252;31;620678659;10252;566;11689;11986;4.34;0.26;371.75;16.55;1437;38;4113.00;297
10254;31;620678675;10254;569;11691;11986;4.29;0.26;371.82;16.55;1437;38;4114.00;295
10256;31;620678691;10256;578;11696;11990;4.31;0.26;371.92;16.54;1440;38;4115.00;294
10258;31;620678706;10258;591;11698;11990;4.26;0.26;371.95;16.54;1440;38;4116.00;292
10260;31;620678720;10260;587;11700;11990;4.23;0.26;371.98;16.54;1440;38;4117.00;290
10262;31;620678736;10262;594;11701;11990;4.22;0.26;371.98;16.54;1439;38;4118.00;289
10268;31;620678750;10268;599;11706;11996;4.19;0.25;372.13;16.53;1438;38;4119.00;290
10269;31;620678767;10269;599;11709;11996;4.18;0.25;372.21;16.53;1440;38;4120.00;287
10273;31;620678781;10273;605;11712;11996;4.13;0.25;372.36;16.53;1439;38;4121.00;284
10277;31;620678797;10277;609;11713;11999;4.10;0.25;372.42;16.53;1436;38;4122.00;286
10279;31;620678813;10279;613;11717;11999;4.09;0.25;372.44;16.53;1438;38;4123.00;282
10283;31;620678827;10283;616;11718;11999;4.01;0.24;372.52;16.53;1435;38;4124.00;281
10285;31;620678843;10285;622;11721;12000;3.98;0.24;372.53;16.53;1436;38;4125.00;279
10288;31;620678859;10288;630;11723;12001;3.93;0.24;372.55;16.53;1435;38;4126.00;278
10292;31;620678874;10292;625;11723;12001;3.88;0.24;372.72;16.53;1431;38;4127.00;278
10293;31;620678889;10293;632;11732;12014;3.91;0.24;372.69;16.52;1439;38;4128.00;282
10298;31;620678907;10298;628;11735;12014;3.89;0.24;372.73;16.51;1437;38;4129.00;279
10300;31;620678922;10300;626;11735;12014;3.86;0.24;372.80;16.51;1435;38;4130.00;279
10303;31;620678938;10303;627;11736;12015;3.88;0.24;372.81;16.51;1433;38;4131.00;279
10305;31;620678953;10305;631;11736;12015;3.89;0.24;372.78;16.51;1431;38;4132.00;279
10305;31;620678969;10305;634;11740;12019;3.90;0.24;372.78;16.51;1435;38;4133.00;279
10307;31;620678985;10307;635;11740;12019;3.86;0.23;372.77;16.51;1433;38;4134.00;279
10309;31;620679000;10309;634;11743;12023;3.85;0.23;372.79;16.50;1434;38;4135.00;280
10310;31;620679016;10310;626;11743;12023;3.84;0.23;372.79;16.50;1433;38;4136.00;280
10312;31;620679030;10312;613;11743;12023;3.82;0.23;372.88;16.50;1431;38;4137.00;280
10315;31;620679045;10315;617;11743;12023;3.78;0.23;372.91;16.50;1428;38;4138.00;280
10317;31;620679061;10317;613;11743;12023;3.74;0.23;372.92;16.50;1426;38;4139.00;280
10320;31;620679078;10320;613;11769;12057;3.79;0.23;372.95;16.47;1449;38;4140.00;288
10323;31;620679096;10323;617;11770;12057;3.80;0.23;372.99;16.46;1447;38;4141.00;287
10325;31;620679112;10325;627;11771;12057;3.84;0.23;373.05;16.46;1446;38;4142.00;286
10329;31;620679128;10329;626;11772;12057;3.88;0.24;373.11;16.46;1443;38;4143.00;285
10331;31;620679144;10331;625;11772;12057;3.93;0.24;373.12;16.46;1441;38;4144.00;285
10332;31;620679159;10332;638;11772;12057;3.95;0.24;373.16;16.46;1440;38;4145.00;285
10334;31;620679175;10334;627;11772;12058;3.96;0.24;373.13;16.46;1438;39;4146.00;286
10335;31;620679199;10335;632;11772;12058;4.00;0.24;373.13;16.46;1437;39;4147.00;286
10336;31;620679214;10336;628;11777;12064;4.04;0.25;373.10;16.46;1441;39;4148.00;287
10339;31;620679230;10339;630;11778;12065;4.04;0.25;373.08;16.45;1439;39;4149.00;287
10339;31;620679246;10339;629;11778;12065;4.04;0.25;373.08;16.45;1439;39;4150.00;287
10343;31;620679262;10343;628;11778;12065;4.02;0.25;373.11;16.45;1435;39;4151.00;287
10345;31;620679277;10345;623;11781;12069;4.02;0.25;373.15;16.45;1436;39;4152.00;288
10346;31;620679293;10346;627;11781;12069;4.01;0.25;373.19;16.45;1435;39;4153.00;288
10348;31;620679308;10348;623;11781;12069;3.99;0.24;373.13;16.45;1433;39;4154.00;288
10348;31;620679324;10348;623;11782;12070;4.01;0.25;373.13;16.45;1434;39;4155.00;288
10350;31;620679344;10350;625;11785;12074;4.01;0.25;373.12;16.44;1435;39;4156.00;289
10352;31;620679369;10352;626;11785;12074;4.01;0.25;373.12;16.44;1433;39;4157.00;289
10355;31;620679397;10355;621;11787;12077;4.03;0.25;373.07;16.44;1432;39;4158.00;290
10355;31;620679421;10355;624;11787;12077;4.04;0.25;373.07;16.44;1432;39;4159.00;290
10356;31;620679444;10356;625;11788;12077;4.01;0.25;373.04;16.44;1432;39;4160.00;289
10356;31;620679463;10356;619;11788;12077;3.98;0.24;373.04;16.44;1432;39;4161.00;289
10360;31;620679480;10360;623;11792;12081;3.96;0.24;372.97;16.44;1432;39;4162.00;289
10360;31;620679498;10360;624;11792;12081;3.96;0.24;372.97;16.44;1432;39;4163.00;289
10363;31;620679515;10363;636;11792;12081;3.93;0.24;372.99;16.44;1429;39;4164.00;289
10366;31;620679533;10366;638;11792;12081;3.88;0.24;372.95;16.44;1426;39;4165.00;289
10366;31;620679550;10366;644;11792;12082;3.89;0.24;372.95;16.44;1426;39;4166.00;290
10369;31;620679566;10369;649;11793;12083;3.90;0.24;373.00;16.43;1424;39;4167.00;290
10371;31;620679582;10371;657;11793;12083;3.90;0.24;372.99;16.43;1422;39;4168.00;290
10372;31;620679598;10372;658;11794;12084;3.94;0.24;373.02;16.43;1422;39;4169.00;290
10373;31;620679616;10373;655;11794;12084;3.95;0.24;373.03;16.43;1421;39;4170.00;290
10378;31;620679631;10378;634;11794;12084;3.97;0.24;373.05;16.43;1416;39;4171.00;290
10379;31;620679648;10379;623;11794;12084;4.05;0.25;373.04;16.43;1415;39;4172.00;290
10380;31;620679663;10380;604;11796;12086;4.07;0.25;373.05;16.43;1416;39;4173.00;290
10380;31;620679680;10380;601;11796;12086;4.14;0.25;373.05;16.43;1416;39;4174.00;290
10384;31;620679702;10384;599;11796;12086;4.16;0.25;373.10;16.43;1412;39;4175.00;290
10387;32;620679718;10387;618;11863;12213;4.35;0.27;373.08;16.34;1476;40;4176.00;350
10389;32;620679757;10389;591;11864;12214;4.41;0.27;373.09;16.34;1475;40;4177.00;350
10390;32;620679781;10390;573;11868;12214;4.49;0.28;373.06;16.33;1478;40;4178.00;346
10393;32;620679798;10393;557;11873;12214;4.53;0.28;373.12;16.33;1480;40;4179.00;341
10393;32;620679814;10393;565;11877;12214;4.60;0.28;373.12;16.32;1484;40;4180.00;337
10397;32;620679837;10397;561;11881;12214;4.61;0.28;373.15;16.32;1484;40;4181.00;333
10397;32;620679853;10397;555;11883;12214;4.60;0.28;373.15;16.32;1486;40;4182.00;331
10399;32;620679872;10399;556;11887;12214;4.64;0.28;373.17;16.31;1488;40;4183.00;327
10402;32;620679889;10402;570;11892;12215;4.65;0.29;373.17;16.31;1490;40;4184.00;323
10402;32;620679906;10402;559;11895;12217;4.64;0.29;373.17;16.37;1493;40;4185.00;322
10405;32;620679927;10405;563;11897;12217;4.63;0.28;373.21;16.37;1492;40;4186.00;320
10407;32;620679943;10407;566;11899;12218;4.63;0.28;373.18;16.37;1492;40;4187.00;319
10410;32;620679960;10410;567;11902;12218;4.56;0.28;373.18;16.37;1492;40;4188.00;316
10411;32;620679978;10411;566;11904;12218;4.52;0.28;373.16;16.37;1493;40;4189.00;314
10412;32;620679995;10412;570;11905;12218;4.51;0.28;373.15;16.37;1493;40;4190.00;313
10414;32;620680014;10414;563;11909;12222;4.54;0.28;373.19;16.37;1495;40;4191.00;313
10416;32;620680031;10416;560;11909;12222;4.52;0.28;373.20;16.37;1493;40;4192.00;313
10419;32;620680049;10419;562;11911;12222;4.56;0.28;373.31;16.37;1492;40;4193.00;311
10423;32;620680068;10423;571;11912;12225;4.60;0.28;373.28;16.37;1489;40;4194.00;313
10424;32;620680086;10424;579;11915;12225;4.63;0.28;373.26;16.36;1491;40;4195.00;310
10428;32;620680104;10428;578;11915;12225;4.66;0.28;373.23;16.36;1487;40;4196.00;310
10429;32;620680121;10429;571;11920;12229;4.70;0.29;373.20;16.36;1491;40;4197.00;309
10433;32;620680138;10433;570;11921;12230;4.70;0.29;373.28;16.36;1488;40;4198.00;309
10435;32;620680157;10435;574;11923;12230;4.72;0.29;373.26;16.36;1488;40;4199.00;307
10439;32;620680177;10439;576;11933;12264;4.69;0.29;373.27;16.35;1494;40;4200.00;331
10440;32;620680209;10440;576;11937;12264;4.65;0.28;373.36;16.34;1497;40;4201.00;327
10440;32;620680227;10440;576;11938;12264;4.63;0.28;373.36;16.34;1498;40;4202.00;326
10444;32;620680244;10444;576;11940;12265;4.58;0.28;373.42;16.34;1496;40;4203.00;325
10446;32;620680262;10446;581;11941;12265;4.54;0.28;373.50;16.34;1495;40;4204.00;324
10450;32;620680279;10450;585;11945;12271;4.51;0.27;373.54;16.34;1495;40;4205.00;326
10451;32;620680297;10451;580;11948;12271;4.48;0.27;373.56;16.34;1497;40;4206.00;323
10453;32;620680314;10453;588;11950;12272;4.48;0.27;373.62;16.41;1497;40;4207.00;322
10457;32;620680331;10457;593;11951;12272;4.45;0.27;373.64;16.40;1494;40;4208.00;321
10459;32;620680349;10459;584;11952;12272;4.48;0.27;373.65;16.40;1493;40;4209.00;320
10460;32;620680368;10460;585;11953;12272;4.52;0.28;373.66;16.47;1493;40;4210.00;319
10464;32;620680385;10464;593;11954;12272;4.52;0.28;373.78;16.47;1490;40;4211.00;318
10464;33;620680401;10464;582;11964;12284;4.54;0.28;373.78;16.53;1500;41;4212.00;320
10468;33;620680425;10468;586;11967;12284;4.56;0.28;373.85;16.59;1499;41;4213.00;317
10471;33;620680441;10471;588;11969;12284;4.56;0.28;373.87;16.59;1498;41;4214.00;315
10472;33;620680457;10472;580;11970;12284;4.59;0.28;373.88;16.66;1498;41;4215.00;314
10473;33;620680474;10473;577;11970;12284;4.66;0.28;373.92;16.66;1497;41;4216.00;314
10474;33;620680491;10474;570;11972;12284;4.68;0.29;373.92;16.72;1498;41;4217.00;312
10476;33;620680507;10476;571;11976;12288;4.71;0.29;373.93;16.72;1500;41;4218.00;312
10477;33;620680524;10477;572;11978;12288;4.74;0.29;373.96;16.79;1501;41;4219.00;310
10478;34;620680540;10478;570;11982;12292;4.78;0.29;374.07;16.85;1504;42;4220.00;310
10481;34;620680569;10481;569;11983;12293;4.78;0.29;374.09;16.85;1502;42;4221.00;310
10485;34;620680591;10485;574;11985;12293;4.79;0.29;374.04;16.91;1500;42;4222.00;308
10487;34;620680608;10487;575;11985;12293;4.77;0.29;374.12;16.91;1498;42;4223.00;308
10489;34;620680624;10489;578;11996;12306;4.75;0.29;374.10;16.90;1507;42;4224.00;310
10494;34;620680641;10494;576;11997;12306;4.73;0.29;374.28;16.96;1503;42;4225.00;309
10496;34;620680662;10496;579;11999;12306;4.69;0.29;374.35;16.96;1503;42;4226.00;307
10501;34;620680679;10501;586;12001;12307;4.66;0.28;374.36;16.96;1500;42;4227.00;306
10503;34;620680695;10503;592;12002;12308;4.67;0.28;374.48;17.03;1499;42;4228.00;306
10507;34;620680710;10507;585;12002;12308;4.66;0.28;374.65;17.03;1495;42;4229.00;306
10508;34;620680728;10508;580;12007;12314;4.70;0.29;374.65;17.09;1499;42;4230.00;307
10512;34;620680745;10512;572;12008;12314;4.70;0.29;374.69;17.15;1496;42;4231.00;306
10515;34;620680761;10515;576;12011;12314;4.68;0.29;374.75;17.15;1496;42;4232.00;303
10520;34;620680777;10520;574;12011;12314;4.66;0.28;374.80;17.15;1491;42;4233.00;303
10521;34;620680793;10521;574;12018;12320;4.69;0.29;374.89;17.27;1497;42;4234.00;302
10526;34;620680810;10526;569;12019;12320;4.64;0.28;375.12;17.33;1493;42;4235.00;301
10530;34;620680826;10530;570;12020;12320;4.65;0.28;375.08;17.40;1490;42;4236.00;300
10533;34;620680842;10533;565;12020;12320;4.63;0.28;375.17;17.40;1487;42;4237.00;300
10535;34;620680858;10535;572;12026;12324;4.63;0.28;375.28;17.52;1491;42;4238.00;298
10537;34;620680875;10537;576;12027;12325;4.61;0.28;375.37;17.52;1490;42;4239.00;298
10540;34;620680891;10540;578;12027;12325;4.59;0.28;375.44;17.52;1487;42;4240.00;298
10543;34;620680906;10543;571;12030;12326;4.58;0.28;375.51;17.65;1487;42;4241.00;296
10547;34;620680923;10547;581;12030;12326;4.55;0.28;375.72;17.65;1483;42;4242.00;296
10551;34;620680938;10551;591;12032;12326;4.51;0.28;375.75;17.77;1481;42;4243.00;294
10554;34;620680954;10554;593;12033;12326;4.52;0.28;375.92;17.77;1479;42;4244.00;293
10558;34;620680969;10558;596;12033;12326;4.50;0.27;375.97;17.77;1475;42;4245.00;293
10560;34;620680987;10560;600;12035;12326;4.45;0.27;376.04;17.90;1475;42;4246.00;291
10571;34;620681001;10571;604;12035;12326;4.33;0.26;376.16;17.90;1464;42;4247.00;291
10572;34;620681018;10572;616;12075;12396;4.39;0.27;376.14;17.84;1503;42;4248.00;321
10576;34;620681037;10576;616;12077;12397;4.31;0.26;376.30;17.96;1501;42;4249.00;320
10579;34;620681052;10579;611;12082;12397;4.32;0.26;376.37;17.96;1503;42;4250.00;315
10582;34;620681068;10582;611;12089;12397;4.33;0.26;376.55;18.07;1507;42;4251.00;308
10587;34;620681083;10587;616;12092;12397;4.30;0.26;376.60;18.07;1505;42;4252.00;305
10592;34;620681099;10592;620;12094;12397;4.27;0.26;376.67;18.07;1502;42;4253.00;303
10595;34;620681115;10595;615;12094;12397;4.27;0.26;376.74;18.07;1499;42;4254.00;303
10597;34;620681130;10597;622;12096;12397;4.25;0.26;376.83;18.07;1499;42;4255.00;301
10603;34;620681145;10603;617;12096;12398;4.21;0.26;376.75;18.07;1493;42;4256.00;302
10606;34;620681160;10606;623;12098;12399;4.20;0.26;376.80;18.07;1492;42;4257.00;301
10611;34;620681175;10611;630;12100;12399;4.18;0.25;376.87;18.06;1489;42;4258.00;299
10613;34;620681191;10613;615;12104;12403;4.18;0.25;376.87;18.06;1491;42;4259.00;299
10615;34;620681208;10615;610;12106;12403;4.19;0.26;377.00;18.06;1491;42;4260.00;297
10619;34;620681223;10619;610;12106;12403;4.16;0.25;376.98;18.06;1487;42;4261.00;297
10622;34;620681239;10622;605;12106;12403;4.15;0.25;377.13;18.06;1484;42;4262.00;297
10624;34;620681254;10624;609;12110;12409;4.13;0.25;377.10;18.05;1486;42;4263.00;299
10628;34;620681270;10628;601;12111;12409;4.08;0.25;377.17;18.05;1483;42;4264.00;298
10634;34;620681285;10634;608;12111;12409;3.99;0.24;377.16;18.05;1477;42;4265.00;298
10636;34;620681301;10636;603;12112;12412;3.97;0.24;377.19;18.05;1476;42;4266.00;300
10640;34;620681316;10640;600;12112;12412;3.95;0.24;377.22;18.05;1472;42;4267.00;300
10643;34;620681331;10643;608;12112;12412;3.90;0.24;377.28;18.05;1469;42;4268.00;300
10645;34;620681353;10645;606;12113;12413;3.87;0.24;377.31;18.05;1468;42;4269.00;300
10652;34;620681379;10652;609;12114;12414;3.83;0.23;377.48;18.05;1462;42;4270.00;300
10655;34;620681404;10655;610;12114;12414;3.82;0.23;377.52;18.05;1459;42;4271.00;300
10660;34;620681427;10660;620;12123;12427;3.88;0.24;377.56;18.04;1463;42;4272.00;304
10663;34;620681450;10663;624;12125;12427;3.91;0.24;377.56;18.04;1462;42;4273.00;302
10668;34;620681467;10668;629;12125;12427;3.90;0.24;377.76;18.04;1457;42;4274.00;302
10672;34;620681486;10672;634;12126;12429;3.91;0.24;377.79;18.03;1454;42;4275.00;303
10677;34;620681503;10677;630;12126;12429;3.90;0.24;377.92;18.03;1449;42;4276.00;303
10680;34;620681521;10680;625;12129;12433;3.92;0.24;377.86;18.03;1449;42;4277.00;304
10684;34;620681537;10684;619;12129;12433;3.92;0.24;377.99;18.03;1445;42;4278.00;304
10689;34;620681555;10689;622;12133;12437;3.91;0.24;378.10;18.03;1444;42;4279.00;304
10694;34;620681571;10694;629;12133;12437;3.88;0.24;378.15;18.03;1439;42;4280.00;304
10696;34;620681588;10696;623;12134;12437;3.84;0.24;378.19;18.14;1438;42;4281.00;303
10705;34;620681610;10705;617;12135;12437;3.77;0.23;378.08;18.14;1430;42;4282.00;302
10707;34;620681627;10707;632;12135;12437;3.73;0.23;378.11;18.14;1428;42;4283.00;302
10709;34;620681643;10709;633;12145;12449;3.76;0.23;378.22;18.13;1436;42;4284.00;304
10712;34;620681660;10712;637;12146;12449;3.75;0.23;378.22;18.13;1434;42;4285.00;303
10715;34;620681677;10715;631;12147;12449;3.74;0.23;378.28;18.13;1432;42;4286.00;302
10718;34;620681692;10718;633;12148;12449;3.76;0.23;378.29;18.13;1430;42;4287.00;301
10723;34;620681706;10723;633;12149;12449;3.71;0.23;378.39;18.13;1426;42;4288.00;300
10723;34;620681722;10723;637;12149;12449;3.72;0.23;378.39;18.13;1426;42;4289.00;300
10729;34;620681738;10729;644;12151;12450;3.64;0.22;378.46;18.13;1422;42;4290.00;299
10732;34;620681753;10732;644;12151;12450;3.60;0.22;378.41;18.13;1419;42;4291.00;299
10733;34;620681768;10733;650;12155;12456;3.58;0.22;378.46;18.13;1422;42;4292.00;301
10734;34;620681783;10734;656;12157;12457;3.50;0.21;378.47;18.12;1423;42;4293.00;300
10736;34;620681798;10736;664;12157;12457;3.44;0.21;378.56;18.12;1421;42;4294.00;300
10741;34;620681813;10741;674;12157;12457;3.34;0.20;378.57;18.12;1416;42;4295.00;300
10744;34;620681828;10744;671;12160;12461;3.33;0.20;378.59;18.12;1416;42;4296.00;301
10747;34;620681843;10747;662;12161;12461;3.30;0.20;378.59;18.12;1414;42;4297.00;300
10750;34;620681858;10750;658;12162;12461;3.28;0.20;378.60;18.12;1412;42;4298.00;299
10751;34;620681873;10751;651;12163;12462;3.31;0.20;378.58;18.12;1412;42;4299.00;299
10752;34;620681889;10752;654;12167;12466;3.32;0.20;378.56;18.11;1415;42;4300.00;299
10754;34;620681909;10754;648;12167;12466;3.35;0.20;378.57;18.11;1413;42;4301.00;299
10756;34;620681925;10756;643;12170;12469;3.40;0.21;378.58;18.11;1414;42;4302.00;299
10759;34;620681941;10759;645;12170;12469;3.40;0.21;378.54;18.11;1411;42;4303.00;299
10761;34;620681956;10761;641;12170;12469;3.39;0.21;378.54;18.11;1409;42;4304.00;299
10763;34;620681971;10763;644;12171;12469;3.41;0.21;378.54;18.22;1408;42;4305.00;298
10764;34;620681992;10764;634;12175;12473;3.47;0.21;378.62;18.22;1411;42;4306.00;298
10764;34;620682008;10764;623;12175;12473;3.48;0.21;378.62;18.22;1411;42;4307.00;298
10767;34;620682023;10767;613;12175;12473;3.49;0.21;378.55;18.22;1408;42;4308.00;298
10770;34;620682039;10770;601;12175;12473;3.53;0.21;378.53;18.22;1405;42;4309.00;298
10772;34;620682053;10772;605;12175;12474;3.57;0.22;378.50;18.22;1403;42;4310.00;299
10776;34;620682068;10776;600;12176;12475;3.60;0.22;378.45;18.22;1400;42;4311.00;299
10776;34;620682084;10776;598;12176;12475;3.66;0.22;378.45;18.22;1400;42;4312.00;299
10778;34;620682100;10778;607;12177;12476;3.68;0.22;378.40;18.22;1399;42;4313.00;299
10778;34;620682115;10778;610;12177;12476;3.70;0.22;378.40;18.22;1399;42;4314.00;299
10779;34;620682130;10779;617;12177;12476;3.73;0.23;378.43;18.22;1398;42;4315.00;299
10780;34;620682144;10780;612;12177;12476;3.75;0.23;378.40;18.22;1397;42;4316.00;299
10781;34;620682159;10781;610;12177;12476;3.77;0.23;378.40;18.22;1396;42;4317.00;299
10783;34;620682175;10783;612;12177;12476;3.79;0.23;378.47;18.22;1394;42;4318.00;299
10783;34;620682190;10783;610;12177;12476;3.82;0.23;378.47;18.22;1394;42;4319.00;299
10784;34;620682206;10784;672;12297;12706;4.11;0.26;378.53;18.16;1513;42;4320.00;409
10784;34;620682240;10784;657;12299;12707;4.13;0.26;378.53;18.15;1515;42;4321.00;408
10785;34;620682256;10785;640;12308;12707;4.20;0.26;378.49;18.14;1523;42;4322.00;399
10787;34;620682271;10787;628;12313;12707;4.30;0.27;378.47;18.13;1526;42;4323.00;394
10787;34;620682288;10787;614;12320;12707;4.37;0.27;378.47;18.13;1533;42;4324.00;387
10789;34;620682310;10789;610;12324;12707;4.41;0.28;378.48;18.12;1535;42;4325.00;383
10791;34;620682326;10791;593;12331;12707;4.44;0.28;378.49;18.12;1540;42;4326.00;376
10793;34;620682344;10793;598;12335;12707;4.42;0.27;378.54;18.11;1542;42;4327.00;372
10794;34;620682374;10794;599;12338;12708;4.40;0.27;378.52;18.11;1544;42;4328.00;370
10796;34;620682392;10796;584;12344;12709;4.41;0.27;378.50;18.10;1548;42;4329.00;365
10797;34;620682414;10797;590;12347;12709;4.43;0.27;378.54;18.10;1550;42;4330.00;362
10799;34;620682431;10799;598;12351;12710;4.41;0.27;378.58;18.21;1552;42;4331.00;359
10800;34;620682447;10800;597;12355;12710;4.38;0.27;378.64;18.21;1555;42;4332.00;355
10801;34;620682469;10801;611;12356;12710;4.36;0.27;378.67;18.21;1555;42;4333.00;354
10802;34;620682485;10802;616;12356;12710;4.34;0.27;378.71;18.21;1554;42;4334.00;354
10802;34;620682501;10802;621;12358;12714;4.29;0.26;378.71;18.21;1556;42;4335.00;356
10802;34;620682518;10802;616;12360;12714;4.33;0.27;378.71;18.21;1558;42;4336.00;354
10802;34;620682534;10802;626;12362;12714;4.37;0.27;378.71;18.20;1560;42;4337.00;352
10803;34;620682550;10803;629;12363;12717;4.40;0.27;378.69;18.20;1560;42;4338.00;354
10805;34;620682572;10805;622;12364;12717;4.45;0.27;378.70;18.20;1559;42;4339.00;353
10806;34;620682590;10806;624;12364;12717;4.48;0.28;378.71;18.20;1558;42;4340.00;353
10806;34;620682608;10806;619;12367;12721;4.54;0.28;378.71;18.20;1561;42;4341.00;354
10807;34;620682625;10807;616;12369;12722;4.62;0.28;378.76;18.20;1562;42;4342.00;353
10809;34;620682641;10809;613;12369;12722;4.68;0.29;378.78;18.20;1560;42;4343.00;353
10810;34;620682665;10810;604;12371;12726;4.73;0.29;378.77;18.19;1561;42;4344.00;355
10812;34;620682683;10812;602;12373;12726;4.77;0.29;378.77;18.19;1561;42;4345.00;353
10814;34;620682700;10814;590;12373;12726;4.76;0.29;378.85;18.19;1559;42;4346.00;353
10818;34;620682717;10818;593;12373;12727;4.77;0.29;378.88;18.19;1555;42;4347.00;354
10821;34;620682735;10821;595;12374;12727;4.77;0.29;378.95;18.19;1553;42;4348.00;353
10824;34;620682751;10824;589;12378;12733;4.78;0.29;378.97;18.19;1554;42;4349.00;355
10832;34;620682770;10832;594;12379;12733;4.74;0.29;378.90;18.19;1547;42;4350.00;354
10833;34;620682787;10833;584;12380;12734;4.69;0.29;378.90;18.19;1547;42;4351.00;354
10837;34;620682804;10837;586;12381;12734;4.63;0.28;378.98;18.19;1544;42;4352.00;353
10842;34;620682820;10842;580;12386;12734;4.58;0.28;379.12;18.20;1544;42;4353.00;348
10844;34;620682837;10844;579;12386;12734;4.58;0.28;379.16;18.20;1542;42;4354.00;348
10848;34;620682853;10848;584;12388;12734;4.55;0.28;379.21;18.26;1540;42;4355.00;346
10850;34;620682873;10850;586;12399;12746;4.57;0.28;379.25;18.32;1549;42;4356.00;347
10853;34;620682891;10853;585;12401;12746;4.53;0.27;379.24;18.31;1548;42;4357.00;345
10854;34;620682907;10854;590;12401;12746;4.54;0.28;379.21;18.31;1547;42;4358.00;345
10857;34;620682924;10857;599;12401;12746;4.56;0.28;379.23;18.31;1544;42;4359.00;345
10858;34;620682940;10858;607;12401;12746;4.58;0.28;379.22;18.31;1543;42;4360.00;345
10859;34;620682957;10859;602;12401;12746;4.60;0.28;379.34;18.31;1542;42;4361.00;345
10862;34;620682973;10862;602;12404;12750;4.59;0.28;379.26;18.31;1542;42;4362.00;346
10863;34;620682991;10863;604;12404;12750;4.61;0.28;379.26;18.31;1541;42;4363.00;346
10865;34;620683008;10865;614;12407;12754;4.62;0.28;379.31;18.31;1542;42;4364.00;347
10870;34;620683025;10870;615;12409;12756;4.57;0.28;379.38;18.30;1539;42;4365.00;347
10871;34;620683042;10871;614;12409;12756;4.53;0.27;379.44;18.30;1538;42;4366.00;347
10873;34;620683059;10873;617;12411;12756;4.45;0.27;379.46;18.37;1538;42;4367.00;345
10877;34;620683075;10877;619;12421;12769;4.43;0.27;379.62;18.36;1544;42;4368.00;348
10879;34;620683093;10879;621;12421;12769;4.41;0.27;379.62;18.36;1542;42;4369.00;348
10880;34;620683110;10880;622;12423;12769;4.40;0.27;379.60;18.37;1543;42;4370.00;346
10883;34;620683127;10883;616;12425;12770;4.39;0.27;379.68;18.37;1542;42;4371.00;345
10884;34;620683143;10884;620;12426;12771;4.41;0.27;379.67;18.37;1542;42;4372.00;345
10885;34;620683160;10885;614;12427;12771;4.42;0.27;379.75;18.37;1542;42;4373.00;344
10886;34;620683176;10886;609;12431;12774;4.46;0.27;379.73;18.37;1545;42;4374.00;343
10891;34;620683193;10891;610;12432;12774;4.49;0.27;379.77;18.37;1541;42;4375.00;342
10892;34;620683209;10892;613;12433;12774;4.51;0.28;379.75;18.37;1541;42;4376.00;341
10895;34;620683225;10895;620;12434;12774;4.49;0.27;379.83;18.37;1539;42;4377.00;340
10897;34;620683242;10897;611;12440;12780;4.51;0.28;379.80;18.37;1543;42;4378.00;340
10900;34;620683260;10900;625;12440;12780;4.50;0.27;379.84;18.37;1540;42;4379.00;340
10905;34;620683283;10905;633;12441;12780;4.51;0.27;379.93;18.37;1536;42;4380.00;339
10909;34;620683300;10909;647;12443;12780;4.48;0.27;379.94;18.38;1534;42;4381.00;337
10913;34;620683316;10913;646;12446;12784;4.43;0.27;379.93;18.37;1533;42;4382.00;338
10918;34;620683333;10918;660;12447;12785;4.40;0.27;380.08;18.37;1529;42;4383.00;338
10924;34;620683355;10924;671;12448;12785;4.37;0.27;380.13;18.38;1524;42;4384.00;337
10926;34;620683384;10926;675;12450;12786;4.35;0.27;380.12;18.44;1524;42;4385.00;336
10930;34;620683410;10930;681;12452;12786;4.34;0.26;380.17;18.45;1522;42;4386.00;334
10935;34;620683434;10935;689;12452;12786;4.35;0.26;380.29;18.45;1517;42;4387.00;334
10937;34;620683458;10937;688;12453;12786;4.38;0.27;380.35;18.45;1516;42;4388.00;333
10940;34;620683477;10940;686;12453;12786;4.39;0.27;380.44;18.45;1513;42;4389.00;333
10944;34;620683496;10944;682;12453;12786;4.39;0.27;380.46;18.45;1509;42;4390.00;333
10945;34;620683515;10945;679;12455;12786;4.40;0.27;380.44;18.58;1510;42;4391.00;331
10949;34;620683533;10949;682;12489;12856;4.53;0.28;380.65;18.53;1540;42;4392.00;367
10951;34;620683558;10951;679;12490;12857;4.54;0.28;380.67;18.53;1539;42;4393.00;367
10955;34;620683576;10955;678;12497;12857;4.53;0.28;380.76;18.52;1542;42;4394.00;360
10958;34;620683593;10958;675;12500;12857;4.51;0.27;380.93;18.52;1542;42;4395.00;357
10959;34;620683611;10959;674;12504;12857;4.50;0.27;380.95;18.51;1545;42;4396.00;353
10961;34;620683628;10961;673;12507;12857;4.50;0.27;381.02;18.51;1546;42;4397.00;350
10962;34;620683645;10962;672;12510;12857;4.51;0.27;381.01;18.51;1548;42;4398.00;347
10965;35;620683662;10965;667;12513;12857;4.52;0.27;381.06;18.50;1548;43;4399.00;344
10966;35;620683692;10966;669;12514;12858;4.56;0.28;381.03;18.50;1548;43;4400.00;344
10970;35;620683718;10970;663;12518;12859;4.55;0.28;381.09;18.50;1548;43;4401.00;341
10971;35;620683737;10971;661;12518;12859;4.57;0.28;381.07;18.50;1547;43;4402.00;341
10975;35;620683755;10975;654;12519;12863;4.54;0.28;381.09;18.50;1544;43;4403.00;344
10978;35;620683774;10978;661;12519;12863;4.54;0.28;381.22;18.50;1541;43;4404.00;344
10978;35;620683799;10978;653;12519;12863;4.56;0.28;381.22;18.50;1541;43;4405.00;344
10982;35;620683817;10982;654;12519;12863;4.58;0.28;381.35;18.50;1537;43;4406.00;344
10984;35;620683835;10984;659;12524;12869;4.64;0.28;381.40;18.49;1540;43;4407.00;345
10984;35;620683855;10984;651;12524;12869;4.66;0.28;381.40;18.49;1540;43;4408.00;345
10987;35;620683872;10987;648;12524;12869;4.63;0.28;381.54;18.49;1537;43;4409.00;345
10991;35;620683892;10991;651;12527;12875;4.62;0.28;381.55;18.49;1536;43;4410.00;348
10994;35;620683910;10994;651;12527;12875;4.58;0.28;381.66;18.49;1533;43;4411.00;348
10999;35;620683927;10999;655;12528;12875;4.50;0.27;381.67;18.48;1529;43;4412.00;347
11004;35;620683948;11004;659;12528;12876;4.42;0.27;381.83;18.48;1524;43;4413.00;348
11007;35;620683976;11007;663;12529;12877;4.34;0.26;381.80;18.48;1522;43;4414.00;348
11011;35;620683996;11011;671;12530;12877;4.25;0.26;381.73;18.48;1519;43;4415.00;347
11017;35;620684016;11017;674;12539;12890;4.17;0.25;381.80;18.47;1522;43;4416.00;351
11019;35;620684036;11019;679;12540;12890;4.10;0.25;381.88;18.47;1521;43;4417.00;350
11023;35;620684055;11023;687;12542;12890;4.02;0.25;381.93;18.47;1519;43;4418.00;348
11026;35;620684075;11026;692;12543;12891;3.96;0.24;381.94;18.47;1517;43;4419.00;348
11029;35;620684094;11029;683;12543;12891;3.93;0.24;382.07;18.47;1514;43;4420.00;348
11031;35;620684113;11031;674;12547;12895;4.00;0.25;382.09;18.46;1516;43;4421.00;348
11034;35;620684132;11034;667;12547;12895;4.02;0.25;382.22;18.46;1513;43;4422.00;348
11038;35;620684151;11038;666;12550;12899;3.99;0.25;382.33;18.46;1512;43;4423.00;349
11041;35;620684171;11041;656;12550;12899;3.98;0.24;382.37;18.46;1509;43;4424.00;349
11045;35;620684191;11045;655;12550;12899;3.95;0.24;382.39;18.46;1505;43;4425.00;349
11049;35;620684212;11049;658;12550;12899;3.94;0.24;382.36;18.46;1501;43;4426.00;349
11050;35;620684230;11050;654;12550;12899;3.96;0.24;382.44;18.46;1500;43;4427.00;349
11056;35;620684250;11056;648;12558;12911;4.02;0.25;382.39;18.45;1502;43;4428.00;353
11059;35;620684272;11059;633;12558;12911;4.02;0.25;382.44;18.45;1499;43;4429.00;353
11063;35;620684292;11063;625;12558;12911;4.04;0.25;382.54;18.45;1495;43;4430.00;353
11069;35;620684311;11069;623;12558;12911;4.02;0.25;382.75;18.45;1489;43;4431.00;353
11072;35;620684331;11072;617;12558;12911;4.02;0.25;382.87;18.45;1486;43;4432.00;353
11078;35;620684352;11078;615;12558;12911;3.98;0.24;382.99;18.45;1480;43;4433.00;353
11083;35;620684372;11083;618;12558;12912;3.99;0.24;383.06;18.45;1475;43;4434.00;354
11086;35;620684392;11086;618;12558;12912;3.98;0.24;383.09;18.45;1472;43;4435.00;354
11089;35;620684410;11089;616;12562;12918;4.05;0.25;383.13;18.45;1473;43;4436.00;356
11095;35;620684429;11095;617;12562;12919;4.04;0.25;383.10;18.45;1467;43;4437.00;357
11095;35;620684449;11095;623;12562;12919;4.06;0.25;383.10;18.45;1467;43;4438.00;357
11097;35;620684466;11097;623;12562;12919;4.07;0.25;383.07;18.45;1465;43;4439.00;357
11100;35;620684486;11100;620;12566;12924;4.11;0.25;383.04;18.44;1466;43;4440.00;358
11102;35;620684503;11102;617;12566;12924;4.11;0.25;383.09;18.44;1464;43;4441.00;358
11106;35;620684522;11106;618;12566;12924;4.08;0.25;383.07;18.44;1460;43;4442.00;358
11108;35;620684539;11108;624;12567;12925;4.08;0.25;383.09;18.44;1459;43;4443.00;358
11111;35;620684556;11111;613;12568;12929;4.08;0.25;383.05;18.44;1457;43;4444.00;361
11117;35;620684575;11117;617;12568;12929;4.06;0.25;383.06;18.44;1451;43;4445.00;361
11119;35;620684593;11119;619;12569;12932;4.04;0.25;383.07;18.44;1450;43;4446.00;363
11123;35;620684611;11123;626;12570;12932;4.01;0.24;383.06;18.44;1447;43;4447.00;362
11124;35;620684629;11124;630;12570;12932;4.00;0.24;383.07;18.44;1446;43;4448.00;362
11130;35;620684649;11130;638;12571;12932;3.92;0.24;383.08;18.44;1441;43;4449.00;361
11132;35;620684667;11132;637;12576;12936;3.89;0.24;383.05;18.44;1444;43;4450.00;360
11136;35;620684685;11136;622;12577;12936;3.86;0.24;382.99;18.44;1441;43;4451.00;359
11140;35;620684702;11140;622;12577;12936;3.83;0.23;383.06;18.44;1437;43;4452.00;359
11145;35;620684719;11145;626;12578;12936;3.79;0.23;383.08;18.44;1433;43;4453.00;358
11147;35;620684736;11147;631;12579;12937;3.79;0.23;383.14;18.44;1432;43;4454.00;358
11152;35;620684752;11152;626;12583;12939;3.73;0.23;383.08;18.55;1431;43;4455.00;356
11157;35;620684770;11157;633;12584;12939;3.65;0.22;383.04;18.55;1427;43;4456.00;355
11161;35;620684787;11161;632;12586;12940;3.59;0.22;383.06;18.55;1425;43;4457.00;354
11166;35;620684804;11166;636;12587;12940;3.50;0.21;383.20;18.55;1421;43;4458.00;353
11167;35;620684821;11167;627;12588;12940;3.48;0.21;383.19;18.55;1421;43;4459.00;352
11169;35;620684837;11169;625;12589;12940;3.44;0.21;383.14;18.55;1420;43;4460.00;351
11171;35;620684855;11171;620;12589;12940;3.40;0.21;383.17;18.55;1418;43;4461.00;351
11176;35;620684871;11176;626;12590;12940;3.33;0.20;383.10;18.55;1414;43;4462.00;350
11177;35;620684887;11177;643;12590;12940;3.27;0.20;383.10;18.55;1413;43;4463.00;350
11179;35;620684907;11179;660;12655;13067;3.64;0.23;383.08;18.46;1476;43;4464.00;412
11180;35;620684934;11180;659;12660;13068;3.67;0.23;383.05;18.45;1480;43;4465.00;408
11181;35;620684950;11181;666;12669;13068;3.70;0.23;383.10;18.44;1488;43;4466.00;399
11182;35;620684967;11182;661;12673;13068;3.73;0.23;383.08;18.44;1491;43;4467.00;395
11183;35;620684984;11183;652;12679;13068;3.74;0.23;383.05;18.43;1496;43;4468.00;389
11186;35;620685001;11186;658;12682;13068;3.75;0.23;383.01;18.43;1496;43;4469.00;386
11189;35;620685020;11189;661;12683;13068;3.74;0.23;383.00;18.43;1494;43;4470.00;385
11191;35;620685039;11191;664;12686;13068;3.71;0.23;382.97;18.42;1495;43;4471.00;382
11193;35;620685057;11193;660;12689;13069;3.70;0.23;382.97;18.54;1496;43;4472.00;380
11194;35;620685077;11194;668;12692;13070;3.67;0.23;382.96;18.53;1498;43;4473.00;378
11196;35;620685095;11196;674;12693;13070;3.63;0.22;382.92;18.53;1497;43;4474.00;377
11196;35;620685113;11196;657;12695;13071;3.63;0.22;382.92;18.53;1499;43;4475.00;376
11196;35;620685130;11196;652;12698;13071;3.66;0.23;382.92;18.53;1502;43;4476.00;373
11198;35;620685148;11198;635;12699;13071;3.67;0.23;382.87;18.53;1501;43;4477.00;372
11199;35;620685166;11199;624;12701;13071;3.76;0.23;382.85;18.53;1502;43;4478.00;370
11200;35;620685184;11200;612;12706;13075;3.87;0.24;382.86;18.53;1506;43;4479.00;369
11200;36;620685209;11200;600;12707;13075;3.99;0.25;382.86;18.52;1507;44;4480.00;368
11202;36;620685242;11202;590;12709;13075;4.09;0.25;382.87;18.52;1507;44;4481.00;366
11203;36;620685268;11203;582;12710;13078;4.18;0.26;382.88;18.52;1507;44;4482.00;368
11203;36;620685290;11203;566;12711;13078;4.29;0.26;382.88;18.52;1508;44;4483.00;367
11204;37;620685309;11204;569;12712;13078;4.37;0.27;382.90;18.52;1508;45;4484.00;366
11204;37;620685341;11204;565;12715;13082;4.41;0.27;382.90;18.52;1511;45;4485.00;367
11206;37;620685378;11206;564;12717;13083;4.46;0.27;382.90;18.52;1511;45;4486.00;366
11206;37;620685423;11206;559;12719;13083;4.47;0.27;382.90;18.52;1513;45;4487.00;364
11212;37;620685452;11212;554;12723;13087;4.44;0.27;382.88;18.51;1511;45;4488.00;364
11215;37;620685478;11215;556;12724;13087;4.40;0.27;382.86;18.51;1509;45;4489.00;363
11217;37;620685508;11217;559;12724;13087;4.38;0.27;382.81;18.51;1507;45;4490.00;363
11218;37;620685532;11218;549;12724;13088;4.41;0.27;382.79;18.51;1506;45;4491.00;364
11220;37;620685560;11220;555;12727;13088;4.43;0.27;382.76;18.51;1507;45;4492.00;361
11223;37;620685590;11223;547;12733;13094;4.42;0.27;382.80;18.51;1510;45;4493.00;361
11225;37;620685614;11225;550;12734;13094;4.42;0.27;382.92;18.50;1509;45;4494.00;360
11227;37;620685635;11227;558;12734;13095;4.42;0.27;382.99;18.50;1507;45;4495.00;361
11230;37;620685656;11230;553;12734;13095;4.43;0.27;383.08;18.50;1504;45;4496.00;361
11232;37;620685678;11232;548;12734;13095;4.46;0.27;383.03;18.50;1502;45;4497.00;361
11233;37;620685700;11233;545;12734;13095;4.53;0.27;383.01;18.50;1501;45;4498.00;361
11235;37;620685724;11235;545;12734;13095;4.55;0.28;382.98;18.50;1499;45;4499.00;361
11235;37;620685748;11235;552;12759;13145;4.65;0.28;382.98;18.47;1524;45;4500.00;386
11237;37;620685779;11237;559;12759;13147;4.67;0.28;383.02;18.47;1522;45;4501.00;388
11237;37;620685802;11237;561;12764;13147;4.74;0.29;383.02;18.46;1527;45;4502.00;383
11239;37;620685823;11239;550;12764;13147;4.79;0.29;383.05;18.46;1525;45;4503.00;383
11241;37;620685848;11241;548;12766;13147;4.83;0.29;383.07;18.46;1525;45;4504.00;381
11243;37;620685871;11243;542;12766;13147;4.86;0.30;383.15;18.46;1523;45;4505.00;381
11246;37;620685900;11246;549;12770;13151;4.83;0.29;383.28;18.45;1524;45;4506.00;381
11247;37;620685926;11247;545;12770;13151;4.83;0.29;383.35;18.45;1523;45;4507.00;381
11248;37;620685951;11248;552;12775;13155;4.87;0.30;383.44;18.45;1527;45;4508.00;380
11249;37;620685979;11249;549;12776;13156;4.91;0.30;383.47;18.45;1527;45;4509.00;380
11252;37;620686002;11252;537;12776;13156;4.95;0.30;383.55;18.45;1524;45;4510.00;380
11255;37;620686026;11255;533;12776;13156;4.92;0.30;383.57;18.45;1521;45;4511.00;380
11259;37;620686049;11259;537;12787;13169;4.93;0.30;383.71;18.43;1528;45;4512.00;382
11261;37;620686074;11261;534;12787;13169;4.94;0.30;383.71;18.43;1526;45;4513.00;382
11265;37;620686099;11265;530;12788;13169;4.97;0.30;383.78;18.43;1523;45;4514.00;381
11268;37;620686124;11268;528;12789;13170;4.95;0.30;383.92;18.43;1521;45;4515.00;381
11270;37;620686146;11270;524;12789;13171;4.91;0.30;383.91;18.43;1519;45;4516.00;382
11272;37;620686171;11272;525;12789;13171;4.89;0.30;383.98;18.43;1517;45;4517.00;382
11275;37;620686193;11275;527;12792;13174;4.92;0.30;383.98;18.43;1517;45;4518.00;382
11278;37;620686215;11278;524;12792;13174;4.92;0.30;384.09;18.43;1514;45;4519.00;382
11282;37;620686237;11282;525;12794;13174;4.90;0.30;384.19;18.43;1512;45;4520.00;380
11285;37;620686259;11285;518;12794;13174;4.89;0.30;384.38;18.43;1509;45;4521.00;380
11288;37;620686280;11288;514;12798;13180;4.84;0.29;384.48;18.42;1510;45;4522.00;382
11289;37;620686304;11289;515;12798;13180;4.82;0.29;384.59;18.42;1509;45;4523.00;382
11290;37;620686327;11290;511;12799;13180;4.82;0.29;384.68;18.42;1509;45;4524.00;381
11295;37;620686350;11295;502;12800;13180;4.77;0.29;384.82;18.42;1505;45;4525.00;380
11299;37;620686374;11299;505;12803;13184;4.76;0.29;385.00;18.42;1504;45;4526.00;381
11302;37;620686399;11302;498;12804;13185;4.77;0.29;385.04;18.42;1502;45;4527.00;381
11308;37;620686421;11308;504;12804;13185;4.73;0.29;385.10;18.42;1496;45;4528.00;381
11312;37;620686448;11312;509;12806;13186;4.72;0.29;385.04;18.42;1494;45;4529.00;380
11315;37;620686476;11315;511;12806;13186;4.70;0.29;385.02;18.42;1491;45;4530.00;380
11318;37;620686499;11318;509;12807;13186;4.68;0.29;385.07;18.42;1489;45;4531.00;379
11320;37;620686538;11320;512;12807;13186;4.68;0.28;385.15;18.42;1487;45;4532.00;379
11326;37;620686565;11326;513;12808;13186;4.65;0.28;385.18;18.49;1482;45;4533.00;378
11330;37;620686594;11330;514;12808;13186;4.60;0.28;385.24;18.49;1478;45;4534.00;378
11331;37;620686616;11331;521;12809;13186;4.60;0.28;385.23;18.50;1478;45;4535.00;377
11335;37;620686636;11335;536;12846;13256;4.65;0.28;385.29;18.44;1511;45;4536.00;410
11336;37;620686665;11336;542;12850;13257;4.63;0.28;385.36;18.44;1514;45;4537.00;407
11339;37;620686687;11339;541;12856;13257;4.64;0.28;385.39;18.44;1517;45;4538.00;401
11343;37;620686708;11343;552;12858;13257;4.64;0.28;385.43;18.43;1515;45;4539.00;399
11345;37;620686727;11345;551;12864;13257;4.65;0.28;385.48;18.43;1519;45;4540.00;393
11346;37;620686748;11346;552;12866;13257;4.67;0.29;385.46;18.42;1520;45;4541.00;391
11349;37;620686768;11349;557;12869;13257;4.71;0.29;385.47;18.42;1520;45;4542.00;388
11349;37;620686790;11349;563;12873;13257;4.74;0.29;385.47;18.42;1524;45;4543.00;384
11351;37;620686820;11351;557;12876;13258;4.81;0.29;385.59;18.42;1525;45;4544.00;382
11355;37;620686843;11355;562;12880;13260;4.78;0.29;385.64;18.42;1525;45;4545.00;380
11358;37;620686869;11358;553;12883;13260;4.73;0.29;385.71;18.41;1525;45;4546.00;377
11363;37;620686897;11363;554;12886;13264;4.69;0.29;385.69;18.41;1523;45;4547.00;378
11367;37;620686925;11367;552;12886;13264;4.68;0.29;385.69;18.41;1519;45;4548.00;378
11369;37;620686951;11369;559;12886;13264;4.67;0.29;385.74;18.41;1517;45;4549.00;378
11371;37;620686972;11371;560;12886;13264;4.67;0.29;385.82;18.41;1515;45;4550.00;378
11375;37;620686993;11375;564;12891;13270;4.67;0.29;386.00;18.40;1516;45;4551.00;379
11379;37;620687025;11379;569;12891;13270;4.63;0.28;386.10;18.40;1512;45;4552.00;379
11381;37;620687045;11381;571;12891;13270;4.65;0.28;386.14;18.40;1510;45;4553.00;379
11383;37;620687066;11383;575;12893;13273;4.66;0.28;386.13;18.40;1510;45;4554.00;380
11390;37;620687088;11390;573;12893;13273;4.64;0.28;386.23;18.40;1503;45;4555.00;380
11392;37;620687108;11392;582;12893;13273;4.66;0.28;386.22;18.40;1501;45;4556.00;380
11394;37;620687129;11394;583;12894;13274;4.66;0.28;386.26;18.40;1500;45;4557.00;380
11397;37;620687152;11397;589;12895;13275;4.65;0.28;386.27;18.40;1498;45;4558.00;380
11400;37;620687176;11400;590;12895;13275;4.62;0.28;386.27;18.40;1495;45;4559.00;380
11401;37;620687199;11401;595;12912;13301;4.67;0.29;386.26;18.37;1511;45;4560.00;389
11404;37;620687222;11404;598;12913;13301;4.67;0.28;386.33;18.37;1509;45;4561.00;388
11406;37;620687243;11406;600;12915;13301;4.67;0.28;386.35;18.37;1509;45;4562.00;386
11409;37;620687262;11409;603;12915;13302;4.64;0.28;386.50;18.37;1506;45;4563.00;387
11411;37;620687281;11411;608;12915;13302;4.61;0.28;386.61;18.37;1504;45;4564.00;387
11412;37;620687298;11412;612;12918;13306;4.62;0.28;386.64;18.36;1506;45;4565.00;388
11419;37;620687316;11419;613;12918;13306;4.54;0.28;386.81;18.36;1499;45;4566.00;388
11422;37;620687333;11422;610;12921;13310;4.48;0.27;386.80;18.36;1499;45;4567.00;389
11423;37;620687356;11423;608;12921;13310;4.43;0.27;386.89;18.36;1498;45;4568.00;389
11423;37;620687382;11423;605;12921;13310;4.41;0.27;386.89;18.36;1498;45;4569.00;389
11426;37;620687407;11426;595;12921;13310;4.39;0.27;387.00;18.36;1495;45;4570.00;389
11427;37;620687432;11427;595;12921;13310;4.41;0.27;387.09;18.36;1494;45;4571.00;389
11430;37;620687455;11430;587;12930;13322;4.44;0.27;387.25;18.35;1500;45;4572.00;392
11433;37;620687480;11433;590;12930;13322;4.43;0.27;387.28;18.35;1497;45;4573.00;392
11435;37;620687500;11435;587;12930;13322;4.41;0.27;387.37;18.35;1495;45;4574.00;392
11438;37;620687521;11438;590;12930;13322;4.39;0.27;387.39;18.35;1492;45;4575.00;392
11438;37;620687541;11438;593;12930;13322;4.38;0.27;387.39;18.35;1492;45;4576.00;392
11439;37;620687560;11439;591;12931;13322;4.36;0.26;387.47;18.35;1492;45;4577.00;391
11440;37;620687579;11440;598;12931;13323;4.37;0.27;387.49;18.35;1491;45;4578.00;392
11443;37;620687601;11443;592;12931;13323;4.32;0.26;387.54;18.35;1488;45;4579.00;392
11447;37;620687629;11447;586;12935;13329;4.28;0.26;387.54;18.34;1488;45;4580.00;394
11448;37;620687649;11448;584;12935;13330;4.24;0.26;387.52;18.34;1487;45;4581.00;395
11453;37;620687668;11453;595;12935;13330;4.13;0.25;387.65;18.34;1482;45;4582.00;395
11454;37;620687696;11454;597;12935;13330;4.05;0.25;387.75;18.34;1481;45;4583.00;395
11457;37;620687713;11457;598;12938;13334;4.03;0.25;387.82;18.34;1481;45;4584.00;396
11458;37;620687731;11458;608;12938;13334;3.98;0.24;387.84;18.34;1480;45;4585.00;396
11462;37;620687749;11462;623;12938;13334;3.94;0.24;387.91;18.34;1476;45;4586.00;396
11465;37;620687768;11465;625;12939;13335;3.90;0.24;387.84;18.34;1474;45;4587.00;396
11468;37;620687789;11468;628;12942;13339;3.86;0.24;387.94;18.33;1474;45;4588.00;397
11469;37;620687807;11469;632;12942;13339;3.79;0.23;387.92;18.33;1473;45;4589.00;397
11475;37;620687829;11475;624;12946;13345;3.74;0.23;388.05;18.33;1471;45;4590.00;399
11477;37;620687848;11477;616;12946;13345;3.73;0.23;388.12;18.33;1469;45;4591.00;399
11480;37;620687872;11480;617;12947;13345;3.71;0.23;388.16;18.33;1467;45;4592.00;398
11485;37;620687890;11485;608;12947;13345;3.67;0.22;388.20;18.33;1462;45;4593.00;398
11487;37;620687909;11487;600;12950;13349;3.70;0.23;388.27;18.32;1463;45;4594.00;399
11492;37;620687929;11492;614;12950;13349;3.66;0.22;388.35;18.32;1458;45;4595.00;399
11494;37;620687949;11494;615;12950;13349;3.64;0.22;388.32;18.32;1456;45;4596.00;399
11495;37;620687971;11495;608;12950;13349;3.63;0.22;388.33;18.32;1455;45;4597.00;399
11499;37;620687989;11499;605;12950;13350;3.59;0.22;388.36;18.32;1451;45;4598.00;400
11503;37;620688007;11503;606;12950;13351;3.56;0.22;388.45;18.32;1447;45;4599.00;401
11507;37;620688029;11507;600;12950;13351;3.54;0.22;388.36;18.32;1443;45;4600.00;401
11510;37;620688051;11510;593;12951;13352;3.50;0.21;388.46;18.32;1441;45;4601.00;401
11515;37;620688070;11515;596;12951;13352;3.49;0.21;388.39;18.32;1436;45;4602.00;401
11520;37;620688088;11520;589;12951;13352;3.43;0.21;388.33;18.32;1431;45;4603.00;401
11525;37;620688105;11525;584;12951;13352;3.42;0.21;388.29;18.32;1426;45;4604.00;401
11531;37;620688123;11531;587;12951;13352;3.44;0.21;388.31;18.32;1420;45;4605.00;401
11538;37;620688143;11538;589;12951;13352;3.39;0.21;388.19;18.32;1413;45;4606.00;401
11539;37;620688160;11539;590;12951;13352;3.41;0.21;388.18;18.32;1412;45;4607.00;401
11546;37;620688177;11546;588;13013;13479;3.71;0.23;388.15;18.24;1467;45;4608.00;466
11550;37;620688209;11550;588;13018;13480;3.69;0.23;388.19;18.23;1468;45;4609.00;462
11554;37;620688230;11554;594;13024;13480;3.73;0.23;388.24;18.22;1470;45;4610.00;456
11556;37;620688250;11556;596;13026;13480;3.69;0.23;388.27;18.22;1470;45;4611.00;454
11561;37;620688268;11561;599;13031;13480;3.69;0.23;388.31;18.21;1470;45;4612.00;449
11563;37;620688287;11563;610;13034;13480;3.70;0.23;388.30;18.21;1471;45;4613.00;446
11566;37;620688305;11566;615;13036;13480;3.70;0.23;388.29;18.21;1470;45;4614.00;444
11570;37;620688323;11570;621;13039;13480;3.69;0.23;388.26;18.21;1469;45;4615.00;441
11574;37;620688343;11574;629;13040;13481;3.62;0.23;388.23;18.21;1466;45;4616.00;441
11575;37;620688366;11575;632;13041;13482;3.59;0.22;388.21;18.20;1466;45;4617.00;441
11581;37;620688385;11581;635;13043;13482;3.51;0.22;388.16;18.20;1462;45;4618.00;439
11584;37;620688404;11584;647;13045;13483;3.45;0.22;388.19;18.20;1461;45;4619.00;438
11588;37;620688426;11588;646;13047;13483;3.38;0.21;388.23;18.20;1459;45;4620.00;436
11591;37;620688444;11591;653;13047;13483;3.33;0.21;388.23;18.20;1456;45;4621.00;436
11593;37;620688460;11593;666;13050;13483;3.34;0.21;388.18;18.21;1457;45;4622.00;433
11598;37;620688476;11598;669;13051;13487;3.32;0.21;388.23;18.20;1453;45;4623.00;436
11602;37;620688492;11602;672;13053;13487;3.31;0.21;388.24;18.21;1451;45;4624.00;434
11602;37;620688507;11602;673;13053;13487;3.32;0.21;388.24;18.21;1451;45;4625.00;434
11607;37;620688522;11607;678;13054;13490;3.31;0.21;388.25;18.20;1447;45;4626.00;436
11610;37;620688537;11610;660;13056;13490;3.29;0.21;388.27;18.20;1446;45;4627.00;434
11615;37;620688552;11615;659;13057;13490;3.30;0.21;388.25;18.21;1442;45;4628.00;433
11617;37;620688568;11617;657;13061;13494;3.34;0.21;388.27;18.21;1444;45;4629.00;433
11623;37;620688588;11623;649;13063;13495;3.38;0.21;388.24;18.21;1440;45;4630.00;432
11624;37;620688609;11624;638;13064;13495;3.44;0.21;388.25;18.21;1440;45;4631.00;431
11627;37;620688626;11627;639;13067;13499;3.48;0.22;388.28;18.21;1440;45;4632.00;432
11630;37;620688643;11630;634;13069;13499;3.50;0.22;388.34;18.21;1439;45;4633.00;430
11632;37;620688668;11632;633;13070;13499;3.51;0.22;388.31;18.21;1438;45;4634.00;429
11636;37;620688685;11636;634;13072;13501;3.50;0.22;388.28;18.21;1436;45;4635.00;429
11639;37;620688702;11639;635;13073;13501;3.53;0.22;388.40;18.21;1434;45;4636.00;428
11646;37;620688719;11646;627;13078;13507;3.52;0.21;388.47;18.20;1432;45;4637.00;429
11648;37;620688737;11648;621;13079;13507;3.58;0.22;388.50;18.21;1431;45;4638.00;428
11652;37;620688755;11652;616;13082;13508;3.60;0.22;388.50;18.33;1430;45;4639.00;426
11654;37;620688774;11654;617;13082;13508;3.63;0.22;388.52;18.33;1428;45;4640.00;426
11656;37;620688791;11656;618;13084;13508;3.69;0.23;388.55;18.33;1428;45;4641.00;424
11657;37;620688809;11657;609;13084;13508;3.74;0.23;388.52;18.33;1427;45;4642.00;424
11659;37;620688827;11659;618;13085;13508;3.74;0.23;388.57;18.33;1426;45;4643.00;423
11660;37;620688846;11660;625;13095;13520;3.83;0.23;388.57;18.32;1435;45;4644.00;425
11661;37;620688864;11661;628;13096;13520;3.87;0.24;388.55;18.32;1435;45;4645.00;424
11663;37;620688882;11663;617;13098;13520;3.90;0.24;388.58;18.32;1435;45;4646.00;422
11664;37;620688900;11664;601;13098;13520;3.94;0.24;388.56;18.32;1434;45;4647.00;422
11666;37;620688917;11666;591;13099;13520;3.96;0.24;388.68;18.33;1433;45;4648.00;421
11669;37;620688941;11669;579;13099;13520;4.01;0.24;388.74;18.33;1430;45;4649.00;421
11672;37;620688961;11672;574;13104;13526;4.04;0.25;388.85;18.32;1432;45;4650.00;422
11674;37;620688980;11674;566;13104;13526;4.06;0.25;388.89;18.32;1430;45;4651.00;422
11678;37;620688999;11678;556;13108;13530;4.07;0.25;388.87;18.32;1430;45;4652.00;422
11680;37;620689018;11680;554;13108;13531;4.08;0.25;388.92;18.32;1428;45;4653.00;423
11681;37;620689036;11681;556;13110;13531;4.08;0.25;388.94;18.44;1429;45;4654.00;421
11684;37;620689055;11684;556;13111;13531;4.09;0.25;388.95;18.44;1427;45;4655.00;420
11686;37;620689073;11686;558;13121;13544;4.16;0.25;389.02;18.43;1435;45;4656.00;423
11688;37;620689092;11688;550;13122;13544;4.19;0.25;389.13;18.43;1434;45;4657.00;422
11693;37;620689111;11693;556;13122;13544;4.17;0.25;389.18;18.43;1429;45;4658.00;422
11696;37;620689130;11696;557;13123;13545;4.19;0.25;389.26;18.43;1427;45;4659.00;422
11698;37;620689153;11698;552;13124;13546;4.24;0.26;389.23;18.43;1426;45;4660.00;422
11700;37;620689170;11700;545;13124;13546;4.29;0.26;389.25;18.43;1424;45;4661.00;422
11702;37;620689186;11702;547;13125;13549;4.36;0.26;389.30;18.43;1423;45;4662.00;424
11704;37;620689202;11704;550;13125;13549;4.44;0.27;389.31;18.43;1421;45;4663.00;424
11705;37;620689219;11705;545;13129;13549;4.48;0.27;389.43;18.68;1424;46;4664.00;420
11708;37;620689244;11708;541;13129;13549;4.54;0.28;389.51;18.68;1421;46;4665.00;420
11709;37;620689262;11709;540;13134;13555;4.60;0.28;389.52;18.68;1425;46;4666.00;421
11710;37;620689278;11710;530;13134;13555;4.69;0.28;389.54;18.68;1424;46;4667.00;421
11715;37;620689294;11715;531;13134;13555;4.74;0.29;389.54;18.68;1419;46;4668.00;421
11719;37;620689318;11719;525;13135;13555;4.81;0.29;389.63;18.68;1416;46;4669.00;420
11724;37;620689334;11724;532;13138;13559;4.88;0.29;389.68;18.68;1414;46;4670.00;421
11726;37;620689356;11726;533;13138;13560;4.92;0.30;389.66;18.68;1412;46;4671.00;422
11728;37;620689384;11728;540;13138;13560;4.96;0.30;389.70;18.68;1410;46;4672.00;422
11732;37;620689419;11732;541;13140;13561;4.99;0.30;389.78;18.68;1408;46;4673.00;421
11735;37;620689459;11735;538;13140;13561;5.05;0.30;389.87;18.68;1405;46;4674.00;421
11738;37;620689490;11738;532;13140;13561;5.03;0.30;389.95;18.68;1402;46;4675.00;421
11739;37;620689510;11739;529;13141;13561;5.03;0.30;390.02;18.80;1402;46;4676.00;420
11741;37;620689529;11741;530;13141;13561;5.04;0.30;390.02;18.80;1400;46;4677.00;420
11744;37;620689549;11744;535;13141;13561;5.04;0.30;390.08;18.80;1397;46;4678.00;420
11746;37;620689568;11746;540;13141;13561;5.06;0.31;390.14;18.80;1395;46;4679.00;420
11748;37;620689592;11748;558;13209;13686;5.09;0.31;390.26;18.70;1461;46;4680.00;477
11751;37;620689623;11751;545;13211;13687;5.06;0.31;390.39;18.71;1460;46;4681.00;476
11753;37;620689642;11753;528;13213;13687;5.09;0.31;390.40;18.70;1460;46;4682.00;474
11754;37;620689661;11754;527;13215;13687;5.17;0.32;390.46;18.70;1461;46;4683.00;472
11757;37;620689679;11757;527;13216;13687;5.22;0.32;390.50;18.70;1459;46;4684.00;471
11760;37;620689698;11760;516;13217;13687;5.24;0.32;390.65;18.70;1457;46;4685.00;470
11761;37;620689726;11761;523;13219;13687;5.33;0.33;390.64;18.70;1458;46;4686.00;468
11766;37;620689745;11766;524;13224;13687;5.35;0.33;390.71;18.82;1458;46;4687.00;463
11767;37;620689764;11767;530;13227;13688;5.34;0.33;390.78;18.82;1460;46;4688.00;461
11771;37;620689786;11771;523;13227;13689;5.30;0.32;390.85;18.82;1456;46;4689.00;462
11775;37;620689807;11775;521;13231;13689;5.25;0.32;390.84;18.82;1456;46;4690.00;458
11777;37;620689828;11777;527;13235;13693;5.19;0.32;390.85;18.81;1458;46;4691.00;458
11783;37;620689848;11783;521;13235;13693;5.11;0.31;390.96;18.81;1452;46;4692.00;458
11787;37;620689867;11787;521;13237;13693;5.08;0.31;391.09;18.81;1450;46;4693.00;456
11792;37;620689887;11792;524;13237;13693;5.05;0.31;391.29;18.81;1445;46;4694.00;456
11795;37;620689907;11795;521;13239;13699;5.01;0.30;391.28;18.81;1444;46;4695.00;460
11799;37;620689927;11799;521;13239;13699;4.98;0.30;391.34;18.81;1440;46;4696.00;460
11802;37;620689946;11802;530;13239;13699;4.98;0.30;391.38;18.81;1437;46;4697.00;460
11806;37;620689964;11806;535;13240;13702;4.93;0.30;391.43;18.81;1434;46;4698.00;462
11809;37;620689984;11809;529;13240;13702;4.88;0.30;391.46;18.81;1431;46;4699.00;462
11810;37;620690003;11810;534;13240;13702;4.84;0.29;391.43;18.81;1430;46;4700.00;462
11815;37;620690029;11815;538;13241;13703;4.80;0.29;391.49;18.81;1426;46;4701.00;462
11822;38;620690050;11822;541;13242;13704;4.81;0.29;391.58;18.81;1420;47;4702.00;462
11823;38;620690089;11823;537;13242;13704;4.83;0.29;391.59;18.81;1419;47;4703.00;462
11830;38;620690114;11830;548;13250;13717;4.82;0.29;391.56;18.80;1420;47;4704.00;467
11831;38;620690152;11831;548;13252;13717;4.88;0.30;391.59;18.80;1421;47;4705.00;465
11832;38;620690179;11832;552;13252;13717;4.88;0.30;391.62;18.80;1420;47;4706.00;465
11834;38;620690203;11834;546;13253;13718;4.85;0.29;391.68;18.80;1419;47;4707.00;465
11836;38;620690225;11836;552;13254;13718;4.85;0.29;391.75;18.80;1418;47;4708.00;464
11837;38;620690249;11837;545;13255;13722;4.87;0.30;391.84;18.80;1418;47;4709.00;467
11839;38;620690280;11839;543;13256;13722;4.86;0.30;391.83;18.80;1417;47;4710.00;466
11844;38;620690309;11844;554;13260;13726;4.85;0.29;391.95;18.80;1416;47;4711.00;466
11847;38;620690336;11847;554;13260;13726;4.84;0.29;392.02;18.80;1413;47;4712.00;466
11849;38;620690371;11849;557;13264;13726;4.84;0.29;392.05;18.80;1415;47;4713.00;462
11853;38;620690397;11853;565;13264;13726;4.83;0.29;392.30;18.80;1411;47;4714.00;462
11854;38;620690420;11854;568;13265;13726;4.80;0.29;392.31;18.80;1411;47;4715.00;461
11857;38;620690440;11857;576;13274;13738;4.81;0.29;392.38;18.79;1417;47;4716.00;464
11858;38;620690462;11858;576;13274;13738;4.80;0.29;392.37;18.79;1416;47;4717.00;464
11863;38;620690483;11863;577;13274;13738;4.72;0.29;392.39;18.79;1411;47;4718.00;464
11864;38;620690504;11864;587;13274;13738;4.68;0.29;392.44;18.79;1410;47;4719.00;464
11865;38;620690525;11865;603;13274;13738;4.67;0.28;392.46;18.79;1409;47;4720.00;464
11865;38;620690544;11865;604;13274;13738;4.65;0.28;392.46;18.79;1409;47;4721.00;464
11868;38;620690562;11868;619;13274;13739;4.61;0.28;392.57;18.79;1406;47;4722.00;465
11871;38;620690579;11871;614;13274;13739;4.57;0.28;392.66;18.79;1403;47;4723.00;465
11874;38;620690597;11874;618;13277;13745;4.60;0.28;392.65;18.78;1403;47;4724.00;468
11875;38;620690615;11875;622;13278;13747;4.57;0.28;392.73;18.78;1403;47;4725.00;469
11878;38;620690633;11878;624;13278;13747;4.56;0.28;392.79;18.78;1400;47;4726.00;469
11883;38;620690655;11883;633;13278;13747;4.52;0.28;392.86;18.78;1395;47;4727.00;469
11886;38;620690677;11886;643;13281;13751;4.54;0.28;392.94;18.78;1395;47;4728.00;470
11889;38;620690710;11889;649;13281;13751;4.49;0.27;392.98;18.78;1392;47;4729.00;470
11891;38;620690729;11891;654;13281;13751;4.47;0.27;393.11;18.78;1390;47;4730.00;470
11895;38;620690745;11895;662;13282;13752;4.42;0.27;393.17;18.77;1387;47;4731.00;470
11898;38;620690761;11898;669;13283;13756;4.38;0.27;393.32;18.77;1385;47;4732.00;473
11902;38;620690777;11902;669;13283;13756;4.36;0.27;393.42;18.77;1381;47;4733.00;473
11905;38;620690794;11905;666;13284;13759;4.33;0.27;393.49;18.77;1379;47;4734.00;475
11907;38;620690809;11907;666;13284;13759;4.29;0.26;393.55;18.77;1377;47;4735.00;475
11911;38;620690826;11911;667;13284;13759;4.20;0.26;393.70;18.77;1373;47;4736.00;475
11914;38;620690842;11914;670;13284;13759;4.17;0.26;393.71;18.77;1370;47;4737.00;475
11915;38;620690858;11915;679;13286;13763;4.17;0.26;393.73;18.77;1371;47;4738.00;477
11917;38;620690874;11917;678;13286;13763;4.16;0.26;393.75;18.77;1369;47;4739.00;477
11919;38;620690891;11919;677;13286;13763;4.14;0.25;393.86;18.77;1367;47;4740.00;477
11924;38;620690910;11924;673;13286;13763;4.13;0.25;393.90;18.77;1362;47;4741.00;477
11926;38;620690926;11926;673;13286;13764;4.11;0.25;394.00;18.77;1360;47;4742.00;478
11929;38;620690944;11929;676;13286;13765;4.09;0.25;394.05;18.77;1357;47;4743.00;479
11931;38;620690960;11931;674;13286;13765;4.07;0.25;394.06;18.77;1355;47;4744.00;479
11932;38;620690976;11932;676;13287;13766;4.08;0.25;394.04;18.77;1355;47;4745.00;479
11934;38;620690991;11934;669;13287;13766;4.09;0.25;394.05;18.77;1353;47;4746.00;479
11938;38;620691007;11938;668;13287;13766;4.05;0.25;394.07;18.77;1349;47;4747.00;479
11939;38;620691022;11939;666;13287;13766;4.06;0.25;394.05;18.77;1348;47;4748.00;479
11942;38;620691037;11942;671;13287;13766;4.05;0.25;393.97;18.77;1345;47;4749.00;479
11943;38;620691051;11943;670;13287;13766;4.03;0.25;393.95;18.77;1344;47;4750.00;479
11944;38;620691066;11944;671;13287;13766;4.03;0.25;393.96;18.77;1343;47;4751.00;479
11947;38;620691080;11947;682;13342;13893;4.34;0.27;393.95;18.69;1395;47;4752.00;551
11950;38;620691104;11950;678;13345;13894;4.30;0.27;393.93;18.69;1395;47;4753.00;549
11953;38;620691120;11953;666;13348;13894;4.29;0.27;393.96;18.68;1395;47;4754.00;546
11956;38;620691135;11956;668;13355;13894;4.27;0.26;393.92;18.68;1399;47;4755.00;539
11959;38;620691153;11959;672;13358;13894;4.23;0.26;393.88;18.67;1399;47;4756.00;536
11963;38;620691167;11963;664;13360;13894;4.12;0.25;393.90;18.67;1397;47;4757.00;534
11965;38;620691181;11965;672;13361;13894;4.04;0.25;393.89;18.67;1396;47;4758.00;533
11969;38;620691200;11969;674;13362;13894;3.94;0.24;393.88;18.67;1393;47;4759.00;532
11971;38;620691212;11971;663;13363;13895;3.87;0.24;393.94;18.67;1392;47;4760.00;532
11976;38;620691229;11976;669;13365;13896;3.85;0.24;393.90;18.67;1389;47;4761.00;531
11978;38;620691243;11978;672;13366;13896;3.83;0.24;393.91;18.67;1388;47;4762.00;530
11979;38;620691259;11979;678;13368;13897;3.82;0.23;393.90;18.67;1389;47;4763.00;529
11982;38;620691288;11982;676;13370;13897;3.84;0.24;393.92;18.67;1388;47;4764.00;527
11985;38;620691305;11985;682;13372;13897;3.83;0.24;393.87;18.67;1387;47;4765.00;525
11990;38;620691322;11990;679;13374;13897;3.76;0.23;393.96;18.67;1384;47;4766.00;523
11991;38;620691337;11991;674;13376;13901;3.78;0.23;394.00;18.67;1385;47;4767.00;525
11993;38;620691356;11993;666;13378;13901;3.79;0.23;393.98;18.67;1385;47;4768.00;523
11995;38;620691377;11995;658;13380;13901;3.76;0.23;393.98;18.68;1385;47;4769.00;521
11996;38;620691401;11996;647;13381;13907;3.72;0.23;393.96;18.68;1385;47;4770.00;526
11999;38;620691421;11999;638;13383;13907;3.66;0.23;393.90;18.68;1384;47;4771.00;524
12001;38;620691442;12001;635;13385;13907;3.63;0.22;393.93;18.68;1384;47;4772.00;522
12003;38;620691461;12003;633;13387;13911;3.65;0.22;393.89;18.68;1384;47;4773.00;524
12006;38;620691477;12006;626;13388;13912;3.67;0.23;393.85;18.68;1382;47;4774.00;524
12009;38;620691493;12009;627;13388;13912;3.70;0.23;393.80;18.68;1379;47;4775.00;524
12012;38;620691507;12012;622;13391;13916;3.72;0.23;393.80;18.67;1379;47;4776.00;525
12014;38;620691523;12014;617;13392;13916;3.73;0.23;393.82;18.67;1378;47;4777.00;524
12017;38;620691538;12017;618;13393;13916;3.75;0.23;393.75;18.67;1376;47;4778.00;523
12018;38;620691553;12018;596;13394;13917;3.74;0.23;393.75;18.67;1376;47;4779.00;523
12021;38;620691569;12021;584;13394;13917;3.78;0.23;393.78;18.67;1373;47;4780.00;523
12023;38;620691584;12023;574;13397;13923;3.83;0.23;393.73;18.67;1374;47;4781.00;526
12028;38;620691601;12028;572;13398;13923;3.83;0.23;393.67;18.67;1370;47;4782.00;525
12028;38;620691616;12028;560;13399;13924;3.88;0.24;393.67;18.67;1371;47;4783.00;525
12031;38;620691631;12031;552;13399;13924;3.91;0.24;393.66;18.67;1368;47;4784.00;525
12036;38;620691646;12036;553;13400;13924;3.90;0.24;393.63;18.67;1364;47;4785.00;524
12037;38;620691661;12037;546;13400;13924;3.97;0.24;393.60;18.67;1363;47;4786.00;524
12041;38;620691676;12041;546;13400;13924;4.00;0.24;393.67;18.67;1359;47;4787.00;524
12047;38;620691692;12047;549;13408;13936;4.03;0.24;393.64;18.67;1361;47;4788.00;528
12048;38;620691716;12048;551;13411;13936;4.05;0.25;393.64;18.79;1363;47;4789.00;525
12051;38;620691732;12051;555;13413;13936;4.07;0.25;393.65;18.79;1362;47;4790.00;523
12052;38;620691747;12052;548;13414;13936;4.09;0.25;393.66;18.79;1362;47;4791.00;522
12054;38;620691761;12054;545;13415;13936;4.13;0.25;393.63;18.79;1361;47;4792.00;521
12057;38;620691777;12057;538;13416;13936;4.16;0.25;393.65;18.79;1359;47;4793.00;520
12058;38;620691794;12058;539;13418;13940;4.19;0.25;393.64;18.80;1360;47;4794.00;522
12059;38;620691811;12059;525;13421;13940;4.21;0.26;393.63;18.81;1362;47;4795.00;519
12062;38;620691832;12062;530;13424;13944;4.24;0.26;393.59;18.81;1362;47;4796.00;520
12063;38;620691848;12063;526;13424;13945;4.27;0.26;393.60;18.81;1361;47;4797.00;521
12065;38;620691864;12065;520;13426;13945;4.30;0.26;393.65;18.82;1361;47;4798.00;519
12067;38;620691880;12067;515;13427;13945;4.33;0.26;393.62;18.82;1360;47;4799.00;518
12073;38;620691899;12073;518;13449;13986;4.37;0.27;393.63;18.80;1376;47;4800.00;537
12076;38;620691923;12076;503;13453;13986;4.42;0.27;393.68;18.81;1377;47;4801.00;533
12078;38;620691939;12078;505;13454;13986;4.50;0.27;393.66;18.81;1376;47;4802.00;532
12080;38;620691955;12080;502;13458;13987;4.53;0.28;393.66;18.82;1378;47;4803.00;529
12082;38;620691971;12082;502;13459;13988;4.55;0.28;393.66;18.82;1377;47;4804.00;529
12085;38;620691987;12085;499;13460;13988;4.55;0.28;393.71;18.82;1375;47;4805.00;528
12086;38;620692002;12086;504;13464;13991;4.56;0.28;393.70;18.83;1378;47;4806.00;527
12089;38;620692026;12089;495;13464;13991;4.56;0.28;393.70;18.83;1375;47;4807.00;527
12094;38;620692065;12094;502;13466;13991;4.52;0.28;393.74;18.95;1372;47;4808.00;525
12098;38;620692083;12098;503;13467;13991;4.52;0.28;393.80;18.96;1369;47;4809.00;524
12102;38;620692099;12102;500;13472;13997;4.52;0.28;393.87;18.96;1370;47;4810.00;525
12105;38;620692117;12105;503;13473;13997;4.56;0.28;393.93;18.96;1368;47;4811.00;524
12108;38;620692133;12108;499;13475;13997;4.61;0.28;393.89;18.97;1367;47;4812.00;522
12114;38;620692150;12114;501;13477;13997;4.64;0.28;393.91;18.99;1363;47;4813.00;520
12117;39;620692167;12117;505;13483;14001;4.65;0.28;393.98;18.99;1366;48;4814.00;518
12121;39;620692203;12121;503;13484;14003;4.65;0.29;393.96;18.99;1363;48;4815.00;519
12125;39;620692220;12125;492;13485;14003;4.68;0.29;393.95;18.99;1360;48;4816.00;518
12127;39;620692241;12127;488;13487;14004;4.69;0.29;393.93;18.99;1360;48;4817.00;517
12128;39;620692258;12128;475;13487;14004;4.71;0.29;393.95;18.99;1359;48;4818.00;517
12131;39;620692275;12131;472;13487;14004;4.75;0.29;394.10;18.99;1356;48;4819.00;517
12134;39;620692291;12134;484;13488;14004;4.78;0.29;394.09;19.00;1354;48;4820.00;516
12137;39;620692308;12137;471;13489;14004;4.80;0.29;394.15;19.01;1352;48;4821.00;515
12139;39;620692325;12139;482;13490;14004;4.81;0.29;394.33;19.01;1351;48;4822.00;514
12141;39;620692341;12141;477;13491;14004;4.80;0.29;394.42;19.02;1350;48;4823.00;513
12144;39;620692359;12144;504;13531;14074;4.80;0.29;394.45;18.96;1387;48;4824.00;543
12149;39;620692380;12149;492;13531;14075;4.79;0.29;394.65;18.96;1382;48;4825.00;544
12151;39;620692397;12151;485;13536;14075;4.81;0.30;394.69;18.98;1385;48;4826.00;539
12153;39;620692412;12153;481;13537;14075;4.86;0.30;394.75;18.99;1384;48;4827.00;538
12156;39;620692428;12156;479;13541;14077;4.89;0.30;394.81;19.00;1385;48;4828.00;536
12158;39;620692444;12158;478;13544;14077;4.90;0.30;394.81;18.99;1386;48;4829.00;533
12163;39;620692461;12163;480;13547;14077;4.89;0.30;394.97;19.00;1384;48;4830.00;530
12165;39;620692477;12165;477;13551;14077;4.88;0.30;395.07;19.12;1386;48;4831.00;526
12166;39;620692492;12166;483;13553;14078;4.86;0.30;395.06;19.12;1387;48;4832.00;525
12169;39;620692508;12169;482;13555;14079;4.81;0.29;395.08;19.12;1386;48;4833.00;524
12173;39;620692523;12173;488;13560;14079;4.77;0.29;395.03;19.13;1387;48;4834.00;519
12177;39;620692539;12177;496;13563;14083;4.74;0.29;395.05;19.13;1386;48;4835.00;520
12179;39;620692555;12179;498;13565;14083;4.75;0.29;395.09;19.14;1386;48;4836.00;518
12182;39;620692570;12182;507;13565;14083;4.76;0.29;395.22;19.14;1383;48;4837.00;518
12188;39;620692589;12188;509;13567;14083;4.77;0.29;395.33;19.15;1379;49;4838.00;516
12190;39;620692610;12190;503;13572;14089;4.83;0.30;395.35;19.15;1382;49;4839.00;517
12193;39;620692626;12193;512;13574;14089;4.85;0.30;395.38;19.15;1381;49;4840.00;515
12193;39;620692642;12193;510;13575;14089;4.85;0.30;395.38;19.16;1382;49;4841.00;514
12195;39;620692657;12195;518;13576;14092;4.89;0.30;395.55;19.16;1381;49;4842.00;516
12202;39;620692672;12202;526;13576;14092;4.85;0.30;395.63;19.16;1374;49;4843.00;516
12203;39;620692694;12203;525;13578;14092;4.85;0.30;395.62;19.17;1375;49;4844.00;514
12205;39;620692709;12205;534;13580;14093;4.89;0.30;395.66;19.18;1375;49;4845.00;513
12207;39;620692724;12207;534;13581;14094;4.94;0.30;395.69;19.18;1374;49;4846.00;513
12208;39;620692741;12208;538;13581;14094;4.93;0.30;395.73;19.18;1373;49;4847.00;513
12210;39;620692761;12210;540;13593;14107;4.92;0.30;395.75;19.18;1383;49;4848.00;514
12212;39;620692778;12212;550;13597;14107;4.90;0.30;395.84;19.33;1385;49;4849.00;510
12217;39;620692794;12217;534;13597;14107;4.87;0.30;395.95;19.33;1380;49;4850.00;510
12220;39;620692810;12220;532;13600;14108;4.88;0.30;395.93;19.46;1380;49;4851.00;508
12224;39;620692831;12224;521;13600;14108;4.86;0.30;396.04;19.46;1376;49;4852.00;508
12225;39;620692847;12225;525;13603;14112;4.88;0.30;396.03;19.46;1378;49;4853.00;509
12225;39;620692863;12225;522;13603;14112;4.88;0.30;396.03;19.46;1378;49;4854.00;509
12227;39;620692879;12227;520;13607;14116;4.90;0.30;396.07;19.57;1380;49;4855.00;509
12229;39;620692894;12229;520;13609;14116;4.95;0.30;396.11;19.59;1380;49;4856.00;507
12232;39;620692910;12232;518;13609;14116;4.99;0.30;396.13;19.59;1377;49;4857.00;507
12235;39;620692926;12235;514;13609;14116;4.99;0.30;396.24;19.59;1374;49;4858.00;507
12236;39;620692941;12236;509;13610;14116;5.02;0.30;396.32;19.59;1374;49;4859.00;506
12237;39;620692958;12237;498;13630;14150;5.12;0.31;396.36;19.56;1393;49;4860.00;520
12240;39;620692977;12240;496;13631;14150;5.13;0.31;396.42;19.57;1391;49;4861.00;519
12242;39;620692992;12242;492;13634;14150;5.15;0.31;396.39;19.57;1392;49;4862.00;516
12245;39;620693008;12245;486;13636;14150;5.17;0.32;396.45;19.57;1391;49;4863.00;514
12248;39;620693027;12248;474;13637;14150;5.15;0.31;396.43;19.57;1389;49;4864.00;513
12251;39;620693045;12251;480;13638;14150;5.15;0.31;396.56;19.69;1387;49;4865.00;512
12254;39;620693069;12254;476;13638;14151;5.12;0.31;396.69;19.69;1384;49;4866.00;513
12257;39;620693084;12257;477;13638;14151;5.06;0.31;396.75;19.69;1381;49;4867.00;513
12260;39;620693100;12260;486;13641;14157;5.00;0.31;396.84;19.68;1381;49;4868.00;516
12266;39;620693116;12266;486;13641;14158;4.90;0.30;396.97;19.68;1375;49;4869.00;517
12270;39;620693132;12270;484;13641;14158;4.84;0.30;397.00;19.68;1371;49;4870.00;517
12276;39;620693147;12276;490;13641;14158;4.77;0.29;397.16;19.68;1365;49;4871.00;517
12278;39;620693163;12278;496;13643;14162;4.73;0.29;397.18;19.68;1365;49;4872.00;519
12280;39;620693179;12280;488;13646;14162;4.72;0.29;397.17;19.80;1366;49;4873.00;516
12282;39;620693194;12282;495;13647;14162;4.69;0.29;397.20;19.80;1365;49;4874.00;515
12283;39;620693209;12283;503;13649;14163;4.70;0.29;397.21;19.80;1366;49;4875.00;514
12287;39;620693224;12287;502;13652;14167;4.70;0.29;397.21;19.80;1365;49;4876.00;515
12291;39;620693240;12291;501;13652;14167;4.67;0.29;397.26;19.80;1361;49;4877.00;515
12294;39;620693255;12294;499;13655;14170;4.68;0.29;397.22;19.80;1361;49;4878.00;515
12295;39;620693274;12295;496;13655;14170;4.66;0.29;397.21;19.80;1360;49;4879.00;515
12298;39;620693288;12298;498;13655;14170;4.63;0.28;397.17;19.80;1357;49;4880.00;515
12303;39;620693303;12303;504;13655;14170;4.61;0.28;397.22;19.80;1352;49;4881.00;515
12307;39;620693318;12307;506;13658;14174;4.62;0.28;397.36;19.79;1351;49;4882.00;516
12309;39;620693333;12309;505;13658;14174;4.60;0.28;397.39;19.79;1349;49;4883.00;516
12310;39;620693348;12310;514;13658;14174;4.55;0.28;397.38;19.79;1348;49;4884.00;516
12312;39;620693373;12312;514;13658;14174;4.53;0.28;397.37;19.79;1346;49;4885.00;516
12315;39;620693396;12315;522;13658;14175;4.51;0.27;397.37;19.79;1343;49;4886.00;517
12315;39;620693434;12315;524;13658;14176;4.49;0.27;397.37;19.79;1343;49;4887.00;518
12315;39;620693455;12315;530;13658;14176;4.46;0.27;397.37;19.79;1343;49;4888.00;518
12316;39;620693475;12316;540;13659;14177;4.46;0.27;397.42;19.79;1343;49;4889.00;518
12316;39;620693493;12316;553;13659;14177;4.41;0.27;397.42;19.79;1343;49;4890.00;518
12317;39;620693509;12317;565;13659;14177;4.39;0.27;397.46;19.79;1342;49;4891.00;518
12320;39;620693532;12320;565;13659;14177;4.36;0.27;397.42;19.79;1339;49;4892.00;518
12321;39;620693548;12321;565;13659;14177;4.37;0.27;397.40;19.79;1338;49;4893.00;518
12323;39;620693570;12323;582;13659;14177;4.34;0.26;397.36;19.79;1336;49;4894.00;518
12324;39;620693587;12324;592;13659;14177;4.32;0.26;397.37;19.79;1335;49;4895.00;518
12324;39;620693603;12324;611;13719;14304;4.55;0.28;397.37;19.71;1395;49;4896.00;585
12325;39;620693628;12325;604;13721;14305;4.50;0.28;397.38;19.70;1396;49;4897.00;584
12329;39;620693644;12329;601;13728;14305;4.53;0.28;397.31;19.69;1399;49;4898.00;577
12330;39;620693659;12330;604;13730;14305;4.51;0.28;397.28;19.69;1400;49;4899.00;575
12333;39;620693677;12333;606;13735;14305;4.50;0.28;397.24;19.69;1402;49;4900.00;570
12334;39;620693696;12334;606;13739;14305;4.48;0.28;397.22;19.68;1405;50;4901.00;566
12335;39;620693723;12335;608;13741;14305;4.44;0.27;397.26;19.78;1406;50;4902.00;564
12336;39;620693739;12336;609;13743;14305;4.43;0.27;397.24;19.78;1407;50;4903.00;562
12336;39;620693761;12336;612;13744;14306;4.39;0.27;397.24;19.78;1408;50;4904.00;562
12337;39;620693776;12337;609;13746;14308;4.41;0.27;397.22;19.77;1409;50;4905.00;562
12337;39;620693791;12337;612;13747;14308;4.40;0.27;397.22;19.77;1410;50;4906.00;561
12339;39;620693807;12339;608;13748;14309;4.39;0.27;397.17;19.77;1409;50;4907.00;561
12344;39;620693822;12344;617;13749;14309;4.34;0.27;397.18;19.77;1405;50;4908.00;560
12345;39;620693839;12345;617;13750;14309;4.32;0.27;397.15;19.77;1405;50;4909.00;559
12347;39;620693855;12347;614;13751;14309;4.30;0.26;397.17;19.77;1404;50;4910.00;558
12348;39;620693871;12348;614;13754;14313;4.30;0.27;397.15;19.77;1406;50;4911.00;559
12353;39;620693887;12353;614;13755;14313;4.27;0.26;397.14;19.77;1402;50;4912.00;558
12355;39;620693906;12355;610;13756;14313;4.25;0.26;397.16;19.77;1401;50;4913.00;557
12357;39;620693924;12357;617;13757;14316;4.24;0.26;397.16;19.77;1400;50;4914.00;559
12359;39;620693941;12359;623;13758;14316;4.23;0.26;397.13;19.77;1399;50;4915.00;558
12360;39;620693957;12360;627;13759;14316;4.20;0.26;397.11;19.77;1399;50;4916.00;557
12361;39;620693974;12361;627;13763;14320;4.22;0.26;397.12;19.76;1402;50;4917.00;557
12361;39;620693990;12361;633;13764;14321;4.22;0.26;397.12;19.76;1403;50;4918.00;557
12365;39;620694004;12365;634;13765;14321;4.20;0.26;397.02;19.76;1400;50;4919.00;556
12367;39;620694021;12367;630;13768;14326;4.21;0.26;396.99;19.76;1401;50;4920.00;558
12370;39;620694037;12370;636;13769;14326;4.16;0.25;396.94;19.75;1399;50;4921.00;557
12374;39;620694052;12374;639;13770;14326;4.07;0.25;397.01;19.75;1396;50;4922.00;556
12376;39;620694067;12376;637;13770;14327;4.01;0.24;396.98;19.75;1394;50;4923.00;557
12380;39;620694081;12380;639;13770;14327;3.92;0.24;396.97;19.75;1390;50;4924.00;557
12383;39;620694096;12383;649;13774;14333;3.87;0.24;396.91;19.75;1391;50;4925.00;559
12384;39;620694111;12384;652;13774;14333;3.81;0.23;396.93;19.75;1390;50;4926.00;559
12384;39;620694126;12384;656;13775;14334;3.73;0.23;396.93;19.85;1391;50;4927.00;559
12389;39;620694140;12389;658;13775;14334;3.63;0.22;396.88;19.85;1386;50;4928.00;559
12393;39;620694153;12393;657;13775;14334;3.53;0.22;396.86;19.85;1382;50;4929.00;559
12394;39;620694166;12394;649;13775;14334;3.45;0.21;396.84;19.85;1381;50;4930.00;559
12396;39;620694180;12396;629;13775;14334;3.41;0.21;396.85;19.85;1379;50;4931.00;559
12400;39;620694194;12400;623;13783;14346;3.44;0.21;396.80;19.83;1383;50;4932.00;563
12400;39;620694209;12400;613;13783;14346;3.46;0.21;396.80;19.83;1383;50;4933.00;563
12403;39;620694223;12403;616;13784;14346;3.47;0.21;396.75;19.83;1381;50;4934.00;562
12405;39;620694238;12405;607;13784;14346;3.50;0.21;396.78;19.83;1379;50;4935.00;562
12407;39;620694252;12407;606;13784;14346;3.51;0.21;396.76;19.83;1377;50;4936.00;562
12409;39;620694267;12409;601;13784;14346;3.54;0.22;396.74;19.83;1375;50;4937.00;562
12413;39;620694288;12413;594;13786;14350;3.57;0.22;396.70;19.83;1373;50;4938.00;564
12415;39;620694303;12415;590;13787;14350;3.67;0.22;396.77;19.83;1372;50;4939.00;563
12418;40;620694318;12418;577;13790;14354;3.70;0.23;396.75;19.83;1372;51;4940.00;564
12418;40;620694349;12418;562;13790;14355;3.79;0.23;396.75;19.83;1372;51;4941.00;565
12421;40;620694370;12421;546;13790;14355;3.89;0.24;396.72;19.83;1369;51;4942.00;565
12424;40;620694385;12424;545;13790;14355;3.98;0.24;396.69;19.83;1366;51;4943.00;565
12425;40;620694401;12425;535;13800;14368;4.19;0.25;396.68;19.81;1375;51;4944.00;568
12428;40;620694417;12428;524;13800;14368;4.28;0.26;396.65;19.81;1372;51;4945.00;568
12431;40;620694433;12431;515;13800;14368;4.35;0.26;396.62;19.81;1369;51;4946.00;568
12434;40;620694447;12434;505;13801;14369;4.45;0.27;396.56;19.81;1367;51;4947.00;568
12436;40;620694462;12436;503;13801;14370;4.56;0.28;396.55;19.81;1365;51;4948.00;569
12441;40;620694478;12441;504;13802;14370;4.59;0.28;396.55;19.82;1361;51;4949.00;568
12441;40;620694495;12441;498;13807;14379;4.66;0.28;396.55;19.81;1366;51;4950.00;572
12446;40;620694511;12446;491;13807;14379;4.65;0.28;396.57;19.81;1361;51;4951.00;572
12449;40;620694526;12449;492;13808;14379;4.65;0.28;396.55;19.81;1359;51;4952.00;571
12453;40;620694542;12453;486;13808;14379;4.69;0.28;396.76;19.81;1355;51;4953.00;571
12458;40;620694558;12458;486;13812;14385;4.71;0.28;396.80;19.81;1354;51;4954.00;573
12462;40;620694574;12462;488;13812;14385;4.69;0.28;396.94;19.81;1350;51;4955.00;573
12467;40;620694589;12467;485;13814;14385;4.69;0.28;396.91;19.82;1347;51;4956.00;571
12470;40;620694605;12470;479;13814;14385;4.68;0.28;396.95;19.82;1344;51;4957.00;571
12473;40;620694620;12473;482;13818;14389;4.68;0.28;397.04;19.83;1345;51;4958.00;571
12477;40;620694635;12477;477;13818;14390;4.68;0.28;397.19;19.83;1341;51;4959.00;572
12480;40;620694650;12480;474;13818;14390;4.69;0.28;397.22;19.83;1338;51;4960.00;572
12484;40;620694665;12484;479;13820;14391;4.70;0.28;397.40;19.84;1336;51;4961.00;571
12488;40;620694680;12488;477;13820;14391;4.70;0.28;397.42;19.84;1332;51;4962.00;571
12491;40;620694701;12491;477;13821;14391;4.68;0.28;397.48;19.85;1330;51;4963.00;570
12496;40;620694716;12496;476;13821;14391;4.60;0.28;397.58;19.85;1325;51;4964.00;570
12500;40;620694730;12500;482;13824;14391;4.53;0.27;397.68;19.88;1324;51;4965.00;567
12503;40;620694745;12503;479;13824;14391;4.51;0.27;397.78;19.88;1321;51;4966.00;567
12509;40;620694760;12509;487;13826;14391;4.49;0.27;397.90;19.90;1317;51;4967.00;565
12513;40;620694775;12513;498;13866;14461;4.56;0.28;398.06;19.86;1353;51;4968.00;595
12516;40;620694794;12516;493;13868;14462;4.59;0.28;398.18;19.87;1352;51;4969.00;594
12518;40;620694809;12518;487;13870;14462;4.64;0.28;398.19;19.86;1352;51;4970.00;592
12522;40;620694823;12522;479;13871;14462;4.66;0.28;398.28;19.88;1349;51;4971.00;591
12524;40;620694838;12524;471;13875;14462;4.69;0.28;398.28;19.88;1351;51;4972.00;587
12525;40;620694853;12525;472;13879;14462;4.73;0.29;398.31;19.90;1354;51;4973.00;583
12528;40;620694868;12528;468;13882;14462;4.73;0.29;398.35;20.03;1354;51;4974.00;580
12530;40;620694884;12530;473;13884;14462;4.74;0.29;398.37;20.04;1354;51;4975.00;578
12534;40;620694899;12534;475;13886;14463;4.67;0.28;398.54;20.04;1352;51;4976.00;577
12537;40;620694914;12537;470;13890;14464;4.67;0.28;398.58;20.06;1353;51;4977.00;574
12541;40;620694930;12541;465;13892;14464;4.64;0.28;398.71;20.07;1351;51;4978.00;572
12546;40;620694946;12546;463;13898;14468;4.62;0.28;398.79;20.08;1352;51;4979.00;570
12547;40;620694963;12547;462;13899;14468;4.60;0.28;398.84;20.08;1352;51;4980.00;569
12553;40;620694979;12553;469;13899;14468;4.56;0.28;398.86;20.08;1346;51;4981.00;569
12557;40;620695001;12557;474;13901;14468;4.53;0.28;398.84;20.10;1344;51;4982.00;567
12562;40;620695017;12562;478;13905;14474;4.50;0.27;398.90;20.10;1343;51;4983.00;569
12562;40;620695033;12562;480;13907;14474;4.55;0.28;398.90;20.11;1345;51;4984.00;567
12564;40;620695048;12564;477;13907;14474;4.52;0.28;398.96;20.11;1343;51;4985.00;567
12565;40;620695063;12565;470;13910;14477;4.55;0.28;398.95;20.13;1345;51;4986.00;567
12567;40;620695079;12567;464;13910;14477;4.54;0.28;398.98;20.13;1343;51;4987.00;567
12568;40;620695095;12568;462;13911;14477;4.57;0.28;398.99;20.14;1343;51;4988.00;566
12570;40;620695111;12570;453;13912;14478;4.59;0.28;399.04;20.15;1342;51;4989.00;566
12572;40;620695127;12572;458;13914;14479;4.62;0.28;399.01;20.16;1342;51;4990.00;565
12576;40;620695143;12576;452;13915;14479;4.64;0.28;399.07;20.16;1339;51;4991.00;564
12579;40;620695159;12579;451;13925;14492;4.71;0.28;399.17;20.15;1346;51;4992.00;567
12582;40;620695176;12582;454;13927;14492;4.75;0.29;399.16;20.17;1345;51;4993.00;565
12583;40;620695192;12583;458;13927;14492;4.79;0.29;399.14;20.17;1344;51;4994.00;565
12584;40;620695207;12584;468;13930;14494;4.81;0.29;399.16;20.18;1346;51;4995.00;564
12586;40;620695223;12586;463;13930;14494;4.80;0.29;399.21;20.18;1344;51;4996.00;564
12587;40;620695239;12587;464;13935;14498;4.86;0.30;399.24;20.19;1348;51;4997.00;563
12587;40;620695256;12587;467;13935;14498;4.90;0.30;399.24;20.19;1348;51;4998.00;563
12590;40;620695272;12590;464;13940;14502;4.86;0.30;399.34;20.20;1350;51;4999.00;562
12591;40;620695289;12591;464;13940;14502;4.83;0.29;399.34;20.20;1349;51;5000.00;562
12595;40;620695309;12595;458;13942;14502;4.77;0.29;399.45;20.21;1347;51;5001.00;560
12596;40;620695324;12596;448;13942;14502;4.68;0.28;399.43;20.21;1346;51;5002.00;560
12596;40;620695340;12596;453;13944;14502;4.64;0.28;399.43;20.22;1348;51;5003.00;558
12600;40;620695359;12600;449;13953;14514;4.61;0.28;399.41;20.21;1353;51;5004.00;561
12602;40;620695386;12602;451;13955;14514;4.61;0.28;399.42;20.22;1353;51;5005.00;559
12604;40;620695411;12604;456;13956;14514;4.62;0.28;399.43;20.35;1352;51;5006.00;558
12608;40;620695433;12608;468;13958;14514;4.57;0.28;399.49;20.36;1350;51;5007.00;556
12608;40;620695458;12608;471;13958;14514;4.62;0.28;399.49;20.36;1350;51;5008.00;556
12610;40;620695479;12610;474;13960;14514;4.64;0.28;399.52;20.38;1350;51;5009.00;554
12611;40;620695498;12611;483;13962;14515;4.67;0.28;399.51;20.39;1351;51;5010.00;553
12612;41;620695515;12612;485;13964;14515;4.64;0.28;399.53;20.40;1352;52;5011.00;551
12614;41;620695539;12614;490;13969;14521;4.63;0.28;399.54;20.40;1355;52;5012.00;552
12617;41;620695557;12617;495;13970;14522;4.56;0.28;399.61;20.41;1353;52;5013.00;552
12620;41;620695574;12620;494;13971;14522;4.49;0.27;399.69;20.42;1351;52;5014.00;551
12621;41;620695597;12621;500;13972;14522;4.49;0.27;399.72;20.42;1351;52;5015.00;550
12624;41;620695613;12624;500;13975;14526;4.50;0.27;399.73;20.42;1351;52;5016.00;551
12627;41;620695630;12627;510;13976;14526;4.49;0.27;399.76;20.54;1349;52;5017.00;550
12628;41;620695646;12628;518;13978;14526;4.51;0.28;399.78;20.55;1350;52;5018.00;548
12629;41;620695662;12629;520;13979;14527;4.57;0.28;399.80;20.55;1350;52;5019.00;548
12631;41;620695678;12631;512;13983;14531;4.58;0.28;399.81;20.56;1352;52;5020.00;548
12633;41;620695699;12633;513;13985;14531;4.58;0.28;399.82;20.69;1352;52;5021.00;546
12637;41;620695716;12637;504;13986;14534;4.57;0.28;399.87;20.69;1349;52;5022.00;548
12638;41;620695733;12638;501;13986;14534;4.55;0.28;399.88;20.69;1348;52;5023.00;548
12641;41;620695749;12641;504;13987;14534;4.56;0.28;400.00;20.69;1346;52;5024.00;547
12641;41;620695764;12641;493;13987;14534;4.57;0.28;400.00;20.69;1346;52;5025.00;547
12644;41;620695780;12644;496;13990;14538;4.61;0.28;400.01;20.69;1346;52;5026.00;548
12646;41;620695796;12646;497;13991;14538;4.62;0.28;399.97;20.70;1345;52;5027.00;547
12648;41;620695813;12648;489;13993;14538;4.58;0.28;400.02;20.71;1345;52;5028.00;545
12650;41;620695829;12650;486;13994;14538;4.58;0.28;400.17;20.72;1344;52;5029.00;544
12652;41;620695851;12652;484;13994;14539;4.62;0.28;400.26;20.72;1342;52;5030.00;545
12654;41;620695867;12654;479;13995;14540;4.64;0.28;400.27;20.73;1341;52;5031.00;545
12657;41;620695882;12657;465;13995;14540;4.62;0.28;400.45;20.73;1338;52;5032.00;545
12658;41;620695898;12658;468;13997;14541;4.62;0.28;400.48;20.73;1339;52;5033.00;544
12662;41;620695913;12662;462;13998;14541;4.57;0.28;400.57;20.74;1336;52;5034.00;543
12665;41;620695929;12665;456;13998;14541;4.53;0.28;400.54;20.74;1333;52;5035.00;543
12669;41;620695945;12669;458;13998;14541;4.56;0.28;400.58;20.74;1329;52;5036.00;543
12672;41;620695960;12672;455;13999;14541;4.53;0.28;400.57;20.87;1327;52;5037.00;542
12677;41;620695978;12677;455;13999;14541;4.53;0.28;400.67;20.87;1322;52;5038.00;542
12679;41;620695993;12679;456;13999;14541;4.54;0.28;400.70;20.87;1320;52;5039.00;542
12685;41;620696010;12685;491;14096;14771;4.79;0.30;400.91;20.72;1411;52;5040.00;675
12688;41;620696045;12688;486;14101;14772;4.77;0.30;400.95;20.72;1413;52;5041.00;671
12688;41;620696062;12688;481;14106;14772;4.79;0.30;400.95;20.71;1418;52;5042.00;666
12689;41;620696077;12689;486;14113;14772;4.83;0.30;400.92;20.70;1424;52;5043.00;659
12692;41;620696098;12692;495;14119;14772;4.83;0.30;400.98;20.69;1427;52;5044.00;653
12694;41;620696115;12694;495;14128;14772;4.83;0.30;401.03;20.69;1434;52;5045.00;644
12696;41;620696135;12696;489;14134;14772;4.82;0.30;401.05;20.68;1438;52;5046.00;638
12697;41;620696158;12697;493;14138;14772;4.78;0.30;401.09;20.68;1441;52;5047.00;634
12700;41;620696174;12700;503;14144;14773;4.75;0.30;401.17;20.68;1444;52;5048.00;629
12702;41;620696191;12702;505;14148;14774;4.71;0.29;401.20;20.67;1446;52;5049.00;626
12704;41;620696208;12704;507;14154;14774;4.67;0.29;401.20;20.67;1450;52;5050.00;620
12707;41;620696223;12707;513;14154;14775;4.60;0.29;401.13;20.67;1447;52;5051.00;621
12708;41;620696241;12708;517;14160;14775;4.55;0.28;401.11;20.66;1452;52;5052.00;615
12711;41;620696258;12711;528;14160;14775;4.50;0.28;401.08;20.66;1449;52;5053.00;615
12713;41;620696275;12713;534;14161;14775;4.45;0.28;401.07;20.66;1448;52;5054.00;614
12715;41;620696291;12715;545;14165;14779;4.40;0.27;401.06;20.66;1450;52;5055.00;614
12716;41;620696314;12716;553;14167;14779;4.33;0.27;401.07;20.66;1451;52;5056.00;612
12718;41;620696330;12718;552;14169;14779;4.26;0.26;401.08;20.66;1451;52;5057.00;610
12720;41;620696346;12720;549;14171;14782;4.25;0.26;401.11;20.66;1451;52;5058.00;611
12721;41;620696364;12721;552;14173;14782;4.25;0.26;401.13;20.65;1452;52;5059.00;609
12723;41;620696381;12723;561;14174;14782;4.20;0.26;401.15;20.65;1451;52;5060.00;608
12725;41;620696397;12725;575;14179;14786;4.15;0.26;401.22;20.65;1454;52;5061.00;607
12726;41;620696412;12726;574;14181;14787;4.11;0.25;401.19;20.65;1455;52;5062.00;606
12728;41;620696428;12728;582;14183;14787;4.07;0.25;401.17;20.65;1455;52;5063.00;604
12730;41;620696442;12730;585;14186;14791;4.04;0.25;401.24;20.65;1456;52;5064.00;605
12733;41;620696458;12733;592;14187;14791;3.97;0.24;401.18;20.65;1454;52;5065.00;604
12736;41;620696473;12736;592;14188;14791;3.91;0.24;401.12;20.65;1452;52;5066.00;603
12740;41;620696489;12740;605;14189;14792;3.84;0.24;401.15;20.65;1449;52;5067.00;603
12744;41;620696504;12744;612;14190;14792;3.79;0.23;401.11;20.65;1446;52;5068.00;602
12745;41;620696519;12745;618;14194;14798;3.78;0.23;401.08;20.64;1449;52;5069.00;604
12748;41;620696540;12748;621;14195;14798;3.74;0.23;401.10;20.64;1447;52;5070.00;603
12751;41;620696555;12751;627;14195;14799;3.72;0.23;401.10;20.64;1444;52;5071.00;604
12751;41;620696570;12751;639;14195;14799;3.69;0.23;401.10;20.64;1444;52;5072.00;604
12753;41;620696584;12753;641;14195;14799;3.65;0.22;401.10;20.64;1442;52;5073.00;604
12753;41;620696605;12753;653;14195;14799;3.62;0.22;401.10;20.64;1442;52;5074.00;604
12755;41;620696619;12755;663;14195;14799;3.55;0.22;401.05;20.64;1440;52;5075.00;604
12758;41;620696633;12758;673;14203;14811;3.53;0.22;401.00;20.63;1445;52;5076.00;608
12759;41;620696648;12759;675;14203;14811;3.49;0.21;400.98;20.63;1444;52;5077.00;608
12760;41;620696662;12760;679;14204;14811;3.50;0.22;400.99;20.63;1444;52;5078.00;607
12761;41;620696676;12761;684;14204;14811;3.48;0.21;400.98;20.63;1443;52;5079.00;607
12761;41;620696690;12761;680;14204;14811;3.44;0.21;400.98;20.63;1443;52;5080.00;607
12762;41;620696704;12762;680;14204;14811;3.46;0.21;400.97;20.63;1442;52;5081.00;607
12762;41;620696718;12762;680;14207;14815;3.45;0.21;400.97;20.63;1445;52;5082.00;608
12763;41;620696732;12763;658;14207;14815;3.49;0.21;400.97;20.63;1444;52;5083.00;608
12765;41;620696746;12765;648;14210;14819;3.56;0.22;401.04;20.62;1445;52;5084.00;609
12767;41;620696761;12767;636;14211;14821;3.59;0.22;401.01;20.62;1444;52;5085.00;610
12769;41;620696775;12769;627;14211;14821;3.64;0.22;400.97;20.62;1442;52;5086.00;610
12770;41;620696790;12770;616;14211;14821;3.69;0.23;400.94;20.62;1441;52;5087.00;610
12773;41;620696804;12773;612;14221;14834;3.78;0.23;400.94;20.61;1448;52;5088.00;613
12776;41;620696826;12776;615;14221;14834;3.83;0.23;400.96;20.61;1445;52;5089.00;613
12778;41;620696847;12778;613;14221;14834;3.86;0.24;401.03;20.61;1443;52;5090.00;613
12781;41;620696861;12781;612;14222;14835;3.83;0.23;400.99;20.60;1441;52;5091.00;613
12785;41;620696876;12785;608;14222;14836;3.79;0.23;400.99;20.60;1437;52;5092.00;614
12789;41;620696896;12789;606;14222;14836;3.76;0.23;400.96;20.60;1433;52;5093.00;614
12793;41;620696911;12793;611;14223;14839;3.75;0.23;400.96;20.60;1430;52;5094.00;616
12795;41;620696926;12795;616;14223;14839;3.74;0.23;400.93;20.60;1428;52;5095.00;616
12798;41;620696940;12798;618;14223;14839;3.77;0.23;400.88;20.60;1425;52;5096.00;616
12799;41;620696954;12799;621;14223;14839;3.79;0.23;400.87;20.60;1424;52;5097.00;616
12800;41;620696968;12800;623;14227;14845;3.83;0.23;400.85;20.60;1427;52;5098.00;618
12801;41;620696982;12801;630;14227;14845;3.82;0.23;400.84;20.60;1426;52;5099.00;618
12804;41;620696998;12804;623;14232;14864;3.77;0.23;400.84;20.59;1428;52;5100.00;632
12804;41;620697020;12804;614;14232;14864;3.76;0.23;400.84;20.59;1428;52;5101.00;632
12808;41;620697035;12808;607;14235;14868;3.73;0.23;400.80;20.59;1427;52;5102.00;633
12810;41;620697050;12810;606;14235;14869;3.70;0.23;400.76;20.59;1425;52;5103.00;634
12813;41;620697064;12813;604;14235;14869;3.73;0.23;400.80;20.59;1422;52;5104.00;634
12816;41;620697079;12816;603;14237;14870;3.78;0.23;400.95;20.58;1421;52;5105.00;633
12819;41;620697093;12819;593;14239;14870;3.79;0.23;400.96;20.58;1420;52;5106.00;631
12823;41;620697108;12823;573;14239;14870;3.86;0.24;400.91;20.58;1416;52;5107.00;631
12825;41;620697123;12825;560;14239;14870;3.96;0.24;400.88;20.58;1414;52;5108.00;631
12830;41;620697137;12830;552;14239;14870;4.06;0.25;400.88;20.58;1409;52;5109.00;631
12832;41;620697152;12832;534;14239;14870;4.14;0.25;400.89;20.58;1407;52;5110.00;631
12835;41;620697173;12835;522;14240;14870;4.18;0.25;400.97;20.58;1405;52;5111.00;630
12838;41;620697188;12838;516;14274;14940;4.28;0.26;400.97;20.66;1436;52;5112.00;666
12840;41;620697209;12840;502;14277;14941;4.38;0.27;400.97;20.66;1437;52;5113.00;664
12844;41;620697225;12844;493;14281;14941;4.46;0.27;401.08;20.65;1437;52;5114.00;660
12847;41;620697240;12847;483;14284;14941;4.53;0.28;401.06;20.65;1437;52;5115.00;657
12851;41;620697256;12851;471;14286;14941;4.59;0.28;401.06;20.65;1435;52;5116.00;655
12856;41;620697272;12856;468;14289;14941;4.62;0.28;401.05;20.65;1433;52;5117.00;652
12861;41;620697287;12861;467;14290;14941;4.63;0.28;401.10;20.65;1429;52;5118.00;651
12866;41;620697304;12866;465;14292;14941;4.63;0.28;401.19;20.64;1426;52;5119.00;649
12869;41;620697320;12869;462;14294;14942;4.63;0.28;401.14;20.64;1425;52;5120.00;648
12875;41;620697336;12875;463;14294;14943;4.60;0.28;401.21;20.64;1419;52;5121.00;649
12879;42;620697362;12879;463;14295;14943;4.61;0.28;401.35;20.64;1416;53;5122.00;648
12884;42;620697397;12884;465;14301;14947;4.57;0.28;401.47;20.64;1417;53;5123.00;646
12886;42;620697424;12886;459;14301;14947;4.61;0.28;401.47;20.64;1415;53;5124.00;646
12889;42;620697449;12889;462;14302;14947;4.66;0.28;401.51;20.64;1413;53;5125.00;645
12892;42;620697473;12892;453;14302;14947;4.71;0.29;401.66;20.64;1410;53;5126.00;645
12898;42;620697510;12898;455;14305;14953;4.74;0.29;401.64;20.63;1407;53;5127.00;648
12900;42;620697530;12900;460;14306;14953;4.76;0.29;401.68;20.63;1406;53;5128.00;647
12905;42;620697548;12905;466;14307;14953;4.76;0.29;401.74;20.63;1402;53;5129.00;646
12908;42;620697568;12908;466;14311;14959;4.79;0.29;401.82;20.65;1403;53;5130.00;648
12913;42;620697587;12913;461;14312;14959;4.76;0.29;401.84;20.65;1399;53;5131.00;647
12917;42;620697604;12917;467;14315;14959;4.73;0.29;401.92;20.68;1398;53;5132.00;644
12921;42;620697622;12921;468;14316;14960;4.70;0.28;402.07;20.67;1395;53;5133.00;644
12923;42;620697640;12923;472;14319;14961;4.74;0.29;402.17;20.68;1396;53;5134.00;642
12928;42;620697656;12928;467;14320;14961;4.73;0.29;402.29;20.70;1392;53;5135.00;641
12931;42;620697680;12931;465;14329;14974;4.76;0.29;402.33;20.68;1398;53;5136.00;645
12934;42;620697699;12934;456;14332;14974;4.75;0.29;402.39;20.70;1398;53;5137.00;642
12938;42;620697717;12938;451;14332;14974;4.75;0.29;402.36;20.70;1394;53;5138.00;642
12942;42;620697738;12942;449;14335;14975;4.69;0.28;402.47;20.72;1393;53;5139.00;640
12943;42;620697756;12943;451;14337;14975;4.64;0.28;402.51;20.72;1394;53;5140.00;638
12945;42;620697773;12945;450;14342;14979;4.60;0.28;402.62;21.07;1397;54;5141.00;637
12949;42;620697804;12949;462;14345;14979;4.54;0.28;402.76;21.09;1396;54;5142.00;634
12950;42;620697822;12950;460;14349;14983;4.55;0.28;402.80;21.10;1399;54;5143.00;634
12950;42;620697841;12950;468;14350;14983;4.56;0.28;402.80;21.11;1400;54;5144.00;633
12955;43;620697858;12955;465;14351;14983;4.52;0.27;402.87;21.12;1396;55;5145.00;632
12955;43;620697888;12955;465;14353;14983;4.47;0.27;402.87;21.14;1398;55;5146.00;630
12956;43;620697904;12956;459;14353;14983;4.47;0.27;402.85;21.14;1397;55;5147.00;630
12959;43;620697923;12959;461;14361;14995;4.45;0.27;402.83;21.15;1402;55;5148.00;634
12960;43;620697942;12960;464;14362;14995;4.44;0.27;402.81;21.16;1402;55;5149.00;633
12961;43;620697958;12961;464;14362;14995;4.48;0.27;402.83;21.16;1401;55;5150.00;633
12963;43;620697976;12963;466;14363;14995;4.52;0.27;402.81;21.16;1400;55;5151.00;632
12965;44;620697995;12965;469;14364;14995;4.54;0.28;402.82;21.29;1399;56;5152.00;631
12968;44;620698029;12968;465;14365;14995;4.55;0.28;402.92;21.30;1397;56;5153.00;630
12971;44;620698047;12971;464;14367;14996;4.53;0.28;402.96;21.31;1396;56;5154.00;629
12972;44;620698074;12972;472;14371;14998;4.51;0.27;402.99;21.33;1399;56;5155.00;627
12976;44;620698099;12976;468;14376;15004;4.46;0.27;403.02;21.46;1400;56;5156.00;628
12977;44;620698117;12977;470;14378;15005;4.48;0.27;403.03;21.46;1401;56;5157.00;627
12978;44;620698134;12978;473;14378;15005;4.50;0.27;403.05;21.46;1400;56;5158.00;627
12979;44;620698152;12979;470;14380;15005;4.54;0.28;403.03;21.47;1401;56;5159.00;625
12981;44;620698171;12981;473;14384;15010;4.52;0.28;403.07;21.48;1403;56;5160.00;626
12984;44;620698189;12984;470;14384;15010;4.54;0.28;403.12;21.48;1400;56;5161.00;626
12987;44;620698207;12987;482;14387;15010;4.56;0.28;403.21;21.49;1400;56;5162.00;623
12992;44;620698225;12992;484;14388;15011;4.56;0.28;403.23;21.50;1396;56;5163.00;623
12994;44;620698242;12994;488;14393;15015;4.58;0.28;403.26;21.50;1399;56;5164.00;622
12995;44;620698261;12995;486;14393;15015;4.59;0.28;403.26;21.50;1398;56;5165.00;622
12998;44;620698283;12998;490;14396;15018;4.59;0.28;403.37;21.52;1398;56;5166.00;622
12999;44;620698308;12999;495;14398;15018;4.59;0.28;403.37;21.53;1399;56;5167.00;620
13004;44;620698325;13004;495;14398;15018;4.57;0.28;403.49;21.53;1394;56;5168.00;620
13008;44;620698342;13008;487;14399;15018;4.58;0.28;403.63;21.54;1391;56;5169.00;619
13012;44;620698365;13012;491;14402;15022;4.59;0.28;403.73;21.53;1390;56;5170.00;620
13014;44;620698383;13014;495;14404;15022;4.59;0.28;403.79;21.55;1390;56;5171.00;618
13019;44;620698401;13019;495;14404;15022;4.58;0.28;403.82;21.55;1385;56;5172.00;618
13019;44;620698418;13019;495;14406;15022;4.57;0.28;403.82;21.56;1387;56;5173.00;616
13022;44;620698433;13022;491;14406;15023;4.60;0.28;403.91;21.56;1384;56;5174.00;617
13024;44;620698449;13024;493;14408;15025;4.65;0.28;403.91;21.57;1384;56;5175.00;617
13026;44;620698465;13026;496;14408;15025;4.65;0.28;403.90;21.57;1382;56;5176.00;617
13027;44;620698481;13027;497;14411;15026;4.67;0.28;403.93;21.59;1384;56;5177.00;615
13029;44;620698496;13029;501;14411;15026;4.67;0.28;403.97;21.59;1382;56;5178.00;615
13031;44;620698512;13031;501;14414;15026;4.68;0.28;403.97;21.61;1383;56;5179.00;612
13031;44;620698527;13031;495;14415;15026;4.73;0.29;403.97;21.62;1384;56;5180.00;611
13032;44;620698542;13032;501;14416;15026;4.73;0.29;403.97;21.63;1384;56;5181.00;610
13035;44;620698558;13035;500;14417;15026;4.67;0.28;404.02;21.63;1382;56;5182.00;609
13037;44;620698579;13037;504;14417;15026;4.68;0.28;404.11;21.63;1380;56;5183.00;609
13039;44;620698594;13039;534;14488;15153;4.80;0.30;404.12;21.55;1449;56;5184.00;665
13042;44;620698619;13042;519;14488;15154;4.75;0.29;404.18;21.55;1446;56;5185.00;666
13045;44;620698635;13045;508;14494;15154;4.77;0.30;404.18;21.68;1449;56;5186.00;660
13048;44;620698653;13048;520;14495;15154;4.76;0.30;404.16;21.68;1447;56;5187.00;659
13050;44;620698669;13050;523;14499;15154;4.79;0.30;404.14;21.68;1449;56;5188.00;655
13052;44;620698684;13052;526;14500;15154;4.80;0.30;404.12;21.69;1448;56;5189.00;654
13056;44;620698702;13056;522;14504;15154;4.81;0.30;404.19;21.69;1448;56;5190.00;650
13057;44;620698718;13057;522;14505;15154;4.84;0.30;404.19;21.70;1448;56;5191.00;649
13061;44;620698735;13061;526;14510;15155;4.83;0.30;404.14;21.71;1449;56;5192.00;645
13062;44;620698751;13062;526;14511;15156;4.82;0.30;404.13;21.72;1449;56;5193.00;645
13064;44;620698768;13064;530;14513;15156;4.80;0.30;404.21;21.72;1449;56;5194.00;643
13065;44;620698785;13065;531;14517;15157;4.76;0.29;404.20;21.73;1452;56;5195.00;640
13069;44;620698800;13069;528;14519;15157;4.68;0.29;404.20;21.73;1450;56;5196.00;638
13069;44;620698817;13069;533;14521;15157;4.62;0.29;404.20;21.73;1452;56;5197.00;636
13073;44;620698833;13073;527;14524;15157;4.59;0.28;404.21;21.74;1451;56;5198.00;633
13074;44;620698849;13074;543;14528;15161;4.60;0.28;404.22;21.75;1454;56;5199.00;633
13078;44;620698866;13078;545;14530;15161;4.58;0.28;404.19;21.75;1452;56;5200.00;631
13079;44;620698885;13079;546;14531;15161;4.58;0.28;404.21;21.76;1452;56;5201.00;630
13083;44;620698901;13083;541;14534;15164;4.58;0.28;404.21;21.89;1451;56;5202.00;630
13085;44;620698918;13085;544;14534;15164;4.57;0.28;404.17;21.89;1449;56;5203.00;630
13089;44;620698934;13089;544;14535;15164;4.54;0.28;404.12;21.90;1446;56;5204.00;629
13091;44;620698949;13091;548;14540;15168;4.51;0.28;404.11;21.90;1449;56;5205.00;628
13096;44;620698966;13096;550;14542;15169;4.50;0.28;404.16;21.90;1446;56;5206.00;627
13101;44;620698982;13101;556;14542;15169;4.48;0.27;404.26;21.90;1441;56;5207.00;627
13103;44;620698998;13103;563;14544;15173;4.46;0.27;404.24;22.01;1441;56;5208.00;629
13108;44;620699020;13108;558;14546;15173;4.43;0.27;404.24;22.02;1438;56;5209.00;627
13110;44;620699035;13110;562;14547;15173;4.46;0.27;404.25;22.02;1437;56;5210.00;626
13112;44;620699051;13112;556;14548;15174;4.44;0.27;404.20;22.03;1436;57;5211.00;626
13113;44;620699071;13113;560;14549;15174;4.42;0.27;404.20;22.14;1436;57;5212.00;625
13116;44;620699086;13116;562;14554;15180;4.43;0.27;404.13;22.14;1438;57;5213.00;626
13120;44;620699102;13120;571;14555;15180;4.33;0.27;404.12;22.14;1435;57;5214.00;625
13120;44;620699118;13120;571;14556;15180;4.30;0.26;404.12;22.14;1436;57;5215.00;624
13122;44;620699133;13122;579;14557;15181;4.25;0.26;404.08;22.14;1435;57;5216.00;624
13124;44;620699149;13124;585;14558;15181;4.22;0.26;404.07;22.15;1434;57;5217.00;623
13128;44;620699164;13128;594;14559;15181;4.12;0.25;404.03;22.15;1431;57;5218.00;622
13129;44;620699184;13129;599;14559;15181;4.13;0.25;404.12;22.15;1430;57;5219.00;622
13132;44;620699200;13132;596;14580;15217;4.18;0.26;404.13;22.12;1448;57;5220.00;637
13135;44;620699218;13135;605;14582;15217;4.16;0.26;404.09;22.13;1447;57;5221.00;635
13135;44;620699233;13135;609;14584;15217;4.18;0.26;404.09;22.12;1449;57;5222.00;633
13137;44;620699252;13137;613;14585;15217;4.19;0.26;404.05;22.13;1448;57;5223.00;632
13138;44;620699268;13138;614;14588;15217;4.16;0.26;404.12;22.13;1450;57;5224.00;629
13143;44;620699283;13143;619;14590;15217;4.11;0.25;404.04;22.14;1447;57;5225.00;627
13146;44;620699298;13146;635;14595;15221;4.06;0.25;404.08;22.13;1449;57;5226.00;626
13147;44;620699314;13147;634;14596;15221;4.04;0.25;404.06;22.14;1449;57;5227.00;625
13148;44;620699329;13148;637;14600;15225;4.03;0.25;404.14;22.14;1452;57;5228.00;625
13150;44;620699344;13150;644;14600;15226;3.98;0.24;404.12;22.14;1450;57;5229.00;626
13152;44;620699363;13152;646;14601;15226;3.95;0.24;404.15;22.15;1449;57;5230.00;625
13154;44;620699389;13154;653;14601;15226;3.89;0.24;404.11;22.15;1447;57;5231.00;625
13155;44;620699411;13155;663;14611;15239;3.89;0.24;404.08;22.13;1456;57;5232.00;628
13156;44;620699436;13156;668;14611;15239;3.87;0.24;404.12;22.13;1455;57;5233.00;628
13157;44;620699459;13157;678;14611;15239;3.84;0.24;404.11;22.13;1454;57;5234.00;628
13158;44;620699480;13158;673;14612;15240;3.85;0.24;404.09;22.13;1454;57;5235.00;628
13161;44;620699497;13161;670;14612;15241;3.85;0.24;404.05;22.13;1451;57;5236.00;629
13162;44;620699513;13162;666;14612;15241;3.83;0.24;404.04;22.13;1450;57;5237.00;629
13162;44;620699530;13162;669;14613;15244;3.86;0.24;404.04;22.13;1451;57;5238.00;631
13163;44;620699547;13163;672;14613;15244;3.86;0.24;404.02;22.13;1450;57;5239.00;631
13163;44;620699563;13163;675;14613;15244;3.88;0.24;404.02;22.13;1450;57;5240.00;631
13165;44;620699580;13165;675;14613;15244;3.88;0.24;404.09;22.13;1448;57;5241.00;631
13167;44;620699602;13167;665;14617;15250;3.91;0.24;404.13;22.12;1450;57;5242.00;633
13171;44;620699619;13171;672;14617;15250;3.88;0.24;404.10;22.12;1446;57;5243.00;633
13171;44;620699635;13171;669;14617;15250;3.87;0.24;404.10;22.12;1446;57;5244.00;633
13172;44;620699651;13172;672;14617;15250;3.87;0.24;404.09;22.12;1445;57;5245.00;633
13174;44;620699667;13174;672;14620;15254;3.85;0.24;404.09;22.12;1446;57;5246.00;634
13176;44;620699683;13176;675;14620;15255;3.81;0.23;404.06;22.12;1444;57;5247.00;635
13177;44;620699698;13177;680;14620;15255;3.76;0.23;404.05;22.12;1443;57;5248.00;635
13177;44;620699713;13177;681;14621;15256;3.77;0.23;404.05;22.12;1444;57;5249.00;635
13182;44;620699730;13182;670;14621;15256;3.76;0.23;404.02;22.12;1439;57;5250.00;635
13184;44;620699746;13184;669;14621;15256;3.77;0.23;403.99;22.12;1437;57;5251.00;635
13184;44;620699761;13184;669;14621;15256;3.80;0.23;403.99;22.12;1437;57;5252.00;635
13184;44;620699777;13184;671;14621;15256;3.84;0.24;403.99;22.12;1437;57;5253.00;635
13185;44;620699793;13185;661;14621;15256;3.83;0.23;403.97;22.12;1436;57;5254.00;635
13187;44;620699808;13187;664;14621;15256;3.87;0.24;404.00;22.12;1434;57;5255.00;635
13194;44;620699823;13194;661;14658;15326;4.01;0.25;403.86;22.06;1464;57;5256.00;668
13197;44;620699844;13197;653;14660;15327;4.05;0.25;403.80;22.06;1463;57;5257.00;667
13198;44;620699860;13198;648;14662;15327;4.10;0.25;403.83;22.06;1464;57;5258.00;665
13199;44;620699875;13199;643;14664;15327;4.14;0.25;403.94;22.05;1465;57;5259.00;663
13201;44;620699890;13201;639;14665;15327;4.16;0.25;403.93;22.05;1464;57;5260.00;662
13204;44;620699906;13204;644;14665;15327;4.14;0.25;403.92;22.05;1461;57;5261.00;662
13206;44;620699922;13206;655;14668;15327;4.18;0.26;403.94;22.05;1462;57;5262.00;659
13210;44;620699942;13210;656;14668;15327;4.12;0.25;404.11;22.05;1458;57;5263.00;659
13212;44;620699958;13212;659;14670;15328;4.11;0.25;404.08;22.05;1458;57;5264.00;658
13214;44;620699974;13214;660;14674;15330;4.08;0.25;404.04;22.04;1460;57;5265.00;656
13217;44;620699990;13217;660;14675;15330;4.05;0.25;404.04;22.04;1458;57;5266.00;655
13219;44;620700011;13219;661;14679;15334;4.03;0.25;404.10;22.04;1460;57;5267.00;655
13224;44;620700034;13224;657;14681;15334;4.02;0.25;404.18;22.04;1457;57;5268.00;653
13229;44;620700055;13229;660;14681;15334;3.98;0.24;404.23;22.04;1452;57;5269.00;653
13232;44;620700079;13232;646;14681;15334;3.98;0.24;404.19;22.04;1449;57;5270.00;653
13236;44;620700095;13236;634;14685;15340;3.99;0.24;404.42;22.03;1449;57;5271.00;655
13238;44;620700113;13238;632;14685;15340;4.04;0.25;404.40;22.03;1447;57;5272.00;655
13244;44;620700130;13244;623;14685;15340;4.01;0.25;404.60;22.03;1441;57;5273.00;655
13247;44;620700148;13247;615;14686;15343;4.03;0.25;404.60;22.03;1439;57;5274.00;657
13251;44;620700166;13251;604;14686;15343;4.04;0.25;404.72;22.03;1435;57;5275.00;657
13256;44;620700183;13256;600;14686;15343;4.01;0.24;404.77;22.03;1430;57;5276.00;657
13258;44;620700199;13258;589;14686;15344;4.03;0.25;404.84;22.03;1428;57;5277.00;658
13260;44;620700217;13260;579;14687;15345;4.09;0.25;404.82;22.03;1427;57;5278.00;658
13265;44;620700234;13265;570;14687;15345;4.09;0.25;404.87;22.03;1422;57;5279.00;658
13268;44;620700252;13268;566;14704;15371;4.15;0.25;404.93;22.00;1436;57;5280.00;667
13271;44;620700271;13271;550;14705;15371;4.20;0.26;404.90;22.00;1434;57;5281.00;666
13274;44;620700290;13274;535;14708;15371;4.23;0.26;405.03;22.00;1434;57;5282.00;663
13279;44;620700307;13279;524;14708;15372;4.23;0.26;405.05;22.00;1429;57;5283.00;664
13281;44;620700324;13281;525;14708;15372;4.30;0.26;405.03;22.00;1427;57;5284.00;664
13285;44;620700341;13285;516;14711;15376;4.35;0.26;405.10;21.99;1426;57;5285.00;665
13289;44;620700363;13289;513;14711;15376;4.38;0.27;405.15;21.99;1422;57;5286.00;665
13291;44;620700380;13291;499;14714;15379;4.43;0.27;405.13;21.99;1423;57;5287.00;665
13294;44;620700397;13294;495;14714;15380;4.49;0.27;405.27;21.99;1420;57;5288.00;666
13300;44;620700422;13300;494;14714;15380;4.49;0.27;405.36;21.99;1414;57;5289.00;666
13303;44;620700438;13303;487;14714;15380;4.52;0.27;405.39;21.99;1411;57;5290.00;666
13305;44;620700454;13305;479;14714;15380;4.55;0.28;405.45;21.99;1409;57;5291.00;666
13310;44;620700471;13310;482;14721;15392;4.57;0.28;405.57;21.98;1411;57;5292.00;671
13311;44;620700489;13311;484;14721;15392;4.60;0.28;405.57;21.98;1410;57;5293.00;671
13315;44;620700505;13315;484;14721;15392;4.58;0.28;405.66;21.98;1406;57;5294.00;671
13320;44;620700522;13320;478;14721;15392;4.61;0.28;405.78;21.98;1401;57;5295.00;671
13326;44;620700538;13326;479;14721;15392;4.61;0.28;405.75;21.98;1395;57;5296.00;671
13329;44;620700555;13329;479;14722;15392;4.61;0.28;405.87;21.99;1393;57;5297.00;670
13334;44;620700572;13334;481;14722;15393;4.65;0.28;405.89;21.99;1388;57;5298.00;671
13338;44;620700588;13338;482;14722;15393;4.63;0.28;405.88;21.99;1384;57;5299.00;671
13342;44;620700606;13342;478;14727;15399;4.64;0.28;405.89;21.99;1385;57;5300.00;672
13346;44;620700627;13346;487;14727;15400;4.64;0.28;405.98;21.99;1381;57;5301.00;673
13349;44;620700644;13349;490;14727;15400;4.66;0.28;405.97;21.99;1378;57;5302.00;673
13352;44;620700660;13352;489;14728;15400;4.64;0.28;405.97;22.00;1376;57;5303.00;672
13354;44;620700676;13354;495;14730;15404;4.67;0.28;405.97;22.00;1376;57;5304.00;674
13356;44;620700692;13356;494;14732;15404;4.69;0.28;405.95;22.01;1376;57;5305.00;672
13361;44;620700708;13361;497;14735;15404;4.67;0.28;405.97;22.03;1374;57;5306.00;669
13365;45;620700724;13365;495;14736;15405;4.66;0.28;406.01;22.03;1371;58;5307.00;669
13369;45;620700747;13369;495;14741;15409;4.66;0.28;406.03;22.04;1372;58;5308.00;668
13371;45;620700764;13371;491;14742;15409;4.66;0.28;406.12;22.04;1371;58;5309.00;667
13373;46;620700785;13373;483;14747;15415;4.68;0.28;406.14;22.05;1374;59;5310.00;668
13379;46;620700813;13379;488;14747;15415;4.61;0.28;406.23;22.05;1368;59;5311.00;668
13383;46;620700829;13383;494;14749;15415;4.57;0.28;406.28;22.07;1366;59;5312.00;666
13387;46;620700844;13387;491;14749;15415;4.51;0.27;406.32;22.07;1362;59;5313.00;666
13390;46;620700861;13390;497;14753;15419;4.45;0.27;406.34;22.09;1363;59;5314.00;666
13391;46;620700882;13391;515;14754;15419;4.43;0.27;406.46;22.08;1363;59;5315.00;665
13393;46;620700898;13393;522;14757;15419;4.40;0.27;406.51;22.10;1364;59;5316.00;662
13397;46;620700913;13397;512;14758;15419;4.39;0.27;406.61;22.11;1361;59;5317.00;661
13401;46;620700930;13401;500;14758;15420;4.39;0.27;406.66;22.11;1357;59;5318.00;662
13406;46;620700946;13406;496;14759;15421;4.35;0.26;406.79;22.11;1353;59;5319.00;662
13409;46;620700962;13409;493;14759;15421;4.30;0.26;406.89;22.11;1350;59;5320.00;662
13414;46;620700978;13414;490;14762;15422;4.24;0.26;407.04;22.13;1348;59;5321.00;660
13417;46;620700994;13417;489;14763;15422;4.23;0.26;407.03;22.26;1346;59;5322.00;659
13418;46;620701011;13418;483;14765;15422;4.23;0.26;407.07;22.28;1347;59;5323.00;657
13420;46;620701026;13420;483;14765;15422;4.23;0.26;407.10;22.28;1345;59;5324.00;657
13422;46;620701042;13422;492;14766;15422;4.20;0.26;407.13;22.28;1344;59;5325.00;656
13426;46;620701057;13426;489;14767;15422;4.16;0.25;407.20;22.29;1341;59;5326.00;655
13429;46;620701072;13429;487;14767;15422;4.13;0.25;407.37;22.29;1338;59;5327.00;655
13432;46;620701088;13432;512;14838;15549;4.23;0.26;407.49;22.19;1406;59;5328.00;711
13433;46;620701113;13433;499;14841;15550;4.26;0.26;407.48;22.21;1408;59;5329.00;709
13437;46;620701134;13437;498;14843;15550;4.32;0.27;407.59;22.21;1406;59;5330.00;707
13439;46;620701152;13439;491;14847;15550;4.43;0.27;407.58;22.22;1408;59;5331.00;703
13439;46;620701168;13439;481;14850;15550;4.57;0.28;407.58;22.23;1411;59;5332.00;700
13441;46;620701184;13441;481;14852;15550;4.67;0.29;407.57;22.23;1411;59;5333.00;698
13442;46;620701200;13442;481;14856;15550;4.72;0.29;407.60;22.24;1414;59;5334.00;694
13444;46;620701216;13444;488;14857;15550;4.74;0.29;407.61;22.24;1413;59;5335.00;693
13450;46;620701232;13450;494;14858;15551;4.77;0.29;407.65;22.24;1408;59;5336.00;693
13452;46;620701248;13452;498;14862;15552;4.74;0.29;407.66;22.25;1410;59;5337.00;690
13454;46;620701265;13454;498;14864;15552;4.72;0.29;407.74;22.26;1410;59;5338.00;688
13457;46;620701281;13457;504;14867;15553;4.72;0.29;407.73;22.28;1410;59;5339.00;686
13460;46;620701299;13460;508;14871;15553;4.70;0.29;407.72;22.28;1411;59;5340.00;682
13462;46;620701315;13462;510;14872;15553;4.69;0.29;407.76;22.28;1410;59;5341.00;681
13464;46;620701331;13464;516;14875;15553;4.70;0.29;407.82;22.28;1411;60;5342.00;678
13466;46;620701358;13466;517;14881;15557;4.69;0.29;407.84;22.30;1415;60;5343.00;676
13470;46;620701382;13470;517;14884;15557;4.67;0.29;407.94;22.30;1414;60;5344.00;673
13471;46;620701411;13471;520;14884;15557;4.69;0.29;408.01;22.30;1413;60;5345.00;673
13473;46;620701444;13473;524;14887;15560;4.68;0.29;408.02;22.31;1414;60;5346.00;673
13476;46;620701467;13476;529;14888;15560;4.68;0.29;408.05;22.32;1412;60;5347.00;672
13477;46;620701487;13477;528;14889;15560;4.66;0.29;408.09;22.33;1412;60;5348.00;671
13480;46;620701504;13480;532;14893;15564;4.60;0.28;408.09;22.33;1413;60;5349.00;671
13482;46;620701522;13482;542;14894;15565;4.54;0.28;408.08;22.33;1412;60;5350.00;671
13485;46;620701539;13485;549;14895;15565;4.53;0.28;408.23;22.34;1410;60;5351.00;670
13490;46;620701556;13490;549;14899;15569;4.52;0.28;408.26;22.34;1409;60;5352.00;670
13492;46;620701574;13492;548;14901;15569;4.50;0.28;408.25;22.35;1409;60;5353.00;668
13494;46;620701598;13494;545;14903;15569;4.49;0.27;408.28;22.36;1409;60;5354.00;666
13496;46;620701615;13496;548;14905;15571;4.45;0.27;408.28;22.37;1409;60;5355.00;666
13499;46;620701631;13499;547;14907;15571;4.44;0.27;408.30;22.38;1408;60;5356.00;664
13501;46;620701647;13501;552;14911;15577;4.46;0.27;408.38;22.37;1410;60;5357.00;666
13502;46;620701664;13502;556;14913;15577;4.45;0.27;408.37;22.38;1411;60;5358.00;664
13506;46;620701680;13506;560;14913;15577;4.43;0.27;408.36;22.38;1407;60;5359.00;664
13507;46;620701695;13507;558;14913;15578;4.47;0.27;408.34;22.38;1406;60;5360.00;665
13510;46;620701711;13510;555;14915;15578;4.47;0.27;408.34;22.39;1405;60;5361.00;663
13513;46;620701727;13513;556;14916;15578;4.45;0.27;408.30;22.40;1403;60;5362.00;662
13515;46;620701742;13515;557;14916;15578;4.43;0.27;408.33;22.40;1401;60;5363.00;662
13518;46;620701758;13518;552;14928;15590;4.45;0.27;408.31;22.53;1410;60;5364.00;662
13521;46;620701780;13521;554;14928;15590;4.44;0.27;408.28;22.53;1407;60;5365.00;662
13525;46;620701797;13525;554;14930;15590;4.45;0.27;408.24;22.54;1405;60;5366.00;660
13526;46;620701821;13526;557;14931;15590;4.47;0.27;408.32;22.55;1405;60;5367.00;659
13528;46;620701844;13528;558;14931;15590;4.50;0.28;408.28;22.55;1403;60;5368.00;659
13530;46;620701861;13530;555;14932;15590;4.52;0.28;408.29;22.55;1402;60;5369.00;658
13535;46;620701879;13535;555;14936;15594;4.51;0.28;408.33;22.55;1401;60;5370.00;658
13538;46;620701896;13538;552;14937;15594;4.47;0.27;408.30;22.56;1399;60;5371.00;657
13540;46;620701913;13540;544;14940;15598;4.43;0.27;408.26;22.55;1400;60;5372.00;658
13541;46;620701931;13541;539;14940;15599;4.42;0.27;408.23;22.55;1399;60;5373.00;659
13547;46;620701947;13547;542;14943;15599;4.39;0.27;408.20;22.56;1396;60;5374.00;656
13551;46;620701964;13551;541;14945;15599;4.39;0.27;408.14;22.80;1394;60;5375.00;654
13555;46;620701988;13555;552;14955;15612;4.40;0.27;408.18;22.79;1400;60;5376.00;657
13556;46;620702005;13556;551;14956;15612;4.39;0.27;408.18;22.79;1400;60;5377.00;656
13561;46;620702022;13561;555;14957;15612;4.36;0.27;408.17;22.79;1396;60;5378.00;655
13563;46;620702038;13563;558;14959;15613;4.33;0.26;408.19;22.80;1396;60;5379.00;654
13568;46;620702055;13568;562;14960;15614;4.29;0.26;408.27;22.80;1392;60;5380.00;654
13569;46;620702073;13569;570;14961;15614;4.28;0.26;408.25;22.80;1392;60;5381.00;653
13572;46;620702089;13572;572;14962;15617;4.25;0.26;408.21;22.80;1390;60;5382.00;655
13573;46;620702115;13573;583;14963;15617;4.19;0.26;408.22;22.80;1390;60;5383.00;654
13575;46;620702134;13575;592;14964;15617;4.16;0.25;408.25;22.81;1389;60;5384.00;653
13577;46;620702151;13577;593;14965;15617;4.13;0.25;408.27;22.81;1388;60;5385.00;652
13578;46;620702168;13578;593;14969;15623;4.17;0.25;408.28;22.80;1391;60;5386.00;654
13579;46;620702187;13579;583;14969;15623;4.16;0.25;408.27;22.80;1390;60;5387.00;654
13579;46;620702203;13579;577;14971;15623;4.16;0.25;408.27;22.81;1392;60;5388.00;652
13581;46;620702219;13581;571;14971;15623;4.16;0.25;408.29;22.81;1390;60;5389.00;652
13585;46;620702235;13585;571;14974;15627;4.15;0.25;408.34;22.80;1389;60;5390.00;653
13588;46;620702252;13588;570;14975;15628;4.14;0.25;408.32;22.81;1387;60;5391.00;653
13590;46;620702268;13590;568;14976;15628;4.15;0.25;408.32;22.81;1386;60;5392.00;652
13593;46;620702285;13593;565;14977;15629;4.17;0.25;408.42;22.81;1384;60;5393.00;652
13594;46;620702308;13594;565;14978;15629;4.19;0.25;408.41;22.81;1384;60;5394.00;651
13596;46;620702325;13596;562;14978;15629;4.16;0.25;408.37;22.81;1382;60;5395.00;651
13597;46;620702341;13597;557;14979;15629;4.16;0.25;408.43;22.81;1382;60;5396.00;650
13599;46;620702363;13599;559;14979;15629;4.14;0.25;408.42;22.81;1380;60;5397.00;650
13599;46;620702379;13599;567;14979;15629;4.19;0.25;408.42;22.81;1380;60;5398.00;650
13600;46;620702395;13600;570;14980;15629;4.18;0.25;408.41;22.82;1380;60;5399.00;649
