step_arrived;step_collisions;step_duration;step_ended;step_halting;step_inserted;step_loaded;step_meanSpeed;step_meanSpeedRelative;step_meanTravelTime;step_meanWaitingTime;step_running;step_teleports;step_time;step_waiting
0;0;622492739;0;1;85;245;16.58;1.17;-1.00;0.00;85;0;0.00;160
0;0;622492769;0;1;98;245;15.82;1.09;-1.00;0.13;98;0;1.00;147
0;0;622492770;0;0;118;245;15.16;1.03;-1.00;0.45;118;0;2.00;127
0;0;622492771;0;1;132;245;14.19;0.96;-1.00;0.72;132;0;3.00;113
0;0;622492772;0;1;146;245;13.14;0.88;-1.00;1.03;146;0;4.00;99
0;0;622492774;0;3;156;245;11.96;0.80;-1.00;1.29;156;0;5.00;89
0;0;622492775;0;3;167;245;11.11;0.74;-1.00;1.60;167;0;6.00;78
0;0;622492776;0;9;174;245;10.36;0.69;-1.00;1.82;174;0;7.00;71
0;0;622492778;0;15;183;246;9.69;0.64;-1.00;2.12;183;0;8.00;63
0;0;622492780;0;17;190;247;9.40;0.62;-1.00;2.37;190;0;9.00;57
0;0;622492782;0;19;197;247;9.06;0.60;-1.00;2.64;197;0;10.00;50
1;0;622492784;1;27;203;248;8.74;0.57;11.00;2.84;202;0;11.00;45
1;0;622492786;1;32;208;248;8.63;0.57;11.00;3.06;207;0;12.00;40
1;0;622492789;1;34;212;248;8.47;0.55;11.00;3.25;211;0;13.00;36
2;0;622492792;2;36;216;248;8.36;0.54;12.50;3.45;214;0;14.00;32
2;0;622492795;2;46;223;252;8.08;0.52;12.50;3.69;221;0;15.00;29
2;0;622492799;2;44;224;252;8.05;0.52;12.50;3.74;222;0;16.00;28
3;0;622492802;3;52;229;252;7.94;0.51;14.00;4.00;226;0;17.00;23
3;0;622492805;3;55;231;255;7.90;0.51;14.00;4.06;228;0;18.00;24
3;0;622492808;3;60;233;255;7.85;0.50;14.00;4.11;230;0;19.00;22
4;0;622492811;4;66;235;255;7.83;0.50;15.50;4.25;231;0;20.00;20
5;0;622492814;5;70;242;259;8.01;0.51;16.60;4.40;237;0;21.00;17
6;0;622492817;6;72;244;260;8.07;0.51;17.33;4.46;238;0;22.00;16
6;0;622492820;6;78;246;260;8.02;0.51;17.33;4.61;240;0;23.00;14
6;0;622492823;6;81;249;264;8.13;0.51;17.33;4.65;243;0;24.00;15
6;0;622492826;6;84;252;264;8.22;0.52;17.33;4.70;246;0;25.00;12
6;0;622492828;6;85;252;264;8.40;0.53;17.33;4.70;246;0;26.00;12
6;0;622492831;6;89;253;265;8.48;0.53;17.33;4.74;247;0;27.00;12
6;0;622492834;6;91;254;265;8.60;0.54;17.33;4.83;248;0;28.00;11
6;0;622492837;6;93;259;271;8.59;0.54;17.33;4.75;253;0;29.00;12
8;0;622492843;8;92;260;271;8.57;0.53;20.13;4.78;252;0;30.00;11
8;0;622492846;8;95;262;272;8.62;0.53;20.13;4.87;254;0;31.00;10
8;0;622492849;8;96;263;272;8.66;0.54;20.13;4.97;255;0;32.00;9
10;0;622492851;10;100;264;272;8.57;0.53;22.70;5.08;254;0;33.00;8
11;0;622492854;11;104;264;272;8.53;0.53;23.27;5.08;253;0;34.00;8
11;0;622492857;11;107;265;272;8.37;0.52;23.27;5.08;254;0;35.00;7
11;0;622492860;11;108;276;284;8.70;0.54;23.27;5.01;265;0;36.00;8
12;0;622492864;12;112;276;284;8.60;0.53;24.00;5.01;264;0;37.00;8
12;0;622492867;12;114;278;284;8.48;0.53;24.00;5.09;266;0;38.00;6
14;0;622492871;14;117;279;284;8.22;0.51;25.64;5.14;265;0;39.00;5
14;0;622492874;14;119;280;284;8.02;0.50;25.64;5.17;266;0;40.00;4
14;0;622492877;14;120;281;284;7.78;0.48;25.64;5.17;267;0;41.00;3
14;0;622492881;14;125;285;288;7.74;0.48;25.64;5.11;271;0;42.00;3
15;0;622492884;15;127;285;288;7.61;0.47;26.20;5.11;270;0;43.00;3
16;0;622492888;16;132;289;292;7.55;0.47;27.19;5.06;273;0;44.00;3
17;0;622492891;17;137;291;294;7.41;0.46;27.00;5.02;274;0;45.00;3
18;0;622492894;18;140;291;294;7.25;0.45;27.67;5.02;273;0;46.00;3
18;0;622492897;18;138;291;294;7.25;0.45;27.67;5.02;273;0;47.00;3
19;0;622492900;19;143;302;307;7.59;0.47;28.74;4.84;283;0;48.00;5
19;0;622492903;19;143;302;307;7.51;0.47;28.74;4.84;283;0;49.00;5
19;0;622492906;19;145;302;307;7.50;0.47;28.74;4.84;283;0;50.00;5
19;0;622492909;19;146;303;308;7.48;0.47;28.74;4.83;284;0;51.00;5
20;0;622492912;20;148;304;309;7.37;0.46;29.85;4.81;284;0;52.00;5
21;0;622492914;21;151;304;309;7.33;0.46;29.95;4.81;283;0;53.00;5
22;0;622492917;22;153;306;312;7.32;0.46;29.41;4.78;284;0;54.00;6
23;0;622492920;23;154;306;312;7.27;0.45;30.52;4.78;283;0;55.00;6
24;0;622492923;24;146;307;312;7.25;0.45;30.63;4.77;283;0;56.00;5
25;0;622492926;25;143;307;312;7.27;0.45;31.68;4.77;282;0;57.00;5
25;0;622492929;25;141;312;318;7.34;0.46;31.68;4.71;287;0;58.00;6
27;0;622492933;27;141;312;318;7.24;0.45;33.52;4.71;285;0;59.00;6
28;0;622492937;28;144;312;318;7.23;0.44;34.46;4.71;284;0;60.00;6
29;0;622492941;29;145;313;318;7.17;0.44;35.38;4.71;284;0;61.00;5
29;0;622492945;29;150;317;322;7.19;0.44;35.38;4.66;288;0;62.00;5
30;0;622492948;30;152;318;323;7.27;0.44;34.90;4.65;288;0;63.00;5
32;0;622492951;32;153;318;323;7.36;0.45;36.50;4.65;286;0;64.00;5
32;0;622492954;32;156;319;324;7.54;0.46;36.50;4.64;287;0;65.00;5
33;0;622492956;33;158;319;324;7.59;0.46;37.30;4.64;286;0;66.00;5
33;0;622492959;33;147;319;324;7.69;0.47;37.30;4.64;286;0;67.00;5
35;0;622492962;35;143;319;324;7.78;0.47;38.91;4.64;284;0;68.00;5
35;0;622492964;35;138;319;324;7.90;0.48;38.91;4.64;284;0;69.00;5
35;0;622492967;35;133;319;324;8.06;0.49;38.91;4.64;284;0;70.00;5
35;0;622492970;35;129;319;324;8.21;0.50;38.91;4.64;284;0;71.00;5
36;0;622492973;36;135;351;394;8.31;0.51;39.25;4.21;315;0;72.00;43
36;0;622492983;36;128;352;395;8.49;0.52;39.25;4.20;316;0;73.00;43
36;0;622492987;36;121;358;395;8.83;0.54;39.25;4.17;322;0;74.00;37
37;0;622492991;37;118;360;395;9.04;0.55;40.22;4.16;323;0;75.00;35
37;0;622492994;37;115;362;395;9.26;0.57;40.22;4.16;325;0;76.00;33
38;2;622492998;38;113;363;395;9.38;0.57;41.18;4.16;325;2;77.00;32
38;2;622493024;38;115;367;395;9.55;0.58;41.18;4.18;329;2;78.00;28
39;2;622493028;39;117;368;395;9.57;0.58;41.77;4.19;329;2;79.00;27
39;2;622493037;39;120;370;396;9.52;0.58;41.77;4.21;331;2;80.00;26
40;2;622493046;40;121;373;397;9.46;0.57;42.75;4.25;333;2;81.00;24
41;2;622493050;41;121;376;397;9.46;0.57;43.71;4.30;335;2;82.00;21
41;2;622493053;41;123;383;401;9.33;0.56;43.71;4.31;342;2;83.00;18
41;2;622493058;41;127;386;401;9.30;0.56;43.71;4.33;345;2;84.00;15
41;2;622493062;41;129;386;401;9.29;0.56;43.71;4.33;345;2;85.00;15
41;2;622493065;41;131;386;401;9.27;0.56;43.71;4.33;345;2;86.00;15
41;2;622493068;41;132;391;407;9.24;0.56;43.71;4.29;350;2;87.00;16
43;2;622493072;43;134;391;407;9.18;0.56;45.77;4.29;348;2;88.00;16
44;2;622493076;44;135;391;407;9.12;0.55;46.73;4.29;347;2;89.00;16
47;2;622493081;47;131;395;413;9.09;0.55;49.30;4.25;348;2;90.00;18
48;2;622493086;48;131;395;413;8.96;0.54;50.17;4.25;347;2;91.00;18
48;2;622493090;48;132;397;413;8.96;0.54;50.17;4.23;349;2;92.00;16
50;2;622493094;50;133;398;414;8.80;0.53;51.80;4.23;348;2;93.00;16
50;2;622493103;50;132;399;415;8.75;0.53;51.80;4.22;349;2;94.00;16
52;2;622493107;52;134;399;415;8.63;0.52;53.46;4.22;347;2;95.00;16
53;2;622493110;53;136;410;428;8.48;0.52;54.26;4.10;357;2;96.00;18
55;2;622493115;55;133;410;428;8.37;0.51;54.51;4.10;355;2;97.00;18
56;2;622493119;56;134;410;428;8.39;0.51;55.29;4.10;354;2;98.00;18
57;2;622493122;57;130;411;429;8.45;0.51;56.05;4.09;354;2;99.00;18
57;2;622493127;57;128;411;429;8.50;0.52;56.05;4.09;354;2;100.00;18
58;2;622493134;58;129;414;433;8.68;0.53;56.83;4.07;356;2;101.00;19
59;2;622493138;59;122;414;433;8.84;0.54;57.51;4.07;355;2;102.00;19
59;2;622493142;59;116;418;437;8.85;0.54;57.51;4.04;359;2;103.00;19
60;2;622493146;60;111;418;437;9.06;0.55;58.23;4.04;358;2;104.00;19
61;2;622493150;61;106;420;437;9.20;0.56;59.00;4.18;359;2;105.00;17
63;2;622493155;63;98;420;437;9.37;0.57;60.37;4.18;357;2;106.00;17
64;3;622493160;64;92;420;437;9.47;0.58;61.08;4.18;356;3;107.00;17
64;3;622493171;64;88;430;449;9.64;0.59;61.08;4.08;366;3;108.00;19
65;3;622493176;65;82;431;449;9.81;0.60;61.78;4.08;366;3;109.00;18
68;3;622493184;68;77;432;449;9.99;0.61;63.38;4.07;364;3;110.00;17
69;3;622493190;69;76;432;449;10.17;0.62;64.06;4.07;363;3;111.00;17
69;3;622493194;69;77;432;449;10.32;0.63;64.06;4.07;363;3;112.00;17
69;3;622493199;69;74;432;449;10.41;0.64;64.06;4.07;363;3;113.00;17
70;3;622493204;70;72;433;450;10.46;0.64;64.77;4.06;363;3;114.00;17
70;3;622493208;70;70;433;450;10.52;0.64;64.77;4.06;363;3;115.00;17
70;3;622493213;70;66;438;456;10.58;0.65;64.77;4.03;368;3;116.00;18
73;3;622493219;73;68;439;457;10.54;0.64;66.84;4.29;366;3;117.00;18
73;3;622493224;73;71;440;457;10.53;0.64;66.84;4.28;367;3;118.00;17
73;3;622493229;73;69;440;457;10.64;0.65;66.84;4.28;367;3;119.00;17
74;3;622493236;74;73;444;462;10.82;0.66;67.55;4.24;370;3;120.00;18
75;3;622493242;75;72;447;462;10.84;0.66;68.27;4.70;372;3;121.00;15
76;3;622493247;76;71;447;462;10.94;0.67;68.89;4.70;371;3;122.00;15
76;3;622493253;76;72;449;463;11.00;0.67;68.89;4.96;373;3;123.00;14
77;3;622493259;77;73;455;467;10.94;0.67;69.48;5.13;378;3;124.00;12
78;3;622493265;78;74;456;467;11.01;0.68;70.14;5.29;378;3;125.00;11
78;3;622493271;78;77;458;470;11.27;0.69;70.14;5.26;380;3;126.00;12
79;3;622493276;79;81;461;470;11.42;0.70;70.85;5.52;382;3;127.00;9
80;3;622493282;80;82;462;470;11.49;0.71;71.38;5.63;382;3;128.00;8
83;3;622493288;83;86;463;470;11.57;0.71;72.96;5.71;380;3;129.00;7
85;3;622493293;85;89;468;474;11.62;0.71;73.18;5.85;383;3;130.00;6
86;3;622493299;86;92;469;474;11.65;0.72;73.85;5.87;383;3;131.00;5
87;3;622493305;87;92;470;474;11.69;0.72;73.97;5.86;383;3;132.00;4
88;3;622493311;88;92;471;474;11.69;0.72;73.82;5.98;383;3;133.00;3
89;3;622493317;89;91;472;475;11.68;0.72;74.47;5.97;383;3;134.00;3
91;3;622493322;91;92;474;477;11.62;0.71;75.80;5.94;383;3;135.00;3
92;3;622493328;92;93;475;477;11.60;0.71;76.42;6.01;383;3;136.00;2
96;3;622493334;96;94;476;478;11.64;0.71;78.88;6.00;380;3;137.00;2
99;3;622493341;99;97;477;478;11.68;0.72;79.81;6.08;378;3;138.00;1
101;3;622493347;101;98;477;478;11.71;0.72;80.13;6.08;376;3;139.00;1
105;3;622493353;105;101;478;478;11.65;0.71;81.02;6.11;373;3;140.00;0
106;3;622493359;106;101;478;478;11.61;0.71;81.53;6.11;372;3;141.00;0
107;3;622493365;107;103;478;478;11.48;0.71;82.09;6.11;371;3;142.00;0
108;3;622493371;108;105;478;478;11.34;0.70;82.41;6.11;370;3;143.00;0
108;3;622493376;108;123;553;605;10.99;0.69;82.41;5.29;445;3;144.00;52
109;3;622493393;109;119;560;606;10.85;0.68;82.79;5.23;451;3;145.00;46
110;3;622493400;110;115;568;606;10.82;0.68;83.05;5.19;458;3;146.00;38
111;3;622493406;111;115;570;606;10.74;0.67;83.62;5.18;459;3;147.00;36
112;3;622493412;112;122;574;606;10.62;0.66;84.18;5.17;462;3;148.00;32
113;3;622493418;113;119;575;606;10.64;0.66;84.72;5.17;462;3;149.00;31
114;3;622493426;114;121;579;611;10.50;0.65;85.25;5.16;465;3;150.00;32
116;3;622493434;116;118;581;611;10.55;0.66;86.01;5.16;465;3;151.00;30
117;3;622493443;117;120;583;612;10.65;0.66;86.54;5.17;466;3;152.00;29
118;3;622493451;118;123;587;613;10.73;0.67;86.97;5.20;469;3;153.00;26
118;3;622493459;118;125;589;613;10.80;0.67;86.97;5.21;471;3;154.00;24
119;3;622493468;119;126;592;614;10.73;0.67;87.47;5.23;473;3;155.00;22
121;3;622493477;121;133;595;614;10.52;0.65;86.93;5.24;474;3;156.00;19
123;3;622493487;123;134;596;614;10.37;0.64;88.01;5.25;473;3;157.00;18
123;3;622493497;123;136;600;614;10.20;0.63;88.01;5.31;477;3;158.00;14
125;3;622493504;125;142;603;618;10.10;0.63;87.97;5.31;478;3;159.00;15
127;3;622493510;127;149;605;618;9.99;0.62;89.07;5.35;478;3;160.00;13
130;3;622493517;130;153;607;618;9.86;0.61;90.66;5.39;477;3;161.00;11
130;3;622493523;130;152;608;621;9.78;0.61;90.66;5.41;478;3;162.00;13
130;3;622493529;130;157;610;621;9.71;0.60;90.66;5.44;480;3;163.00;11
132;3;622493535;132;155;612;621;9.63;0.60;91.18;5.47;480;3;164.00;9
134;3;622493541;134;161;618;625;9.53;0.59;91.70;5.49;484;3;165.00;7
135;3;622493547;135;161;620;626;9.42;0.58;92.19;5.50;485;3;166.00;6
137;3;622493552;137;159;621;626;9.33;0.58;92.53;5.49;484;3;167.00;5
140;3;622493558;140;159;626;630;9.30;0.58;93.90;5.46;486;3;168.00;4
143;3;622493565;143;165;627;630;9.18;0.57;93.46;5.47;484;3;169.00;3
146;3;622493571;146;150;629;630;9.10;0.56;94.36;5.50;483;3;170.00;1
147;3;622493576;147;147;629;631;9.04;0.56;94.88;5.50;482;3;171.00;2
149;3;622493582;149;140;630;631;9.01;0.56;95.24;5.50;481;3;172.00;1
152;3;622493588;152;138;636;637;9.13;0.56;96.06;5.45;484;3;173.00;1
152;3;622493601;152;135;636;637;9.24;0.57;96.06;5.45;484;3;174.00;1
155;3;622493608;155;135;637;638;9.23;0.57;97.55;5.45;482;3;175.00;1
156;3;622493613;156;133;637;638;9.22;0.57;97.97;5.45;481;3;176.00;1
156;3;622493620;156;132;637;638;9.19;0.56;97.97;5.45;481;3;177.00;1
156;3;622493625;156;132;638;638;9.22;0.57;97.97;5.48;482;3;178.00;0
159;3;622493632;159;122;638;638;9.16;0.56;98.16;5.48;479;3;179.00;0
159;3;622493640;159;130;669;672;9.21;0.57;98.16;5.23;510;3;180.00;3
160;3;622493648;160;126;669;672;9.12;0.56;98.66;5.23;509;3;181.00;3
162;3;622493654;162;129;671;672;9.05;0.56;99.02;5.22;509;3;182.00;1
162;3;622493660;162;127;671;672;8.94;0.55;99.02;5.22;509;3;183.00;1
163;3;622493665;163;130;672;672;8.88;0.55;99.16;5.22;509;3;184.00;0
166;3;622493671;166;134;672;672;8.89;0.55;99.88;5.22;506;3;185.00;0
168;3;622493677;168;144;676;676;8.96;0.55;99.67;5.19;508;3;186.00;0
169;3;622493683;169;153;676;676;8.98;0.55;99.90;5.19;507;3;187.00;0
169;3;622493689;169;155;680;680;9.06;0.56;99.90;5.17;511;3;188.00;0
172;3;622493696;172;154;681;681;9.04;0.56;100.84;5.16;509;3;189.00;0
174;3;622493703;174;160;681;681;8.96;0.55;101.45;5.16;507;3;190.00;0
175;3;622493709;175;170;681;681;8.94;0.55;101.95;5.16;506;3;191.00;0
179;3;622493715;179;179;694;694;9.04;0.55;101.86;5.06;515;3;192.00;0
179;3;622493724;179;176;694;694;9.03;0.56;101.86;5.06;515;3;193.00;0
184;3;622493731;184;182;694;694;8.94;0.55;101.45;5.06;510;3;194.00;0
186;3;622493737;186;184;695;695;8.86;0.54;102.02;5.06;509;3;195.00;0
186;3;622493743;186;187;696;696;8.85;0.54;102.02;5.05;510;3;196.00;0
188;3;622493749;188;188;696;696;8.76;0.54;101.86;5.05;508;3;197.00;0
190;3;622493756;190;189;698;699;8.72;0.54;101.73;5.04;508;3;198.00;1
195;3;622493762;195;195;699;699;8.54;0.52;101.82;5.03;504;3;199.00;0
198;3;622493769;198;202;699;699;8.30;0.51;101.31;5.03;501;3;200.00;0
198;3;622493779;198;208;699;699;8.16;0.50;101.31;5.03;501;3;201.00;0
200;3;622493785;200;214;705;705;8.01;0.49;101.12;5.00;505;3;202.00;0
202;3;622493791;202;219;705;705;7.86;0.48;101.40;5.00;503;3;203.00;0
203;3;622493798;203;224;705;705;7.77;0.48;101.19;5.00;502;3;204.00;0
205;3;622493803;205;231;705;705;7.65;0.47;101.36;5.00;500;3;205.00;0
208;3;622493809;208;235;709;709;7.60;0.47;101.43;4.97;501;3;206.00;0
211;3;622493815;211;237;710;710;7.47;0.46;101.02;4.97;499;3;207.00;0
213;3;622493821;213;239;710;710;7.40;0.45;101.65;4.97;497;3;208.00;0
213;3;622493826;213;241;711;711;7.39;0.45;101.65;4.96;498;3;209.00;0
214;3;622493834;214;244;711;711;7.33;0.45;102.11;4.96;497;3;210.00;0
214;3;622493840;214;246;711;711;7.25;0.45;102.11;4.96;497;3;211.00;0
217;3;622493845;217;252;711;711;7.05;0.44;102.17;4.96;494;3;212.00;0
220;3;622493852;220;256;711;711;6.85;0.42;102.22;4.96;491;3;213.00;0
222;3;622493857;222;262;711;711;6.62;0.41;102.39;4.96;489;3;214.00;0
222;3;622493863;222;264;711;711;6.46;0.40;102.39;4.96;489;3;215.00;0
223;3;622493870;223;277;753;781;6.66;0.41;102.48;4.68;530;3;216.00;28
223;3;622493886;223;266;755;782;6.65;0.41;102.48;4.67;532;3;217.00;27
225;3;622493900;225;256;762;782;6.80;0.42;103.48;4.65;537;3;218.00;20
226;3;622493908;226;243;765;782;6.99;0.43;103.72;4.64;539;3;219.00;17
227;3;622493918;227;234;768;782;7.13;0.44;103.82;4.64;541;3;220.00;14
227;3;622493927;227;229;771;782;7.39;0.45;103.82;4.64;544;3;221.00;11
227;3;622493937;227;226;774;782;7.58;0.47;103.82;4.65;547;3;222.00;8
229;3;622493946;229;228;776;782;7.73;0.47;104.86;4.65;547;3;223.00;6
229;3;622493957;229;227;777;783;7.85;0.48;104.86;4.66;548;3;224.00;6
232;3;622493967;232;229;781;785;7.82;0.48;105.60;4.67;549;3;225.00;4
233;3;622493989;233;213;782;785;7.89;0.48;106.12;4.68;549;3;226.00;3
235;3;622493999;235;205;788;789;8.01;0.49;107.12;4.66;553;3;227.00;1
236;3;622494008;236;199;789;789;8.15;0.50;107.20;4.66;553;3;228.00;0
238;3;622494016;238;188;789;789;8.32;0.51;108.18;4.66;551;3;229.00;0
238;3;622494023;238;185;789;789;8.52;0.52;108.18;4.66;551;3;230.00;0
241;3;622494031;241;178;795;795;8.65;0.53;108.23;4.63;554;3;231.00;0
241;3;622494039;241;174;795;795;8.83;0.54;108.23;4.63;554;3;232.00;0
243;3;622494047;243;171;795;795;8.89;0.54;108.71;4.63;552;3;233.00;0
245;3;622494055;245;166;797;798;9.05;0.55;108.81;4.62;552;3;234.00;1
246;3;622494064;246;164;797;798;9.18;0.56;108.74;4.62;551;3;235.00;1
246;3;622494071;246;163;798;798;9.29;0.57;108.74;4.62;552;3;236.00;0
246;3;622494079;246;147;799;799;9.40;0.58;108.74;4.61;553;3;237.00;0
248;3;622494087;248;144;800;800;9.46;0.58;109.60;4.61;552;3;238.00;0
252;3;622494096;252;141;800;800;9.48;0.58;110.50;4.61;548;3;239.00;0
254;3;622494104;254;149;825;826;9.43;0.58;110.02;4.47;571;3;240.00;1
258;3;622494113;258;139;825;826;9.49;0.58;111.50;4.47;567;3;241.00;1
262;3;622494123;262;130;826;826;9.59;0.58;112.53;4.47;564;3;242.00;0
263;3;622494131;263;128;827;827;9.66;0.59;112.48;4.46;564;3;243.00;0
265;3;622494137;265;129;827;827;9.76;0.60;112.36;4.46;562;3;244.00;0
267;3;622494145;267;127;831;831;9.83;0.60;112.54;4.45;564;3;245.00;0
271;3;622494151;271;126;831;831;9.80;0.60;114.36;4.45;560;3;246.00;0
275;3;622494158;275;129;835;835;9.72;0.59;115.19;4.43;560;3;247.00;0
276;3;622494165;276;124;835;835;9.73;0.59;115.34;4.43;559;3;248.00;0
279;3;622494171;279;128;835;835;9.74;0.59;115.93;4.43;556;3;249.00;0
282;4;622494178;282;129;835;835;9.76;0.59;116.54;4.43;553;4;250.00;0
284;4;622494198;284;131;835;835;9.80;0.59;117.40;4.43;551;4;251.00;0
284;4;622494204;284;130;846;847;9.85;0.60;117.40;4.37;562;4;252.00;1
284;4;622494211;284;131;846;847;9.94;0.60;117.40;4.37;562;4;253.00;1
284;4;622494217;284;133;847;847;9.99;0.61;117.40;4.37;563;4;254.00;0
285;4;622494224;285;139;847;847;10.01;0.61;117.52;4.37;562;4;255.00;0
285;4;622494230;285;143;847;847;10.03;0.61;117.52;4.37;562;4;256.00;0
286;4;622494236;286;147;847;847;10.00;0.61;117.97;4.37;561;4;257.00;0
288;4;622494243;288;153;848;848;9.95;0.61;118.36;4.36;560;4;258.00;0
290;4;622494249;290;158;848;848;9.88;0.60;118.44;4.36;558;4;259.00;0
291;4;622494256;291;156;854;854;9.84;0.60;118.44;4.34;563;4;260.00;0
292;4;622494263;292;151;855;855;9.90;0.60;118.50;4.34;563;4;261.00;0
294;4;622494269;294;147;855;855;9.96;0.60;118.33;4.34;561;4;262.00;0
295;4;622494276;295;145;855;855;9.95;0.60;118.33;4.34;560;4;263.00;0
296;4;622494283;296;143;859;859;9.96;0.60;118.22;4.32;563;4;264.00;0
298;4;622494290;298;138;859;859;9.98;0.60;118.28;4.32;561;4;265.00;0
299;4;622494296;299;137;859;859;10.06;0.61;118.76;4.32;560;4;266.00;0
303;4;622494303;303;139;860;860;10.18;0.62;120.38;4.31;557;4;267.00;0
304;4;622494309;304;136;864;864;10.23;0.62;120.63;4.30;560;4;268.00;0
305;4;622494315;305;130;864;864;10.34;0.63;120.83;4.30;559;4;269.00;0
308;4;622494323;308;126;868;870;10.46;0.64;121.68;4.28;560;4;270.00;2
313;4;622494330;313;121;868;870;10.50;0.64;121.97;4.28;555;4;271.00;2
315;4;622494337;315;114;870;870;10.56;0.64;122.24;4.27;555;4;272.00;0
318;4;622494343;318;111;870;870;10.55;0.64;122.72;4.27;552;4;273.00;0
321;4;622494350;321;104;874;874;10.62;0.64;122.90;4.26;553;4;274.00;0
324;4;622494357;324;102;874;874;10.72;0.65;123.12;4.26;550;4;275.00;0
328;4;622494365;328;97;874;874;10.82;0.65;123.20;4.26;546;4;276.00;0
329;4;622494371;329;90;874;874;10.88;0.66;123.22;4.26;545;4;277.00;0
330;4;622494378;330;93;875;875;10.84;0.66;123.26;4.25;545;4;278.00;0
333;4;622494385;333;84;876;876;10.86;0.66;123.51;4.25;543;4;279.00;0
335;4;622494392;335;81;876;876;10.83;0.66;123.59;4.25;541;4;280.00;0
336;4;622494398;336;78;877;877;10.93;0.66;123.41;4.24;541;4;281.00;0
339;4;622494406;339;78;877;877;10.98;0.67;123.73;4.24;538;4;282.00;0
339;4;622494413;339;75;877;877;11.06;0.67;123.73;4.24;538;4;283.00;0
340;4;622494420;340;81;877;877;11.04;0.67;123.46;4.24;537;4;284.00;0
340;4;622494426;340;82;877;877;11.11;0.68;123.46;4.24;537;4;285.00;0
342;4;622494433;342;80;877;877;11.15;0.68;123.57;4.24;535;4;286.00;0
346;4;622494441;346;81;877;877;11.25;0.68;124.88;4.24;531;4;287.00;0
347;4;622494449;347;94;947;1004;10.99;0.68;125.21;3.93;600;4;288.00;57
348;4;622494466;348;87;950;1005;11.08;0.68;125.17;3.92;602;4;289.00;55
348;4;622494474;348;88;956;1005;11.25;0.69;125.17;3.91;608;4;290.00;49
348;4;622494481;348;86;959;1005;11.26;0.69;125.17;3.91;611;4;291.00;46
350;4;622494490;350;87;965;1005;11.32;0.70;126.09;3.91;615;4;292.00;40
352;4;622494498;352;89;966;1005;11.38;0.70;125.95;3.91;614;4;293.00;39
352;4;622494506;352;87;969;1005;11.43;0.70;125.95;3.92;617;4;294.00;36
354;4;622494515;354;87;972;1005;11.54;0.71;126.08;3.93;618;4;295.00;33
354;4;622494523;354;84;975;1006;11.62;0.71;126.08;3.94;621;4;296.00;31
358;4;622494532;358;87;978;1007;11.66;0.72;126.61;3.96;620;4;297.00;29
359;4;622494540;359;86;983;1007;11.67;0.72;126.29;3.99;624;4;298.00;24
362;4;622494548;362;91;986;1008;11.62;0.71;127.37;4.01;624;4;299.00;22
363;4;622494559;363;96;992;1014;11.45;0.70;127.25;4.03;629;4;300.00;22
366;4;622494573;366;99;994;1014;11.43;0.70;128.17;4.05;628;4;301.00;20
367;4;622494582;367;104;998;1014;11.41;0.70;128.62;4.09;631;4;302.00;16
369;4;622494590;369;105;1001;1018;11.39;0.70;129.01;4.11;632;4;303.00;17
371;4;622494599;371;110;1004;1018;11.36;0.70;128.98;4.12;633;4;304.00;14
372;4;622494615;372;117;1007;1018;11.31;0.70;129.38;4.14;635;4;305.00;11
372;4;622494624;372;124;1011;1021;11.21;0.69;129.38;4.13;639;4;306.00;10
374;4;622494633;374;128;1012;1021;11.15;0.69;129.74;4.15;638;4;307.00;9
379;4;622494642;379;133;1012;1021;11.11;0.68;131.60;4.15;633;4;308.00;9
381;4;622494651;381;135;1017;1025;10.98;0.67;132.25;4.16;636;4;309.00;8
383;4;622494659;383;142;1018;1026;10.86;0.67;132.72;4.16;635;4;310.00;8
383;4;622494668;383;147;1019;1026;10.72;0.66;132.72;4.16;636;4;311.00;7
384;4;622494676;384;152;1025;1030;10.57;0.65;132.62;4.16;641;4;312.00;5
388;4;622494684;388;150;1025;1030;10.44;0.64;133.80;4.16;637;4;313.00;5
391;4;622494692;391;156;1026;1030;10.28;0.63;134.43;4.18;635;4;314.00;4
394;4;622494699;394;161;1030;1032;10.11;0.62;134.65;4.20;636;4;315.00;2
396;4;622494726;396;165;1030;1032;9.90;0.61;134.93;4.20;634;4;316.00;2
400;4;622494740;400;171;1037;1038;9.71;0.60;135.43;4.21;637;4;317.00;1
403;4;622494748;403;178;1037;1038;9.49;0.58;135.18;4.21;634;4;318.00;1
405;4;622494756;405;174;1038;1039;9.37;0.57;135.43;4.21;633;4;319.00;1
406;4;622494764;406;178;1038;1039;9.22;0.57;135.71;4.21;632;4;320.00;1
406;4;622494771;406;183;1038;1039;9.16;0.56;135.71;4.21;632;4;321.00;1
410;4;622494778;410;189;1039;1039;9.08;0.56;135.53;4.21;629;4;322.00;0
413;4;622494785;413;191;1039;1039;9.01;0.55;135.62;4.21;626;4;323.00;0
417;4;622494792;417;197;1049;1051;9.02;0.55;136.04;4.17;632;4;324.00;2
420;4;622494801;420;200;1049;1051;8.97;0.55;136.36;4.17;629;4;325.00;2
424;4;622494808;424;206;1051;1051;9.01;0.55;137.04;4.17;627;4;326.00;0
424;4;622494816;424;210;1051;1051;9.00;0.55;137.04;4.17;627;4;327.00;0
425;4;622494822;425;211;1051;1051;9.04;0.55;137.14;4.17;626;4;328.00;0
425;4;622494829;425;212;1051;1051;9.11;0.56;137.14;4.17;626;4;329.00;0
426;4;622494838;426;215;1055;1055;9.13;0.56;137.29;4.16;629;4;330.00;0
428;4;622494845;428;219;1055;1055;9.13;0.56;137.57;4.16;627;4;331.00;0
431;4;622494852;431;223;1059;1059;9.13;0.56;138.24;4.15;628;4;332.00;0
433;4;622494860;433;226;1059;1060;9.06;0.55;137.97;4.15;626;4;333.00;1
435;4;622494867;435;227;1060;1060;8.92;0.55;138.59;4.14;625;4;334.00;0
437;4;622494876;437;229;1060;1060;8.75;0.54;139.49;4.14;623;4;335.00;0
441;4;622494884;441;231;1073;1073;8.55;0.53;139.15;4.09;632;4;336.00;0
445;4;622494893;445;231;1073;1073;8.41;0.52;140.60;4.09;628;4;337.00;0
448;4;622494900;448;231;1073;1073;8.26;0.51;140.94;4.09;625;4;338.00;0
452;4;622494906;452;235;1074;1074;8.17;0.50;141.69;4.09;622;4;339.00;0
455;4;622494913;455;225;1075;1075;8.08;0.50;142.47;4.09;620;4;340.00;0
456;4;622494920;456;219;1075;1075;8.04;0.50;142.42;4.09;619;4;341.00;0
457;4;622494926;457;217;1078;1078;8.07;0.50;142.49;4.08;621;4;342.00;0
458;4;622494933;458;216;1078;1078;8.06;0.50;142.53;4.08;620;4;343.00;0
461;4;622494940;461;215;1078;1078;8.03;0.50;143.15;4.08;617;4;344.00;0
465;4;622494947;465;217;1078;1078;8.00;0.49;143.94;4.08;613;4;345.00;0
468;4;622494954;468;217;1084;1084;8.05;0.50;144.19;4.06;616;4;346.00;0
473;4;622494961;473;212;1084;1084;7.93;0.49;144.92;4.06;611;4;347.00;0
476;4;622494969;476;206;1084;1084;7.87;0.48;144.45;4.06;608;4;348.00;0
480;4;622494976;480;208;1084;1084;7.90;0.48;145.07;4.06;604;4;349.00;0
484;4;622494982;484;212;1088;1088;7.80;0.48;145.13;4.05;604;4;350.00;0
486;4;622494990;486;211;1089;1089;7.81;0.48;145.50;4.04;603;4;351.00;0
491;4;622494997;491;210;1089;1089;7.72;0.47;146.25;4.04;598;4;352.00;0
494;4;622495004;494;215;1090;1090;7.67;0.47;146.34;4.04;596;4;353.00;0
497;4;622495013;497;217;1090;1090;7.60;0.47;146.67;4.04;593;4;354.00;0
504;4;622495021;504;222;1090;1090;7.44;0.46;146.55;4.04;586;4;355.00;0
505;4;622495028;505;229;1090;1090;7.31;0.45;146.91;4.04;585;4;356.00;0
505;4;622495034;505;232;1090;1090;7.27;0.45;146.91;4.04;585;4;357.00;0
508;4;622495040;508;237;1090;1090;7.13;0.44;147.16;4.04;582;4;358.00;0
511;4;622495047;511;246;1090;1090;7.07;0.43;147.12;4.04;579;4;359.00;0
514;4;622495056;514;260;1153;1215;7.49;0.47;147.69;3.82;639;4;360.00;62
517;4;622495073;517;253;1161;1216;7.41;0.46;147.63;3.80;644;4;361.00;55
517;4;622495081;517;255;1174;1216;7.46;0.47;147.63;3.78;657;4;362.00;42
519;4;622495087;519;254;1178;1216;7.43;0.46;147.63;3.78;659;4;363.00;38
522;4;622495095;522;255;1186;1216;7.35;0.46;147.75;3.78;664;4;364.00;30
524;4;622495102;524;261;1190;1216;7.26;0.45;147.66;3.78;666;4;365.00;26
524;4;622495109;524;264;1195;1216;7.21;0.45;147.66;3.79;671;4;366.00;21
524;4;622495116;524;270;1201;1216;7.11;0.44;147.66;3.81;677;4;367.00;15
524;4;622495123;524;278;1204;1217;7.04;0.44;147.66;3.82;680;4;368.00;13
528;4;622495130;528;285;1208;1218;6.95;0.43;147.84;3.84;680;4;369.00;10
529;4;622495139;529;284;1214;1218;6.85;0.42;147.81;3.85;685;4;370.00;4
531;4;622495146;531;274;1218;1222;6.84;0.42;147.58;3.84;687;4;371.00;4
535;4;622495154;535;271;1219;1222;6.79;0.42;147.51;3.85;684;4;372.00;3
536;4;622495163;536;268;1219;1222;6.82;0.42;147.48;3.85;683;4;373.00;3
537;4;622495171;537;267;1219;1222;6.84;0.42;147.56;3.85;682;4;374.00;3
539;4;622495179;539;266;1226;1228;6.82;0.42;147.46;3.85;687;4;375.00;2
541;4;622495188;541;274;1226;1228;6.83;0.42;147.55;3.85;685;4;376.00;2
542;4;622495197;542;271;1226;1228;6.87;0.42;147.77;3.85;684;4;377.00;2
542;4;622495216;542;273;1228;1231;6.99;0.43;147.77;3.84;686;4;378.00;3
542;4;622495224;542;273;1229;1231;7.10;0.44;147.77;3.85;687;4;379.00;2
543;4;622495232;543;276;1230;1231;7.15;0.44;147.53;3.85;687;4;380.00;1
545;4;622495241;545;275;1232;1232;7.21;0.44;147.30;3.86;687;4;381.00;0
546;4;622495257;546;275;1233;1233;7.25;0.44;147.07;3.86;687;4;382.00;0
548;4;622495266;548;275;1233;1233;7.26;0.44;147.04;3.86;685;4;383.00;0
550;4;622495274;550;278;1244;1246;7.36;0.45;147.04;3.83;694;4;384.00;2
550;4;622495284;550;274;1245;1246;7.43;0.45;147.04;3.82;695;4;385.00;1
552;4;622495291;552;275;1245;1246;7.44;0.45;146.98;3.82;693;4;386.00;1
554;4;622495306;554;263;1247;1247;7.49;0.46;147.52;3.82;693;4;387.00;0
555;4;622495316;555;259;1247;1247;7.53;0.46;147.55;3.82;692;4;388.00;0
561;4;622495325;561;257;1250;1251;7.54;0.46;148.34;3.81;689;4;389.00;1
561;4;622495337;561;255;1251;1251;7.62;0.46;148.34;3.81;690;4;390.00;0
564;4;622495346;564;254;1255;1255;7.68;0.47;148.67;3.80;691;4;391.00;0
566;4;622495366;566;256;1255;1255;7.66;0.47;149.03;3.80;689;4;392.00;0
567;4;622495378;567;259;1255;1255;7.74;0.47;148.95;3.80;688;4;393.00;0
568;4;622495388;568;257;1255;1255;7.74;0.47;149.23;3.80;687;4;394.00;0
569;4;622495398;569;256;1255;1255;7.72;0.47;149.28;3.80;686;4;395.00;0
570;4;622495418;570;245;1265;1267;7.92;0.48;149.21;3.77;695;4;396.00;2
572;4;622495428;572;236;1265;1267;8.03;0.49;149.30;3.77;693;4;397.00;2
573;4;622495437;573;228;1267;1267;8.12;0.50;149.73;3.77;694;4;398.00;0
573;4;622495446;573;222;1267;1267;8.24;0.50;149.73;3.77;694;4;399.00;0
575;4;622495459;575;218;1267;1267;8.33;0.51;150.36;3.77;692;4;400.00;0
577;4;622495477;577;217;1267;1267;8.49;0.52;150.54;3.77;690;4;401.00;0
577;4;622495489;577;214;1268;1268;8.64;0.53;150.54;3.77;691;4;402.00;0
581;5;622495499;581;212;1268;1268;8.73;0.53;151.49;3.77;687;5;403.00;0
584;5;622495519;584;210;1274;1274;8.85;0.54;151.91;3.76;690;5;404.00;0
584;5;622495531;584;207;1276;1276;8.93;0.55;151.91;3.75;692;5;405.00;0
589;5;622495545;589;209;1276;1276;8.98;0.55;152.61;3.75;687;5;406.00;0
589;5;622495554;589;203;1276;1276;9.07;0.55;152.61;3.75;687;5;407.00;0
592;5;622495563;592;203;1280;1280;9.14;0.56;152.84;3.74;688;5;408.00;0
593;5;622495572;593;190;1280;1280;9.28;0.57;153.26;3.74;687;5;409.00;0
595;5;622495580;595;188;1280;1280;9.40;0.57;153.54;3.74;685;5;410.00;0
600;5;622495589;600;187;1281;1281;9.46;0.58;154.81;3.74;681;5;411.00;0
603;5;622495598;603;183;1285;1285;9.44;0.57;154.76;3.73;682;5;412.00;0
605;5;622495607;605;179;1285;1285;9.45;0.58;155.54;3.73;680;5;413.00;0
609;5;622495616;609;178;1287;1288;9.51;0.58;156.65;3.72;678;5;414.00;1
610;5;622495624;610;177;1287;1288;9.58;0.58;156.56;3.72;677;5;415.00;1
613;5;622495633;613;176;1288;1288;9.61;0.59;157.13;3.72;675;5;416.00;0
615;5;622495641;615;177;1288;1288;9.64;0.59;157.74;3.72;673;5;417.00;0
620;5;622495650;620;172;1292;1292;9.69;0.59;158.41;3.71;672;5;418.00;0
621;5;622495659;621;174;1292;1292;9.76;0.59;158.71;3.71;671;5;419.00;0
622;5;622495669;622;170;1292;1292;9.87;0.60;159.07;3.71;670;5;420.00;0
625;5;622495678;625;174;1292;1292;9.89;0.60;159.78;3.71;667;5;421.00;0
626;5;622495686;626;174;1293;1293;9.93;0.61;159.82;3.71;667;5;422.00;0
628;5;622495694;628;175;1294;1294;10.02;0.61;160.14;3.71;666;5;423.00;0
631;5;622495703;631;176;1294;1294;10.03;0.61;160.42;3.71;663;5;424.00;0
634;5;622495711;634;174;1295;1295;10.01;0.61;161.43;3.70;661;5;425.00;0
635;5;622495719;635;174;1295;1295;10.02;0.61;161.80;3.70;660;5;426.00;0
639;5;622495727;639;175;1295;1295;9.98;0.61;161.90;3.70;656;5;427.00;0
642;5;622495736;642;176;1295;1295;9.95;0.61;162.53;3.70;653;5;428.00;0
645;5;622495744;645;182;1295;1295;9.96;0.61;162.80;3.70;650;5;429.00;0
649;5;622495752;649;176;1295;1295;9.94;0.60;162.78;3.70;646;5;430.00;0
651;5;622495760;651;169;1295;1295;9.98;0.61;163.15;3.70;644;5;431.00;0
653;5;622495768;653;198;1374;1422;9.47;0.59;163.21;3.49;721;5;432.00;48
655;5;622495786;655;178;1374;1423;9.56;0.59;163.46;3.49;719;5;433.00;49
658;5;622495795;658;162;1380;1423;9.75;0.60;163.60;3.49;722;5;434.00;43
659;5;622495803;659;155;1382;1423;9.89;0.61;163.58;3.49;723;5;435.00;41
661;5;622495812;661;149;1386;1423;10.10;0.62;163.50;3.49;725;5;436.00;37
663;5;622495821;663;152;1387;1423;10.21;0.63;163.83;3.49;724;5;437.00;36
665;5;622495830;665;154;1390;1423;10.34;0.64;164.20;3.49;725;5;438.00;33
668;5;622495838;668;147;1392;1423;10.44;0.64;165.01;3.50;724;5;439.00;31
674;5;622495847;674;148;1394;1424;10.56;0.65;165.52;3.51;720;5;440.00;30
680;5;622495856;680;146;1398;1425;10.61;0.65;166.54;3.52;718;5;441.00;27
683;5;622495864;683;137;1400;1425;10.63;0.65;166.79;3.53;717;5;442.00;25
686;5;622495873;686;130;1405;1426;10.60;0.65;167.21;3.56;719;5;443.00;21
688;5;622495882;688;126;1406;1426;10.56;0.65;167.91;3.56;718;5;444.00;20
689;5;622495895;689;124;1412;1426;10.46;0.64;167.96;3.60;723;5;445.00;14
692;5;622495908;692;123;1414;1426;10.46;0.64;168.05;3.62;722;5;446.00;12
696;5;622495927;696;125;1418;1430;10.32;0.63;168.78;3.63;722;5;447.00;12
698;5;622495944;698;117;1419;1430;10.28;0.63;168.81;3.63;721;5;448.00;11
701;5;622495957;701;121;1421;1430;10.21;0.62;168.87;3.64;720;5;449.00;9
704;5;622495973;704;120;1425;1436;10.16;0.62;169.00;3.65;721;5;450.00;11
707;5;622495988;707;120;1426;1436;10.04;0.61;169.32;3.64;719;5;451.00;10
710;5;622496000;710;120;1427;1436;10.03;0.61;169.83;3.64;717;5;452.00;9
711;5;622496013;711;123;1430;1440;10.00;0.61;169.75;3.64;719;5;453.00;10
715;5;622496024;715;122;1432;1441;9.96;0.61;170.02;3.65;717;5;454.00;9
716;5;622496035;716;123;1433;1441;9.97;0.61;169.88;3.66;717;5;455.00;8
722;5;622496045;722;128;1437;1445;9.97;0.61;170.94;3.66;715;5;456.00;8
725;5;622496055;725;129;1438;1445;9.95;0.61;171.03;3.66;713;5;457.00;7
727;5;622496065;727;130;1438;1445;9.99;0.61;171.08;3.66;711;5;458.00;7
730;5;622496075;730;129;1439;1446;9.97;0.61;170.97;3.66;709;5;459.00;7
733;5;622496085;733;132;1439;1446;9.99;0.61;171.09;3.66;706;5;460.00;7
733;5;622496095;733;137;1445;1452;9.95;0.61;171.09;3.69;712;5;461.00;7
738;5;622496113;738;137;1445;1452;9.85;0.60;171.48;3.69;707;5;462.00;7
739;5;622496123;739;138;1445;1453;9.76;0.59;171.66;3.69;706;5;463.00;8
740;5;622496132;740;142;1447;1453;9.73;0.59;171.82;3.72;707;5;464.00;6
742;5;622496141;742;139;1447;1453;9.67;0.59;171.80;3.72;705;5;465.00;6
744;5;622496150;744;138;1448;1453;9.64;0.59;171.81;3.72;704;5;466.00;5
745;5;622496160;745;141;1448;1453;9.64;0.59;171.74;3.72;703;5;467.00;5
748;5;622496169;748;147;1457;1465;9.70;0.59;171.76;3.70;709;5;468.00;8
750;5;622496179;750;152;1458;1465;9.77;0.60;171.84;3.71;708;5;469.00;7
753;5;622496189;753;150;1461;1465;9.73;0.59;171.96;3.72;708;5;470.00;4
755;5;622496198;755;157;1461;1465;9.79;0.60;172.16;3.72;706;5;471.00;4
759;5;622496207;759;160;1461;1465;9.85;0.60;172.39;3.72;702;5;472.00;4
760;5;622496216;760;162;1462;1465;9.90;0.60;172.54;3.73;702;5;473.00;3
761;5;622496225;761;163;1465;1469;9.88;0.60;172.61;3.72;704;5;474.00;4
764;5;622496234;764;167;1466;1469;9.85;0.60;172.37;3.73;702;5;475.00;3
766;5;622496243;766;172;1470;1473;9.83;0.60;172.27;3.72;704;5;476.00;3
766;5;622496254;766;175;1472;1474;9.77;0.60;172.27;3.73;706;5;477.00;2
768;5;622496263;768;178;1473;1474;9.69;0.60;172.50;3.73;705;5;478.00;1
769;5;622496272;769;183;1474;1474;9.64;0.59;172.43;3.74;705;5;479.00;0
772;5;622496291;772;188;1494;1500;9.57;0.59;172.30;3.69;722;5;480.00;6
774;5;622496304;774;192;1497;1500;9.54;0.59;172.80;3.68;723;5;481.00;3
779;5;622496314;779;199;1500;1500;9.44;0.58;172.97;3.68;721;5;482.00;0
783;5;622496324;783;206;1501;1501;9.38;0.58;172.90;3.67;718;5;483.00;0
786;5;622496334;786;211;1502;1502;9.31;0.57;172.73;3.67;716;5;484.00;0
787;5;622496345;787;215;1502;1502;9.19;0.56;172.85;3.67;715;5;485.00;0
788;5;622496355;788;220;1504;1505;9.14;0.56;172.76;3.67;716;5;486.00;1
790;5;622496367;790;224;1504;1505;9.09;0.56;172.88;3.67;714;5;487.00;1
790;5;622496377;790;226;1505;1505;9.03;0.55;172.88;3.67;715;5;488.00;0
791;5;622496386;791;228;1505;1505;8.98;0.55;172.73;3.67;714;5;489.00;0
792;5;622496395;792;230;1511;1511;8.94;0.55;172.58;3.66;719;5;490.00;0
793;5;622496405;793;230;1511;1511;8.92;0.55;172.53;3.66;718;5;491.00;0
796;5;622496415;796;232;1511;1511;8.85;0.54;172.36;3.66;715;5;492.00;0
800;5;622496424;800;233;1511;1511;8.84;0.54;172.55;3.66;711;5;493.00;0
801;5;622496434;801;237;1515;1515;8.81;0.54;172.50;3.65;714;5;494.00;0
802;5;622496444;802;239;1517;1517;8.79;0.54;172.39;3.64;715;5;495.00;0
805;5;622496453;805;242;1517;1517;8.75;0.54;172.20;3.64;712;5;496.00;0
807;5;622496461;807;244;1518;1518;8.72;0.53;172.08;3.64;711;5;497.00;0
813;5;622496471;813;252;1518;1518;8.72;0.53;172.01;3.64;705;5;498.00;0
816;5;622496479;816;252;1518;1518;8.67;0.53;171.86;3.64;702;5;499.00;0
818;5;622496489;818;252;1518;1518;8.67;0.53;171.89;3.64;700;5;500.00;0
819;5;622496501;819;251;1518;1518;8.58;0.52;171.71;3.64;699;5;501.00;0
821;5;622496509;821;256;1518;1518;8.46;0.52;172.14;3.64;697;5;502.00;0
824;5;622496517;824;262;1518;1518;8.31;0.51;172.09;3.64;694;5;503.00;0
827;5;622496525;827;271;1556;1588;8.31;0.51;172.51;3.55;729;5;504.00;32
831;5;622496538;831;265;1564;1589;8.18;0.50;172.63;3.54;733;5;505.00;25
834;5;622496547;834;262;1570;1589;8.11;0.50;172.69;3.54;736;5;506.00;19
837;5;622496555;837;261;1573;1589;8.02;0.49;173.30;3.53;736;5;507.00;16
839;5;622496562;839;258;1577;1589;7.97;0.49;173.99;3.54;738;5;508.00;12
845;5;622496569;845;267;1580;1589;7.84;0.48;174.14;3.54;735;5;509.00;9
848;5;622496578;848;257;1581;1589;7.79;0.48;174.24;3.54;733;5;510.00;8
851;5;622496586;851;255;1583;1589;7.71;0.47;174.85;3.54;732;5;511.00;6
854;5;622496595;854;251;1585;1590;7.62;0.47;175.26;3.55;731;5;512.00;5
856;5;622496603;856;256;1588;1591;7.53;0.46;175.58;3.56;732;5;513.00;3
858;5;622496611;858;261;1588;1591;7.41;0.45;175.72;3.56;730;5;514.00;3
859;5;622496619;859;259;1593;1595;7.37;0.45;175.99;3.55;734;5;515.00;2
862;5;622496628;862;259;1594;1595;7.28;0.45;176.06;3.56;732;5;516.00;1
864;5;622496636;864;266;1594;1595;7.27;0.45;176.25;3.56;730;5;517.00;1
865;5;622496645;865;265;1595;1595;7.28;0.45;176.58;3.56;730;5;518.00;0
868;5;622496652;868;267;1600;1601;7.24;0.45;177.19;3.55;732;5;519.00;1
869;5;622496662;869;268;1601;1601;7.34;0.45;177.40;3.55;732;5;520.00;0
872;5;622496670;872;276;1601;1601;7.41;0.45;177.97;3.55;729;5;521.00;0
872;5;622496677;872;275;1604;1604;7.49;0.46;177.97;3.54;732;5;522.00;0
872;5;622496686;872;256;1604;1604;7.52;0.46;177.97;3.54;732;5;523.00;0
876;5;622496694;876;242;1604;1604;7.45;0.46;178.33;3.54;728;5;524.00;0
878;5;622496703;878;237;1605;1605;7.46;0.46;178.65;3.54;727;5;525.00;0
879;5;622496712;879;237;1606;1606;7.49;0.46;178.47;3.54;727;5;526.00;0
886;5;622496721;886;237;1606;1606;7.41;0.45;178.29;3.54;720;5;527.00;0
887;5;622496730;887;237;1619;1619;7.45;0.46;178.60;3.51;732;5;528.00;0
891;6;622496739;891;238;1619;1619;7.38;0.45;178.63;3.51;728;6;529.00;0
894;6;622496770;894;237;1619;1619;7.39;0.45;178.70;3.51;725;6;530.00;0
897;6;622496780;897;231;1620;1620;7.46;0.45;179.28;3.51;723;6;531.00;0
899;6;622496796;899;236;1620;1620;7.52;0.46;179.31;3.51;721;6;532.00;0
901;6;622496806;901;237;1624;1624;7.59;0.46;179.85;3.50;723;6;533.00;0
906;6;622496816;906;238;1624;1624;7.57;0.46;180.07;3.50;718;6;534.00;0
907;6;622496825;907;232;1628;1628;7.66;0.47;180.37;3.50;721;6;535.00;0
908;6;622496834;908;232;1628;1628;7.68;0.47;180.52;3.50;720;6;536.00;0
912;6;622496845;912;235;1628;1628;7.66;0.47;180.71;3.50;716;6;537.00;0
914;6;622496855;914;234;1628;1628;7.75;0.47;180.60;3.50;714;6;538.00;0
916;6;622496864;916;235;1628;1628;7.82;0.48;180.89;3.50;712;6;539.00;0
916;6;622496875;916;241;1658;1662;7.98;0.49;180.89;3.43;742;6;540.00;4
919;6;622496890;919;238;1659;1662;8.03;0.49;181.37;3.43;740;6;541.00;3
924;6;622496903;924;237;1661;1662;8.12;0.50;181.31;3.43;737;6;542.00;1
928;6;622496914;928;232;1661;1662;8.22;0.50;181.63;3.43;733;6;543.00;1
932;6;622496924;932;230;1662;1662;8.32;0.51;181.76;3.43;730;6;544.00;0
933;6;622496934;933;227;1662;1662;8.34;0.51;181.84;3.43;729;6;545.00;0
937;6;622496944;937;223;1663;1663;8.35;0.51;182.10;3.43;726;6;546.00;0
939;6;622496953;939;226;1663;1663;8.37;0.51;182.43;3.43;724;6;547.00;0
943;6;622496962;943;226;1669;1669;8.34;0.51;182.57;3.42;726;6;548.00;0
946;6;622496973;946;226;1670;1670;8.39;0.51;182.36;3.42;724;6;549.00;0
949;6;622496981;949;227;1670;1670;8.37;0.51;182.50;3.42;721;6;550.00;0
953;6;622496991;953;231;1670;1670;8.34;0.51;182.36;3.42;717;6;551.00;0
957;6;622496999;957;232;1674;1674;8.19;0.50;182.47;3.41;717;6;552.00;0
957;6;622497009;957;233;1674;1674;8.08;0.49;182.47;3.41;717;6;553.00;0
960;6;622497018;960;234;1674;1674;7.95;0.49;182.72;3.41;714;6;554.00;0
963;6;622497027;963;239;1675;1675;7.91;0.48;183.02;3.41;712;6;555.00;0
965;6;622497035;965;241;1679;1679;7.92;0.48;183.37;3.40;714;6;556.00;0
968;6;622497044;968;232;1679;1679;7.85;0.48;183.37;3.40;711;6;557.00;0
970;6;622497060;970;230;1681;1682;7.78;0.47;183.56;3.40;711;6;558.00;1
973;6;622497069;973;226;1681;1682;7.69;0.47;183.69;3.40;708;6;559.00;1
977;6;622497078;977;221;1682;1682;7.60;0.46;183.78;3.40;705;6;560.00;0
979;6;622497087;979;216;1682;1682;7.54;0.46;184.06;3.40;703;6;561.00;0
981;6;622497095;981;209;1686;1686;7.63;0.46;184.19;3.39;705;6;562.00;0
984;6;622497104;984;212;1686;1686;7.68;0.47;184.62;3.39;702;6;563.00;0
986;6;622497113;986;212;1686;1686;7.72;0.47;184.88;3.39;700;6;564.00;0
988;6;622497122;988;212;1686;1686;7.84;0.48;184.99;3.39;698;6;565.00;0
990;6;622497137;990;202;1687;1687;7.92;0.48;185.17;3.39;697;6;566.00;0
992;6;622497146;992;188;1688;1688;8.03;0.49;185.68;3.39;696;6;567.00;0
992;6;622497156;992;181;1688;1688;8.19;0.50;185.68;3.39;696;6;568.00;0
996;6;622497164;996;178;1689;1689;8.33;0.51;186.13;3.39;693;6;569.00;0
998;6;622497175;998;176;1689;1689;8.47;0.51;186.16;3.39;691;6;570.00;0
999;6;622497184;999;171;1689;1689;8.53;0.52;186.26;3.39;690;6;571.00;0
999;6;622497194;999;176;1689;1689;8.66;0.53;186.26;3.39;690;6;572.00;0
1002;6;622497203;1002;175;1689;1689;8.74;0.53;187.15;3.39;687;6;573.00;0
1005;6;622497213;1005;177;1689;1689;8.88;0.54;187.42;3.39;684;6;574.00;0
1007;6;622497222;1007;177;1689;1689;8.97;0.55;187.64;3.39;682;6;575.00;0
1010;6;622497231;1010;211;1773;1816;9.01;0.56;187.79;3.23;763;6;576.00;43
1012;6;622497251;1012;194;1776;1817;9.04;0.56;188.03;3.23;764;6;577.00;41
1015;6;622497260;1015;181;1782;1817;9.13;0.56;188.19;3.22;767;6;578.00;35
1015;6;622497271;1015;177;1785;1817;9.15;0.56;188.19;3.22;770;6;579.00;32
1018;6;622497280;1018;169;1789;1817;9.14;0.56;188.77;3.22;771;6;580.00;28
1022;6;622497290;1022;170;1790;1817;9.10;0.56;189.00;3.22;768;6;581.00;27
1026;6;622497299;1026;175;1792;1817;9.09;0.56;189.47;3.23;766;6;582.00;25
1029;6;622497309;1029;185;1795;1817;9.11;0.56;189.95;3.23;766;6;583.00;22
1031;6;622497319;1031;183;1797;1818;9.11;0.56;190.06;3.24;766;6;584.00;21
1034;6;622497328;1034;188;1802;1820;9.10;0.56;190.22;3.25;768;6;585.00;18
1035;6;622497338;1035;195;1804;1820;9.15;0.56;190.56;3.26;769;6;586.00;16
1039;6;622497348;1039;195;1808;1821;9.17;0.56;190.92;3.27;769;6;587.00;13
1040;6;622497359;1040;201;1810;1821;9.07;0.56;191.14;3.28;770;6;588.00;11
1041;6;622497374;1041;205;1812;1821;9.03;0.55;191.23;3.29;771;6;589.00;9
1044;6;622497389;1044;206;1814;1821;8.96;0.55;191.73;3.30;770;6;590.00;7
1046;6;622497399;1046;222;1819;1825;8.90;0.55;191.89;3.31;773;6;591.00;6
1047;6;622497409;1047;222;1821;1825;8.91;0.55;191.94;3.31;774;6;592.00;4
1051;6;622497418;1051;226;1821;1825;8.87;0.54;192.09;3.31;770;6;593.00;4
1053;6;622497428;1053;231;1823;1828;8.89;0.55;192.25;3.32;770;6;594.00;5
1054;6;622497437;1054;230;1824;1828;8.95;0.55;192.17;3.32;770;6;595.00;4
1055;6;622497447;1055;235;1825;1828;9.03;0.55;192.14;3.33;770;6;596.00;3
1056;6;622497456;1056;240;1829;1832;9.04;0.55;192.25;3.32;773;6;597.00;3
1058;6;622497472;1058;241;1831;1833;9.11;0.56;192.15;3.33;773;6;598.00;2
1060;6;622497482;1060;238;1832;1833;9.16;0.56;192.36;3.34;772;6;599.00;1
1062;6;622497495;1062;238;1844;1859;9.08;0.55;192.30;3.32;782;6;600.00;15
1064;6;622497512;1064;227;1845;1859;9.18;0.56;192.29;3.32;781;6;601.00;14
1064;6;622497523;1064;226;1846;1859;9.23;0.56;192.29;3.32;782;6;602.00;13
1066;6;622497533;1066;224;1847;1860;9.29;0.56;192.42;3.31;781;6;603.00;13
1068;6;622497543;1068;222;1848;1860;9.29;0.56;192.90;3.31;780;6;604.00;12
1071;6;622497552;1071;219;1852;1866;9.33;0.57;192.87;3.31;781;6;605.00;14
1076;6;622497563;1076;220;1854;1866;9.35;0.57;193.59;3.31;778;6;606.00;12
1077;6;622497573;1077;212;1854;1867;9.49;0.57;193.77;3.31;777;6;607.00;13
1082;6;622497583;1082;210;1856;1867;9.49;0.57;194.41;3.32;774;6;608.00;11
1083;6;622497593;1083;201;1856;1867;9.58;0.58;194.52;3.32;773;6;609.00;11
1086;6;622497602;1086;193;1856;1867;9.57;0.58;195.06;3.32;770;6;610.00;11
1087;6;622497612;1087;195;1856;1867;9.55;0.58;195.34;3.32;769;6;611.00;11
1089;6;622497621;1089;184;1866;1879;9.57;0.58;195.73;3.31;777;6;612.00;13
1092;6;622497631;1092;178;1866;1879;9.47;0.57;196.36;3.31;774;6;613.00;13
1093;6;622497641;1093;175;1869;1879;9.42;0.57;196.52;3.32;776;6;614.00;10
1097;6;622497650;1097;167;1869;1879;9.36;0.56;196.71;3.32;772;6;615.00;10
1101;6;622497659;1101;165;1871;1879;9.28;0.56;197.54;3.32;770;6;616.00;8
1105;6;622497668;1105;167;1871;1879;9.21;0.56;197.88;3.32;766;6;617.00;8
1107;6;622497677;1107;171;1875;1883;9.21;0.56;198.09;3.33;768;6;618.00;8
1111;6;622497686;1111;164;1875;1883;9.15;0.55;198.51;3.33;764;6;619.00;8
1113;6;622497695;1113;162;1879;1887;9.20;0.56;198.49;3.32;766;6;620.00;8
1115;6;622497705;1115;162;1880;1888;9.13;0.55;199.05;3.32;765;6;621.00;8
1117;6;622497714;1117;161;1880;1888;9.10;0.55;198.81;3.32;763;6;622.00;8
1119;6;622497722;1119;167;1880;1888;9.09;0.55;199.13;3.32;761;6;623.00;8
1121;7;622497731;1121;165;1889;1901;9.06;0.55;199.59;3.32;768;7;624.00;12
1122;7;622497751;1122;172;1889;1901;9.13;0.55;199.59;3.32;767;7;625.00;12
1124;7;622497760;1124;172;1889;1901;9.11;0.55;199.68;3.32;765;7;626.00;12
1127;7;622497769;1127;172;1891;1902;9.12;0.55;200.13;3.33;764;7;627.00;11
1129;7;622497779;1129;173;1891;1903;9.17;0.56;200.03;3.33;762;7;628.00;12
1132;7;622497788;1132;172;1891;1903;9.15;0.56;200.15;3.33;759;7;629.00;12
1135;7;622497799;1135;174;1897;1909;9.16;0.56;200.43;3.34;762;7;630.00;12
1135;7;622497808;1135;175;1898;1909;9.23;0.56;200.43;3.34;763;7;631.00;11
1142;7;622497817;1142;177;1900;1909;9.22;0.56;200.41;3.34;758;7;632.00;9
1144;7;622497827;1144;184;1901;1909;9.28;0.56;200.29;3.36;757;7;633.00;8
1147;7;622497836;1147;189;1906;1915;9.41;0.57;200.55;3.35;759;7;634.00;9
1150;7;622497846;1150;191;1906;1915;9.40;0.57;200.92;3.35;756;7;635.00;9
1155;7;622497856;1155;190;1906;1915;9.29;0.56;201.17;3.35;751;7;636.00;9
1156;7;622497865;1156;189;1906;1915;9.23;0.56;201.24;3.35;750;7;637.00;9
1159;7;622497874;1159;199;1911;1919;9.12;0.55;201.30;3.37;752;7;638.00;8
1162;7;622497883;1162;203;1912;1920;9.03;0.55;201.10;3.37;750;7;639.00;8
1165;7;622497896;1165;212;1915;1920;8.90;0.54;200.86;3.40;750;7;640.00;5
1166;7;622497908;1166;214;1916;1921;8.83;0.54;200.98;3.40;750;7;641.00;5
1167;7;622497924;1167;221;1917;1921;8.74;0.53;200.90;3.41;750;7;642.00;4
1167;7;622497944;1167;225;1918;1921;8.68;0.53;200.90;3.42;751;7;643.00;3
1168;7;622497956;1168;234;1918;1921;8.58;0.52;200.79;3.42;750;7;644.00;3
1170;7;622497971;1170;237;1920;1921;8.52;0.52;200.82;3.43;750;7;645.00;1
1170;7;622497983;1170;242;1920;1921;8.50;0.52;200.82;3.43;750;7;646.00;1
1170;7;622497995;1170;247;1921;1921;8.52;0.52;200.82;3.43;751;7;647.00;0
1171;7;622498007;1171;251;1958;1991;8.66;0.53;200.82;3.37;787;7;648.00;33
1173;7;622498023;1173;253;1960;1992;8.60;0.53;200.79;3.36;787;7;649.00;32
1177;7;622498033;1177;257;1969;1992;8.55;0.53;200.69;3.36;792;7;650.00;23
1180;7;622498043;1180;256;1972;1992;8.45;0.52;200.45;3.36;792;7;651.00;20
1183;7;622498053;1183;264;1975;1992;8.34;0.51;200.36;3.36;792;7;652.00;17
1183;7;622498063;1183;266;1977;1992;8.31;0.51;200.36;3.36;794;7;653.00;15
1186;7;622498072;1186;273;1978;1992;8.22;0.50;200.07;3.36;792;7;654.00;14
1186;7;622498082;1186;278;1981;1992;8.25;0.51;200.07;3.37;795;7;655.00;11
1189;7;622498093;1189;283;1984;1993;8.22;0.50;200.10;3.37;795;7;656.00;9
1190;7;622498102;1190;290;1987;1994;8.14;0.50;199.94;3.38;797;7;657.00;7
1192;7;622498111;1192;294;1990;1994;8.02;0.49;200.09;3.39;798;7;658.00;4
1194;7;622498120;1194;293;1996;1998;7.92;0.48;200.06;3.40;802;7;659.00;2
1196;7;622498131;1196;294;1998;1998;7.81;0.48;200.17;3.40;802;7;660.00;0
1197;7;622498140;1197;297;1998;1998;7.74;0.47;200.01;3.40;801;7;661.00;0
1198;7;622498149;1198;299;1998;1998;7.68;0.47;200.09;3.40;800;7;662.00;0
1200;7;622498158;1200;306;2004;2004;7.67;0.47;200.07;3.39;804;7;663.00;0
1202;7;622498167;1202;303;2004;2004;7.56;0.46;199.89;3.39;802;7;664.00;0
1202;7;622498176;1202;306;2004;2004;7.53;0.46;199.89;3.39;802;7;665.00;0
1206;7;622498184;1206;308;2007;2007;7.46;0.46;199.84;3.38;801;7;666.00;0
1207;7;622498194;1207;308;2007;2007;7.43;0.45;199.81;3.38;800;7;667.00;0
1208;7;622498203;1208;316;2007;2007;7.33;0.45;199.74;3.38;799;7;668.00;0
1212;7;622498214;1212;317;2008;2008;7.23;0.44;199.55;3.38;796;7;669.00;0
1214;7;622498224;1214;326;2009;2009;7.19;0.44;199.52;3.38;795;7;670.00;0
1215;7;622498233;1215;325;2009;2009;7.08;0.43;199.76;3.38;794;7;671.00;0
1216;7;622498241;1216;332;2021;2022;6.97;0.43;199.87;3.36;805;7;672.00;1
1220;7;622498250;1220;338;2021;2022;6.84;0.42;199.64;3.36;801;7;673.00;1
1224;7;622498259;1224;338;2022;2022;6.77;0.42;199.89;3.36;798;7;674.00;0
1228;7;622498267;1228;325;2024;2024;6.69;0.41;200.19;3.36;796;7;675.00;0
1234;7;622498275;1234;320;2024;2024;6.61;0.40;200.21;3.36;790;7;676.00;0
1236;7;622498284;1236;315;2028;2028;6.54;0.40;200.31;3.35;792;7;677.00;0
1238;7;622498293;1238;314;2028;2028;6.49;0.40;200.55;3.35;790;7;678.00;0
1241;7;622498300;1241;311;2032;2032;6.42;0.39;200.55;3.35;791;7;679.00;0
1244;7;622498309;1244;290;2032;2032;6.38;0.39;200.87;3.35;788;7;680.00;0
1247;7;622498318;1247;279;2032;2032;6.35;0.39;200.79;3.35;785;7;681.00;0
1250;7;622498333;1250;273;2032;2032;6.37;0.39;200.73;3.35;782;7;682.00;0
1253;7;622498341;1253;271;2032;2032;6.40;0.39;200.79;3.35;779;7;683.00;0
1254;7;622498350;1254;276;2042;2044;6.53;0.40;200.95;3.33;788;7;684.00;2
1256;7;622498359;1256;272;2042;2044;6.66;0.41;200.75;3.33;786;7;685.00;2
1260;7;622498377;1260;269;2044;2044;6.78;0.41;201.02;3.33;784;7;686.00;0
1261;7;622498386;1261;260;2044;2044;6.85;0.42;201.23;3.33;783;7;687.00;0
1264;7;622498402;1264;252;2044;2044;6.92;0.42;201.48;3.33;780;7;688.00;0
1265;7;622498418;1265;247;2044;2044;6.99;0.43;201.71;3.33;779;7;689.00;0
1266;7;622498429;1266;243;2045;2045;7.07;0.43;201.69;3.33;779;7;690.00;0
1268;7;622498439;1268;244;2045;2045;7.14;0.44;202.00;3.33;777;7;691.00;0
1270;7;622498448;1270;240;2051;2051;7.26;0.44;202.25;3.32;781;7;692.00;0
1270;7;622498457;1270;239;2052;2052;7.35;0.45;202.25;3.32;782;7;693.00;0
1272;7;622498468;1272;238;2052;2052;7.37;0.45;202.57;3.32;780;7;694.00;0
1277;7;622498478;1277;244;2052;2052;7.39;0.45;203.16;3.32;775;7;695.00;0
1281;7;622498487;1281;237;2055;2056;7.46;0.46;203.21;3.32;774;7;696.00;1
1287;7;622498497;1287;239;2056;2056;7.46;0.46;203.37;3.31;769;7;697.00;0
1291;7;622498506;1291;236;2056;2056;7.49;0.46;203.74;3.31;765;7;698.00;0
1295;7;622498516;1295;238;2057;2057;7.56;0.46;203.84;3.31;762;7;699.00;0
1300;7;622498526;1300;237;2061;2061;7.56;0.46;204.11;3.31;761;7;700.00;0
1306;7;622498540;1306;236;2061;2061;7.52;0.46;203.96;3.31;755;7;701.00;0
1309;7;622498551;1309;232;2063;2064;7.61;0.46;204.33;3.31;754;7;702.00;1
1315;7;622498561;1315;230;2063;2064;7.55;0.46;204.71;3.31;748;7;703.00;1
1317;7;622498570;1317;226;2064;2064;7.61;0.47;204.68;3.31;747;7;704.00;0
1323;7;622498579;1323;223;2064;2064;7.67;0.47;205.76;3.31;741;7;705.00;0
1328;7;622498589;1328;218;2068;2068;7.76;0.47;206.13;3.30;740;7;706.00;0
1330;7;622498600;1330;220;2068;2068;7.79;0.48;206.46;3.30;738;7;707.00;0
1336;7;622498609;1336;219;2068;2068;7.72;0.47;206.85;3.30;732;7;708.00;0
1340;7;622498619;1340;216;2068;2068;7.70;0.47;207.06;3.30;728;7;709.00;0
1344;7;622498629;1344;214;2068;2069;7.69;0.47;207.51;3.30;724;7;710.00;1
1350;7;622498639;1350;211;2070;2070;7.68;0.47;208.01;3.30;720;7;711.00;0
1355;7;622498648;1355;217;2070;2070;7.70;0.47;208.10;3.30;715;7;712.00;0
1358;7;622498658;1358;218;2071;2071;7.79;0.47;208.47;3.30;713;7;713.00;0
1359;7;622498668;1359;219;2071;2071;7.82;0.48;208.58;3.30;712;7;714.00;0
1364;7;622498677;1364;216;2071;2071;7.80;0.48;208.77;3.30;707;7;715.00;0
1367;7;622498687;1367;212;2071;2071;7.86;0.48;209.09;3.30;704;7;716.00;0
1373;7;622498696;1373;211;2071;2071;7.83;0.48;209.33;3.30;698;7;717.00;0
1375;7;622498705;1375;211;2071;2071;7.91;0.48;209.32;3.30;696;7;718.00;0
1377;7;622498715;1377;210;2071;2071;8.03;0.49;209.33;3.30;694;7;719.00;0
1380;7;622498726;1380;255;2206;2301;8.09;0.51;209.63;3.10;826;7;720.00;95
1385;7;622498754;1385;234;2215;2302;8.09;0.51;210.04;3.09;830;7;721.00;87
1387;7;622498773;1387;220;2227;2302;8.15;0.51;210.13;3.08;840;7;722.00;75
1390;7;622498784;1390;218;2235;2302;8.04;0.50;210.43;3.08;845;7;723.00;67
1391;7;622498807;1391;218;2241;2302;7.89;0.49;210.49;3.08;850;7;724.00;61
1394;7;622498818;1394;219;2244;2302;7.77;0.49;210.74;3.09;850;7;725.00;58
1396;7;622498830;1396;225;2251;2302;7.66;0.48;210.77;3.10;855;7;726.00;51
1401;7;622498843;1401;223;2253;2302;7.57;0.47;210.98;3.10;852;7;727.00;49
1402;7;622498855;1402;220;2259;2303;7.45;0.47;211.25;3.11;857;7;728.00;44
1403;7;622498866;1403;219;2261;2304;7.47;0.47;211.36;3.12;858;7;729.00;43
1405;7;622498877;1405;222;2265;2304;7.51;0.47;211.38;3.13;860;7;730.00;39
1406;7;622498888;1406;229;2269;2305;7.52;0.47;211.39;3.14;863;7;731.00;36
1410;7;622498900;1410;235;2271;2305;7.50;0.47;211.50;3.15;861;7;732.00;34
1413;7;622498912;1413;234;2275;2305;7.52;0.47;211.69;3.16;862;7;733.00;30
1416;7;622498924;1416;242;2277;2305;7.56;0.47;211.70;3.17;861;7;734.00;28
1419;7;622498935;1419;253;2280;2309;7.61;0.47;211.79;3.18;861;7;735.00;29
1423;7;622498954;1423;245;2282;2309;7.70;0.47;212.17;3.19;859;7;736.00;27
1427;7;622498965;1427;244;2283;2309;7.71;0.48;212.34;3.19;856;7;737.00;26
1430;7;622498976;1430;245;2283;2312;7.77;0.48;212.21;3.19;853;7;738.00;29
1432;7;622498987;1432;247;2284;2312;7.80;0.48;212.33;3.20;852;7;739.00;28
1433;7;622498998;1433;248;2284;2312;7.80;0.48;212.33;3.20;851;7;740.00;28
1436;7;622499009;1436;254;2289;2316;7.76;0.48;212.50;3.21;853;7;741.00;27
1440;7;622499020;1440;254;2291;2317;7.79;0.48;212.69;3.22;851;7;742.00;26
1443;7;622499031;1443;258;2291;2317;7.89;0.48;212.90;3.22;848;7;743.00;26
1445;7;622499042;1445;266;2294;2321;7.86;0.48;213.13;3.23;849;7;744.00;27
1450;7;622499052;1450;272;2296;2321;7.83;0.48;213.19;3.23;846;7;745.00;25
1452;7;622499064;1452;274;2297;2321;7.85;0.48;213.39;3.23;845;7;746.00;24
1453;7;622499074;1453;265;2301;2322;7.88;0.48;213.41;3.25;848;7;747.00;21
1456;7;622499084;1456;270;2301;2322;7.85;0.48;213.54;3.25;845;7;748.00;21
1457;7;622499095;1457;264;2307;2328;7.88;0.48;213.57;3.26;850;7;749.00;21
1460;7;622499108;1460;259;2309;2328;7.91;0.48;213.61;3.28;849;7;750.00;19
1460;7;622499125;1460;257;2311;2329;7.99;0.49;213.61;3.29;851;7;751.00;18
1462;7;622499135;1462;257;2311;2329;8.02;0.49;213.89;3.29;849;7;752.00;18
1463;7;622499146;1463;255;2313;2329;8.06;0.49;214.01;3.30;850;7;753.00;16
1463;7;622499156;1463;253;2315;2329;8.15;0.50;214.01;3.33;852;7;754.00;14
1468;7;622499166;1468;251;2317;2329;8.22;0.50;214.12;3.35;849;7;755.00;12
1470;7;622499177;1470;247;2325;2341;8.24;0.50;214.37;3.33;855;7;756.00;16
1471;8;622499188;1471;247;2328;2341;8.32;0.51;214.36;3.35;857;8;757.00;13
1475;8;622499209;1475;238;2330;2341;8.35;0.51;214.64;3.35;855;8;758.00;11
1476;8;622499220;1476;231;2331;2341;8.45;0.52;214.69;3.35;855;8;759.00;10
1476;8;622499230;1476;231;2331;2341;8.51;0.52;214.69;3.35;855;8;760.00;10
1477;8;622499240;1477;234;2332;2341;8.59;0.52;214.78;3.35;855;8;761.00;9
1477;8;622499251;1477;238;2336;2345;8.61;0.53;214.78;3.35;859;8;762.00;9
1481;8;622499261;1481;244;2336;2345;8.62;0.53;215.00;3.35;855;8;763.00;9
1483;8;622499272;1483;250;2340;2349;8.68;0.53;215.19;3.35;857;8;764.00;9
1487;8;622499282;1487;251;2342;2351;8.69;0.53;215.04;3.34;855;8;765.00;9
1487;8;622499292;1487;258;2342;2351;8.63;0.53;215.04;3.34;855;8;766.00;9
1490;8;622499303;1490;262;2342;2351;8.51;0.52;215.13;3.34;852;8;767.00;9
1490;8;622499313;1490;267;2351;2364;8.51;0.52;215.13;3.33;861;8;768.00;13
1492;8;622499323;1492;277;2351;2364;8.46;0.51;215.21;3.33;859;8;769.00;13
1495;8;622499333;1495;272;2351;2364;8.44;0.51;215.42;3.33;856;8;770.00;13
1496;8;622499343;1496;274;2352;2365;8.44;0.51;215.40;3.33;856;8;771.00;13
1497;8;622499353;1497;272;2352;2366;8.42;0.51;215.57;3.33;855;8;772.00;14
1499;8;622499362;1499;275;2352;2366;8.40;0.51;215.81;3.33;853;8;773.00;14
1500;8;622499372;1500;273;2354;2369;8.41;0.51;215.89;3.33;854;8;774.00;15
1502;8;622499382;1502;273;2354;2369;8.37;0.51;215.94;3.33;852;8;775.00;15
1505;8;622499392;1505;270;2355;2369;8.28;0.50;216.16;3.33;850;8;776.00;14
1509;8;622499402;1509;273;2355;2369;8.24;0.50;216.26;3.33;846;8;777.00;14
1513;8;622499411;1513;276;2360;2375;8.17;0.50;216.61;3.32;847;8;778.00;15
1513;8;622499421;1513;274;2360;2375;8.14;0.49;216.61;3.32;847;8;779.00;15
1518;8;622499432;1518;271;2360;2375;8.00;0.49;216.92;3.32;842;8;780.00;15
1519;8;622499442;1519;268;2360;2375;7.90;0.48;216.94;3.32;841;8;781.00;15
1522;8;622499451;1522;264;2363;2379;7.87;0.48;216.96;3.32;841;8;782.00;16
1525;8;622499463;1525;270;2364;2380;7.80;0.48;216.99;3.32;839;8;783.00;16
1527;8;622499472;1527;270;2364;2380;7.75;0.47;217.07;3.32;837;8;784.00;16
1527;8;622499481;1527;266;2367;2381;7.68;0.47;217.07;3.33;840;8;785.00;14
1531;8;622499491;1531;264;2367;2381;7.63;0.46;217.19;3.33;836;8;786.00;14
1532;8;622499502;1532;260;2367;2381;7.60;0.46;217.28;3.33;835;8;787.00;14
1534;8;622499515;1534;258;2367;2381;7.62;0.46;217.20;3.33;833;8;788.00;14
1541;8;622499526;1541;258;2367;2381;7.62;0.46;217.30;3.33;826;8;789.00;14
1541;8;622499538;1541;258;2367;2381;7.69;0.47;217.30;3.33;826;8;790.00;14
1543;8;622499549;1543;256;2367;2381;7.72;0.47;217.30;3.33;824;8;791.00;14
1544;8;622499559;1544;261;2398;2451;7.77;0.48;217.31;3.28;854;8;792.00;53
1545;8;622499581;1545;261;2399;2452;7.77;0.48;217.23;3.28;854;8;793.00;53
1547;8;622499591;1547;257;2407;2452;7.81;0.48;217.29;3.28;860;8;794.00;45
1549;8;622499600;1549;260;2410;2452;7.83;0.48;217.19;3.28;861;8;795.00;42
1553;8;622499610;1553;261;2413;2452;7.80;0.48;217.19;3.28;860;8;796.00;39
1555;8;622499621;1555;266;2417;2452;7.77;0.48;217.37;3.31;862;8;797.00;35
1556;8;622499635;1556;270;2421;2452;7.71;0.47;217.39;3.32;865;8;798.00;31
1556;8;622499646;1556;271;2423;2452;7.71;0.47;217.39;3.32;867;8;799.00;29
1558;8;622499656;1558;271;2425;2453;7.65;0.47;217.48;3.32;867;8;800.00;28
1559;8;622499674;1559;272;2429;2454;7.55;0.46;217.39;3.36;870;8;801.00;25
1563;8;622499684;1563;275;2432;2454;7.51;0.46;217.26;3.37;869;8;802.00;22
1563;8;622499694;1563;279;2439;2458;7.50;0.46;217.26;3.41;876;8;803.00;19
1564;8;622499704;1564;282;2440;2458;7.43;0.45;217.18;3.41;876;8;804.00;18
1566;8;622499713;1566;285;2441;2458;7.38;0.45;217.01;3.44;875;8;805.00;17
1568;8;622499723;1568;281;2441;2458;7.34;0.45;216.92;3.44;873;8;806.00;17
1570;8;622499732;1570;287;2447;2464;7.30;0.45;216.84;3.47;877;8;807.00;17
1573;8;622499742;1573;292;2447;2464;7.26;0.44;216.65;3.47;874;8;808.00;17
1576;8;622499751;1576;303;2447;2464;7.20;0.44;216.41;3.47;871;8;809.00;17
1577;8;622499762;1577;310;2453;2470;7.16;0.44;216.33;3.51;876;8;810.00;17
1580;8;622499773;1580;319;2454;2470;7.08;0.43;216.22;3.52;874;8;811.00;16
1581;8;622499783;1581;324;2457;2470;7.03;0.43;216.19;3.56;876;8;812.00;13
1582;8;622499792;1582;334;2459;2471;6.97;0.43;216.11;3.61;877;8;813.00;12
1582;8;622499801;1582;337;2461;2472;6.95;0.43;216.11;3.61;879;8;814.00;11
1583;8;622499811;1583;347;2464;2472;6.89;0.42;216.07;3.68;881;8;815.00;8
1587;8;622499820;1587;355;2475;2485;6.80;0.42;215.89;3.67;888;8;816.00;10
1588;8;622499830;1588;355;2476;2485;6.77;0.41;215.77;3.69;888;8;817.00;9
1591;8;622499840;1591;363;2478;2485;6.72;0.41;215.55;3.71;887;8;818.00;7
1595;8;622499849;1595;367;2479;2486;6.66;0.41;215.55;3.71;884;8;819.00;7
1596;8;622499858;1596;375;2481;2486;6.62;0.41;215.55;3.72;885;8;820.00;5
1597;8;622499867;1597;383;2487;2490;6.69;0.41;215.48;3.72;890;8;821.00;3
1603;8;622499877;1603;386;2488;2490;6.67;0.41;215.45;3.72;885;8;822.00;2
1607;8;622499886;1607;394;2494;2494;6.60;0.40;215.20;3.72;887;8;823.00;0
1608;8;622499900;1608;396;2494;2494;6.55;0.40;215.24;3.72;886;8;824.00;0
1608;8;622499913;1608;394;2494;2494;6.45;0.40;215.24;3.72;886;8;825.00;0
1610;8;622499928;1610;397;2494;2494;6.30;0.39;215.05;3.72;884;8;826.00;0
1611;8;622499944;1611;384;2494;2494;6.21;0.38;215.01;3.72;883;8;827.00;0
1613;8;622499958;1613;382;2505;2506;6.13;0.38;214.95;3.71;892;8;828.00;1
1616;8;622499974;1616;368;2505;2506;6.10;0.37;214.82;3.71;889;8;829.00;1
1617;8;622499989;1617;361;2506;2506;6.15;0.38;214.75;3.71;889;8;830.00;0
1617;8;622500004;1617;350;2506;2506;6.22;0.38;214.75;3.71;889;8;831.00;0
1617;8;622500019;1617;344;2506;2506;6.25;0.38;214.75;3.71;889;8;832.00;0
1617;8;622500033;1617;338;2506;2506;6.32;0.39;214.75;3.71;889;8;833.00;0
1619;8;622500059;1619;328;2507;2507;6.40;0.39;214.91;3.70;888;8;834.00;0
1620;9;622500069;1620;323;2507;2507;6.47;0.40;214.89;3.70;887;9;835.00;0
1621;9;622500093;1621;321;2513;2513;6.66;0.41;214.88;3.70;892;9;836.00;0
1622;9;622500104;1622;318;2514;2514;6.77;0.41;214.82;3.70;892;9;837.00;0
1623;9;622500120;1623;316;2514;2514;6.86;0.42;214.90;3.70;891;9;838.00;0
1623;9;622500130;1623;312;2514;2514;6.94;0.43;214.90;3.70;891;9;839.00;0
1625;9;622500141;1625;313;2519;2519;6.99;0.43;214.72;3.69;894;9;840.00;0
1628;9;622500151;1628;318;2519;2519;6.98;0.43;214.68;3.69;891;9;841.00;0
1628;9;622500166;1628;320;2519;2519;6.99;0.43;214.68;3.69;891;9;842.00;0
1630;9;622500175;1630;321;2520;2520;6.97;0.43;214.67;3.69;890;9;843.00;0
1635;9;622500185;1635;323;2524;2524;6.97;0.43;214.60;3.68;889;9;844.00;0
1636;9;622500195;1636;327;2524;2524;6.94;0.42;214.55;3.68;888;9;845.00;0
1639;9;622500205;1639;324;2526;2527;6.89;0.42;214.47;3.68;887;9;846.00;1
1643;9;622500215;1643;325;2526;2527;6.82;0.42;214.65;3.68;883;9;847.00;1
1650;9;622500224;1650;325;2527;2527;6.65;0.41;214.93;3.68;877;9;848.00;0
1652;9;622500234;1652;330;2527;2527;6.59;0.40;215.08;3.68;875;9;849.00;0
1654;9;622500244;1654;322;2531;2531;6.62;0.40;215.24;3.68;877;9;850.00;0
1658;9;622500254;1658;315;2531;2531;6.60;0.40;215.19;3.68;873;9;851.00;0
1660;9;622500264;1660;312;2531;2531;6.59;0.40;215.65;3.68;871;9;852.00;0
1664;9;622500273;1664;301;2531;2531;6.56;0.40;215.68;3.68;867;9;853.00;0
1670;9;622500282;1670;291;2532;2532;6.53;0.40;216.37;3.67;862;9;854.00;0
1672;9;622500292;1672;288;2534;2534;6.63;0.40;216.55;3.67;862;9;855.00;0
1677;9;622500301;1677;283;2534;2534;6.67;0.41;217.33;3.67;857;9;856.00;0
1682;9;622500311;1682;275;2535;2535;6.74;0.41;217.60;3.67;853;9;857.00;0
1686;9;622500321;1686;270;2535;2535;6.78;0.41;217.72;3.67;849;9;858.00;0
1688;9;622500331;1688;259;2535;2535;6.92;0.42;218.04;3.67;847;9;859.00;0
1690;9;622500342;1690;257;2535;2535;7.00;0.43;218.38;3.67;845;9;860.00;0
1694;9;622500352;1694;254;2535;2535;7.03;0.43;218.57;3.67;841;9;861.00;0
1699;9;622500362;1699;242;2535;2535;7.01;0.43;218.98;3.67;836;9;862.00;0
1702;9;622500372;1702;243;2535;2535;7.03;0.43;219.33;3.67;833;9;863.00;0
1705;9;622500381;1705;251;2619;2662;7.25;0.45;219.60;3.55;914;9;864.00;43
1711;9;622500402;1711;250;2623;2663;7.23;0.45;219.75;3.55;912;9;865.00;40
1714;9;622500413;1714;249;2628;2663;7.30;0.45;219.92;3.55;914;9;866.00;35
1716;9;622500424;1716;243;2631;2663;7.33;0.45;220.33;3.55;915;9;867.00;32
1718;9;622500435;1718;247;2634;2663;7.35;0.45;220.18;3.55;916;9;868.00;29
1722;9;622500446;1722;244;2634;2663;7.36;0.45;220.90;3.55;912;9;869.00;29
1726;9;622500458;1726;250;2636;2663;7.30;0.45;220.91;3.55;910;9;870.00;27
1730;9;622500471;1730;254;2637;2663;7.31;0.45;221.19;3.55;907;9;871.00;26
1733;9;622500482;1733;252;2638;2664;7.25;0.45;221.69;3.55;905;9;872.00;26
1737;9;622500493;1737;262;2639;2665;7.16;0.44;221.84;3.55;902;9;873.00;26
1739;9;622500504;1739;263;2639;2665;7.16;0.44;221.98;3.55;900;9;874.00;26
1744;9;622500516;1744;264;2641;2666;7.14;0.44;222.52;3.56;897;9;875.00;25
1747;9;622500528;1747;271;2642;2666;7.11;0.44;222.78;3.56;895;9;876.00;24
1751;9;622500539;1751;267;2643;2666;7.08;0.44;222.72;3.56;892;9;877.00;23
1757;9;622500556;1757;267;2644;2666;7.08;0.44;222.89;3.57;887;9;878.00;22
1761;9;622500568;1761;263;2647;2670;7.08;0.44;223.13;3.57;886;9;879.00;23
1763;9;622500580;1763;266;2648;2670;7.12;0.44;223.24;3.57;885;9;880.00;22
1767;9;622500592;1767;264;2649;2670;7.18;0.44;223.55;3.58;882;9;881.00;21
1769;9;622500604;1769;262;2650;2673;7.24;0.44;223.58;3.58;881;9;882.00;23
1773;9;622500616;1773;262;2651;2673;7.28;0.45;223.73;3.59;878;9;883.00;22
1779;9;622500633;1779;257;2652;2673;7.28;0.45;224.07;3.60;873;9;884.00;21
1780;9;622500645;1780;254;2657;2677;7.43;0.45;224.03;3.60;877;9;885.00;20
1785;9;622500657;1785;253;2658;2678;7.49;0.46;224.37;3.61;873;9;886.00;20
1789;9;622500669;1789;254;2660;2678;7.62;0.47;224.72;3.62;871;9;887.00;18
1795;9;622500681;1795;251;2663;2682;7.69;0.47;225.04;3.62;868;9;888.00;19
1798;9;622500693;1798;255;2664;2682;7.80;0.48;225.31;3.62;866;9;889.00;18
1800;9;622500704;1800;256;2665;2682;7.92;0.48;225.50;3.62;865;9;890.00;17
1805;9;622500716;1805;261;2667;2683;7.93;0.48;225.63;3.63;862;9;891.00;16
1809;9;622500727;1809;264;2667;2683;7.94;0.48;226.17;3.63;858;9;892.00;16
1814;9;622500739;1814;263;2674;2689;7.88;0.48;226.51;3.64;860;9;893.00;15
1818;9;622500751;1818;268;2674;2689;7.82;0.48;226.72;3.64;856;9;894.00;15
1820;9;622500763;1820;271;2675;2690;7.75;0.47;226.99;3.64;855;9;895.00;15
1821;9;622500774;1821;274;2676;2690;7.71;0.47;227.04;3.65;855;9;896.00;14
1825;9;622500785;1825;270;2676;2690;7.66;0.47;227.10;3.65;851;9;897.00;14
1828;9;622500797;1828;273;2677;2690;7.60;0.46;227.48;3.66;849;9;898.00;13
1833;9;622500808;1833;274;2679;2690;7.55;0.46;227.67;3.69;846;9;899.00;11
1835;10;622500822;1835;266;2708;2736;7.57;0.46;227.88;3.66;873;10;900.00;28
1839;10;622500862;1839;263;2708;2736;7.53;0.46;228.12;3.66;869;10;901.00;28
1842;10;622500874;1842;262;2713;2736;7.57;0.46;228.11;3.67;871;10;902.00;23
1845;10;622500886;1845;257;2713;2736;7.57;0.46;228.38;3.67;868;10;903.00;23
1847;10;622500899;1847;261;2718;2736;7.62;0.47;228.44;3.71;871;10;904.00;18
1848;10;622500910;1848;265;2718;2736;7.68;0.47;228.50;3.71;870;10;905.00;18
1850;10;622500932;1850;261;2724;2740;7.68;0.47;228.56;3.71;874;10;906.00;16
1854;10;622500946;1854;256;2726;2740;7.61;0.47;228.84;3.72;872;10;907.00;14
1856;10;622500957;1856;252;2729;2744;7.60;0.47;228.88;3.72;873;10;908.00;15
1859;10;622500970;1859;248;2733;2745;7.57;0.46;228.98;3.74;874;10;909.00;12
1863;10;622500982;1863;251;2733;2745;7.53;0.46;229.63;3.74;870;10;910.00;12
1865;10;622500993;1865;255;2734;2745;7.49;0.46;229.51;3.75;869;10;911.00;11
1867;10;622501004;1867;267;2745;2758;7.51;0.46;229.64;3.74;878;10;912.00;13
1871;10;622501017;1871;265;2746;2758;7.50;0.46;229.81;3.74;875;10;913.00;12
1871;10;622501029;1871;266;2748;2758;7.55;0.46;229.81;3.75;877;10;914.00;10
1876;10;622501040;1876;275;2748;2759;7.57;0.46;230.19;3.75;872;10;915.00;11
1881;10;622501051;1881;275;2750;2760;7.58;0.46;230.36;3.75;869;10;916.00;10
1883;10;622501062;1883;270;2751;2760;7.63;0.47;230.40;3.75;868;10;917.00;9
1885;10;622501073;1885;266;2754;2763;7.64;0.47;230.44;3.76;869;10;918.00;9
1887;10;622501084;1887;265;2757;2763;7.66;0.47;230.49;3.76;870;10;919.00;6
1888;10;622501095;1888;259;2759;2763;7.67;0.47;230.53;3.76;871;10;920.00;4
1891;10;622501106;1891;259;2759;2763;7.69;0.47;230.48;3.76;868;10;921.00;4
1892;10;622501117;1892;252;2764;2769;7.68;0.47;230.54;3.76;872;10;922.00;5
1897;10;622501128;1897;248;2764;2769;7.71;0.47;230.63;3.76;867;10;923.00;5
1898;10;622501139;1898;252;2767;2769;7.72;0.47;230.62;3.78;869;10;924.00;2
1899;10;622501149;1899;252;2767;2769;7.74;0.47;230.62;3.78;868;10;925.00;2
1903;10;622501160;1903;255;2772;2773;7.70;0.47;230.83;3.78;869;10;926.00;1
1907;10;622501171;1907;260;2773;2774;7.72;0.47;230.95;3.78;866;10;927.00;1
1909;10;622501182;1909;258;2774;2774;7.73;0.47;230.92;3.78;865;10;928.00;0
1911;10;622501194;1911;261;2775;2775;7.80;0.47;231.16;3.78;864;10;929.00;0
1914;10;622501206;1914;268;2775;2775;7.81;0.47;231.28;3.78;861;10;930.00;0
1916;10;622501217;1916;270;2775;2775;7.80;0.47;231.37;3.78;859;10;931.00;0
1917;10;622501227;1917;268;2775;2775;7.86;0.48;231.43;3.78;858;10;932.00;0
1920;10;622501238;1920;278;2775;2775;7.84;0.47;231.38;3.78;855;10;933.00;0
1921;10;622501248;1921;277;2775;2775;7.82;0.47;231.40;3.78;854;10;934.00;0
1924;10;622501259;1924;283;2775;2775;7.79;0.47;231.44;3.78;851;10;935.00;0
1924;10;622501269;1924;289;2813;2845;7.72;0.47;231.44;3.72;889;10;936.00;32
1926;10;622501285;1926;289;2813;2846;7.74;0.47;231.51;3.72;887;10;937.00;33
1928;10;622501295;1928;299;2820;2846;7.69;0.47;231.48;3.72;892;10;938.00;26
1928;10;622501306;1928;297;2823;2846;7.66;0.46;231.48;3.72;895;10;939.00;23
1930;10;622501316;1930;292;2825;2846;7.67;0.46;231.62;3.72;895;10;940.00;21
1930;10;622501326;1930;293;2828;2846;7.67;0.46;231.62;3.72;898;10;941.00;18
1932;10;622501337;1932;286;2830;2846;7.70;0.47;231.55;3.72;898;10;942.00;16
1933;10;622501348;1933;286;2833;2846;7.73;0.47;231.69;3.73;900;10;943.00;13
1934;10;622501363;1934;284;2835;2847;7.75;0.47;231.69;3.73;901;10;944.00;12
1935;10;622501373;1935;280;2837;2849;7.76;0.47;231.90;3.73;902;10;945.00;12
1936;10;622501384;1936;278;2840;2849;7.74;0.47;231.82;3.73;904;10;946.00;9
1939;10;622501395;1939;274;2844;2853;7.73;0.47;231.78;3.73;905;10;947.00;9
1942;10;622501406;1942;277;2845;2853;7.72;0.47;231.84;3.73;903;10;948.00;8
1945;10;622501416;1945;273;2845;2853;7.64;0.46;231.91;3.73;900;10;949.00;8
1947;10;622501426;1947;274;2845;2853;7.57;0.46;232.05;3.73;898;10;950.00;8
1947;10;622501436;1947;278;2849;2859;7.57;0.46;232.05;3.73;902;10;951.00;10
1948;10;622501446;1948;273;2849;2859;7.52;0.46;232.01;3.73;901;10;952.00;10
1951;10;622501456;1951;269;2849;2859;7.48;0.46;232.27;3.73;898;10;953.00;10
1954;10;622501466;1954;273;2851;2862;7.47;0.45;232.34;3.73;897;10;954.00;11
1956;10;622501478;1956;273;2855;2862;7.39;0.45;232.37;3.74;899;10;955.00;7
1959;10;622501488;1959;277;2855;2862;7.35;0.45;232.67;3.74;896;10;956.00;7
1964;10;622501497;1964;277;2855;2863;7.27;0.44;232.90;3.74;891;10;957.00;8
1966;10;622501507;1966;281;2856;2864;7.26;0.44;232.75;3.74;890;10;958.00;8
1967;10;622501518;1967;281;2856;2864;7.32;0.45;232.72;3.74;889;10;959.00;8
1971;10;622501529;1971;286;2872;2890;7.32;0.45;232.51;3.72;901;10;960.00;18
1973;10;622501541;1973;284;2872;2890;7.27;0.44;232.44;3.72;899;10;961.00;18
1977;10;622501551;1977;279;2875;2890;7.29;0.44;232.22;3.72;898;10;962.00;15
1978;10;622501562;1978;284;2878;2891;7.37;0.45;232.11;3.72;900;10;963.00;13
1981;10;622501572;1981;284;2879;2891;7.41;0.45;231.99;3.72;898;10;964.00;12
1984;10;622501581;1984;287;2882;2895;7.46;0.45;231.80;3.72;898;10;965.00;13
1986;10;622501592;1986;287;2883;2895;7.45;0.45;231.60;3.72;897;10;966.00;12
1988;10;622501602;1988;291;2886;2899;7.42;0.45;231.72;3.72;898;10;967.00;13
1988;10;622501613;1988;294;2886;2899;7.39;0.45;231.72;3.72;898;10;968.00;13
1989;10;622501623;1989;297;2887;2899;7.41;0.45;231.65;3.72;898;10;969.00;12
1990;10;622501633;1990;298;2889;2899;7.39;0.45;231.66;3.74;899;10;970.00;10
1992;10;622501643;1992;305;2890;2899;7.30;0.45;231.61;3.75;898;10;971.00;9
1993;10;622501653;1993;311;2900;2911;7.31;0.45;231.62;3.73;907;10;972.00;11
1996;10;622501664;1996;307;2902;2911;7.21;0.44;231.55;3.74;906;10;973.00;9
1996;10;622501674;1996;309;2903;2911;7.18;0.44;231.55;3.74;907;10;974.00;8
1998;10;622501683;1998;316;2903;2911;7.14;0.44;231.62;3.74;905;10;975.00;8
1999;10;622501694;1999;314;2903;2911;7.10;0.43;231.69;3.74;904;10;976.00;8
2000;10;622501703;2000;320;2903;2911;7.07;0.43;231.62;3.74;903;10;977.00;8
2003;10;622501713;2003;323;2903;2912;7.04;0.43;231.78;3.74;900;10;978.00;9
2003;10;622501723;2003;316;2903;2912;7.00;0.43;231.78;3.74;900;10;979.00;9
2003;10;622501733;2003;308;2908;2918;7.07;0.43;231.78;3.74;905;10;980.00;10
2003;10;622501743;2003;305;2911;2919;7.11;0.44;231.78;3.76;908;10;981.00;8
2006;10;622501753;2006;310;2912;2919;7.12;0.44;231.80;3.77;906;10;982.00;7
2009;10;622501764;2009;307;2913;2919;7.14;0.44;231.71;3.77;904;10;983.00;6
2011;10;622501774;2011;308;2917;2923;7.14;0.44;231.62;3.77;906;10;984.00;6
2012;10;622501790;2012;311;2917;2923;7.14;0.44;231.63;3.77;905;10;985.00;6
2012;10;622501806;2012;314;2917;2923;7.19;0.44;231.63;3.77;905;10;986.00;6
2016;10;622501816;2016;319;2920;2924;7.23;0.44;231.51;3.79;904;10;987.00;4
2019;10;622501826;2019;324;2923;2928;7.25;0.44;231.44;3.79;904;10;988.00;5
2019;10;622501836;2019;327;2925;2928;7.26;0.44;231.44;3.80;906;10;989.00;3
2020;10;622501848;2020;325;2929;2934;7.36;0.45;231.46;3.79;909;10;990.00;5
2022;10;622501858;2022;328;2931;2934;7.36;0.45;231.46;3.79;909;10;991.00;3
2024;10;622501868;2024;329;2933;2934;7.41;0.45;231.44;3.79;909;10;992.00;1
2026;10;622501878;2026;331;2934;2934;7.42;0.45;231.46;3.80;908;10;993.00;0
2027;10;622501896;2027;326;2938;2938;7.39;0.45;231.48;3.79;911;10;994.00;0
2028;10;622501910;2028;325;2938;2938;7.31;0.45;231.38;3.79;910;10;995.00;0
2030;10;622501929;2030;325;2938;2938;7.23;0.44;231.41;3.79;908;10;996.00;0
2031;10;622501943;2031;327;2938;2938;7.09;0.44;231.40;3.79;907;10;997.00;0
2033;10;622501958;2033;323;2939;2939;6.99;0.43;231.51;3.79;906;10;998.00;0
2036;10;622501973;2036;319;2940;2940;6.90;0.42;231.58;3.79;904;10;999.00;0
2038;10;622501991;2038;316;2940;2940;6.83;0.42;231.45;3.79;902;10;1000.00;0
2042;10;622502010;2042;318;2941;2941;6.79;0.42;231.38;3.79;899;10;1001.00;0
2046;10;622502022;2046;311;2941;2941;6.71;0.41;231.21;3.79;895;10;1002.00;0
2047;10;622502034;2047;307;2941;2941;6.64;0.41;231.23;3.79;894;10;1003.00;0
2051;10;622502044;2051;300;2941;2941;6.63;0.41;231.46;3.79;890;10;1004.00;0
2053;10;622502055;2053;296;2941;2941;6.60;0.40;231.37;3.79;888;10;1005.00;0
2055;10;622502065;2055;289;2941;2941;6.57;0.40;231.49;3.79;886;10;1006.00;0
2059;10;622502075;2059;285;2941;2941;6.59;0.40;231.55;3.79;882;10;1007.00;0
2061;10;622502085;2061;302;3011;3068;6.81;0.42;231.54;3.70;950;10;1008.00;57
2063;10;622502106;2063;295;3013;3069;6.82;0.42;231.59;3.70;950;10;1009.00;56
2066;10;622502117;2066;284;3024;3069;6.87;0.43;231.59;3.69;958;10;1010.00;45
2070;10;622502128;2070;286;3031;3069;6.91;0.43;231.59;3.69;961;10;1011.00;38
2073;10;622502139;2073;284;3039;3069;6.92;0.43;231.58;3.69;966;10;1012.00;30
2078;10;622502149;2078;288;3042;3069;6.84;0.42;231.93;3.69;964;10;1013.00;27
2079;10;622502160;2079;286;3044;3069;6.81;0.42;231.96;3.70;965;10;1014.00;25
2082;10;622502172;2082;292;3047;3069;6.75;0.42;232.05;3.70;965;10;1015.00;22
2085;10;622502183;2085;295;3050;3070;6.70;0.41;232.26;3.70;965;10;1016.00;20
2089;10;622502193;2089;300;3051;3071;6.60;0.41;232.33;3.70;962;10;1017.00;20
2096;10;622502204;2096;300;3054;3071;6.44;0.40;232.52;3.71;958;10;1018.00;17
2100;10;622502214;2100;312;3056;3072;6.36;0.39;232.37;3.71;956;10;1019.00;16
2103;11;622502227;2103;303;3057;3072;6.32;0.39;232.49;3.72;954;11;1020.00;15
2105;11;622502244;2105;308;3062;3072;6.32;0.39;232.45;3.73;957;11;1021.00;10
2110;11;622502255;2110;299;3062;3072;6.32;0.39;232.57;3.73;952;11;1022.00;10
2114;11;622502266;2114;291;3065;3076;6.36;0.39;232.79;3.73;951;11;1023.00;11
2116;11;622502277;2116;288;3068;3076;6.50;0.40;232.86;3.74;952;11;1024.00;8
2120;11;622502289;2120;282;3068;3076;6.55;0.40;233.04;3.74;948;11;1025.00;8
2124;11;622502303;2124;280;3070;3079;6.62;0.41;233.23;3.75;946;11;1026.00;9
2127;11;622502314;2127;277;3071;3079;6.70;0.41;233.59;3.75;944;11;1027.00;8
2130;11;622502326;2130;275;3073;3079;6.71;0.41;233.81;3.75;943;11;1028.00;6
2133;11;622502337;2133;272;3078;3083;6.79;0.41;233.84;3.75;945;11;1029.00;5
2135;11;622502349;2135;278;3078;3084;6.85;0.42;234.14;3.75;943;11;1030.00;6
2141;11;622502365;2141;264;3080;3084;6.84;0.42;234.60;3.76;939;11;1031.00;4
2143;11;622502377;2143;260;3083;3088;6.92;0.42;234.58;3.76;940;11;1032.00;5
2145;11;622502389;2145;262;3085;3088;6.95;0.42;234.84;3.77;940;11;1033.00;3
2150;11;622502401;2150;263;3085;3088;6.98;0.43;235.04;3.77;935;11;1034.00;3
2152;11;622502413;2152;268;3087;3090;7.05;0.43;235.36;3.77;935;11;1035.00;3
2159;11;622502431;2159;259;3087;3090;7.05;0.43;235.66;3.77;928;11;1036.00;3
2162;11;622502444;2162;257;3092;3096;7.14;0.44;235.89;3.76;930;11;1037.00;4
2167;11;622502456;2167;255;3092;3096;7.15;0.44;236.23;3.76;925;11;1038.00;4
2170;11;622502469;2170;256;3093;3097;7.17;0.44;236.27;3.76;923;11;1039.00;4
2173;11;622502481;2173;253;3093;3097;7.22;0.44;236.42;3.76;920;11;1040.00;4
2175;11;622502492;2175;252;3093;3097;7.31;0.45;236.59;3.76;918;11;1041.00;4
2181;11;622502505;2181;253;3093;3097;7.35;0.45;236.99;3.76;912;11;1042.00;4
2183;11;622502517;2183;252;3093;3097;7.42;0.45;237.00;3.76;910;11;1043.00;4
2188;11;622502529;2188;253;3101;3109;7.51;0.46;237.18;3.75;913;11;1044.00;8
2192;12;622502542;2192;252;3102;3109;7.51;0.46;237.42;3.76;910;12;1045.00;7
2196;12;622502567;2196;255;3103;3109;7.55;0.46;237.66;3.76;907;12;1046.00;6
2206;12;622502584;2206;257;3103;3109;7.52;0.46;237.86;3.76;897;12;1047.00;6
2210;12;622502597;2210;259;3104;3109;7.52;0.46;237.90;3.76;894;12;1048.00;5
2213;12;622502609;2213;260;3104;3109;7.59;0.46;238.13;3.76;891;12;1049.00;5
2220;12;622502627;2220;265;3111;3115;7.54;0.46;238.69;3.76;891;12;1050.00;4
2222;12;622502641;2222;266;3112;3115;7.51;0.46;238.64;3.76;890;12;1051.00;3
2227;12;622502652;2227;266;3115;3119;7.49;0.45;238.90;3.76;888;12;1052.00;4
2230;12;622502665;2230;265;3117;3120;7.50;0.46;239.10;3.76;887;12;1053.00;3
2232;12;622502676;2232;276;3118;3120;7.54;0.46;239.36;3.76;886;12;1054.00;2
2234;12;622502688;2234;280;3119;3120;7.59;0.46;239.63;3.76;885;12;1055.00;1
2243;12;622502699;2243;283;3129;3133;7.63;0.46;239.85;3.75;886;12;1056.00;4
2247;12;622502712;2247;286;3130;3133;7.68;0.47;240.01;3.75;883;12;1057.00;3
2250;12;622502724;2250;282;3133;3133;7.70;0.47;240.36;3.75;883;12;1058.00;0
2252;12;622502735;2252;283;3134;3134;7.67;0.47;240.41;3.75;882;12;1059.00;0
2255;12;622502747;2255;273;3135;3135;7.63;0.46;240.63;3.75;880;12;1060.00;0
2259;12;622502758;2259;275;3135;3135;7.57;0.46;241.04;3.75;876;12;1061.00;0
2261;12;622502770;2261;281;3137;3138;7.50;0.46;240.95;3.75;876;12;1062.00;1
2264;12;622502781;2264;278;3137;3138;7.47;0.45;241.28;3.75;873;12;1063.00;1
2264;12;622502793;2264;283;3138;3138;7.46;0.45;241.28;3.75;874;12;1064.00;0
2267;12;622502804;2267;287;3138;3138;7.41;0.45;241.49;3.75;871;12;1065.00;0
2272;12;622502816;2272;296;3144;3144;7.32;0.45;241.63;3.74;872;12;1066.00;0
2273;12;622502827;2273;294;3144;3144;7.29;0.45;241.67;3.74;871;12;1067.00;0
2276;12;622502845;2276;289;3144;3144;7.22;0.44;241.84;3.74;868;12;1068.00;0
2279;12;622502856;2279;290;3144;3144;7.18;0.44;242.01;3.74;865;12;1069.00;0
2284;12;622502867;2284;288;3148;3148;7.18;0.44;242.11;3.74;864;12;1070.00;0
2287;12;622502879;2287;293;3149;3149;7.13;0.43;242.40;3.74;862;12;1071.00;0
2290;12;622502891;2290;294;3149;3149;7.13;0.43;242.82;3.74;859;12;1072.00;0
2294;12;622502909;2294;294;3150;3150;7.22;0.44;243.27;3.74;856;12;1073.00;0
2298;12;622502921;2298;298;3150;3150;7.27;0.44;243.34;3.74;852;12;1074.00;0
2301;12;622502933;2301;302;3150;3150;7.31;0.45;243.55;3.74;849;12;1075.00;0
2304;12;622502944;2304;292;3150;3150;7.33;0.45;243.70;3.74;846;12;1076.00;0
2307;12;622502955;2307;286;3150;3150;7.32;0.45;243.80;3.74;843;12;1077.00;0
2310;12;622502966;2310;280;3150;3150;7.37;0.45;243.94;3.74;840;12;1078.00;0
2312;12;622502977;2312;275;3150;3150;7.44;0.45;244.15;3.74;838;12;1079.00;0
2314;12;622502988;2314;299;3231;3275;7.60;0.47;244.31;3.64;917;12;1080.00;44
2318;12;622503019;2318;299;3235;3276;7.62;0.47;244.57;3.64;917;12;1081.00;41
2320;12;622503031;2320;291;3242;3276;7.71;0.47;244.76;3.63;922;12;1082.00;34
2321;12;622503042;2321;289;3243;3276;7.69;0.47;244.82;3.63;922;12;1083.00;33
2321;12;622503054;2321;291;3247;3276;7.71;0.47;244.82;3.64;926;12;1084.00;29
2325;12;622503065;2325;299;3248;3276;7.62;0.47;244.96;3.64;923;12;1085.00;28
2325;12;622503076;2325;305;3255;3276;7.60;0.47;244.96;3.64;930;12;1086.00;21
2328;12;622503086;2328;306;3257;3276;7.55;0.46;245.10;3.64;929;12;1087.00;19
2331;12;622503098;2331;316;3262;3277;7.47;0.46;245.33;3.65;931;12;1088.00;15
2334;12;622503109;2334;319;3266;3278;7.39;0.45;245.50;3.66;932;12;1089.00;12
2335;12;622503120;2335;313;3269;3278;7.30;0.45;245.59;3.66;934;12;1090.00;9
2338;12;622503131;2338;314;3275;3282;7.24;0.44;245.85;3.66;937;12;1091.00;7
2340;12;622503147;2340;317;3277;3282;7.19;0.44;245.84;3.67;937;12;1092.00;5
2345;12;622503159;2345;319;3279;3282;7.13;0.44;246.05;3.67;934;12;1093.00;3
2347;12;622503171;2347;322;3280;3282;7.09;0.43;246.27;3.67;933;12;1094.00;2
2350;12;622503182;2350;332;3285;3288;7.06;0.43;246.38;3.67;935;12;1095.00;3
2354;12;622503194;2354;336;3286;3288;7.06;0.43;246.85;3.67;932;12;1096.00;2
2357;12;622503206;2357;336;3286;3288;7.07;0.43;246.99;3.67;929;12;1097.00;2
2360;12;622503217;2360;340;3289;3291;7.02;0.43;247.01;3.67;929;12;1098.00;2
2364;12;622503228;2364;335;3289;3291;6.96;0.42;247.05;3.67;925;12;1099.00;2
2365;12;622503240;2365;338;3290;3291;6.86;0.42;247.11;3.67;925;12;1100.00;1
2365;13;622503254;2365;331;3290;3292;6.82;0.42;247.11;3.67;925;13;1101.00;2
2367;13;622503276;2367;328;3291;3293;6.77;0.41;247.31;3.67;924;13;1102.00;2
2371;13;622503287;2371;334;3291;3293;6.74;0.41;247.15;3.67;920;13;1103.00;2
2372;13;622503297;2372;342;3302;3306;6.72;0.41;247.15;3.66;930;13;1104.00;4
2374;13;622503309;2374;342;3302;3306;6.76;0.41;247.02;3.66;928;13;1105.00;4
2376;13;622503319;2376;347;3302;3306;6.78;0.41;247.00;3.66;926;13;1106.00;4
2376;13;622503329;2376;349;3303;3307;6.84;0.42;247.00;3.66;927;13;1107.00;4
2378;13;622503339;2378;355;3303;3307;6.83;0.42;246.94;3.66;925;13;1108.00;4
2379;13;622503349;2379;360;3307;3311;6.85;0.42;246.87;3.66;928;13;1109.00;4
2383;13;622503361;2383;354;3307;3311;6.78;0.41;246.84;3.66;924;13;1110.00;4
2386;13;622503372;2386;352;3310;3315;6.77;0.41;246.92;3.65;924;13;1111.00;5
2387;13;622503383;2387;348;3310;3315;6.82;0.41;246.83;3.65;923;13;1112.00;5
2393;13;622503394;2393;346;3310;3315;6.78;0.41;246.68;3.65;917;13;1113.00;5
2394;13;622503405;2394;339;3310;3315;6.87;0.42;246.74;3.65;916;13;1114.00;5
2397;13;622503415;2397;338;3310;3315;6.86;0.42;246.56;3.65;913;13;1115.00;5
2399;13;622503425;2399;337;3319;3327;6.93;0.42;246.57;3.64;920;13;1116.00;8
2401;13;622503436;2401;338;3320;3327;6.97;0.42;246.70;3.64;919;13;1117.00;7
2404;13;622503445;2404;334;3321;3327;7.03;0.43;246.88;3.64;917;13;1118.00;6
2406;13;622503455;2406;334;3321;3327;7.08;0.43;246.80;3.64;915;13;1119.00;6
2408;13;622503465;2408;326;3321;3327;7.06;0.43;246.79;3.64;913;13;1120.00;6
2410;13;622503476;2410;326;3321;3327;6.98;0.43;246.80;3.64;911;13;1121.00;6
2411;13;622503485;2411;323;3321;3328;6.95;0.42;246.79;3.64;910;13;1122.00;7
2412;13;622503495;2412;318;3321;3328;6.92;0.42;246.80;3.64;909;13;1123.00;7
2415;13;622503505;2415;313;3326;3334;6.85;0.42;246.77;3.64;911;13;1124.00;8
2418;13;622503515;2418;311;3329;3336;6.81;0.41;246.73;3.65;911;13;1125.00;7
2420;13;622503526;2420;308;3330;3336;6.80;0.41;246.80;3.65;910;13;1126.00;6
2423;13;622503537;2423;308;3330;3336;6.73;0.41;246.76;3.65;907;13;1127.00;6
2424;13;622503547;2424;302;3333;3340;6.77;0.41;246.69;3.65;909;13;1128.00;7
2428;13;622503557;2428;302;3333;3340;6.77;0.41;246.57;3.65;905;13;1129.00;7
2431;13;622503568;2431;305;3333;3340;6.77;0.41;246.45;3.65;902;13;1130.00;7
2432;13;622503578;2432;291;3334;3341;6.87;0.42;246.61;3.65;902;13;1131.00;7
2433;13;622503593;2433;277;3337;3345;6.96;0.42;246.58;3.64;904;13;1132.00;8
2435;13;622503604;2435;268;3337;3345;7.04;0.43;246.56;3.64;902;13;1133.00;8
2435;13;622503614;2435;266;3339;3348;7.14;0.43;246.56;3.64;904;13;1134.00;9
2437;13;622503625;2437;263;3340;3348;7.22;0.44;246.43;3.64;903;13;1135.00;8
2438;13;622503636;2438;258;3340;3348;7.28;0.44;246.34;3.64;902;13;1136.00;8
2440;13;622503646;2440;256;3340;3348;7.33;0.45;246.30;3.64;900;13;1137.00;8
2441;13;622503656;2441;249;3344;3352;7.43;0.45;246.26;3.64;903;13;1138.00;8
2443;13;622503668;2443;247;3344;3352;7.51;0.46;246.24;3.64;901;13;1139.00;8
2443;13;622503680;2443;237;3344;3352;7.59;0.46;246.24;3.64;901;13;1140.00;8
2444;13;622503691;2444;244;3344;3352;7.67;0.47;246.25;3.64;900;13;1141.00;8
2445;13;622503701;2445;237;3344;3353;7.74;0.47;246.21;3.64;899;13;1142.00;9
2445;13;622503711;2445;235;3345;3354;7.80;0.48;246.21;3.64;900;13;1143.00;9
2446;13;622503722;2446;234;3345;3354;7.79;0.47;246.13;3.64;899;13;1144.00;9
2446;13;622503732;2446;229;3346;3355;7.81;0.48;246.13;3.64;900;13;1145.00;9
2448;13;622503749;2448;225;3346;3355;7.82;0.48;246.05;3.64;898;13;1146.00;9
2449;13;622503760;2449;220;3346;3355;7.85;0.48;246.04;3.64;897;13;1147.00;9
2452;13;622503770;2452;221;3346;3355;7.81;0.48;245.82;3.64;894;13;1148.00;9
2453;13;622503780;2453;220;3346;3355;7.86;0.48;245.85;3.64;893;13;1149.00;9
2454;13;622503790;2454;221;3348;3355;7.89;0.48;245.86;3.66;894;13;1150.00;7
2455;13;622503800;2455;227;3348;3355;7.90;0.48;245.82;3.66;893;13;1151.00;7
2458;13;622503810;2458;248;3414;3482;8.01;0.49;246.06;3.60;956;13;1152.00;68
2461;13;622503830;2461;241;3417;3483;7.99;0.49;246.20;3.60;956;13;1153.00;66
2462;13;622503842;2462;233;3424;3483;8.00;0.49;246.16;3.59;962;13;1154.00;59
2466;13;622503853;2466;235;3432;3483;7.98;0.49;246.28;3.59;966;13;1155.00;51
2467;13;622503863;2467;233;3440;3483;8.01;0.49;246.33;3.62;973;13;1156.00;43
2467;13;622503874;2467;235;3442;3483;7.96;0.49;246.33;3.62;975;13;1157.00;41
2470;13;622503890;2470;235;3446;3483;7.94;0.49;246.54;3.63;976;13;1158.00;37
2471;13;622503906;2471;241;3448;3483;7.93;0.49;246.54;3.64;977;13;1159.00;35
2474;13;622503923;2474;241;3451;3484;7.93;0.49;246.58;3.65;977;13;1160.00;33
2475;13;622503939;2475;239;3456;3485;7.98;0.49;246.58;3.66;981;13;1161.00;29
2477;13;622503970;2477;236;3459;3485;7.93;0.49;246.52;3.66;982;13;1162.00;26
2481;13;622503987;2481;239;3463;3486;7.88;0.48;246.48;3.67;982;13;1163.00;23
2482;13;622504004;2482;244;3464;3486;7.81;0.48;246.44;3.68;982;13;1164.00;22
2486;13;622504017;2486;246;3469;3486;7.70;0.47;246.49;3.69;983;13;1165.00;17
2487;13;622504030;2487;249;3471;3486;7.66;0.47;246.50;3.70;984;13;1166.00;15
2492;13;622504042;2492;256;3476;3490;7.53;0.46;246.50;3.70;984;13;1167.00;14
2496;13;622504054;2496;260;3480;3490;7.37;0.45;246.59;3.71;984;13;1168.00;10
2496;13;622504067;2496;261;3482;3490;7.30;0.45;246.59;3.72;986;13;1169.00;8
2503;13;622504080;2503;264;3488;3496;7.21;0.44;246.48;3.73;985;13;1170.00;8
2504;13;622504094;2504;265;3488;3496;7.16;0.44;246.56;3.73;984;13;1171.00;8
2507;13;622504106;2507;265;3491;3496;7.08;0.44;246.51;3.74;984;13;1172.00;5
2510;13;622504119;2510;268;3497;3500;6.98;0.43;246.69;3.74;987;13;1173.00;3
2511;13;622504131;2511;267;3499;3501;6.92;0.43;246.75;3.74;988;13;1174.00;2
2513;13;622504151;2513;267;3499;3501;6.87;0.42;246.79;3.74;986;13;1175.00;2
2516;13;622504163;2516;267;3503;3505;6.91;0.43;246.76;3.74;987;13;1176.00;2
2519;13;622504175;2519;265;3505;3505;6.96;0.43;246.70;3.74;986;13;1177.00;0
2521;13;622504187;2521;264;3505;3505;7.02;0.43;246.59;3.74;984;13;1178.00;0
2524;13;622504197;2524;265;3506;3506;7.13;0.44;246.56;3.74;982;13;1179.00;0
2525;13;622504208;2525;264;3506;3506;7.26;0.45;246.54;3.74;981;13;1180.00;0
2528;13;622504219;2528;265;3512;3512;7.25;0.44;246.51;3.73;984;13;1181.00;0
2534;13;622504237;2534;274;3512;3512;7.25;0.44;246.56;3.73;978;13;1182.00;0
2538;13;622504249;2538;276;3513;3513;7.21;0.44;246.51;3.73;975;13;1183.00;0
2544;13;622504261;2544;275;3513;3513;7.17;0.44;246.27;3.73;969;13;1184.00;0
2546;13;622504273;2546;278;3513;3513;7.09;0.43;246.43;3.73;967;13;1185.00;0
2551;13;622504283;2551;281;3513;3513;6.94;0.42;246.57;3.73;962;13;1186.00;0
2554;13;622504294;2554;282;3513;3513;6.93;0.42;246.61;3.73;959;13;1187.00;0
2559;13;622504304;2559;294;3523;3525;6.88;0.42;247.06;3.72;964;13;1188.00;2
2563;13;622504316;2563;299;3524;3525;6.81;0.42;247.29;3.72;961;13;1189.00;1
2566;13;622504333;2566;294;3525;3525;6.79;0.42;247.45;3.72;959;13;1190.00;0
2571;13;622504344;2571;291;3525;3525;6.78;0.41;247.63;3.72;954;13;1191.00;0
2575;13;622504355;2575;280;3525;3525;6.80;0.42;247.80;3.72;950;13;1192.00;0
2579;13;622504366;2579;278;3525;3525;6.80;0.42;248.15;3.72;946;13;1193.00;0
2582;13;622504377;2582;280;3529;3529;6.80;0.42;248.48;3.71;947;13;1194.00;0
2585;13;622504388;2585;277;3529;3529;6.76;0.42;248.56;3.71;944;13;1195.00;0
2588;13;622504400;2588;278;3533;3533;6.78;0.42;248.84;3.71;945;13;1196.00;0
2589;13;622504412;2589;272;3534;3534;6.86;0.42;248.98;3.71;945;13;1197.00;0
2592;13;622504422;2592;265;3534;3534;6.95;0.43;248.90;3.71;942;13;1198.00;0
2597;13;622504433;2597;261;3534;3534;6.98;0.43;248.98;3.71;937;13;1199.00;0
2601;13;622504448;2601;264;3560;3575;6.97;0.43;249.20;3.68;959;13;1200.00;15
2604;13;622504468;2604;252;3562;3575;7.03;0.43;249.45;3.68;958;13;1201.00;13
2608;13;622504481;2608;246;3565;3575;7.02;0.43;249.74;3.68;957;13;1202.00;10
2612;13;622504492;2612;250;3566;3576;7.08;0.43;249.81;3.68;954;13;1203.00;10
2616;13;622504504;2616;257;3569;3577;7.06;0.43;250.12;3.68;953;13;1204.00;8
2622;13;622504515;2622;254;3569;3577;7.06;0.43;250.57;3.68;947;13;1205.00;8
2626;13;622504527;2626;255;3572;3580;7.14;0.44;250.79;3.68;946;13;1206.00;8
2629;13;622504539;2629;264;3573;3580;7.21;0.44;250.81;3.68;944;13;1207.00;7
2635;13;622504550;2635;265;3575;3580;7.22;0.44;251.07;3.68;940;13;1208.00;5
2642;13;622504565;2642;269;3575;3580;7.19;0.44;251.38;3.68;933;13;1209.00;5
2643;13;622504577;2643;272;3582;3586;7.19;0.44;251.39;3.68;939;13;1210.00;4
2648;13;622504589;2648;274;3582;3586;7.17;0.44;251.66;3.68;934;13;1211.00;4
2652;14;622504600;2652;276;3582;3586;7.14;0.44;251.81;3.68;930;14;1212.00;4
2654;14;622504620;2654;278;3582;3586;7.12;0.43;251.96;3.68;928;14;1213.00;4
2658;14;622504631;2658;283;3586;3590;7.09;0.43;251.98;3.67;928;14;1214.00;4
2663;14;622504643;2663;286;3588;3592;7.09;0.43;252.30;3.67;925;14;1215.00;4
2667;14;622504655;2667;288;3589;3592;7.05;0.43;252.63;3.68;922;14;1216.00;3
2671;14;622504667;2671;286;3590;3593;7.04;0.43;252.64;3.67;919;14;1217.00;3
2675;14;622504678;2675;288;3590;3593;7.02;0.43;252.89;3.67;915;14;1218.00;3
2680;14;622504689;2680;293;3590;3593;7.00;0.43;253.17;3.67;910;14;1219.00;3
2683;14;622504700;2683;298;3590;3593;6.90;0.42;253.28;3.67;907;14;1220.00;3
2688;14;622504711;2688;302;3590;3593;6.80;0.42;253.29;3.67;902;14;1221.00;3
2693;14;622504723;2693;311;3591;3593;6.70;0.41;253.62;3.68;898;14;1222.00;2
2699;14;622504738;2699;315;3591;3593;6.53;0.40;253.84;3.68;892;14;1223.00;2
2705;14;622504749;2705;323;3633;3663;6.50;0.40;254.11;3.64;928;14;1224.00;30
2710;14;622504766;2710;323;3634;3664;6.48;0.40;254.18;3.64;924;14;1225.00;30
2715;14;622504778;2715;319;3640;3664;6.57;0.40;254.46;3.63;925;14;1226.00;24
2719;14;622504791;2719;324;3643;3664;6.62;0.41;254.48;3.63;924;14;1227.00;21
2725;14;622504802;2725;322;3647;3666;6.67;0.41;254.84;3.64;922;14;1228.00;19
2727;14;622504815;2727;320;3649;3666;6.76;0.41;254.93;3.64;922;14;1229.00;17
2730;14;622504829;2730;323;3652;3666;6.74;0.41;254.88;3.64;922;14;1230.00;14
2732;14;622504840;2732;329;3654;3666;6.76;0.41;255.02;3.64;922;14;1231.00;12
2732;14;622504852;2732;332;3656;3667;6.79;0.42;255.02;3.65;924;14;1232.00;11
2733;14;622504862;2733;342;3657;3668;6.78;0.42;255.13;3.65;924;14;1233.00;11
2736;14;622504874;2736;345;3662;3668;6.74;0.41;255.19;3.66;926;14;1234.00;6
2739;14;622504886;2739;352;3668;3672;6.65;0.41;255.09;3.66;929;14;1235.00;4
2741;14;622504898;2741;360;3669;3672;6.57;0.40;255.24;3.66;928;14;1236.00;3
2743;14;622504909;2743;356;3670;3672;6.56;0.40;255.43;3.67;927;14;1237.00;2
2744;14;622504921;2744;357;3671;3672;6.54;0.40;255.51;3.67;927;14;1238.00;1
2747;14;622504933;2747;355;3677;3678;6.55;0.40;255.57;3.66;930;14;1239.00;1
2750;14;622504944;2750;359;3678;3678;6.50;0.40;255.63;3.67;928;14;1240.00;0
2754;14;622504961;2754;357;3678;3678;6.50;0.40;255.72;3.67;924;14;1241.00;0
2755;14;622504973;2755;362;3680;3681;6.61;0.40;255.77;3.66;925;14;1242.00;1
2757;14;622504984;2757;363;3680;3681;6.64;0.41;255.89;3.66;923;14;1243.00;1
2759;14;622504995;2759;365;3681;3681;6.63;0.41;255.94;3.66;922;14;1244.00;0
2759;14;622505012;2759;369;3682;3682;6.67;0.41;255.94;3.66;923;14;1245.00;0
2762;14;622505024;2762;362;3683;3683;6.68;0.41;255.97;3.66;921;14;1246.00;0
2766;14;622505036;2766;355;3683;3683;6.63;0.41;256.40;3.66;917;14;1247.00;0
2769;14;622505047;2769;350;3696;3696;6.74;0.41;256.37;3.65;927;14;1248.00;0
2774;14;622505059;2774;344;3696;3696;6.76;0.41;256.77;3.65;922;14;1249.00;0
2779;14;622505070;2779;344;3696;3696;6.76;0.41;256.69;3.65;917;14;1250.00;0
2781;14;622505081;2781;342;3697;3697;6.80;0.41;256.67;3.65;916;14;1251.00;0
2783;14;622505094;2783;337;3697;3697;6.76;0.41;256.71;3.65;914;14;1252.00;0
2787;14;622505105;2787;338;3701;3701;6.79;0.41;256.80;3.64;914;14;1253.00;0
2788;14;622505116;2788;342;3701;3701;6.77;0.41;256.74;3.64;913;14;1254.00;0
2789;14;622505128;2789;336;3705;3705;6.75;0.41;256.69;3.64;916;14;1255.00;0
2789;14;622505139;2789;335;3705;3705;6.73;0.41;256.69;3.64;916;14;1256.00;0
2792;14;622505150;2792;332;3705;3705;6.71;0.41;256.64;3.64;913;14;1257.00;0
2794;14;622505162;2794;330;3705;3705;6.61;0.40;256.61;3.64;911;14;1258.00;0
2797;14;622505173;2797;333;3705;3705;6.55;0.40;256.64;3.64;908;14;1259.00;0
2801;14;622505186;2801;346;3733;3739;6.61;0.40;256.73;3.61;932;14;1260.00;6
2802;14;622505199;2802;342;3733;3739;6.67;0.41;256.78;3.61;931;14;1261.00;6
2805;14;622505209;2805;340;3736;3739;6.69;0.41;256.68;3.61;931;14;1262.00;3
2810;14;622505221;2810;340;3736;3739;6.67;0.41;256.56;3.61;926;14;1263.00;3
2811;14;622505231;2811;344;3737;3739;6.66;0.41;256.49;3.61;926;14;1264.00;2
2812;14;622505242;2812;350;3737;3739;6.63;0.40;256.44;3.61;925;14;1265.00;2
2813;14;622505258;2813;350;3737;3740;6.63;0.40;256.46;3.61;924;14;1266.00;3
2813;14;622505269;2813;353;3737;3740;6.61;0.40;256.46;3.61;924;14;1267.00;3
2814;14;622505279;2814;353;3742;3746;6.60;0.40;256.38;3.61;928;14;1268.00;4
2814;14;622505290;2814;347;3743;3747;6.67;0.41;256.38;3.61;929;14;1269.00;4
2815;14;622505299;2815;348;3743;3747;6.69;0.41;256.30;3.61;928;14;1270.00;4
2819;14;622505310;2819;345;3743;3747;6.68;0.41;256.25;3.61;924;14;1271.00;4
2820;14;622505320;2820;346;3746;3751;6.70;0.41;256.28;3.61;926;14;1272.00;5
2822;14;622505330;2822;346;3746;3751;6.68;0.40;256.26;3.61;924;14;1273.00;5
2824;14;622505341;2824;355;3746;3751;6.65;0.40;256.26;3.61;922;14;1274.00;5
2824;14;622505351;2824;355;3747;3752;6.68;0.40;256.26;3.61;923;14;1275.00;5
2825;14;622505366;2825;360;3750;3756;6.68;0.40;256.20;3.60;925;14;1276.00;6
2826;14;622505377;2826;359;3750;3756;6.61;0.40;256.34;3.60;924;14;1277.00;6
2826;14;622505387;2826;369;3752;3759;6.62;0.40;256.34;3.60;926;14;1278.00;7
2828;14;622505397;2828;364;3752;3759;6.56;0.40;256.23;3.60;924;14;1279.00;7
2831;14;622505408;2831;359;3753;3759;6.52;0.39;256.26;3.60;922;14;1280.00;6
2832;14;622505417;2832;355;3753;3759;6.51;0.39;256.34;3.60;921;14;1281.00;6
2832;14;622505428;2832;349;3757;3763;6.56;0.40;256.34;3.60;925;14;1282.00;6
2833;14;622505438;2833;332;3757;3763;6.61;0.40;256.30;3.60;924;14;1283.00;6
2833;14;622505449;2833;318;3757;3763;6.68;0.40;256.30;3.60;924;14;1284.00;6
2834;14;622505459;2834;310;3757;3763;6.71;0.41;256.40;3.60;923;14;1285.00;6
2837;14;622505470;2837;302;3757;3764;6.70;0.41;256.41;3.60;920;14;1286.00;7
2837;14;622505481;2837;296;3758;3765;6.78;0.41;256.41;3.60;921;14;1287.00;7
2839;14;622505491;2839;288;3758;3765;6.89;0.42;256.51;3.60;919;14;1288.00;7
2842;15;622505502;2842;278;3759;3766;6.99;0.42;256.59;3.60;917;15;1289.00;7
2842;15;622505525;2842;268;3759;3766;7.04;0.42;256.59;3.60;917;15;1290.00;7
2844;15;622505536;2844;257;3759;3766;7.11;0.43;256.61;3.60;915;15;1291.00;7
2846;15;622505551;2846;242;3759;3766;7.20;0.43;256.61;3.60;913;15;1292.00;7
2848;15;622505562;2848;233;3759;3766;7.25;0.44;256.63;3.60;911;15;1293.00;7
2849;15;622505572;2849;234;3760;3766;7.35;0.44;256.62;3.60;911;15;1294.00;6
2849;15;622505583;2849;227;3760;3766;7.46;0.45;256.62;3.60;911;15;1295.00;6
2850;15;622505592;2850;234;3825;3893;7.61;0.47;256.65;3.55;975;15;1296.00;68
2852;15;622505613;2852;221;3825;3894;7.64;0.47;256.78;3.55;973;15;1297.00;69
2853;15;622505629;2853;218;3834;3894;7.76;0.48;256.82;3.55;981;15;1298.00;60
2856;15;622505640;2856;210;3835;3894;7.79;0.48;256.82;3.55;979;15;1299.00;59
2857;15;622505652;2857;206;3840;3894;7.87;0.48;256.74;3.55;983;15;1300.00;54
2857;15;622505666;2857;194;3842;3894;7.98;0.49;256.74;3.55;985;15;1301.00;52
2858;15;622505677;2858;191;3843;3894;8.05;0.49;256.77;3.55;985;15;1302.00;51
2862;15;622505694;2862;190;3847;3894;8.05;0.49;256.78;3.55;985;15;1303.00;47
2862;15;622505705;2862;186;3851;3895;8.07;0.49;256.78;3.56;989;15;1304.00;44
2867;15;622505716;2867;188;3856;3897;8.06;0.49;256.64;3.56;989;15;1305.00;41
2869;15;622505727;2869;180;3859;3897;8.04;0.49;256.67;3.57;990;15;1306.00;38
2871;15;622505738;2871;180;3861;3898;8.01;0.49;256.87;3.57;990;15;1307.00;37
2873;15;622505749;2873;181;3866;3898;7.99;0.49;256.92;3.58;993;15;1308.00;32
2877;15;622505759;2877;185;3869;3898;8.00;0.49;256.94;3.59;992;15;1309.00;29
2878;15;622505771;2878;182;3873;3898;7.98;0.49;256.93;3.60;995;15;1310.00;25
2883;15;622505782;2883;186;3876;3902;7.93;0.48;256.90;3.60;993;15;1311.00;26
2886;15;622505794;2886;190;3880;3902;7.89;0.48;256.89;3.62;994;15;1312.00;22
2886;15;622505806;2886;194;3881;3902;7.87;0.48;256.89;3.62;995;15;1313.00;21
2890;15;622505817;2890;197;3884;3905;7.87;0.48;257.23;3.62;994;15;1314.00;21
2891;15;622505828;2891;195;3886;3905;7.82;0.48;257.21;3.63;995;15;1315.00;19
2892;15;622505839;2892;193;3888;3905;7.77;0.47;257.26;3.65;996;15;1316.00;17
2894;15;622505851;2894;201;3892;3909;7.72;0.47;257.46;3.65;998;15;1317.00;17
2898;15;622505863;2898;200;3894;3910;7.73;0.47;257.48;3.66;996;15;1318.00;16
2899;15;622505875;2899;207;3895;3910;7.73;0.47;257.45;3.66;996;15;1319.00;15
2903;15;622505888;2903;213;3901;3915;7.79;0.47;257.53;3.67;998;15;1320.00;14
2903;15;622505904;2903;218;3903;3915;7.81;0.47;257.53;3.67;1000;15;1321.00;12
2906;15;622505921;2906;224;3904;3915;7.74;0.47;257.63;3.68;998;15;1322.00;11
2908;15;622505940;2908;229;3906;3916;7.72;0.47;257.76;3.69;998;15;1323.00;10
2911;15;622505960;2911;236;3906;3916;7.65;0.46;257.63;3.69;995;15;1324.00;10
2912;15;622505977;2912;238;3913;3922;7.67;0.46;257.62;3.69;1001;15;1325.00;9
2913;15;622505995;2913;245;3913;3922;7.63;0.46;257.62;3.69;1000;15;1326.00;9
2913;15;622506011;2913;245;3913;3923;7.57;0.46;257.62;3.69;1000;15;1327.00;10
2914;15;622506025;2914;254;3914;3923;7.55;0.46;257.56;3.70;1000;15;1328.00;9
2919;15;622506038;2919;257;3914;3923;7.49;0.45;257.64;3.70;995;15;1329.00;9
2919;15;622506051;2919;260;3914;3923;7.45;0.45;257.64;3.70;995;15;1330.00;9
2921;15;622506064;2921;269;3918;3923;7.42;0.45;257.88;3.73;997;15;1331.00;5
2922;15;622506076;2922;277;3928;3935;7.42;0.45;257.84;3.72;1006;15;1332.00;7
2925;15;622506089;2925;283;3929;3935;7.40;0.45;257.96;3.73;1004;15;1333.00;6
2928;15;622506102;2928;279;3931;3935;7.40;0.45;257.84;3.74;1003;15;1334.00;4
2930;15;622506115;2930;277;3933;3935;7.37;0.45;258.00;3.75;1003;15;1335.00;2
2933;15;622506127;2933;277;3933;3935;7.32;0.45;258.25;3.75;1000;15;1336.00;2
2934;15;622506139;2934;274;3935;3935;7.27;0.44;258.41;3.75;1001;15;1337.00;0
2935;15;622506150;2935;281;3939;3939;7.24;0.44;258.56;3.74;1004;15;1338.00;0
2937;15;622506163;2937;278;3939;3939;7.21;0.44;258.60;3.74;1002;15;1339.00;0
2939;15;622506174;2939;278;3943;3943;7.25;0.44;258.76;3.74;1004;15;1340.00;0
2943;15;622506186;2943;272;3944;3944;7.22;0.44;258.82;3.74;1001;15;1341.00;0
2946;15;622506198;2946;269;3944;3944;7.18;0.44;258.88;3.74;998;15;1342.00;0
2947;15;622506209;2947;270;3944;3944;7.18;0.44;259.03;3.74;997;15;1343.00;0
2952;15;622506221;2952;270;3957;3957;7.18;0.44;259.15;3.73;1005;15;1344.00;0
2954;15;622506234;2954;270;3957;3957;7.16;0.44;259.17;3.73;1003;15;1345.00;0
2955;15;622506246;2955;269;3957;3957;7.18;0.44;259.24;3.73;1002;15;1346.00;0
2957;15;622506258;2957;274;3958;3958;7.27;0.45;259.24;3.73;1001;15;1347.00;0
2959;15;622506270;2959;273;3959;3959;7.39;0.45;259.28;3.73;1000;15;1348.00;0
2964;15;622506283;2964;276;3959;3959;7.42;0.45;259.44;3.73;995;15;1349.00;0
2969;15;622506295;2969;280;3966;3968;7.48;0.46;259.63;3.72;997;15;1350.00;2
2970;15;622506308;2970;278;3966;3968;7.47;0.46;259.66;3.72;996;15;1351.00;2
2975;15;622506319;2975;286;3967;3968;7.41;0.45;259.84;3.72;992;15;1352.00;1
2978;15;622506330;2978;291;3967;3968;7.37;0.45;259.85;3.72;989;15;1353.00;1
2981;15;622506341;2981;285;3973;3974;7.31;0.45;259.84;3.72;992;15;1354.00;1
2986;15;622506353;2986;288;3974;3974;7.18;0.44;260.08;3.72;988;15;1355.00;0
2990;15;622506365;2990;289;3974;3974;7.02;0.43;260.28;3.72;984;15;1356.00;0
2997;15;622506375;2997;290;3974;3974;6.87;0.42;260.30;3.72;977;15;1357.00;0
3001;15;622506387;3001;291;3978;3978;6.72;0.41;260.45;3.71;977;15;1358.00;0
3006;15;622506399;3006;298;3979;3979;6.62;0.40;260.69;3.71;973;15;1359.00;0
3011;15;622506410;3011;288;3979;3979;6.59;0.40;260.81;3.71;968;15;1360.00;0
3014;15;622506420;3014;284;3980;3980;6.61;0.40;260.88;3.71;966;15;1361.00;0
3019;15;622506431;3019;279;3980;3980;6.64;0.41;260.96;3.71;961;15;1362.00;0
3022;15;622506443;3022;283;3980;3980;6.70;0.41;261.06;3.71;958;15;1363.00;0
3029;15;622506454;3029;284;3980;3980;6.71;0.41;261.33;3.71;951;15;1364.00;0
3034;15;622506465;3034;282;3980;3980;6.79;0.41;261.48;3.71;946;15;1365.00;0
3039;15;622506477;3039;284;3980;3980;6.86;0.42;261.45;3.71;941;15;1366.00;0
3045;15;622506487;3045;282;3980;3980;6.91;0.42;261.87;3.71;935;15;1367.00;0
3048;15;622506498;3048;281;4014;4050;7.13;0.44;261.91;3.68;966;15;1368.00;36
3053;15;622506516;3053;278;4015;4051;7.18;0.44;262.22;3.68;962;15;1369.00;36
3057;15;622506528;3057;279;4026;4051;7.23;0.44;262.32;3.68;969;15;1370.00;25
3060;15;622506539;3060;271;4030;4051;7.28;0.45;262.62;3.67;970;15;1371.00;21
3065;15;622506550;3065;273;4034;4051;7.29;0.45;262.76;3.68;969;15;1372.00;17
3068;15;622506562;3068;272;4036;4051;7.24;0.44;262.87;3.68;968;15;1373.00;15
3073;15;622506573;3073;279;4039;4051;7.19;0.44;263.08;3.68;966;15;1374.00;12
3075;15;622506584;3075;285;4041;4051;7.15;0.44;263.00;3.68;966;15;1375.00;10
3079;15;622506595;3079;291;4042;4052;7.08;0.43;263.11;3.68;963;15;1376.00;10
3084;15;622506607;3084;298;4044;4053;6.99;0.43;263.24;3.68;960;15;1377.00;9
3089;15;622506618;3089;311;4046;4053;6.92;0.42;263.16;3.69;957;15;1378.00;7
3098;15;622506630;3098;317;4051;4057;6.82;0.42;263.33;3.69;953;15;1379.00;6
3100;15;622506644;3100;320;4053;4057;6.79;0.42;263.32;3.69;953;15;1380.00;4
3104;15;622506657;3104;324;4053;4057;6.66;0.41;263.47;3.69;949;15;1381.00;4
3108;15;622506667;3108;325;4053;4057;6.63;0.41;263.79;3.69;945;15;1382.00;4
3114;15;622506679;3114;328;4059;4063;6.63;0.41;263.85;3.68;945;15;1383.00;4
3119;15;622506692;3119;332;4060;4063;6.59;0.40;263.98;3.69;941;15;1384.00;3
3124;15;622506703;3124;339;4060;4063;6.55;0.40;264.25;3.69;936;15;1385.00;3
3129;15;622506714;3129;340;4062;4066;6.56;0.40;264.47;3.68;933;15;1386.00;4
3134;15;622506726;3134;342;4065;4066;6.50;0.40;264.81;3.69;931;15;1387.00;1
3141;15;622506738;3141;344;4065;4066;6.42;0.39;265.01;3.69;924;15;1388.00;1
3143;15;622506750;3143;346;4066;4067;6.35;0.39;265.06;3.69;923;15;1389.00;1
3148;15;622506760;3148;354;4067;4068;6.29;0.39;265.38;3.69;919;15;1390.00;1
3153;15;622506771;3153;354;4068;4068;6.18;0.38;265.45;3.69;915;15;1391.00;0
3158;15;622506782;3158;360;4081;4081;6.23;0.38;265.46;3.68;923;15;1392.00;0
3163;15;622506794;3163;367;4081;4081;6.15;0.38;265.41;3.68;918;15;1393.00;0
3165;15;622506804;3165;368;4081;4081;6.15;0.38;265.48;3.68;916;15;1394.00;0
3171;15;622506815;3171;373;4083;4083;6.08;0.37;265.62;3.68;912;15;1395.00;0
3172;15;622506826;3172;379;4083;4083;6.03;0.37;265.56;3.68;911;15;1396.00;0
3177;15;622506837;3177;378;4087;4087;5.97;0.36;265.68;3.68;910;15;1397.00;0
3177;15;622506848;3177;380;4087;4087;5.91;0.36;265.68;3.68;910;15;1398.00;0
3181;15;622506858;3181;388;4091;4091;5.83;0.36;265.70;3.67;910;15;1399.00;0
3183;15;622506870;3183;391;4091;4091;5.76;0.35;265.72;3.67;908;15;1400.00;0
3185;15;622506884;3185;402;4091;4091;5.73;0.35;265.65;3.67;906;15;1401.00;0
3186;15;622506896;3186;406;4091;4091;5.64;0.35;265.60;3.67;905;15;1402.00;0
3189;15;622506908;3189;410;4091;4091;5.59;0.34;265.61;3.67;902;15;1403.00;0
3190;15;622506918;3190;419;4102;4103;5.68;0.35;265.65;3.66;912;15;1404.00;1
3192;15;622506929;3192;428;4102;4103;5.62;0.34;265.63;3.66;910;15;1405.00;1
3192;15;622506939;3192;434;4103;4103;5.61;0.34;265.63;3.66;911;15;1406.00;0
3194;15;622506949;3194;428;4103;4103;5.57;0.34;265.67;3.66;909;15;1407.00;0
3197;15;622506960;3197;418;4103;4103;5.54;0.34;265.64;3.66;906;15;1408.00;0
3198;15;622506971;3198;417;4103;4103;5.59;0.34;265.68;3.66;905;15;1409.00;0
3200;15;622506983;3200;412;4104;4104;5.69;0.35;265.81;3.66;904;15;1410.00;0
3200;15;622506993;3200;410;4104;4104;5.83;0.36;265.81;3.66;904;15;1411.00;0
3204;15;622507003;3204;408;4110;4110;5.93;0.36;265.65;3.66;906;15;1412.00;0
3206;15;622507014;3206;406;4111;4111;6.01;0.37;265.69;3.66;905;15;1413.00;0
3208;15;622507024;3208;410;4111;4111;6.08;0.37;265.71;3.66;903;15;1414.00;0
3212;16;622507035;3212;406;4111;4111;6.09;0.37;265.84;3.66;899;16;1415.00;0
3215;16;622507056;3215;392;4115;4115;6.12;0.37;265.83;3.65;900;16;1416.00;0
3220;16;622507067;3220;385;4115;4115;6.13;0.37;265.69;3.65;895;16;1417.00;0
3222;16;622507078;3222;385;4115;4115;6.13;0.37;265.58;3.65;893;16;1418.00;0
3224;16;622507088;3224;378;4116;4116;6.20;0.38;265.62;3.65;892;16;1419.00;0
3225;16;622507099;3225;378;4120;4120;6.27;0.38;265.67;3.65;895;16;1420.00;0
3226;16;622507115;3226;379;4120;4120;6.32;0.39;265.60;3.65;894;16;1421.00;0
3228;16;622507125;3228;378;4122;4123;6.42;0.39;265.59;3.65;894;16;1422.00;1
3229;16;622507135;3229;373;4122;4123;6.42;0.39;265.52;3.65;893;16;1423.00;1
3229;16;622507145;3229;376;4123;4123;6.52;0.40;265.52;3.65;894;16;1424.00;0
3233;16;622507156;3233;376;4123;4123;6.54;0.40;265.51;3.65;890;16;1425.00;0
3234;16;622507166;3234;378;4127;4127;6.65;0.40;265.51;3.65;893;16;1426.00;0
3234;16;622507176;3234;380;4127;4127;6.65;0.40;265.51;3.65;893;16;1427.00;0
3236;16;622507191;3236;376;4127;4127;6.68;0.41;265.56;3.65;891;16;1428.00;0
3237;16;622507201;3237;371;4127;4127;6.73;0.41;265.61;3.65;890;16;1429.00;0
3239;16;622507211;3239;370;4128;4128;6.74;0.41;265.57;3.65;889;16;1430.00;0
3240;16;622507222;3240;368;4129;4129;6.84;0.41;265.57;3.65;889;16;1431.00;0
3242;16;622507232;3242;369;4129;4129;6.87;0.42;265.59;3.65;887;16;1432.00;0
3244;16;622507242;3244;369;4130;4130;6.90;0.42;265.58;3.64;886;16;1433.00;0
3245;16;622507253;3245;367;4130;4130;6.90;0.42;265.62;3.64;885;16;1434.00;0
3249;16;622507263;3249;355;4130;4130;6.90;0.42;265.72;3.64;881;16;1435.00;0
3250;16;622507273;3250;349;4130;4130;6.88;0.42;265.73;3.64;880;16;1436.00;0
3250;16;622507283;3250;344;4130;4130;6.90;0.42;265.73;3.64;880;16;1437.00;0
3251;16;622507293;3251;339;4130;4130;6.95;0.42;265.91;3.64;879;16;1438.00;0
3251;16;622507307;3251;336;4130;4130;7.01;0.42;265.91;3.64;879;16;1439.00;0
3252;16;622507319;3252;385;4256;4360;7.04;0.44;265.90;3.54;1004;16;1440.00;104
3254;16;622507348;3254;365;4259;4361;7.05;0.44;265.93;3.54;1005;16;1441.00;102
3256;16;622507364;3256;343;4269;4361;7.16;0.45;265.86;3.53;1013;16;1442.00;92
3259;16;622507375;3259;336;4274;4361;7.22;0.45;265.94;3.53;1015;16;1443.00;87
3259;16;622507386;3259;331;4281;4361;7.29;0.45;265.94;3.53;1022;16;1444.00;80
3260;16;622507397;3260;329;4284;4361;7.31;0.45;265.92;3.53;1024;16;1445.00;77
3262;16;622507408;3262;329;4292;4361;7.35;0.46;266.05;3.54;1030;16;1446.00;69
3263;16;622507419;3263;328;4299;4361;7.33;0.45;266.10;3.54;1036;16;1447.00;62
3263;16;622507436;3263;333;4303;4362;7.36;0.45;266.10;3.55;1040;16;1448.00;59
3265;16;622507447;3265;324;4307;4363;7.32;0.45;266.11;3.55;1042;16;1449.00;56
3266;16;622507469;3266;323;4312;4363;7.32;0.45;266.14;3.56;1046;16;1450.00;51
3267;16;622507482;3267;319;4314;4364;7.38;0.45;266.15;3.56;1047;16;1451.00;50
3269;16;622507493;3269;317;4316;4364;7.38;0.45;266.13;3.57;1047;16;1452.00;48
3270;16;622507505;3270;316;4318;4364;7.37;0.45;266.16;3.57;1048;16;1453.00;46
3271;16;622507516;3271;313;4320;4364;7.40;0.45;266.14;3.58;1049;16;1454.00;44
3272;16;622507528;3272;319;4324;4368;7.36;0.45;266.16;3.58;1052;16;1455.00;44
3275;16;622507540;3275;323;4325;4368;7.38;0.45;266.30;3.58;1050;16;1456.00;43
3278;16;622507552;3278;329;4325;4368;7.39;0.45;266.25;3.58;1047;16;1457.00;43
3281;16;622507563;3281;333;4327;4371;7.41;0.45;266.54;3.58;1046;16;1458.00;44
3283;16;622507575;3283;326;4328;4371;7.38;0.45;266.62;3.58;1045;16;1459.00;43
3288;16;622507594;3288;323;4328;4371;7.33;0.45;266.80;3.58;1040;16;1460.00;43
3292;16;622507606;3292;325;4333;4375;7.30;0.45;266.94;3.59;1041;16;1461.00;42
3294;16;622507619;3294;313;4336;4376;7.30;0.45;266.90;3.59;1042;16;1462.00;40
3300;16;622507631;3300;308;4339;4376;7.28;0.44;266.99;3.61;1039;16;1463.00;37
3302;16;622507644;3302;308;4341;4380;7.37;0.45;267.07;3.61;1039;16;1464.00;39
3306;16;622507656;3306;303;4345;4380;7.36;0.45;267.18;3.63;1039;16;1465.00;35
3311;16;622507671;3311;295;4345;4380;7.35;0.45;267.34;3.63;1034;16;1466.00;35
3314;16;622507684;3314;287;4347;4381;7.41;0.45;267.46;3.64;1033;16;1467.00;34
3316;16;622507696;3316;287;4347;4381;7.40;0.45;267.60;3.64;1031;16;1468.00;34
3321;16;622507708;3321;284;4350;4387;7.42;0.45;267.58;3.64;1029;16;1469.00;37
3321;16;622507723;3321;277;4352;4387;7.46;0.45;267.58;3.64;1031;16;1470.00;35
3325;16;622507735;3325;269;4352;4388;7.46;0.45;267.61;3.64;1027;16;1471.00;36
3329;16;622507747;3329;260;4352;4388;7.47;0.45;267.59;3.64;1023;16;1472.00;36
3329;16;622507760;3329;257;4352;4388;7.49;0.46;267.59;3.64;1023;16;1473.00;36
3334;16;622507771;3334;259;4353;4388;7.49;0.45;267.46;3.65;1019;16;1474.00;35
3335;16;622507784;3335;257;4354;4388;7.52;0.46;267.45;3.66;1019;16;1475.00;34
3337;16;622507796;3337;256;4365;4400;7.57;0.46;267.46;3.65;1028;16;1476.00;35
3339;16;622507808;3339;259;4367;4400;7.54;0.46;267.61;3.67;1028;16;1477.00;33
3340;16;622507821;3340;258;4368;4400;7.57;0.46;267.57;3.67;1028;16;1478.00;32
3343;16;622507838;3343;258;4369;4400;7.57;0.46;267.56;3.67;1026;16;1479.00;31
3345;16;622507850;3345;261;4370;4400;7.54;0.46;267.62;3.68;1025;16;1480.00;30
3345;17;622507861;3345;260;4373;4400;7.54;0.46;267.62;3.70;1028;17;1481.00;27
3347;17;622507888;3347;260;4376;4404;7.52;0.46;267.59;3.70;1029;17;1482.00;28
3350;19;622507902;3350;256;4377;4404;7.54;0.46;267.62;3.71;1027;19;1483.00;27
3351;19;622507945;3351;253;4381;4408;7.58;0.46;267.77;3.71;1030;19;1484.00;27
3354;19;622507968;3354;249;4385;4410;7.55;0.46;267.87;3.72;1031;19;1485.00;25
3357;19;622507987;3357;246;4386;4410;7.50;0.46;267.97;3.72;1029;19;1486.00;24
3360;19;622508004;3360;242;4387;4410;7.53;0.46;268.01;3.73;1027;19;1487.00;23
3363;19;622508026;3363;249;4397;4423;7.59;0.46;268.14;3.73;1034;19;1488.00;26
3366;19;622508042;3366;248;4399;4423;7.60;0.46;268.26;3.75;1033;19;1489.00;24
3368;19;622508056;3368;261;4400;4423;7.62;0.46;268.23;3.76;1032;19;1490.00;23
3368;19;622508075;3368;263;4402;4424;7.65;0.47;268.23;3.77;1034;19;1491.00;22
3371;19;622508088;3371;267;4405;4425;7.65;0.47;268.34;3.81;1034;19;1492.00;20
3374;19;622508102;3374;270;4405;4425;7.64;0.47;268.57;3.81;1031;19;1493.00;20
3378;19;622508115;3378;275;4409;4428;7.61;0.47;268.52;3.83;1031;19;1494.00;19
3384;19;622508128;3384;278;4410;4428;7.55;0.46;268.65;3.84;1026;19;1495.00;18
3387;19;622508141;3387;278;4411;4428;7.51;0.46;268.66;3.84;1024;19;1496.00;17
3389;19;622508154;3389;288;4413;4428;7.46;0.45;268.66;3.86;1024;19;1497.00;15
3393;19;622508167;3393;293;4421;4434;7.45;0.45;268.69;3.89;1028;19;1498.00;13
3394;19;622508180;3394;300;4425;4434;7.37;0.45;268.80;3.91;1031;19;1499.00;9
3396;19;622508195;3396;303;4429;4453;7.35;0.45;268.96;3.91;1033;19;1500.00;24
3397;19;622508215;3397;301;4430;4453;7.34;0.45;268.96;3.92;1033;19;1501.00;23
3401;19;622508227;3401;303;4434;4457;7.28;0.45;269.05;3.92;1033;19;1502.00;23
3402;19;622508240;3402;307;4437;4458;7.29;0.45;269.16;3.93;1035;19;1503.00;21
3407;19;622508253;3407;309;4438;4458;7.22;0.44;269.11;3.93;1031;19;1504.00;20
3410;19;622508266;3410;313;4442;4459;7.21;0.44;269.19;3.94;1032;19;1505.00;17
3413;19;622508278;3413;319;4443;4459;7.19;0.44;269.32;3.94;1030;19;1506.00;16
3417;19;622508290;3417;320;4445;4459;7.19;0.44;269.44;3.94;1028;19;1507.00;14
3419;19;622508302;3419;324;4445;4459;7.21;0.44;269.62;3.94;1026;19;1508.00;14
3422;19;622508314;3422;327;4446;4459;7.23;0.44;269.81;3.95;1024;19;1509.00;13
3427;19;622508326;3427;326;4448;4459;7.22;0.44;269.84;3.95;1021;19;1510.00;11
3430;20;622508339;3430;320;4449;4459;7.22;0.44;270.00;3.95;1019;20;1511.00;10
3434;20;622508369;3434;324;4489;4529;7.16;0.44;270.14;3.92;1055;20;1512.00;40
3437;20;622508393;3437;320;4492;4530;7.16;0.44;270.18;3.92;1055;20;1513.00;38
3440;20;622508406;3440;322;4497;4530;7.17;0.44;270.31;3.92;1057;20;1514.00;33
3444;20;622508419;3444;313;4499;4530;7.18;0.44;270.25;3.92;1055;20;1515.00;31
3449;20;622508433;3449;310;4503;4530;7.22;0.44;270.49;3.92;1054;20;1516.00;27
3451;20;622508447;3451;308;4505;4530;7.29;0.45;270.47;3.92;1054;20;1517.00;25
3456;20;622508465;3456;314;4508;4530;7.32;0.45;270.48;3.92;1052;20;1518.00;22
3457;20;622508478;3457;317;4509;4530;7.39;0.45;270.46;3.93;1052;20;1519.00;21
3462;20;622508490;3462;318;4510;4531;7.35;0.45;270.49;3.93;1048;20;1520.00;21
3465;20;622508503;3465;319;4510;4532;7.34;0.45;270.47;3.93;1045;20;1521.00;22
3468;20;622508517;3468;323;4513;4532;7.28;0.45;270.57;3.93;1045;20;1522.00;19
3473;20;622508529;3473;323;4518;4536;7.20;0.44;270.78;3.93;1045;20;1523.00;18
3476;20;622508541;3476;326;4520;4536;7.13;0.43;270.80;3.94;1044;20;1524.00;16
3481;20;622508554;3481;326;4521;4536;6.99;0.43;271.11;3.94;1040;20;1525.00;15
3482;20;622508566;3482;332;4522;4536;6.89;0.42;271.04;3.94;1040;20;1526.00;14
3487;20;622508577;3487;341;4525;4542;6.80;0.42;270.92;3.94;1038;20;1527.00;17
3491;20;622508589;3491;346;4527;4542;6.67;0.41;270.93;3.95;1036;20;1528.00;15
3494;20;622508600;3494;350;4528;4542;6.55;0.40;270.98;3.95;1034;20;1529.00;14
3498;20;622508613;3498;332;4532;4548;6.46;0.39;271.04;3.96;1034;20;1530.00;16
3501;20;622508638;3501;332;4532;4548;6.37;0.39;271.04;3.96;1031;20;1531.00;16
3505;20;622508650;3505;328;4533;4548;6.33;0.39;271.16;3.96;1028;20;1532.00;15
3508;20;622508662;3508;323;4534;4549;6.34;0.39;271.37;3.96;1026;20;1533.00;15
3512;20;622508673;3512;324;4537;4550;6.32;0.39;271.42;3.97;1025;20;1534.00;13
3515;20;622508689;3515;328;4537;4550;6.33;0.39;271.44;3.97;1022;20;1535.00;13
3517;20;622508705;3517;330;4549;4563;6.40;0.39;271.60;3.96;1032;20;1536.00;14
3520;20;622508719;3520;326;4550;4563;6.48;0.40;271.63;3.96;1030;20;1537.00;13
3523;20;622508731;3523;326;4551;4563;6.53;0.40;271.77;3.97;1028;20;1538.00;12
3526;20;622508744;3526;324;4553;4564;6.54;0.40;271.80;3.97;1027;20;1539.00;11
3532;20;622508755;3532;322;4555;4564;6.49;0.40;272.02;3.98;1023;20;1540.00;9
3539;20;622508768;3539;319;4561;4568;6.42;0.39;272.25;3.99;1022;20;1541.00;7
3541;20;622508781;3541;316;4563;4568;6.36;0.39;272.31;4.00;1022;20;1542.00;5
3546;20;622508792;3546;308;4568;4572;6.20;0.38;272.60;4.00;1022;20;1543.00;4
3553;20;622508805;3553;313;4570;4572;6.12;0.37;272.63;4.00;1017;20;1544.00;2
3556;20;622508817;3556;317;4570;4572;6.12;0.37;272.77;4.00;1014;20;1545.00;2
3560;20;622508829;3560;324;4571;4572;6.08;0.37;272.83;4.00;1011;20;1546.00;1
3566;20;622508843;3566;328;4571;4572;6.05;0.37;272.79;4.00;1005;20;1547.00;1
3567;20;622508854;3567;335;4580;4584;6.06;0.37;272.77;3.99;1013;20;1548.00;4
3571;20;622508867;3571;338;4582;4584;6.01;0.37;272.91;3.99;1011;20;1549.00;2
3572;20;622508879;3572;339;4583;4584;5.95;0.36;272.87;3.99;1011;20;1550.00;1
3576;20;622508890;3576;346;4584;4584;5.93;0.36;272.97;3.99;1008;20;1551.00;0
3578;20;622508902;3578;346;4584;4584;5.93;0.36;272.87;3.99;1006;20;1552.00;0
3581;20;622508914;3581;355;4584;4584;5.91;0.36;272.82;3.99;1003;20;1553.00;0
3587;20;622508926;3587;360;4585;4585;5.86;0.36;272.86;3.99;998;20;1554.00;0
3589;20;622508938;3589;365;4587;4587;5.82;0.35;273.03;3.99;998;20;1555.00;0
3592;20;622508950;3592;367;4593;4593;5.73;0.35;272.97;3.99;1001;20;1556.00;0
3596;20;622508967;3596;380;4594;4594;5.67;0.35;272.91;3.99;998;20;1557.00;0
3599;20;622508979;3599;383;4594;4594;5.65;0.34;272.99;3.99;995;20;1558.00;0
3604;20;622508990;3604;388;4594;4594;5.59;0.34;273.04;3.99;990;20;1559.00;0
3606;20;622509002;3606;391;4599;4599;5.57;0.34;273.13;3.98;993;20;1560.00;0
3608;20;622509015;3608;398;4599;4599;5.55;0.34;273.16;3.98;991;20;1561.00;0
3613;20;622509029;3613;404;4599;4599;5.47;0.34;273.24;3.98;986;20;1562.00;0
3619;20;622509040;3619;403;4600;4600;5.43;0.33;273.02;3.98;981;20;1563.00;0
3620;20;622509051;3620;400;4604;4604;5.44;0.33;273.09;3.98;984;20;1564.00;0
3625;20;622509061;3625;410;4604;4604;5.37;0.33;273.01;3.98;979;20;1565.00;0
3628;20;622509071;3628;412;4606;4607;5.39;0.33;273.06;3.98;978;20;1566.00;1
3630;20;622509081;3630;418;4607;4607;5.36;0.33;272.99;3.98;977;20;1567.00;0
3631;20;622509091;3631;425;4607;4607;5.36;0.33;272.98;3.98;976;20;1568.00;0
3635;20;622509101;3635;425;4607;4607;5.26;0.32;272.80;3.98;972;20;1569.00;0
3635;20;622509133;3635;425;4611;4611;5.27;0.32;272.80;3.97;976;20;1570.00;0
3636;20;622509143;3636;433;4611;4611;5.19;0.32;272.75;3.97;975;20;1571.00;0
3639;20;622509153;3639;439;4611;4611;5.12;0.31;272.64;3.97;972;20;1572.00;0
3640;21;622509163;3640;444;4611;4611;5.07;0.31;272.57;3.97;971;21;1573.00;0
3643;21;622509187;3643;442;4612;4612;5.05;0.31;272.50;3.97;969;21;1574.00;0
3646;21;622509198;3646;447;4614;4614;5.04;0.31;272.33;3.97;968;21;1575.00;0
3647;21;622509208;3647;455;4614;4614;5.01;0.31;272.27;3.97;967;21;1576.00;0
3649;21;622509217;3649;439;4615;4615;5.06;0.31;272.31;3.97;966;21;1577.00;0
3653;21;622509228;3653;438;4615;4615;5.03;0.31;272.38;3.97;962;21;1578.00;0
3653;21;622509238;3653;438;4615;4615;5.07;0.31;272.38;3.97;962;21;1579.00;0
3653;21;622509247;3653;437;4615;4615;5.15;0.32;272.38;3.97;962;21;1580.00;0
3654;21;622509257;3654;438;4615;4615;5.20;0.32;272.41;3.97;961;21;1581.00;0
3655;21;622509267;3655;435;4615;4615;5.26;0.33;272.42;3.97;960;21;1582.00;0
3658;21;622509277;3658;435;4615;4615;5.27;0.33;272.47;3.97;957;21;1583.00;0
3660;21;622509286;3660;455;4688;4742;5.75;0.36;272.46;3.91;1028;21;1584.00;54
3662;21;622509306;3662;453;4691;4743;5.81;0.36;272.42;3.91;1029;21;1585.00;52
3666;21;622509317;3666;439;4701;4743;5.93;0.37;272.48;3.90;1035;21;1586.00;42
3667;21;622509328;3667;408;4703;4743;6.02;0.37;272.45;3.90;1036;21;1587.00;40
3670;21;622509344;3670;382;4709;4743;6.11;0.38;272.43;3.90;1039;21;1588.00;34
3673;21;622509356;3673;371;4710;4743;6.21;0.38;272.42;3.90;1037;21;1589.00;33
3676;21;622509369;3676;354;4713;4743;6.28;0.39;272.49;3.91;1037;21;1590.00;30
3678;21;622509386;3678;349;4716;4743;6.39;0.39;272.55;3.91;1038;21;1591.00;27
3680;22;622509404;3680;349;4719;4744;6.52;0.40;272.48;3.91;1039;22;1592.00;25
3681;22;622509427;3681;349;4723;4745;6.61;0.41;272.48;3.91;1042;22;1593.00;22
3682;22;622509444;3682;348;4726;4745;6.71;0.41;272.45;3.92;1044;22;1594.00;19
3682;22;622509457;3682;353;4728;4746;6.75;0.41;272.45;3.92;1046;22;1595.00;18
3683;22;622509469;3683;359;4730;4746;6.79;0.42;272.42;3.92;1047;22;1596.00;16
3684;22;622509488;3684;359;4733;4746;6.91;0.42;272.47;3.93;1049;22;1597.00;13
3685;22;622509501;3685;371;4734;4746;7.02;0.43;272.44;3.93;1049;22;1598.00;12
3686;22;622509513;3686;367;4739;4750;7.12;0.43;272.45;3.93;1053;22;1599.00;11
3687;22;622509528;3687;370;4740;4750;7.15;0.44;272.42;3.93;1053;22;1600.00;10
3690;22;622509545;3690;366;4741;4750;7.14;0.43;272.39;3.94;1051;22;1601.00;9
3690;22;622509558;3690;359;4743;4753;7.21;0.44;272.39;3.94;1053;22;1602.00;10
3691;22;622509571;3691;360;4743;4753;7.29;0.44;272.50;3.94;1052;22;1603.00;10
3692;22;622509584;3692;358;4745;4753;7.33;0.45;272.47;3.94;1053;22;1604.00;8
3693;22;622509597;3693;356;4749;4757;7.35;0.45;272.47;3.94;1056;22;1605.00;8
3694;22;622509611;3694;352;4750;4758;7.42;0.45;272.47;3.94;1056;22;1606.00;8
3697;22;622509624;3697;343;4752;4758;7.43;0.45;272.42;3.94;1055;22;1607.00;6
3697;22;622509637;3697;348;4755;4762;7.45;0.45;272.42;3.94;1058;22;1608.00;7
3702;22;622509650;3702;347;4755;4762;7.39;0.45;272.56;3.94;1053;22;1609.00;7
3703;22;622509663;3703;351;4755;4762;7.31;0.44;272.64;3.94;1052;22;1610.00;7
3706;22;622509676;3706;345;4756;4763;7.26;0.44;272.74;3.94;1050;22;1611.00;7
3708;22;622509689;3708;339;4756;4763;7.26;0.44;272.79;3.94;1048;22;1612.00;7
3713;22;622509701;3713;345;4761;4769;7.25;0.44;272.65;3.94;1048;22;1613.00;8
3715;22;622509714;3715;344;4761;4769;7.23;0.44;272.61;3.94;1046;22;1614.00;8
3716;22;622509727;3716;348;4761;4770;7.25;0.44;272.72;3.94;1045;22;1615.00;9
3718;22;622509739;3718;347;4761;4770;7.21;0.44;272.84;3.94;1043;22;1616.00;9
3721;22;622509751;3721;352;4761;4770;7.16;0.43;273.08;3.94;1040;22;1617.00;9
3722;22;622509765;3722;354;4761;4770;7.12;0.43;273.22;3.94;1039;22;1618.00;9
3722;22;622509777;3722;360;4761;4770;7.09;0.43;273.22;3.94;1039;22;1619.00;9
3725;22;622509791;3725;363;4788;4806;7.11;0.43;273.21;3.92;1063;22;1620.00;18
3728;22;622509806;3728;357;4788;4806;7.02;0.43;273.32;3.92;1060;22;1621.00;18
3730;22;622509819;3730;354;4792;4806;7.01;0.43;273.41;3.91;1062;22;1622.00;14
3730;22;622509831;3730;350;4792;4806;7.02;0.43;273.41;3.91;1062;22;1623.00;14
3731;22;622509844;3731;345;4793;4806;7.07;0.43;273.53;3.91;1062;22;1624.00;13
3734;22;622509856;3734;336;4793;4806;7.12;0.43;273.63;3.91;1059;22;1625.00;13
3736;22;622509868;3736;338;4797;4810;7.18;0.44;273.77;3.91;1061;22;1626.00;13
3737;22;622509881;3737;339;4797;4810;7.24;0.44;273.82;3.91;1060;22;1627.00;13
3741;22;622509893;3741;335;4801;4814;7.31;0.44;273.87;3.91;1060;22;1628.00;13
3742;22;622509920;3742;330;4802;4815;7.30;0.44;273.99;3.91;1060;22;1629.00;13
3744;22;622509941;3744;322;4802;4815;7.27;0.44;274.12;3.91;1058;22;1630.00;13
3746;22;622509962;3746;317;4802;4815;7.28;0.44;274.27;3.91;1056;22;1631.00;13
3748;22;622509981;3748;315;4813;4828;7.24;0.44;274.45;3.90;1065;22;1632.00;15
3751;22;622510001;3751;310;4813;4828;7.23;0.44;274.56;3.90;1062;22;1633.00;15
3755;22;622510017;3755;308;4813;4828;7.25;0.44;274.71;3.90;1058;22;1634.00;15
3762;22;622510031;3762;302;4815;4829;7.25;0.44;274.91;3.91;1053;22;1635.00;14
3764;22;622510045;3764;303;4815;4830;7.32;0.44;274.92;3.91;1051;22;1636.00;15
3770;22;622510059;3770;296;4815;4830;7.30;0.44;275.22;3.91;1045;22;1637.00;15
3776;22;622510073;3776;304;4817;4833;7.34;0.45;275.43;3.91;1041;22;1638.00;16
3779;22;622510087;3779;305;4818;4833;7.40;0.45;275.37;3.91;1039;22;1639.00;15
3782;22;622510100;3782;303;4818;4833;7.46;0.45;275.47;3.91;1036;22;1640.00;15
3786;22;622510112;3786;300;4819;4833;7.43;0.45;275.58;3.92;1033;22;1641.00;14
3788;22;622510125;3788;307;4824;4839;7.44;0.45;275.67;3.92;1036;22;1642.00;15
3792;22;622510137;3792;306;4824;4839;7.45;0.45;275.63;3.92;1032;22;1643.00;15
3797;22;622510149;3797;304;4824;4839;7.37;0.45;275.68;3.92;1027;22;1644.00;15
3799;22;622510162;3799;310;4824;4839;7.32;0.45;275.66;3.92;1025;22;1645.00;15
3801;22;622510174;3801;303;4827;4843;7.30;0.44;275.74;3.91;1026;22;1646.00;16
3803;22;622510187;3803;312;4828;4844;7.28;0.44;275.85;3.91;1025;22;1647.00;16
3804;22;622510199;3804;304;4828;4844;7.30;0.44;275.87;3.91;1024;22;1648.00;16
3806;22;622510212;3806;306;4829;4845;7.27;0.44;275.98;3.91;1023;22;1649.00;16
3810;22;622510226;3810;304;4829;4845;7.24;0.44;276.25;3.91;1019;22;1650.00;16
3812;22;622510238;3812;309;4830;4845;7.30;0.44;276.25;3.93;1018;22;1651.00;15
3816;22;622510257;3816;312;4830;4845;7.28;0.44;276.25;3.93;1014;22;1652.00;15
3817;22;622510268;3817;311;4830;4845;7.29;0.44;276.32;3.93;1013;22;1653.00;15
3819;22;622510280;3819;305;4830;4845;7.29;0.44;276.35;3.93;1011;22;1654.00;15
3821;22;622510292;3821;310;4830;4845;7.26;0.44;276.31;3.93;1009;22;1655.00;15
3822;22;622510304;3822;312;4867;4915;7.29;0.45;276.35;3.91;1045;22;1656.00;48
3823;22;622510321;3823;311;4868;4916;7.28;0.44;276.49;3.91;1045;22;1657.00;48
3825;22;622510332;3825;308;4876;4916;7.26;0.44;276.52;3.91;1051;22;1658.00;40
3827;22;622510345;3827;314;4877;4916;7.25;0.44;276.56;3.91;1050;22;1659.00;39
3830;22;622510356;3830;313;4884;4916;7.29;0.45;276.74;3.93;1054;22;1660.00;32
3832;22;622510369;3832;312;4886;4916;7.29;0.45;276.81;3.93;1054;22;1661.00;30
3835;22;622510382;3835;308;4891;4916;7.29;0.45;276.88;3.95;1056;22;1662.00;25
3839;22;622510394;3839;315;4894;4916;7.31;0.45;276.98;3.95;1055;22;1663.00;22
3841;22;622510407;3841;318;4898;4917;7.29;0.45;276.94;3.96;1057;22;1664.00;19
3844;22;622510419;3844;322;4904;4919;7.24;0.44;277.05;3.98;1060;22;1665.00;15
3848;22;622510432;3848;325;4906;4919;7.19;0.44;277.08;3.99;1058;22;1666.00;13
3852;22;622510446;3852;321;4910;4923;7.16;0.44;277.00;3.99;1058;22;1667.00;13
3856;22;622510459;3856;321;4910;4923;7.19;0.44;277.23;3.99;1054;22;1668.00;13
3858;22;622510474;3858;328;4912;4923;7.20;0.44;277.15;4.01;1054;22;1669.00;11
3861;22;622510487;3861;332;4912;4923;7.19;0.44;277.48;4.01;1051;22;1670.00;11
3864;22;622510500;3864;335;4917;4929;7.25;0.44;277.50;4.00;1053;22;1671.00;12
3867;22;622510514;3867;341;4919;4929;7.20;0.44;277.58;4.01;1052;22;1672.00;10
3870;22;622510527;3870;339;4919;4929;7.14;0.44;277.74;4.01;1049;22;1673.00;10
3871;22;622510540;3871;342;4923;4932;7.13;0.44;277.86;4.02;1052;22;1674.00;9
3874;22;622510552;3874;340;4923;4932;7.07;0.43;277.86;4.02;1049;22;1675.00;9
3877;22;622510564;3877;346;4924;4932;6.98;0.43;278.04;4.02;1047;22;1676.00;8
3877;23;622510576;3877;356;4924;4933;6.85;0.42;278.04;4.02;1047;23;1677.00;9
3882;23;622510604;3882;359;4927;4934;6.70;0.41;278.15;4.03;1045;23;1678.00;7
3885;23;622510616;3885;354;4928;4934;6.57;0.40;278.26;4.04;1043;23;1679.00;6
3885;23;622510630;3885;364;4948;4960;6.57;0.40;278.26;4.02;1063;23;1680.00;12
3890;23;622510644;3890;358;4948;4960;6.55;0.40;278.14;4.02;1058;23;1681.00;12
3893;23;622510658;3893;354;4953;4960;6.56;0.40;278.15;4.03;1060;23;1682.00;7
3896;23;622510671;3896;349;4955;4961;6.56;0.40;278.19;4.03;1059;23;1683.00;6
3900;23;622510682;3900;345;4955;4961;6.56;0.40;278.24;4.03;1055;23;1684.00;6
3901;23;622510695;3901;339;4960;4965;6.62;0.41;278.26;4.03;1059;23;1685.00;5
3903;23;622510707;3903;344;4961;4965;6.61;0.41;278.27;4.03;1058;23;1686.00;4
3905;23;622510724;3905;341;4963;4969;6.64;0.41;278.22;4.03;1058;23;1687.00;6
3909;23;622510735;3909;341;4965;4969;6.70;0.41;278.38;4.03;1056;23;1688.00;4
3910;23;622510748;3910;341;4966;4969;6.73;0.41;278.45;4.04;1056;23;1689.00;3
3912;23;622510760;3912;345;4966;4969;6.72;0.41;278.49;4.04;1054;23;1690.00;3
3917;23;622510771;3917;348;4966;4969;6.67;0.41;278.54;4.04;1049;23;1691.00;3
3921;23;622510783;3921;357;4976;4981;6.65;0.41;278.72;4.03;1055;23;1692.00;5
3925;23;622510795;3925;366;4977;4981;6.58;0.40;278.87;4.03;1052;23;1693.00;4
3931;23;622510806;3931;371;4979;4981;6.54;0.40;278.94;4.03;1048;23;1694.00;2
3935;23;622510817;3935;369;4979;4981;6.44;0.39;278.97;4.03;1044;23;1695.00;2
3941;23;622510829;3941;371;4979;4981;6.27;0.38;279.13;4.03;1038;23;1696.00;2
3947;23;622510839;3947;379;4980;4981;6.12;0.37;279.24;4.03;1033;23;1697.00;1
3950;23;622510850;3950;389;4981;4982;5.92;0.36;279.37;4.03;1031;23;1698.00;1
3961;23;622510861;3961;389;4982;4982;5.72;0.35;279.60;4.03;1021;23;1699.00;0
3965;23;622510872;3965;392;4988;4988;5.65;0.34;279.71;4.03;1023;23;1700.00;0
3968;23;622510890;3968;386;4989;4989;5.58;0.34;279.76;4.03;1021;23;1701.00;0
3972;23;622510903;3972;391;4989;4989;5.45;0.33;279.76;4.03;1017;23;1702.00;0
3977;23;622510914;3977;390;4989;4989;5.38;0.33;279.97;4.03;1012;23;1703.00;0
3980;23;622510926;3980;394;4993;4993;5.42;0.33;280.03;4.02;1013;23;1704.00;0
3982;23;622510937;3982;390;4993;4993;5.37;0.33;280.12;4.02;1011;23;1705.00;0
3984;23;622510947;3984;392;4993;4993;5.33;0.32;280.08;4.02;1009;23;1706.00;0
3986;23;622510958;3986;395;4994;4994;5.33;0.32;280.10;4.02;1008;23;1707.00;0
3990;23;622510969;3990;394;4998;4998;5.33;0.33;280.03;4.02;1008;23;1708.00;0
3992;23;622510979;3992;399;4998;4998;5.32;0.32;279.95;4.02;1006;23;1709.00;0
3995;23;622510991;3995;403;5002;5004;5.37;0.33;279.91;4.02;1007;23;1710.00;2
3997;23;622511002;3997;411;5002;5004;5.32;0.32;279.98;4.02;1005;23;1711.00;2
3999;23;622511012;3999;407;5004;5004;5.32;0.33;280.01;4.02;1005;23;1712.00;0
4002;23;622511021;4002;412;5004;5004;5.30;0.32;280.09;4.02;1002;23;1713.00;0
4007;23;622511032;4007;417;5008;5008;5.29;0.32;280.11;4.01;1001;23;1714.00;0
4010;23;622511043;4010;418;5008;5008;5.27;0.32;280.25;4.01;998;23;1715.00;0
4014;23;622511053;4014;420;5008;5008;5.24;0.32;280.29;4.01;994;23;1716.00;0
4017;23;622511063;4017;424;5008;5008;5.24;0.32;280.29;4.01;991;23;1717.00;0
4021;23;622511073;4021;432;5009;5009;5.25;0.32;280.27;4.01;988;23;1718.00;0
4026;23;622511083;4026;429;5010;5010;5.23;0.32;280.40;4.01;984;23;1719.00;0
4030;23;622511094;4030;432;5010;5010;5.16;0.32;280.41;4.01;980;23;1720.00;0
4034;23;622511104;4034;435;5011;5011;5.10;0.31;280.30;4.01;977;23;1721.00;0
4037;23;622511114;4037;435;5011;5011;5.07;0.31;280.28;4.01;974;23;1722.00;0
4041;23;622511124;4041;439;5011;5011;5.00;0.31;280.45;4.01;970;23;1723.00;0
4045;23;622511134;4045;439;5011;5011;4.95;0.30;280.39;4.01;966;23;1724.00;0
4048;23;622511144;4048;442;5011;5011;4.91;0.30;280.44;4.01;963;23;1725.00;0
4052;23;622511154;4052;446;5011;5011;4.86;0.30;280.31;4.01;959;23;1726.00;0
4057;23;622511163;4057;439;5011;5011;4.85;0.30;280.24;4.01;954;23;1727.00;0
4064;23;622511173;4064;467;5090;5138;5.23;0.33;280.28;3.95;1026;23;1728.00;48
4067;23;622511193;4067;464;5094;5139;5.25;0.33;280.18;3.95;1027;23;1729.00;45
4071;23;622511203;4071;467;5101;5139;5.38;0.33;280.19;3.95;1030;23;1730.00;38
4074;23;622511213;4074;460;5102;5139;5.41;0.34;280.16;3.95;1028;23;1731.00;37
4077;23;622511224;4077;466;5108;5139;5.47;0.34;280.12;3.95;1031;23;1732.00;31
4080;23;622511234;4080;468;5108;5139;5.47;0.34;280.16;3.95;1028;23;1733.00;31
4083;23;622511244;4083;473;5110;5139;5.42;0.34;280.18;3.95;1027;23;1734.00;29
4086;23;622511255;4086;479;5112;5139;5.36;0.33;280.20;3.95;1026;23;1735.00;27
4088;23;622511266;4088;478;5115;5140;5.31;0.33;280.19;3.95;1027;23;1736.00;25
4091;23;622511276;4091;490;5119;5141;5.26;0.33;280.17;3.95;1028;23;1737.00;22
4094;23;622511287;4094;485;5121;5141;5.14;0.32;280.24;3.96;1027;23;1738.00;20
4096;23;622511297;4096;478;5124;5142;5.08;0.31;280.33;3.96;1028;23;1739.00;18
4097;23;622511309;4097;474;5125;5142;5.11;0.32;280.37;3.96;1028;23;1740.00;17
4100;23;622511320;4100;472;5127;5142;5.13;0.32;280.37;3.96;1027;23;1741.00;15
4102;23;622511335;4102;481;5130;5142;5.21;0.32;280.38;3.97;1028;23;1742.00;12
4105;23;622511346;4105;484;5134;5146;5.27;0.33;280.40;3.97;1029;23;1743.00;12
4106;23;622511357;4106;478;5136;5146;5.30;0.33;280.45;3.98;1030;23;1744.00;10
4109;23;622511368;4109;472;5138;5146;5.33;0.33;280.45;3.98;1029;23;1745.00;8
4110;23;622511385;4110;472;5140;5149;5.35;0.33;280.51;3.99;1030;23;1746.00;9
4115;23;622511396;4115;462;5142;5149;5.39;0.33;280.51;3.99;1027;23;1747.00;7
4116;23;622511408;4116;455;5144;5149;5.44;0.33;280.49;4.00;1028;23;1748.00;5
4116;23;622511419;4116;444;5151;5153;5.58;0.34;280.49;4.00;1035;23;1749.00;2
4117;23;622511431;4117;437;5153;5154;5.66;0.35;280.54;3.99;1036;23;1750.00;1
4119;23;622511442;4119;432;5154;5154;5.74;0.35;280.53;4.00;1035;23;1751.00;0
4122;23;622511458;4122;427;5157;5158;5.83;0.36;280.48;3.99;1035;23;1752.00;1
4126;23;622511480;4126;424;5157;5158;5.90;0.36;280.65;3.99;1031;23;1753.00;1
4131;23;622511493;4131;423;5157;5158;5.94;0.36;280.75;3.99;1026;23;1754.00;1
4133;23;622511504;4133;423;5159;5160;5.99;0.36;280.74;3.99;1026;23;1755.00;1
4134;23;622511516;4134;423;5159;5160;6.01;0.37;280.68;3.99;1025;23;1756.00;1
4137;23;622511534;4137;407;5164;5166;6.07;0.37;280.56;3.99;1027;23;1757.00;2
4139;23;622511546;4139;399;5164;5166;6.14;0.37;280.57;3.99;1025;23;1758.00;2
4143;23;622511558;4143;395;5164;5167;6.20;0.38;280.50;3.99;1021;23;1759.00;3
4144;23;622511570;4144;389;5164;5167;6.26;0.38;280.44;3.99;1020;23;1760.00;3
4146;23;622511582;4146;386;5164;5167;6.33;0.38;280.53;3.99;1018;23;1761.00;3
4148;23;622511594;4148;382;5164;5167;6.41;0.39;280.53;3.99;1016;23;1762.00;3
4149;23;622511606;4149;383;5164;5167;6.46;0.39;280.56;3.99;1015;23;1763.00;3
4152;23;622511620;4152;387;5174;5179;6.58;0.40;280.68;3.98;1022;23;1764.00;5
4153;23;622511634;4153;385;5174;5179;6.56;0.40;280.69;3.98;1021;23;1765.00;5
4155;23;622511646;4155;390;5175;5179;6.56;0.40;280.64;3.98;1020;23;1766.00;4
4157;23;622511658;4157;385;5175;5179;6.53;0.40;280.68;3.98;1018;23;1767.00;4
4159;23;622511671;4159;373;5175;5179;6.51;0.40;280.72;3.98;1016;23;1768.00;4
4160;23;622511682;4160;366;5175;5179;6.55;0.40;280.83;3.98;1015;23;1769.00;4
4163;23;622511696;4163;364;5178;5183;6.50;0.40;281.06;3.98;1015;23;1770.00;5
4164;23;622511709;4164;367;5178;5183;6.55;0.40;281.06;3.98;1014;23;1771.00;5
4165;23;622511721;4165;362;5182;5187;6.62;0.40;281.17;3.98;1017;23;1772.00;5
4169;23;622511734;4169;360;5183;5188;6.59;0.40;281.34;3.98;1014;23;1773.00;5
4171;23;622511746;4171;357;5183;5188;6.60;0.40;281.36;3.98;1012;23;1774.00;5
4173;23;622511760;4173;365;5183;5188;6.61;0.40;281.50;3.98;1010;23;1775.00;5
4174;23;622511773;4174;368;5194;5201;6.69;0.41;281.51;3.97;1020;23;1776.00;7
4176;23;622511786;4176;372;5194;5201;6.71;0.41;281.75;3.97;1018;23;1777.00;7
4180;23;622511798;4180;383;5194;5201;6.71;0.41;281.88;3.97;1014;23;1778.00;7
4182;23;622511810;4182;384;5195;5202;6.76;0.41;281.98;3.97;1013;23;1779.00;7
4184;23;622511823;4184;391;5195;5203;6.78;0.41;282.00;3.97;1011;23;1780.00;8
4185;23;622511836;4185;390;5195;5203;6.81;0.41;282.01;3.97;1010;23;1781.00;8
4187;24;622511848;4187;385;5197;5206;6.84;0.41;282.06;3.96;1010;24;1782.00;9
4189;24;622511870;4189;386;5197;5206;6.80;0.41;282.16;3.96;1008;24;1783.00;9
4190;24;622511882;4190;384;5198;5206;6.80;0.41;282.18;3.96;1008;24;1784.00;8
4192;24;622511893;4192;389;5198;5206;6.76;0.41;282.23;3.96;1006;24;1785.00;8
4193;24;622511907;4193;393;5203;5212;6.77;0.41;282.34;3.96;1010;24;1786.00;9
4195;24;622511926;4195;400;5203;5212;6.75;0.41;282.39;3.96;1008;24;1787.00;9
4200;24;622511945;4200;394;5203;5212;6.75;0.41;282.55;3.96;1003;24;1788.00;9
4201;24;622511965;4201;395;5203;5212;6.70;0.41;282.60;3.96;1002;24;1789.00;9
4203;24;622511981;4203;389;5206;5216;6.66;0.40;282.71;3.96;1003;24;1790.00;10
4204;24;622511999;4204;383;5207;5217;6.74;0.41;282.69;3.96;1003;24;1791.00;10
4208;24;622512017;4208;380;5207;5217;6.78;0.41;282.75;3.96;999;24;1792.00;10
4210;24;622512031;4210;373;5208;5218;6.80;0.41;282.84;3.96;998;24;1793.00;10
4211;24;622512043;4211;373;5208;5218;6.86;0.42;282.88;3.96;997;24;1794.00;10
4213;24;622512057;4213;370;5208;5218;6.91;0.42;283.00;3.96;995;24;1795.00;10
4215;24;622512070;4215;369;5208;5218;6.97;0.42;282.98;3.96;993;24;1796.00;10
4218;24;622512083;4218;363;5208;5218;6.97;0.42;283.19;3.96;990;24;1797.00;10
4221;24;622512096;4221;365;5208;5218;6.99;0.42;283.33;3.96;987;24;1798.00;10
4224;24;622512108;4224;352;5208;5218;7.00;0.42;283.29;3.96;984;24;1799.00;10
4228;24;622512123;4228;367;5273;5356;7.00;0.43;283.34;3.91;1045;24;1800.00;83
4231;24;622512152;4231;353;5274;5357;6.98;0.43;283.52;3.91;1043;24;1801.00;83
4236;24;622512168;4236;337;5284;5357;7.01;0.43;283.67;3.91;1048;24;1802.00;73
4240;24;622512182;4240;328;5285;5357;7.05;0.43;283.75;3.91;1045;24;1803.00;72
4243;24;622512196;4243;331;5289;5357;7.14;0.44;283.84;3.91;1046;24;1804.00;68
4247;24;622512209;4247;321;5294;5357;7.16;0.44;283.99;3.92;1047;24;1805.00;63
4250;24;622512231;4250;324;5302;5357;7.20;0.44;284.12;3.93;1052;24;1806.00;55
4254;24;622512245;4254;326;5309;5357;7.19;0.44;284.21;3.93;1055;24;1807.00;48
4259;24;622512258;4259;314;5313;5358;7.19;0.44;284.51;3.93;1054;24;1808.00;45
4262;24;622512272;4262;318;5318;5359;7.18;0.44;284.55;3.94;1056;24;1809.00;41
4264;24;622512285;4264;308;5322;5359;7.21;0.44;284.47;3.94;1058;24;1810.00;37
4267;24;622512297;4267;311;5328;5363;7.22;0.44;284.60;3.94;1061;24;1811.00;35
4275;24;622512310;4275;307;5332;5363;7.21;0.44;284.67;3.95;1057;24;1812.00;31
4277;24;622512324;4277;298;5334;5363;7.23;0.44;284.71;3.95;1057;24;1813.00;29
4282;24;622512337;4282;290;5334;5363;7.18;0.44;284.74;3.95;1052;24;1814.00;29
4285;24;622512350;4285;296;5338;5369;7.19;0.44;284.73;3.95;1053;24;1815.00;31
4288;24;622512365;4288;290;5338;5369;7.14;0.43;284.81;3.95;1050;24;1816.00;31
4291;24;622512384;4291;290;5339;5369;7.12;0.43;284.91;3.95;1048;24;1817.00;30
4292;24;622512397;4292;296;5341;5372;7.16;0.44;284.85;3.95;1049;24;1818.00;31
4293;24;622512410;4293;298;5343;5372;7.09;0.43;284.89;3.96;1050;24;1819.00;29
4294;24;622512431;4294;301;5343;5372;7.11;0.43;284.91;3.96;1049;24;1820.00;29
4297;24;622512450;4297;302;5345;5373;7.09;0.43;285.09;3.96;1048;24;1821.00;28
4299;24;622512463;4299;307;5348;5374;7.10;0.43;285.25;3.97;1049;24;1822.00;26
4302;24;622512476;4302;304;5348;5374;7.10;0.43;285.37;3.97;1046;24;1823.00;26
4305;24;622512490;4305;307;5356;5387;7.06;0.43;285.41;3.96;1051;24;1824.00;31
4309;24;622512503;4309;302;5361;5387;7.06;0.43;285.38;3.97;1052;24;1825.00;26
4313;24;622512517;4313;300;5362;5387;7.04;0.43;285.39;3.97;1049;24;1826.00;25
4316;24;622512529;4316;302;5366;5388;6.99;0.43;285.47;3.98;1050;24;1827.00;22
4318;24;622512542;4318;306;5366;5388;7.00;0.43;285.54;3.98;1048;24;1828.00;22
4322;24;622512555;4322;303;5370;5392;6.98;0.43;285.56;3.98;1048;24;1829.00;22
4324;24;622512570;4324;306;5371;5392;6.94;0.42;285.71;3.99;1047;24;1830.00;21
4328;24;622512582;4328;311;5375;5396;6.93;0.42;285.67;4.00;1047;24;1831.00;21
4331;24;622512596;4331;317;5375;5396;6.89;0.42;285.85;4.00;1044;24;1832.00;21
4333;24;622512609;4333;315;5376;5396;6.91;0.42;285.97;4.01;1043;24;1833.00;20
4337;24;622512623;4337;318;5377;5396;6.93;0.42;285.92;4.02;1040;24;1834.00;19
4339;24;622512636;4339;320;5377;5396;6.89;0.42;285.84;4.02;1038;24;1835.00;19
4341;24;622512648;4341;329;5389;5408;6.96;0.43;285.84;4.02;1048;24;1836.00;19
4342;24;622512661;4342;325;5389;5408;6.99;0.43;285.87;4.02;1047;24;1837.00;19
4344;24;622512673;4344;330;5389;5408;6.97;0.43;285.95;4.02;1045;24;1838.00;19
4348;24;622512686;4348;336;5389;5408;6.94;0.43;285.92;4.02;1041;24;1839.00;19
4350;24;622512698;4350;342;5392;5408;6.93;0.43;286.05;4.05;1042;24;1840.00;16
4357;24;622512709;4357;348;5393;5408;6.84;0.42;286.18;4.06;1036;24;1841.00;15
4360;24;622512722;4360;356;5394;5409;6.80;0.42;286.10;4.07;1034;24;1842.00;15
4364;24;622512733;4364;366;5394;5409;6.75;0.42;286.14;4.07;1030;24;1843.00;15
4364;24;622512745;4364;370;5401;5415;6.77;0.42;286.14;4.08;1037;24;1844.00;14
4365;24;622512757;4365;377;5403;5417;6.70;0.41;286.11;4.08;1038;24;1845.00;14
4368;24;622512769;4368;383;5403;5417;6.63;0.41;286.10;4.08;1035;24;1846.00;14
4371;24;622512782;4371;392;5405;5417;6.46;0.40;286.10;4.09;1034;24;1847.00;12
4376;24;622512795;4376;393;5408;5421;6.36;0.39;286.10;4.09;1032;24;1848.00;13
4377;24;622512806;4377;386;5410;5421;6.25;0.39;286.22;4.10;1033;24;1849.00;11
4381;24;622512818;4381;376;5410;5421;6.19;0.38;286.33;4.10;1029;24;1850.00;11
4383;24;622512829;4383;375;5411;5422;6.22;0.38;286.34;4.10;1028;24;1851.00;11
4388;24;622512841;4388;379;5416;5426;6.20;0.38;286.46;4.11;1028;24;1852.00;10
4388;24;622512853;4388;375;5416;5426;6.27;0.39;286.46;4.11;1028;24;1853.00;10
4389;24;622512864;4389;378;5418;5429;6.35;0.39;286.44;4.11;1029;24;1854.00;11
4394;24;622512876;4394;376;5420;5429;6.37;0.39;286.39;4.13;1026;24;1855.00;9
4395;24;622512887;4395;373;5421;5429;6.44;0.39;286.48;4.12;1026;24;1856.00;8
4396;24;622512900;4396;374;5421;5429;6.42;0.39;286.43;4.12;1025;24;1857.00;8
4398;24;622512918;4398;368;5425;5433;6.51;0.40;286.48;4.12;1027;24;1858.00;8
4402;24;622512931;4402;365;5425;5433;6.50;0.40;286.45;4.12;1023;24;1859.00;8
4402;24;622512944;4402;365;5425;5433;6.48;0.40;286.45;4.12;1023;24;1860.00;8
4405;24;622512956;4405;369;5430;5433;6.44;0.40;286.32;4.15;1025;24;1861.00;3
4409;24;622512966;4409;373;5430;5434;6.33;0.39;286.34;4.15;1021;24;1862.00;4
4414;24;622512977;4414;379;5432;5435;6.25;0.38;286.34;4.15;1018;24;1863.00;3
4416;24;622512988;4416;375;5433;5435;6.19;0.38;286.44;4.16;1017;24;1864.00;2
4421;24;622512998;4421;379;5434;5436;6.10;0.37;286.41;4.16;1013;24;1865.00;2
4424;24;622513009;4424;389;5435;5436;5.94;0.36;286.38;4.16;1011;24;1866.00;1
4428;24;622513019;4428;398;5435;5436;5.77;0.35;286.34;4.16;1007;24;1867.00;1
4431;24;622513029;4431;405;5436;5436;5.60;0.34;286.37;4.16;1005;24;1868.00;0
4434;24;622513039;4434;409;5436;5436;5.51;0.34;286.34;4.16;1002;24;1869.00;0
4436;24;622513048;4436;407;5436;5436;5.36;0.33;286.37;4.16;1000;24;1870.00;0
4442;24;622513057;4442;410;5436;5436;5.25;0.32;286.20;4.16;994;24;1871.00;0
4444;24;622513066;4444;423;5502;5563;5.54;0.35;286.17;4.11;1058;24;1872.00;61
4449;24;622513085;4449;422;5506;5564;5.49;0.34;286.06;4.11;1057;24;1873.00;58
4450;24;622513095;4450;420;5515;5564;5.51;0.34;286.02;4.10;1065;24;1874.00;49
4453;24;622513105;4453;421;5517;5564;5.43;0.34;285.99;4.10;1064;24;1875.00;47
4454;24;622513116;4454;426;5524;5564;5.46;0.34;285.93;4.10;1070;24;1876.00;40
4457;24;622513130;4457;417;5525;5564;5.39;0.33;285.83;4.10;1068;24;1877.00;39
4459;24;622513145;4459;414;5529;5564;5.38;0.33;285.77;4.10;1070;24;1878.00;35
4463;24;622513157;4463;412;5534;5564;5.33;0.33;285.71;4.11;1071;24;1879.00;30
4464;24;622513166;4464;417;5537;5565;5.32;0.33;285.68;4.11;1073;24;1880.00;28
4467;24;622513177;4467;422;5540;5566;5.26;0.33;285.78;4.11;1073;24;1881.00;26
4468;24;622513187;4468;424;5546;5568;5.21;0.32;285.82;4.12;1078;24;1882.00;22
4470;24;622513197;4470;432;5549;5569;5.18;0.32;285.88;4.12;1079;24;1883.00;20
4474;24;622513208;4474;431;5551;5569;5.15;0.32;285.88;4.12;1077;24;1884.00;18
4475;24;622513218;4475;433;5552;5569;5.13;0.32;285.84;4.12;1077;24;1885.00;17
4480;24;622513229;4480;442;5554;5569;5.08;0.31;285.84;4.13;1074;24;1886.00;15
4481;24;622513240;4481;450;5556;5573;5.06;0.31;285.87;4.12;1075;24;1887.00;17
4484;24;622513250;4484;456;5557;5573;5.02;0.31;285.97;4.12;1073;24;1888.00;16
4487;24;622513261;4487;469;5558;5573;4.93;0.30;286.05;4.13;1071;24;1889.00;15
4489;24;622513273;4489;473;5561;5579;4.86;0.30;286.08;4.12;1072;24;1890.00;18
4490;24;622513284;4490;462;5563;5579;4.82;0.30;286.10;4.13;1073;24;1891.00;16
4492;24;622513294;4492;456;5563;5579;4.78;0.29;286.09;4.13;1071;24;1892.00;16
4496;24;622513305;4496;443;5568;5583;4.77;0.29;286.10;4.13;1072;24;1893.00;15
4499;24;622513316;4499;434;5569;5584;4.77;0.29;286.05;4.13;1070;24;1894.00;15
4501;24;622513326;4501;431;5569;5584;4.80;0.29;286.02;4.13;1068;24;1895.00;15
4506;24;622513337;4506;432;5571;5588;4.83;0.30;285.91;4.13;1065;24;1896.00;17
4506;24;622513348;4506;429;5571;5588;4.94;0.30;285.91;4.13;1065;24;1897.00;17
4511;24;622513364;4511;427;5572;5588;5.02;0.31;285.89;4.13;1061;24;1898.00;16
4514;24;622513375;4514;430;5575;5589;5.10;0.31;286.01;4.14;1061;24;1899.00;14
4517;24;622513387;4517;431;5575;5589;5.15;0.32;285.96;4.14;1058;24;1900.00;14
4520;24;622513402;4520;431;5579;5595;5.21;0.32;286.01;4.14;1059;24;1901.00;16
4524;24;622513414;4524;427;5579;5595;5.23;0.32;286.10;4.14;1055;24;1902.00;16
4529;24;622513425;4529;433;5579;5596;5.23;0.32;286.14;4.14;1050;24;1903.00;17
4533;24;622513436;4533;427;5580;5596;5.24;0.32;286.12;4.14;1047;24;1904.00;16
4539;24;622513447;4539;431;5580;5596;5.25;0.32;286.16;4.14;1041;24;1905.00;16
4541;24;622513458;4541;434;5580;5596;5.32;0.33;286.15;4.14;1039;24;1906.00;16
4547;24;622513469;4547;435;5581;5596;5.34;0.33;286.14;4.14;1034;24;1907.00;15
4556;24;622513480;4556;437;5590;5608;5.47;0.33;286.11;4.14;1034;24;1908.00;18
4557;24;622513493;4557;436;5591;5608;5.53;0.34;286.05;4.14;1034;24;1909.00;17
4559;24;622513503;4559;439;5591;5608;5.60;0.34;286.11;4.14;1032;24;1910.00;17
4561;24;622513514;4561;434;5591;5608;5.68;0.35;286.17;4.14;1030;24;1911.00;17
4562;24;622513525;4562;433;5592;5608;5.69;0.35;286.20;4.14;1030;24;1912.00;16
4565;24;622513535;4565;439;5592;5608;5.70;0.35;286.29;4.14;1027;24;1913.00;16
4568;24;622513546;4568;440;5595;5612;5.72;0.35;286.36;4.14;1027;24;1914.00;17
4568;24;622513558;4568;437;5596;5612;5.76;0.35;286.36;4.14;1028;24;1915.00;16
4570;24;622513568;4570;438;5599;5616;5.75;0.35;286.27;4.14;1029;24;1916.00;17
4571;24;622513579;4571;428;5600;5617;5.77;0.35;286.27;4.14;1029;24;1917.00;17
4573;24;622513590;4573;424;5601;5617;5.78;0.35;286.32;4.15;1028;24;1918.00;16
4574;24;622513602;4574;417;5601;5617;5.81;0.36;286.29;4.15;1027;24;1919.00;16
4577;24;622513614;4577;425;5627;5646;5.94;0.36;286.35;4.13;1050;24;1920.00;19
4578;24;622513628;4578;408;5628;5646;6.02;0.37;286.40;4.13;1050;24;1921.00;18
4580;24;622513640;4580;406;5629;5646;6.08;0.37;286.45;4.13;1049;24;1922.00;17
4584;24;622513651;4584;408;5631;5647;6.12;0.38;286.54;4.13;1047;24;1923.00;16
4586;24;622513663;4586;401;5631;5648;6.13;0.38;286.50;4.13;1045;24;1924.00;17
4591;24;622513675;4591;399;5632;5648;6.07;0.37;286.70;4.13;1041;24;1925.00;16
4597;24;622513687;4597;383;5634;5651;6.02;0.37;286.74;4.13;1037;24;1926.00;17
4600;24;622513699;4600;371;5634;5651;5.98;0.37;286.79;4.13;1034;24;1927.00;17
4605;24;622513711;4605;356;5635;5651;5.92;0.36;287.06;4.13;1030;24;1928.00;16
4608;24;622513722;4608;354;5635;5651;5.91;0.36;287.21;4.13;1027;24;1929.00;16
4609;24;622513734;4609;349;5640;5657;5.96;0.36;287.26;4.12;1031;24;1930.00;17
4613;24;622513746;4613;356;5640;5657;6.01;0.37;287.40;4.12;1027;24;1931.00;17
4616;24;622513758;4616;353;5640;5657;6.05;0.37;287.49;4.12;1024;24;1932.00;17
4618;24;622513776;4618;363;5640;5657;6.06;0.37;287.71;4.12;1022;24;1933.00;17
4619;24;622513793;4619;360;5643;5661;6.05;0.37;287.81;4.12;1024;24;1934.00;18
4620;24;622513805;4620;357;5645;5663;6.11;0.37;287.82;4.12;1025;24;1935.00;18
4623;24;622513816;4623;362;5645;5663;6.17;0.38;287.91;4.12;1022;24;1936.00;18
4624;24;622513828;4624;358;5646;5664;6.19;0.38;287.93;4.12;1022;24;1937.00;18
4625;24;622513841;4625;351;5646;5664;6.19;0.38;287.98;4.12;1021;24;1938.00;18
4628;24;622513853;4628;347;5646;5664;6.19;0.38;288.10;4.12;1018;24;1939.00;18
4629;24;622513865;4629;349;5646;5664;6.19;0.38;288.14;4.12;1017;24;1940.00;18
4632;24;622513877;4632;343;5646;5664;6.16;0.38;288.19;4.12;1014;24;1941.00;18
4636;24;622513889;4636;339;5646;5664;6.18;0.38;288.27;4.12;1010;24;1942.00;18
4637;24;622513901;4637;335;5646;5664;6.23;0.38;288.22;4.12;1009;24;1943.00;18
4639;24;622513920;4639;355;5690;5734;6.20;0.38;288.36;4.09;1051;24;1944.00;44
4640;24;622513957;4640;344;5690;5735;6.28;0.38;288.41;4.09;1050;24;1945.00;45
4643;24;622513977;4643;343;5694;5735;6.39;0.39;288.45;4.09;1051;24;1946.00;41
4643;24;622513994;4643;341;5694;5735;6.45;0.39;288.45;4.09;1051;24;1947.00;41
4646;24;622514011;4646;338;5697;5735;6.50;0.40;288.49;4.09;1051;24;1948.00;38
4647;24;622514027;4647;345;5698;5735;6.55;0.40;288.52;4.09;1051;24;1949.00;37
4650;24;622514043;4650;350;5702;5737;6.57;0.40;288.72;4.09;1052;24;1950.00;35
4655;24;622514057;4655;353;5704;5737;6.61;0.40;288.75;4.09;1049;24;1951.00;33
4657;24;622514076;4657;358;5706;5738;6.61;0.40;288.87;4.09;1049;24;1952.00;32
4659;24;622514097;4659;359;5710;5739;6.67;0.40;288.92;4.09;1051;24;1953.00;29
4660;24;622514110;4660;356;5711;5739;6.67;0.40;289.00;4.09;1051;24;1954.00;28
4662;24;622514125;4662;359;5715;5743;6.66;0.40;289.07;4.09;1053;24;1955.00;28
4662;24;622514138;4662;360;5716;5743;6.69;0.41;289.07;4.09;1054;24;1956.00;27
4670;24;622514151;4670;363;5717;5743;6.62;0.40;289.32;4.09;1047;24;1957.00;26
4671;24;622514164;4671;368;5718;5743;6.57;0.40;289.32;4.10;1047;24;1958.00;25
4673;24;622514176;4673;370;5723;5749;6.53;0.39;289.50;4.10;1050;24;1959.00;26
4675;24;622514190;4675;368;5724;5749;6.53;0.40;289.55;4.10;1049;24;1960.00;25
4675;24;622514202;4675;366;5725;5749;6.53;0.39;289.55;4.10;1050;24;1961.00;24
4678;24;622514215;4678;360;5727;5752;6.49;0.39;289.67;4.10;1049;24;1962.00;25
4679;24;622514234;4679;356;5727;5752;6.45;0.39;289.69;4.10;1048;24;1963.00;25
4681;24;622514247;4681;347;5728;5752;6.40;0.39;289.78;4.09;1047;24;1964.00;24
4685;24;622514261;4685;343;5728;5753;6.34;0.38;289.81;4.09;1043;24;1965.00;25
4686;24;622514274;4686;343;5729;5754;6.32;0.38;289.84;4.09;1043;24;1966.00;25
4689;24;622514287;4689;335;5729;5754;6.27;0.38;289.93;4.09;1040;24;1967.00;25
4691;24;622514299;4691;331;5739;5767;6.30;0.38;290.04;4.09;1048;24;1968.00;28
4692;24;622514312;4692;322;5739;5767;6.31;0.38;290.13;4.09;1047;24;1969.00;28
4694;24;622514324;4694;319;5739;5767;6.34;0.38;290.18;4.09;1045;24;1970.00;28
4696;24;622514336;4696;317;5740;5768;6.38;0.38;290.28;4.09;1044;24;1971.00;28
4698;24;622514349;4698;308;5740;5768;6.38;0.38;290.40;4.09;1042;24;1972.00;28
4701;24;622514361;4701;296;5745;5772;6.41;0.39;290.46;4.08;1044;24;1973.00;27
4703;24;622514374;4703;295;5745;5772;6.41;0.39;290.54;4.08;1042;24;1974.00;27
4706;24;622514386;4706;289;5749;5776;6.41;0.39;290.57;4.10;1043;24;1975.00;27
4709;24;622514400;4709;289;5749;5776;6.46;0.39;290.63;4.10;1040;24;1976.00;27
4713;24;622514412;4713;284;5749;5776;6.49;0.39;290.93;4.10;1036;24;1977.00;27
4715;24;622514425;4715;280;5749;5776;6.50;0.39;291.08;4.10;1034;24;1978.00;27
4718;24;622514437;4718;278;5749;5776;6.47;0.39;291.10;4.10;1031;24;1979.00;27
4719;24;622514451;4719;273;5772;5810;6.53;0.40;291.22;4.08;1053;24;1980.00;38
4722;24;622514467;4722;269;5773;5810;6.51;0.40;291.28;4.08;1051;24;1981.00;37
4724;24;622514480;4724;273;5774;5810;6.50;0.39;291.31;4.08;1050;24;1982.00;36
4727;24;622514493;4727;269;5774;5810;6.45;0.39;291.36;4.08;1047;24;1983.00;36
4729;24;622514511;4729;272;5775;5810;6.49;0.39;291.43;4.08;1046;24;1984.00;35
4731;24;622514523;4731;266;5775;5810;6.54;0.40;291.51;4.08;1044;24;1985.00;35
4732;24;622514536;4732;269;5775;5811;6.54;0.40;291.54;4.08;1043;24;1986.00;36
4733;24;622514548;4733;263;5776;5811;6.54;0.40;291.58;4.08;1043;24;1987.00;35
4735;24;622514560;4735;269;5780;5817;6.57;0.40;291.48;4.08;1045;24;1988.00;37
4735;24;622514574;4735;264;5781;5818;6.59;0.40;291.48;4.08;1046;24;1989.00;37
4738;24;622514586;4738;271;5781;5818;6.56;0.40;291.44;4.08;1043;24;1990.00;37
4741;24;622514599;4741;273;5782;5818;6.55;0.40;291.57;4.08;1041;24;1991.00;36
4741;24;622514611;4741;279;5786;5822;6.59;0.40;291.57;4.08;1045;24;1992.00;36
4746;24;622514624;4746;278;5786;5822;6.59;0.40;291.66;4.08;1040;24;1993.00;36
4749;24;622514637;4749;286;5788;5822;6.56;0.40;291.87;4.08;1039;24;1994.00;34
4752;24;622514649;4752;294;5789;5823;6.64;0.41;291.82;4.08;1037;24;1995.00;34
4754;24;622514662;4754;298;5794;5827;6.67;0.41;292.00;4.10;1040;24;1996.00;33
4761;24;622514675;4761;298;5796;5827;6.62;0.40;292.14;4.14;1035;24;1997.00;31
4763;24;622514689;4763;307;5798;5830;6.58;0.40;292.10;4.14;1035;24;1998.00;32
4764;24;622514701;4764;310;5799;5830;6.58;0.40;292.11;4.14;1035;24;1999.00;31
4767;24;622514714;4767;316;5801;5830;6.52;0.40;292.20;4.17;1034;24;2000.00;29
4769;24;622514732;4769;318;5801;5830;6.48;0.40;292.19;4.17;1032;24;2001.00;29
4773;24;622514744;4773;325;5805;5834;6.48;0.40;292.30;4.17;1032;24;2002.00;29
4776;24;622514757;4776;324;5807;5834;6.41;0.39;292.38;4.20;1031;24;2003.00;27
4779;24;622514769;4779;327;5807;5834;6.39;0.39;292.35;4.20;1028;24;2004.00;27
4780;24;622514781;4780;328;5807;5834;6.37;0.39;292.40;4.20;1027;24;2005.00;27
4782;24;622514793;4782;333;5808;5835;6.32;0.38;292.45;4.22;1026;24;2006.00;27
4784;24;622514805;4784;342;5809;5836;6.35;0.39;292.49;4.22;1025;24;2007.00;27
4785;24;622514818;4785;346;5809;5836;6.34;0.39;292.54;4.22;1024;24;2008.00;27
4787;24;622514829;4787;350;5811;5837;6.33;0.39;292.59;4.24;1024;24;2009.00;26
4790;24;622514842;4790;358;5812;5837;6.32;0.39;292.59;4.26;1022;24;2010.00;25
4793;24;622514854;4793;358;5813;5837;6.28;0.38;292.53;4.28;1020;24;2011.00;24
4794;24;622514866;4794;372;5813;5837;6.24;0.38;292.58;4.28;1019;24;2012.00;24
4795;24;622514877;4795;365;5813;5837;6.20;0.38;292.57;4.28;1018;24;2013.00;24
4798;24;622514889;4798;369;5814;5837;6.19;0.38;292.61;4.30;1016;24;2014.00;23
4800;24;622514901;4800;369;5814;5837;6.15;0.38;292.54;4.30;1014;24;2015.00;23
4803;24;622514913;4803;389;5881;5964;6.37;0.40;292.52;4.27;1078;24;2016.00;83
4803;24;622514934;4803;388;5884;5965;6.33;0.39;292.52;4.27;1081;24;2017.00;81
4807;24;622514946;4807;387;5894;5965;6.31;0.39;292.41;4.28;1087;24;2018.00;71
4808;24;622514957;4808;384;5897;5965;6.28;0.39;292.39;4.28;1089;24;2019.00;68
4811;24;622514971;4811;383;5906;5965;6.31;0.39;292.42;4.31;1095;24;2020.00;59
4816;24;622514982;4816;373;5910;5965;6.24;0.39;292.30;4.31;1094;24;2021.00;55
4819;24;622514993;4819;377;5914;5965;6.18;0.38;292.25;4.32;1095;24;2022.00;51
4819;24;622515005;4819;372;5919;5965;6.13;0.38;292.25;4.35;1100;24;2023.00;46
4822;24;622515022;4822;372;5922;5966;6.05;0.37;292.14;4.36;1100;24;2024.00;44
4825;24;622515033;4825;378;5929;5968;5.99;0.37;292.04;4.38;1104;24;2025.00;39
4827;24;622515045;4827;372;5931;5968;5.98;0.37;291.99;4.38;1104;24;2026.00;37
4829;24;622515057;4829;377;5935;5969;5.95;0.37;291.98;4.41;1106;24;2027.00;34
4833;24;622515068;4833;379;5938;5969;5.88;0.36;291.97;4.41;1105;24;2028.00;31
4833;24;622515080;4833;390;5940;5969;5.82;0.36;291.97;4.43;1107;24;2029.00;29
4833;24;622515091;4833;399;5943;5969;5.72;0.35;291.97;4.43;1110;24;2030.00;26
4836;24;622515102;4836;404;5946;5973;5.62;0.35;291.84;4.43;1110;24;2031.00;27
4838;24;622515114;4838;417;5950;5973;5.43;0.33;291.86;4.46;1112;24;2032.00;23
4839;24;622515124;4839;430;5951;5973;5.31;0.33;291.84;4.47;1112;24;2033.00;22
4840;24;622515135;4840;442;5955;5976;5.23;0.32;291.84;4.48;1115;24;2034.00;21
4842;24;622515146;4842;449;5958;5976;5.11;0.31;291.81;4.49;1116;24;2035.00;18
4844;24;622515157;4844;457;5959;5976;5.03;0.31;291.91;4.50;1115;24;2036.00;17
4847;24;622515167;4847;469;5962;5980;4.95;0.31;291.88;4.50;1115;24;2037.00;18
4848;24;622515177;4848;478;5965;5981;4.86;0.30;291.89;4.51;1117;24;2038.00;16
4850;24;622515188;4850;482;5966;5981;4.73;0.29;291.82;4.51;1116;24;2039.00;15
4853;24;622515199;4853;474;5970;5986;4.72;0.29;291.82;4.51;1117;24;2040.00;16
4855;24;622515211;4855;480;5973;5986;4.66;0.29;291.74;4.53;1118;24;2041.00;13
4857;24;622515221;4857;481;5973;5986;4.62;0.29;291.65;4.53;1116;24;2042.00;13
4860;24;622515231;4860;465;5974;5987;4.59;0.28;291.61;4.53;1114;24;2043.00;13
4861;24;622515242;4861;451;5977;5987;4.59;0.28;291.60;4.53;1116;24;2044.00;10
4866;24;622515253;4866;444;5982;5993;4.67;0.29;291.41;4.53;1116;24;2045.00;11
4870;24;622515264;4870;439;5982;5993;4.69;0.29;291.34;4.53;1112;24;2046.00;11
4876;24;622515275;4876;433;5982;5994;4.73;0.29;291.20;4.53;1106;24;2047.00;12
4877;24;622515287;4877;426;5982;5994;4.85;0.30;291.22;4.53;1105;24;2048.00;12
4882;24;622515298;4882;421;5982;5994;4.92;0.30;291.18;4.53;1100;24;2049.00;12
4884;24;622515318;4884;418;5982;5994;5.01;0.31;291.20;4.53;1098;24;2050.00;12
4885;24;622515329;4885;412;5982;5994;5.11;0.31;291.22;4.53;1097;24;2051.00;12
4887;24;622515340;4887;410;5993;6006;5.28;0.32;291.27;4.52;1106;24;2052.00;13
4892;24;622515353;4892;404;5993;6006;5.31;0.32;291.26;4.52;1101;24;2053.00;13
4894;24;622515364;4894;402;5993;6006;5.35;0.33;291.33;4.52;1099;24;2054.00;13
4899;24;622515376;4899;405;5993;6006;5.33;0.33;291.34;4.52;1094;24;2055.00;13
4901;24;622515387;4901;406;5993;6006;5.34;0.33;291.35;4.52;1092;24;2056.00;13
4903;24;622515405;4903;408;5993;6006;5.36;0.33;291.36;4.52;1090;24;2057.00;13
4905;24;622515417;4905;407;5996;6010;5.39;0.33;291.48;4.52;1091;24;2058.00;14
4908;24;622515429;4908;404;5996;6010;5.41;0.33;291.51;4.52;1088;24;2059.00;14
4910;24;622515441;4910;393;6000;6014;5.48;0.33;291.53;4.52;1090;24;2060.00;14
4912;24;622515452;4912;391;6001;6015;5.50;0.34;291.55;4.52;1089;24;2061.00;14
4915;24;622515464;4915;389;6001;6015;5.45;0.33;291.53;4.52;1086;24;2062.00;14
4919;24;622515476;4919;395;6001;6015;5.39;0.33;291.64;4.52;1082;24;2063.00;14
4925;24;622515488;4925;391;6012;6028;5.38;0.33;291.68;4.51;1087;24;2064.00;16
4931;24;622515501;4931;389;6012;6028;5.35;0.32;291.88;4.51;1081;24;2065.00;16
4934;24;622515514;4934;389;6012;6028;5.30;0.32;291.95;4.51;1078;24;2066.00;16
4935;24;622515526;4935;398;6013;6029;5.29;0.32;291.92;4.51;1078;24;2067.00;16
4940;24;622515537;4940;396;6013;6030;5.29;0.32;291.81;4.51;1073;24;2068.00;17
4943;24;622515549;4943;402;6013;6030;5.27;0.32;291.93;4.51;1070;24;2069.00;17
4945;24;622515562;4945;401;6018;6036;5.38;0.33;291.98;4.51;1073;24;2070.00;18
4950;24;622515574;4950;403;6018;6036;5.40;0.33;292.01;4.51;1068;24;2071.00;18
4952;24;622515586;4952;405;6019;6036;5.42;0.33;292.04;4.51;1067;24;2072.00;17
4956;24;622515598;4956;402;6019;6036;5.42;0.33;292.07;4.51;1063;24;2073.00;17
4960;24;622515609;4960;401;6024;6042;5.49;0.33;292.04;4.50;1064;24;2074.00;18
4962;24;622515622;4962;398;6024;6042;5.59;0.34;292.05;4.50;1062;24;2075.00;18
4965;24;622515633;4965;401;6024;6042;5.65;0.34;292.20;4.50;1059;24;2076.00;18
4971;24;622515646;4971;394;6024;6042;5.69;0.35;292.24;4.50;1053;24;2077.00;18
4972;24;622515658;4972;396;6027;6046;5.76;0.35;292.35;4.50;1055;24;2078.00;19
4976;24;622515669;4976;392;6028;6047;5.76;0.35;292.46;4.50;1052;24;2079.00;19
4978;24;622515681;4978;391;6028;6047;5.75;0.35;292.46;4.50;1050;24;2080.00;19
4982;24;622515693;4982;393;6029;6048;5.75;0.35;292.63;4.50;1047;24;2081.00;19
4984;24;622515704;4984;397;6029;6048;5.70;0.35;292.68;4.50;1045;24;2082.00;19
4987;24;622515716;4987;397;6029;6048;5.60;0.34;292.75;4.50;1042;24;2083.00;19
4989;24;622515727;4989;395;6029;6048;5.54;0.34;292.82;4.50;1040;24;2084.00;19
4991;24;622515739;4991;396;6029;6048;5.54;0.34;292.94;4.50;1038;24;2085.00;19
4994;24;622515750;4994;396;6029;6048;5.55;0.34;292.91;4.50;1035;24;2086.00;19
4998;24;622515762;4998;390;6029;6048;5.52;0.34;293.12;4.50;1031;24;2087.00;19
4999;24;622515773;4999;420;6086;6118;5.48;0.33;293.19;4.46;1087;24;2088.00;32
5006;24;622515791;5006;399;6086;6119;5.47;0.33;293.60;4.46;1080;24;2089.00;33
5009;24;622515804;5009;397;6089;6119;5.55;0.34;293.77;4.46;1080;24;2090.00;30
5012;24;622515816;5012;395;6090;6119;5.62;0.34;293.80;4.46;1078;24;2091.00;29
5016;24;622515828;5016;392;6090;6119;5.69;0.35;294.04;4.46;1074;24;2092.00;29
5019;24;622515841;5019;392;6091;6119;5.76;0.35;294.10;4.46;1072;24;2093.00;28
5022;24;622515855;5022;393;6092;6119;5.84;0.35;294.26;4.46;1070;24;2094.00;27
5025;24;622515870;5025;396;6093;6119;5.89;0.36;294.25;4.46;1068;24;2095.00;26
5026;24;622515889;5026;383;6094;6120;5.96;0.36;294.21;4.46;1068;24;2096.00;26
5028;24;622515902;5028;381;6095;6121;5.98;0.36;294.22;4.46;1067;24;2097.00;26
5030;24;622515920;5030;380;6095;6121;6.02;0.37;294.37;4.46;1065;24;2098.00;26
5031;24;622515940;5031;383;6099;6125;6.04;0.37;294.41;4.46;1068;24;2099.00;26
5033;24;622515965;5033;384;6105;6140;6.02;0.37;294.41;4.45;1072;24;2100.00;35
5036;24;622516001;5036;385;6105;6140;6.03;0.37;294.52;4.45;1069;24;2101.00;35
5038;24;622516022;5038;394;6105;6140;6.07;0.37;294.51;4.45;1067;24;2102.00;35
5040;24;622516039;5040;401;6109;6146;6.05;0.37;294.57;4.45;1069;24;2103.00;37
5041;24;622516054;5041;410;6109;6146;6.05;0.37;294.60;4.45;1068;24;2104.00;37
5042;24;622516069;5042;410;6109;6146;6.05;0.37;294.70;4.45;1067;24;2105.00;37
5042;24;622516083;5042;420;6113;6149;6.01;0.37;294.70;4.45;1071;24;2106.00;36
5047;24;622516097;5047;419;6113;6149;5.95;0.36;294.92;4.45;1066;24;2107.00;36
5050;24;622516111;5050;417;6114;6149;5.96;0.36;295.03;4.45;1064;24;2108.00;35
5051;24;622516125;5051;418;6114;6150;5.94;0.36;295.04;4.45;1063;24;2109.00;36
5055;24;622516138;5055;417;6115;6151;5.90;0.36;295.16;4.45;1060;24;2110.00;36
5056;24;622516152;5056;411;6115;6151;5.92;0.36;295.22;4.45;1059;24;2111.00;36
5058;24;622516165;5058;422;6126;6164;5.92;0.36;295.23;4.45;1068;24;2112.00;38
5060;24;622516180;5060;406;6127;6164;5.88;0.36;295.37;4.45;1067;24;2113.00;37
5060;24;622516193;5060;404;6127;6164;5.93;0.36;295.37;4.45;1067;24;2114.00;37
5064;24;622516206;5064;400;6129;6166;5.95;0.36;295.49;4.44;1065;24;2115.00;37
5065;24;622516220;5065;408;6129;6166;6.02;0.36;295.53;4.44;1064;24;2116.00;37
5068;24;622516233;5068;408;6133;6170;6.07;0.37;295.57;4.44;1065;24;2117.00;37
5072;24;622516245;5072;414;6134;6170;6.09;0.37;295.63;4.45;1062;24;2118.00;36
5074;24;622516259;5074;407;6137;6174;6.09;0.37;295.72;4.45;1063;24;2119.00;37
5077;24;622516272;5077;407;6137;6174;6.09;0.37;295.82;4.45;1060;24;2120.00;37
5081;24;622516284;5081;404;6137;6174;6.11;0.37;295.90;4.45;1056;24;2121.00;37
5084;24;622516297;5084;402;6137;6174;6.11;0.37;295.95;4.45;1053;24;2122.00;37
5088;24;622516309;5088;403;6138;6174;6.12;0.37;296.02;4.45;1050;24;2123.00;36
5093;24;622516322;5093;405;6147;6186;6.14;0.37;296.10;4.45;1054;24;2124.00;39
5094;24;622516335;5094;409;6147;6186;6.22;0.38;296.15;4.45;1053;24;2125.00;39
5099;24;622516349;5099;407;6150;6186;6.25;0.38;296.25;4.45;1051;24;2126.00;36
5100;24;622516361;5100;401;6151;6186;6.27;0.38;296.31;4.45;1051;24;2127.00;35
5102;24;622516373;5102;404;6151;6186;6.31;0.38;296.30;4.45;1049;24;2128.00;35
5103;24;622516387;5103;393;6153;6186;6.38;0.39;296.29;4.46;1050;24;2129.00;33
5104;24;622516402;5104;383;6153;6187;6.40;0.39;296.28;4.46;1049;24;2130.00;34
5105;24;622516415;5105;382;6154;6187;6.39;0.39;296.31;4.46;1049;24;2131.00;33
5106;24;622516427;5106;374;6159;6193;6.46;0.39;296.33;4.45;1053;24;2132.00;34
5108;24;622516441;5108;374;6160;6194;6.44;0.39;296.30;4.45;1052;24;2133.00;34
5109;24;622516454;5109;367;6160;6194;6.36;0.39;296.28;4.45;1051;24;2134.00;34
5109;24;622516468;5109;358;6160;6194;6.35;0.39;296.28;4.45;1051;24;2135.00;34
5112;24;622516481;5112;365;6163;6198;6.29;0.38;296.54;4.45;1051;24;2136.00;35
5115;24;622516494;5115;354;6163;6198;6.18;0.38;296.63;4.45;1048;24;2137.00;35
5117;24;622516507;5117;355;6163;6198;6.11;0.37;296.72;4.45;1046;24;2138.00;35
5121;24;622516519;5121;356;6164;6199;6.01;0.37;296.75;4.45;1043;24;2139.00;35
5125;24;622516532;5125;352;6167;6203;5.89;0.36;296.86;4.45;1042;24;2140.00;36
5126;24;622516545;5126;348;6167;6203;5.83;0.35;296.84;4.45;1041;24;2141.00;36
5129;24;622516556;5129;344;6169;6206;5.79;0.35;296.87;4.45;1040;24;2142.00;37
5132;24;622516568;5132;349;6170;6206;5.75;0.35;296.93;4.45;1038;24;2143.00;36
5134;24;622516579;5134;339;6170;6206;5.73;0.35;296.94;4.45;1036;24;2144.00;36
5137;24;622516590;5137;337;6172;6206;5.70;0.35;296.94;4.49;1035;24;2145.00;34
5142;24;622516604;5142;338;6176;6210;5.72;0.35;296.94;4.48;1034;24;2146.00;34
5144;24;622516617;5144;328;6176;6210;5.72;0.35;296.99;4.48;1032;24;2147.00;34
5146;24;622516629;5146;326;6176;6210;5.79;0.35;297.07;4.48;1030;24;2148.00;34
5150;24;622516642;5150;321;6176;6210;5.84;0.36;297.14;4.48;1026;24;2149.00;34
5153;24;622516654;5153;315;6176;6211;5.96;0.36;297.20;4.48;1023;24;2150.00;35
5156;24;622516666;5156;318;6177;6212;6.02;0.37;297.20;4.48;1021;24;2151.00;35
5159;24;622516678;5159;320;6177;6212;6.08;0.37;297.21;4.48;1018;24;2152.00;35
5161;24;622516690;5161;318;6178;6213;6.12;0.37;297.18;4.48;1017;24;2153.00;35
5163;24;622516701;5163;318;6178;6213;6.08;0.37;297.12;4.48;1015;24;2154.00;35
5168;24;622516713;5168;317;6178;6213;6.06;0.37;297.33;4.48;1010;24;2155.00;35
5169;24;622516725;5169;324;6178;6213;6.09;0.37;297.38;4.48;1009;24;2156.00;35
5170;24;622516737;5170;315;6178;6213;6.05;0.37;297.44;4.48;1008;24;2157.00;35
5175;24;622516748;5175;316;6178;6213;6.04;0.37;297.54;4.48;1003;24;2158.00;35
5180;24;622516759;5180;317;6178;6213;6.01;0.36;297.60;4.48;998;24;2159.00;35
5182;24;622516772;5182;357;6278;6443;6.29;0.39;297.58;4.41;1096;24;2160.00;165
5185;24;622516803;5185;351;6283;6444;6.23;0.39;297.62;4.41;1098;24;2161.00;161
5186;24;622516815;5186;335;6292;6444;6.30;0.39;297.59;4.41;1106;24;2162.00;152
5188;24;622516827;5188;337;6297;6444;6.29;0.39;297.58;4.40;1109;24;2163.00;147
5189;24;622516839;5189;333;6306;6444;6.32;0.40;297.55;4.40;1117;24;2164.00;138
5190;24;622516851;5190;336;6316;6444;6.34;0.40;297.53;4.40;1126;24;2165.00;128
5193;24;622516865;5193;324;6322;6444;6.34;0.40;297.43;4.41;1129;24;2166.00;122
5193;24;622516878;5193;324;6332;6444;6.37;0.40;297.43;4.41;1139;24;2167.00;112
5195;24;622516891;5195;331;6339;6445;6.35;0.39;297.41;4.41;1144;24;2168.00;106
5195;24;622516903;5195;338;6345;6446;6.35;0.39;297.41;4.42;1150;24;2169.00;101
5196;24;622516916;5196;339;6354;6446;6.31;0.39;297.42;4.47;1158;24;2170.00;92
5199;24;622516929;5199;350;6359;6447;6.24;0.39;297.43;4.48;1160;24;2171.00;88
5200;24;622516943;5200;354;6363;6447;6.18;0.38;297.40;4.48;1163;24;2172.00;84
5203;24;622516962;5203;359;6365;6447;6.10;0.38;297.46;4.48;1162;24;2173.00;82
5206;24;622516974;5206;372;6370;6447;5.99;0.37;297.50;4.54;1164;24;2174.00;77
5208;24;622516986;5208;380;6378;6451;5.84;0.36;297.41;4.57;1170;24;2175.00;73
5211;24;622516999;5211;389;6381;6451;5.77;0.36;297.31;4.59;1170;24;2176.00;70
5213;24;622517012;5213;401;6381;6451;5.66;0.35;297.28;4.59;1168;24;2177.00;70
5214;24;622517024;5214;420;6388;6454;5.48;0.34;297.23;4.64;1174;24;2178.00;66
5216;24;622517041;5216;431;6391;6454;5.38;0.33;297.22;4.65;1175;24;2179.00;63
5217;24;622517054;5217;446;6394;6454;5.29;0.32;297.17;4.66;1177;24;2180.00;60
5220;24;622517065;5220;455;6400;6458;5.20;0.32;297.10;4.68;1180;24;2181.00;58
5223;24;622517077;5223;465;6403;6459;5.10;0.31;297.00;4.68;1180;24;2182.00;56
5223;24;622517089;5223;473;6405;6459;5.08;0.31;297.00;4.72;1182;24;2183.00;54
5223;24;622517101;5223;464;6410;6463;5.05;0.31;297.00;4.74;1187;24;2184.00;53
5224;24;622517122;5224;474;6413;6463;5.01;0.31;296.99;4.77;1189;24;2185.00;50
5226;24;622517134;5226;480;6413;6463;4.99;0.31;296.91;4.77;1187;24;2186.00;50
5227;24;622517146;5227;482;6417;6464;4.95;0.31;296.98;4.81;1190;24;2187.00;47
5227;24;622517157;5227;486;6418;6464;4.99;0.31;296.98;4.81;1191;24;2188.00;46
5228;24;622517168;5228;487;6422;6470;5.09;0.31;297.00;4.81;1194;24;2189.00;48
5229;24;622517182;5229;488;6424;6470;5.05;0.31;296.94;4.85;1195;24;2190.00;46
5231;24;622517195;5231;495;6425;6471;5.02;0.31;296.93;4.85;1194;24;2191.00;46
5233;24;622517206;5233;491;6426;6471;5.01;0.31;296.85;4.85;1193;24;2192.00;45
5236;24;622517218;5236;493;6429;6471;4.96;0.31;296.85;4.89;1193;24;2193.00;42
5237;24;622517229;5237;491;6429;6471;4.91;0.30;296.84;4.89;1192;24;2194.00;42
5239;24;622517240;5239;488;6432;6471;4.90;0.30;296.79;4.92;1193;24;2195.00;39
5239;24;622517252;5239;477;6440;6483;4.97;0.31;296.79;4.92;1201;24;2196.00;43
5242;24;622517270;5242;483;6443;6483;5.00;0.31;296.78;4.92;1201;24;2197.00;40
5242;24;622517282;5242;473;6444;6483;5.02;0.31;296.78;4.92;1202;24;2198.00;39
5242;24;622517294;5242;475;6445;6483;5.06;0.31;296.78;4.93;1203;24;2199.00;38
5245;24;622517306;5245;473;6447;6483;5.04;0.31;296.80;4.96;1202;24;2200.00;36
5250;24;622517321;5250;470;6447;6483;5.01;0.31;296.93;4.96;1197;24;2201.00;36
5252;24;622517333;5252;466;6452;6487;4.98;0.31;296.91;4.96;1200;24;2202.00;35
5254;24;622517345;5254;474;6452;6487;4.96;0.31;296.84;4.96;1198;24;2203.00;35
5258;24;622517356;5258;471;6456;6491;4.92;0.30;296.82;4.96;1198;24;2204.00;35
5260;24;622517368;5260;472;6457;6493;4.86;0.30;296.80;4.96;1197;24;2205.00;36
5262;25;622517385;5262;470;6458;6493;4.81;0.30;296.75;4.96;1196;25;2206.00;35
5266;25;622517412;5266;478;6458;6493;4.74;0.29;296.66;4.96;1192;25;2207.00;35
5269;26;622517423;5269;481;6469;6506;4.69;0.29;296.61;4.96;1200;26;2208.00;37
5272;26;622517451;5272;485;6470;6506;4.62;0.28;296.69;4.96;1198;26;2209.00;36
5274;26;622517462;5274;484;6472;6508;4.61;0.28;296.70;4.96;1198;26;2210.00;36
5278;26;622517473;5278;474;6474;6509;4.62;0.28;296.63;4.96;1196;26;2211.00;35
5281;26;622517485;5281;461;6475;6510;4.66;0.29;296.73;4.96;1194;26;2212.00;35
5282;26;622517496;5282;456;6475;6510;4.74;0.29;296.76;4.96;1193;26;2213.00;35
5284;26;622517511;5284;452;6476;6513;4.81;0.29;296.70;4.96;1192;26;2214.00;37
5286;26;622517523;5286;456;6476;6513;4.86;0.30;296.70;4.96;1190;26;2215.00;37
5287;26;622517534;5287;436;6476;6513;4.94;0.30;296.75;4.96;1189;26;2216.00;37
5292;26;622517545;5292;428;6476;6513;4.97;0.31;296.83;4.96;1184;26;2217.00;37
5297;26;622517558;5297;421;6480;6519;5.05;0.31;296.89;4.95;1183;26;2218.00;39
5302;26;622517570;5302;415;6480;6519;5.12;0.31;296.82;4.95;1178;26;2219.00;39
5304;26;622517584;5304;410;6480;6519;5.19;0.32;296.84;4.95;1176;26;2220.00;39
5310;26;622517595;5310;408;6480;6519;5.17;0.32;296.91;4.95;1170;26;2221.00;39
5313;26;622517608;5313;397;6483;6523;5.18;0.32;297.06;4.95;1170;26;2222.00;40
5315;26;622517620;5315;400;6483;6524;5.25;0.32;297.13;4.95;1168;26;2223.00;41
5320;26;622517632;5320;393;6483;6524;5.27;0.32;297.20;4.95;1163;26;2224.00;41
5324;26;622517645;5324;390;6484;6525;5.35;0.33;297.21;4.95;1160;26;2225.00;41
5329;26;622517657;5329;388;6484;6525;5.41;0.33;297.31;4.95;1155;26;2226.00;41
5330;26;622517669;5330;386;6484;6525;5.47;0.34;297.32;4.95;1154;26;2227.00;41
5339;26;622517681;5339;389;6484;6525;5.48;0.34;297.45;4.95;1145;26;2228.00;41
5343;26;622517694;5343;386;6484;6525;5.52;0.34;297.47;4.95;1141;26;2229.00;41
5350;26;622517706;5350;378;6484;6525;5.53;0.34;297.60;4.95;1134;26;2230.00;41
5357;26;622517719;5357;382;6484;6525;5.53;0.34;297.63;4.95;1127;26;2231.00;41
5361;26;622517731;5361;384;6524;6595;5.67;0.35;297.83;4.92;1163;26;2232.00;71
5367;26;622517749;5367;379;6526;6596;5.64;0.35;298.14;4.92;1159;26;2233.00;70
5369;26;622517762;5369;379;6529;6596;5.67;0.35;298.15;4.92;1160;26;2234.00;67
5374;26;622517774;5374;375;6531;6596;5.68;0.35;298.28;4.92;1157;26;2235.00;65
5379;26;622517787;5379;373;6532;6596;5.69;0.35;298.46;4.92;1153;26;2236.00;64
5383;26;622517800;5383;367;6533;6596;5.75;0.35;298.43;4.92;1150;26;2237.00;63
5387;26;622517813;5387;375;6533;6596;5.73;0.35;298.56;4.92;1146;26;2238.00;63
5391;26;622517826;5391;377;6533;6596;5.72;0.35;298.55;4.92;1142;26;2239.00;63
5395;26;622517838;5395;380;6534;6597;5.68;0.35;298.65;4.93;1139;26;2240.00;63
5397;26;622517851;5397;377;6535;6598;5.67;0.35;298.79;4.94;1138;26;2241.00;63
5400;26;622517864;5400;382;6536;6598;5.66;0.35;298.79;4.94;1136;26;2242.00;62
5403;26;622517877;5403;386;6540;6602;5.67;0.35;298.89;4.94;1137;26;2243.00;62
5408;26;622517890;5408;384;6541;6602;5.68;0.35;298.93;4.94;1133;26;2244.00;61
5411;26;622517903;5411;388;6541;6602;5.69;0.35;299.03;4.94;1130;26;2245.00;61
5413;26;622517918;5413;392;6542;6602;5.74;0.35;299.02;4.94;1129;26;2246.00;60
5413;26;622517938;5413;396;6546;6608;5.82;0.36;299.02;4.94;1133;26;2247.00;62
5417;26;622517958;5417;396;6547;6608;5.82;0.36;299.16;4.94;1130;26;2248.00;61
5420;26;622517980;5420;394;6549;6608;5.81;0.35;299.33;4.95;1129;26;2249.00;59
5425;26;622518012;5425;400;6552;6614;5.84;0.36;299.36;4.95;1127;26;2250.00;62
5428;26;622518033;5428;391;6553;6614;5.85;0.36;299.38;4.95;1125;26;2251.00;61
5432;26;622518047;5432;389;6554;6614;5.82;0.35;299.50;4.95;1122;26;2252.00;60
5437;26;622518061;5437;397;6556;6615;5.79;0.35;299.58;4.95;1119;26;2253.00;59
5440;26;622518075;5440;398;6556;6616;5.73;0.35;299.67;4.95;1116;26;2254.00;60
5442;26;622518088;5442;406;6558;6616;5.63;0.34;299.82;4.96;1116;26;2255.00;58
5443;26;622518102;5443;420;6567;6629;5.62;0.34;299.79;4.96;1124;26;2256.00;62
5445;26;622518116;5445;422;6568;6629;5.64;0.34;299.81;4.96;1123;26;2257.00;61
5446;26;622518130;5446;411;6569;6629;5.62;0.34;299.89;4.96;1123;26;2258.00;60
5449;26;622518144;5449;417;6571;6630;5.66;0.35;300.14;4.97;1122;26;2259.00;59
5450;26;622518158;5450;410;6573;6630;5.68;0.35;300.14;4.97;1123;26;2260.00;57
5451;26;622518171;5451;417;6577;6634;5.68;0.35;300.17;4.97;1126;26;2261.00;57
5452;26;622518184;5452;416;6578;6634;5.74;0.35;300.14;4.98;1126;26;2262.00;56
5455;26;622518197;5455;418;6583;6638;5.69;0.35;300.31;4.98;1128;26;2263.00;55
5459;26;622518217;5459;420;6584;6638;5.67;0.35;300.42;4.98;1125;26;2264.00;54
5459;26;622518230;5459;422;6585;6638;5.69;0.35;300.42;4.98;1126;26;2265.00;53
5460;26;622518242;5460;411;6586;6638;5.70;0.35;300.50;4.98;1126;26;2266.00;52
5463;26;622518257;5463;406;6588;6638;5.71;0.35;300.65;4.99;1125;26;2267.00;50
5466;26;622518270;5466;401;6596;6650;5.72;0.35;300.74;4.98;1130;26;2268.00;54
5469;26;622518285;5469;401;6597;6650;5.75;0.35;300.75;4.98;1128;26;2269.00;53
5471;26;622518298;5471;403;6598;6650;5.80;0.35;300.86;4.98;1127;26;2270.00;52
5475;26;622518311;5475;402;6599;6650;5.88;0.36;300.88;4.99;1124;26;2271.00;51
5476;26;622518325;5476;413;6601;6650;5.96;0.36;300.85;4.99;1125;26;2272.00;49
5478;26;622518340;5478;413;6601;6650;5.99;0.36;300.89;4.99;1123;26;2273.00;49
5482;26;622518353;5482;409;6602;6651;5.96;0.36;300.87;4.99;1120;26;2274.00;49
5483;26;622518368;5483;413;6602;6651;5.96;0.36;300.90;4.99;1119;26;2275.00;49
5485;26;622518381;5485;417;6606;6657;5.99;0.36;300.95;4.99;1121;27;2276.00;51
5489;26;622518407;5489;418;6608;6658;5.92;0.36;301.10;4.99;1119;27;2277.00;50
5491;26;622518422;5491;421;6608;6658;5.90;0.36;301.12;4.99;1117;27;2278.00;50
5493;26;622518435;5493;417;6608;6658;5.85;0.35;301.25;4.99;1115;27;2279.00;50
5496;26;622518451;5496;421;6611;6663;5.82;0.35;301.27;4.98;1115;27;2280.00;52
5500;26;622518464;5500;426;6611;6663;5.84;0.35;301.52;4.98;1111;27;2281.00;52
5501;26;622518480;5501;426;6612;6663;5.86;0.35;301.52;4.98;1111;27;2282.00;51
5504;26;622518493;5504;424;6612;6664;5.85;0.35;301.73;4.98;1108;27;2283.00;52
5505;26;622518506;5505;429;6617;6668;5.88;0.36;301.80;4.98;1112;27;2284.00;51
5509;26;622518519;5509;426;6617;6668;5.90;0.36;302.03;4.98;1108;27;2285.00;51
5511;26;622518532;5511;425;6619;6671;5.92;0.36;302.25;4.98;1108;27;2286.00;52
5511;26;622518545;5511;427;6620;6671;5.93;0.36;302.25;4.98;1109;27;2287.00;51
5513;26;622518558;5513;427;6620;6671;5.92;0.36;302.37;4.98;1107;27;2288.00;51
5516;26;622518571;5516;429;6620;6671;5.88;0.36;302.33;4.98;1104;27;2289.00;51
5517;26;622518583;5517;425;6624;6675;5.86;0.35;302.44;4.98;1107;27;2290.00;51
5519;26;622518596;5519;425;6624;6675;5.82;0.35;302.40;4.98;1105;27;2291.00;51
5520;26;622518616;5520;428;6624;6675;5.81;0.35;302.39;4.98;1104;27;2292.00;51
5521;26;622518629;5521;423;6624;6675;5.75;0.35;302.38;4.98;1103;27;2293.00;51
5525;26;622518648;5525;426;6624;6676;5.72;0.35;302.46;4.98;1099;27;2294.00;52
5527;26;622518662;5527;425;6626;6678;5.74;0.35;302.46;4.97;1099;27;2295.00;52
5528;26;622518674;5528;426;6626;6678;5.69;0.35;302.48;4.97;1098;27;2296.00;52
5530;26;622518686;5530;425;6627;6679;5.64;0.34;302.50;4.97;1097;27;2297.00;52
5532;26;622518704;5532;426;6627;6679;5.56;0.34;302.63;4.97;1095;27;2298.00;52
5533;26;622518717;5533;436;6627;6679;5.50;0.33;302.64;4.97;1094;27;2299.00;52
5534;26;622518731;5534;436;6627;6679;5.46;0.33;302.63;4.97;1093;27;2300.00;52
5536;26;622518747;5536;428;6627;6679;5.40;0.33;302.67;4.97;1091;27;2301.00;52
5538;26;622518759;5538;425;6627;6679;5.37;0.33;302.73;4.97;1089;27;2302.00;52
5541;26;622518770;5541;422;6627;6679;5.35;0.33;302.77;4.97;1086;27;2303.00;52
5544;26;622518782;5544;455;6700;6806;5.43;0.34;302.72;4.92;1156;27;2304.00;106
5547;26;622518804;5547;443;6700;6807;5.44;0.34;302.82;4.92;1153;27;2305.00;107
5548;26;622518817;5548;432;6709;6807;5.54;0.34;302.79;4.92;1161;27;2306.00;98
5551;26;622518829;5551;425;6711;6807;5.58;0.34;302.83;4.92;1160;27;2307.00;96
5555;26;622518841;5555;419;6716;6807;5.60;0.34;302.83;4.92;1161;27;2308.00;91
5558;26;622518860;5558;417;6720;6807;5.65;0.35;302.88;4.92;1162;27;2309.00;87
5560;26;622518874;5560;419;6721;6807;5.65;0.35;302.92;4.92;1161;27;2310.00;86
5562;27;622518888;5562;425;6724;6807;5.56;0.34;302.90;4.92;1162;28;2311.00;83
5563;27;622518909;5563;424;6726;6808;5.49;0.34;302.93;4.92;1163;28;2312.00;82
5566;27;622518924;5566;428;6728;6809;5.43;0.33;302.91;4.92;1162;28;2313.00;81
5570;27;622518937;5570;428;6733;6809;5.33;0.33;302.82;4.92;1163;28;2314.00;76
5571;27;622518948;5571;426;6737;6810;5.24;0.32;302.80;4.98;1166;28;2315.00;73
5572;27;622518962;5572;427;6739;6810;5.24;0.32;302.77;4.99;1167;28;2316.00;71
5573;27;622518975;5573;427;6740;6810;5.25;0.32;302.79;4.99;1167;28;2317.00;70
5575;27;622518986;5575;418;6742;6810;5.21;0.32;302.80;4.99;1167;28;2318.00;68
5576;27;622518998;5576;424;6749;6814;5.25;0.32;302.79;4.99;1173;28;2319.00;65
5577;27;622519015;5577;422;6750;6814;5.27;0.32;302.76;4.99;1173;28;2320.00;64
5578;27;622519026;5578;432;6751;6814;5.31;0.33;302.72;4.99;1173;28;2321.00;63
5581;27;622519038;5581;428;6753;6817;5.31;0.33;302.59;4.99;1172;28;2322.00;64
5583;27;622519050;5583;433;6754;6817;5.35;0.33;302.57;5.00;1171;28;2323.00;63
5584;27;622519065;5584;426;6756;6817;5.36;0.33;302.54;5.00;1172;28;2324.00;61
5586;27;622519078;5586;429;6759;6821;5.34;0.33;302.54;5.00;1173;28;2325.00;62
5588;27;622519090;5588;431;6761;6822;5.31;0.33;302.49;5.00;1173;28;2326.00;61
5592;27;622519102;5592;427;6762;6822;5.28;0.32;302.40;5.00;1170;28;2327.00;60
5596;27;622519114;5596;432;6764;6826;5.25;0.32;302.44;5.00;1168;28;2328.00;62
5597;27;622519127;5597;436;6765;6826;5.23;0.32;302.41;5.00;1168;28;2329.00;61
5600;27;622519139;5600;441;6765;6826;5.27;0.32;302.46;5.00;1165;28;2330.00;61
5602;27;622519151;5602;446;6766;6827;5.27;0.32;302.36;5.00;1164;28;2331.00;61
5603;27;622519162;5603;444;6766;6827;5.25;0.32;302.35;5.00;1163;28;2332.00;61
5606;27;622519179;5606;449;6771;6833;5.30;0.33;302.28;4.99;1165;28;2333.00;62
5607;27;622519192;5607;454;6771;6833;5.29;0.32;302.23;4.99;1164;28;2334.00;62
5609;27;622519203;5609;452;6771;6834;5.26;0.32;302.17;4.99;1162;28;2335.00;63
5609;27;622519216;5609;457;6771;6834;5.24;0.32;302.17;4.99;1162;28;2336.00;63
5609;27;622519229;5609;463;6771;6834;5.22;0.32;302.17;4.99;1162;28;2337.00;63
5612;27;622519240;5612;466;6771;6834;5.17;0.32;302.09;4.99;1159;28;2338.00;63
5615;27;622519252;5615;470;6771;6834;5.14;0.31;302.12;4.99;1156;28;2339.00;63
5616;27;622519266;5616;473;6798;6870;5.21;0.32;302.10;5.01;1182;28;2340.00;72
5616;27;622519281;5616;477;6800;6870;5.20;0.32;302.10;5.01;1184;28;2341.00;70
5617;27;622519299;5617;480;6804;6870;5.16;0.32;302.12;5.04;1187;28;2342.00;66
5620;27;622519311;5620;487;6804;6870;5.11;0.32;302.21;5.04;1184;28;2343.00;66
5622;27;622519323;5622;483;6806;6870;5.00;0.31;302.19;5.07;1184;28;2344.00;64
5623;27;622519335;5623;490;6806;6870;4.94;0.31;302.17;5.07;1183;28;2345.00;64
5626;27;622519353;5626;496;6810;6874;4.87;0.30;302.12;5.07;1184;28;2346.00;64
5626;27;622519366;5626;481;6813;6874;4.81;0.30;302.12;5.17;1187;28;2347.00;61
5628;27;622519378;5628;482;6819;6878;4.83;0.30;302.12;5.23;1191;28;2348.00;59
5630;27;622519391;5630;478;6820;6879;4.81;0.30;302.09;5.23;1190;28;2349.00;59
5632;27;622519403;5632;470;6820;6879;4.79;0.30;302.15;5.23;1188;28;2350.00;59
5633;27;622519415;5633;473;6823;6879;4.74;0.29;302.13;5.31;1190;28;2351.00;56
5635;27;622519427;5635;478;6835;6892;4.72;0.29;302.18;5.33;1200;28;2352.00;57
5637;27;622519445;5637;464;6835;6892;4.75;0.29;302.15;5.33;1198;28;2353.00;57
5637;27;622519463;5637;465;6835;6892;4.79;0.30;302.15;5.33;1198;28;2354.00;57
5637;27;622519475;5637;471;6837;6893;4.83;0.30;302.15;5.36;1200;28;2355.00;56
5640;28;622519487;5640;471;6837;6894;4.84;0.30;302.14;5.36;1197;29;2356.00;57
5642;28;622519510;5642;474;6837;6894;4.84;0.30;302.09;5.36;1195;29;2357.00;57
5645;28;622519522;5645;473;6839;6897;4.86;0.30;302.04;5.36;1194;29;2358.00;58
5645;28;622519540;5645;470;6839;6897;4.83;0.30;302.04;5.36;1194;29;2359.00;58
5647;28;622519557;5647;460;6844;6897;4.85;0.30;301.98;5.47;1197;29;2360.00;53
5650;28;622519569;5650;455;6845;6897;4.87;0.30;302.01;5.50;1195;29;2361.00;52
5650;28;622519581;5650;456;6851;6903;4.98;0.30;302.01;5.52;1201;29;2362.00;52
5654;28;622519600;5654;449;6851;6903;5.02;0.31;302.04;5.52;1197;29;2363.00;52
5658;28;622519612;5658;453;6852;6903;5.04;0.31;301.98;5.55;1194;29;2364.00;51
5660;28;622519625;5660;451;6853;6903;5.09;0.31;301.95;5.58;1193;29;2365.00;50
5661;28;622519637;5661;451;6856;6907;5.10;0.31;301.93;5.58;1195;29;2366.00;51
5661;28;622519649;5661;449;6858;6908;5.12;0.31;301.93;5.60;1197;29;2367.00;50
5663;28;622519661;5663;449;6859;6908;5.11;0.31;302.00;5.63;1196;29;2368.00;49
5664;28;622519673;5664;445;6861;6909;5.13;0.31;301.96;5.66;1197;29;2369.00;48
5668;28;622519686;5668;443;6862;6909;5.11;0.31;301.98;5.68;1194;29;2370.00;47
5669;28;622519698;5669;440;6863;6909;5.13;0.31;301.93;5.71;1194;29;2371.00;46
5671;28;622519710;5671;443;6863;6909;5.08;0.31;301.94;5.71;1192;29;2372.00;46
5672;28;622519721;5672;447;6864;6909;5.08;0.31;301.99;5.74;1192;29;2373.00;45
5676;28;622519733;5676;448;6865;6909;4.98;0.30;301.92;5.77;1189;29;2374.00;44
5679;28;622519745;5679;459;6865;6909;4.96;0.30;301.90;5.77;1186;29;2375.00;44
5680;28;622519756;5680;466;6920;6979;4.91;0.30;301.89;5.75;1240;29;2376.00;59
5683;28;622519773;5683;463;6921;6980;4.83;0.30;301.91;5.77;1238;29;2377.00;59
5687;28;622519785;5687;467;6924;6980;4.77;0.29;301.92;5.79;1237;29;2378.00;56
5689;28;622519797;5689;464;6928;6980;4.76;0.29;301.90;5.81;1239;29;2379.00;52
5692;28;622519808;5692;457;6929;6980;4.73;0.29;301.95;5.81;1237;29;2380.00;51
5694;28;622519819;5694;448;6930;6980;4.73;0.29;301.96;5.84;1236;29;2381.00;50
5695;28;622519831;5695;451;6930;6980;4.75;0.29;301.97;5.84;1235;29;2382.00;50
5698;28;622519843;5698;448;6930;6980;4.74;0.29;302.06;5.84;1232;29;2383.00;50
5701;28;622519855;5701;454;6931;6981;4.76;0.29;302.18;5.84;1230;29;2384.00;50
5703;28;622519867;5703;449;6932;6983;4.78;0.29;302.27;5.84;1229;29;2385.00;51
5705;28;622519879;5705;456;6932;6983;4.80;0.29;302.34;5.84;1227;29;2386.00;51
5709;28;622519891;5709;456;6935;6987;4.84;0.30;302.38;5.83;1226;29;2387.00;52
5712;28;622519904;5712;451;6935;6987;4.94;0.30;302.53;5.83;1223;29;2388.00;52
5713;28;622519918;5713;448;6936;6987;5.06;0.31;302.53;5.83;1223;29;2389.00;51
5716;28;622519940;5716;439;6936;6987;5.10;0.31;302.58;5.83;1220;29;2390.00;51
5723;28;622519960;5723;438;6939;6993;5.14;0.31;302.78;5.83;1216;29;2391.00;54
5727;28;622519983;5727;436;6939;6993;5.18;0.32;302.86;5.83;1212;29;2392.00;54
5733;28;622520003;5733;427;6939;6993;5.22;0.32;302.96;5.83;1206;29;2393.00;54
5736;28;622520022;5736;426;6940;6996;5.27;0.32;303.08;5.83;1204;29;2394.00;56
5742;28;622520043;5742;416;6940;6996;5.32;0.32;303.19;5.83;1198;29;2395.00;56
5745;28;622520062;5745;410;6940;6996;5.37;0.33;303.19;5.83;1195;29;2396.00;56
5749;28;622520077;5749;401;6940;6997;5.39;0.33;303.28;5.83;1191;29;2397.00;57
5755;28;622520091;5755;393;6940;6998;5.38;0.33;303.32;5.83;1185;29;2398.00;58
5758;28;622520106;5758;387;6940;6998;5.41;0.33;303.50;5.83;1182;29;2399.00;58
5761;28;622520123;5761;387;6964;7057;5.42;0.33;303.65;5.81;1203;29;2400.00;93
5765;28;622520149;5765;376;6965;7057;5.47;0.33;303.74;5.81;1200;29;2401.00;92
5769;28;622520164;5769;376;6967;7057;5.49;0.34;303.79;5.81;1198;29;2402.00;90
5771;28;622520178;5771;371;6967;7058;5.59;0.34;303.86;5.81;1196;29;2403.00;91
5773;28;622520192;5773;374;6968;7058;5.67;0.35;303.96;5.81;1195;29;2404.00;90
5778;28;622520206;5778;369;6970;7062;5.72;0.35;304.12;5.81;1192;29;2405.00;92
5781;28;622520225;5781;370;6973;7062;5.76;0.35;304.30;5.81;1192;29;2406.00;89
5786;28;622520239;5786;369;6977;7066;5.81;0.35;304.43;5.81;1191;29;2407.00;89
5790;28;622520255;5790;369;6978;7066;5.87;0.36;304.62;5.81;1188;29;2408.00;88
5795;28;622520270;5795;369;6978;7066;5.91;0.36;304.73;5.81;1183;29;2409.00;88
5800;28;622520285;5800;362;6978;7066;5.96;0.36;304.87;5.81;1178;29;2410.00;88
5804;28;622520300;5804;369;6981;7066;6.00;0.37;304.98;5.82;1177;29;2411.00;85
5808;28;622520314;5808;378;6987;7078;6.00;0.37;305.15;5.82;1179;29;2412.00;91
5814;28;622520330;5814;381;6989;7078;6.01;0.37;305.15;5.82;1175;29;2413.00;89
5818;28;622520345;5818;386;6991;7078;5.96;0.36;305.24;5.83;1173;29;2414.00;87
5821;28;622520360;5821;386;6991;7078;5.96;0.36;305.26;5.83;1170;29;2415.00;87
5827;28;622520375;5827;393;6991;7078;5.93;0.36;305.44;5.83;1164;29;2416.00;87
5829;28;622520389;5829;396;6995;7078;5.91;0.36;305.50;5.84;1166;29;2417.00;83
5833;28;622520403;5833;404;7001;7079;5.90;0.36;305.52;5.85;1168;29;2418.00;78
5838;28;622520418;5838;400;7002;7079;5.96;0.36;305.54;5.85;1164;29;2419.00;77
5841;28;622520432;5841;404;7005;7085;5.97;0.36;305.66;5.85;1164;29;2420.00;80
5846;28;622520447;5846;409;7007;7086;5.96;0.36;305.75;5.86;1161;29;2421.00;79
5850;28;622520462;5850;422;7008;7086;5.94;0.36;305.99;5.86;1158;29;2422.00;78
5855;28;622520477;5855;431;7011;7086;5.90;0.36;305.97;5.87;1156;29;2423.00;75
5858;28;622520491;5858;433;7011;7090;5.84;0.36;306.22;5.87;1153;29;2424.00;79
5862;28;622520505;5862;437;7012;7090;5.75;0.35;306.51;5.87;1150;29;2425.00;78
5863;28;622520519;5863;443;7016;7090;5.72;0.35;306.55;5.87;1153;29;2426.00;74
5866;28;622520532;5866;438;7017;7091;5.70;0.35;306.60;5.87;1151;29;2427.00;74
5867;28;622520546;5867;432;7020;7095;5.68;0.35;306.65;5.87;1153;29;2428.00;75
5871;28;622520561;5871;439;7024;7095;5.63;0.34;306.80;5.88;1153;29;2429.00;71
5875;28;622520577;5875;435;7028;7101;5.63;0.34;306.92;5.88;1153;29;2430.00;73
5880;28;622520601;5880;433;7029;7101;5.65;0.34;307.17;5.88;1149;29;2431.00;72
5883;28;622520616;5883;438;7031;7101;5.66;0.34;307.25;5.88;1148;29;2432.00;70
5886;28;622520632;5886;440;7032;7101;5.63;0.34;307.44;5.88;1146;29;2433.00;69
5887;28;622520654;5887;444;7036;7105;5.63;0.34;307.49;5.88;1149;29;2434.00;69
5892;28;622520669;5892;443;7038;7105;5.62;0.34;307.61;5.88;1146;29;2435.00;67
5895;28;622520683;5895;432;7038;7105;5.64;0.34;307.81;5.88;1143;29;2436.00;67
5899;28;622520697;5899;434;7039;7105;5.65;0.34;307.73;5.88;1140;29;2437.00;66
5900;28;622520710;5900;432;7040;7106;5.64;0.34;307.84;5.88;1140;29;2438.00;66
5903;28;622520724;5903;433;7041;7107;5.62;0.34;307.92;5.88;1138;29;2439.00;66
5905;28;622520738;5905;438;7041;7107;5.59;0.34;308.00;5.88;1136;29;2440.00;66
5907;28;622520752;5907;442;7043;7108;5.55;0.34;308.05;5.89;1136;29;2441.00;65
5909;28;622520766;5909;448;7043;7108;5.53;0.33;308.05;5.89;1134;29;2442.00;65
5910;28;622520781;5910;453;7043;7108;5.52;0.33;308.10;5.89;1133;29;2443.00;65
5912;28;622520796;5912;459;7043;7108;5.49;0.33;308.09;5.89;1131;29;2444.00;65
5914;28;622520810;5914;461;7043;7108;5.50;0.33;308.10;5.89;1129;29;2445.00;65
5916;28;622520823;5916;473;7044;7108;5.49;0.33;308.14;5.89;1128;29;2446.00;64
5919;28;622520837;5919;473;7044;7108;5.51;0.33;308.25;5.89;1125;29;2447.00;64
5920;28;622520851;5920;498;7110;7235;5.57;0.34;308.25;5.84;1190;29;2448.00;125
5921;28;622520882;5921;487;7112;7236;5.63;0.35;308.25;5.84;1191;29;2449.00;124
5923;28;622520897;5923;473;7118;7236;5.75;0.35;308.44;5.84;1195;29;2450.00;118
5926;28;622520911;5926;465;7120;7236;5.78;0.36;308.63;5.84;1194;29;2451.00;116
5930;28;622520929;5930;471;7125;7236;5.81;0.36;308.78;5.84;1195;29;2452.00;111
5932;28;622520945;5932;466;7128;7236;5.85;0.36;308.81;5.84;1196;29;2453.00;108
5935;28;622520959;5935;468;7132;7236;5.86;0.36;308.82;5.84;1197;29;2454.00;104
5938;28;622520974;5938;466;7136;7236;5.85;0.36;308.91;5.84;1198;29;2455.00;100
5942;28;622520987;5942;465;7141;7237;5.80;0.36;308.89;5.85;1199;29;2456.00;96
5944;28;622521001;5944;471;7145;7238;5.72;0.35;308.92;5.85;1201;29;2457.00;93
5948;28;622521014;5948;466;7147;7238;5.67;0.35;309.07;5.85;1199;29;2458.00;91
5949;28;622521027;5949;468;7149;7239;5.64;0.35;309.12;5.86;1200;29;2459.00;90
5954;28;622521042;5954;469;7154;7239;5.55;0.34;309.07;5.86;1200;29;2460.00;85
5956;28;622521056;5956;467;7156;7239;5.50;0.34;309.16;5.86;1200;29;2461.00;83
5957;28;622521070;5957;475;7157;7239;5.44;0.33;309.16;5.87;1200;29;2462.00;82
5957;28;622521082;5957;480;7162;7243;5.38;0.33;309.16;5.87;1205;29;2463.00;81
5960;28;622521096;5960;491;7163;7243;5.29;0.32;309.18;5.87;1203;29;2464.00;80
5961;28;622521109;5961;490;7164;7243;5.25;0.32;309.18;5.87;1203;29;2465.00;79
5961;28;622521129;5961;496;7166;7246;5.21;0.32;309.18;5.87;1205;29;2466.00;80
5964;28;622521143;5964;502;7167;7246;5.15;0.32;309.17;5.87;1203;29;2467.00;79
5966;28;622521156;5966;513;7170;7246;5.11;0.31;309.17;5.89;1204;29;2468.00;76
5969;28;622521175;5969;518;7174;7250;5.11;0.31;309.16;5.89;1205;29;2469.00;76
5971;28;622521190;5971;521;7177;7251;5.12;0.31;309.15;5.89;1206;29;2470.00;74
5973;28;622521209;5973;523;7177;7251;5.12;0.31;309.22;5.89;1204;29;2471.00;74
5975;28;622521222;5975;516;7180;7255;5.13;0.32;309.28;5.89;1205;29;2472.00;75
5976;28;622521235;5976;513;7181;7255;5.13;0.32;309.38;5.89;1205;29;2473.00;74
5979;28;622521254;5979;514;7181;7255;5.12;0.31;309.52;5.89;1202;29;2474.00;74
5984;28;622521267;5984;510;7183;7257;5.09;0.31;309.55;5.89;1199;29;2475.00;74
5986;28;622521280;5986;508;7183;7257;5.05;0.31;309.54;5.89;1197;29;2476.00;74
5990;28;622521292;5990;502;7188;7263;5.04;0.31;309.44;5.89;1198;29;2477.00;75
5993;28;622521305;5993;506;7188;7263;5.07;0.31;309.46;5.89;1195;29;2478.00;75
5997;28;622521318;5997;506;7188;7264;5.07;0.31;309.58;5.89;1191;29;2479.00;76
6001;28;622521330;6001;506;7188;7264;5.02;0.31;309.50;5.89;1187;29;2480.00;76
6004;28;622521342;6004;502;7188;7264;4.95;0.30;309.48;5.89;1184;29;2481.00;76
6009;28;622521354;6009;500;7188;7264;4.86;0.30;309.39;5.89;1179;29;2482.00;76
6013;28;622521366;6013;500;7188;7264;4.84;0.30;309.39;5.89;1175;29;2483.00;76
6015;28;622521378;6015;508;7199;7276;4.89;0.30;309.32;5.91;1184;29;2484.00;77
6018;28;622521406;6018;506;7201;7276;4.89;0.30;309.25;5.95;1183;29;2485.00;75
6023;28;622521419;6023;507;7201;7276;4.89;0.30;309.26;5.95;1178;29;2486.00;75
6024;28;622521431;6024;512;7201;7276;4.88;0.30;309.24;5.95;1177;29;2487.00;75
6028;28;622521443;6028;516;7201;7276;4.87;0.30;309.25;5.95;1173;29;2488.00;75
6032;28;622521456;6032;507;7201;7276;4.84;0.29;309.14;5.95;1169;29;2489.00;75
6034;28;622521470;6034;507;7204;7280;4.80;0.29;309.07;5.95;1170;29;2490.00;76
6037;28;622521482;6037;512;7204;7280;4.77;0.29;309.03;5.95;1167;29;2491.00;76
6038;28;622521495;6038;505;7208;7284;4.81;0.29;309.00;5.94;1170;29;2492.00;76
6039;28;622521508;6039;508;7209;7285;4.85;0.29;308.98;5.94;1170;29;2493.00;76
6039;28;622521520;6039;505;7209;7285;4.87;0.30;308.98;5.94;1170;29;2494.00;76
6040;28;622521532;6040;499;7209;7285;4.86;0.30;308.99;5.94;1169;29;2495.00;76
6042;28;622521544;6042;500;7219;7298;4.88;0.30;309.01;5.95;1177;29;2496.00;79
6046;28;622521557;6046;490;7219;7298;4.88;0.30;309.10;5.95;1173;29;2497.00;79
6049;28;622521570;6049;496;7219;7298;4.91;0.30;309.05;5.95;1170;29;2498.00;79
6050;28;622521582;6050;486;7220;7299;4.94;0.30;309.01;5.95;1170;29;2499.00;79
6052;28;622521595;6052;475;7220;7300;5.00;0.30;309.00;5.95;1168;29;2500.00;80
6052;28;622521610;6052;462;7220;7300;5.07;0.31;309.00;5.95;1168;29;2501.00;80
6055;28;622521622;6055;462;7224;7303;5.17;0.31;308.92;5.96;1169;29;2502.00;79
6055;28;622521635;6055;456;7226;7303;5.19;0.31;308.92;5.97;1171;29;2503.00;77
6056;28;622521647;6056;450;7227;7303;5.29;0.32;308.89;5.98;1171;29;2504.00;76
6058;28;622521660;6058;448;7227;7303;5.32;0.32;308.97;5.98;1169;29;2505.00;76
6060;28;622521672;6060;443;7234;7309;5.38;0.33;308.95;6.02;1174;29;2506.00;75
6063;28;622521685;6063;444;7235;7309;5.39;0.33;309.00;6.02;1172;29;2507.00;74
6063;28;622521697;6063;443;7235;7309;5.40;0.33;309.00;6.02;1172;29;2508.00;74
6063;28;622521710;6063;448;7236;7309;5.33;0.32;309.00;6.06;1173;29;2509.00;73
6064;28;622521728;6064;441;7241;7313;5.35;0.32;308.98;6.10;1177;29;2510.00;72
6066;28;622521740;6066;443;7242;7314;5.33;0.32;308.91;6.10;1176;29;2511.00;72
6067;28;622521753;6067;443;7245;7314;5.29;0.32;308.92;6.17;1178;29;2512.00;69
6067;28;622521771;6067;448;7246;7315;5.30;0.32;308.92;6.17;1179;29;2513.00;69
6067;28;622521784;6067;449;7246;7315;5.31;0.32;308.92;6.17;1179;29;2514.00;69
6070;28;622521796;6070;453;7248;7315;5.29;0.32;308.91;6.24;1178;29;2515.00;67
6070;28;622521809;6070;453;7248;7315;5.29;0.32;308.91;6.24;1178;29;2516.00;67
6071;28;622521821;6071;456;7248;7315;5.29;0.32;308.92;6.24;1177;29;2517.00;67
6073;28;622521834;6073;454;7250;7315;5.31;0.32;308.88;6.31;1177;29;2518.00;65
6074;28;622521846;6074;453;7250;7315;5.33;0.32;308.95;6.31;1176;29;2519.00;65
6076;28;622521860;6076;464;7313;7440;5.55;0.34;308.94;6.25;1237;29;2520.00;127
6076;28;622521882;6076;462;7318;7441;5.54;0.34;308.94;6.32;1242;29;2521.00;123
6078;28;622521894;6078;453;7330;7441;5.57;0.34;308.95;6.31;1252;29;2522.00;111
6079;28;622521907;6079;449;7337;7441;5.53;0.34;308.91;6.31;1258;29;2523.00;104
6082;28;622521921;6082;446;7344;7441;5.51;0.34;308.92;6.37;1262;29;2524.00;97
6087;28;622521940;6087;442;7348;7441;5.41;0.33;308.94;6.37;1261;29;2525.00;93
6087;28;622521960;6087;436;7352;7441;5.43;0.33;308.94;6.37;1265;29;2526.00;89
6091;28;622521982;6091;439;7357;7441;5.36;0.33;308.94;6.44;1266;29;2527.00;84
6094;28;622522000;6094;441;7361;7442;5.32;0.33;308.96;6.44;1267;29;2528.00;81
6097;28;622522021;6097;447;7365;7443;5.26;0.32;309.19;6.50;1268;29;2529.00;78
6097;28;622522039;6097;445;7368;7443;5.23;0.32;309.19;6.50;1271;29;2530.00;75
6102;28;622522054;6102;457;7372;7447;5.20;0.32;309.27;6.50;1270;29;2531.00;75
6104;28;622522069;6104;453;7377;7447;5.16;0.32;309.23;6.53;1273;29;2532.00;70
6106;28;622522087;6106;457;7378;7447;5.15;0.32;309.39;6.56;1272;29;2533.00;69
6107;28;622522101;6107;464;7379;7447;5.14;0.31;309.38;6.56;1272;29;2534.00;68
6109;28;622522116;6109;466;7384;7453;5.15;0.31;309.55;6.55;1275;29;2535.00;69
6110;28;622522130;6110;468;7384;7453;5.13;0.31;309.52;6.55;1274;29;2536.00;69
6111;28;622522151;6111;473;7385;7455;5.11;0.31;309.52;6.55;1274;29;2537.00;70
6112;28;622522167;6112;467;7387;7458;5.20;0.32;309.63;6.55;1275;29;2538.00;71
6114;28;622522186;6114;469;7389;7458;5.22;0.32;309.64;6.55;1275;29;2539.00;69
6119;28;622522202;6119;475;7389;7458;5.19;0.32;309.60;6.55;1270;29;2540.00;69
6123;28;622522218;6123;482;7389;7459;5.17;0.32;309.66;6.55;1266;29;2541.00;70
6127;28;622522232;6127;479;7390;7460;5.13;0.31;309.67;6.55;1263;29;2542.00;70
6129;28;622522248;6129;487;7390;7460;5.12;0.31;309.61;6.55;1261;29;2543.00;70
6133;28;622522261;6133;493;7399;7473;5.04;0.31;309.61;6.54;1266;30;2544.00;74
6135;28;622522282;6135;487;7399;7473;5.03;0.31;309.59;6.54;1264;30;2545.00;74
6138;28;622522295;6138;477;7400;7473;5.03;0.31;309.58;6.54;1262;30;2546.00;73
6141;28;622522308;6141;476;7402;7474;5.06;0.31;309.66;6.54;1261;30;2547.00;72
6145;28;622522321;6145;476;7402;7474;5.02;0.31;309.66;6.54;1257;30;2548.00;72
6147;28;622522335;6147;476;7405;7478;4.99;0.31;309.71;6.54;1258;30;2549.00;73
6152;28;622522350;6152;467;7408;7481;4.93;0.30;309.81;6.54;1256;30;2550.00;73
6155;28;622522365;6155;456;7412;7485;4.91;0.30;309.80;6.53;1257;30;2551.00;73
6159;28;622522379;6159;457;7412;7485;4.90;0.30;309.88;6.53;1253;30;2552.00;73
6162;28;622522398;6162;455;7412;7485;4.88;0.30;309.94;6.53;1250;30;2553.00;73
6164;28;622522417;6164;456;7412;7485;4.93;0.30;310.07;6.53;1248;30;2554.00;73
6167;28;622522431;6167;454;7412;7485;4.96;0.30;310.19;6.53;1245;30;2555.00;73
6169;28;622522445;6169;452;7422;7497;4.98;0.31;310.26;6.52;1253;30;2556.00;75
6171;28;622522460;6171;446;7423;7497;5.07;0.31;310.29;6.52;1252;30;2557.00;74
6174;28;622522479;6174;447;7423;7497;5.11;0.31;310.30;6.52;1249;30;2558.00;74
6178;28;622522493;6178;440;7423;7497;5.14;0.32;310.43;6.52;1245;30;2559.00;74
6181;28;622522507;6181;432;7423;7497;5.17;0.32;310.55;6.52;1242;30;2560.00;74
6184;28;622522522;6184;431;7423;7497;5.23;0.32;310.58;6.52;1239;30;2561.00;74
6188;28;622522536;6188;430;7423;7498;5.24;0.32;310.73;6.52;1235;30;2562.00;75
6190;28;622522550;6190;419;7423;7498;5.32;0.33;310.66;6.52;1233;30;2563.00;75
6194;28;622522566;6194;416;7428;7504;5.41;0.33;310.99;6.52;1234;30;2564.00;76
6200;28;622522584;6200;412;7430;7506;5.42;0.33;310.98;6.52;1230;30;2565.00;76
6203;28;622522600;6203;415;7430;7506;5.47;0.34;311.04;6.52;1227;30;2566.00;76
6208;28;622522614;6208;410;7430;7506;5.48;0.34;311.18;6.52;1222;30;2567.00;76
6209;28;622522629;6209;397;7433;7510;5.48;0.34;311.22;6.51;1224;30;2568.00;77
6213;28;622522643;6213;391;7433;7510;5.51;0.34;311.41;6.51;1220;30;2569.00;77
6215;28;622522658;6215;389;7433;7510;5.58;0.34;311.45;6.51;1218;30;2570.00;77
6221;28;622522672;6221;391;7434;7511;5.62;0.35;311.57;6.51;1213;30;2571.00;77
6226;28;622522687;6226;386;7437;7515;5.61;0.34;311.75;6.51;1211;30;2572.00;78
6229;28;622522702;6229;391;7437;7515;5.56;0.34;311.95;6.51;1208;30;2573.00;78
6235;28;622522717;6235;389;7440;7518;5.50;0.34;312.07;6.51;1205;30;2574.00;78
6240;28;622522732;6240;387;7440;7518;5.50;0.34;312.24;6.51;1200;30;2575.00;78
6242;28;622522751;6242;393;7440;7518;5.48;0.34;312.25;6.51;1198;30;2576.00;78
6250;28;622522766;6250;392;7440;7518;5.45;0.33;312.43;6.51;1190;30;2577.00;78
6255;28;622522780;6255;400;7444;7522;5.47;0.33;312.42;6.51;1189;30;2578.00;78
6261;28;622522794;6261;393;7444;7522;5.47;0.33;312.51;6.51;1183;30;2579.00;78
6265;29;622522811;6265;388;7444;7522;5.42;0.33;312.63;6.51;1179;31;2580.00;78
6270;29;622522838;6270;392;7444;7522;5.43;0.33;312.85;6.51;1174;31;2581.00;78
6276;29;622522853;6276;401;7444;7523;5.39;0.33;312.91;6.51;1168;31;2582.00;79
6280;29;622522867;6280;400;7445;7524;5.39;0.33;313.01;6.51;1165;31;2583.00;79
6285;29;622522881;6285;408;7445;7524;5.38;0.33;313.04;6.51;1160;31;2584.00;79
6285;29;622522895;6285;411;7446;7525;5.44;0.33;313.04;6.50;1161;31;2585.00;79
6292;29;622522909;6292;416;7446;7525;5.44;0.33;312.99;6.50;1154;31;2586.00;79
6295;29;622522924;6295;426;7446;7525;5.40;0.33;313.02;6.50;1151;31;2587.00;79
6298;29;622522938;6298;433;7446;7525;5.38;0.33;312.94;6.50;1148;31;2588.00;79
6299;29;622522952;6299;431;7446;7525;5.43;0.33;312.95;6.50;1147;31;2589.00;79
6300;29;622522967;6300;434;7447;7525;5.44;0.33;312.97;6.51;1147;31;2590.00;78
6302;29;622522980;6302;440;7447;7525;5.44;0.33;312.95;6.51;1145;31;2591.00;78
6306;29;622522993;6306;461;7517;7652;5.52;0.34;313.16;6.45;1211;31;2592.00;135
6309;29;622523015;6309;465;7520;7653;5.48;0.34;313.30;6.45;1211;31;2593.00;133
6312;29;622523028;6312;461;7526;7653;5.52;0.34;313.25;6.45;1214;31;2594.00;127
6316;29;622523041;6316;467;7526;7653;5.49;0.34;313.38;6.45;1210;31;2595.00;127
6319;29;622523054;6319;480;7530;7653;5.52;0.34;313.26;6.45;1211;31;2596.00;123
6321;29;622523067;6321;480;7531;7653;5.51;0.34;313.30;6.45;1210;31;2597.00;122
6323;29;622523081;6323;480;7533;7653;5.49;0.34;313.35;6.45;1210;31;2598.00;120
6325;29;622523095;6325;479;7536;7653;5.50;0.34;313.50;6.45;1211;31;2599.00;117
6328;29;622523109;6328;478;7537;7654;5.52;0.34;313.72;6.45;1209;31;2600.00;117
6329;29;622523126;6329;473;7542;7655;5.56;0.34;313.74;6.45;1213;31;2601.00;113
6331;29;622523140;6331;476;7544;7655;5.51;0.34;313.83;6.45;1213;31;2602.00;111
6335;29;622523153;6335;474;7546;7656;5.40;0.33;314.01;6.45;1211;31;2603.00;110
6336;29;622523177;6336;483;7551;7656;5.37;0.33;314.03;6.45;1215;31;2604.00;105
6337;29;622523191;6337;484;7553;7656;5.40;0.33;314.12;6.46;1216;31;2605.00;103
6338;29;622523204;6338;470;7555;7656;5.35;0.33;314.14;6.46;1217;31;2606.00;101
6340;29;622523219;6340;471;7560;7660;5.34;0.33;314.17;6.46;1220;31;2607.00;100
6345;29;622523234;6345;462;7563;7660;5.35;0.33;314.23;6.47;1218;31;2608.00;97
6346;29;622523250;6346;468;7565;7660;5.41;0.33;314.29;6.47;1219;31;2609.00;95
6347;29;622523273;6347;474;7571;7666;5.47;0.33;314.32;6.48;1224;31;2610.00;95
6350;29;622523290;6350;473;7572;7666;5.52;0.34;314.39;6.48;1222;31;2611.00;94
6353;29;622523311;6353;481;7576;7666;5.56;0.34;314.61;6.48;1223;31;2612.00;90
6355;29;622523327;6355;487;7579;7670;5.60;0.34;314.71;6.48;1224;31;2613.00;91
6358;29;622523341;6358;488;7581;7671;5.64;0.34;314.70;6.47;1223;31;2614.00;90
6358;29;622523356;6358;497;7582;7671;5.67;0.35;314.70;6.47;1224;32;2615.00;89
6362;29;622523377;6362;499;7585;7675;5.63;0.34;314.76;6.47;1223;32;2616.00;90
6367;29;622523394;6367;494;7585;7675;5.60;0.34;314.89;6.47;1218;32;2617.00;90
6368;29;622523408;6368;503;7586;7675;5.58;0.34;314.92;6.48;1218;32;2618.00;89
6370;29;622523423;6370;498;7587;7676;5.53;0.34;315.01;6.48;1217;32;2619.00;89
6372;29;622523437;6372;501;7587;7676;5.53;0.34;314.94;6.48;1215;32;2620.00;89
6377;29;622523450;6377;499;7592;7682;5.54;0.34;315.05;6.48;1215;32;2621.00;90
6378;29;622523465;6378;495;7592;7682;5.51;0.33;315.12;6.48;1214;32;2622.00;90
6380;29;622523479;6380;497;7592;7683;5.42;0.33;315.23;6.48;1212;32;2623.00;91
6382;29;622523493;6382;497;7593;7683;5.38;0.33;315.47;6.49;1211;32;2624.00;90
6388;29;622523506;6388;505;7593;7683;5.23;0.32;315.70;6.49;1205;32;2625.00;90
6391;29;622523520;6391;505;7593;7683;5.18;0.31;315.73;6.49;1202;32;2626.00;90
6395;29;622523533;6395;500;7593;7683;5.08;0.31;315.74;6.49;1198;32;2627.00;90
6397;29;622523546;6397;508;7603;7695;5.12;0.31;315.76;6.48;1206;32;2628.00;92
6399;29;622523560;6399;514;7604;7695;5.12;0.31;315.72;6.48;1205;32;2629.00;91
6400;29;622523573;6400;517;7604;7695;5.12;0.31;315.70;6.48;1204;32;2630.00;91
6400;29;622523585;6400;522;7604;7695;5.08;0.31;315.70;6.48;1204;32;2631.00;91
6404;29;622523598;6404;524;7604;7695;5.03;0.31;315.65;6.48;1200;32;2632.00;91
6406;29;622523611;6406;521;7604;7695;4.98;0.30;315.59;6.48;1198;32;2633.00;91
6407;29;622523629;6407;524;7608;7699;4.97;0.30;315.59;6.49;1201;32;2634.00;91
6407;29;622523642;6407;525;7608;7699;4.95;0.30;315.59;6.49;1201;32;2635.00;91
6411;29;622523654;6411;538;7612;7703;4.92;0.30;315.43;6.48;1201;32;2636.00;91
6412;29;622523667;6412;540;7613;7704;4.93;0.30;315.39;6.48;1201;32;2637.00;91
6416;29;622523680;6416;541;7613;7704;4.86;0.30;315.32;6.48;1197;32;2638.00;91
6418;29;622523692;6418;537;7613;7704;4.76;0.29;315.30;6.48;1195;32;2639.00;91
6419;29;622523706;6419;539;7636;7733;4.78;0.29;315.29;6.46;1217;32;2640.00;97
6422;29;622523721;6422;537;7636;7733;4.76;0.29;315.34;6.46;1214;32;2641.00;97
6424;29;622523735;6424;534;7638;7733;4.82;0.29;315.34;6.46;1214;32;2642.00;95
6426;29;622523747;6426;528;7639;7734;4.87;0.30;315.43;6.46;1213;32;2643.00;95
6427;29;622523760;6427;529;7639;7735;4.93;0.30;315.48;6.46;1212;32;2644.00;96
6428;29;622523772;6428;520;7639;7735;4.93;0.30;315.59;6.46;1211;32;2645.00;96
6430;29;622523784;6430;516;7641;7738;4.97;0.30;315.57;6.46;1211;32;2646.00;97
6434;29;622523797;6434;520;7641;7738;4.97;0.30;315.64;6.46;1207;32;2647.00;97
6437;29;622523809;6437;522;7642;7738;4.95;0.30;315.67;6.46;1205;32;2648.00;96
6441;29;622523821;6441;524;7642;7738;4.93;0.30;315.64;6.46;1201;32;2649.00;96
6441;29;622523834;6441;524;7647;7744;4.95;0.30;315.64;6.45;1206;32;2650.00;97
6444;29;622523847;6444;505;7647;7744;4.93;0.30;315.73;6.45;1203;32;2651.00;97
6447;29;622523859;6447;489;7647;7744;4.88;0.30;315.79;6.45;1200;32;2652.00;97
6449;29;622523871;6449;480;7647;7744;4.89;0.30;315.80;6.45;1198;32;2653.00;97
6454;29;622523884;6454;473;7650;7748;4.87;0.30;315.80;6.45;1196;32;2654.00;98
6456;29;622523897;6456;475;7654;7750;4.90;0.30;315.90;6.54;1198;32;2655.00;96
6460;29;622523912;6460;463;7654;7750;4.91;0.30;316.00;6.54;1194;32;2656.00;96
6462;29;622523929;6462;461;7655;7751;4.99;0.30;315.99;6.54;1193;32;2657.00;96
6463;29;622523960;6463;451;7655;7751;5.06;0.31;315.95;6.54;1192;32;2658.00;96
6466;29;622523982;6466;450;7655;7751;5.12;0.31;315.96;6.54;1189;32;2659.00;96
6467;29;622523999;6467;446;7655;7751;5.21;0.32;315.96;6.54;1188;32;2660.00;96
6469;29;622524019;6469;443;7655;7751;5.25;0.32;315.91;6.54;1186;32;2661.00;96
6470;29;622524036;6470;443;7655;7751;5.31;0.32;315.87;6.54;1185;32;2662.00;96
6471;29;622524050;6471;435;7655;7751;5.38;0.33;315.83;6.54;1184;32;2663.00;96
6473;29;622524065;6473;438;7688;7821;5.57;0.34;315.79;6.51;1215;32;2664.00;133
6476;29;622524085;6476;431;7691;7822;5.57;0.34;315.70;6.51;1215;32;2665.00;131
6478;29;622524102;6478;422;7698;7822;5.61;0.34;315.70;6.51;1220;32;2666.00;124
6480;29;622524117;6480;421;7700;7822;5.61;0.34;315.68;6.50;1220;32;2667.00;122
6482;29;622524132;6482;422;7704;7822;5.63;0.34;315.71;6.50;1222;32;2668.00;118
6482;29;622524146;6482;419;7705;7822;5.63;0.34;315.71;6.50;1223;32;2669.00;117
6483;29;622524165;6483;427;7709;7822;5.69;0.34;315.78;6.50;1226;32;2670.00;113
6483;29;622524178;6483;420;7711;7822;5.69;0.35;315.78;6.50;1228;32;2671.00;111
6485;29;622524192;6485;421;7713;7823;5.74;0.35;315.81;6.50;1228;32;2672.00;110
6487;29;622524205;6487;416;7716;7824;5.77;0.35;315.82;6.50;1229;32;2673.00;108
6488;29;622524219;6488;410;7719;7824;5.77;0.35;315.80;6.51;1231;32;2674.00;105
6491;29;622524233;6491;413;7725;7828;5.74;0.35;315.78;6.50;1234;32;2675.00;103
6492;29;622524247;6492;406;7726;7828;5.73;0.35;315.87;6.50;1234;32;2676.00;102
6494;29;622524261;6494;403;7726;7828;5.70;0.35;315.84;6.50;1232;32;2677.00;102
6498;29;622524275;6498;406;7726;7828;5.64;0.34;316.06;6.50;1228;32;2678.00;102
6499;29;622524290;6499;409;7731;7834;5.71;0.35;316.06;6.50;1232;32;2679.00;103
6501;29;622524306;6501;405;7731;7834;5.70;0.35;316.10;6.50;1230;32;2680.00;103
6504;29;622524321;6504;412;7732;7834;5.65;0.34;316.12;6.55;1228;32;2681.00;102
6506;29;622524336;6506;420;7734;7837;5.68;0.35;316.14;6.55;1228;32;2682.00;103
6508;29;622524351;6508;415;7735;7837;5.66;0.35;316.26;6.59;1227;32;2683.00;102
6511;29;622524373;6511;422;7736;7837;5.61;0.34;316.29;6.59;1225;32;2684.00;101
6515;29;622524387;6515;425;7737;7838;5.57;0.34;316.43;6.64;1222;32;2685.00;101
6517;29;622524402;6517;434;7739;7839;5.57;0.34;316.52;6.69;1222;32;2686.00;100
6519;29;622524416;6519;438;7740;7839;5.55;0.34;316.52;6.73;1221;32;2687.00;99
6521;29;622524439;6521;449;7752;7852;5.56;0.34;316.63;6.77;1231;32;2688.00;100
6524;29;622524454;6524;455;7752;7852;5.54;0.34;316.70;6.77;1228;32;2689.00;100
6526;29;622524469;6526;457;7752;7852;5.55;0.34;316.70;6.77;1226;32;2690.00;100
6529;29;622524488;6529;464;7754;7853;5.55;0.34;316.80;6.81;1225;32;2691.00;99
6531;29;622524502;6531;462;7755;7853;5.56;0.34;316.84;6.86;1224;32;2692.00;98
6533;29;622524515;6533;463;7760;7857;5.61;0.34;316.85;6.90;1227;32;2693.00;97
6533;29;622524530;6533;461;7760;7857;5.60;0.34;316.85;6.90;1227;32;2694.00;97
6534;29;622524543;6534;450;7764;7861;5.64;0.34;316.89;6.94;1230;32;2695.00;97
6536;29;622524557;6536;454;7764;7861;5.64;0.34;316.84;6.94;1228;32;2696.00;97
6538;29;622524570;6538;449;7765;7861;5.62;0.34;316.91;6.98;1227;32;2697.00;96
6542;29;622524584;6542;447;7765;7861;5.59;0.34;316.93;6.98;1223;32;2698.00;96
6545;29;622524599;6545;447;7766;7861;5.57;0.34;316.92;7.03;1221;32;2699.00;95
6548;29;622524614;6548;443;7791;7910;5.72;0.35;316.87;7.01;1243;32;2700.00;119
6549;29;622524637;6549;441;7795;7910;5.71;0.35;316.85;7.09;1246;32;2701.00;115
6552;29;622524651;6552;436;7798;7910;5.71;0.35;317.00;7.09;1246;32;2702.00;112
6556;29;622524673;6556;434;7798;7910;5.74;0.35;317.12;7.09;1242;32;2703.00;112
6558;29;622524687;6558;435;7802;7910;5.75;0.35;317.13;7.17;1244;32;2704.00;108
6560;29;622524700;6560;432;7804;7910;5.73;0.35;317.22;7.26;1244;32;2705.00;106
6564;29;622524714;6564;432;7805;7911;5.67;0.35;317.26;7.26;1241;32;2706.00;106
6566;29;622524729;6566;433;7806;7911;5.66;0.34;317.27;7.26;1240;32;2707.00;105
6566;29;622524744;6566;431;7813;7917;5.70;0.35;317.27;7.34;1247;32;2708.00;104
6567;29;622524759;6567;431;7814;7918;5.71;0.35;317.31;7.34;1247;32;2709.00;104
6571;29;622524773;6571;430;7816;7918;5.69;0.35;317.37;7.42;1245;32;2710.00;102
6572;29;622524787;6572;437;7817;7918;5.71;0.35;317.39;7.45;1245;32;2711.00;101
6579;29;622524800;6579;442;7821;7922;5.67;0.34;317.60;7.45;1242;32;2712.00;101
6581;29;622524815;6581;445;7821;7922;5.63;0.34;317.52;7.45;1240;32;2713.00;101
6586;29;622524829;6586;447;7822;7922;5.56;0.34;317.56;7.45;1236;32;2714.00;100
6589;29;622524843;6589;442;7823;7923;5.52;0.34;317.58;7.45;1234;32;2715.00;100
6594;29;622524858;6594;450;7829;7927;5.45;0.33;317.65;7.57;1235;32;2716.00;98
6596;29;622524878;6596;448;7830;7927;5.45;0.33;317.62;7.57;1234;32;2717.00;97
6599;29;622524898;6599;448;7832;7930;5.45;0.33;317.61;7.57;1233;32;2718.00;98
6602;29;622524912;6602;445;7832;7930;5.43;0.33;317.64;7.57;1230;32;2719.00;98
6604;29;622524926;6604;443;7834;7930;5.39;0.33;317.66;7.57;1230;32;2720.00;96
6607;29;622524940;6607;440;7838;7930;5.34;0.33;317.64;7.72;1231;32;2721.00;92
6612;29;622524954;6612;438;7841;7934;5.34;0.33;317.64;7.72;1229;32;2722.00;93
6616;29;622524969;6616;437;7842;7934;5.30;0.32;317.73;7.72;1226;32;2723.00;92
6617;29;622524982;6617;431;7842;7934;5.31;0.32;317.87;7.72;1225;32;2724.00;92
6621;29;622524995;6621;429;7842;7934;5.32;0.32;318.02;7.72;1221;32;2725.00;92
6626;29;622525008;6626;429;7843;7935;5.34;0.33;318.21;7.72;1217;32;2726.00;92
6630;29;622525022;6630;420;7844;7936;5.36;0.33;318.35;7.72;1214;32;2727.00;92
6634;29;622525036;6634;412;7844;7936;5.35;0.33;318.42;7.72;1210;32;2728.00;92
6639;29;622525050;6639;408;7846;7937;5.31;0.32;318.52;7.72;1207;32;2729.00;91
6641;29;622525065;6641;406;7846;7937;5.37;0.33;318.58;7.72;1205;32;2730.00;91
6645;29;622525078;6645;407;7847;7937;5.41;0.33;318.68;7.73;1202;32;2731.00;90
6650;29;622525091;6650;405;7849;7937;5.47;0.33;318.74;7.73;1199;32;2732.00;88
6653;29;622525104;6653;401;7849;7937;5.52;0.34;318.75;7.73;1196;32;2733.00;88
6657;29;622525118;6657;400;7849;7937;5.52;0.34;318.85;7.73;1192;32;2734.00;88
6664;29;622525131;6664;409;7849;7937;5.54;0.34;318.86;7.73;1185;32;2735.00;88
6667;29;622525144;6667;414;7914;8064;5.77;0.36;318.93;7.67;1247;32;2736.00;150
6674;29;622525167;6674;411;7919;8065;5.74;0.36;318.97;7.67;1245;32;2737.00;146
6677;29;622525181;6677;412;7927;8065;5.79;0.36;319.03;7.66;1250;32;2738.00;138
6681;29;622525195;6681;413;7931;8065;5.79;0.36;319.09;7.66;1250;32;2739.00;134
6686;29;622525209;6686;422;7934;8065;5.71;0.35;319.18;7.66;1248;32;2740.00;131
6688;29;622525222;6688;422;7934;8065;5.69;0.35;319.18;7.66;1246;32;2741.00;131
6694;29;622525236;6694;432;7939;8065;5.61;0.35;319.38;7.66;1245;32;2742.00;126
6698;29;622525250;6698;429;7941;8065;5.54;0.34;319.29;7.66;1243;32;2743.00;124
6704;29;622525263;6704;441;7944;8066;5.47;0.34;319.49;7.66;1240;32;2744.00;122
6706;29;622525277;6706;442;7948;8068;5.50;0.34;319.55;7.66;1242;32;2745.00;120
6712;29;622525290;6712;445;7951;8068;5.47;0.34;319.81;7.66;1239;32;2746.00;117
6717;29;622525303;6717;445;7953;8069;5.47;0.34;319.88;7.66;1236;32;2747.00;116
6724;29;622525318;6724;444;7957;8069;5.45;0.33;319.88;7.68;1233;32;2748.00;112
6728;29;622525332;6728;450;7959;8069;5.48;0.34;319.91;7.68;1231;32;2749.00;110
6732;29;622525345;6732;455;7963;8069;5.45;0.33;319.99;7.68;1231;32;2750.00;106
6734;29;622525359;6734;453;7967;8073;5.43;0.33;320.12;7.68;1233;32;2751.00;106
6739;29;622525373;6739;456;7968;8073;5.40;0.33;320.18;7.68;1229;32;2752.00;105
6746;29;622525387;6746;459;7971;8073;5.31;0.33;320.35;7.68;1225;32;2753.00;102
6749;29;622525401;6749;463;7972;8076;5.28;0.32;320.50;7.68;1223;32;2754.00;104
6751;29;622525414;6751;466;7973;8076;5.28;0.33;320.59;7.68;1222;32;2755.00;103
6757;29;622525427;6757;471;7974;8076;5.22;0.32;320.73;7.69;1217;32;2756.00;102
6762;29;622525441;6762;479;7978;8080;5.22;0.32;320.61;7.68;1216;32;2757.00;102
6765;29;622525454;6765;491;7979;8081;5.15;0.32;320.80;7.68;1214;32;2758.00;102
6769;29;622525469;6769;489;7981;8081;5.06;0.31;320.93;7.69;1212;32;2759.00;100
6770;29;622525484;6770;497;7985;8086;5.01;0.31;320.93;7.68;1215;32;2760.00;101
6774;29;622525497;6774;501;7986;8086;4.88;0.30;320.91;7.68;1212;32;2761.00;100
6776;29;622525510;6776;515;7988;8086;4.79;0.29;320.92;7.70;1212;32;2762.00;98
6779;29;622525522;6779;519;7989;8087;4.71;0.29;320.93;7.70;1210;32;2763.00;98
6783;29;622525536;6783;520;7989;8087;4.64;0.28;320.94;7.70;1206;32;2764.00;98
6783;29;622525555;6783;527;7994;8093;4.62;0.28;320.94;7.69;1211;32;2765.00;99
6785;29;622525573;6785;532;7994;8093;4.59;0.28;320.96;7.69;1209;32;2766.00;99
6789;29;622525586;6789;528;7994;8094;4.54;0.28;321.07;7.69;1205;32;2767.00;100
6791;29;622525599;6791;521;7994;8094;4.53;0.28;321.12;7.69;1203;32;2768.00;100
6794;29;622525613;6794;517;7995;8094;4.49;0.27;321.13;7.71;1201;32;2769.00;99
6795;29;622525626;6795;517;7995;8094;4.49;0.27;321.14;7.71;1200;32;2770.00;99
6797;29;622525640;6797;521;7995;8094;4.48;0.27;321.17;7.71;1198;32;2771.00;99
6799;29;622525652;6799;519;8004;8106;4.60;0.28;321.18;7.70;1205;32;2772.00;102
6800;29;622525666;6800;523;8004;8106;4.60;0.28;321.18;7.70;1204;32;2773.00;102
6804;29;622525679;6804;529;8006;8106;4.64;0.28;321.30;7.70;1202;32;2774.00;100
6807;29;622525692;6807;529;8006;8106;4.62;0.28;321.31;7.70;1199;32;2775.00;100
6810;29;622525705;6810;520;8006;8106;4.65;0.28;321.29;7.70;1196;32;2776.00;100
6813;29;622525718;6813;510;8006;8106;4.61;0.28;321.22;7.70;1193;32;2777.00;100
6815;29;622525732;6815;505;8009;8110;4.61;0.28;321.22;7.69;1194;32;2778.00;101
6817;29;622525745;6817;493;8009;8110;4.68;0.28;321.22;7.69;1192;32;2779.00;101
6819;29;622525759;6819;489;8013;8114;4.74;0.29;321.16;7.69;1194;32;2780.00;101
6822;29;622525773;6822;485;8014;8115;4.78;0.29;321.21;7.69;1192;32;2781.00;101
6823;29;622525787;6823;481;8014;8115;4.82;0.29;321.20;7.69;1191;32;2782.00;101
6824;29;622525800;6824;481;8014;8115;4.87;0.30;321.21;7.69;1190;32;2783.00;101
6824;29;622525814;6824;487;8025;8128;5.00;0.30;321.21;7.68;1201;32;2784.00;103
6824;29;622525828;6824;487;8025;8128;5.03;0.31;321.21;7.68;1201;32;2785.00;103
6825;29;622525841;6825;492;8025;8128;5.04;0.31;321.18;7.68;1200;32;2786.00;103
6827;29;622525854;6827;484;8026;8129;5.08;0.31;321.14;7.68;1199;32;2787.00;103
6833;29;622525868;6833;488;8026;8130;5.13;0.31;321.30;7.68;1193;32;2788.00;104
6835;29;622525882;6835;483;8026;8130;5.16;0.31;321.27;7.68;1191;32;2789.00;104
6836;29;622525897;6836;481;8030;8136;5.24;0.32;321.27;7.67;1194;32;2790.00;106
6837;29;622525911;6837;482;8030;8136;5.24;0.32;321.28;7.67;1193;32;2791.00;106
6839;29;622525927;6839;483;8032;8136;5.30;0.32;321.36;7.67;1193;32;2792.00;104
6840;29;622525947;6840;489;8032;8136;5.29;0.32;321.32;7.67;1192;32;2793.00;104
6841;29;622525966;6841;485;8037;8142;5.31;0.32;321.30;7.67;1196;32;2794.00;105
6847;29;622525996;6847;488;8037;8142;5.23;0.32;321.36;7.67;1190;32;2795.00;105
6848;29;622526015;6848;493;8037;8142;5.21;0.32;321.37;7.67;1189;32;2796.00;105
6850;29;622526033;6850;491;8037;8142;5.18;0.32;321.35;7.67;1187;32;2797.00;105
6852;29;622526049;6852;497;8040;8146;5.12;0.31;321.37;7.67;1188;32;2798.00;106
6855;29;622526065;6855;500;8041;8147;5.08;0.31;321.34;7.67;1186;32;2799.00;106
6856;29;622526080;6856;508;8041;8147;5.04;0.31;321.44;7.67;1185;32;2800.00;106
6859;29;622526098;6859;510;8042;8148;5.00;0.30;321.48;7.66;1183;32;2801.00;106
6859;29;622526112;6859;513;8042;8148;4.95;0.30;321.48;7.66;1183;32;2802.00;106
6860;29;622526126;6860;500;8042;8148;4.94;0.30;321.47;7.66;1182;32;2803.00;106
6860;29;622526140;6860;492;8042;8148;4.98;0.30;321.47;7.66;1182;32;2804.00;106
6862;29;622526153;6862;483;8042;8148;5.02;0.31;321.46;7.66;1180;32;2805.00;106
6864;29;622526168;6864;486;8042;8148;5.00;0.30;321.46;7.66;1178;32;2806.00;106
6865;29;622526181;6865;482;8042;8148;5.00;0.31;321.44;7.66;1177;32;2807.00;106
6866;29;622526194;6866;498;8082;8218;5.07;0.31;321.44;7.63;1216;32;2808.00;136
6866;29;622526213;6866;487;8082;8219;5.12;0.31;321.44;7.63;1216;32;2809.00;137
6869;29;622526232;6869;471;8089;8219;5.23;0.32;321.59;7.62;1220;32;2810.00;130
6869;29;622526247;6869;454;8092;8219;5.30;0.32;321.59;7.64;1223;32;2811.00;127
6870;29;622526261;6870;444;8094;8219;5.37;0.33;321.58;7.64;1224;32;2812.00;125
6871;29;622526275;6871;434;8095;8219;5.44;0.33;321.58;7.64;1224;32;2813.00;124
6871;29;622526289;6871;426;8097;8219;5.55;0.34;321.58;7.64;1226;32;2814.00;122
6871;29;622526302;6871;420;8099;8219;5.62;0.34;321.58;7.64;1228;32;2815.00;120
6873;29;622526316;6873;417;8100;8220;5.70;0.35;321.61;7.64;1227;32;2816.00;120
6874;29;622526331;6874;413;8102;8221;5.83;0.35;321.63;7.64;1228;32;2817.00;119
6881;29;622526351;6881;418;8103;8221;5.86;0.36;321.68;7.64;1222;32;2818.00;118
6882;29;622526367;6882;407;8109;8225;5.89;0.36;321.77;7.64;1227;32;2819.00;116
6884;29;622526386;6884;400;8112;8225;5.86;0.36;321.77;7.64;1228;32;2820.00;113
6887;29;622526403;6887;390;8114;8225;5.83;0.35;321.69;7.64;1227;32;2821.00;111
6889;29;622526421;6889;379;8114;8225;5.80;0.35;321.69;7.64;1225;32;2822.00;111
6890;29;622526438;6890;370;8119;8231;5.80;0.35;321.71;7.63;1229;32;2823.00;112
6896;29;622526456;6896;366;8120;8231;5.77;0.35;321.81;7.68;1224;32;2824.00;111
6898;29;622526475;6898;368;8121;8231;5.77;0.35;321.83;7.73;1223;32;2825.00;110
6901;29;622526490;6901;372;8123;8234;5.82;0.35;321.85;7.73;1222;32;2826.00;111
6905;29;622526505;6905;367;8124;8234;5.80;0.35;322.00;7.74;1219;32;2827.00;110
6908;29;622526519;6908;362;8125;8234;5.81;0.35;322.03;7.74;1217;32;2828.00;109
6912;29;622526542;6912;368;8125;8235;5.79;0.35;322.19;7.74;1213;32;2829.00;110
6917;29;622526557;6917;369;8126;8236;5.80;0.35;322.15;7.74;1209;32;2830.00;110
6919;29;622526573;6919;368;8126;8236;5.83;0.35;322.08;7.74;1207;32;2831.00;110
6924;29;622526588;6924;375;8135;8249;5.83;0.35;322.08;7.73;1211;32;2832.00;114
6925;29;622526606;6925;364;8136;8249;5.90;0.36;322.09;7.73;1211;32;2833.00;113
6928;29;622526620;6928;364;8137;8249;5.95;0.36;322.16;7.73;1209;32;2834.00;112
6929;29;622526636;6929;361;8139;8251;6.01;0.37;322.17;7.73;1210;32;2835.00;112
6933;29;622526658;6933;363;8139;8251;6.05;0.37;322.11;7.73;1206;32;2836.00;112
6935;29;622526672;6935;364;8142;8255;6.12;0.37;322.10;7.73;1207;32;2837.00;113
6935;29;622526688;6935;368;8143;8255;6.14;0.37;322.10;7.73;1208;32;2838.00;112
6936;29;622526708;6936;369;8146;8259;6.09;0.37;322.10;7.72;1210;32;2839.00;113
6940;29;622526722;6940;372;8146;8259;6.00;0.37;322.35;7.72;1206;32;2840.00;113
6942;29;622526750;6942;369;8146;8259;5.99;0.36;322.32;7.72;1204;32;2841.00;113
6945;29;622526766;6945;370;8146;8259;5.98;0.36;322.37;7.72;1201;32;2842.00;113
6945;29;622526782;6945;369;8146;8259;6.00;0.37;322.37;7.72;1201;32;2843.00;113
6946;29;622526796;6946;370;8155;8271;6.08;0.37;322.34;7.71;1209;32;2844.00;116
6948;29;622526813;6948;374;8156;8271;6.11;0.37;322.30;7.71;1208;32;2845.00;115
6950;29;622526829;6950;376;8158;8271;6.18;0.38;322.28;7.76;1208;32;2846.00;113
6955;29;622526854;6955;371;8158;8271;6.19;0.38;322.41;7.76;1203;32;2847.00;113
6955;30;622526868;6955;378;8158;8271;6.21;0.38;322.41;7.76;1203;33;2848.00;113
6956;30;622526899;6956;383;8159;8271;6.20;0.38;322.51;7.81;1203;33;2849.00;112
6957;30;622526917;6957;388;8162;8274;6.17;0.38;322.63;7.86;1205;33;2850.00;112
6959;30;622526936;6959;388;8162;8274;6.17;0.38;322.62;7.86;1203;33;2851.00;112
6962;30;622526955;6962;387;8168;8280;6.18;0.38;322.74;7.90;1206;33;2852.00;112
6962;30;622526971;6962;389;8170;8281;6.17;0.38;322.74;7.95;1208;33;2853.00;111
6964;30;622526985;6964;393;8170;8281;6.15;0.38;322.78;7.95;1206;33;2854.00;111
6967;30;622526998;6967;390;8172;8281;6.13;0.37;322.79;8.04;1205;33;2855.00;109
6970;30;622527013;6970;397;8175;8285;6.13;0.37;322.70;8.03;1205;33;2856.00;110
6974;30;622527034;6974;406;8177;8285;6.13;0.37;322.75;8.12;1203;33;2857.00;108
6977;30;622527049;6977;404;8178;8285;6.10;0.37;322.95;8.17;1201;33;2858.00;107
6979;30;622527068;6979;408;8179;8286;6.04;0.37;322.93;8.17;1200;33;2859.00;107
6982;30;622527088;6982;409;8183;8290;5.98;0.36;323.02;8.22;1201;33;2860.00;107
6984;30;622527102;6984;421;8183;8290;5.96;0.36;323.14;8.22;1199;33;2861.00;107
6988;30;622527116;6988;425;8186;8293;5.99;0.37;323.27;8.27;1198;33;2862.00;107
6991;30;622527129;6991;430;8188;8293;6.05;0.37;323.29;8.31;1197;33;2863.00;105
6994;30;622527142;6994;438;8190;8295;6.03;0.37;323.32;8.31;1196;33;2864.00;105
6998;30;622527161;6998;436;8192;8295;6.03;0.37;323.45;8.41;1194;33;2865.00;103
7004;30;622527174;7004;439;8196;8299;6.06;0.37;323.47;8.40;1192;33;2866.00;103
7007;30;622527188;7007;440;8198;8299;6.05;0.37;323.45;8.49;1191;33;2867.00;101
7008;30;622527201;7008;442;8198;8299;6.07;0.37;323.47;8.49;1190;33;2868.00;101
7012;30;622527213;7012;437;8200;8299;6.02;0.37;323.62;8.58;1188;33;2869.00;99
7014;30;622527232;7014;435;8200;8300;5.96;0.36;323.70;8.58;1186;33;2870.00;100
7014;30;622527245;7014;426;8203;8301;5.95;0.36;323.70;8.67;1189;33;2871.00;98
7019;30;622527258;7019;417;8204;8301;5.87;0.36;323.68;8.71;1185;33;2872.00;97
7022;30;622527271;7022;409;8205;8302;5.89;0.36;323.84;8.71;1183;33;2873.00;97
7022;30;622527284;7022;414;8206;8302;5.95;0.36;323.84;8.76;1184;33;2874.00;96
7026;30;622527296;7026;413;8206;8302;5.94;0.36;323.99;8.76;1180;33;2875.00;96
7029;30;622527309;7029;401;8206;8302;5.91;0.36;324.19;8.76;1177;33;2876.00;96
7032;30;622527322;7032;400;8208;8302;5.88;0.36;324.18;8.84;1176;33;2877.00;94
7034;30;622527335;7034;393;8208;8302;5.96;0.36;324.24;8.84;1174;33;2878.00;94
7039;30;622527348;7039;401;8210;8302;5.95;0.36;324.40;8.92;1171;33;2879.00;92
7042;30;622527362;7042;437;8309;8532;6.13;0.38;324.43;8.82;1267;33;2880.00;223
7045;30;622527392;7045;426;8311;8533;6.12;0.38;324.58;8.82;1266;33;2881.00;222
7050;30;622527406;7050;415;8322;8533;6.14;0.38;324.75;8.89;1272;33;2882.00;211
7052;30;622527419;7052;418;8328;8533;6.16;0.38;324.78;8.89;1276;33;2883.00;205
7057;30;622527433;7057;414;8336;8533;6.21;0.39;324.87;8.88;1279;33;2884.00;197
7060;30;622527446;7060;409;8343;8533;6.23;0.39;324.97;8.96;1283;33;2885.00;190
7066;30;622527460;7066;412;8351;8533;6.16;0.38;324.98;8.96;1285;33;2886.00;182
7072;30;622527473;7072;415;8357;8533;6.10;0.38;325.22;8.96;1285;33;2887.00;176
7074;30;622527493;7074;423;8367;8534;6.05;0.37;325.27;9.04;1293;33;2888.00;167
7078;30;622527513;7078;433;8368;8535;5.94;0.37;325.41;9.04;1290;33;2889.00;167
7080;30;622527528;7080;424;8375;8535;5.92;0.37;325.45;9.04;1295;33;2890.00;160
7083;30;622527543;7083;430;8381;8536;5.84;0.36;325.47;9.12;1298;33;2891.00;155
7085;30;622527558;7085;428;8385;8536;5.81;0.36;325.62;9.13;1300;33;2892.00;151
7089;30;622527572;7089;430;8389;8536;5.70;0.35;325.68;9.20;1300;33;2893.00;147
7093;30;622527587;7093;436;8391;8536;5.57;0.34;325.70;9.20;1298;33;2894.00;145
7095;30;622527602;7095;441;8395;8540;5.45;0.34;325.75;9.24;1300;33;2895.00;145
7102;30;622527617;7102;446;8399;8540;5.34;0.33;325.91;9.28;1297;33;2896.00;141
7106;30;622527632;7106;445;8400;8540;5.28;0.33;325.95;9.28;1294;33;2897.00;140
7109;30;622527647;7109;438;8403;8543;5.23;0.32;325.97;9.29;1294;33;2898.00;140
7111;30;622527663;7111;444;8405;8543;5.19;0.32;326.05;9.29;1294;33;2899.00;138
7117;30;622527677;7117;446;8406;8543;5.12;0.32;325.97;9.29;1289;33;2900.00;137
7119;30;622527697;7119;450;8414;8547;5.10;0.31;326.05;9.29;1295;33;2901.00;133
7126;30;622527711;7126;453;8415;8548;5.06;0.31;326.24;9.29;1289;33;2902.00;133
7129;30;622527726;7129;446;8420;8548;5.00;0.31;326.25;9.30;1291;33;2903.00;128
7133;30;622527740;7133;447;8421;8552;5.00;0.31;326.23;9.30;1288;33;2904.00;131
7136;30;622527754;7136;448;8425;8552;5.01;0.31;326.26;9.30;1289;33;2905.00;127
7137;30;622527768;7137;446;8429;8552;5.02;0.31;326.25;9.31;1292;33;2906.00;123
7140;30;622527782;7140;445;8429;8553;5.02;0.31;326.30;9.31;1289;33;2907.00;124
7146;30;622527796;7146;453;8431;8553;4.99;0.31;326.36;9.31;1285;33;2908.00;122
7149;30;622527810;7149;453;8436;8559;4.98;0.31;326.39;9.31;1287;33;2909.00;123
7153;30;622527826;7153;461;8438;8559;4.95;0.30;326.34;9.31;1285;33;2910.00;121
7158;30;622527840;7158;464;8439;8560;4.93;0.30;326.49;9.31;1281;33;2911.00;121
7162;30;622527854;7162;469;8439;8560;4.86;0.30;326.61;9.31;1277;33;2912.00;121
7166;30;622527868;7166;472;8440;8560;4.80;0.29;326.56;9.31;1274;33;2913.00;120
7169;30;622527881;7169;479;8440;8560;4.78;0.29;326.59;9.31;1271;33;2914.00;120
7173;30;622527895;7173;483;8441;8560;4.79;0.29;326.61;9.31;1268;33;2915.00;119
7179;30;622527908;7179;498;8451;8572;4.78;0.29;326.54;9.31;1272;33;2916.00;121
7183;30;622527922;7183;509;8451;8572;4.74;0.29;326.55;9.31;1268;33;2917.00;121
7188;30;622527943;7188;509;8453;8572;4.71;0.29;326.69;9.31;1265;33;2918.00;119
7190;30;622527970;7190;514;8453;8572;4.67;0.29;326.74;9.31;1263;33;2919.00;119
7198;30;622528006;7198;520;8453;8572;4.55;0.28;326.90;9.31;1255;33;2920.00;119
7200;30;622528042;7200;525;8454;8572;4.52;0.28;326.88;9.32;1254;33;2921.00;118
7205;30;622528064;7205;533;8458;8576;4.46;0.27;326.98;9.32;1253;33;2922.00;118
7207;30;622528084;7207;538;8459;8576;4.41;0.27;326.98;9.32;1252;33;2923.00;117
7209;30;622528102;7209;539;8463;8580;4.38;0.27;326.98;9.31;1254;33;2924.00;117
7211;30;622528120;7211;540;8464;8582;4.35;0.27;326.97;9.31;1253;33;2925.00;118
7213;30;622528137;7213;540;8465;8582;4.29;0.26;326.97;9.31;1252;33;2926.00;117
7214;30;622528160;7214;554;8466;8582;4.29;0.26;326.93;9.31;1252;33;2927.00;116
7219;30;622528178;7219;564;8476;8595;4.31;0.27;326.94;9.30;1257;33;2928.00;119
7222;30;622528199;7222;558;8476;8595;4.26;0.26;326.96;9.30;1254;33;2929.00;119
7225;30;622528216;7225;566;8477;8595;4.25;0.26;326.94;9.30;1252;33;2930.00;118
7228;30;622528233;7228;564;8478;8596;4.20;0.26;327.00;9.30;1250;33;2931.00;118
7229;30;622528257;7229;564;8478;8597;4.21;0.26;326.95;9.30;1249;33;2932.00;119
7232;30;622528277;7232;568;8478;8597;4.16;0.26;326.86;9.30;1246;33;2933.00;119
7233;30;622528294;7233;573;8481;8600;4.19;0.26;326.84;9.30;1248;33;2934.00;119
7236;30;622528308;7236;573;8481;8600;4.16;0.26;326.86;9.30;1245;33;2935.00;119
7237;30;622528324;7237;581;8481;8600;4.17;0.26;326.83;9.30;1244;33;2936.00;119
7239;30;622528340;7239;572;8481;8600;4.16;0.26;326.75;9.30;1242;33;2937.00;119
7244;30;622528356;7244;562;8487;8606;4.17;0.26;326.70;9.32;1243;33;2938.00;119
7246;30;622528375;7246;561;8487;8606;4.23;0.26;326.63;9.32;1241;33;2939.00;119
7253;30;622528394;7253;555;8487;8606;4.24;0.26;326.70;9.32;1234;33;2940.00;119
7254;30;622528410;7254;555;8487;8606;4.27;0.26;326.66;9.32;1233;33;2941.00;119
7257;30;622528428;7257;551;8490;8610;4.33;0.27;326.69;9.32;1233;33;2942.00;120
7259;30;622528445;7259;554;8491;8611;4.39;0.27;326.78;9.31;1232;33;2943.00;120
7260;30;622528461;7260;557;8491;8611;4.41;0.27;326.88;9.31;1231;33;2944.00;120
7261;30;622528477;7261;561;8492;8612;4.45;0.27;326.84;9.31;1231;33;2945.00;120
7262;30;622528503;7262;550;8492;8612;4.53;0.28;326.84;9.31;1230;33;2946.00;120
7265;30;622528523;7265;541;8492;8612;4.55;0.28;326.79;9.31;1227;33;2947.00;120
7266;30;622528542;7266;527;8492;8612;4.60;0.28;326.75;9.31;1226;33;2948.00;120
7268;30;622528559;7268;513;8492;8612;4.64;0.28;326.69;9.31;1224;33;2949.00;120
7268;30;622528577;7268;503;8492;8612;4.70;0.29;326.69;9.31;1224;33;2950.00;120
7268;30;622528594;7268;498;8492;8612;4.73;0.29;326.69;9.31;1224;33;2951.00;120
7269;30;622528618;7269;503;8523;8682;4.94;0.30;326.72;9.28;1254;33;2952.00;159
7270;30;622528643;7270;497;8525;8683;4.97;0.30;326.71;9.30;1255;33;2953.00;158
7272;30;622528661;7272;499;8531;8683;5.00;0.31;326.72;9.30;1259;33;2954.00;152
7274;30;622528679;7274;489;8533;8683;5.02;0.31;326.77;9.30;1259;33;2955.00;150
7276;30;622528703;7276;478;8535;8683;5.04;0.31;326.80;9.29;1259;33;2956.00;148
7277;30;622528720;7277;475;8538;8683;5.08;0.31;326.79;9.29;1261;33;2957.00;145
7280;30;622528736;7280;475;8539;8683;5.10;0.31;326.74;9.29;1259;33;2958.00;144
7282;30;622528754;7282;475;8543;8683;5.15;0.31;326.75;9.32;1261;33;2959.00;140
7282;30;622528773;7282;479;8546;8684;5.15;0.31;326.75;9.32;1264;33;2960.00;138
7284;30;622528791;7284;478;8549;8685;5.14;0.31;326.79;9.32;1265;33;2961.00;136
7285;30;622528811;7285;478;8552;8685;5.11;0.31;326.78;9.32;1267;33;2962.00;133
7286;30;622528829;7286;477;8557;8689;5.15;0.31;326.86;9.31;1271;33;2963.00;132
7288;30;622528849;7288;470;8557;8689;5.21;0.32;326.86;9.31;1269;33;2964.00;132
7289;30;622528876;7289;481;8557;8689;5.27;0.32;326.86;9.31;1268;33;2965.00;132
7290;30;622528901;7290;475;8557;8689;5.34;0.32;326.87;9.31;1267;33;2966.00;132
7294;30;622528924;7294;473;8561;8695;5.43;0.33;326.98;9.31;1267;33;2967.00;134
7295;30;622528954;7295;473;8561;8695;5.49;0.33;327.00;9.31;1266;33;2968.00;134
7296;30;622528975;7296;477;8561;8695;5.55;0.34;327.00;9.31;1265;33;2969.00;134
7297;30;622528995;7297;478;8565;8701;5.62;0.34;327.00;9.30;1268;33;2970.00;136
7299;30;622529014;7299;475;8565;8701;5.65;0.34;326.99;9.30;1266;33;2971.00;136
7301;30;622529033;7301;473;8567;8701;5.65;0.34;327.02;9.30;1266;33;2972.00;134
7303;30;622529057;7303;479;8567;8702;5.60;0.34;327.03;9.30;1264;33;2973.00;135
7306;30;622529077;7306;482;8568;8703;5.58;0.34;327.03;9.30;1262;33;2974.00;135
7307;30;622529095;7307;482;8568;8703;5.51;0.33;327.01;9.30;1261;33;2975.00;135
7309;30;622529113;7309;479;8577;8716;5.56;0.34;327.12;9.29;1268;33;2976.00;139
7310;30;622529131;7310;481;8577;8716;5.58;0.34;327.14;9.29;1267;33;2977.00;139
7313;30;622529148;7313;483;8577;8716;5.59;0.34;327.12;9.29;1264;33;2978.00;139
7315;30;622529164;7315;470;8578;8717;5.60;0.34;327.23;9.29;1263;33;2979.00;139
7315;30;622529183;7315;464;8578;8717;5.60;0.34;327.23;9.29;1263;33;2980.00;139
7320;30;622529203;7320;464;8582;8721;5.64;0.34;327.30;9.31;1262;33;2981.00;139
7321;30;622529222;7321;458;8582;8721;5.67;0.34;327.28;9.31;1261;33;2982.00;139
7324;30;622529242;7324;451;8585;8725;5.65;0.34;327.27;9.30;1261;33;2983.00;140
7329;30;622529262;7329;447;8585;8725;5.61;0.34;327.31;9.30;1256;33;2984.00;140
7331;30;622529278;7331;438;8585;8725;5.68;0.34;327.29;9.30;1254;33;2985.00;140
7332;30;622529296;7332;435;8585;8725;5.72;0.35;327.26;9.30;1253;33;2986.00;140
7334;30;622529315;7334;435;8585;8725;5.78;0.35;327.29;9.30;1251;33;2987.00;140
7338;30;622529333;7338;432;8595;8737;5.87;0.35;327.28;9.29;1257;33;2988.00;142
7339;30;622529350;7339;432;8596;8737;5.94;0.36;327.30;9.30;1257;33;2989.00;141
7342;30;622529373;7342;432;8597;8737;5.97;0.36;327.32;9.30;1255;33;2990.00;140
7345;30;622529390;7345;431;8597;8737;5.95;0.36;327.41;9.30;1252;33;2991.00;140
7350;30;622529412;7350;426;8597;8737;5.92;0.36;327.55;9.30;1247;33;2992.00;140
7350;30;622529431;7350;421;8597;8737;5.93;0.36;327.55;9.30;1247;33;2993.00;140
7352;30;622529449;7352;409;8599;8738;5.89;0.36;327.61;9.30;1247;33;2994.00;139
7354;30;622529466;7354;414;8601;8738;5.89;0.36;327.67;9.40;1247;33;2995.00;137
7356;30;622529485;7356;413;8605;8744;5.87;0.36;327.69;9.39;1249;33;2996.00;139
7358;30;622529502;7358;407;8606;8745;5.89;0.36;327.66;9.39;1248;33;2997.00;139
7359;30;622529520;7359;400;8606;8745;5.90;0.36;327.69;9.39;1247;33;2998.00;139
7363;30;622529535;7363;398;8606;8745;5.92;0.36;327.69;9.39;1243;33;2999.00;139
7364;30;622529558;7364;394;8611;8765;5.93;0.36;327.74;9.39;1247;33;3000.00;154
7367;30;622529590;7367;395;8611;8765;5.94;0.36;327.70;9.39;1244;33;3001.00;154
7368;30;622529612;7368;390;8611;8765;5.97;0.36;327.69;9.39;1243;33;3002.00;154
7373;30;622529627;7373;386;8612;8766;5.98;0.36;327.66;9.39;1239;33;3003.00;154
7376;30;622529644;7376;387;8615;8770;5.98;0.36;327.64;9.38;1239;33;3004.00;155
7377;30;622529663;7377;391;8616;8770;5.97;0.36;327.60;9.38;1239;33;3005.00;154
7380;30;622529679;7380;386;8619;8773;5.99;0.36;327.67;9.38;1239;33;3006.00;154
7385;30;622529697;7385;392;8622;8773;6.02;0.36;327.86;9.39;1237;33;3007.00;151
7388;30;622529714;7388;401;8623;8773;5.99;0.36;327.81;9.40;1235;33;3008.00;150
7390;30;622529732;7390;396;8625;8773;6.00;0.36;328.01;9.41;1235;33;3009.00;148
7390;30;622529756;7390;397;8629;8777;6.07;0.37;328.01;9.42;1239;33;3010.00;148
7391;30;622529772;7391;405;8630;8777;6.04;0.37;328.05;9.42;1239;33;3011.00;147
7397;30;622529789;7397;404;8633;8777;6.04;0.37;328.29;9.42;1236;33;3012.00;144
7398;30;622529807;7398;407;8634;8777;6.08;0.37;328.29;9.42;1236;33;3013.00;143
7401;30;622529826;7401;400;8636;8778;6.11;0.37;328.33;9.42;1235;33;3014.00;142
7403;30;622529844;7403;394;8639;8780;6.10;0.37;328.44;9.43;1236;33;3015.00;141
7404;30;622529862;7404;405;8640;8780;6.11;0.37;328.43;9.43;1236;33;3016.00;140
7408;30;622529880;7408;407;8641;8781;6.09;0.37;328.39;9.42;1233;33;3017.00;140
7410;30;622529897;7410;402;8643;8781;6.06;0.37;328.42;9.43;1233;33;3018.00;138
7413;30;622529919;7413;405;8643;8781;6.06;0.37;328.53;9.43;1230;33;3019.00;138
7415;30;622529941;7415;405;8645;8781;6.02;0.37;328.53;9.52;1230;33;3020.00;136
7419;30;622529968;7419;406;8645;8781;5.95;0.36;328.56;9.52;1226;33;3021.00;136
7420;30;622529999;7420;418;8647;8781;5.95;0.36;328.62;9.57;1227;33;3022.00;134
7422;30;622530035;7422;416;8648;8781;5.93;0.36;328.59;9.62;1226;33;3023.00;133
7423;30;622530063;7423;442;8718;8908;6.02;0.37;328.65;9.55;1295;33;3024.00;190
7424;30;622530097;7424;437;8720;8909;6.04;0.37;328.64;9.60;1296;33;3025.00;189
7428;30;622530116;7428;433;8726;8909;6.08;0.37;328.80;9.59;1298;33;3026.00;183
7432;30;622530139;7432;437;8729;8909;6.11;0.38;328.72;9.59;1297;33;3027.00;180
7434;30;622530160;7434;443;8736;8909;6.14;0.38;328.84;9.64;1302;33;3028.00;173
7435;30;622530182;7435;448;8737;8909;6.19;0.38;328.91;9.64;1302;33;3029.00;172
7436;30;622530205;7436;456;8742;8909;6.25;0.39;329.05;9.69;1306;33;3030.00;167
7440;30;622530224;7440;450;8746;8909;6.30;0.39;329.11;9.68;1306;33;3031.00;163
7445;30;622530242;7445;457;8751;8910;6.29;0.39;329.29;9.78;1306;33;3032.00;159
7446;30;622530263;7446;458;8755;8911;6.36;0.39;329.30;9.78;1309;33;3033.00;156
7449;30;622530280;7449;463;8759;8911;6.36;0.39;329.49;9.83;1310;33;3034.00;152
7452;30;622530299;7452;466;8760;8912;6.33;0.39;329.55;9.83;1308;33;3035.00;152
7453;30;622530319;7453;473;8768;8912;6.27;0.38;329.60;9.92;1315;33;3036.00;144
7459;30;622530337;7459;476;8771;8912;6.13;0.38;329.94;9.97;1312;33;3037.00;141
7464;30;622530355;7464;479;8774;8912;6.05;0.37;330.07;10.02;1310;33;3038.00;138
7464;30;622530376;7464;482;8778;8916;5.99;0.37;330.07;10.02;1314;33;3039.00;138
7467;30;622530404;7467;485;8781;8916;5.91;0.36;330.05;10.10;1314;33;3040.00;135
7471;30;622530424;7471;477;8782;8916;5.83;0.36;330.27;10.10;1311;33;3041.00;134
7473;30;622530442;7473;488;8786;8919;5.77;0.35;330.46;10.19;1313;33;3042.00;133
7476;30;622530462;7476;484;8787;8919;5.72;0.35;330.58;10.19;1311;33;3043.00;132
7480;30;622530486;7480;486;8789;8919;5.65;0.35;330.86;10.28;1309;33;3044.00;130
7483;30;622530508;7483;490;8792;8923;5.61;0.34;330.93;10.28;1309;33;3045.00;131
7486;30;622530531;7486;493;8794;8924;5.57;0.34;330.99;10.28;1308;33;3046.00;130
7489;30;622530550;7489;496;8795;8924;5.52;0.34;331.19;10.28;1306;33;3047.00;129
7490;30;622530571;7490;508;8801;8928;5.49;0.34;331.21;10.36;1311;33;3048.00;127
7494;30;622530589;7494;501;8801;8928;5.46;0.33;331.28;10.36;1307;33;3049.00;127
7495;30;622530617;7495;497;8804;8928;5.47;0.33;331.26;10.45;1309;33;3050.00;124
7501;30;622530637;7501;502;8806;8929;5.45;0.33;331.29;10.45;1305;33;3051.00;123
7506;30;622530671;7506;502;8806;8929;5.41;0.33;331.29;10.45;1300;33;3052.00;123
7508;30;622530699;7508;509;8814;8935;5.41;0.33;331.46;10.52;1306;33;3053.00;121
7513;30;622530727;7513;507;8814;8935;5.33;0.33;331.54;10.52;1301;33;3054.00;121
7515;30;622530754;7515;507;8816;8936;5.25;0.32;331.57;10.61;1301;33;3055.00;120
7519;30;622530773;7519;509;8816;8936;5.18;0.32;331.76;10.61;1297;33;3056.00;120
7521;30;622530791;7521;519;8818;8936;5.05;0.31;331.78;10.69;1297;33;3057.00;118
7524;30;622530808;7524;522;8818;8936;4.92;0.30;331.86;10.69;1294;33;3058.00;118
7526;30;622530826;7526;545;8818;8936;4.82;0.30;331.91;10.69;1292;33;3059.00;118
7526;30;622530847;7526;548;8845;8972;4.90;0.30;331.91;10.74;1319;33;3060.00;127
7532;30;622530867;7532;550;8846;8972;4.83;0.30;332.22;10.73;1314;33;3061.00;126
7537;30;622530885;7537;551;8849;8972;4.85;0.30;332.38;10.73;1312;33;3062.00;123
7542;30;622530904;7542;549;8851;8972;4.82;0.30;332.35;10.81;1309;33;3063.00;121
7549;30;622530923;7549;558;8852;8972;4.78;0.29;332.37;10.81;1303;33;3064.00;120
7553;30;622530944;7553;559;8852;8972;4.76;0.29;332.44;10.81;1299;33;3065.00;120
7555;30;622530962;7555;560;8856;8976;4.70;0.29;332.50;10.81;1301;33;3066.00;120
7560;30;622530990;7560;558;8856;8976;4.64;0.29;332.51;10.81;1296;33;3067.00;120
7562;30;622531007;7562;552;8860;8980;4.63;0.28;332.47;10.80;1298;33;3068.00;120
7568;30;622531023;7568;564;8861;8981;4.52;0.28;332.41;10.80;1293;33;3069.00;120
7571;30;622531039;7571;567;8861;8981;4.47;0.27;332.48;10.80;1290;33;3070.00;120
7572;30;622531054;7572;570;8861;8981;4.42;0.27;332.46;10.80;1289;33;3071.00;120
7575;30;622531073;7575;579;8872;8994;4.45;0.27;332.51;10.79;1297;33;3072.00;122
7580;30;622531090;7580;583;8872;8994;4.40;0.27;332.51;10.79;1292;33;3073.00;122
7584;30;622531106;7584;589;8872;8994;4.38;0.27;332.47;10.79;1288;33;3074.00;122
7589;30;622531121;7589;579;8873;8995;4.38;0.27;332.39;10.78;1284;33;3075.00;122
7593;30;622531137;7593;577;8873;8996;4.37;0.27;332.40;10.78;1280;33;3076.00;123
7597;30;622531156;7597;578;8873;8996;4.36;0.27;332.34;10.78;1276;33;3077.00;123
7600;30;622531174;7600;569;8875;8999;4.37;0.27;332.34;10.78;1275;33;3078.00;124
7605;30;622531190;7605;567;8875;8999;4.31;0.26;332.33;10.78;1270;33;3079.00;124
7612;30;622531207;7612;566;8875;8999;4.24;0.26;332.31;10.78;1263;33;3080.00;124
7614;30;622531222;7614;568;8875;8999;4.21;0.26;332.29;10.78;1261;33;3081.00;124
7615;30;622531240;7615;563;8879;9005;4.24;0.26;332.26;10.78;1264;33;3082.00;126
7620;30;622531258;7620;568;8879;9005;4.21;0.26;332.25;10.78;1259;33;3083.00;126
7623;30;622531275;7623;564;8879;9005;4.19;0.26;332.38;10.78;1256;33;3084.00;126
7627;30;622531291;7627;569;8880;9005;4.13;0.25;332.35;10.78;1253;33;3085.00;125
7629;30;622531311;7629;570;8883;9009;4.11;0.25;332.35;10.77;1254;33;3086.00;126
7632;30;622531326;7632;569;8884;9010;4.06;0.25;332.48;10.77;1252;33;3087.00;126
7635;30;622531342;7635;567;8884;9010;4.03;0.25;332.46;10.77;1249;33;3088.00;126
7639;30;622531357;7639;577;8885;9011;4.04;0.25;332.44;10.77;1246;33;3089.00;126
7641;30;622531374;7641;582;8885;9011;3.99;0.25;332.43;10.77;1244;33;3090.00;126
7646;30;622531390;7646;578;8886;9011;3.95;0.24;332.41;10.77;1240;33;3091.00;125
7647;30;622531405;7647;583;8886;9011;3.94;0.24;332.43;10.77;1239;33;3092.00;125
7651;30;622531419;7651;593;8886;9011;3.90;0.24;332.38;10.77;1235;33;3093.00;125
7658;30;622531433;7658;593;8886;9011;3.88;0.24;332.28;10.77;1228;33;3094.00;125
7661;30;622531448;7661;597;8886;9011;3.90;0.24;332.43;10.77;1225;33;3095.00;125
7663;30;622531462;7663;613;8926;9081;4.08;0.25;332.44;10.72;1263;33;3096.00;155
7665;30;622531484;7665;612;8927;9082;4.11;0.25;332.45;10.72;1262;33;3097.00;155
7667;30;622531499;7667;615;8932;9082;4.18;0.26;332.50;10.72;1265;33;3098.00;150
7670;30;622531516;7670;613;8934;9082;4.16;0.26;332.53;10.72;1264;33;3099.00;148
7672;30;622531534;7672;615;8936;9082;4.18;0.26;332.57;10.71;1264;33;3100.00;146
7676;30;622531552;7676;617;8936;9082;4.15;0.26;332.61;10.71;1260;33;3101.00;146
7679;30;622531569;7679;614;8939;9082;4.14;0.25;332.59;10.71;1260;33;3102.00;143
7683;30;622531583;7683;619;8940;9082;4.05;0.25;332.68;10.71;1257;33;3103.00;142
7688;30;622531595;7688;617;8942;9083;3.96;0.24;332.70;10.71;1254;33;3104.00;141
7689;30;622531608;7689;621;8946;9085;3.91;0.24;332.73;10.71;1257;33;3105.00;139
7693;30;622531620;7693;630;8947;9085;3.82;0.23;332.73;10.71;1254;33;3106.00;138
7695;30;622531633;7695;614;8951;9089;3.84;0.23;332.73;10.71;1256;33;3107.00;138
7696;30;622531646;7696;601;8952;9089;3.88;0.24;332.74;10.71;1256;33;3108.00;137
7698;30;622531659;7698;587;8953;9089;3.96;0.24;332.78;10.71;1255;33;3109.00;136
7700;30;622531673;7700;583;8954;9089;4.05;0.25;332.79;10.71;1254;33;3110.00;135
7703;30;622531686;7703;578;8959;9095;4.15;0.25;332.90;10.70;1256;33;3111.00;136
7706;30;622531700;7706;570;8960;9095;4.24;0.26;332.89;10.70;1254;33;3112.00;135
7710;30;622531713;7710;565;8961;9095;4.35;0.27;332.93;10.70;1251;33;3113.00;134
7711;30;622531732;7711;559;8963;9098;4.50;0.27;332.97;10.70;1252;33;3114.00;135
7712;30;622531746;7712;556;8964;9098;4.58;0.28;332.96;10.70;1252;33;3115.00;134
7713;30;622531759;7713;536;8966;9098;4.67;0.28;332.96;10.70;1253;33;3116.00;132
7715;30;622531779;7715;515;8966;9099;4.75;0.29;332.99;10.70;1251;33;3117.00;133
7716;30;622531793;7716;500;8967;9100;4.84;0.29;332.95;10.70;1251;33;3118.00;133
7718;30;622531807;7718;486;8967;9100;4.90;0.30;332.90;10.70;1249;33;3119.00;133
7720;30;622531824;7720;488;8986;9126;5.05;0.31;332.82;10.68;1266;33;3120.00;140
7722;30;622531840;7722;475;8986;9126;5.06;0.31;332.81;10.68;1264;33;3121.00;140
7724;30;622531861;7724;469;8989;9126;5.13;0.31;332.78;10.67;1265;33;3122.00;137
7725;30;622531876;7725;469;8990;9127;5.21;0.32;332.77;10.67;1265;33;3123.00;137
7726;30;622531891;7726;466;8990;9127;5.23;0.32;332.73;10.67;1264;33;3124.00;137
7727;30;622531906;7727;471;8994;9131;5.31;0.32;332.75;10.67;1267;33;3125.00;137
7729;30;622531921;7729;478;8994;9131;5.30;0.32;332.74;10.67;1265;33;3126.00;137
7729;30;622531941;7729;475;8997;9135;5.32;0.32;332.74;10.66;1268;33;3127.00;138
7733;30;622531963;7733;473;8997;9135;5.30;0.32;332.75;10.66;1264;33;3128.00;138
7734;30;622531987;7734;461;8997;9135;5.30;0.32;332.80;10.66;1263;33;3129.00;138
7738;30;622532009;7738;455;8997;9135;5.32;0.32;332.87;10.66;1259;33;3130.00;138
7741;30;622532031;7741;447;8997;9135;5.35;0.33;332.89;10.66;1256;33;3131.00;138
7743;30;622532049;7743;441;9007;9147;5.41;0.33;332.89;10.65;1264;33;3132.00;140
7746;30;622532067;7746;448;9007;9147;5.44;0.33;332.88;10.65;1261;33;3133.00;140
7746;30;622532083;7746;445;9008;9147;5.53;0.34;332.88;10.65;1262;33;3134.00;139
7749;30;622532099;7749;446;9008;9147;5.54;0.34;332.86;10.65;1259;33;3135.00;139
7751;30;622532115;7751;436;9008;9147;5.55;0.34;332.87;10.65;1257;33;3136.00;139
7755;30;622532132;7755;434;9008;9147;5.54;0.34;332.94;10.65;1253;33;3137.00;139
7759;30;622532148;7759;433;9008;9148;5.49;0.33;332.98;10.65;1249;33;3138.00;140
7761;30;622532164;7761;429;9008;9148;5.49;0.33;332.98;10.65;1247;33;3139.00;140
7763;30;622532178;7763;426;9013;9154;5.51;0.33;333.14;10.65;1250;33;3140.00;141
7765;30;622532195;7765;425;9014;9155;5.49;0.33;333.19;10.65;1249;33;3141.00;141
7765;30;622532210;7765;424;9014;9155;5.50;0.33;333.19;10.65;1249;33;3142.00;141
7768;30;622532225;7768;433;9014;9155;5.47;0.33;333.20;10.65;1246;33;3143.00;141
7772;30;622532249;7772;437;9017;9159;5.45;0.33;333.31;10.64;1245;33;3144.00;142
7776;30;622532267;7776;441;9017;9159;5.42;0.33;333.42;10.64;1241;33;3145.00;142
7776;30;622532287;7776;448;9017;9159;5.47;0.33;333.42;10.64;1241;33;3146.00;142
7781;30;622532304;7781;448;9018;9160;5.47;0.33;333.45;10.64;1237;33;3147.00;142
7783;30;622532321;7783;449;9021;9164;5.47;0.33;333.52;10.64;1238;33;3148.00;143
7783;30;622532336;7783;448;9021;9164;5.53;0.34;333.52;10.64;1238;33;3149.00;143
7785;30;622532354;7785;440;9025;9170;5.56;0.34;333.54;10.63;1240;33;3150.00;145
7786;30;622532371;7786;429;9025;9170;5.62;0.34;333.59;10.63;1239;33;3151.00;145
7787;30;622532387;7787;423;9027;9170;5.67;0.34;333.56;10.63;1240;33;3152.00;143
7791;30;622532402;7791;419;9027;9170;5.71;0.35;333.66;10.63;1236;33;3153.00;143
7792;30;622532418;7792;416;9031;9174;5.82;0.35;333.71;10.63;1239;33;3154.00;143
7794;30;622532433;7794;404;9031;9174;5.83;0.35;333.90;10.63;1237;33;3155.00;143
7798;30;622532448;7798;404;9031;9174;5.82;0.35;333.99;10.63;1233;33;3156.00;143
7800;30;622532463;7800;397;9031;9174;5.79;0.35;334.09;10.63;1231;33;3157.00;143
7801;30;622532480;7801;401;9031;9175;5.82;0.35;334.08;10.63;1230;33;3158.00;144
7802;30;622532494;7802;399;9032;9176;5.87;0.36;334.08;10.63;1230;33;3159.00;144
7803;30;622532509;7803;391;9032;9176;5.83;0.35;334.09;10.63;1229;33;3160.00;144
7803;30;622532524;7803;390;9033;9177;5.81;0.35;334.09;10.62;1230;33;3161.00;144
7804;30;622532544;7804;381;9033;9177;5.85;0.36;334.19;10.62;1229;33;3162.00;144
7804;30;622532559;7804;375;9033;9177;5.92;0.36;334.19;10.62;1229;33;3163.00;144
7808;30;622532573;7808;379;9033;9177;5.98;0.36;334.35;10.62;1225;33;3164.00;144
7811;30;622532590;7811;379;9035;9177;5.96;0.36;334.44;10.72;1224;33;3165.00;142
7815;30;622532607;7815;386;9035;9177;5.99;0.36;334.40;10.72;1220;33;3166.00;142
7820;30;622532622;7820;388;9035;9177;6.04;0.37;334.48;10.72;1215;33;3167.00;142
7824;30;622532638;7824;409;9100;9304;6.12;0.38;334.52;10.64;1276;33;3168.00;204
7829;30;622532663;7829;400;9104;9305;6.14;0.38;334.50;10.64;1275;33;3169.00;201
7834;30;622532679;7834;388;9109;9305;6.20;0.38;334.54;10.63;1275;33;3170.00;196
7838;30;622532695;7838;394;9110;9305;6.19;0.38;334.71;10.63;1272;33;3171.00;195
7841;30;622532711;7841;394;9115;9305;6.21;0.38;334.70;10.63;1274;33;3172.00;190
7845;30;622532727;7845;389;9116;9305;6.21;0.38;334.82;10.63;1271;33;3173.00;189
7846;30;622532743;7846;392;9118;9305;6.26;0.38;334.78;10.63;1272;33;3174.00;187
7850;32;622532758;7850;388;9120;9305;6.31;0.39;334.81;10.63;1270;35;3175.00;185
7852;32;622532791;7852;399;9121;9306;6.34;0.39;334.80;10.63;1269;35;3176.00;185
7857;32;622532807;7857;410;9128;9307;6.35;0.39;334.83;10.63;1271;35;3177.00;179
7859;32;622532827;7859;399;9130;9307;6.36;0.39;334.81;10.63;1271;35;3178.00;177
7861;32;622532842;7861;396;9133;9308;6.38;0.39;334.83;10.63;1272;35;3179.00;175
7864;32;622532862;7864;397;9136;9308;6.33;0.39;334.87;10.63;1272;35;3180.00;172
7868;32;622532877;7868;398;9139;9308;6.25;0.38;334.96;10.63;1271;35;3181.00;169
7869;32;622532894;7869;392;9141;9308;6.23;0.38;334.97;10.63;1272;35;3182.00;167
7871;32;622532909;7871;398;9147;9312;6.19;0.38;335.07;10.63;1276;35;3183.00;165
7873;32;622532925;7873;408;9149;9312;6.17;0.38;335.24;10.63;1276;35;3184.00;163
7874;32;622532943;7874;409;9151;9312;6.14;0.38;335.29;10.63;1277;35;3185.00;161
7877;32;622532963;7877;414;9154;9315;6.13;0.38;335.28;10.63;1277;35;3186.00;161
7881;32;622532981;7881;426;9156;9315;6.10;0.37;335.32;10.63;1275;35;3187.00;159
7886;32;622533002;7886;429;9158;9315;6.09;0.37;335.45;10.63;1272;35;3188.00;157
7890;32;622533018;7890;442;9163;9319;6.06;0.37;335.51;10.63;1273;35;3189.00;156
7891;32;622533033;7891;446;9166;9320;6.06;0.37;335.60;10.73;1275;35;3190.00;154
7895;32;622533048;7895;451;9169;9322;6.02;0.37;335.83;10.73;1274;35;3191.00;153
7899;32;622533062;7899;455;9172;9326;5.97;0.36;336.00;10.72;1273;35;3192.00;154
7899;32;622533083;7899;459;9173;9326;5.93;0.36;336.00;10.78;1274;35;3193.00;153
7903;32;622533098;7903;467;9174;9326;5.93;0.36;336.16;10.78;1271;35;3194.00;152
7908;32;622533115;7908;469;9176;9328;5.93;0.36;336.22;10.77;1268;35;3195.00;152
7909;32;622533130;7909;474;9178;9328;5.91;0.36;336.20;10.87;1269;35;3196.00;150
7913;32;622533144;7913;476;9183;9334;5.86;0.36;336.28;10.87;1270;35;3197.00;151
7917;32;622533159;7917;483;9185;9334;5.78;0.35;336.38;10.96;1268;35;3198.00;149
7918;32;622533173;7918;495;9185;9335;5.69;0.35;336.35;10.96;1267;35;3199.00;150
7920;32;622533188;7920;501;9185;9335;5.58;0.34;336.37;10.96;1265;35;3200.00;150
7924;32;622533205;7924;505;9186;9335;5.49;0.34;336.61;11.01;1262;35;3201.00;149
7926;32;622533219;7926;516;9186;9335;5.48;0.34;336.64;11.01;1260;35;3202.00;149
7931;32;622533232;7931;517;9186;9335;5.43;0.33;336.64;11.01;1255;35;3203.00;149
7932;32;622533246;7932;525;9198;9347;5.50;0.34;336.65;11.10;1266;35;3204.00;149
7934;32;622533260;7934;528;9198;9347;5.48;0.34;336.63;11.10;1264;35;3205.00;149
7936;32;622533273;7936;532;9199;9347;5.46;0.33;336.68;11.10;1263;35;3206.00;148
7938;32;622533286;7938;530;9201;9347;5.44;0.33;336.81;11.20;1263;35;3207.00;146
7942;32;622533299;7942;536;9202;9347;5.36;0.33;336.91;11.24;1260;35;3208.00;145
7943;32;622533312;7943;535;9203;9347;5.33;0.33;336.89;11.29;1260;35;3209.00;144
7946;32;622533326;7946;541;9206;9351;5.29;0.32;337.00;11.29;1260;35;3210.00;145
7948;32;622533339;7948;537;9208;9351;5.28;0.32;337.08;11.38;1260;35;3211.00;143
7951;32;622533352;7951;539;9212;9355;5.36;0.33;337.07;11.38;1261;35;3212.00;143
7952;32;622533366;7952;546;9215;9356;5.35;0.33;337.14;11.47;1263;35;3213.00;141
7954;32;622533379;7954;543;9215;9356;5.32;0.33;337.27;11.47;1261;35;3214.00;141
7956;32;622533393;7956;540;9215;9356;5.27;0.32;337.22;11.47;1259;35;3215.00;141
7959;32;622533406;7959;545;9226;9369;5.26;0.32;337.27;11.45;1267;35;3216.00;143
7962;32;622533420;7962;546;9229;9369;5.24;0.32;337.36;11.59;1267;35;3217.00;140
7962;32;622533433;7962;548;9229;9369;5.25;0.32;337.36;11.59;1267;35;3218.00;140
7966;32;622533445;7966;550;9232;9370;5.24;0.32;337.48;11.68;1266;35;3219.00;138
7970;32;622533458;7970;550;9232;9371;5.20;0.32;337.62;11.68;1262;35;3220.00;139
7973;32;622533471;7973;551;9232;9371;5.16;0.32;337.65;11.68;1259;35;3221.00;139
7977;32;622533483;7977;553;9237;9374;5.11;0.31;337.67;11.76;1260;35;3222.00;137
7977;32;622533497;7977;557;9237;9374;5.08;0.31;337.67;11.76;1260;35;3223.00;137
7984;32;622533509;7984;559;9237;9374;5.00;0.30;337.67;11.76;1253;35;3224.00;137
7988;32;622533522;7988;557;9239;9374;4.92;0.30;337.69;11.84;1251;35;3225.00;135
7991;32;622533541;7991;556;9244;9380;4.89;0.30;337.71;11.83;1253;35;3226.00;136
7995;32;622533554;7995;558;9245;9380;4.82;0.29;337.63;11.88;1250;35;3227.00;135
7998;32;622533567;7998;560;9245;9380;4.77;0.29;337.70;11.88;1247;35;3228.00;135
8000;32;622533579;8000;567;9245;9380;4.71;0.29;337.68;11.88;1245;35;3229.00;135
8004;32;622533591;8004;554;9248;9384;4.70;0.29;337.70;11.87;1244;35;3230.00;136
8008;32;622533604;8008;553;9249;9385;4.66;0.29;337.69;11.87;1241;35;3231.00;136
8011;32;622533616;8011;556;9249;9385;4.61;0.28;337.69;11.87;1238;35;3232.00;136
8015;32;622533629;8015;555;9250;9386;4.57;0.28;337.71;11.87;1235;35;3233.00;136
8019;32;622533641;8019;553;9250;9386;4.53;0.28;337.65;11.87;1231;35;3234.00;136
8021;32;622533654;8021;553;9250;9386;4.56;0.28;337.66;11.87;1229;35;3235.00;136
8022;32;622533666;8022;558;9250;9386;4.59;0.28;337.64;11.87;1228;35;3236.00;136
8026;32;622533678;8026;557;9250;9386;4.55;0.28;337.59;11.87;1224;35;3237.00;136
8030;32;622533690;8030;547;9250;9386;4.53;0.28;337.62;11.87;1220;35;3238.00;136
8032;32;622533702;8032;544;9250;9386;4.55;0.28;337.57;11.87;1218;35;3239.00;136
8036;32;622533716;8036;541;9306;9511;4.84;0.30;337.48;11.80;1270;35;3240.00;205
8036;32;622533741;8036;535;9311;9512;4.88;0.30;337.48;11.79;1275;35;3241.00;201
8038;32;622533754;8038;534;9321;9512;4.97;0.31;337.46;11.78;1283;35;3242.00;191
8040;32;622533767;8040;533;9323;9512;4.93;0.31;337.44;11.78;1283;35;3243.00;189
8044;32;622533780;8044;533;9327;9512;4.92;0.30;337.43;11.78;1283;35;3244.00;185
8048;32;622533794;8048;535;9330;9512;4.86;0.30;337.41;11.78;1282;35;3245.00;182
8050;32;622533807;8050;540;9334;9512;4.88;0.30;337.43;11.77;1284;35;3246.00;178
8053;32;622533820;8053;541;9336;9512;4.86;0.30;337.48;11.77;1283;35;3247.00;176
8056;32;622533834;8056;548;9341;9513;4.82;0.30;337.53;11.77;1285;35;3248.00;172
8058;32;622533848;8058;548;9343;9514;4.82;0.30;337.56;11.77;1285;35;3249.00;171
8061;32;622533860;8061;547;9348;9514;4.76;0.29;337.54;11.77;1287;35;3250.00;166
8063;32;622533873;8063;549;9351;9518;4.75;0.29;337.53;11.77;1288;35;3251.00;167
8067;32;622533887;8067;556;9351;9518;4.67;0.29;337.52;11.77;1284;35;3252.00;167
8069;32;622533900;8069;561;9351;9518;4.68;0.29;337.48;11.77;1282;35;3253.00;167
8074;32;622533918;8074;564;9351;9518;4.65;0.29;337.53;11.77;1277;35;3254.00;167
8077;32;622533933;8077;561;9355;9524;4.60;0.29;337.53;11.76;1278;35;3255.00;169
8078;32;622533954;8078;570;9355;9524;4.54;0.28;337.53;11.76;1277;35;3256.00;169
8082;32;622533975;8082;574;9355;9524;4.45;0.28;337.59;11.76;1273;35;3257.00;169
8086;32;622533999;8086;575;9357;9527;4.36;0.27;337.61;11.76;1271;35;3258.00;170
8091;32;622534020;8091;571;9357;9527;4.29;0.27;337.59;11.76;1266;35;3259.00;170
8096;32;622534040;8096;570;9357;9527;4.24;0.26;337.59;11.76;1261;35;3260.00;170
8100;32;622534058;8100;571;9357;9528;4.26;0.26;337.55;11.76;1257;35;3261.00;171
8105;32;622534074;8105;576;9358;9529;4.25;0.26;337.54;11.76;1253;35;3262.00;171
8111;32;622534098;8111;574;9360;9529;4.21;0.26;337.53;11.76;1249;35;3263.00;169
8116;32;622534113;8116;575;9372;9542;4.30;0.26;337.39;11.75;1256;35;3264.00;170
8122;32;622534137;8122;581;9373;9542;4.26;0.26;337.39;11.75;1251;35;3265.00;169
8127;32;622534157;8127;578;9374;9542;4.25;0.26;337.42;11.75;1247;35;3266.00;168
8129;32;622534172;8129;583;9374;9543;4.24;0.26;337.39;11.75;1245;35;3267.00;169
8135;32;622534192;8135;582;9376;9543;4.22;0.26;337.36;11.80;1241;35;3268.00;167
8140;32;622534208;8140;585;9380;9547;4.26;0.26;337.42;11.79;1240;35;3269.00;167
8141;32;622534225;8141;578;9380;9547;4.31;0.26;337.38;11.79;1239;35;3270.00;167
8144;32;622534239;8144;573;9383;9551;4.39;0.27;337.36;11.79;1239;35;3271.00;168
8145;32;622534254;8145;572;9385;9551;4.39;0.27;337.36;11.79;1240;35;3272.00;166
8146;32;622534268;8146;570;9386;9551;4.39;0.27;337.37;11.79;1240;35;3273.00;165
8149;32;622534282;8149;567;9387;9551;4.37;0.27;337.29;11.79;1238;35;3274.00;164
8151;32;622534296;8151;576;9387;9551;4.35;0.26;337.26;11.79;1236;35;3275.00;164
8152;32;622534310;8152;575;9397;9563;4.42;0.27;337.30;11.78;1245;35;3276.00;166
8152;32;622534325;8152;565;9397;9563;4.45;0.27;337.30;11.78;1245;35;3277.00;166
8153;32;622534339;8153;552;9398;9563;4.52;0.27;337.28;11.78;1245;35;3278.00;165
8154;32;622534353;8154;547;9399;9563;4.56;0.28;337.32;11.78;1245;35;3279.00;164
8156;32;622534367;8156;542;9400;9563;4.56;0.28;337.45;11.78;1244;35;3280.00;163
8157;32;622534382;8157;542;9400;9563;4.61;0.28;337.42;11.78;1243;35;3281.00;163
8159;32;622534396;8159;536;9400;9564;4.63;0.28;337.56;11.78;1241;35;3282.00;164
8160;32;622534410;8160;539;9400;9564;4.64;0.28;337.56;11.78;1240;35;3283.00;164
8163;32;622534425;8163;540;9405;9570;4.64;0.28;337.50;11.77;1242;35;3284.00;165
8165;32;622534441;8165;540;9408;9572;4.65;0.28;337.48;11.81;1243;35;3285.00;164
8167;32;622534455;8167;529;9408;9572;4.66;0.28;337.59;11.81;1241;35;3286.00;164
8168;32;622534471;8168;511;9408;9572;4.72;0.29;337.70;11.81;1240;35;3287.00;164
8171;32;622534485;8171;507;9411;9576;4.79;0.29;337.73;11.81;1240;35;3288.00;165
8171;32;622534506;8171;501;9411;9576;4.87;0.30;337.73;11.81;1240;35;3289.00;165
8173;32;622534521;8173;497;9411;9576;4.96;0.30;337.68;11.81;1238;35;3290.00;165
8176;32;622534537;8176;495;9412;9577;5.05;0.31;337.82;11.81;1236;35;3291.00;165
8177;32;622534552;8177;484;9415;9581;5.11;0.31;337.78;11.80;1238;35;3292.00;166
8179;32;622534567;8179;490;9415;9581;5.11;0.31;337.96;11.80;1236;35;3293.00;166
8181;32;622534582;8181;493;9417;9584;5.11;0.31;338.11;11.80;1236;35;3294.00;167
8183;32;622534600;8183;490;9417;9584;5.05;0.31;338.18;11.80;1234;35;3295.00;167
8186;32;622534616;8186;494;9418;9584;5.02;0.31;338.28;11.80;1232;36;3296.00;166
8188;32;622534641;8188;491;9418;9584;5.00;0.30;338.38;11.80;1230;36;3297.00;166
8193;32;622534657;8193;484;9422;9588;5.01;0.30;338.38;11.80;1229;36;3298.00;166
8195;32;622534672;8195;484;9422;9588;5.02;0.31;338.43;11.80;1227;36;3299.00;166
8196;32;622534690;8196;485;9427;9607;4.98;0.30;338.48;11.79;1231;36;3300.00;180
8199;32;622534712;8199;476;9427;9607;4.97;0.30;338.46;11.79;1228;36;3301.00;180
8202;32;622534727;8202;471;9427;9608;5.02;0.30;338.46;11.79;1225;36;3302.00;181
8202;32;622534742;8202;470;9428;9609;5.10;0.31;338.46;11.79;1226;36;3303.00;181
8205;32;622534757;8205;466;9429;9609;5.19;0.31;338.58;11.83;1224;36;3304.00;180
8208;32;622534771;8208;466;9430;9610;5.25;0.32;338.65;11.83;1222;36;3305.00;180
8210;32;622534786;8210;459;9432;9610;5.28;0.32;338.70;11.83;1222;36;3306.00;178
8214;32;622534800;8214;457;9432;9610;5.29;0.32;338.82;11.83;1218;36;3307.00;178
8214;32;622534815;8214;451;9432;9610;5.31;0.32;338.82;11.83;1218;36;3308.00;178
8217;32;622534829;8217;455;9432;9610;5.31;0.32;339.11;11.83;1215;36;3309.00;178
8221;32;622534844;8221;451;9432;9610;5.30;0.32;339.29;11.83;1211;36;3310.00;178
8221;32;622534858;8221;455;9432;9610;5.34;0.32;339.29;11.83;1211;36;3311.00;178
8223;32;622534872;8223;483;9503;9737;5.49;0.34;339.41;11.74;1280;36;3312.00;234
8225;32;622534897;8225;468;9503;9738;5.50;0.34;339.49;11.74;1278;36;3313.00;235
8227;32;622534913;8227;472;9507;9738;5.60;0.34;339.50;11.74;1280;36;3314.00;231
8228;32;622534927;8228;466;9509;9738;5.64;0.35;339.61;11.74;1281;36;3315.00;229
8229;32;622534943;8229;467;9512;9738;5.69;0.35;339.69;11.74;1283;36;3316.00;226
8231;32;622534958;8231;468;9515;9738;5.69;0.35;339.68;11.78;1284;36;3317.00;223
8234;32;622534974;8234;475;9518;9738;5.70;0.35;339.84;11.78;1284;36;3318.00;220
8235;32;622534990;8235;473;9520;9738;5.77;0.35;339.90;11.78;1285;36;3319.00;218
8237;32;622535004;8237;475;9523;9739;5.82;0.36;339.90;11.78;1286;36;3320.00;216
8239;32;622535019;8239;473;9526;9740;5.86;0.36;340.07;11.78;1287;36;3321.00;214
8241;32;622535034;8241;462;9529;9740;5.89;0.36;340.18;11.78;1288;36;3322.00;211
8242;32;622535049;8242;468;9532;9741;5.91;0.36;340.19;11.78;1290;36;3323.00;209
8249;32;622535063;8249;473;9535;9741;5.86;0.36;340.33;11.78;1286;36;3324.00;206
8252;32;622535079;8252;465;9537;9741;5.84;0.36;340.36;11.78;1285;36;3325.00;204
8253;32;622535094;8253;456;9538;9741;5.87;0.36;340.46;11.78;1285;36;3326.00;203
8256;32;622535109;8256;454;9540;9745;5.88;0.36;340.60;11.78;1284;36;3327.00;205
8260;32;622535124;8260;439;9542;9745;5.87;0.36;340.72;11.82;1282;36;3328.00;203
8261;32;622535139;8261;435;9544;9745;5.88;0.36;340.72;11.83;1283;36;3329.00;201
8262;32;622535156;8262;426;9548;9751;5.87;0.36;340.76;11.83;1286;36;3330.00;203
8265;32;622535170;8265;425;9549;9751;5.85;0.36;340.92;11.83;1284;36;3331.00;202
8268;32;622535185;8268;414;9550;9751;5.83;0.36;341.08;11.83;1282;36;3332.00;201
8270;32;622535205;8270;408;9556;9755;5.81;0.35;341.06;11.83;1286;36;3333.00;199
8274;32;622535223;8274;403;9559;9756;5.84;0.36;341.17;11.83;1285;36;3334.00;197
8278;32;622535238;8278;402;9564;9756;5.80;0.35;341.33;11.94;1286;36;3335.00;192
8284;32;622535256;8284;394;9570;9760;5.79;0.35;341.47;11.93;1286;36;3336.00;190
8286;32;622535273;8286;392;9570;9760;5.77;0.35;341.43;11.93;1284;36;3337.00;190
8290;32;622535288;8290;391;9572;9760;5.79;0.35;341.61;11.93;1282;36;3338.00;188
8294;32;622535306;8294;401;9573;9761;5.80;0.35;341.74;11.93;1279;36;3339.00;188
8297;32;622535322;8297;401;9576;9761;5.80;0.35;341.78;11.94;1279;36;3340.00;185
8302;32;622535338;8302;400;9579;9767;5.79;0.35;341.98;11.93;1277;36;3341.00;188
8306;32;622535354;8306;408;9580;9767;5.72;0.35;342.01;11.93;1274;36;3342.00;187
8309;32;622535369;8309;401;9582;9768;5.67;0.34;342.00;11.94;1273;36;3343.00;186
8313;32;622535383;8313;404;9582;9768;5.62;0.34;342.07;11.94;1269;36;3344.00;186
8314;32;622535398;8314;408;9582;9768;5.64;0.34;342.10;11.94;1268;36;3345.00;186
8316;32;622535413;8316;417;9583;9768;5.60;0.34;342.05;11.94;1267;36;3346.00;185
8319;32;622535428;8319;415;9583;9768;5.62;0.34;342.16;11.94;1264;36;3347.00;185
8322;32;622535443;8322;420;9591;9780;5.63;0.34;342.29;11.93;1269;36;3348.00;189
8322;32;622535458;8322;425;9593;9780;5.65;0.34;342.29;11.93;1271;36;3349.00;187
8325;32;622535474;8325;433;9596;9780;5.61;0.34;342.38;11.93;1271;36;3350.00;184
8326;32;622535488;8326;431;9597;9780;5.57;0.34;342.47;11.93;1271;36;3351.00;183
8327;32;622535502;8327;435;9597;9780;5.58;0.34;342.45;11.93;1270;36;3352.00;183
8328;32;622535516;8328;438;9599;9780;5.57;0.34;342.43;11.93;1271;36;3353.00;181
8331;32;622535531;8331;442;9602;9784;5.55;0.34;342.46;11.93;1271;36;3354.00;182
8331;32;622535545;8331;441;9603;9784;5.61;0.34;342.46;11.93;1272;36;3355.00;181
8333;32;622535559;8333;437;9606;9788;5.67;0.34;342.48;11.93;1273;36;3356.00;182
8334;32;622535573;8334;442;9608;9789;5.63;0.34;342.53;11.93;1274;36;3357.00;181
8336;32;622535594;8336;444;9608;9789;5.54;0.34;342.52;11.93;1272;36;3358.00;181
8338;32;622535608;8338;454;9609;9789;5.46;0.33;342.55;11.98;1271;36;3359.00;180
8340;32;622535624;8340;471;9631;9818;5.47;0.33;342.54;11.95;1291;36;3360.00;187
8343;32;622535641;8343;473;9633;9818;5.44;0.33;342.70;12.00;1290;36;3361.00;185
8345;32;622535655;8345;478;9636;9818;5.43;0.33;342.67;12.06;1291;36;3362.00;182
8348;32;622535669;8348;489;9637;9819;5.42;0.33;342.81;12.05;1289;36;3363.00;182
8349;32;622535683;8349;499;9637;9820;5.45;0.33;342.78;12.05;1288;36;3364.00;183
8352;32;622535698;8352;498;9637;9820;5.39;0.33;342.82;12.05;1285;36;3365.00;183
8354;32;622535712;8354;507;9639;9823;5.37;0.33;342.83;12.05;1285;36;3366.00;184
8358;32;622535726;8358;516;9642;9823;5.32;0.33;342.85;12.21;1284;36;3367.00;181
8360;32;622535740;8360;525;9643;9823;5.28;0.32;342.91;12.21;1283;36;3368.00;180
8364;32;622535754;8364;523;9645;9823;5.26;0.32;342.92;12.31;1281;36;3369.00;178
8364;32;622535768;8364;531;9650;9829;5.30;0.33;342.92;12.30;1286;36;3370.00;179
8366;32;622535781;8366;539;9652;9829;5.22;0.32;342.92;12.40;1286;36;3371.00;177
8369;32;622535795;8369;546;9652;9829;5.18;0.32;342.93;12.40;1283;36;3372.00;177
8372;32;622535808;8372;554;9653;9829;5.08;0.31;342.92;12.45;1281;36;3373.00;176
8374;32;622535822;8374;561;9656;9833;5.02;0.31;342.90;12.45;1282;36;3374.00;177
8375;32;622535835;8375;566;9658;9835;4.96;0.30;342.92;12.45;1283;36;3375.00;177
8376;32;622535849;8376;570;9660;9835;4.90;0.30;343.01;12.55;1284;36;3376.00;175
8379;32;622535862;8379;582;9661;9836;4.84;0.30;343.00;12.55;1282;36;3377.00;175
8380;32;622535875;8380;591;9661;9836;4.76;0.29;342.99;12.55;1281;36;3378.00;175
8384;32;622535888;8384;594;9663;9836;4.65;0.29;343.02;12.65;1279;36;3379.00;173
8388;32;622535901;8388;592;9663;9836;4.60;0.28;342.91;12.65;1275;36;3380.00;173
8389;32;622535914;8389;592;9665;9836;4.54;0.28;342.95;12.75;1276;36;3381.00;171
8391;32;622535926;8391;590;9665;9836;4.54;0.28;342.89;12.75;1274;36;3382.00;171
8393;32;622535942;8393;596;9665;9836;4.49;0.27;342.85;12.75;1272;36;3383.00;171
8394;32;622535963;8394;592;9701;9906;4.68;0.29;342.82;12.80;1307;36;3384.00;205
8395;32;622535990;8395;594;9704;9907;4.66;0.29;342.79;12.80;1309;36;3385.00;203
8397;32;622536010;8397;598;9710;9907;4.68;0.29;342.85;12.79;1313;36;3386.00;197
8400;32;622536030;8400;599;9719;9907;4.61;0.28;342.77;12.88;1319;36;3387.00;188
8404;32;622536065;8404;599;9724;9907;4.59;0.28;342.74;12.93;1320;36;3388.00;183
8404;32;622536079;8404;606;9728;9907;4.58;0.28;342.74;12.98;1324;36;3389.00;179
8405;32;622536095;8405;609;9731;9907;4.58;0.28;342.71;12.97;1326;36;3390.00;176
8408;32;622536109;8408;612;9733;9907;4.54;0.28;342.71;12.97;1325;36;3391.00;174
8412;32;622536123;8412;616;9737;9908;4.47;0.27;342.64;13.07;1325;36;3392.00;171
8412;33;622536140;8412;621;9738;9909;4.46;0.27;342.64;13.07;1326;37;3393.00;171
8418;33;622536163;8418;622;9740;9909;4.34;0.26;342.58;13.07;1322;37;3394.00;169
8421;33;622536176;8421;625;9745;9913;4.28;0.26;342.53;13.16;1324;37;3395.00;168
8424;33;622536191;8424;630;9745;9913;4.21;0.26;342.63;13.16;1321;37;3396.00;168
8426;33;622536205;8426;636;9745;9913;4.12;0.25;342.60;13.16;1319;37;3397.00;168
8431;33;622536218;8431;646;9747;9913;3.94;0.24;342.53;13.25;1316;37;3398.00;166
8432;33;622536235;8432;659;9751;9919;3.85;0.23;342.52;13.25;1319;37;3399.00;168
8433;33;622536249;8433;652;9751;9919;3.76;0.23;342.49;13.25;1318;37;3400.00;168
8435;33;622536269;8435;654;9751;9919;3.72;0.23;342.48;13.25;1316;37;3401.00;168
8438;33;622536283;8438;654;9752;9922;3.68;0.23;342.42;13.25;1314;37;3402.00;170
8439;33;622536297;8439;662;9752;9922;3.68;0.23;342.41;13.25;1313;37;3403.00;170
8441;33;622536312;8441;659;9752;9922;3.64;0.22;342.42;13.25;1311;37;3404.00;170
8441;33;622536324;8441;668;9752;9923;3.64;0.22;342.42;13.25;1311;37;3405.00;171
8444;33;622536337;8444;669;9753;9924;3.60;0.22;342.43;13.25;1309;37;3406.00;171
8448;33;622536350;8448;664;9753;9924;3.58;0.22;342.39;13.25;1305;37;3407.00;171
8452;33;622536363;8452;670;9762;9937;3.60;0.22;342.32;13.23;1310;37;3408.00;175
8454;33;622536378;8454;662;9762;9937;3.60;0.22;342.34;13.23;1308;37;3409.00;175
8455;33;622536394;8455;669;9763;9937;3.62;0.22;342.34;13.23;1308;37;3410.00;174
8457;33;622536409;8457;649;9763;9938;3.65;0.22;342.32;13.23;1306;37;3411.00;175
8460;33;622536422;8460;636;9763;9938;3.67;0.23;342.28;13.23;1303;37;3412.00;175
8462;33;622536436;8462;632;9766;9942;3.77;0.23;342.25;13.23;1304;37;3413.00;176
8468;33;622536451;8468;623;9766;9942;3.81;0.23;342.28;13.23;1298;37;3414.00;176
8473;33;622536466;8473;621;9769;9946;3.90;0.24;342.36;13.23;1296;37;3415.00;177
8477;33;622536482;8477;614;9769;9946;3.98;0.24;342.36;13.23;1292;37;3416.00;177
8479;33;622536496;8479;615;9769;9946;4.07;0.25;342.36;13.23;1290;37;3417.00;177
8483;33;622536509;8483;603;9769;9946;4.14;0.25;342.28;13.23;1286;37;3418.00;177
8487;33;622536523;8487;600;9769;9946;4.20;0.26;342.20;13.23;1282;37;3419.00;177
8489;33;622536545;8489;600;9795;9980;4.38;0.27;342.19;13.19;1306;37;3420.00;185
8491;33;622536561;8491;601;9796;9980;4.40;0.27;342.21;13.19;1305;37;3421.00;184
8494;33;622536575;8494;596;9796;9980;4.39;0.27;342.23;13.19;1302;37;3422.00;184
8496;33;622536590;8496;592;9797;9980;4.40;0.27;342.22;13.19;1301;37;3423.00;183
8498;33;622536604;8498;590;9797;9980;4.36;0.27;342.21;13.19;1299;37;3424.00;183
8503;33;622536618;8503;592;9797;9980;4.33;0.26;342.21;13.19;1294;37;3425.00;183
8505;33;622536633;8505;590;9797;9981;4.29;0.26;342.21;13.19;1292;37;3426.00;184
8506;33;622536648;8506;596;9797;9981;4.27;0.26;342.23;13.19;1291;37;3427.00;184
8510;33;622536662;8510;592;9801;9987;4.22;0.26;342.22;13.19;1291;37;3428.00;186
8515;33;622536677;8515;596;9801;9988;4.20;0.26;342.25;13.19;1286;37;3429.00;187
8515;33;622536691;8515;589;9802;9988;4.24;0.26;342.25;13.19;1287;37;3430.00;186
8517;33;622536705;8517;587;9802;9988;4.25;0.26;342.26;13.19;1285;37;3431.00;186
8520;33;622536719;8520;586;9805;9992;4.28;0.26;342.30;13.19;1285;37;3432.00;187
8527;33;622536734;8527;583;9806;9992;4.32;0.26;342.40;13.19;1279;37;3433.00;186
8531;33;622536749;8531;575;9807;9992;4.34;0.26;342.64;13.19;1276;37;3434.00;185
8532;33;622536763;8532;573;9809;9993;4.41;0.27;342.60;13.19;1277;37;3435.00;184
8535;33;622536777;8535;568;9812;9997;4.48;0.27;342.61;13.18;1277;37;3436.00;185
8538;33;622536791;8538;556;9814;9997;4.49;0.27;342.72;13.19;1276;37;3437.00;183
8539;33;622536804;8539;553;9816;10000;4.51;0.27;342.80;13.24;1277;37;3438.00;184
8541;33;622536819;8541;550;9816;10000;4.48;0.27;342.83;13.24;1275;37;3439.00;184
8543;33;622536833;8543;539;9818;10000;4.46;0.27;342.92;13.24;1275;37;3440.00;182
8547;33;622536847;8547;545;9818;10000;4.41;0.27;343.00;13.24;1271;37;3441.00;182
8551;33;622536860;8551;545;9822;10004;4.36;0.26;342.98;13.24;1271;37;3442.00;182
8554;33;622536874;8554;538;9823;10004;4.35;0.26;342.99;13.24;1269;37;3443.00;181
8558;33;622536889;8558;533;9823;10004;4.32;0.26;343.07;13.24;1265;37;3444.00;181
8558;33;622536902;8558;525;9824;10004;4.31;0.26;343.07;13.24;1266;37;3445.00;180
8559;33;622536922;8559;518;9824;10005;4.32;0.26;343.07;13.24;1265;37;3446.00;181
8562;33;622536936;8562;503;9826;10006;4.34;0.26;343.30;13.24;1264;37;3447.00;180
8565;33;622536950;8565;499;9826;10006;4.29;0.26;343.42;13.24;1261;37;3448.00;180
8566;33;622536965;8566;497;9828;10007;4.32;0.26;343.42;13.24;1262;37;3449.00;179
8569;33;622536981;8569;498;9828;10007;4.34;0.26;343.60;13.24;1259;37;3450.00;179
8576;33;622536995;8576;499;9828;10007;4.34;0.26;343.84;13.24;1252;37;3451.00;179
8579;33;622537010;8579;495;9828;10007;4.38;0.27;343.84;13.24;1249;37;3452.00;179
8583;33;622537024;8583;501;9828;10007;4.42;0.27;343.92;13.24;1245;37;3453.00;179
8587;33;622537037;8587;493;9828;10007;4.47;0.27;343.99;13.24;1241;37;3454.00;179
8590;33;622537051;8590;495;9829;10007;4.52;0.27;344.01;13.29;1239;37;3455.00;178
8593;33;622537071;8593;512;9906;10134;4.76;0.29;344.17;13.19;1313;37;3456.00;228
8595;33;622537094;8595;494;9906;10135;4.83;0.30;344.16;13.19;1311;37;3457.00;229
8597;33;622537109;8597;482;9911;10135;4.93;0.30;344.26;13.18;1314;37;3458.00;224
8600;33;622537123;8600;475;9914;10135;5.02;0.31;344.38;13.18;1314;37;3459.00;221
8600;33;622537137;8600;476;9918;10135;5.11;0.31;344.38;13.18;1318;37;3460.00;217
8604;33;622537152;8604;477;9921;10135;5.15;0.32;344.46;13.17;1317;37;3461.00;214
8606;33;622537167;8606;481;9924;10135;5.16;0.32;344.58;13.17;1318;37;3462.00;211
8610;33;622537181;8610;480;9925;10135;5.15;0.32;344.58;13.17;1315;37;3463.00;210
8611;33;622537196;8611;476;9930;10136;5.15;0.32;344.62;13.23;1319;37;3464.00;206
8611;33;622537211;8611;486;9932;10138;5.14;0.31;344.62;13.23;1321;37;3465.00;206
8614;33;622537226;8614;485;9934;10138;5.12;0.31;344.59;13.22;1320;37;3466.00;204
8615;33;622537241;8615;478;9936;10139;5.14;0.32;344.59;13.22;1321;37;3467.00;203
8615;33;622537256;8615;485;9938;10139;5.17;0.32;344.59;13.22;1323;37;3468.00;201
8617;33;622537271;8617;483;9941;10139;5.15;0.32;344.57;13.22;1324;37;3469.00;198
8620;33;622537286;8620;488;9942;10139;5.12;0.31;344.54;13.22;1322;37;3470.00;197
8624;33;622537300;8624;489;9947;10143;5.09;0.31;344.57;13.22;1323;37;3471.00;196
8625;33;622537316;8625;492;9950;10143;5.07;0.31;344.55;13.22;1325;37;3472.00;193
8628;33;622537331;8628;485;9950;10143;5.10;0.31;344.77;13.22;1322;37;3473.00;193
8629;33;622537346;8629;490;9952;10146;5.10;0.31;344.76;13.22;1323;37;3474.00;194
8632;33;622537361;8632;489;9955;10146;5.10;0.31;344.79;13.22;1323;37;3475.00;191
8634;33;622537376;8634;489;9957;10146;5.12;0.31;344.84;13.22;1323;37;3476.00;189
8634;33;622537391;8634;491;9960;10150;5.15;0.32;344.84;13.22;1326;37;3477.00;190
8635;33;622537407;8635;485;9962;10151;5.19;0.32;344.87;13.21;1327;37;3478.00;189
8636;33;622537422;8636;487;9962;10151;5.25;0.32;344.87;13.21;1326;37;3479.00;189
8637;33;622537439;8637;492;9966;10156;5.25;0.32;344.92;13.21;1329;37;3480.00;190
8639;33;622537454;8639;492;9966;10156;5.28;0.32;344.90;13.21;1327;37;3481.00;190
8643;33;622537470;8643;495;9966;10156;5.24;0.32;344.97;13.21;1323;37;3482.00;190
8645;33;622537485;8645;497;9967;10157;5.24;0.32;345.00;13.21;1322;37;3483.00;190
8647;33;622537507;8647;503;9967;10157;5.22;0.32;344.98;13.21;1320;37;3484.00;190
8649;33;622537522;8649;508;9972;10163;5.23;0.32;344.98;13.20;1323;37;3485.00;191
8651;33;622537537;8651;499;9972;10163;5.27;0.32;344.95;13.20;1321;37;3486.00;191
8651;33;622537552;8651;498;9972;10164;5.32;0.32;344.95;13.20;1321;37;3487.00;192
8653;33;622537567;8653;499;9972;10164;5.33;0.33;344.92;13.20;1319;37;3488.00;192
8656;33;622537581;8656;503;9972;10164;5.31;0.32;344.90;13.20;1316;37;3489.00;192
8657;33;622537596;8657;490;9972;10164;5.27;0.32;344.88;13.20;1315;37;3490.00;192
8659;33;622537611;8659;479;9972;10164;5.27;0.32;344.86;13.20;1313;37;3491.00;192
8660;33;622537627;8660;480;9980;10176;5.28;0.32;344.82;13.19;1320;37;3492.00;196
8662;33;622537643;8662;467;9981;10176;5.26;0.32;344.80;13.19;1319;37;3493.00;195
8667;33;622537658;8667;460;9983;10176;5.24;0.32;344.81;13.19;1316;37;3494.00;193
8669;33;622537673;8669;457;9983;10176;5.23;0.32;344.79;13.19;1314;37;3495.00;193
8672;33;622537689;8672;455;9983;10176;5.24;0.32;344.91;13.19;1311;37;3496.00;193
8675;33;622537703;8675;459;9983;10176;5.26;0.32;345.02;13.19;1308;37;3497.00;193
8677;33;622537718;8677;454;9986;10180;5.27;0.32;344.99;13.18;1309;37;3498.00;194
8677;33;622537734;8677;447;9986;10180;5.31;0.32;344.99;13.18;1309;37;3499.00;194
8679;33;622537753;8679;437;9990;10184;5.31;0.32;345.01;13.18;1311;37;3500.00;194
8682;33;622537773;8682;432;9991;10185;5.26;0.32;345.08;13.18;1309;37;3501.00;194
8684;33;622537787;8684;427;9991;10185;5.20;0.32;345.10;13.18;1307;37;3502.00;194
8690;33;622537802;8690;421;9991;10185;5.13;0.31;345.17;13.18;1301;37;3503.00;194
8693;33;622537816;8693;426;10002;10198;5.12;0.31;345.22;13.16;1309;37;3504.00;196
8695;33;622537831;8695;416;10004;10198;5.08;0.31;345.23;13.27;1309;37;3505.00;194
8698;33;622537848;8698;424;10004;10198;5.02;0.30;345.24;13.27;1306;37;3506.00;194
8699;33;622537862;8699;424;10005;10199;5.04;0.31;345.23;13.27;1306;37;3507.00;194
8702;33;622537876;8702;421;10005;10200;5.02;0.30;345.37;13.27;1303;37;3508.00;195
8706;33;622537891;8706;422;10005;10200;5.03;0.31;345.44;13.27;1299;37;3509.00;195
8708;33;622537907;8708;430;10009;10206;5.08;0.31;345.45;13.27;1301;37;3510.00;197
8709;33;622537922;8709;409;10010;10206;5.12;0.31;345.42;13.27;1301;37;3511.00;196
8713;33;622537936;8713;411;10012;10206;5.14;0.31;345.42;13.33;1299;37;3512.00;194
8713;33;622537958;8713;408;10012;10206;5.18;0.32;345.42;13.33;1299;37;3513.00;194
8718;33;622537981;8718;419;10017;10212;5.21;0.32;345.49;13.32;1299;37;3514.00;195
8721;33;622538007;8721;421;10017;10212;5.21;0.32;345.50;13.32;1296;37;3515.00;195
8724;33;622538028;8724;430;10017;10212;5.21;0.32;345.60;13.32;1293;37;3516.00;195
8728;33;622538049;8728;431;10017;10212;5.21;0.32;345.78;13.32;1289;37;3517.00;195
8728;33;622538068;8728;439;10020;10216;5.22;0.32;345.78;13.32;1292;37;3518.00;196
8731;33;622538083;8731;439;10023;10219;5.20;0.32;345.94;13.31;1292;37;3519.00;196
8733;33;622538100;8733;446;10023;10219;5.20;0.32;346.09;13.31;1290;37;3520.00;196
8739;33;622538115;8739;451;10024;10220;5.20;0.32;346.29;13.31;1285;37;3521.00;196
8741;33;622538132;8741;441;10024;10220;5.24;0.32;346.36;13.31;1283;37;3522.00;196
8745;33;622538148;8745;439;10024;10220;5.24;0.32;346.51;13.31;1279;37;3523.00;196
8746;33;622538165;8746;439;10024;10220;5.21;0.32;346.62;13.31;1278;37;3524.00;196
8749;33;622538185;8749;451;10024;10220;5.18;0.32;346.65;13.31;1275;37;3525.00;196
8753;33;622538200;8753;449;10024;10220;5.13;0.31;346.84;13.31;1271;37;3526.00;196
8757;33;622538215;8757;453;10024;10220;5.09;0.31;346.97;13.31;1267;37;3527.00;196
8760;33;622538230;8760;462;10057;10290;5.27;0.32;347.06;13.27;1297;37;3528.00;233
8762;33;622538251;8762;470;10057;10291;5.22;0.32;347.14;13.27;1295;37;3529.00;234
8765;33;622538266;8765;472;10066;10291;5.21;0.32;347.11;13.26;1301;37;3530.00;225
8767;33;622538280;8767;473;10071;10291;5.17;0.32;347.09;13.25;1304;37;3531.00;220
8769;33;622538295;8769;484;10075;10291;5.13;0.31;347.03;13.25;1306;37;3532.00;216
8773;33;622538310;8773;487;10077;10291;5.06;0.31;347.01;13.25;1304;37;3533.00;214
8775;33;622538324;8775;490;10080;10291;5.01;0.31;346.95;13.30;1305;37;3534.00;211
8776;33;622538339;8776;493;10082;10291;4.95;0.30;346.93;13.30;1306;37;3535.00;209
8778;33;622538353;8778;502;10085;10292;4.90;0.30;346.98;13.36;1307;37;3536.00;207
8781;33;622538367;8781;509;10087;10293;4.83;0.30;346.94;13.36;1306;37;3537.00;206
8785;33;622538382;8785;513;10090;10293;4.78;0.29;346.95;13.36;1305;37;3538.00;203
8789;33;622538398;8789;522;10096;10297;4.67;0.29;346.91;13.47;1307;37;3539.00;201
8789;33;622538414;8789;533;10098;10297;4.55;0.28;346.91;13.46;1309;37;3540.00;199
8791;33;622538428;8791;542;10101;10297;4.50;0.28;346.93;13.58;1310;37;3541.00;196
8793;33;622538443;8793;553;10101;10297;4.41;0.27;346.92;13.58;1308;37;3542.00;196
8793;33;622538457;8793;556;10106;10303;4.41;0.27;346.92;13.57;1313;37;3543.00;197
8795;33;622538472;8795;564;10108;10303;4.37;0.27;346.96;13.68;1313;37;3544.00;195
8799;33;622538487;8799;577;10108;10303;4.36;0.27;346.98;13.68;1309;37;3545.00;195
8800;33;622538501;8800;585;10110;10306;4.36;0.27;346.96;13.68;1310;37;3546.00;196
8802;33;622538516;8802;587;10112;10306;4.30;0.26;346.91;13.79;1310;37;3547.00;194
8804;33;622538531;8804;593;10113;10306;4.25;0.26;346.92;13.79;1309;37;3548.00;193
8807;33;622538545;8807;593;10113;10307;4.22;0.26;346.86;13.79;1306;37;3549.00;194
8809;33;622538559;8809;594;10116;10308;4.19;0.26;346.88;13.90;1307;37;3550.00;192
8810;33;622538572;8810;599;10116;10308;4.16;0.26;346.84;13.90;1306;37;3551.00;192
8812;33;622538586;8812;598;10127;10321;4.12;0.25;346.79;13.99;1315;37;3552.00;194
8813;33;622538608;8813;595;10127;10321;4.12;0.25;346.76;13.99;1314;37;3553.00;194
8817;33;622538621;8817;605;10131;10321;4.11;0.25;346.70;14.09;1314;37;3554.00;190
8818;33;622538634;8818;612;10133;10323;4.12;0.25;346.68;14.09;1315;37;3555.00;190
8819;33;622538648;8819;618;10133;10323;4.12;0.25;346.64;14.09;1314;37;3556.00;190
8821;33;622538662;8821;610;10137;10327;4.18;0.25;346.67;14.09;1316;37;3557.00;190
8822;33;622538675;8822;617;10137;10327;4.19;0.26;346.65;14.09;1315;37;3558.00;190
8823;33;622538688;8823;617;10140;10331;4.16;0.25;346.69;14.08;1317;37;3559.00;191
8825;33;622538701;8825;616;10140;10331;4.13;0.25;346.68;14.08;1315;37;3560.00;191
8826;33;622538714;8826;619;10140;10331;4.06;0.25;346.68;14.08;1314;37;3561.00;191
8829;33;622538728;8829;620;10140;10331;3.99;0.24;346.59;14.08;1311;37;3562.00;191
8829;33;622538741;8829;615;10140;10331;3.93;0.24;346.59;14.08;1311;37;3563.00;191
8834;33;622538754;8834;615;10150;10343;3.93;0.24;346.52;14.07;1316;37;3564.00;193
8837;33;622538769;8837;604;10150;10343;3.91;0.24;346.49;14.07;1313;37;3565.00;193
8840;33;622538782;8840;592;10151;10343;3.85;0.23;346.53;14.07;1311;37;3566.00;192
8842;33;622538795;8842;590;10151;10343;3.80;0.23;346.56;14.07;1309;37;3567.00;192
8843;33;622538807;8843;585;10151;10343;3.75;0.23;346.56;14.07;1308;37;3568.00;192
8845;33;622538821;8845;590;10151;10343;3.69;0.22;346.53;14.07;1306;37;3569.00;192
8846;33;622538843;8846;581;10151;10344;3.66;0.22;346.53;14.07;1305;37;3570.00;193
8849;33;622538856;8849;581;10151;10344;3.66;0.22;346.51;14.07;1302;37;3571.00;193
8850;33;622538869;8850;572;10156;10350;3.75;0.23;346.49;14.06;1306;37;3572.00;194
8852;33;622538883;8852;574;10157;10351;3.82;0.23;346.48;14.06;1305;37;3573.00;194
8855;33;622538897;8855;573;10157;10351;3.87;0.24;346.45;14.06;1302;37;3574.00;194
8856;33;622538911;8856;565;10157;10351;3.93;0.24;346.42;14.06;1301;37;3575.00;194
8859;33;622538925;8859;564;10159;10355;4.00;0.24;346.43;14.06;1300;37;3576.00;196
8860;33;622538941;8860;559;10160;10355;4.10;0.25;346.44;14.06;1300;37;3577.00;195
8861;33;622538961;8861;551;10160;10355;4.14;0.25;346.45;14.06;1299;37;3578.00;195
8863;33;622538975;8863;532;10161;10356;4.19;0.26;346.47;14.05;1298;37;3579.00;195
8864;33;622538989;8864;521;10164;10360;4.25;0.26;346.48;14.05;1300;37;3580.00;196
8866;33;622539003;8866;512;10164;10360;4.25;0.26;346.51;14.05;1298;37;3581.00;196
8869;33;622539015;8869;503;10167;10363;4.26;0.26;346.53;14.05;1298;37;3582.00;196
8873;33;622539029;8873;493;10167;10363;4.29;0.26;346.68;14.05;1294;37;3583.00;196
8877;33;622539043;8877;488;10167;10363;4.31;0.26;346.71;14.05;1290;37;3584.00;196
8880;33;622539057;8880;493;10167;10363;4.33;0.26;346.72;14.05;1287;37;3585.00;196
8883;33;622539071;8883;484;10171;10367;4.45;0.27;346.81;14.04;1288;37;3586.00;196
8887;33;622539085;8887;478;10171;10367;4.48;0.27;346.90;14.04;1284;37;3587.00;196
8889;33;622539098;8889;473;10171;10367;4.49;0.27;346.95;14.04;1282;37;3588.00;196
8891;33;622539117;8891;475;10171;10367;4.56;0.28;346.90;14.04;1280;37;3589.00;196
8896;33;622539131;8896;472;10171;10368;4.56;0.28;346.95;14.04;1275;37;3590.00;197
8897;33;622539146;8897;471;10172;10369;4.64;0.28;346.93;14.04;1275;37;3591.00;197
8899;33;622539160;8899;455;10172;10369;4.67;0.28;346.95;14.04;1273;37;3592.00;197
8901;33;622539173;8901;451;10173;10370;4.70;0.29;347.06;14.04;1272;37;3593.00;197
8905;33;622539187;8905;455;10173;10370;4.72;0.29;347.11;14.04;1268;37;3594.00;197
8910;33;622539201;8910;449;10173;10370;4.74;0.29;347.16;14.04;1263;37;3595.00;197
8915;33;622539215;8915;448;10173;10370;4.75;0.29;347.30;14.04;1258;37;3596.00;197
8917;33;622539229;8917;453;10174;10370;4.80;0.29;347.28;14.11;1257;37;3597.00;196
8920;34;622539244;8920;455;10174;10370;4.80;0.29;347.36;14.11;1254;38;3598.00;196
8923;34;622539265;8923;458;10174;10370;4.75;0.29;347.44;14.11;1251;38;3599.00;196
8927;34;622539281;8927;498;10295;10623;5.01;0.31;347.53;13.94;1368;38;3600.00;328
8930;34;622539318;8930;491;10301;10624;5.05;0.32;347.56;13.93;1371;38;3601.00;323
8933;34;622539333;8933;485;10314;10624;5.04;0.32;347.74;13.92;1381;38;3602.00;310
8938;34;622539348;8938;473;10322;10624;5.05;0.31;347.87;13.91;1384;38;3603.00;302
8942;34;622539363;8942;480;10328;10624;5.02;0.31;347.93;13.91;1386;38;3604.00;296
8946;34;622539382;8946;468;10332;10624;5.01;0.31;348.08;13.90;1386;38;3605.00;292
8950;34;622539397;8950;467;10338;10624;4.97;0.31;348.09;13.90;1388;38;3606.00;286
8951;34;622539412;8951;466;10341;10624;4.96;0.31;348.11;13.90;1390;38;3607.00;283
8954;34;622539427;8954;474;10344;10625;4.96;0.31;348.13;13.89;1390;38;3608.00;281
8957;34;622539443;8957;478;10348;10626;4.96;0.31;348.17;13.89;1391;38;3609.00;278
8959;34;622539458;8959;479;10353;10626;4.94;0.31;348.21;13.89;1394;38;3610.00;273
8963;34;622539474;8963;483;10356;10627;4.85;0.30;348.23;13.89;1393;38;3611.00;271
8964;34;622539489;8964;487;10358;10627;4.78;0.30;348.28;13.89;1394;38;3612.00;269
8966;34;622539504;8966;490;10358;10627;4.74;0.30;348.23;13.89;1392;38;3613.00;269
8968;34;622539520;8968;505;10361;10627;4.68;0.29;348.35;13.89;1393;38;3614.00;266
8971;34;622539536;8971;503;10365;10631;4.61;0.29;348.54;13.96;1394;38;3615.00;266
8972;34;622539551;8972;512;10366;10631;4.62;0.29;348.63;13.95;1394;38;3616.00;265
8976;34;622539566;8976;507;10369;10631;4.61;0.29;348.77;13.96;1393;38;3617.00;262
8979;34;622539582;8979;510;10370;10634;4.63;0.29;348.94;13.96;1391;38;3618.00;264
8984;34;622539604;8984;503;10370;10634;4.65;0.29;349.03;13.96;1386;38;3619.00;264
8990;34;622539619;8990;506;10374;10634;4.67;0.29;349.12;13.96;1384;38;3620.00;260
8993;34;622539635;8993;495;10379;10638;4.69;0.29;349.16;13.95;1386;38;3621.00;259
8994;34;622539651;8994;495;10379;10639;4.70;0.29;349.27;13.95;1385;38;3622.00;260
8995;34;622539667;8995;493;10381;10639;4.71;0.29;349.25;13.96;1386;38;3623.00;258
9001;34;622539682;9001;501;10382;10643;4.64;0.29;349.36;13.96;1381;38;3624.00;261
9002;34;622539698;9002;500;10384;10643;4.65;0.29;349.36;13.96;1382;38;3625.00;259
9005;34;622539713;9005;489;10384;10643;4.67;0.29;349.43;13.96;1379;38;3626.00;259
9006;34;622539729;9006;483;10385;10644;4.71;0.29;349.48;13.96;1379;38;3627.00;259
9007;34;622539745;9007;472;10387;10644;4.71;0.29;349.48;13.96;1380;38;3628.00;257
9011;34;622539761;9011;457;10392;10650;4.72;0.29;349.56;13.96;1381;38;3629.00;258
9014;34;622539779;9014;450;10393;10650;4.74;0.29;349.59;14.03;1379;38;3630.00;257
9017;34;622539796;9017;451;10396;10651;4.75;0.29;349.68;14.03;1379;38;3631.00;255
9020;34;622539812;9020;454;10398;10651;4.80;0.29;349.80;14.03;1378;38;3632.00;253
9024;34;622539828;9024;459;10398;10651;4.87;0.30;349.82;14.03;1374;38;3633.00;253
9026;34;622539844;9026;458;10402;10651;4.85;0.30;349.89;14.11;1376;38;3634.00;249
9026;34;622539860;9026;469;10403;10651;4.89;0.30;349.89;14.11;1377;38;3635.00;248
9030;34;622539875;9030;478;10411;10663;4.85;0.30;350.07;14.10;1381;38;3636.00;252
9033;34;622539893;9033;477;10412;10663;4.83;0.29;350.23;14.10;1379;38;3637.00;251
9036;34;622539909;9036;480;10413;10663;4.85;0.30;350.23;14.10;1377;38;3638.00;250
9041;34;622539924;9041;485;10414;10663;4.79;0.29;350.38;14.10;1373;38;3639.00;249
9043;34;622539940;9043;493;10414;10663;4.79;0.29;350.41;14.10;1371;38;3640.00;249
9045;34;622539964;9045;492;10415;10663;4.78;0.29;350.47;14.18;1370;38;3641.00;248
9050;34;622539989;9050;496;10421;10667;4.75;0.29;350.52;14.18;1371;38;3642.00;246
9050;34;622540012;9050;488;10424;10667;4.76;0.29;350.52;14.17;1374;38;3643.00;243
9052;34;622540035;9052;496;10427;10671;4.78;0.29;350.57;14.17;1375;38;3644.00;244
9054;34;622540056;9054;506;10431;10673;4.81;0.29;350.63;14.17;1377;38;3645.00;242
9056;34;622540074;9056;504;10431;10673;4.84;0.29;350.65;14.17;1375;38;3646.00;242
9058;34;622540091;9058;499;10432;10673;4.82;0.29;350.75;14.17;1374;38;3647.00;241
9059;34;622540108;9059;500;10440;10686;4.86;0.30;350.80;14.15;1381;38;3648.00;246
9062;34;622540126;9062;501;10441;10686;4.88;0.30;350.87;14.15;1379;38;3649.00;245
9065;34;622540143;9065;499;10441;10686;4.87;0.30;350.97;14.15;1376;38;3650.00;245
9066;34;622540160;9066;491;10442;10687;4.85;0.30;351.01;14.15;1376;38;3651.00;245
9067;34;622540177;9067;495;10442;10688;4.87;0.30;351.02;14.15;1375;38;3652.00;246
9069;34;622540193;9069;494;10442;10688;4.88;0.30;351.07;14.15;1373;38;3653.00;246
9069;34;622540209;9069;503;10444;10691;4.91;0.30;351.07;14.15;1375;38;3654.00;247
9074;34;622540224;9074;507;10444;10691;4.88;0.30;351.25;14.15;1370;38;3655.00;247
9075;34;622540240;9075;515;10445;10691;4.83;0.30;351.25;14.15;1370;38;3656.00;246
9077;34;622540256;9077;518;10446;10691;4.78;0.29;351.29;14.22;1369;38;3657.00;245
9078;34;622540272;9078;523;10451;10697;4.78;0.29;351.28;14.21;1373;38;3658.00;246
9081;34;622540288;9081;529;10451;10697;4.77;0.29;351.38;14.21;1370;38;3659.00;246
9081;34;622540305;9081;531;10451;10697;4.75;0.29;351.38;14.21;1370;38;3660.00;246
9081;34;622540326;9081;523;10451;10697;4.75;0.29;351.38;14.21;1370;38;3661.00;246
9087;34;622540342;9087;524;10454;10701;4.73;0.29;351.46;14.21;1367;38;3662.00;247
9090;34;622540358;9090;514;10455;10702;4.76;0.29;351.50;14.21;1365;38;3663.00;247
9094;34;622540373;9094;508;10455;10702;4.76;0.29;351.59;14.21;1361;38;3664.00;247
9098;34;622540390;9098;506;10456;10703;4.78;0.29;351.74;14.21;1358;38;3665.00;247
9102;34;622540407;9102;502;10456;10703;4.79;0.29;351.77;14.21;1354;38;3666.00;247
9104;34;622540423;9104;501;10456;10703;4.80;0.29;351.77;14.21;1352;38;3667.00;247
9106;34;622540438;9106;507;10456;10703;4.83;0.29;351.76;14.21;1350;38;3668.00;247
9108;34;622540455;9108;506;10456;10703;4.81;0.29;351.77;14.21;1348;38;3669.00;247
9110;34;622540473;9110;509;10457;10703;4.79;0.29;351.88;14.21;1347;38;3670.00;246
9112;34;622540490;9112;507;10457;10703;4.76;0.29;351.87;14.21;1345;38;3671.00;246
9113;34;622540507;9113;516;10487;10773;4.82;0.29;351.89;14.17;1374;38;3672.00;286
9119;34;622540530;9119;512;10488;10774;4.75;0.29;352.09;14.17;1369;38;3673.00;286
9121;34;622540547;9121;510;10492;10774;4.76;0.29;352.12;14.17;1371;38;3674.00;282
9124;34;622540565;9124;503;10497;10774;4.74;0.29;352.16;14.29;1373;38;3675.00;277
9125;34;622540583;9125;509;10501;10774;4.78;0.29;352.17;14.29;1376;38;3676.00;273
9129;34;622540600;9129;510;10505;10774;4.84;0.29;352.22;14.29;1376;38;3677.00;269
9130;34;622540616;9130;511;10508;10774;4.88;0.30;352.26;14.28;1378;38;3678.00;266
9133;34;622540632;9133;511;10510;10774;4.90;0.30;352.22;14.28;1377;38;3679.00;264
9136;34;622540649;9136;510;10512;10775;4.96;0.30;352.21;14.28;1376;38;3680.00;263
9136;34;622540664;9136;517;10513;10776;4.99;0.30;352.21;14.28;1377;38;3681.00;263
9137;34;622540680;9137;515;10515;10776;5.02;0.31;352.20;14.28;1378;38;3682.00;261
9140;34;622540696;9140;519;10520;10780;5.04;0.31;352.18;14.28;1380;38;3683.00;260
9144;34;622540712;9144;526;10522;10780;5.01;0.30;352.11;14.27;1378;38;3684.00;258
9144;34;622540728;9144;520;10523;10780;4.96;0.30;352.11;14.27;1379;38;3685.00;257
9146;34;622540744;9146;524;10525;10780;4.93;0.30;352.07;14.28;1379;38;3686.00;255
9147;34;622540760;9147;527;10529;10786;4.96;0.30;352.06;14.28;1382;38;3687.00;257
9149;34;622540777;9149;533;10530;10786;4.92;0.30;352.01;14.28;1381;38;3688.00;256
9152;34;622540794;9152;531;10531;10786;4.85;0.30;351.96;14.28;1379;38;3689.00;255
9156;34;622540811;9156;531;10535;10792;4.83;0.30;351.90;14.28;1379;38;3690.00;257
9160;34;622540827;9160;529;10536;10792;4.76;0.29;351.91;14.28;1376;38;3691.00;256
9162;34;622540844;9162;528;10540;10792;4.73;0.29;351.87;14.28;1378;38;3692.00;252
9165;34;622540859;9165;532;10540;10793;4.69;0.29;351.78;14.28;1375;38;3693.00;253
9167;34;622540875;9167;540;10542;10794;4.66;0.28;351.76;14.29;1375;38;3694.00;252
9170;34;622540890;9170;544;10544;10794;4.59;0.28;351.76;14.29;1374;38;3695.00;250
9171;34;622540906;9171;550;10552;10807;4.58;0.28;351.77;14.28;1381;38;3696.00;255
9172;34;622540923;9172;551;10553;10807;4.58;0.28;351.73;14.29;1381;38;3697.00;254
9174;34;622540940;9174;560;10555;10807;4.53;0.28;351.68;14.29;1381;38;3698.00;252
9176;34;622540958;9176;565;10557;10808;4.49;0.27;351.66;14.29;1381;38;3699.00;251
9177;34;622540975;9177;574;10557;10808;4.46;0.27;351.65;14.29;1380;38;3700.00;251
9180;34;622540995;9180;586;10561;10812;4.46;0.27;351.61;14.29;1381;38;3701.00;251
9180;34;622541010;9180;591;10562;10812;4.45;0.27;351.61;14.30;1382;38;3702.00;250
9182;34;622541024;9182;603;10566;10816;4.45;0.27;351.70;14.36;1384;38;3703.00;250
9183;34;622541040;9183;602;10567;10816;4.44;0.27;351.67;14.37;1384;38;3704.00;249
9183;34;622541054;9183;607;10569;10816;4.43;0.27;351.67;14.49;1386;38;3705.00;247
9186;34;622541069;9186;615;10570;10816;4.38;0.27;351.60;14.50;1384;38;3706.00;246
9190;34;622541083;9190;626;10570;10816;4.31;0.26;351.55;14.50;1380;38;3707.00;246
9192;34;622541098;9192;638;10584;10828;4.29;0.26;351.54;14.74;1392;38;3708.00;244
9195;34;622541113;9195;637;10585;10828;4.20;0.26;351.46;14.74;1390;38;3709.00;243
9196;34;622541126;9196;646;10585;10828;4.13;0.25;351.42;14.74;1389;38;3710.00;243
9197;34;622541141;9197;649;10587;10828;4.06;0.25;351.41;14.81;1390;38;3711.00;241
9199;34;622541155;9199;654;10589;10828;3.98;0.24;351.45;14.94;1390;38;3712.00;239
9200;34;622541168;9200;656;10590;10828;3.91;0.24;351.46;15.00;1390;38;3713.00;238
9201;34;622541182;9201;662;10591;10829;3.85;0.24;351.44;15.06;1390;38;3714.00;238
9203;34;622541195;9203;649;10591;10829;3.81;0.23;351.43;15.06;1388;38;3715.00;238
9204;34;622541209;9204;645;10598;10835;3.86;0.24;351.43;15.17;1394;38;3716.00;237
9205;34;622541229;9205;645;10601;10836;3.89;0.24;351.41;15.19;1396;38;3717.00;235
9206;34;622541243;9206;645;10602;10836;3.91;0.24;351.39;15.25;1396;38;3718.00;234
9206;34;622541258;9206;634;10605;10836;3.94;0.24;351.39;15.32;1399;38;3719.00;231
9206;34;622541274;9206;630;10610;10841;3.96;0.24;351.39;15.38;1404;38;3720.00;231
9209;34;622541288;9209;628;10611;10841;3.96;0.24;351.30;15.43;1402;38;3721.00;230
9211;34;622541308;9211;623;10612;10841;3.95;0.24;351.37;15.44;1401;38;3722.00;229
9213;34;622541321;9213;621;10615;10842;4.00;0.24;351.37;15.50;1402;38;3723.00;227
9213;34;622541336;9213;620;10619;10846;4.03;0.25;351.37;15.55;1406;38;3724.00;227
9214;34;622541350;9214;616;10620;10846;4.08;0.25;351.34;15.55;1406;38;3725.00;226
9216;34;622541364;9216;616;10624;10849;4.13;0.25;351.28;15.67;1408;38;3726.00;225
9218;34;622541379;9218;619;10625;10849;4.20;0.26;351.34;15.66;1407;38;3727.00;224
9220;35;622541393;9220;614;10625;10849;4.24;0.26;351.34;15.66;1405;39;3728.00;224
9222;35;622541414;9222;611;10627;10849;4.24;0.26;351.30;15.78;1405;39;3729.00;222
9222;35;622541428;9222;610;10631;10853;4.26;0.26;351.30;15.77;1409;39;3730.00;222
9224;35;622541446;9224;605;10631;10853;4.23;0.26;351.33;15.77;1407;39;3731.00;222
9227;35;622541460;9227;598;10633;10853;4.18;0.25;351.33;15.88;1406;39;3732.00;220
9229;35;622541475;9229;603;10633;10853;4.14;0.25;351.28;15.88;1404;39;3733.00;220
9232;35;622541488;9232;601;10633;10854;4.09;0.25;351.27;15.88;1401;39;3734.00;221
9234;35;622541503;9234;602;10635;10856;4.05;0.25;351.27;15.88;1401;39;3735.00;221
9240;35;622541516;9240;602;10635;10856;3.97;0.24;351.34;15.88;1395;39;3736.00;221
9241;35;622541531;9241;610;10636;10857;3.93;0.24;351.33;15.88;1395;39;3737.00;221
9244;35;622541544;9244;607;10636;10857;3.90;0.24;351.28;15.88;1392;39;3738.00;221
9245;35;622541557;9245;610;10636;10857;3.88;0.24;351.34;15.88;1391;39;3739.00;221
9250;35;622541571;9250;588;10636;10857;3.87;0.24;351.37;15.88;1386;39;3740.00;221
9251;35;622541585;9251;588;10636;10857;3.92;0.24;351.36;15.88;1385;39;3741.00;221
9253;35;622541599;9253;573;10636;10857;3.94;0.24;351.35;15.88;1383;39;3742.00;221
9255;35;622541612;9255;571;10636;10857;3.98;0.24;351.43;15.88;1381;39;3743.00;221
9257;35;622541626;9257;572;10700;10984;4.30;0.27;351.39;15.79;1443;39;3744.00;284
9262;35;622541650;9262;568;10704;10985;4.29;0.26;351.50;15.78;1442;39;3745.00;281
9263;35;622541665;9263;560;10711;10985;4.31;0.27;351.50;15.77;1448;39;3746.00;274
9266;35;622541679;9266;552;10715;10985;4.29;0.27;351.58;15.77;1449;39;3747.00;270
9268;35;622541694;9268;547;10720;10985;4.28;0.26;351.61;15.76;1452;39;3748.00;265
9271;35;622541708;9271;548;10722;10985;4.28;0.26;351.68;15.76;1451;39;3749.00;263
9274;35;622541725;9274;551;10727;10990;4.24;0.26;351.74;15.75;1453;39;3750.00;263
9276;36;622541740;9276;548;10728;10990;4.24;0.26;351.79;15.75;1452;40;3751.00;262
9281;36;622541770;9281;543;10730;10991;4.23;0.26;351.92;15.75;1449;40;3752.00;261
9282;36;622541785;9282;554;10733;10992;4.28;0.26;351.93;15.75;1451;40;3753.00;259
9284;36;622541801;9284;550;10734;10992;4.33;0.27;352.04;15.75;1450;40;3754.00;258
9290;36;622541816;9290;549;10737;10993;4.34;0.27;351.98;15.75;1447;40;3755.00;256
9292;36;622541833;9292;552;10740;10993;4.38;0.27;352.03;15.74;1448;40;3756.00;253
9295;36;622541849;9295;553;10740;10993;4.42;0.27;352.04;15.74;1445;40;3757.00;253
9300;36;622541864;9300;543;10741;10993;4.45;0.28;352.24;15.74;1441;40;3758.00;252
9302;36;622541880;9302;545;10744;10997;4.53;0.28;352.21;15.74;1442;40;3759.00;253
9308;36;622541896;9308;536;10744;10997;4.54;0.28;352.40;15.74;1436;40;3760.00;253
9313;36;622541912;9313;521;10745;10997;4.52;0.28;352.38;15.74;1432;40;3761.00;252
9315;36;622541927;9315;508;10745;11000;4.56;0.28;352.37;15.74;1430;40;3762.00;255
9323;36;622541943;9323;508;10745;11000;4.54;0.28;352.47;15.74;1422;40;3763.00;255
9326;36;622541967;9326;495;10745;11000;4.54;0.28;352.56;15.74;1419;40;3764.00;255
9329;36;622541991;9329;490;10748;11004;4.58;0.28;352.57;15.74;1419;40;3765.00;256
9334;36;622542016;9334;495;10749;11005;4.63;0.28;352.65;15.74;1415;40;3766.00;256
9339;36;622542039;9339;491;10749;11005;4.61;0.28;352.78;15.74;1410;40;3767.00;256
9343;36;622542062;9343;490;10750;11009;4.64;0.28;352.78;15.73;1407;40;3768.00;259
9346;36;622542080;9346;490;10752;11009;4.63;0.28;352.88;15.74;1406;40;3769.00;257
9351;36;622542098;9351;486;10753;11009;4.62;0.28;352.88;15.74;1402;40;3770.00;256
9354;36;622542116;9354;490;10754;11010;4.59;0.28;353.00;15.74;1400;40;3771.00;256
9357;36;622542133;9357;487;10754;11010;4.59;0.28;352.98;15.74;1397;40;3772.00;256
9359;36;622542151;9359;482;10759;11016;4.63;0.28;353.07;15.73;1400;40;3773.00;257
9366;36;622542168;9366;490;10759;11016;4.61;0.28;353.17;15.73;1393;40;3774.00;257
9366;36;622542185;9366;476;10761;11017;4.64;0.28;353.17;15.74;1395;40;3775.00;256
9371;36;622542201;9371;477;10764;11017;4.59;0.28;353.20;15.82;1393;40;3776.00;253
9376;36;622542219;9376;481;10765;11017;4.57;0.28;353.35;15.82;1389;40;3777.00;252
9379;36;622542235;9379;480;10765;11017;4.61;0.28;353.36;15.82;1386;40;3778.00;252
9381;36;622542253;9381;478;10765;11017;4.61;0.28;353.48;15.82;1384;40;3779.00;252
9384;36;622542271;9384;483;10788;11053;4.69;0.29;353.60;15.79;1404;40;3780.00;265
9385;36;622542291;9385;489;10791;11053;4.68;0.29;353.61;15.79;1406;40;3781.00;262
9388;36;622542307;9388;486;10792;11053;4.68;0.29;353.71;15.79;1404;40;3782.00;261
9391;36;622542324;9391;489;10792;11053;4.70;0.29;353.67;15.79;1401;40;3783.00;261
9394;36;622542340;9394;486;10794;11053;4.64;0.28;353.68;15.79;1400;40;3784.00;259
9398;36;622542357;9398;485;10795;11053;4.60;0.28;353.71;15.79;1397;40;3785.00;258
9400;36;622542373;9400;499;10800;11057;4.56;0.28;353.76;15.79;1400;40;3786.00;257
9402;36;622542395;9402;492;10800;11057;4.48;0.27;353.80;15.79;1398;40;3787.00;257
9404;36;622542412;9404;492;10805;11061;4.43;0.27;353.88;15.79;1401;40;3788.00;256
9409;36;622542429;9409;493;10807;11062;4.38;0.27;353.96;15.79;1398;40;3789.00;255
9411;36;622542446;9411;490;10807;11062;4.35;0.27;353.97;15.79;1396;40;3790.00;255
9414;36;622542462;9414;490;10807;11062;4.33;0.26;354.09;15.79;1393;40;3791.00;255
9416;36;622542480;9416;492;10815;11075;4.37;0.27;354.13;15.78;1399;40;3792.00;260
9417;36;622542503;9417;498;10819;11075;4.41;0.27;354.12;15.79;1402;40;3793.00;256
9423;36;622542520;9423;506;10821;11075;4.41;0.27;354.30;15.79;1398;40;3794.00;254
9425;36;622542540;9425;509;10821;11076;4.44;0.27;354.31;15.79;1396;40;3795.00;255
9428;36;622542556;9428;503;10822;11077;4.46;0.27;354.35;15.79;1394;40;3796.00;255
9433;36;622542573;9433;497;10824;11077;4.43;0.27;354.53;15.79;1391;40;3797.00;253
9436;36;622542590;9436;499;10825;11080;4.43;0.27;354.67;15.79;1389;40;3798.00;255
9436;36;622542606;9436;497;10829;11080;4.42;0.27;354.67;15.79;1393;40;3799.00;251
9440;36;622542623;9440;505;10831;11080;4.39;0.27;354.83;15.79;1391;40;3800.00;249
9442;36;622542647;9442;503;10831;11080;4.38;0.27;354.90;15.79;1389;40;3801.00;249
9442;36;622542665;9442;509;10836;11086;4.39;0.27;354.90;15.78;1394;40;3802.00;250
9444;36;622542682;9444;515;10837;11086;4.37;0.27;355.00;15.78;1393;40;3803.00;249
9446;36;622542698;9446;510;10837;11086;4.36;0.26;355.06;15.78;1391;40;3804.00;249
9449;36;622542714;9449;515;10838;11086;4.30;0.26;355.07;15.78;1389;40;3805.00;248
9450;36;622542731;9450;522;10841;11090;4.28;0.26;355.09;15.78;1391;40;3806.00;249
9453;36;622542747;9453;520;10843;11091;4.28;0.26;355.08;15.78;1390;40;3807.00;248
9455;36;622542763;9455;516;10843;11091;4.29;0.26;355.14;15.78;1388;40;3808.00;248
9456;36;622542779;9456;514;10845;11092;4.33;0.26;355.11;15.78;1389;40;3809.00;247
9463;36;622542796;9463;518;10845;11092;4.29;0.26;355.16;15.78;1382;40;3810.00;247
9464;36;622542813;9464;509;10845;11092;4.29;0.26;355.16;15.78;1381;40;3811.00;247
9468;36;622542828;9468;507;10846;11092;4.27;0.26;355.22;15.78;1378;40;3812.00;246
9471;36;622542844;9471;512;10846;11092;4.27;0.26;355.39;15.78;1375;40;3813.00;246
9474;36;622542860;9474;511;10846;11092;4.27;0.26;355.45;15.78;1372;40;3814.00;246
9477;36;622542876;9477;516;10846;11092;4.28;0.26;355.53;15.78;1369;40;3815.00;246
9478;36;622542892;9478;527;10882;11162;4.34;0.26;355.55;15.72;1404;40;3816.00;280
9483;36;622542913;9483;523;10884;11163;4.35;0.26;355.60;15.72;1401;40;3817.00;279
9484;36;622542930;9484;514;10889;11163;4.42;0.27;355.64;15.71;1405;40;3818.00;274
9485;36;622542949;9485;516;10891;11163;4.49;0.27;355.67;15.71;1406;40;3819.00;272
9486;36;622542967;9486;520;10896;11163;4.53;0.28;355.72;15.71;1410;40;3820.00;267
9487;36;622542984;9487;514;10901;11163;4.54;0.28;355.71;15.70;1414;40;3821.00;262
9489;36;622543000;9489;518;10903;11163;4.60;0.28;355.72;15.70;1414;40;3822.00;260
9491;36;622543015;9491;526;10906;11163;4.64;0.28;355.79;15.78;1415;40;3823.00;257
9491;36;622543031;9491;527;10907;11164;4.66;0.28;355.79;15.78;1416;40;3824.00;257
9493;36;622543046;9493;524;10910;11166;4.66;0.28;355.85;15.77;1417;40;3825.00;256
9496;36;622543061;9496;531;10911;11166;4.64;0.28;355.95;15.77;1415;40;3826.00;255
9500;36;622543077;9500;538;10915;11170;4.57;0.28;356.02;15.77;1415;40;3827.00;255
9501;36;622543092;9501;547;10916;11170;4.53;0.28;356.01;15.77;1415;40;3828.00;254
9504;36;622543107;9504;553;10918;11170;4.51;0.27;356.11;15.77;1414;40;3829.00;252
9505;36;622543122;9505;553;10918;11170;4.47;0.27;356.12;15.77;1413;40;3830.00;252
9509;36;622543137;9509;565;10922;11176;4.40;0.27;356.23;15.76;1413;40;3831.00;254
9510;36;622543153;9510;555;10922;11176;4.40;0.27;356.24;15.76;1412;40;3832.00;254
9511;36;622543168;9511;549;10922;11176;4.40;0.27;356.22;15.76;1411;40;3833.00;254
9516;36;622543183;9516;548;10924;11179;4.42;0.27;356.27;15.76;1408;40;3834.00;255
9519;36;622543199;9519;547;10924;11179;4.45;0.27;356.34;15.76;1405;40;3835.00;255
9522;36;622543214;9522;546;10925;11179;4.47;0.27;356.30;15.76;1403;40;3836.00;254
9525;36;622543229;9525;547;10925;11180;4.48;0.27;356.25;15.76;1400;40;3837.00;255
9527;36;622543245;9527;548;10927;11181;4.46;0.27;356.30;15.83;1400;40;3838.00;254
9529;36;622543260;9529;548;10927;11181;4.46;0.27;356.27;15.83;1398;40;3839.00;254
9532;36;622543276;9532;554;10944;11207;4.45;0.27;356.34;15.80;1412;40;3840.00;263
9534;36;622543293;9534;555;10944;11207;4.44;0.27;356.32;15.80;1410;40;3841.00;263
9536;36;622543308;9536;549;10946;11207;4.45;0.27;356.38;15.80;1410;40;3842.00;261
9538;36;622543322;9538;546;10948;11208;4.46;0.27;356.35;15.80;1410;40;3843.00;260
9544;36;622543337;9544;547;10948;11208;4.48;0.27;356.48;15.80;1404;40;3844.00;260
9547;36;622543352;9547;549;10952;11212;4.50;0.27;356.49;15.86;1405;40;3845.00;260
9552;36;622543370;9552;543;10953;11214;4.48;0.27;356.44;15.86;1401;40;3846.00;261
9553;36;622543385;9553;551;10957;11218;4.51;0.28;356.41;15.85;1404;40;3847.00;261
9557;36;622543401;9557;546;10958;11218;4.51;0.28;356.54;15.93;1401;40;3848.00;260
9561;36;622543416;9561;540;10958;11218;4.47;0.27;356.57;15.93;1397;40;3849.00;260
9563;36;622543431;9563;538;10958;11218;4.48;0.27;356.53;15.93;1395;40;3850.00;260
9565;36;622543445;9565;532;10958;11218;4.45;0.27;356.47;15.93;1393;40;3851.00;260
9569;36;622543459;9569;544;10968;11230;4.44;0.27;356.41;15.91;1399;40;3852.00;262
9574;36;622543475;9574;546;10969;11230;4.40;0.27;356.29;15.91;1395;40;3853.00;261
9578;36;622543489;9578;545;10969;11230;4.39;0.27;356.30;15.91;1391;40;3854.00;261
9581;36;622543504;9581;544;10969;11230;4.34;0.26;356.23;15.91;1388;40;3855.00;261
9583;36;622543518;9583;556;10969;11230;4.35;0.26;356.17;15.91;1386;40;3856.00;261
9586;36;622543532;9586;560;10970;11230;4.27;0.26;356.10;15.91;1384;40;3857.00;260
9588;36;622543547;9588;566;10971;11231;4.24;0.26;356.12;15.98;1383;40;3858.00;260
9591;36;622543561;9591;572;10972;11231;4.16;0.25;356.06;15.98;1381;40;3859.00;259
9591;36;622543575;9591;572;10978;11237;4.15;0.25;356.06;15.98;1387;40;3860.00;259
9593;36;622543597;9593;580;10978;11238;4.11;0.25;356.06;15.98;1385;40;3861.00;260
9594;36;622543612;9594;590;10979;11238;4.06;0.25;356.03;15.98;1385;40;3862.00;259
9594;36;622543625;9594;585;10982;11238;4.04;0.25;356.03;16.04;1388;40;3863.00;256
9596;36;622543640;9596;592;10984;11242;4.02;0.25;356.02;16.04;1388;40;3864.00;258
9598;36;622543655;9598;591;10985;11242;3.95;0.24;356.01;16.04;1387;40;3865.00;257
9598;36;622543669;9598;599;10986;11242;3.89;0.24;356.01;16.10;1388;40;3866.00;256
9602;36;622543682;9602;583;10987;11243;3.91;0.24;356.02;16.10;1385;40;3867.00;256
9604;36;622543697;9604;574;10990;11247;3.93;0.24;356.05;16.10;1386;40;3868.00;257
9606;36;622543711;9606;567;10990;11247;3.92;0.24;355.98;16.10;1384;40;3869.00;257
9607;37;622543728;9607;570;10995;11253;3.95;0.24;356.00;16.16;1388;41;3870.00;258
9607;37;622543761;9607;562;10996;11253;4.03;0.25;356.00;16.16;1389;41;3871.00;257
9607;37;622543775;9607;561;10997;11253;4.12;0.25;356.00;16.16;1390;41;3872.00;256
9608;37;622543790;9608;560;10999;11253;4.16;0.25;356.06;16.29;1391;41;3873.00;254
9610;37;622543812;9610;564;11003;11257;4.27;0.26;356.18;16.29;1393;41;3874.00;254
9612;38;622543826;9612;570;11003;11257;4.30;0.26;356.19;16.29;1391;42;3875.00;254
9613;38;622543853;9613;569;11004;11257;4.32;0.26;356.18;16.35;1391;42;3876.00;253
9616;38;622543869;9616;571;11004;11257;4.34;0.26;356.15;16.35;1388;42;3877.00;253
9617;38;622543884;9617;576;11005;11258;4.34;0.26;356.13;16.42;1388;42;3878.00;253
9618;38;622543900;9618;571;11007;11259;4.34;0.26;356.16;16.48;1389;42;3879.00;252
9619;38;622543915;9619;576;11007;11259;4.32;0.26;356.15;16.48;1388;42;3880.00;252
9619;38;622543931;9619;579;11009;11260;4.32;0.26;356.15;16.55;1390;42;3881.00;251
9620;38;622543945;9620;584;11010;11260;4.33;0.26;356.16;16.61;1390;42;3882.00;250
9621;38;622543966;9621;587;11010;11260;4.35;0.27;356.17;16.61;1389;42;3883.00;250
9621;38;622543989;9621;587;11011;11260;4.37;0.27;356.17;16.68;1390;42;3884.00;249
9623;38;622544012;9623;585;11012;11260;4.36;0.27;356.13;16.74;1389;42;3885.00;248
9623;38;622544033;9623;596;11013;11260;4.33;0.27;356.13;16.80;1390;42;3886.00;247
9623;38;622544054;9623;600;11013;11260;4.31;0.26;356.13;16.80;1390;42;3887.00;247
9624;38;622544071;9624;624;11082;11387;4.52;0.28;356.10;16.70;1458;42;3888.00;305
9625;38;622544098;9625;604;11088;11388;4.51;0.28;356.13;16.76;1463;42;3889.00;300
9628;38;622544115;9628;589;11098;11388;4.53;0.28;356.10;16.74;1470;42;3890.00;290
9631;38;622544131;9631;589;11101;11388;4.52;0.28;356.10;16.80;1470;42;3891.00;287
9632;38;622544148;9632;580;11106;11388;4.53;0.28;356.12;16.80;1474;42;3892.00;282
9637;38;622544164;9637;582;11108;11388;4.45;0.28;356.12;16.86;1471;42;3893.00;280
9638;38;622544180;9638;571;11110;11388;4.43;0.27;356.09;16.86;1472;42;3894.00;278
9640;38;622544196;9640;581;11113;11388;4.45;0.27;356.16;16.99;1473;42;3895.00;275
9643;38;622544211;9643;591;11115;11389;4.45;0.27;356.20;16.98;1472;42;3896.00;274
9646;38;622544227;9646;592;11119;11390;4.47;0.28;356.21;16.98;1473;42;3897.00;271
9649;38;622544242;9649;605;11120;11390;4.48;0.28;356.32;16.98;1471;42;3898.00;270
9654;38;622544259;9654;602;11124;11391;4.43;0.27;356.38;17.11;1470;42;3899.00;267
9655;38;622544283;9655;610;11129;11406;4.39;0.27;356.42;17.10;1474;42;3900.00;277
9658;38;622544304;9658;613;11133;11406;4.35;0.27;356.49;17.22;1475;42;3901.00;273
9662;38;622544319;9662;622;11134;11406;4.30;0.26;356.49;17.22;1472;42;3902.00;272
9670;38;622544335;9670;621;11136;11410;4.22;0.26;356.40;17.22;1466;42;3903.00;274
9671;38;622544352;9671;630;11138;11410;4.21;0.26;356.45;17.34;1467;42;3904.00;272
9675;38;622544366;9675;637;11139;11410;4.17;0.26;356.48;17.34;1464;42;3905.00;271
9677;38;622544383;9677;637;11145;11413;4.13;0.25;356.47;17.46;1468;42;3906.00;268
9679;38;622544400;9679;638;11147;11413;4.13;0.25;356.49;17.46;1468;42;3907.00;266
9683;38;622544420;9683;639;11149;11413;4.11;0.25;356.75;17.52;1466;42;3908.00;264
9687;38;622544436;9687;643;11154;11417;4.04;0.25;356.79;17.58;1467;42;3909.00;263
9692;38;622544451;9692;638;11154;11418;4.02;0.25;356.91;17.58;1462;42;3910.00;264
9697;38;622544467;9697;627;11157;11418;4.03;0.25;356.98;17.69;1460;42;3911.00;261
9698;38;622544483;9698;625;11161;11422;4.06;0.25;356.98;17.69;1463;42;3912.00;261
9704;38;622544506;9704;624;11161;11422;4.03;0.25;357.08;17.69;1457;42;3913.00;261
9704;38;622544523;9704;610;11161;11422;4.10;0.25;357.08;17.69;1457;42;3914.00;261
9708;38;622544538;9708;618;11163;11424;4.16;0.26;357.11;17.69;1455;42;3915.00;261
9711;38;622544555;9711;613;11164;11424;4.20;0.26;357.17;17.69;1453;42;3916.00;260
9714;38;622544573;9714;602;11166;11430;4.24;0.26;357.17;17.69;1452;42;3917.00;264
9716;38;622544591;9716;604;11168;11430;4.25;0.26;357.18;17.69;1452;42;3918.00;262
9716;38;622544609;9716;594;11168;11431;4.28;0.26;357.18;17.69;1452;42;3919.00;263
9719;38;622544626;9719;584;11169;11431;4.31;0.26;357.23;17.69;1450;42;3920.00;262
9721;38;622544644;9721;577;11170;11431;4.34;0.26;357.30;17.69;1449;42;3921.00;261
9726;38;622544662;9726;578;11170;11431;4.34;0.27;357.45;17.69;1444;42;3922.00;261
9729;38;622544678;9729;568;11172;11431;4.38;0.27;357.46;17.69;1443;42;3923.00;259
9733;38;622544695;9733;563;11177;11443;4.48;0.27;357.65;17.68;1444;42;3924.00;266
9739;38;622544712;9739;571;11178;11443;4.47;0.27;357.67;17.68;1439;42;3925.00;265
9744;38;622544736;9744;559;11182;11443;4.49;0.27;357.97;17.68;1438;42;3926.00;261
9749;38;622544753;9749;559;11183;11443;4.52;0.27;358.19;17.68;1434;42;3927.00;260
9752;38;622544770;9752;554;11184;11443;4.57;0.28;358.35;17.68;1432;42;3928.00;259
9756;38;622544786;9756;550;11184;11443;4.60;0.28;358.45;17.68;1428;42;3929.00;259
9763;38;622544811;9763;554;11187;11447;4.66;0.28;358.46;17.67;1424;42;3930.00;260
9767;38;622544828;9767;556;11188;11447;4.68;0.28;358.60;17.68;1421;42;3931.00;259
9768;38;622544846;9768;560;11190;11451;4.71;0.29;358.57;17.67;1422;42;3932.00;261
9771;38;622544864;9771;554;11191;11452;4.68;0.29;358.65;17.67;1420;42;3933.00;261
9775;38;622544881;9775;559;11191;11452;4.72;0.29;358.86;17.67;1416;42;3934.00;261
9779;38;622544898;9779;562;11192;11452;4.69;0.29;358.90;17.67;1413;42;3935.00;260
9783;38;622544915;9783;558;11198;11465;4.68;0.28;358.96;17.66;1415;42;3936.00;267
9786;38;622544933;9786;555;11200;11465;4.68;0.29;359.06;17.67;1414;42;3937.00;265
9790;38;622544957;9790;560;11200;11465;4.67;0.28;359.08;17.67;1410;42;3938.00;265
9793;38;622544975;9793;552;11202;11466;4.66;0.28;359.10;17.67;1409;42;3939.00;264
9797;38;622544991;9797;558;11203;11467;4.67;0.28;359.09;17.67;1406;42;3940.00;264
9801;38;622545009;9801;557;11205;11467;4.72;0.29;359.20;17.67;1404;42;3941.00;262
9807;38;622545025;9807;558;11205;11470;4.69;0.28;359.17;17.67;1398;42;3942.00;265
9813;38;622545042;9813;566;11207;11470;4.68;0.28;359.37;17.67;1394;42;3943.00;263
9817;38;622545057;9817;567;11209;11470;4.69;0.28;359.54;17.67;1392;42;3944.00;261
9823;38;622545073;9823;564;11210;11470;4.67;0.28;359.73;17.67;1387;42;3945.00;260
9826;38;622545089;9826;563;11216;11476;4.69;0.28;359.84;17.66;1390;42;3946.00;260
9830;38;622545105;9830;564;11217;11476;4.70;0.28;359.91;17.66;1387;42;3947.00;259
9834;38;622545120;9834;567;11217;11476;4.70;0.28;360.01;17.66;1383;42;3948.00;259
9834;38;622545135;9834;568;11219;11476;4.70;0.28;360.01;17.74;1385;42;3949.00;257
9839;38;622545151;9839;567;11224;11480;4.69;0.28;360.17;17.74;1385;42;3950.00;256
9841;38;622545167;9841;567;11226;11481;4.70;0.28;360.26;17.73;1385;42;3951.00;255
9842;38;622545187;9842;569;11226;11481;4.70;0.28;360.28;17.73;1384;42;3952.00;255
9844;38;622545202;9844;577;11226;11482;4.64;0.28;360.40;17.73;1382;42;3953.00;256
9848;38;622545217;9848;577;11228;11482;4.57;0.28;360.49;17.73;1380;42;3954.00;254
9853;38;622545233;9853;576;11228;11482;4.50;0.27;360.63;17.73;1375;42;3955.00;254
9855;38;622545248;9855;583;11229;11482;4.44;0.27;360.68;17.73;1374;42;3956.00;253
9858;38;622545263;9858;575;11230;11482;4.37;0.27;360.85;17.73;1372;42;3957.00;252
9863;38;622545279;9863;572;11230;11482;4.31;0.26;361.07;17.73;1367;42;3958.00;252
9864;38;622545299;9864;564;11230;11482;4.28;0.26;361.04;17.73;1366;42;3959.00;252
9867;38;622545315;9867;578;11298;11607;4.40;0.27;361.17;17.62;1431;42;3960.00;309
9867;38;622545339;9867;581;11301;11608;4.44;0.27;361.17;17.62;1434;42;3961.00;307
9870;38;622545360;9870;567;11307;11608;4.52;0.28;361.31;17.61;1437;42;3962.00;301
9873;38;622545376;9873;562;11308;11608;4.52;0.28;361.44;17.61;1435;42;3963.00;300
9877;38;622545397;9877;567;11312;11608;4.52;0.28;361.49;17.61;1435;42;3964.00;296
9880;38;622545413;9880;565;11314;11608;4.53;0.28;361.61;17.60;1434;42;3965.00;294
9882;38;622545429;9882;560;11319;11608;4.54;0.28;361.59;17.60;1437;42;3966.00;289
9885;38;622545444;9885;566;11323;11608;4.51;0.28;361.64;17.59;1438;42;3967.00;285
9887;38;622545460;9887;560;11328;11609;4.51;0.28;361.61;17.59;1441;42;3968.00;281
9890;38;622545476;9890;562;11329;11610;4.45;0.27;361.69;17.59;1439;42;3969.00;281
9892;38;622545493;9892;566;11333;11610;4.44;0.27;361.66;17.59;1441;42;3970.00;277
9894;38;622545508;9894;571;11336;11614;4.40;0.27;361.67;17.58;1442;42;3971.00;278
9898;38;622545525;9898;579;11338;11614;4.37;0.27;361.81;17.58;1440;42;3972.00;276
9902;38;622545541;9902;587;11340;11614;4.34;0.26;361.90;17.58;1438;42;3973.00;274
9905;38;622545557;9905;595;11340;11614;4.28;0.26;361.91;17.58;1435;42;3974.00;274
9907;38;622545578;9907;609;11345;11620;4.22;0.26;361.98;17.57;1438;42;3975.00;275
9907;38;622545595;9907;616;11345;11620;4.23;0.26;361.98;17.57;1438;43;3976.00;275
9911;38;622545619;9911;620;11345;11620;4.19;0.26;362.09;17.57;1434;43;3977.00;275
9911;38;622545635;9911;620;11347;11623;4.22;0.26;362.09;17.57;1436;43;3978.00;276
9913;38;622545659;9913;621;11347;11623;4.21;0.26;362.11;17.57;1434;43;3979.00;276
9915;38;622545674;9915;628;11347;11623;4.21;0.26;362.19;17.57;1432;43;3980.00;276
9918;38;622545690;9918;632;11348;11624;4.17;0.25;362.22;17.57;1430;43;3981.00;276
9921;38;622545706;9921;631;11349;11625;4.16;0.25;362.29;17.57;1428;43;3982.00;276
9922;38;622545722;9922;632;11349;11625;4.16;0.25;362.27;17.57;1427;43;3983.00;276
9924;38;622545738;9924;639;11358;11638;4.18;0.25;362.40;17.55;1434;43;3984.00;280
9927;38;622545754;9927;635;11359;11638;4.19;0.25;362.38;17.55;1432;43;3985.00;279
9927;38;622545770;9927;639;11360;11638;4.22;0.26;362.38;17.55;1433;43;3986.00;278
9928;38;622545785;9928;641;11360;11639;4.28;0.26;362.39;17.55;1432;43;3987.00;279
9930;38;622545800;9930;637;11361;11639;4.33;0.26;362.40;17.55;1431;43;3988.00;278
9931;38;622545815;9931;633;11365;11643;4.33;0.26;362.38;17.54;1434;43;3989.00;278
9931;38;622545832;9931;629;11365;11643;4.37;0.27;362.38;17.54;1434;43;3990.00;278
9933;38;622545847;9933;627;11368;11647;4.33;0.26;362.49;17.54;1435;43;3991.00;279
9935;38;622545863;9935;620;11368;11647;4.32;0.26;362.50;17.54;1433;43;3992.00;279
9936;38;622545878;9936;619;11369;11647;4.31;0.26;362.54;17.62;1433;43;3993.00;278
9940;38;622545894;9940;614;11369;11647;4.28;0.26;362.55;17.62;1429;43;3994.00;278
9942;38;622545909;9942;615;11369;11647;4.29;0.26;362.53;17.62;1427;43;3995.00;278
9945;38;622545940;9945;624;11380;11659;4.30;0.26;362.58;17.60;1435;43;3996.00;279
9947;38;622545960;9947;626;11380;11659;4.31;0.26;362.58;17.60;1433;43;3997.00;279
9949;38;622545984;9949;627;11380;11659;4.28;0.26;362.65;17.60;1431;43;3998.00;279
9949;38;622546007;9949;633;11380;11659;4.29;0.26;362.65;17.60;1431;43;3999.00;279
9951;38;622546031;9951;629;11380;11659;4.28;0.26;362.59;17.60;1429;43;4000.00;279
9953;38;622546064;9953;622;11380;11659;4.25;0.26;362.59;17.60;1427;43;4001.00;279
9957;38;622546084;9957;621;11380;11660;4.22;0.26;362.51;17.60;1423;43;4002.00;280
9959;38;622546101;9959;623;11380;11660;4.22;0.26;362.51;17.60;1421;43;4003.00;280
9962;38;622546118;9962;613;11385;11666;4.25;0.26;362.54;17.59;1423;43;4004.00;281
9963;38;622546134;9963;604;11387;11668;4.29;0.26;362.56;17.59;1424;43;4005.00;281
9965;38;622546151;9965;603;11387;11668;4.31;0.26;362.51;17.59;1422;43;4006.00;281
9966;38;622546167;9966;606;11387;11668;4.33;0.27;362.54;17.59;1421;43;4007.00;281
9970;38;622546182;9970;603;11390;11672;4.34;0.27;362.57;17.59;1420;43;4008.00;282
9972;38;622546198;9972;602;11390;11672;4.33;0.27;362.53;17.59;1418;43;4009.00;282
9977;38;622546212;9977;593;11390;11672;4.28;0.26;362.49;17.59;1413;43;4010.00;282
9980;38;622546227;9980;599;11391;11673;4.25;0.26;362.45;17.58;1411;43;4011.00;282
9983;38;622546242;9983;585;11394;11677;4.23;0.26;362.44;17.58;1411;43;4012.00;283
9986;38;622546258;9986;593;11395;11677;4.22;0.26;362.53;17.66;1409;43;4013.00;282
9987;38;622546272;9987;582;11397;11680;4.23;0.26;362.54;17.66;1410;43;4014.00;283
9989;38;622546288;9989;578;11400;11680;4.21;0.26;362.57;17.79;1411;43;4015.00;280
9992;38;622546306;9992;577;11400;11680;4.18;0.26;362.55;17.79;1408;43;4016.00;280
9994;38;622546320;9994;588;11400;11680;4.15;0.25;362.55;17.79;1406;43;4017.00;280
9996;38;622546334;9996;580;11404;11684;4.18;0.25;362.55;17.78;1408;43;4018.00;280
10000;38;622546350;10000;564;11404;11684;4.15;0.25;362.48;17.78;1404;43;4019.00;280
10001;38;622546366;10001;557;11404;11684;4.15;0.25;362.53;17.78;1403;43;4020.00;280
10002;38;622546382;10002;543;11404;11684;4.20;0.26;362.52;17.78;1402;43;4021.00;280
10002;38;622546397;10002;536;11404;11685;4.25;0.26;362.52;17.78;1402;43;4022.00;281
10005;38;622546412;10005;533;11405;11686;4.25;0.26;362.50;17.78;1400;43;4023.00;281
10009;38;622546427;10009;525;11405;11686;4.22;0.26;362.46;17.78;1396;43;4024.00;281
10009;38;622546449;10009;520;11406;11687;4.24;0.26;362.46;17.78;1397;43;4025.00;281
10014;38;622546471;10014;515;11406;11687;4.22;0.26;362.47;17.78;1392;43;4026.00;281
10017;38;622546487;10017;519;11407;11687;4.22;0.26;362.48;17.86;1390;43;4027.00;280
10019;38;622546502;10019;526;11407;11687;4.23;0.26;362.49;17.86;1388;43;4028.00;280
10020;38;622546517;10020;530;11407;11687;4.25;0.26;362.47;17.86;1387;43;4029.00;280
10020;38;622546533;10020;532;11407;11687;4.30;0.26;362.47;17.86;1387;43;4030.00;280
10020;38;622546547;10020;533;11407;11687;4.30;0.26;362.47;17.86;1387;43;4031.00;280
10020;39;622546562;10020;550;11476;11814;4.58;0.28;362.47;17.83;1456;44;4032.00;338
10020;39;622546605;10020;538;11477;11815;4.59;0.28;362.47;17.83;1457;44;4033.00;338
10021;39;622546621;10021;534;11486;11815;4.62;0.29;362.44;17.82;1465;44;4034.00;329
10022;39;622546636;10022;541;11490;11815;4.65;0.29;362.42;17.81;1468;44;4035.00;325
10023;39;622546651;10023;540;11495;11815;4.61;0.29;362.42;17.80;1472;44;4036.00;320
10024;39;622546667;10024;539;11497;11815;4.58;0.28;362.43;17.80;1473;44;4037.00;318
10028;39;622546683;10028;541;11499;11815;4.53;0.28;362.39;17.80;1471;44;4038.00;316
10031;39;622546698;10031;548;11501;11815;4.47;0.28;362.50;17.80;1470;44;4039.00;314
10033;39;622546714;10033;558;11504;11816;4.46;0.28;362.47;17.80;1471;44;4040.00;312
10035;39;622546729;10035;563;11508;11817;4.45;0.27;362.45;17.86;1473;44;4041.00;309
10036;39;622546746;10036;559;11510;11817;4.41;0.27;362.45;17.86;1474;44;4042.00;307
10038;39;622546761;10038;563;11512;11818;4.37;0.27;362.52;17.93;1474;44;4043.00;306
10039;39;622546777;10039;567;11518;11818;4.38;0.27;362.54;17.92;1479;44;4044.00;300
10043;39;622546793;10043;571;11521;11818;4.30;0.26;362.57;17.92;1478;44;4045.00;297
10045;39;622546809;10045;576;11524;11818;4.25;0.26;362.52;17.99;1479;44;4046.00;294
10048;39;622546825;10048;595;11529;11822;4.25;0.26;362.55;17.99;1481;44;4047.00;293
10049;39;622546841;10049;595;11531;11822;4.22;0.26;362.51;18.05;1482;44;4048.00;291
10052;39;622546857;10052;591;11532;11822;4.22;0.26;362.58;18.05;1480;44;4049.00;290
10053;39;622546875;10053;604;11538;11828;4.20;0.26;362.59;18.12;1485;44;4050.00;290
10057;39;622546892;10057;603;11539;11828;4.18;0.26;362.68;18.18;1482;44;4051.00;289
10059;39;622546907;10059;615;11542;11828;4.19;0.26;362.77;18.25;1483;44;4052.00;286
10060;39;622546923;10060;619;11546;11832;4.23;0.26;362.81;18.25;1486;44;4053.00;286
10062;39;622546939;10062;617;11548;11833;4.20;0.26;362.89;18.24;1486;44;4054.00;285
10065;39;622546958;10065;619;11553;11833;4.18;0.26;363.00;18.51;1488;44;4055.00;280
10066;39;622546975;10066;624;11556;11837;4.17;0.26;363.03;18.51;1490;44;4056.00;281
10068;39;622546990;10068;626;11558;11837;4.14;0.25;363.14;18.64;1490;44;4057.00;279
10072;39;622547007;10072;629;11558;11837;4.11;0.25;363.25;18.64;1486;44;4058.00;279
10072;39;622547022;10072;630;11559;11838;4.13;0.25;363.25;18.64;1487;44;4059.00;279
10075;39;622547038;10075;627;11561;11838;4.11;0.25;363.33;18.77;1486;44;4060.00;277
10077;39;622547053;10077;633;11566;11844;4.11;0.25;363.35;18.76;1489;44;4061.00;278
10078;39;622547069;10078;632;11568;11844;4.07;0.25;363.36;18.89;1490;44;4062.00;276
10079;39;622547084;10079;631;11568;11845;4.08;0.25;363.46;18.89;1489;44;4063.00;277
10083;39;622547100;10083;630;11568;11845;4.08;0.25;363.49;18.89;1485;44;4064.00;277
10084;39;622547115;10084;626;11568;11845;4.13;0.25;363.54;18.89;1484;44;4065.00;277
10086;39;622547131;10086;617;11568;11845;4.15;0.25;363.63;18.89;1482;44;4066.00;277
10088;39;622547145;10088;613;11568;11845;4.16;0.25;363.72;18.89;1480;44;4067.00;277
10089;39;622547161;10089;626;11579;11857;4.20;0.26;363.73;18.87;1490;44;4068.00;278
10091;39;622547177;10091;617;11579;11857;4.24;0.26;363.83;18.87;1488;44;4069.00;278
10094;39;622547192;10094;611;11579;11857;4.23;0.26;363.97;18.87;1485;44;4070.00;278
10096;39;622547207;10096;606;11583;11857;4.23;0.26;363.97;19.13;1487;44;4071.00;274
10097;39;622547222;10097;610;11583;11857;4.23;0.26;363.95;19.13;1486;44;4072.00;274
10102;39;622547237;10102;614;11583;11857;4.21;0.26;364.10;19.13;1481;44;4073.00;274
10105;39;622547252;10105;611;11586;11861;4.17;0.25;364.13;19.13;1481;44;4074.00;275
10108;39;622547268;10108;624;11586;11861;4.13;0.25;364.11;19.13;1478;44;4075.00;275
10110;40;622547282;10110;624;11590;11865;4.11;0.25;364.21;19.12;1480;45;4076.00;275
10113;40;622547314;10113;626;11591;11866;4.04;0.25;364.38;19.12;1478;45;4077.00;275
10117;40;622547329;10117;634;11591;11866;4.01;0.24;364.36;19.12;1474;45;4078.00;275
10123;40;622547344;10123;639;11591;11866;3.96;0.24;364.42;19.12;1468;45;4079.00;275
10124;40;622547360;10124;641;11612;11895;3.95;0.24;364.39;19.08;1488;45;4080.00;283
10127;40;622547377;10127;634;11613;11895;3.92;0.24;364.41;19.08;1486;45;4081.00;282
10130;40;622547392;10130;636;11615;11895;3.95;0.24;364.35;19.08;1485;45;4082.00;280
10132;40;622547407;10132;630;11617;11896;3.98;0.24;364.38;19.08;1485;45;4083.00;279
10137;40;622547422;10137;627;11617;11897;3.97;0.24;364.36;19.08;1480;45;4084.00;280
10141;40;622547436;10141;630;11617;11897;3.98;0.24;364.41;19.08;1476;45;4085.00;280
10147;40;622547451;10147;626;11620;11900;3.96;0.24;364.49;19.07;1473;45;4086.00;280
10149;40;622547467;10149;629;11620;11900;3.93;0.24;364.46;19.07;1471;45;4087.00;280
10150;40;622547482;10150;622;11620;11900;3.95;0.24;364.46;19.07;1470;45;4088.00;280
10156;40;622547498;10156;620;11620;11900;3.93;0.24;364.57;19.07;1464;45;4089.00;280
10157;40;622547513;10157;615;11624;11906;4.01;0.24;364.55;19.07;1467;45;4090.00;282
10159;40;622547528;10159;602;11624;11906;4.02;0.25;364.58;19.07;1465;45;4091.00;282
10165;40;622547544;10165;607;11624;11906;4.01;0.25;364.72;19.07;1459;45;4092.00;282
10167;40;622547559;10167;605;11624;11906;4.05;0.25;364.71;19.07;1457;45;4093.00;282
10170;40;622547574;10170;598;11627;11910;4.06;0.25;364.77;19.06;1457;45;4094.00;283
10176;40;622547597;10176;601;11629;11912;4.04;0.25;364.82;19.06;1453;45;4095.00;283
10180;40;622547612;10180;592;11629;11912;4.10;0.25;364.86;19.06;1449;45;4096.00;283
10182;40;622547628;10182;594;11630;11913;4.13;0.25;364.87;19.06;1448;45;4097.00;283
10185;40;622547643;10185;595;11630;11913;4.14;0.25;364.99;19.06;1445;45;4098.00;283
10188;40;622547659;10188;586;11630;11913;4.18;0.26;365.13;19.06;1442;45;4099.00;283
10191;40;622547674;10191;578;11630;11913;4.20;0.26;365.24;19.06;1439;45;4100.00;283
10195;40;622547693;10195;577;11630;11913;4.22;0.26;365.22;19.06;1435;45;4101.00;283
10201;40;622547708;10201;572;11630;11913;4.22;0.26;365.31;19.06;1429;45;4102.00;283
10205;40;622547724;10205;578;11630;11913;4.20;0.26;365.49;19.06;1425;45;4103.00;283
10207;40;622547740;10207;587;11666;11983;4.28;0.26;365.49;19.00;1459;45;4104.00;317
10210;40;622547761;10210;592;11667;11984;4.23;0.26;365.52;19.00;1457;45;4105.00;317
10214;40;622547776;10214;591;11672;11984;4.22;0.26;365.66;18.99;1458;45;4106.00;312
10217;40;622547791;10217;589;11673;11984;4.21;0.26;365.72;18.99;1456;45;4107.00;311
10219;40;622547807;10219;597;11677;11984;4.23;0.26;365.74;18.98;1458;45;4108.00;307
10223;40;622547821;10223;600;11679;11984;4.17;0.25;365.75;18.98;1456;45;4109.00;305
10227;40;622547839;10227;605;11682;11984;4.15;0.25;365.86;18.98;1455;45;4110.00;302
10230;40;622547853;10230;607;11685;11984;4.10;0.25;365.87;18.97;1455;45;4111.00;299
10232;40;622547868;10232;612;11688;11985;4.05;0.25;365.88;18.97;1456;45;4112.00;297
10237;40;622547883;10237;608;11688;11986;3.99;0.24;365.89;18.97;1451;45;4113.00;298
10242;40;622547898;10242;613;11689;11986;3.91;0.24;365.88;18.97;1447;45;4114.00;297
10244;40;622547913;10244;619;11692;11990;3.85;0.23;365.96;18.97;1448;45;4115.00;298
10248;40;622547928;10248;634;11694;11990;3.74;0.23;365.95;18.97;1446;45;4116.00;296
10252;40;622547942;10252;639;11695;11990;3.71;0.23;366.05;18.96;1443;45;4117.00;295
10256;40;622547960;10256;629;11697;11990;3.67;0.22;366.04;18.96;1441;45;4118.00;293
10259;40;622547984;10259;638;11702;11996;3.66;0.22;366.10;18.96;1443;45;4119.00;294
10262;40;622548010;10262;642;11703;11996;3.64;0.22;366.12;18.96;1441;45;4120.00;293
10265;40;622548032;10265;638;11704;11996;3.59;0.22;366.24;18.95;1439;45;4121.00;292
10268;40;622548053;10268;644;11706;11999;3.61;0.22;366.31;18.95;1438;45;4122.00;293
10268;40;622548072;10268;654;11707;11999;3.59;0.22;366.31;18.95;1439;45;4123.00;292
10270;40;622548089;10270;659;11708;11999;3.56;0.22;366.39;18.95;1438;45;4124.00;291
10273;40;622548105;10273;664;11708;12000;3.55;0.22;366.52;18.95;1435;45;4125.00;292
10277;40;622548121;10277;668;11710;12001;3.54;0.22;366.61;18.95;1433;45;4126.00;291
10282;40;622548137;10282;666;11711;12001;3.54;0.22;366.74;18.95;1429;45;4127.00;290
10288;40;622548154;10288;669;11722;12014;3.61;0.22;366.77;18.93;1434;45;4128.00;292
10291;40;622548172;10291;671;11722;12014;3.60;0.22;366.73;18.93;1431;45;4129.00;292
10293;40;622548189;10293;675;11722;12014;3.62;0.22;366.81;18.93;1429;45;4130.00;292
10299;40;622548204;10299;676;11723;12015;3.62;0.22;366.86;18.93;1424;45;4131.00;292
10300;40;622548220;10300;676;11723;12015;3.60;0.22;366.85;18.93;1423;45;4132.00;292
10303;40;622548235;10303;682;11727;12019;3.59;0.22;367.01;18.92;1424;45;4133.00;292
10305;40;622548251;10305;675;11727;12019;3.55;0.22;367.03;18.92;1422;45;4134.00;292
10309;40;622548266;10309;681;11730;12023;3.53;0.22;367.19;18.92;1421;45;4135.00;293
10313;40;622548281;10313;671;11730;12023;3.52;0.22;367.41;18.92;1417;45;4136.00;293
10313;40;622548296;10313;666;11730;12023;3.53;0.22;367.41;18.92;1417;45;4137.00;293
10317;40;622548311;10317;658;11730;12023;3.54;0.22;367.47;18.92;1413;45;4138.00;293
10318;40;622548326;10318;653;11730;12023;3.58;0.22;367.51;18.92;1412;45;4139.00;293
10320;40;622548349;10320;646;11755;12057;3.71;0.23;367.52;18.88;1435;45;4140.00;302
10324;40;622548367;10324;641;11755;12057;3.74;0.23;367.53;18.88;1431;45;4141.00;302
10326;40;622548384;10326;634;11758;12057;3.84;0.24;367.62;18.87;1432;45;4142.00;299
10326;40;622548401;10326;635;11758;12057;3.94;0.24;367.62;18.87;1432;45;4143.00;299
10328;40;622548417;10328;638;11759;12057;4.03;0.25;367.57;18.87;1431;45;4144.00;298
10331;40;622548432;10331;637;11759;12057;4.06;0.25;367.59;18.87;1428;45;4145.00;298
10332;40;622548448;10332;637;11759;12058;4.08;0.25;367.58;18.87;1427;45;4146.00;299
10333;40;622548462;10333;633;11759;12058;4.10;0.25;367.57;18.87;1426;45;4147.00;299
10335;40;622548478;10335;629;11764;12064;4.11;0.25;367.53;18.86;1429;45;4148.00;300
10339;40;622548495;10339;625;11766;12065;4.07;0.25;367.43;18.95;1427;45;4149.00;299
10341;40;622548512;10341;624;11766;12065;4.02;0.25;367.42;18.95;1425;45;4150.00;299
10342;40;622548527;10342;622;11766;12065;3.97;0.24;367.39;18.95;1424;45;4151.00;299
10343;40;622548543;10343;621;11769;12069;3.95;0.24;367.36;18.94;1426;45;4152.00;300
10345;40;622548559;10345;623;11769;12069;3.91;0.24;367.31;18.94;1424;45;4153.00;300
10347;40;622548575;10347;619;11769;12069;3.87;0.24;367.31;18.94;1422;45;4154.00;300
10350;40;622548590;10350;622;11770;12070;3.83;0.23;367.33;18.94;1420;45;4155.00;300
10352;40;622548606;10352;625;11773;12074;3.83;0.23;367.33;18.93;1421;45;4156.00;301
10353;40;622548620;10353;632;11773;12074;3.81;0.23;367.39;18.93;1420;45;4157.00;301
10354;40;622548635;10354;629;11775;12077;3.81;0.23;367.39;18.93;1421;45;4158.00;302
10354;40;622548654;10354;637;11775;12077;3.81;0.23;367.39;18.93;1421;45;4159.00;302
10355;40;622548669;10355;636;11776;12077;3.82;0.23;367.37;18.93;1421;45;4160.00;301
10356;40;622548684;10356;630;11776;12077;3.80;0.23;367.33;18.93;1420;45;4161.00;301
10358;40;622548702;10358;636;11780;12081;3.78;0.23;367.27;18.92;1422;45;4162.00;301
10361;40;622548719;10361;644;11780;12081;3.77;0.23;367.35;18.92;1419;45;4163.00;301
10362;40;622548735;10362;651;11781;12081;3.76;0.23;367.36;19.01;1419;45;4164.00;300
10363;40;622548752;10363;643;11781;12081;3.74;0.23;367.33;19.01;1418;45;4165.00;300
10364;40;622548768;10364;642;11781;12082;3.73;0.23;367.41;19.01;1417;45;4166.00;301
10364;40;622548783;10364;651;11782;12083;3.74;0.23;367.41;19.00;1418;45;4167.00;301
10364;40;622548799;10364;656;11782;12083;3.71;0.22;367.41;19.00;1418;45;4168.00;301
10364;40;622548813;10364;655;11783;12084;3.71;0.22;367.41;19.00;1419;45;4169.00;301
10368;40;622548829;10368;653;11783;12084;3.65;0.22;367.44;19.00;1415;45;4170.00;301
10370;40;622548846;10370;631;11783;12084;3.66;0.22;367.46;19.00;1413;45;4171.00;301
10370;40;622548861;10370;608;11783;12084;3.70;0.22;367.46;19.00;1413;45;4172.00;301
10370;40;622548877;10370;597;11785;12086;3.76;0.23;367.46;19.00;1415;45;4173.00;301
10371;40;622548892;10371;581;11785;12086;3.82;0.23;367.44;19.00;1414;45;4174.00;301
10371;40;622548908;10371;574;11785;12086;3.92;0.24;367.44;19.00;1414;45;4175.00;301
10371;40;622548923;10371;583;11853;12213;4.18;0.26;367.44;18.89;1482;45;4176.00;360
10374;40;622548950;10374;565;11854;12214;4.24;0.26;367.50;18.89;1480;45;4177.00;360
10374;40;622548970;10374;565;11858;12214;4.34;0.27;367.50;18.88;1484;45;4178.00;356
10375;40;622548986;10375;556;11860;12214;4.38;0.27;367.51;18.88;1485;45;4179.00;354
10378;40;622549003;10378;551;11864;12214;4.38;0.27;367.53;18.88;1486;45;4180.00;350
10380;40;622549020;10380;548;11869;12214;4.38;0.27;367.53;18.87;1489;45;4181.00;345
10382;40;622549035;10382;551;11872;12214;4.37;0.27;367.51;18.87;1490;45;4182.00;342
10384;40;622549059;10384;547;11876;12214;4.38;0.27;367.50;18.86;1492;45;4183.00;338
10385;40;622549076;10385;546;11880;12215;4.38;0.27;367.51;18.93;1495;45;4184.00;335
10387;41;622549096;10387;540;11882;12217;4.40;0.27;367.58;18.93;1495;46;4185.00;335
10389;41;622549123;10389;542;11885;12217;4.37;0.27;367.61;19.00;1496;46;4186.00;332
10393;41;622549140;10393;543;11886;12218;4.32;0.26;367.62;19.00;1493;46;4187.00;332
10395;41;622549157;10395;550;11888;12218;4.34;0.26;367.66;19.00;1493;46;4188.00;330
10396;41;622549173;10396;548;11892;12218;4.37;0.27;367.66;19.00;1496;46;4189.00;326
10397;41;622549189;10397;548;11894;12218;4.38;0.27;367.65;19.00;1497;46;4190.00;324
10398;41;622549204;10398;555;11897;12222;4.40;0.27;367.64;18.99;1499;46;4191.00;325
10399;41;622549221;10399;557;11898;12222;4.39;0.27;367.68;18.99;1499;46;4192.00;324
10400;41;622549237;10400;547;11899;12222;4.38;0.27;367.65;18.99;1499;46;4193.00;323
10403;41;622549253;10403;547;11900;12225;4.38;0.27;367.67;18.99;1497;46;4194.00;325
10404;41;622549270;10404;550;11902;12225;4.38;0.27;367.64;18.99;1498;46;4195.00;323
10406;41;622549290;10406;558;11903;12225;4.33;0.26;367.79;18.99;1497;46;4196.00;322
10411;41;622549307;10411;579;11908;12229;4.32;0.26;367.82;18.98;1497;46;4197.00;321
10412;41;622549323;10412;572;11912;12230;4.29;0.26;367.78;18.98;1500;46;4198.00;318
10417;41;622549339;10417;574;11913;12230;4.24;0.26;367.89;18.98;1496;46;4199.00;317
10419;41;622549358;10419;580;11926;12264;4.20;0.26;367.97;18.97;1507;46;4200.00;338
10422;41;622549382;10422;585;11928;12264;4.17;0.25;368.03;18.97;1506;46;4201.00;336
10423;41;622549402;10423;586;11929;12264;4.18;0.25;368.11;18.96;1506;46;4202.00;335
10423;41;622549418;10423;593;11932;12265;4.23;0.26;368.11;18.96;1509;46;4203.00;333
10427;41;622549433;10427;596;11933;12265;4.24;0.26;368.15;18.96;1506;46;4204.00;332
10428;41;622549449;10428;608;11938;12271;4.25;0.26;368.21;18.95;1510;46;4205.00;333
10429;41;622549466;10429;608;11939;12271;4.25;0.26;368.30;18.95;1510;46;4206.00;332
10430;41;622549481;10430;615;11940;12272;4.27;0.26;368.28;18.95;1510;46;4207.00;332
10432;41;622549497;10432;614;11940;12272;4.28;0.26;368.42;18.95;1508;46;4208.00;332
10433;41;622549513;10433;617;11942;12272;4.26;0.26;368.51;19.03;1509;46;4209.00;330
10435;41;622549528;10435;618;11943;12272;4.28;0.26;368.66;19.10;1508;46;4210.00;329
10438;41;622549544;10438;623;11946;12272;4.27;0.26;368.70;19.24;1508;46;4211.00;326
10442;41;622549559;10442;619;11959;12284;4.25;0.26;368.72;19.37;1517;46;4212.00;325
10443;41;622549576;10443;619;11959;12284;4.26;0.26;368.81;19.37;1516;46;4213.00;325
10448;41;622549598;10448;630;11961;12284;4.26;0.26;368.83;19.37;1513;46;4214.00;323
10450;41;622549614;10450;630;11963;12284;4.28;0.26;368.85;19.51;1513;46;4215.00;321
10452;41;622549630;10452;627;11963;12284;4.30;0.26;368.99;19.51;1511;46;4216.00;321
10454;41;622549646;10454;630;11966;12284;4.30;0.26;369.01;19.65;1512;46;4217.00;318
10458;41;622549662;10458;634;11971;12288;4.27;0.26;369.12;19.71;1513;46;4218.00;317
10459;41;622549679;10459;639;11972;12288;4.24;0.26;369.12;19.78;1513;46;4219.00;316
10461;41;622549694;10461;646;11977;12292;4.23;0.26;369.19;19.84;1516;46;4220.00;315
10463;41;622549711;10463;646;11979;12293;4.23;0.26;369.27;19.91;1516;46;4221.00;314
10465;41;622549727;10465;654;11980;12293;4.22;0.26;369.38;19.91;1515;46;4222.00;313
10469;41;622549743;10469;664;11982;12293;4.23;0.26;369.35;20.05;1513;46;4223.00;311
10471;41;622549760;10471;657;11993;12306;4.24;0.26;369.43;20.03;1522;46;4224.00;313
10475;41;622549776;10475;660;11995;12306;4.21;0.26;369.48;20.17;1520;46;4225.00;311
10479;41;622549792;10479;670;11995;12306;4.19;0.26;369.52;20.17;1516;46;4226.00;311
10480;41;622549808;10480;667;11999;12307;4.19;0.26;369.57;20.24;1519;46;4227.00;308
10483;41;622549824;10483;670;12001;12308;4.19;0.26;369.61;20.30;1518;46;4228.00;307
10485;41;622549840;10485;668;12002;12308;4.17;0.25;369.57;20.37;1517;46;4229.00;306
10488;41;622549858;10488;658;12006;12314;4.19;0.25;369.62;20.36;1518;46;4230.00;308
10491;41;622549874;10491;665;12008;12314;4.17;0.25;369.63;20.49;1517;46;4231.00;306
10492;41;622549891;10492;654;12010;12314;4.20;0.26;369.64;20.49;1518;46;4232.00;304
10493;41;622549906;10493;660;12012;12314;4.24;0.26;369.69;20.62;1519;46;4233.00;302
10496;41;622549922;10496;654;12018;12320;4.26;0.26;369.85;20.61;1522;46;4234.00;302
10497;41;622549939;10497;654;12018;12320;4.25;0.26;369.86;20.61;1521;46;4235.00;302
10499;41;622549955;10499;654;12019;12320;4.22;0.26;369.88;20.68;1520;46;4236.00;301
10502;41;622549979;10502;657;12020;12320;4.19;0.26;369.87;20.75;1518;46;4237.00;300
10506;41;622550006;10506;650;12023;12324;4.21;0.26;369.90;20.75;1517;46;4238.00;301
10508;41;622550033;10508;652;12026;12325;4.24;0.26;369.85;20.87;1518;46;4239.00;299
10509;41;622550056;10509;652;12027;12325;4.24;0.26;369.89;20.87;1518;46;4240.00;298
10511;41;622550078;10511;652;12029;12326;4.26;0.26;369.92;20.94;1518;46;4241.00;297
10515;41;622550097;10515;658;12030;12326;4.24;0.26;370.03;21.01;1515;46;4242.00;296
10516;41;622550114;10516;663;12031;12326;4.24;0.26;370.06;21.08;1515;46;4243.00;295
10520;41;622550131;10520;665;12032;12326;4.20;0.26;370.06;21.15;1512;46;4244.00;294
10522;41;622550151;10522;662;12032;12326;4.19;0.26;370.09;21.15;1510;46;4245.00;294
10526;41;622550169;10526;669;12035;12326;4.13;0.25;370.15;21.27;1509;46;4246.00;291
10532;41;622550186;10532;678;12035;12326;4.02;0.25;370.31;21.27;1503;46;4247.00;291
10535;41;622550202;10535;693;12082;12396;4.03;0.25;370.29;21.26;1547;46;4248.00;314
10538;41;622550225;10538;692;12083;12397;3.96;0.24;370.37;21.33;1545;46;4249.00;314
10541;41;622550242;10541;679;12086;12397;3.93;0.24;370.43;21.32;1545;46;4250.00;311
10544;41;622550260;10544;678;12090;12397;3.92;0.24;370.44;21.45;1546;46;4251.00;307
10549;41;622550277;10549;692;12091;12397;3.91;0.24;370.48;21.45;1542;46;4252.00;306
10551;41;622550293;10551;698;12093;12397;3.90;0.24;370.54;21.51;1542;46;4253.00;304
10555;41;622550309;10555;700;12097;12397;3.91;0.24;370.53;21.51;1542;46;4254.00;300
10558;41;622550327;10558;701;12098;12397;3.90;0.24;370.48;21.51;1540;46;4255.00;299
10560;41;622550343;10560;702;12099;12398;3.91;0.24;370.47;21.50;1539;46;4256.00;299
10564;41;622550359;10564;704;12101;12399;3.88;0.24;370.42;21.50;1537;46;4257.00;298
10566;41;622550376;10566;702;12104;12399;3.87;0.24;370.51;21.50;1538;46;4258.00;295
10568;41;622550400;10568;708;12108;12403;3.85;0.24;370.52;21.49;1540;46;4259.00;295
10571;41;622550424;10571;712;12108;12403;3.81;0.23;370.60;21.49;1537;46;4260.00;295
10576;41;622550441;10576;713;12109;12403;3.77;0.23;370.71;21.58;1533;46;4261.00;294
10579;41;622550457;10579;712;12109;12403;3.72;0.23;370.81;21.58;1530;46;4262.00;294
10583;41;622550475;10583;719;12113;12409;3.69;0.23;370.80;21.57;1530;46;4263.00;296
10588;41;622550491;10588;723;12114;12409;3.64;0.22;370.90;21.57;1526;46;4264.00;295
10595;41;622550508;10595;729;12114;12409;3.60;0.22;370.91;21.57;1519;46;4265.00;295
10596;41;622550525;10596;728;12115;12412;3.64;0.22;371.01;21.57;1519;46;4266.00;297
10602;41;622550542;10602;720;12115;12412;3.61;0.22;371.13;21.57;1513;46;4267.00;297
10607;41;622550558;10607;728;12115;12412;3.60;0.22;371.23;21.57;1508;46;4268.00;297
10611;41;622550574;10611;729;12116;12413;3.58;0.22;371.42;21.57;1505;46;4269.00;297
10617;41;622550590;10617;729;12118;12414;3.57;0.22;371.36;21.57;1501;46;4270.00;296
10620;41;622550607;10620;724;12118;12414;3.55;0.22;371.43;21.57;1498;46;4271.00;296
10627;41;622550623;10627;728;12129;12427;3.55;0.22;371.68;21.55;1502;46;4272.00;298
10629;41;622550642;10629;726;12129;12427;3.54;0.22;371.70;21.55;1500;46;4273.00;298
10637;41;622550659;10637;731;12129;12427;3.51;0.21;371.74;21.55;1492;46;4274.00;298
10639;41;622550675;10639;731;12131;12429;3.51;0.21;371.80;21.55;1492;46;4275.00;298
10642;41;622550692;10642;725;12131;12429;3.51;0.21;371.82;21.55;1489;46;4276.00;298
10645;41;622550707;10645;725;12135;12433;3.52;0.22;371.88;21.62;1490;46;4277.00;298
10653;41;622550724;10653;727;12136;12433;3.46;0.21;372.05;21.62;1483;46;4278.00;297
10653;41;622550740;10653;732;12139;12437;3.47;0.21;372.05;21.62;1486;46;4279.00;298
10656;41;622550756;10656;734;12140;12437;3.46;0.21;372.19;21.62;1484;46;4280.00;297
10659;41;622550771;10659;733;12141;12437;3.43;0.21;372.26;21.62;1482;46;4281.00;296
10664;41;622550787;10664;748;12141;12437;3.39;0.21;372.33;21.62;1477;46;4282.00;296
10668;41;622550803;10668;747;12141;12437;3.35;0.20;372.38;21.62;1473;46;4283.00;296
10672;41;622550819;10672;748;12150;12449;3.39;0.21;372.36;21.60;1478;46;4284.00;299
10674;41;622550835;10674;740;12151;12449;3.37;0.21;372.33;21.60;1477;46;4285.00;298
10678;41;622550851;10678;742;12151;12449;3.35;0.20;372.48;21.60;1473;46;4286.00;298
10680;41;622550867;10680;747;12153;12449;3.35;0.20;372.47;21.60;1473;46;4287.00;296
10685;41;622550882;10685;747;12153;12449;3.30;0.20;372.50;21.60;1468;46;4288.00;296
10689;41;622550897;10689;746;12153;12449;3.31;0.20;372.53;21.60;1464;46;4289.00;296
10691;41;622550914;10691;754;12153;12450;3.30;0.20;372.51;21.60;1462;46;4290.00;297
10694;41;622550931;10694;752;12153;12450;3.23;0.20;372.57;21.60;1459;46;4291.00;297
10697;41;622550946;10697;747;12158;12456;3.18;0.19;372.56;21.59;1461;46;4292.00;298
10701;41;622550963;10701;760;12159;12457;3.12;0.19;372.57;21.59;1458;46;4293.00;298
10703;41;622550980;10703;763;12160;12457;3.08;0.19;372.56;21.59;1457;46;4294.00;297
10706;41;622550995;10706;770;12160;12457;3.00;0.18;372.62;21.59;1454;46;4295.00;297
10706;41;622551011;10706;772;12163;12461;3.00;0.18;372.62;21.59;1457;46;4296.00;298
10709;41;622551024;10709;769;12163;12461;2.99;0.18;372.60;21.59;1454;46;4297.00;298
10712;41;622551039;10712;765;12164;12461;3.00;0.18;372.67;21.59;1452;46;4298.00;297
10713;41;622551053;10713;766;12166;12462;3.03;0.18;372.66;21.58;1453;46;4299.00;296
10714;41;622551070;10714;770;12169;12466;3.08;0.19;372.68;21.58;1455;46;4300.00;297
10718;41;622551088;10718;768;12169;12466;3.08;0.19;372.72;21.58;1451;46;4301.00;297
10719;41;622551103;10719;765;12172;12469;3.12;0.19;372.70;21.57;1453;46;4302.00;297
10722;41;622551118;10722;770;12172;12469;3.09;0.19;372.67;21.57;1450;46;4303.00;297
10727;41;622551132;10727;770;12172;12469;3.05;0.19;372.68;21.57;1445;46;4304.00;297
10727;41;622551146;10727;775;12172;12469;3.05;0.19;372.68;21.57;1445;46;4305.00;297
10728;41;622551160;10728;758;12176;12473;3.08;0.19;372.72;21.57;1448;46;4306.00;297
10729;41;622551174;10729;754;12176;12473;3.09;0.19;372.73;21.57;1447;46;4307.00;297
10730;41;622551189;10730;748;12176;12473;3.13;0.19;372.79;21.57;1446;46;4308.00;297
10731;41;622551203;10731;736;12176;12473;3.16;0.19;372.76;21.57;1445;46;4309.00;297
10733;41;622551217;10733;726;12176;12474;3.21;0.20;372.71;21.57;1443;46;4310.00;298
10734;41;622551232;10734;721;12177;12475;3.28;0.20;372.68;21.56;1443;46;4311.00;298
10738;41;622551247;10738;714;12177;12475;3.34;0.20;372.68;21.56;1439;46;4312.00;298
10739;41;622551263;10739;710;12178;12476;3.40;0.21;372.70;21.56;1439;46;4313.00;298
10741;41;622551278;10741;703;12178;12476;3.45;0.21;372.66;21.56;1437;46;4314.00;298
10741;41;622551293;10741;699;12178;12476;3.51;0.21;372.66;21.56;1437;46;4315.00;298
10745;41;622551307;10745;698;12178;12476;3.51;0.21;372.59;21.56;1433;46;4316.00;298
10746;41;622551321;10746;706;12178;12476;3.54;0.22;372.56;21.56;1432;46;4317.00;298
10747;41;622551336;10747;704;12178;12476;3.59;0.22;372.60;21.56;1431;46;4318.00;298
10751;41;622551351;10751;697;12178;12476;3.60;0.22;372.63;21.56;1427;46;4319.00;298
10754;41;622551368;10754;734;12287;12706;3.97;0.25;372.63;21.37;1533;46;4320.00;419
10755;41;622551412;10755;725;12291;12707;4.02;0.25;372.62;21.36;1536;46;4321.00;416
10757;41;622551428;10757;705;12302;12707;4.10;0.26;372.68;21.35;1545;46;4322.00;405
10757;41;622551443;10757;685;12306;12707;4.14;0.26;372.68;21.34;1549;46;4323.00;401
10758;41;622551458;10758;671;12313;12707;4.18;0.26;372.74;21.33;1555;46;4324.00;394
10758;41;622551475;10758;655;12316;12707;4.23;0.26;372.74;21.33;1558;46;4325.00;391
10760;41;622551491;10760;653;12322;12707;4.22;0.26;372.73;21.32;1562;46;4326.00;385
10764;41;622551507;10764;649;12327;12707;4.18;0.26;372.75;21.31;1563;46;4327.00;380
10764;41;622551523;10764;652;12332;12708;4.23;0.26;372.75;21.31;1568;46;4328.00;376
10764;41;622551539;10764;645;12337;12709;4.19;0.26;372.75;21.30;1573;46;4329.00;372
10765;41;622551560;10765;647;12342;12709;4.13;0.26;372.78;21.30;1577;46;4330.00;367
10766;41;622551577;10766;649;12344;12710;4.10;0.25;372.78;21.30;1578;46;4331.00;366
10767;41;622551593;10767;646;12345;12710;4.08;0.25;372.81;21.30;1578;46;4332.00;365
10768;41;622551610;10768;640;12348;12710;4.06;0.25;372.87;21.29;1580;46;4333.00;362
10769;41;622551626;10769;650;12350;12710;4.07;0.25;372.90;21.29;1581;46;4334.00;360
10770;41;622551644;10770;651;12353;12714;4.09;0.25;372.98;21.29;1583;46;4335.00;361
10770;41;622551662;10770;648;12353;12714;4.11;0.25;372.98;21.29;1583;46;4336.00;361
10772;41;622551679;10772;654;12355;12714;4.11;0.25;372.97;21.29;1583;46;4337.00;359
10773;41;622551701;10773;657;12355;12717;4.14;0.25;372.96;21.29;1582;46;4338.00;362
10773;41;622551719;10773;658;12357;12717;4.15;0.25;372.96;21.29;1584;46;4339.00;360
10774;41;622551736;10774;657;12358;12717;4.17;0.26;373.00;21.29;1584;46;4340.00;359
10774;41;622551753;10774;654;12362;12721;4.18;0.26;373.00;21.28;1588;46;4341.00;359
10777;41;622551771;10777;651;12363;12722;4.17;0.25;373.00;21.28;1586;46;4342.00;359
10779;41;622551788;10779;648;12364;12722;4.18;0.26;373.03;21.28;1585;46;4343.00;358
10780;41;622551806;10780;644;12366;12726;4.19;0.26;373.01;21.28;1586;46;4344.00;360
10780;41;622551828;10780;634;12367;12726;4.24;0.26;373.01;21.28;1587;46;4345.00;359
10784;41;622551845;10784;626;12369;12726;4.25;0.26;373.25;21.36;1585;46;4346.00;357
10786;41;622551864;10786;618;12369;12727;4.26;0.26;373.39;21.36;1583;46;4347.00;358
10788;41;622551882;10788;611;12370;12727;4.25;0.26;373.36;21.36;1582;46;4348.00;357
10790;41;622551899;10790;605;12373;12733;4.27;0.26;373.53;21.36;1583;46;4349.00;360
10793;41;622551918;10793;602;12374;12733;4.26;0.26;373.68;21.36;1581;46;4350.00;359
10794;41;622551936;10794;601;12375;12734;4.27;0.26;373.65;21.36;1581;46;4351.00;359
10798;41;622551958;10798;602;12375;12734;4.25;0.26;373.71;21.36;1577;46;4352.00;359
10804;41;622551996;10804;604;12380;12734;4.22;0.26;373.91;21.36;1576;46;4353.00;354
10806;41;622552025;10806;603;12382;12734;4.26;0.26;374.02;21.44;1576;46;4354.00;352
10811;41;622552056;10811;600;12382;12734;4.29;0.26;374.05;21.44;1571;46;4355.00;352
10817;41;622552080;10817;603;12391;12746;4.35;0.26;374.21;21.49;1574;46;4356.00;355
10819;41;622552100;10819;601;12392;12746;4.36;0.26;374.33;21.49;1573;46;4357.00;354
10820;41;622552118;10820;586;12396;12746;4.46;0.27;374.34;21.49;1576;46;4358.00;350
10825;41;622552137;10825;581;12396;12746;4.46;0.27;374.40;21.49;1571;46;4359.00;350
10829;41;622552157;10829;577;12397;12746;4.45;0.27;374.39;21.49;1568;46;4360.00;349
10830;41;622552175;10830;585;12397;12746;4.47;0.27;374.50;21.49;1567;46;4361.00;349
10834;41;622552193;10834;588;12400;12750;4.41;0.27;374.41;21.48;1566;46;4362.00;350
10836;41;622552212;10836;583;12400;12750;4.39;0.27;374.44;21.48;1564;46;4363.00;350
10838;41;622552231;10838;584;12403;12754;4.39;0.27;374.46;21.48;1565;46;4364.00;351
10841;42;622552249;10841;595;12405;12756;4.38;0.27;374.52;21.47;1564;47;4365.00;351
10842;43;622552280;10842;594;12405;12756;4.37;0.26;374.55;21.47;1563;48;4366.00;351
10842;43;622552305;10842;587;12406;12756;4.34;0.26;374.55;21.48;1564;48;4367.00;350
10844;43;622552323;10844;583;12416;12769;4.35;0.26;374.57;21.46;1572;48;4368.00;353
10847;43;622552347;10847;580;12417;12769;4.33;0.26;374.61;21.47;1570;48;4369.00;352
10847;43;622552370;10847;591;12417;12769;4.33;0.26;374.61;21.47;1570;48;4370.00;352
10849;43;622552387;10849;593;12421;12770;4.31;0.26;374.65;21.47;1572;48;4371.00;349
10851;43;622552405;10851;603;12421;12771;4.29;0.26;374.62;21.47;1570;48;4372.00;350
10854;43;622552427;10854;604;12422;12771;4.26;0.26;374.66;21.47;1568;48;4373.00;349
10855;43;622552452;10855;616;12425;12774;4.27;0.26;374.68;21.47;1570;48;4374.00;349
10856;43;622552471;10856;622;12427;12774;4.26;0.26;374.66;21.48;1571;48;4375.00;347
10859;43;622552488;10859;622;12428;12774;4.26;0.26;374.71;21.48;1569;48;4376.00;346
10859;43;622552505;10859;623;12430;12774;4.30;0.26;374.71;21.55;1571;48;4377.00;344
10859;43;622552523;10859;628;12437;12780;4.38;0.27;374.71;21.54;1578;48;4378.00;343
10863;43;622552541;10863;629;12438;12780;4.37;0.27;374.81;21.55;1575;48;4379.00;342
10865;43;622552560;10865;641;12439;12780;4.40;0.27;374.85;21.55;1574;48;4380.00;341
10869;43;622552577;10869;636;12440;12780;4.35;0.27;374.79;21.62;1571;48;4381.00;340
10872;43;622552594;10872;641;12444;12784;4.31;0.26;374.92;21.62;1572;48;4382.00;340
10875;43;622552612;10875;642;12446;12785;4.30;0.26;374.87;21.69;1571;48;4383.00;339
10880;43;622552630;10880;637;12447;12785;4.27;0.26;374.89;21.69;1567;48;4384.00;338
10883;43;622552647;10883;641;12448;12786;4.28;0.26;375.02;21.69;1565;48;4385.00;338
10883;43;622552665;10883;642;12450;12786;4.32;0.27;375.02;21.77;1567;48;4386.00;336
10887;43;622552682;10887;647;12451;12786;4.29;0.26;375.04;21.77;1564;48;4387.00;335
10889;43;622552699;10889;646;12451;12786;4.29;0.26;375.02;21.77;1562;48;4388.00;335
10894;43;622552717;10894;652;12454;12786;4.28;0.26;375.06;21.85;1560;48;4389.00;332
10899;43;622552735;10899;653;12454;12786;4.26;0.26;375.15;21.85;1555;48;4390.00;332
10901;43;622552753;10901;662;12455;12786;4.26;0.26;375.13;21.92;1554;48;4391.00;331
10905;43;622552771;10905;666;12492;12856;4.40;0.27;375.10;21.86;1587;48;4392.00;364
10908;43;622552796;10908;663;12494;12857;4.39;0.27;375.19;21.86;1586;48;4393.00;363
10912;43;622552815;10912;653;12502;12857;4.37;0.27;375.24;21.92;1590;48;4394.00;355
10914;43;622552833;10914;650;12505;12857;4.36;0.27;375.28;21.99;1591;48;4395.00;352
10916;43;622552852;10916;655;12508;12857;4.35;0.27;375.34;21.99;1592;48;4396.00;349
10920;43;622552870;10920;654;12514;12857;4.34;0.27;375.41;22.05;1594;48;4397.00;343
10920;43;622552889;10920;663;12516;12857;4.31;0.26;375.41;22.05;1596;48;4398.00;341
10922;43;622552905;10922;663;12519;12857;4.32;0.26;375.58;22.12;1597;48;4399.00;338
10925;43;622552929;10925;653;12521;12858;4.31;0.26;375.62;22.11;1596;48;4400.00;337
10928;43;622552952;10928;649;12523;12859;4.35;0.27;375.69;22.11;1595;48;4401.00;336
10931;43;622552972;10931;645;12524;12859;4.33;0.26;375.76;22.11;1593;48;4402.00;335
10934;43;622552995;10934;647;12529;12863;4.28;0.26;375.77;22.25;1595;48;4403.00;334
10940;43;622553014;10940;648;12530;12863;4.23;0.26;375.82;22.25;1590;48;4404.00;333
10944;43;622553031;10944;656;12532;12863;4.22;0.26;375.85;22.39;1588;48;4405.00;331
10947;43;622553048;10947;656;12532;12863;4.19;0.26;375.85;22.39;1585;48;4406.00;331
10949;43;622553065;10949;670;12537;12869;4.21;0.26;375.89;22.38;1588;48;4407.00;332
10953;43;622553082;10953;671;12539;12869;4.20;0.26;375.88;22.52;1586;48;4408.00;330
10957;43;622553099;10957;665;12539;12869;4.22;0.26;375.93;22.52;1582;48;4409.00;330
10959;43;622553116;10959;671;12542;12875;4.22;0.26;375.96;22.51;1583;48;4410.00;333
10963;43;622553133;10963;671;12544;12875;4.18;0.25;376.06;22.65;1581;48;4411.00;331
10966;43;622553149;10966;670;12545;12875;4.15;0.25;376.19;22.65;1579;48;4412.00;330
10969;43;622553166;10969;678;12545;12876;4.11;0.25;376.26;22.65;1576;48;4413.00;331
10970;43;622553181;10970;685;12546;12877;4.06;0.25;376.34;22.65;1576;48;4414.00;331
10976;43;622553197;10976;686;12546;12877;3.98;0.24;376.43;22.65;1570;48;4415.00;331
10979;43;622553212;10979;689;12556;12890;3.90;0.24;376.46;22.63;1577;48;4416.00;334
10981;43;622553229;10981;692;12556;12890;3.82;0.23;376.60;22.63;1575;48;4417.00;334
10982;43;622553245;10982;697;12557;12890;3.78;0.23;376.70;22.63;1575;48;4418.00;333
10984;43;622553260;10984;702;12557;12891;3.70;0.23;376.69;22.63;1573;48;4419.00;334
10987;43;622553276;10987;706;12557;12891;3.63;0.22;376.80;22.63;1570;48;4420.00;334
10991;43;622553291;10991;707;12561;12895;3.61;0.22;376.87;22.62;1570;48;4421.00;334
10992;43;622553308;10992;697;12561;12895;3.60;0.22;376.85;22.62;1569;48;4422.00;334
10997;43;622553323;10997;699;12564;12899;3.53;0.22;377.01;22.62;1567;48;4423.00;335
11001;43;622553339;11001;700;12565;12899;3.48;0.21;377.07;22.62;1564;48;4424.00;334
11002;43;622553354;11002;693;12565;12899;3.49;0.21;377.06;22.62;1563;48;4425.00;334
11006;43;622553370;11006;685;12566;12899;3.49;0.21;377.13;22.62;1560;48;4426.00;333
11011;43;622553386;11011;676;12566;12899;3.44;0.21;377.18;22.62;1555;48;4427.00;333
11013;43;622553402;11013;679;12575;12911;3.52;0.21;377.17;22.60;1562;48;4428.00;336
11017;43;622553418;11017;673;12575;12911;3.49;0.21;377.25;22.60;1558;48;4429.00;336
11021;43;622553434;11021;670;12575;12911;3.49;0.21;377.24;22.60;1554;48;4430.00;336
11025;43;622553450;11025;676;12576;12911;3.45;0.21;377.35;22.70;1551;48;4431.00;335
11028;43;622553467;11028;670;12576;12911;3.44;0.21;377.39;22.70;1548;48;4432.00;335
11033;43;622553484;11033;670;12576;12911;3.42;0.21;377.44;22.70;1543;48;4433.00;335
11035;43;622553500;11035;683;12576;12912;3.44;0.21;377.43;22.70;1541;48;4434.00;336
11038;43;622553516;11038;682;12576;12912;3.45;0.21;377.53;22.70;1538;48;4435.00;336
11041;43;622553535;11041;682;12580;12918;3.47;0.21;377.58;22.69;1539;48;4436.00;338
11046;43;622553552;11046;691;12580;12919;3.40;0.21;377.58;22.69;1534;48;4437.00;339
11049;43;622553569;11049;691;12580;12919;3.36;0.21;377.58;22.69;1531;48;4438.00;339
11051;43;622553586;11051;690;12580;12919;3.33;0.20;377.60;22.69;1529;48;4439.00;339
11057;43;622553603;11057;698;12584;12924;3.30;0.20;377.66;22.68;1527;48;4440.00;340
11060;43;622553619;11060;692;12584;12924;3.25;0.20;377.66;22.68;1524;48;4441.00;340
11062;43;622553635;11062;692;12584;12924;3.23;0.20;377.66;22.68;1522;48;4442.00;340
11068;43;622553651;11068;698;12585;12925;3.18;0.20;377.63;22.68;1517;48;4443.00;340
11071;43;622553667;11071;697;12588;12929;3.11;0.19;377.59;22.68;1517;48;4444.00;341
11072;43;622553682;11072;697;12589;12929;3.09;0.19;377.57;22.68;1517;48;4445.00;340
11080;43;622553698;11080;704;12590;12932;3.03;0.19;377.52;22.67;1510;48;4446.00;342
11081;43;622553713;11081;712;12591;12932;3.04;0.19;377.51;22.77;1510;48;4447.00;341
11084;43;622553728;11084;702;12592;12932;3.04;0.19;377.60;22.77;1508;48;4448.00;340
11086;43;622553743;11086;707;12592;12932;3.01;0.19;377.59;22.77;1506;48;4449.00;340
11090;43;622553758;11090;705;12595;12936;3.03;0.19;377.56;22.76;1505;48;4450.00;341
11093;43;622553774;11093;710;12596;12936;3.04;0.19;377.59;22.77;1503;48;4451.00;340
11100;43;622553789;11100;696;12596;12936;3.03;0.19;377.45;22.77;1496;48;4452.00;340
11105;43;622553804;11105;693;12596;12936;3.03;0.19;377.48;22.77;1491;48;4453.00;340
11109;43;622553819;11109;697;12598;12937;3.00;0.18;377.45;22.77;1489;48;4454.00;339
11111;43;622553834;11111;698;12599;12939;3.00;0.18;377.40;22.76;1488;48;4455.00;340
11113;43;622553849;11113;695;12601;12939;2.99;0.18;377.37;22.77;1488;48;4456.00;338
11116;43;622553864;11116;701;12602;12940;2.95;0.18;377.41;22.76;1486;48;4457.00;338
11118;43;622553879;11118;691;12602;12940;2.93;0.18;377.41;22.76;1484;48;4458.00;338
11121;43;622553893;11121;692;12604;12940;2.89;0.18;377.41;22.76;1483;48;4459.00;336
11122;43;622553908;11122;700;12605;12940;2.85;0.18;377.41;22.76;1483;48;4460.00;335
11125;43;622553922;11125;699;12606;12940;2.80;0.17;377.41;22.86;1481;48;4461.00;334
11127;43;622553936;11127;699;12607;12940;2.77;0.17;377.46;22.86;1480;48;4462.00;333
11130;43;622553950;11130;704;12608;12940;2.71;0.17;377.44;22.86;1478;48;4463.00;332
11131;43;622553965;11131;718;12674;13067;3.09;0.19;377.44;22.74;1543;48;4464.00;393
11131;43;622554002;11131;720;12677;13068;3.09;0.19;377.44;22.73;1546;48;4465.00;391
11133;43;622554024;11133;725;12684;13068;3.13;0.20;377.42;22.72;1551;48;4466.00;384
11133;43;622554046;11133;717;12686;13068;3.15;0.20;377.42;22.72;1553;48;4467.00;382
11134;43;622554068;11134;711;12691;13068;3.15;0.20;377.39;22.71;1557;48;4468.00;377
11135;43;622554088;11135;712;12693;13068;3.17;0.20;377.36;22.71;1558;48;4469.00;375
11135;43;622554107;11135;708;12695;13068;3.21;0.20;377.36;22.71;1560;48;4470.00;373
11137;43;622554134;11137;712;12699;13068;3.23;0.20;377.38;22.70;1562;48;4471.00;369
11138;43;622554160;11138;710;12701;13069;3.21;0.20;377.36;22.70;1563;48;4472.00;368
11140;43;622554178;11140;714;12703;13070;3.19;0.20;377.32;22.70;1563;48;4473.00;367
11140;43;622554195;11140;715;12707;13070;3.18;0.20;377.32;22.69;1567;48;4474.00;363
11143;43;622554212;11143;708;12709;13071;3.17;0.20;377.27;22.69;1566;48;4475.00;362
11144;43;622554229;11144;685;12710;13071;3.20;0.20;377.27;22.69;1566;48;4476.00;361
11146;43;622554254;11146;678;12714;13071;3.29;0.20;377.25;22.69;1568;48;4477.00;357
11150;43;622554272;11150;666;12715;13071;3.36;0.21;377.29;22.69;1565;48;4478.00;356
11151;43;622554290;11151;649;12718;13075;3.52;0.22;377.29;22.68;1567;48;4479.00;357
11152;43;622554311;11152;633;12722;13075;3.68;0.23;377.37;22.68;1570;48;4480.00;353
11152;43;622554330;11152;621;12723;13075;3.82;0.23;377.37;22.68;1571;48;4481.00;352
11153;43;622554357;11153;617;12725;13078;3.98;0.24;377.37;22.68;1572;48;4482.00;353
11153;43;622554377;11153;615;12726;13078;4.06;0.25;377.37;22.68;1573;48;4483.00;352
11153;43;622554406;11153;615;12727;13078;4.11;0.25;377.37;22.67;1574;48;4484.00;351
11155;43;622554424;11155;615;12730;13082;4.17;0.25;377.42;22.67;1575;48;4485.00;352
11157;44;622554444;11157;622;12731;13083;4.20;0.26;377.37;22.67;1574;49;4486.00;352
11158;44;622554482;11158;619;12733;13083;4.20;0.26;377.40;22.67;1575;49;4487.00;350
11159;44;622554501;11159;614;12735;13087;4.24;0.26;377.37;22.66;1576;49;4488.00;352
11161;44;622554520;11161;613;12735;13087;4.27;0.26;377.39;22.66;1574;49;4489.00;352
11162;44;622554537;11162;607;12738;13087;4.27;0.26;377.41;22.76;1576;49;4490.00;349
11163;44;622554555;11163;611;12738;13088;4.27;0.26;377.40;22.76;1575;49;4491.00;350
11167;44;622554573;11167;610;12740;13088;4.32;0.26;377.43;22.76;1573;49;4492.00;348
11167;44;622554598;11167;612;12744;13094;4.34;0.26;377.43;22.75;1577;49;4493.00;350
11169;44;622554615;11169;618;12745;13094;4.34;0.26;377.40;22.75;1576;49;4494.00;349
11173;44;622554634;11173;617;12746;13095;4.35;0.26;377.39;22.75;1573;49;4495.00;349
11174;44;622554652;11174;608;12746;13095;4.37;0.26;377.37;22.75;1572;49;4496.00;349
11176;44;622554676;11176;605;12747;13095;4.39;0.27;377.48;22.75;1571;49;4497.00;348
11178;44;622554693;11178;603;12747;13095;4.42;0.27;377.52;22.75;1569;49;4498.00;348
11181;44;622554711;11181;601;12747;13095;4.44;0.27;377.49;22.75;1566;49;4499.00;348
11181;44;622554734;11181;604;12767;13145;4.49;0.27;377.49;22.71;1586;49;4500.00;378
11183;44;622554761;11183;615;12768;13147;4.50;0.27;377.50;22.71;1585;49;4501.00;379
11186;44;622554788;11186;623;12771;13147;4.50;0.27;377.58;22.71;1585;49;4502.00;376
11187;44;622554806;11187;623;12771;13147;4.54;0.28;377.61;22.71;1584;49;4503.00;376
11189;44;622554824;11189;627;12773;13147;4.54;0.28;377.65;22.70;1584;49;4504.00;374
11189;44;622554843;11189;615;12773;13147;4.56;0.28;377.65;22.70;1584;49;4505.00;374
11192;44;622554866;11192;625;12775;13151;4.55;0.28;377.63;22.70;1583;49;4506.00;376
11194;44;622554890;11194;633;12775;13151;4.56;0.28;377.71;22.70;1581;49;4507.00;376
11194;44;622554914;11194;636;12778;13155;4.56;0.28;377.71;22.70;1584;49;4508.00;377
11198;44;622554933;11198;639;12779;13156;4.55;0.28;377.76;22.69;1581;49;4509.00;377
11200;44;622554951;11200;639;12779;13156;4.56;0.28;377.74;22.69;1579;49;4510.00;377
11201;44;622554972;11201;633;12779;13156;4.58;0.28;377.75;22.69;1578;49;4511.00;377
11204;44;622554991;11204;632;12789;13169;4.63;0.28;377.75;22.68;1585;49;4512.00;380
11204;44;622555011;11204;628;12789;13169;4.71;0.29;377.75;22.68;1585;49;4513.00;380
11207;44;622555030;11207;622;12790;13169;4.72;0.29;377.78;22.68;1583;49;4514.00;379
11214;44;622555048;11214;618;12791;13170;4.72;0.29;377.89;22.67;1577;49;4515.00;379
11218;44;622555067;11218;625;12792;13171;4.71;0.29;378.04;22.67;1574;49;4516.00;379
11221;44;622555085;11221;621;12792;13171;4.74;0.29;378.10;22.67;1571;49;4517.00;379
11225;44;622555102;11225;608;12794;13174;4.74;0.29;378.22;22.67;1569;49;4518.00;380
11232;44;622555120;11232;612;12794;13174;4.77;0.29;378.36;22.67;1562;49;4519.00;380
11233;44;622555139;11233;604;12795;13174;4.80;0.29;378.37;22.67;1562;49;4520.00;379
11234;44;622555157;11234;591;12795;13174;4.80;0.29;378.37;22.67;1561;49;4521.00;379
11239;44;622555179;11239;591;12798;13180;4.80;0.29;378.56;22.67;1559;49;4522.00;382
11240;44;622555197;11240;589;12799;13180;4.81;0.29;378.55;22.67;1559;49;4523.00;381
11244;44;622555214;11244;581;12800;13180;4.74;0.29;378.54;22.67;1556;49;4524.00;380
11248;44;622555237;11248;578;12800;13180;4.68;0.28;378.49;22.67;1552;49;4525.00;380
11252;44;622555255;11252;582;12804;13184;4.61;0.28;378.50;22.74;1552;49;4526.00;380
11257;44;622555276;11257;587;12804;13185;4.59;0.28;378.49;22.74;1547;49;4527.00;381
11259;44;622555294;11259;591;12804;13185;4.57;0.28;378.48;22.74;1545;49;4528.00;381
11261;44;622555311;11261;596;12806;13186;4.57;0.28;378.50;22.74;1545;49;4529.00;380
11263;44;622555329;11263;602;12807;13186;4.57;0.28;378.49;22.74;1544;49;4530.00;379
11268;44;622555347;11268;610;12807;13186;4.55;0.28;378.66;22.74;1539;49;4531.00;379
11271;44;622555364;11271;613;12808;13186;4.53;0.28;378.66;22.74;1537;49;4532.00;378
11275;44;622555381;11275;610;12808;13186;4.54;0.28;378.69;22.74;1533;49;4533.00;378
11276;44;622555398;11276;617;12808;13186;4.55;0.28;378.69;22.74;1532;49;4534.00;378
11278;44;622555414;11278;636;12809;13186;4.52;0.28;378.78;22.74;1531;49;4535.00;377
11282;44;622555431;11282;638;12839;13256;4.58;0.28;378.76;22.69;1557;49;4536.00;417
11283;44;622555453;11283;645;12843;13257;4.55;0.28;378.73;22.68;1560;49;4537.00;414
11285;44;622555471;11285;636;12846;13257;4.57;0.28;378.71;22.68;1561;49;4538.00;411
11285;44;622555488;11285;634;12851;13257;4.59;0.28;378.71;22.67;1566;49;4539.00;406
11290;44;622555504;11290;643;12854;13257;4.56;0.28;378.84;22.67;1564;49;4540.00;403
11292;44;622555521;11292;636;12858;13257;4.54;0.28;378.83;22.66;1566;49;4541.00;399
11294;44;622555538;11294;634;12860;13257;4.50;0.28;378.87;22.66;1566;49;4542.00;397
11296;44;622555555;11296;628;12865;13257;4.49;0.27;379.03;22.66;1569;49;4543.00;392
11299;44;622555577;11299;625;12867;13258;4.51;0.28;378.97;22.66;1568;49;4544.00;391
11302;44;622555594;11302;629;12868;13260;4.49;0.28;379.16;22.66;1566;49;4545.00;392
11305;44;622555611;11305;628;12869;13260;4.52;0.28;379.29;22.65;1564;49;4546.00;391
11307;44;622555628;11307;630;12870;13264;4.52;0.28;379.30;22.65;1563;49;4547.00;394
11312;44;622555645;11312;635;12870;13264;4.52;0.28;379.45;22.65;1558;49;4548.00;394
11316;44;622555662;11316;638;12870;13264;4.51;0.28;379.54;22.65;1554;49;4549.00;394
11317;44;622555678;11317;636;12870;13264;4.52;0.28;379.57;22.65;1553;49;4550.00;394
11321;44;622555695;11321;640;12874;13270;4.51;0.28;379.65;22.65;1553;49;4551.00;396
11324;44;622555719;11324;648;12874;13270;4.49;0.27;379.63;22.65;1550;49;4552.00;396
11326;44;622555736;11326;654;12874;13270;4.50;0.27;379.66;22.65;1548;49;4553.00;396
11330;44;622555751;11330;661;12875;13273;4.52;0.28;379.77;22.64;1545;49;4554.00;398
11330;44;622555768;11330;659;12875;13273;4.54;0.28;379.77;22.64;1545;49;4555.00;398
11334;44;622555785;11334;673;12875;13273;4.53;0.28;379.87;22.64;1541;49;4556.00;398
11336;44;622555801;11336;667;12875;13274;4.54;0.28;379.91;22.64;1539;49;4557.00;399
11336;45;622555817;11336;663;12876;13275;4.55;0.28;379.91;22.64;1540;50;4558.00;399
11339;45;622555846;11339;673;12876;13275;4.55;0.28;379.94;22.64;1537;50;4559.00;399
11342;45;622555864;11342;681;12892;13301;4.56;0.28;380.01;22.61;1550;50;4560.00;409
11346;45;622555882;11346;676;12892;13301;4.55;0.28;380.00;22.61;1546;50;4561.00;409
11350;45;622555898;11350;675;12894;13301;4.54;0.28;380.31;22.61;1544;50;4562.00;407
11354;45;622555915;11354;681;12895;13302;4.51;0.27;380.33;22.61;1541;50;4563.00;407
11357;45;622555931;11357;681;12895;13302;4.47;0.27;380.39;22.61;1538;50;4564.00;407
11361;45;622555947;11361;687;12898;13306;4.43;0.27;380.53;22.60;1537;50;4565.00;408
11365;45;622555963;11365;687;12898;13306;4.36;0.26;380.53;22.60;1533;50;4566.00;408
11365;45;622555997;11365;692;12899;13310;4.26;0.26;380.53;22.60;1534;50;4567.00;411
11366;45;622556021;11366;697;12899;13310;4.17;0.25;380.64;22.60;1533;50;4568.00;411
11369;45;622556044;11369;696;12899;13310;4.08;0.25;380.81;22.60;1530;50;4569.00;411
11372;46;622556068;11372;696;12899;13310;3.99;0.24;380.88;22.60;1527;51;4570.00;411
11375;46;622556115;11375;696;12899;13310;3.95;0.24;380.92;22.60;1524;51;4571.00;411
11375;46;622556132;11375;698;12907;13322;3.97;0.24;380.92;22.59;1532;51;4572.00;415
11376;46;622556150;11376;696;12907;13322;3.94;0.24;380.93;22.59;1531;51;4573.00;415
11376;46;622556166;11376;697;12908;13322;3.94;0.24;380.93;22.59;1532;51;4574.00;414
11378;46;622556182;11378;694;12908;13322;3.92;0.24;380.92;22.59;1530;51;4575.00;414
11382;46;622556199;11382;698;12908;13322;3.90;0.24;381.08;22.59;1526;51;4576.00;414
11382;46;622556215;11382;691;12908;13322;3.91;0.24;381.08;22.59;1526;51;4577.00;414
11385;46;622556231;11385;694;12908;13323;3.88;0.24;381.20;22.59;1523;51;4578.00;415
11389;46;622556249;11389;693;12908;13323;3.85;0.24;381.33;22.59;1519;51;4579.00;415
11390;46;622556265;11390;689;12912;13329;3.90;0.24;381.36;22.58;1522;51;4580.00;417
11393;46;622556281;11393;699;12912;13330;3.88;0.24;381.43;22.58;1519;51;4581.00;418
11397;46;622556296;11397;700;12912;13330;3.83;0.23;381.44;22.58;1515;51;4582.00;418
11399;46;622556311;11399;707;12912;13330;3.77;0.23;381.41;22.58;1513;51;4583.00;418
11403;46;622556327;11403;702;12915;13334;3.74;0.23;381.51;22.58;1512;51;4584.00;419
11406;46;622556343;11406;712;12915;13334;3.64;0.22;381.43;22.58;1509;51;4585.00;419
11409;46;622556357;11409;711;12915;13334;3.60;0.22;381.56;22.58;1506;51;4586.00;419
11417;46;622556373;11417;712;12916;13335;3.52;0.21;381.62;22.57;1499;51;4587.00;419
11422;46;622556388;11422;722;12917;13339;3.43;0.21;381.65;22.57;1495;51;4588.00;422
11424;46;622556403;11424;724;12917;13339;3.35;0.21;381.70;22.57;1493;51;4589.00;422
11428;46;622556419;11428;717;12920;13345;3.26;0.20;381.78;22.57;1492;51;4590.00;425
11432;46;622556435;11432;727;12920;13345;3.18;0.19;381.82;22.57;1488;51;4591.00;425
11436;46;622556450;11436;719;12920;13345;3.11;0.19;381.78;22.57;1484;51;4592.00;425
11441;46;622556465;11441;719;12920;13345;3.08;0.19;381.93;22.57;1479;51;4593.00;425
11443;46;622556480;11443;726;12923;13349;3.10;0.19;381.90;22.56;1480;51;4594.00;426
11445;46;622556495;11445;719;12923;13349;3.11;0.19;381.88;22.56;1478;51;4595.00;426
11448;46;622556510;11448;725;12923;13349;3.13;0.19;381.84;22.56;1475;51;4596.00;426
11453;46;622556525;11453;718;12923;13349;3.13;0.19;381.78;22.56;1470;51;4597.00;426
11456;46;622556540;11456;715;12923;13350;3.13;0.19;381.71;22.56;1467;51;4598.00;427
11457;46;622556554;11457;709;12923;13351;3.13;0.19;381.70;22.56;1466;51;4599.00;428
11461;46;622556569;11461;708;12923;13351;3.11;0.19;381.65;22.56;1462;51;4600.00;428
11463;46;622556589;11463;705;12924;13352;3.12;0.19;381.63;22.56;1461;51;4601.00;428
11467;46;622556604;11467;705;12924;13352;3.08;0.19;381.63;22.56;1457;51;4602.00;428
11471;46;622556620;11471;704;12924;13352;3.08;0.19;381.58;22.56;1453;51;4603.00;428
11474;46;622556634;11474;694;12924;13352;3.06;0.19;381.52;22.56;1450;51;4604.00;428
11476;46;622556650;11476;691;12924;13352;3.05;0.19;381.54;22.56;1448;51;4605.00;428
11478;46;622556665;11478;693;12924;13352;3.08;0.19;381.49;22.56;1446;51;4606.00;428
11480;46;622556679;11480;695;12924;13352;3.10;0.19;381.50;22.56;1444;51;4607.00;428
11482;46;622556694;11482;701;12979;13479;3.50;0.22;381.49;22.47;1497;51;4608.00;500
11486;46;622556719;11486;703;12982;13480;3.47;0.22;381.44;22.46;1496;51;4609.00;498
11491;46;622556735;11491;705;12989;13480;3.47;0.22;381.38;22.45;1498;51;4610.00;491
11496;46;622556751;11496;694;12992;13480;3.40;0.21;381.31;22.44;1496;51;4611.00;488
11502;46;622556767;11502;700;12997;13480;3.34;0.21;381.42;22.44;1495;51;4612.00;483
11506;46;622556782;11506;698;13002;13480;3.31;0.21;381.40;22.43;1496;51;4613.00;478
11508;46;622556798;11508;692;13004;13480;3.28;0.20;381.38;22.43;1496;51;4614.00;476
11510;46;622556814;11510;691;13005;13480;3.26;0.20;381.35;22.43;1495;51;4615.00;475
11514;46;622556831;11514;688;13007;13481;3.22;0.20;381.31;22.42;1493;51;4616.00;474
11516;46;622556847;11516;691;13008;13482;3.21;0.20;381.30;22.42;1492;51;4617.00;474
11520;46;622556864;11520;693;13009;13482;3.17;0.20;381.31;22.42;1489;51;4618.00;473
11523;46;622556880;11523;690;13010;13483;3.17;0.20;381.33;22.42;1487;51;4619.00;473
11525;46;622556902;11525;699;13011;13483;3.16;0.20;381.36;22.42;1486;51;4620.00;472
11528;46;622556918;11528;708;13014;13483;3.15;0.19;381.37;22.42;1486;51;4621.00;469
11531;46;622556935;11531;708;13015;13483;3.14;0.19;381.37;22.42;1484;51;4622.00;468
11534;46;622556951;11534;709;13017;13487;3.15;0.19;381.33;22.42;1483;51;4623.00;470
11536;46;622556972;11536;719;13019;13487;3.12;0.19;381.36;22.43;1483;51;4624.00;468
11538;46;622556989;11538;722;13020;13487;3.08;0.19;381.39;22.43;1482;51;4625.00;467
11541;46;622557005;11541;720;13023;13490;3.04;0.19;381.43;22.44;1482;51;4626.00;467
11542;46;622557021;11542;714;13023;13490;3.06;0.19;381.41;22.44;1481;51;4627.00;467
11544;46;622557036;11544;704;13023;13490;3.07;0.19;381.43;22.44;1479;51;4628.00;467
11546;46;622557051;11546;695;13025;13494;3.08;0.19;381.39;22.44;1479;51;4629.00;469
11548;46;622557067;11548;697;13028;13495;3.12;0.19;381.33;22.45;1480;51;4630.00;467
11550;46;622557082;11550;691;13029;13495;3.16;0.19;381.31;22.46;1479;51;4631.00;466
11552;46;622557098;11552;690;13032;13499;3.18;0.20;381.29;22.45;1480;51;4632.00;467
11554;47;622557114;11554;681;13034;13499;3.21;0.20;381.31;22.47;1480;52;4633.00;465
11557;47;622557138;11557;680;13034;13499;3.22;0.20;381.35;22.47;1477;52;4634.00;465
11559;47;622557153;11559;673;13034;13501;3.23;0.20;381.35;22.47;1475;52;4635.00;467
11560;47;622557173;11560;676;13035;13501;3.28;0.20;381.33;22.47;1475;52;4636.00;466
11565;47;622557188;11565;658;13040;13507;3.28;0.20;381.34;22.47;1475;52;4637.00;467
11569;47;622557209;11569;654;13041;13507;3.26;0.20;381.28;22.48;1472;52;4638.00;466
11569;47;622557225;11569;639;13042;13508;3.30;0.20;381.28;22.48;1473;52;4639.00;466
11573;47;622557240;11573;631;13043;13508;3.32;0.20;381.31;22.49;1470;52;4640.00;465
11579;48;622557256;11579;636;13043;13508;3.34;0.20;381.37;22.49;1464;53;4641.00;465
11580;48;622557278;11580;626;13046;13508;3.43;0.21;381.45;22.60;1466;53;4642.00;462
11582;48;622557294;11582;628;13046;13508;3.48;0.21;381.43;22.60;1464;53;4643.00;462
11584;48;622557318;11584;629;13055;13520;3.57;0.22;381.48;22.59;1471;53;4644.00;465
11586;48;622557340;11586;628;13055;13520;3.62;0.22;381.56;22.59;1469;53;4645.00;465
11587;48;622557355;11587;618;13056;13520;3.66;0.22;381.56;22.59;1469;53;4646.00;464
11589;48;622557371;11589;600;13056;13520;3.71;0.23;381.53;22.59;1467;53;4647.00;464
11591;48;622557386;11591;585;13057;13520;3.74;0.23;381.53;22.60;1466;53;4648.00;463
11594;48;622557403;11594;574;13057;13520;3.74;0.23;381.62;22.60;1463;53;4649.00;463
11595;48;622557421;11595;574;13059;13526;3.82;0.23;381.64;22.59;1464;53;4650.00;467
11599;48;622557437;11599;569;13060;13526;3.82;0.23;381.74;22.59;1461;53;4651.00;466
11599;48;622557454;11599;567;13064;13530;3.86;0.24;381.74;22.60;1465;53;4652.00;466
11602;48;622557471;11602;564;13064;13531;3.89;0.24;381.84;22.60;1462;53;4653.00;467
11604;48;622557487;11604;563;13065;13531;3.88;0.24;381.90;22.60;1461;53;4654.00;466
11605;48;622557503;11605;565;13066;13531;3.90;0.24;381.95;22.61;1461;53;4655.00;465
11606;48;622557520;11606;565;13076;13544;3.98;0.24;381.93;22.59;1470;54;4656.00;468
11610;48;622557545;11610;569;13076;13544;4.00;0.24;382.03;22.59;1466;54;4657.00;468
11611;48;622557562;11611;564;13076;13544;4.04;0.25;382.02;22.59;1465;54;4658.00;468
11616;48;622557578;11616;557;13079;13545;4.07;0.25;382.17;22.70;1463;54;4659.00;466
11618;48;622557595;11618;557;13079;13546;4.13;0.25;382.24;22.70;1461;54;4660.00;467
11618;48;622557611;11618;554;13079;13546;4.21;0.26;382.24;22.70;1461;54;4661.00;467
11620;48;622557627;11620;548;13080;13549;4.29;0.26;382.34;22.70;1460;54;4662.00;469
11623;48;622557644;11623;549;13080;13549;4.31;0.26;382.53;22.70;1457;54;4663.00;469
11625;48;622557660;11625;537;13080;13549;4.39;0.27;382.63;22.70;1455;54;4664.00;469
11630;48;622557676;11630;539;13080;13549;4.42;0.27;382.71;22.70;1450;54;4665.00;469
11631;48;622557692;11631;545;13085;13555;4.49;0.27;382.76;22.80;1454;54;4666.00;470
11635;48;622557708;11635;546;13085;13555;4.51;0.27;382.81;22.80;1450;54;4667.00;470
11636;48;622557725;11636;547;13085;13555;4.53;0.28;382.87;22.80;1449;54;4668.00;470
11639;48;622557741;11639;542;13085;13555;4.54;0.28;382.82;22.80;1446;54;4669.00;470
11643;48;622557757;11643;542;13086;13559;4.53;0.27;383.00;22.80;1443;54;4670.00;473
11649;48;622557774;11649;542;13086;13560;4.53;0.27;383.23;22.80;1437;54;4671.00;474
11651;48;622557790;11651;540;13087;13560;4.53;0.27;383.34;22.80;1436;54;4672.00;473
11653;48;622557806;11653;544;13088;13561;4.54;0.27;383.42;22.80;1435;54;4673.00;473
11654;48;622557822;11654;550;13088;13561;4.53;0.27;383.51;22.80;1434;54;4674.00;473
11655;48;622557838;11655;549;13088;13561;4.54;0.27;383.51;22.80;1433;54;4675.00;473
11657;48;622557854;11657;547;13088;13561;4.55;0.28;383.66;22.80;1431;54;4676.00;473
11659;48;622557870;11659;542;13088;13561;4.58;0.28;383.82;22.80;1429;54;4677.00;473
11661;48;622557886;11661;538;13088;13561;4.62;0.28;383.94;22.80;1427;54;4678.00;473
11665;48;622557902;11665;536;13088;13561;4.66;0.28;384.14;22.80;1423;54;4679.00;473
11669;48;622557920;11669;552;13143;13686;4.70;0.29;384.07;22.70;1474;54;4680.00;543
11670;48;622557946;11670;536;13144;13687;4.78;0.29;384.13;22.70;1474;54;4681.00;543
11672;48;622557962;11672;519;13148;13687;4.86;0.30;384.10;22.70;1476;54;4682.00;539
11677;48;622557984;11677;522;13149;13687;4.87;0.30;384.40;22.71;1472;54;4683.00;538
11680;48;622558019;11680;513;13150;13687;4.91;0.30;384.49;22.71;1470;54;4684.00;537
11684;48;622558047;11684;510;13152;13687;4.92;0.30;384.67;22.70;1468;54;4685.00;535
11690;48;622558072;11690;513;13156;13687;4.90;0.30;384.80;22.96;1466;55;4686.00;531
11693;48;622558105;11693;511;13160;13687;4.96;0.30;384.87;22.96;1467;55;4687.00;527
11699;48;622558124;11699;512;13161;13688;4.95;0.30;385.04;22.96;1462;55;4688.00;527
11701;48;622558144;11701;513;13163;13689;4.99;0.30;385.07;22.95;1462;55;4689.00;526
11703;48;622558163;11703;511;13165;13689;5.03;0.31;385.09;22.95;1462;55;4690.00;524
11704;48;622558182;11704;512;13169;13693;5.04;0.31;385.12;22.95;1465;55;4691.00;524
11709;48;622558200;11709;504;13172;13693;5.04;0.31;385.25;23.08;1463;55;4692.00;521
11711;48;622558217;11711;507;13172;13693;5.00;0.30;385.28;23.08;1461;55;4693.00;521
11714;48;622558235;11714;508;13172;13693;5.00;0.30;385.33;23.08;1458;55;4694.00;521
11718;48;622558253;11718;510;13174;13699;4.99;0.30;385.45;23.07;1456;55;4695.00;525
11722;48;622558273;11722;515;13174;13699;4.95;0.30;385.50;23.07;1452;55;4696.00;525
11727;48;622558291;11727;512;13174;13699;4.93;0.30;385.61;23.07;1447;55;4697.00;525
11729;48;622558309;11729;514;13175;13702;4.97;0.30;385.61;23.07;1446;55;4698.00;527
11734;48;622558326;11734;514;13175;13702;4.94;0.30;385.79;23.07;1441;55;4699.00;527
11738;48;622558344;11738;511;13175;13702;4.91;0.30;385.78;23.07;1437;55;4700.00;527
11740;48;622558365;11740;504;13175;13703;4.88;0.30;385.74;23.07;1435;55;4701.00;528
11744;48;622558382;11744;500;13176;13704;4.86;0.29;385.84;23.07;1432;55;4702.00;528
11747;48;622558402;11747;495;13177;13704;4.83;0.29;385.86;23.08;1430;55;4703.00;527
11751;48;622558420;11751;498;13186;13717;4.82;0.29;385.92;23.06;1435;55;4704.00;531
11752;48;622558438;11752;500;13187;13717;4.79;0.29;385.92;23.06;1435;55;4705.00;530
11753;48;622558456;11753;505;13187;13717;4.74;0.29;385.91;23.06;1434;55;4706.00;530
11756;48;622558473;11756;510;13189;13718;4.68;0.28;385.87;23.06;1433;55;4707.00;529
11759;48;622558490;11759;519;13189;13718;4.64;0.28;385.82;23.06;1430;55;4708.00;529
11762;48;622558508;11762;525;13190;13722;4.61;0.28;385.85;23.06;1428;55;4709.00;532
11766;48;622558527;11766;522;13191;13722;4.54;0.27;385.90;23.06;1425;55;4710.00;531
11768;48;622558545;11768;530;13193;13726;4.51;0.27;385.93;23.06;1425;55;4711.00;533
11773;48;622558562;11773;535;13193;13726;4.49;0.27;386.00;23.06;1420;55;4712.00;533
11773;49;622558579;11773;540;13195;13726;4.48;0.27;386.00;23.06;1422;56;4713.00;531
11776;49;622558608;11776;542;13195;13726;4.49;0.27;386.08;23.06;1419;56;4714.00;531
11777;49;622558625;11777;547;13195;13726;4.51;0.27;386.05;23.06;1418;56;4715.00;531
11778;49;622558643;11778;549;13204;13738;4.54;0.28;386.12;23.05;1426;56;4716.00;534
11780;49;622558667;11780;555;13204;13738;4.50;0.27;386.25;23.05;1424;56;4717.00;534
11781;49;622558689;11781;563;13205;13738;4.47;0.27;386.29;23.05;1424;56;4718.00;533
11781;49;622558705;11781;569;13205;13738;4.44;0.27;386.29;23.05;1424;56;4719.00;533
11784;49;622558722;11784;576;13205;13738;4.39;0.27;386.39;23.05;1421;56;4720.00;533
11786;49;622558738;11786;583;13205;13738;4.38;0.27;386.54;23.05;1419;56;4721.00;533
11786;49;622558759;11786;598;13205;13739;4.36;0.27;386.54;23.05;1419;56;4722.00;534
11789;49;622558775;11789;602;13205;13739;4.31;0.26;386.55;23.05;1416;56;4723.00;534
11793;49;622558791;11793;602;13208;13745;4.28;0.26;386.59;23.04;1415;56;4724.00;537
11795;49;622558807;11795;607;13208;13747;4.24;0.26;386.61;23.04;1413;56;4725.00;539
11797;49;622558823;11797;601;13208;13747;4.21;0.26;386.60;23.04;1411;56;4726.00;539
11801;49;622558841;11801;612;13208;13747;4.15;0.25;386.78;23.04;1407;56;4727.00;539
11804;49;622558860;11804;615;13211;13751;4.15;0.25;386.81;23.04;1407;56;4728.00;540
11806;49;622558879;11806;617;13211;13751;4.13;0.25;386.86;23.04;1405;56;4729.00;540
11809;49;622558895;11809;618;13211;13751;4.09;0.25;386.92;23.04;1402;56;4730.00;540
11810;49;622558917;11810;622;13212;13752;4.09;0.25;387.01;23.04;1402;56;4731.00;540
11811;49;622558933;11811;625;13216;13756;4.11;0.25;386.99;23.08;1405;57;4732.00;540
11814;49;622558957;11814;621;13216;13756;4.12;0.25;387.04;23.08;1402;57;4733.00;540
11817;49;622558975;11817;629;13217;13759;4.12;0.25;387.14;23.08;1400;57;4734.00;542
11817;49;622558993;11817;620;13217;13759;4.09;0.25;387.14;23.08;1400;57;4735.00;542
11820;49;622559007;11820;622;13217;13759;4.04;0.25;387.26;23.08;1397;57;4736.00;542
11824;49;622559022;11824;625;13217;13759;3.98;0.24;387.25;23.08;1393;57;4737.00;542
11825;49;622559037;11825;634;13219;13763;3.96;0.24;387.36;23.08;1394;57;4738.00;544
11827;49;622559052;11827;624;13219;13763;3.95;0.24;387.38;23.08;1392;57;4739.00;544
11828;49;622559067;11828;628;13219;13763;3.92;0.24;387.42;23.08;1391;57;4740.00;544
11831;49;622559081;11831;626;13219;13763;3.86;0.24;387.54;23.08;1388;57;4741.00;544
11834;49;622559095;11834;621;13219;13764;3.84;0.24;387.56;23.08;1385;57;4742.00;545
11839;49;622559110;11839;618;13219;13765;3.84;0.23;387.80;23.08;1380;57;4743.00;546
11841;49;622559124;11841;621;13219;13765;3.84;0.23;387.82;23.08;1378;57;4744.00;546
11842;49;622559138;11842;622;13220;13766;3.84;0.23;387.86;23.08;1378;57;4745.00;546
11843;49;622559151;11843;624;13220;13766;3.85;0.24;387.90;23.08;1377;57;4746.00;546
11845;49;622559165;11845;617;13220;13766;3.85;0.24;388.00;23.08;1375;57;4747.00;546
11846;49;622559178;11846;621;13220;13766;3.87;0.24;387.97;23.08;1374;57;4748.00;546
11849;49;622559191;11849;623;13220;13766;3.89;0.24;388.00;23.08;1371;57;4749.00;546
11850;49;622559204;11850;616;13220;13766;3.92;0.24;388.00;23.08;1370;57;4750.00;546
11855;49;622559217;11855;617;13220;13766;3.88;0.24;388.05;23.08;1365;57;4751.00;546
11860;49;622559230;11860;635;13275;13893;4.15;0.26;388.23;22.98;1415;57;4752.00;618
11862;49;622559256;11862;630;13279;13894;4.10;0.26;388.28;22.97;1417;57;4753.00;615
11865;49;622559270;11865;621;13286;13894;4.12;0.26;388.26;22.96;1421;58;4754.00;608
11871;49;622559293;11871;624;13287;13894;4.05;0.25;388.29;22.98;1416;58;4755.00;607
11878;49;622559307;11878;626;13290;13894;3.99;0.25;388.26;22.98;1412;58;4756.00;604
11882;49;622559320;11882;618;13291;13894;3.94;0.25;388.32;22.97;1409;58;4757.00;603
11885;49;622559334;11885;619;13293;13894;3.88;0.24;388.32;22.97;1408;58;4758.00;601
11889;49;622559347;11889;618;13294;13894;3.79;0.23;388.32;22.97;1405;58;4759.00;600
11890;49;622559366;11890;604;13294;13895;3.74;0.23;388.29;22.97;1404;58;4760.00;601
11893;49;622559385;11893;600;13296;13896;3.73;0.23;388.29;22.97;1403;58;4761.00;600
11895;49;622559398;11895;598;13297;13896;3.67;0.23;388.28;22.97;1402;58;4762.00;599
11897;49;622559414;11897;600;13299;13897;3.68;0.23;388.25;22.97;1402;58;4763.00;598
11900;49;622559427;11900;598;13299;13897;3.65;0.22;388.21;22.97;1399;58;4764.00;598
11902;49;622559441;11902;608;13300;13897;3.63;0.22;388.26;22.97;1398;58;4765.00;597
11907;49;622559455;11907;598;13302;13897;3.60;0.22;388.23;22.98;1395;58;4766.00;595
11909;49;622559469;11909;590;13303;13901;3.60;0.22;388.25;22.98;1394;58;4767.00;598
11912;49;622559483;11912;589;13305;13901;3.61;0.22;388.35;22.98;1393;58;4768.00;596
11915;49;622559497;11915;581;13307;13901;3.61;0.22;388.32;23.00;1392;58;4769.00;594
11917;49;622559513;11917;579;13309;13907;3.61;0.22;388.30;23.00;1392;58;4770.00;598
11918;49;622559527;11918;575;13311;13907;3.67;0.23;388.34;23.00;1393;58;4771.00;596
11922;49;622559541;11922;573;13315;13907;3.65;0.22;388.40;23.12;1393;58;4772.00;592
11925;49;622559557;11925;572;13317;13911;3.74;0.23;388.38;23.11;1392;58;4773.00;594
11926;49;622559571;11926;574;13318;13912;3.79;0.23;388.41;23.11;1392;58;4774.00;594
11932;49;622559585;11932;570;13320;13912;3.79;0.23;388.32;23.11;1388;58;4775.00;592
11934;49;622559600;11934;577;13323;13916;3.83;0.23;388.28;23.11;1389;58;4776.00;593
11935;49;622559619;11935;577;13326;13916;3.84;0.24;388.29;23.11;1391;58;4777.00;590
11939;49;622559636;11939;568;13326;13916;3.78;0.23;388.23;23.11;1387;58;4778.00;590
11941;49;622559651;11941;549;13327;13917;3.82;0.23;388.21;23.11;1386;58;4779.00;590
11947;49;622559671;11947;532;13327;13917;3.81;0.23;388.12;23.11;1380;58;4780.00;590
11950;49;622559687;11950;517;13331;13923;3.84;0.23;388.07;23.11;1381;58;4781.00;592
11953;49;622559702;11953;510;13331;13923;3.84;0.23;388.09;23.11;1378;58;4782.00;592
11956;49;622559717;11956;502;13333;13924;3.85;0.23;388.05;23.12;1377;58;4783.00;591
11959;49;622559732;11959;492;13333;13924;3.86;0.23;388.05;23.12;1374;58;4784.00;591
11963;49;622559752;11963;479;13333;13924;3.88;0.24;388.04;23.12;1370;58;4785.00;591
11967;49;622559778;11967;478;13334;13924;3.89;0.24;388.13;23.12;1367;58;4786.00;590
11968;49;622559793;11968;491;13334;13924;3.95;0.24;388.13;23.12;1366;58;4787.00;590
11970;49;622559808;11970;489;13342;13936;4.03;0.25;388.11;23.11;1372;58;4788.00;594
11975;49;622559824;11975;494;13344;13936;3.98;0.24;388.23;23.14;1369;58;4789.00;592
11976;49;622559838;11976;493;13346;13936;4.01;0.24;388.22;23.14;1370;58;4790.00;590
11979;49;622559853;11979;499;13346;13936;3.99;0.24;388.25;23.14;1367;58;4791.00;590
11981;49;622559868;11981;506;13349;13936;4.00;0.24;388.22;23.17;1368;58;4792.00;587
11982;49;622559882;11982;505;13350;13936;4.02;0.25;388.23;23.29;1368;58;4793.00;586
11985;49;622559903;11985;506;13351;13940;4.04;0.25;388.29;23.29;1366;58;4794.00;589
11986;49;622559917;11986;513;13352;13940;4.03;0.25;388.27;23.30;1366;58;4795.00;588
11989;49;622559932;11989;518;13359;13944;4.00;0.24;388.24;23.37;1370;58;4796.00;585
11993;49;622559948;11993;511;13359;13945;3.99;0.24;388.28;23.37;1366;58;4797.00;586
11994;49;622559962;11994;512;13362;13945;4.03;0.25;388.27;23.42;1368;58;4798.00;583
11997;49;622559980;11997;509;13362;13945;4.05;0.25;388.31;23.42;1365;58;4799.00;583
11998;49;622560009;11998;505;13382;13986;4.18;0.26;388.31;23.40;1384;58;4800.00;604
12003;49;622560050;12003;499;13387;13986;4.16;0.25;388.43;23.48;1384;58;4801.00;599
12005;49;622560074;12005;495;13389;13986;4.21;0.26;388.44;23.48;1384;58;4802.00;597
12009;49;622560095;12009;492;13392;13987;4.23;0.26;388.53;23.50;1383;58;4803.00;595
12015;49;622560113;12015;495;13394;13988;4.24;0.26;388.54;23.52;1379;58;4804.00;594
12020;49;622560129;12020;497;13396;13988;4.25;0.26;388.56;23.54;1376;58;4805.00;592
12024;49;622560148;12024;502;13398;13991;4.27;0.26;388.54;23.55;1374;58;4806.00;593
12024;49;622560165;12024;498;13402;13991;4.31;0.26;388.54;23.58;1378;58;4807.00;589
12027;49;622560182;12027;487;13402;13991;4.30;0.26;388.61;23.58;1375;58;4808.00;589
12031;49;622560199;12031;493;13404;13991;4.32;0.26;388.62;23.61;1373;58;4809.00;587
12035;49;622560216;12035;492;13409;13997;4.33;0.26;388.79;23.73;1374;58;4810.00;588
12037;49;622560233;12037;499;13412;13997;4.37;0.27;388.78;23.75;1375;58;4811.00;585
12041;49;622560249;12041;502;13413;13997;4.39;0.27;388.89;23.76;1372;58;4812.00;584
12043;49;622560266;12043;507;13415;13997;4.40;0.27;389.00;23.77;1372;58;4813.00;582
12045;49;622560288;12045;513;13417;14001;4.43;0.27;389.00;23.79;1372;58;4814.00;584
12049;49;622560304;12049;516;13418;14003;4.44;0.27;389.06;23.80;1369;58;4815.00;585
12055;49;622560320;12055;505;13420;14003;4.42;0.27;389.06;23.81;1365;58;4816.00;583
12056;49;622560338;12056;495;13424;14004;4.42;0.27;389.07;23.84;1368;58;4817.00;580
12060;49;622560360;12060;485;13424;14004;4.44;0.27;389.08;23.84;1364;58;4818.00;580
12062;49;622560377;12062;483;13426;14004;4.47;0.27;389.16;23.87;1364;58;4819.00;578
12063;49;622560393;12063;476;13426;14004;4.50;0.28;389.15;23.87;1363;58;4820.00;578
12068;49;622560411;12068;466;13426;14004;4.50;0.27;389.36;23.87;1358;58;4821.00;578
12069;49;622560427;12069;471;13427;14004;4.50;0.28;389.35;23.98;1358;58;4822.00;577
12072;49;622560444;12072;470;13429;14004;4.52;0.28;389.37;23.99;1357;58;4823.00;575
12072;49;622560461;12072;480;13468;14074;4.68;0.29;389.37;23.94;1396;58;4824.00;606
12076;49;622560484;12076;475;13469;14075;4.71;0.29;389.50;23.94;1393;58;4825.00;606
12078;49;622560501;12078;482;13472;14075;4.76;0.29;389.59;23.93;1394;58;4826.00;603
12082;49;622560517;12082;470;13474;14075;4.79;0.29;389.66;23.93;1392;58;4827.00;601
12086;49;622560534;12086;478;13478;14077;4.79;0.29;389.88;23.92;1392;58;4828.00;599
12088;49;622560551;12088;478;13480;14077;4.78;0.29;389.88;23.92;1392;58;4829.00;597
12092;49;622560569;12092;476;13484;14077;4.76;0.29;390.07;23.95;1392;59;4830.00;593
12094;49;622560591;12094;482;13485;14077;4.81;0.29;390.21;23.95;1391;59;4831.00;592
12097;49;622560608;12097;484;13487;14078;4.77;0.29;390.40;23.96;1390;59;4832.00;591
12100;49;622560631;12100;485;13489;14079;4.72;0.29;390.44;23.97;1389;59;4833.00;590
12100;49;622560648;12100;488;13492;14079;4.74;0.29;390.44;23.98;1392;59;4834.00;587
12101;49;622560664;12101;491;13494;14083;4.74;0.29;390.51;23.99;1393;59;4835.00;589
12101;49;622560687;12101;497;13494;14083;4.76;0.29;390.51;23.99;1393;59;4836.00;589
12102;49;622560703;12102;503;13494;14083;4.79;0.29;390.49;23.99;1392;59;4837.00;589
12105;49;622560720;12105;498;13495;14083;4.80;0.29;390.54;24.01;1390;59;4838.00;588
12106;49;622560736;12106;503;13502;14089;4.84;0.30;390.63;24.02;1396;59;4839.00;587
12107;49;622560753;12107;502;13503;14089;4.86;0.30;390.67;24.14;1396;59;4840.00;586
12110;49;622560777;12110;500;13503;14089;4.84;0.30;390.67;24.14;1393;59;4841.00;586
12112;49;622560793;12112;505;13505;14092;4.80;0.29;390.73;24.15;1393;59;4842.00;587
12117;49;622560810;12117;506;13505;14092;4.77;0.29;390.70;24.15;1388;59;4843.00;587
12120;49;622560827;12120;505;13506;14092;4.77;0.29;390.91;24.16;1386;59;4844.00;586
12123;50;622560843;12123;508;13508;14093;4.77;0.29;390.95;24.18;1385;60;4845.00;585
12127;50;622560878;12127;506;13510;14094;4.77;0.29;391.04;24.19;1383;60;4846.00;584
12128;50;622560895;12128;504;13510;14094;4.75;0.29;391.10;24.19;1382;60;4847.00;584
12132;50;622560919;12132;508;13520;14107;4.73;0.29;391.24;24.19;1388;60;4848.00;587
12132;50;622560937;12132;502;13520;14107;4.73;0.29;391.24;24.19;1388;60;4849.00;587
12134;50;622560953;12134;493;13522;14107;4.76;0.29;391.29;24.20;1388;60;4850.00;585
12136;50;622560975;12136;488;13523;14108;4.81;0.29;391.25;24.21;1387;60;4851.00;585
12139;50;622560996;12139;485;13523;14108;4.85;0.29;391.36;24.21;1384;60;4852.00;585
12144;50;622561016;12144;483;13526;14112;4.88;0.30;391.55;24.21;1382;60;4853.00;586
12146;50;622561035;12146;478;13527;14112;4.91;0.30;391.61;24.22;1381;60;4854.00;585
12152;50;622561050;12152;474;13528;14116;4.89;0.30;391.68;24.21;1376;60;4855.00;588
12153;50;622561069;12153;479;13528;14116;4.93;0.30;391.68;24.21;1375;60;4856.00;588
12156;50;622561084;12156;473;13528;14116;4.97;0.30;391.66;24.21;1372;60;4857.00;588
12159;50;622561101;12159;465;13529;14116;4.93;0.30;391.90;24.32;1370;60;4858.00;587
12159;50;622561123;12159;462;13529;14116;4.93;0.30;391.90;24.32;1370;60;4859.00;587
12162;50;622561140;12162;465;13544;14150;4.99;0.30;391.99;24.30;1382;60;4860.00;606
12165;50;622561157;12165;468;13545;14150;5.04;0.31;392.12;24.29;1380;60;4861.00;605
12167;50;622561173;12167;456;13547;14150;5.06;0.31;392.14;24.29;1380;60;4862.00;603
12170;50;622561189;12170;448;13548;14150;5.07;0.31;392.16;24.29;1378;60;4863.00;602
12173;50;622561204;12173;444;13550;14150;5.07;0.31;392.22;24.29;1377;60;4864.00;600
12176;50;622561220;12176;442;13551;14150;5.09;0.31;392.23;24.30;1375;60;4865.00;599
12179;50;622561236;12179;440;13551;14151;5.11;0.31;392.28;24.30;1372;60;4866.00;600
12181;50;622561252;12181;448;13551;14151;5.06;0.31;392.32;24.30;1370;60;4867.00;600
12184;50;622561268;12184;446;13554;14157;5.05;0.31;392.47;24.29;1370;60;4868.00;603
12186;50;622561290;12186;449;13555;14158;4.99;0.30;392.45;24.31;1369;60;4869.00;603
12191;50;622561305;12191;456;13556;14158;4.90;0.30;392.60;24.32;1365;60;4870.00;602
12194;50;622561320;12194;456;13556;14158;4.79;0.29;392.68;24.32;1362;60;4871.00;602
12195;50;622561335;12195;466;13558;14162;4.71;0.29;392.68;24.31;1363;60;4872.00;604
12197;50;622561350;12197;472;13560;14162;4.61;0.28;392.72;24.33;1363;60;4873.00;602
12199;50;622561370;12199;481;13561;14162;4.57;0.28;392.74;24.32;1362;60;4874.00;601
12201;50;622561386;12201;485;13562;14163;4.57;0.28;392.76;24.32;1361;60;4875.00;601
12206;50;622561406;12206;496;13563;14167;4.51;0.28;392.77;24.32;1357;60;4876.00;604
12207;50;622561421;12207;495;13564;14167;4.52;0.28;392.80;24.32;1357;60;4877.00;603
12211;50;622561435;12211;508;13565;14170;4.50;0.27;392.89;24.32;1354;60;4878.00;605
12212;50;622561450;12212;519;13565;14170;4.50;0.28;392.89;24.32;1353;60;4879.00;605
12214;50;622561465;12214;525;13565;14170;4.49;0.27;392.84;24.32;1351;60;4880.00;605
12217;50;622561480;12217;530;13565;14170;4.50;0.28;392.98;24.32;1348;60;4881.00;605
12220;50;622561494;12220;526;13568;14174;4.53;0.28;393.00;24.31;1348;60;4882.00;606
12222;50;622561510;12222;529;13568;14174;4.52;0.28;393.09;24.31;1346;60;4883.00;606
12224;50;622561525;12224;535;13568;14174;4.49;0.27;393.13;24.31;1344;60;4884.00;606
12228;50;622561540;12228;532;13568;14174;4.45;0.27;393.31;24.31;1340;60;4885.00;606
12230;50;622561554;12230;535;13568;14175;4.39;0.27;393.38;24.31;1338;60;4886.00;607
12232;50;622561570;12232;545;13568;14176;4.37;0.27;393.52;24.31;1336;60;4887.00;608
12234;50;622561584;12234;538;13568;14176;4.31;0.26;393.52;24.31;1334;60;4888.00;608
12237;50;622561599;12237;553;13569;14177;4.26;0.26;393.55;24.31;1332;60;4889.00;608
12239;50;622561615;12239;553;13569;14177;4.21;0.26;393.57;24.31;1330;60;4890.00;608
12242;50;622561629;12242;567;13569;14177;4.16;0.25;393.60;24.31;1327;60;4891.00;608
12246;50;622561644;12246;571;13569;14177;4.15;0.25;393.64;24.31;1323;60;4892.00;608
12248;50;622561658;12248;581;13569;14177;4.11;0.25;393.75;24.31;1321;60;4893.00;608
12249;50;622561673;12249;581;13569;14177;4.14;0.25;393.75;24.31;1320;60;4894.00;608
12252;50;622561687;12252;586;13569;14177;4.13;0.25;393.75;24.31;1317;60;4895.00;608
12255;50;622561701;12255;602;13626;14304;4.46;0.28;393.81;24.21;1371;60;4896.00;678
12258;50;622561724;12258;603;13630;14305;4.43;0.27;393.88;24.20;1372;60;4897.00;675
12261;50;622561739;12261;597;13638;14305;4.47;0.28;393.81;24.19;1377;60;4898.00;667
12263;50;622561753;12263;598;13641;14305;4.46;0.28;393.82;24.19;1378;60;4899.00;664
12266;50;622561767;12266;602;13645;14305;4.47;0.28;393.78;24.18;1379;60;4900.00;660
12267;50;622561785;12267;603;13647;14305;4.47;0.28;393.83;24.18;1380;60;4901.00;658
12269;50;622561805;12269;607;13649;14305;4.47;0.28;393.86;24.17;1380;60;4902.00;656
12271;50;622561820;12271;611;13651;14305;4.47;0.28;393.85;24.17;1380;60;4903.00;654
12273;50;622561841;12273;616;13652;14306;4.51;0.28;393.82;24.17;1379;60;4904.00;654
12275;50;622561856;12275;616;13653;14308;4.53;0.28;393.80;24.17;1378;60;4905.00;655
12276;50;622561874;12276;610;13655;14308;4.55;0.28;393.78;24.17;1379;60;4906.00;653
12280;50;622561889;12280;610;13656;14309;4.47;0.27;393.77;24.17;1376;60;4907.00;653
12281;50;622561902;12281;615;13657;14309;4.43;0.27;393.75;24.16;1376;60;4908.00;652
12281;50;622561916;12281;611;13659;14309;4.41;0.27;393.75;24.16;1378;60;4909.00;650
12283;50;622561930;12283;610;13660;14309;4.36;0.27;393.76;24.16;1377;60;4910.00;649
12288;50;622561945;12288;612;13663;14313;4.29;0.26;393.73;24.16;1375;60;4911.00;650
12290;50;622561959;12290;609;13663;14313;4.23;0.26;393.74;24.16;1373;60;4912.00;650
12290;50;622561974;12290;616;13663;14313;4.18;0.26;393.74;24.16;1373;60;4913.00;650
12293;50;622561994;12293;613;13664;14316;4.12;0.25;393.73;24.16;1371;60;4914.00;652
12295;50;622562021;12295;622;13664;14316;4.04;0.25;393.68;24.16;1369;60;4915.00;652
12295;50;622562045;12295;623;13664;14316;4.00;0.25;393.68;24.16;1369;60;4916.00;652
12296;50;622562065;12296;629;13665;14320;3.99;0.24;393.67;24.15;1369;60;4917.00;655
12298;50;622562087;12298;624;13666;14321;3.96;0.24;393.74;24.15;1368;60;4918.00;655
12301;50;622562105;12301;625;13666;14321;3.92;0.24;393.77;24.15;1365;60;4919.00;655
12304;50;622562122;12304;625;13669;14326;3.92;0.24;393.82;24.15;1365;60;4920.00;657
12305;50;622562137;12305;632;13669;14326;3.87;0.24;393.80;24.15;1364;60;4921.00;657
12306;50;622562153;12306;635;13670;14326;3.82;0.23;393.78;24.14;1364;60;4922.00;656
12309;50;622562168;12309;641;13670;14327;3.74;0.23;393.72;24.14;1361;60;4923.00;657
12311;50;622562183;12311;635;13670;14327;3.66;0.22;393.79;24.14;1359;60;4924.00;657
12314;50;622562197;12314;641;13676;14333;3.62;0.22;393.74;24.18;1362;60;4925.00;657
12317;50;622562213;12317;654;13676;14333;3.56;0.22;393.75;24.18;1359;60;4926.00;657
12318;50;622562227;12318;659;13676;14334;3.49;0.21;393.76;24.18;1358;60;4927.00;658
12321;50;622562240;12321;665;13676;14334;3.40;0.21;393.70;24.18;1355;60;4928.00;658
12324;50;622562255;12324;678;13676;14334;3.30;0.20;393.81;24.18;1352;60;4929.00;658
12327;50;622562269;12327;668;13676;14334;3.24;0.20;393.81;24.18;1349;60;4930.00;658
12327;50;622562285;12327;655;13676;14334;3.23;0.20;393.81;24.18;1349;60;4931.00;658
12329;50;622562298;12329;648;13683;14346;3.26;0.20;393.80;24.17;1354;60;4932.00;663
12329;50;622562312;12329;631;13684;14346;3.26;0.20;393.80;24.17;1355;60;4933.00;662
12332;50;622562325;12332;628;13684;14346;3.30;0.20;393.89;24.17;1352;60;4934.00;662
12335;50;622562339;12335;621;13684;14346;3.36;0.20;393.84;24.17;1349;60;4935.00;662
12337;50;622562353;12337;623;13684;14346;3.43;0.21;393.89;24.17;1347;60;4936.00;662
12339;50;622562367;12339;607;13684;14346;3.48;0.21;393.88;24.17;1345;60;4937.00;662
12340;50;622562382;12340;595;13685;14350;3.57;0.22;393.88;24.17;1345;60;4938.00;665
12343;50;622562396;12343;584;13685;14350;3.59;0.22;393.81;24.17;1342;60;4939.00;665
12344;50;622562410;12344;575;13688;14354;3.68;0.22;393.82;24.16;1344;60;4940.00;666
12349;50;622562425;12349;562;13688;14355;3.69;0.22;393.78;24.16;1339;60;4941.00;667
12351;50;622562440;12351;550;13688;14355;3.78;0.23;393.77;24.16;1337;60;4942.00;667
12353;50;622562455;12353;546;13688;14355;3.85;0.23;393.75;24.16;1335;60;4943.00;667
12356;50;622562471;12356;536;13698;14368;4.03;0.24;393.77;24.14;1342;60;4944.00;670
12360;50;622562496;12360;528;13698;14368;4.12;0.25;393.71;24.14;1338;60;4945.00;670
12363;50;622562511;12363;515;13698;14368;4.22;0.25;393.72;24.14;1335;60;4946.00;670
12364;50;622562527;12364;509;13699;14369;4.33;0.26;393.70;24.14;1335;60;4947.00;670
12369;50;622562543;12369;503;13699;14370;4.42;0.27;393.70;24.14;1330;60;4948.00;671
12371;50;622562559;12371;497;13699;14370;4.52;0.27;393.69;24.14;1328;60;4949.00;671
12371;50;622562576;12371;487;13704;14379;4.65;0.28;393.69;24.15;1333;60;4950.00;675
12376;50;622562594;12376;478;13704;14379;4.66;0.28;393.74;24.15;1328;60;4951.00;675
12377;50;622562611;12377;470;13705;14379;4.76;0.29;393.73;24.15;1328;60;4952.00;674
12384;50;622562627;12384;466;13705;14379;4.79;0.29;393.88;24.15;1321;60;4953.00;674
12387;50;622562643;12387;465;13709;14385;4.84;0.29;393.89;24.15;1322;60;4954.00;676
12392;50;622562661;12392;464;13710;14385;4.83;0.29;393.96;24.16;1318;60;4955.00;675
12397;50;622562677;12397;456;13711;14385;4.81;0.29;394.00;24.16;1314;60;4956.00;674
12401;50;622562694;12401;460;13711;14385;4.78;0.29;394.03;24.16;1310;60;4957.00;674
12404;50;622562709;12404;465;13713;14389;4.76;0.29;394.04;24.18;1309;60;4958.00;676
12408;50;622562726;12408;460;13715;14390;4.77;0.29;394.11;24.22;1307;60;4959.00;675
12411;50;622562742;12411;464;13717;14390;4.76;0.29;394.16;24.26;1306;60;4960.00;673
12414;50;622562758;12414;461;13719;14391;4.79;0.29;394.24;24.28;1305;60;4961.00;672
12416;50;622562774;12416;459;13720;14391;4.81;0.29;394.20;24.30;1304;60;4962.00;671
12424;50;622562790;12424;460;13720;14391;4.78;0.29;394.28;24.30;1296;60;4963.00;671
12426;50;622562805;12426;464;13721;14391;4.80;0.29;394.30;24.32;1295;60;4964.00;670
12430;50;622562821;12430;464;13723;14391;4.76;0.29;394.38;24.36;1293;60;4965.00;668
12432;50;622562836;12432;471;13726;14391;4.82;0.29;394.36;24.42;1294;60;4966.00;665
12435;50;622562851;12435;470;13726;14391;4.84;0.29;394.42;24.42;1291;60;4967.00;665
12438;50;622562866;12438;483;13766;14461;4.97;0.30;394.43;24.39;1328;60;4968.00;695
12441;50;622562888;12441;474;13769;14462;4.99;0.30;394.40;24.43;1328;60;4969.00;693
12444;50;622562904;12444;473;13773;14462;5.03;0.31;394.42;24.44;1329;60;4970.00;689
12448;50;622562920;12448;471;13779;14462;5.05;0.31;394.55;24.51;1331;60;4971.00;683
12453;50;622562936;12453;471;13781;14462;5.02;0.31;394.57;24.53;1328;60;4972.00;681
12455;50;622562952;12455;477;13787;14462;5.00;0.30;394.65;24.60;1332;60;4973.00;675
12456;50;622562969;12456;479;13788;14462;5.00;0.30;394.68;24.60;1332;60;4974.00;674
12461;50;622562986;12461;486;13790;14462;4.91;0.30;394.70;24.62;1329;60;4975.00;672
12462;50;622563002;12462;484;13793;14463;4.87;0.30;394.71;24.65;1331;60;4976.00;670
12464;50;622563019;12464;475;13799;14464;4.80;0.29;394.76;24.71;1335;60;4977.00;665
12467;50;622563035;12467;475;13800;14464;4.77;0.29;394.83;24.73;1333;60;4978.00;664
12469;50;622563050;12469;477;13806;14468;4.71;0.29;394.89;24.78;1337;60;4979.00;662
12471;50;622563068;12471;483;13807;14468;4.70;0.29;395.02;24.79;1336;60;4980.00;661
12471;50;622563083;12471;486;13809;14468;4.69;0.29;395.02;24.82;1338;60;4981.00;659
12475;50;622563098;12475;489;13811;14468;4.67;0.29;395.16;24.86;1336;60;4982.00;657
12479;50;622563113;12479;496;13816;14474;4.65;0.28;395.21;24.87;1337;60;4983.00;658
12479;50;622563130;12479;501;13819;14474;4.62;0.28;395.21;24.92;1340;60;4984.00;655
12482;50;622563145;12482;500;13821;14474;4.58;0.28;395.24;24.95;1339;60;4985.00;653
12483;50;622563160;12483;504;13823;14477;4.61;0.28;395.24;24.96;1340;60;4986.00;654
12486;50;622563176;12486;496;13826;14477;4.60;0.28;395.35;25.01;1340;61;4987.00;651
12487;50;622563197;12487;495;13826;14477;4.67;0.29;395.32;25.01;1339;61;4988.00;651
12494;50;622563214;12494;498;13828;14478;4.71;0.29;395.58;25.04;1334;61;4989.00;650
12495;50;622563230;12495;494;13832;14479;4.72;0.29;395.61;25.19;1337;61;4990.00;647
12500;50;622563247;12500;498;13834;14479;4.72;0.29;395.62;25.22;1334;61;4991.00;645
12502;50;622563263;12502;498;13847;14492;4.78;0.29;395.71;25.25;1345;61;4992.00;645
12504;50;622563280;12504;499;13848;14492;4.77;0.29;395.78;25.27;1344;61;4993.00;644
12504;50;622563295;12504;505;13848;14492;4.76;0.29;395.78;25.27;1344;61;4994.00;644
12508;50;622563310;12508;510;13850;14494;4.72;0.29;395.88;25.30;1342;61;4995.00;644
12509;50;622563326;12509;506;13851;14494;4.75;0.29;395.92;25.31;1342;61;4996.00;643
12511;50;622563341;12511;502;13858;14498;4.76;0.29;395.99;25.37;1347;61;4997.00;640
12515;50;622563357;12515;497;13858;14498;4.72;0.29;396.03;25.37;1343;61;4998.00;640
12517;50;622563373;12517;498;13861;14502;4.68;0.28;396.16;25.40;1344;61;4999.00;641
12521;50;622563390;12521;495;13864;14502;4.66;0.28;396.19;25.45;1343;61;5000.00;638
12523;50;622563409;12523;501;13865;14502;4.64;0.28;396.27;25.46;1342;61;5001.00;637
12524;50;622563425;12524;499;13868;14502;4.64;0.28;396.30;25.51;1344;61;5002.00;634
12526;50;622563440;12526;495;13869;14502;4.61;0.28;396.38;25.52;1343;61;5003.00;633
12529;50;622563455;12529;502;13877;14514;4.66;0.28;396.42;25.51;1348;61;5004.00;637
12532;50;622563472;12532;503;13878;14514;4.64;0.28;396.50;25.52;1346;61;5005.00;636
12534;50;622563487;12534;507;13882;14514;4.68;0.28;396.54;25.68;1348;61;5006.00;632
12535;50;622563503;12535;499;13883;14514;4.72;0.29;396.55;25.70;1348;61;5007.00;631
12535;50;622563519;12535;499;13886;14514;4.75;0.29;396.55;25.74;1351;61;5008.00;628
12537;50;622563533;12537;501;13887;14514;4.77;0.29;396.56;25.75;1350;61;5009.00;627
12539;50;622563550;12539;507;13887;14515;4.76;0.29;396.58;25.75;1348;61;5010.00;628
12540;50;622563566;12540;507;13891;14515;4.73;0.29;396.57;25.81;1351;61;5011.00;624
12542;50;622563585;12542;510;13895;14521;4.77;0.29;396.62;25.80;1353;61;5012.00;626
12545;50;622563602;12545;515;13898;14522;4.76;0.29;396.66;25.84;1353;61;5013.00;624
12548;50;622563617;12548;524;13898;14522;4.78;0.29;396.74;25.84;1350;61;5014.00;624
12552;50;622563632;12552;529;13899;14522;4.79;0.29;396.80;25.85;1347;61;5015.00;623
12556;50;622563649;12556;530;13904;14526;4.75;0.29;396.81;25.87;1348;61;5016.00;622
12556;50;622563665;12556;533;13905;14526;4.75;0.29;396.81;25.89;1349;61;5017.00;621
12563;50;622563679;12563;541;13905;14526;4.70;0.29;396.81;25.89;1342;61;5018.00;621
12563;50;622563700;12563;544;13908;14527;4.68;0.29;396.81;25.91;1345;61;5019.00;619
12564;50;622563715;12564;544;13909;14531;4.68;0.29;396.87;25.91;1345;61;5020.00;622
12568;50;622563730;12568;548;13911;14531;4.61;0.28;396.88;25.94;1343;61;5021.00;620
12568;50;622563746;12568;548;13912;14534;4.59;0.28;396.88;25.94;1344;61;5022.00;622
12569;50;622563761;12569;548;13912;14534;4.54;0.28;396.88;25.94;1343;61;5023.00;622
12572;50;622563776;12572;547;13913;14534;4.49;0.27;396.93;25.95;1341;61;5024.00;621
12573;50;622563791;12573;545;13914;14534;4.45;0.27;396.93;25.96;1341;61;5025.00;620
12575;50;622563806;12575;541;13917;14538;4.42;0.27;396.95;25.96;1342;61;5026.00;621
12577;50;622563821;12577;545;13918;14538;4.41;0.27;396.94;26.07;1341;61;5027.00;620
12580;50;622563836;12580;535;13918;14538;4.41;0.27;396.96;26.07;1338;61;5028.00;620
12583;50;622563851;12583;529;13918;14538;4.38;0.27;397.11;26.07;1335;61;5029.00;620
12584;50;622563866;12584;522;13919;14539;4.36;0.27;397.15;26.08;1335;61;5030.00;620
12586;50;622563880;12586;509;13919;14540;4.35;0.26;397.16;26.08;1333;61;5031.00;621
12587;50;622563895;12587;507;13919;14540;4.35;0.27;397.15;26.08;1332;61;5032.00;621
12589;50;622563909;12589;504;13920;14541;4.38;0.27;397.13;26.08;1331;61;5033.00;621
12592;50;622563922;12592;497;13920;14541;4.37;0.27;397.15;26.08;1328;61;5034.00;621
12595;50;622563936;12595;498;13921;14541;4.37;0.27;397.27;26.19;1326;61;5035.00;620
12599;50;622563958;12599;498;13921;14541;4.39;0.27;397.38;26.19;1322;61;5036.00;620
12601;50;622563974;12601;495;13922;14541;4.38;0.27;397.49;26.20;1321;61;5037.00;619
12603;50;622563993;12603;502;13922;14541;4.35;0.27;397.48;26.20;1319;61;5038.00;619
12609;50;622564016;12609;509;13922;14541;4.30;0.26;397.65;26.20;1313;61;5039.00;619
12613;50;622564042;12613;521;14003;14771;4.59;0.29;397.90;26.05;1390;61;5040.00;768
12615;50;622564091;12615;522;14008;14772;4.55;0.29;397.97;26.16;1393;61;5041.00;764
12619;50;622564111;12619;528;14016;14772;4.55;0.29;398.01;26.16;1397;61;5042.00;756
12621;50;622564127;12621;529;14022;14772;4.53;0.28;398.04;26.15;1401;61;5043.00;750
12622;50;622564150;12622;525;14027;14772;4.53;0.28;398.01;26.14;1405;61;5044.00;745
12623;50;622564167;12623;525;14034;14772;4.55;0.29;398.05;26.13;1411;61;5045.00;738
12623;51;622564183;12623;529;14040;14772;4.57;0.29;398.05;26.14;1417;62;5046.00;732
12627;51;622564210;12627;528;14044;14772;4.61;0.29;398.02;26.13;1417;62;5047.00;728
12628;51;622564226;12628;542;14048;14773;4.65;0.29;398.00;26.12;1420;62;5048.00;725
12629;51;622564242;12629;544;14051;14774;4.70;0.29;397.98;26.12;1422;62;5049.00;723
12632;51;622564263;12632;545;14054;14774;4.70;0.29;398.01;26.12;1422;62;5050.00;720
12633;51;622564279;12633;551;14059;14775;4.68;0.29;397.98;26.11;1426;62;5051.00;716
12634;52;622564295;12634;552;14063;14775;4.69;0.29;398.03;26.11;1429;63;5052.00;712
12636;52;622564322;12636;559;14066;14775;4.63;0.29;398.02;26.11;1430;63;5053.00;709
12639;52;622564338;12639;564;14067;14775;4.57;0.28;398.04;26.10;1428;63;5054.00;708
12640;52;622564354;12640;578;14072;14779;4.53;0.28;398.07;26.10;1432;63;5055.00;707
12644;52;622564371;12644;580;14074;14779;4.48;0.28;398.16;26.10;1430;63;5056.00;705
12644;52;622564387;12644;580;14077;14779;4.43;0.27;398.16;26.11;1433;63;5057.00;702
12645;52;622564404;12645;590;14079;14782;4.36;0.27;398.16;26.11;1434;63;5058.00;703
12645;52;622564420;12645;599;14081;14782;4.33;0.27;398.16;26.11;1436;63;5059.00;701
12648;52;622564441;12648;610;14083;14782;4.27;0.26;398.12;26.11;1435;63;5060.00;699
12651;52;622564463;12651;627;14085;14786;4.20;0.26;398.09;26.10;1434;63;5061.00;701
12654;52;622564481;12654;627;14089;14787;4.17;0.26;398.12;26.10;1435;63;5062.00;698
12656;52;622564497;12656;633;14090;14787;4.17;0.26;398.12;26.10;1434;63;5063.00;697
12659;52;622564514;12659;643;14092;14791;4.14;0.26;398.13;26.10;1433;63;5064.00;699
12661;52;622564530;12661;646;14095;14791;4.08;0.25;398.08;26.10;1434;63;5065.00;696
12663;52;622564553;12663;657;14096;14791;4.02;0.25;398.07;26.10;1433;63;5066.00;695
12665;52;622564568;12665;663;14097;14792;3.96;0.24;398.10;26.10;1432;63;5067.00;695
12667;52;622564584;12667;678;14097;14792;3.92;0.24;398.09;26.10;1430;63;5068.00;695
12672;52;622564600;12672;679;14102;14798;3.88;0.24;398.08;26.09;1430;63;5069.00;696
12673;52;622564619;12673;680;14103;14798;3.84;0.24;398.05;26.09;1430;63;5070.00;695
12675;52;622564635;12675;688;14103;14799;3.79;0.23;398.01;26.09;1428;63;5071.00;696
12679;52;622564652;12679;696;14103;14799;3.74;0.23;397.97;26.09;1424;63;5072.00;696
12680;52;622564668;12680;695;14103;14799;3.69;0.23;398.01;26.09;1423;63;5073.00;696
12680;52;622564682;12680;694;14103;14799;3.63;0.22;398.01;26.09;1423;63;5074.00;696
12680;52;622564697;12680;707;14103;14799;3.59;0.22;398.01;26.09;1423;63;5075.00;696
12683;52;622564711;12683;710;14110;14811;3.57;0.22;398.03;26.07;1427;63;5076.00;701
12686;52;622564728;12686;717;14110;14811;3.51;0.22;398.00;26.07;1424;63;5077.00;701
12688;52;622564743;12688;725;14111;14811;3.49;0.21;398.05;26.07;1423;63;5078.00;700
12690;52;622564758;12690;730;14111;14811;3.46;0.21;398.08;26.07;1421;63;5079.00;700
12692;52;622564772;12692;720;14111;14811;3.44;0.21;398.04;26.07;1419;63;5080.00;700
12692;52;622564788;12692;724;14111;14811;3.47;0.21;398.04;26.07;1419;63;5081.00;700
12693;52;622564802;12693;724;14112;14815;3.48;0.21;398.02;26.07;1419;63;5082.00;703
12695;52;622564824;12695;708;14112;14815;3.51;0.21;397.99;26.07;1417;63;5083.00;703
12697;52;622564839;12697;688;14115;14819;3.59;0.22;397.94;26.07;1418;63;5084.00;704
12699;52;622564855;12699;685;14115;14821;3.62;0.22;397.93;26.07;1416;63;5085.00;706
12699;52;622564871;12699;682;14115;14821;3.65;0.22;397.93;26.07;1416;63;5086.00;706
12699;52;622564885;12699;672;14115;14821;3.71;0.23;397.93;26.07;1416;63;5087.00;706
12700;52;622564900;12700;672;14124;14834;3.75;0.23;397.90;26.05;1424;63;5088.00;710
12701;52;622564917;12701;665;14125;14834;3.78;0.23;397.91;26.05;1424;63;5089.00;709
12702;52;622564944;12702;670;14125;14834;3.82;0.23;397.89;26.05;1423;63;5090.00;709
12704;52;622564958;12704;665;14126;14835;3.84;0.23;397.86;26.05;1422;63;5091.00;709
12705;52;622564974;12705;667;14126;14836;3.86;0.23;397.89;26.05;1421;63;5092.00;710
12706;52;622564990;12706;663;14126;14836;3.85;0.23;397.88;26.05;1420;63;5093.00;710
12708;52;622565006;12708;663;14128;14839;3.88;0.24;397.87;26.06;1420;63;5094.00;711
12709;52;622565023;12709;660;14129;14839;3.90;0.24;397.88;26.07;1420;63;5095.00;710
12713;52;622565039;12713;665;14129;14839;3.89;0.24;397.85;26.07;1416;63;5096.00;710
12717;52;622565053;12717;662;14129;14839;3.85;0.23;397.77;26.07;1412;63;5097.00;710
12719;52;622565068;12719;667;14133;14845;3.86;0.23;397.73;26.07;1414;63;5098.00;712
12721;52;622565083;12721;672;14133;14845;3.82;0.23;397.71;26.07;1412;63;5099.00;712
12723;52;622565100;12723;657;14137;14864;3.77;0.23;397.69;26.06;1414;63;5100.00;727
12725;52;622565122;12725;651;14137;14864;3.78;0.23;397.65;26.06;1412;63;5101.00;727
12728;52;622565138;12728;654;14138;14868;3.80;0.23;397.63;26.06;1410;63;5102.00;730
12732;52;622565152;12732;647;14138;14869;3.82;0.23;397.68;26.06;1406;63;5103.00;731
12733;52;622565169;12733;639;14138;14869;3.90;0.24;397.68;26.06;1405;63;5104.00;731
12736;52;622565183;12736;636;14139;14870;3.94;0.24;397.82;26.06;1403;63;5105.00;731
12738;52;622565198;12738;628;14142;14870;3.97;0.24;397.82;26.05;1404;63;5106.00;728
12742;52;622565212;12742;607;14142;14870;4.03;0.25;397.93;26.05;1400;63;5107.00;728
12745;52;622565228;12745;600;14142;14870;4.08;0.25;397.88;26.05;1397;63;5108.00;728
12747;52;622565243;12747;589;14142;14870;4.12;0.25;397.98;26.05;1395;63;5109.00;728
12752;52;622565257;12752;573;14142;14870;4.15;0.25;398.10;26.05;1390;63;5110.00;728
12753;52;622565272;12753;573;14144;14870;4.20;0.26;398.08;26.05;1391;63;5111.00;726
12759;52;622565287;12759;569;14179;14940;4.22;0.26;398.15;25.99;1420;63;5112.00;761
12761;52;622565309;12761;557;14183;14941;4.30;0.26;398.15;25.98;1422;63;5113.00;758
12766;52;622565325;12766;547;14186;14941;4.32;0.26;398.26;25.97;1420;63;5114.00;755
12770;52;622565341;12770;547;14188;14941;4.30;0.26;398.34;25.97;1418;63;5115.00;753
12774;52;622565356;12774;544;14189;14941;4.30;0.26;398.43;25.97;1415;63;5116.00;752
12779;52;622565372;12779;541;14191;14941;4.30;0.26;398.65;25.97;1412;63;5117.00;750
12784;52;622565388;12784;536;14192;14941;4.34;0.26;398.68;25.97;1408;63;5118.00;749
12786;52;622565404;12786;531;14193;14941;4.40;0.27;398.79;25.96;1407;63;5119.00;748
12790;52;622565420;12790;524;14193;14942;4.43;0.27;398.83;25.96;1403;63;5120.00;749
12794;52;622565436;12794;517;14193;14943;4.47;0.27;398.97;25.96;1399;63;5121.00;750
12800;52;622565452;12800;515;14196;14943;4.41;0.27;399.06;25.96;1396;63;5122.00;747
12803;52;622565475;12803;520;14199;14947;4.39;0.27;399.14;25.98;1396;63;5123.00;748
12805;52;622565491;12805;523;14199;14947;4.39;0.27;399.16;25.98;1394;63;5124.00;748
12808;52;622565507;12808;529;14200;14947;4.35;0.26;399.14;26.00;1392;63;5125.00;747
12812;52;622565523;12812;532;14200;14947;4.36;0.26;399.14;26.00;1388;63;5126.00;747
12815;52;622565539;12815;539;14203;14953;4.37;0.26;399.22;26.01;1388;63;5127.00;750
12819;52;622565555;12819;535;14204;14953;4.40;0.27;399.23;26.01;1385;63;5128.00;749
12820;52;622565571;12820;532;14206;14953;4.43;0.27;399.25;26.04;1386;63;5129.00;747
12822;52;622565588;12822;519;14208;14959;4.43;0.27;399.26;26.06;1386;63;5130.00;751
12827;52;622565605;12827;510;14210;14959;4.42;0.27;399.30;26.07;1383;63;5131.00;749
12830;52;622565621;12830;511;14213;14959;4.42;0.27;399.42;26.13;1383;63;5132.00;746
12833;52;622565637;12833;500;14215;14960;4.42;0.27;399.42;26.25;1382;63;5133.00;745
12836;52;622565654;12836;491;14218;14961;4.43;0.27;399.44;26.26;1382;63;5134.00;743
12838;52;622565674;12838;489;14224;14961;4.44;0.27;399.44;26.64;1386;64;5135.00;737
12839;52;622565701;12839;490;14233;14974;4.44;0.27;399.48;26.63;1394;64;5136.00;741
12841;52;622565718;12841;491;14237;14974;4.45;0.27;399.57;26.70;1396;64;5137.00;737
12843;52;622565734;12843;487;14237;14974;4.47;0.27;399.60;26.70;1394;64;5138.00;737
12845;52;622565750;12845;484;14241;14975;4.51;0.27;399.61;26.74;1396;64;5139.00;734
12845;52;622565766;12845;481;14242;14975;4.52;0.27;399.61;26.76;1397;64;5140.00;733
12848;52;622565781;12848;475;14245;14979;4.50;0.27;399.61;26.78;1397;64;5141.00;734
12852;52;622565797;12852;476;14245;14979;4.49;0.27;399.58;26.78;1393;64;5142.00;734
12856;52;622565813;12856;477;14251;14983;4.43;0.27;399.58;26.85;1395;64;5143.00;732
12858;52;622565829;12858;481;14252;14983;4.43;0.27;399.54;26.86;1394;64;5144.00;731
12861;52;622565844;12861;486;14255;14983;4.47;0.27;399.57;26.91;1394;64;5145.00;728
12863;52;622565860;12863;481;14256;14983;4.45;0.27;399.64;26.93;1393;64;5146.00;727
12865;52;622565875;12865;475;14259;14983;4.44;0.27;399.71;27.07;1394;64;5147.00;724
12868;52;622565891;12868;471;14266;14995;4.46;0.27;399.68;27.10;1398;64;5148.00;729
12868;52;622565908;12868;469;14268;14995;4.51;0.28;399.68;27.13;1400;64;5149.00;727
12873;52;622565924;12873;476;14271;14995;4.51;0.28;399.87;27.17;1398;64;5150.00;724
12877;52;622565940;12877;470;14275;14995;4.50;0.28;399.92;27.30;1398;64;5151.00;720
12882;52;622565957;12882;478;14276;14995;4.50;0.27;399.95;27.30;1394;64;5152.00;719
12886;52;622565974;12886;485;14282;14995;4.48;0.27;400.09;27.37;1396;64;5153.00;713
12888;52;622565995;12888;490;14285;14996;4.47;0.27;400.08;27.40;1397;64;5154.00;711
12889;52;622566020;12889;503;14289;14998;4.46;0.27;400.07;27.41;1400;64;5155.00;709
12891;52;622566054;12891;490;14293;15004;4.48;0.27;400.15;27.40;1402;64;5156.00;711
12894;52;622566077;12894;486;14295;15005;4.51;0.27;400.24;27.42;1401;64;5157.00;710
12895;52;622566100;12895;479;14300;15005;4.56;0.28;400.34;27.46;1405;64;5158.00;705
12898;52;622566119;12898;481;14302;15005;4.55;0.28;400.31;27.49;1404;64;5159.00;703
12899;52;622566146;12899;478;14309;15010;4.53;0.28;400.35;27.64;1410;64;5160.00;701
12903;52;622566164;12903;481;14315;15010;4.51;0.27;400.45;27.67;1412;64;5161.00;695
12905;52;622566181;12905;479;14317;15010;4.50;0.27;400.54;27.68;1412;64;5162.00;693
12907;52;622566199;12907;490;14320;15011;4.49;0.27;400.58;27.71;1413;64;5163.00;691
12910;52;622566216;12910;494;14324;15015;4.45;0.27;400.61;27.72;1414;64;5164.00;691
12913;52;622566233;12913;509;14327;15015;4.41;0.27;400.65;27.76;1414;64;5165.00;688
12915;52;622566250;12915;508;14328;15018;4.43;0.27;400.64;27.75;1413;64;5166.00;690
12917;52;622566267;12917;515;14330;15018;4.44;0.27;400.66;27.77;1413;64;5167.00;688
12923;52;622566284;12923;515;14333;15018;4.41;0.27;400.78;27.80;1410;64;5168.00;685
12924;52;622566300;12924;517;14333;15018;4.41;0.27;400.77;27.80;1409;64;5169.00;685
12927;52;622566317;12927;520;14341;15022;4.40;0.27;400.92;27.85;1414;64;5170.00;681
12930;52;622566334;12930;525;14341;15022;4.37;0.27;401.00;27.85;1411;64;5171.00;681
12931;52;622566352;12931;529;14342;15022;4.36;0.27;401.09;27.87;1411;64;5172.00;680
12933;52;622566369;12933;530;14342;15022;4.35;0.26;401.10;27.87;1409;64;5173.00;680
12933;52;622566386;12933;523;14347;15023;4.35;0.26;401.10;27.92;1414;64;5174.00;676
12936;52;622566401;12936;534;14348;15025;4.32;0.26;401.14;28.03;1412;64;5175.00;677
12938;52;622566419;12938;531;14350;15025;4.33;0.26;401.21;28.04;1412;64;5176.00;675
12940;52;622566435;12940;535;14352;15026;4.37;0.27;401.28;28.06;1412;64;5177.00;674
12940;52;622566452;12940;530;14355;15026;4.37;0.27;401.28;28.10;1415;64;5178.00;671
12945;52;622566470;12945;523;14356;15026;4.37;0.27;401.36;28.10;1411;64;5179.00;670
12949;52;622566486;12949;524;14359;15026;4.35;0.26;401.37;28.15;1410;64;5180.00;667
12954;52;622566503;12954;529;14360;15026;4.30;0.26;401.48;28.15;1406;64;5181.00;666
12955;52;622566519;12955;531;14361;15026;4.30;0.26;401.58;28.16;1406;64;5182.00;665
12959;52;622566535;12959;529;14364;15026;4.28;0.26;401.55;28.20;1405;64;5183.00;662
12961;52;622566550;12961;560;14430;15153;4.42;0.27;401.64;28.09;1469;64;5184.00;723
12964;52;622566577;12964;555;14431;15154;4.41;0.27;401.65;28.10;1467;64;5185.00;723
12967;52;622566594;12967;555;14435;15154;4.45;0.27;401.68;28.11;1468;64;5186.00;719
12968;52;622566610;12968;556;14439;15154;4.51;0.28;401.66;28.14;1471;64;5187.00;715
12968;52;622566627;12968;560;14441;15154;4.55;0.28;401.66;28.15;1473;64;5188.00;713
12971;52;622566644;12971;571;14444;15154;4.58;0.28;401.76;28.16;1473;64;5189.00;710
12972;52;622566662;12972;567;14444;15154;4.61;0.28;401.76;28.16;1472;64;5190.00;710
12973;52;622566678;12973;564;14448;15154;4.64;0.28;401.74;28.19;1475;64;5191.00;706
12978;52;622566694;12978;556;14450;15155;4.66;0.29;401.82;28.18;1472;64;5192.00;705
12978;52;622566713;12978;558;14452;15156;4.70;0.29;401.82;28.18;1474;64;5193.00;704
12981;52;622566730;12981;561;14455;15156;4.70;0.29;401.84;28.19;1474;64;5194.00;701
12982;52;622566747;12982;561;14457;15157;4.68;0.29;401.84;28.19;1475;64;5195.00;700
12985;52;622566763;12985;557;14462;15157;4.66;0.29;401.87;28.23;1477;64;5196.00;695
12987;52;622566779;12987;564;14464;15157;4.65;0.29;401.91;28.26;1477;64;5197.00;693
12987;52;622566796;12987;566;14467;15157;4.60;0.28;401.91;28.27;1480;64;5198.00;690
12988;52;622566812;12988;571;14469;15161;4.57;0.28;401.89;28.28;1481;64;5199.00;692
12988;52;622566829;12988;577;14472;15161;4.55;0.28;401.89;28.29;1484;64;5200.00;689
12988;52;622566849;12988;581;14474;15161;4.49;0.28;401.89;28.31;1486;64;5201.00;687
12992;52;622566865;12992;573;14476;15164;4.41;0.27;401.89;28.32;1484;64;5202.00;688
12995;52;622566881;12995;572;14477;15164;4.35;0.27;401.92;28.33;1482;64;5203.00;687
12998;52;622566899;12998;578;14477;15164;4.31;0.26;401.95;28.33;1479;65;5204.00;687
13000;52;622566926;13000;579;14481;15168;4.31;0.26;401.96;28.34;1481;65;5205.00;687
13005;52;622566947;13005;586;14482;15169;4.30;0.26;401.96;28.34;1477;65;5206.00;687
13006;52;622566964;13006;577;14483;15169;4.31;0.27;401.95;28.35;1477;65;5207.00;686
13008;52;622566983;13008;580;14485;15173;4.28;0.26;401.97;28.36;1477;65;5208.00;688
13013;52;622567001;13013;585;14487;15173;4.27;0.26;401.95;28.38;1474;65;5209.00;686
13015;52;622567025;13015;586;14489;15173;4.25;0.26;401.97;28.40;1474;65;5210.00;684
13017;52;622567041;13017;589;14490;15174;4.24;0.26;401.92;28.51;1473;65;5211.00;684
13021;52;622567057;13021;587;14490;15174;4.18;0.26;401.93;28.51;1469;65;5212.00;684
13023;52;622567073;13023;596;14495;15180;4.17;0.26;401.95;28.52;1472;65;5213.00;685
13026;52;622567089;13026;593;14496;15180;4.17;0.26;401.94;28.53;1470;65;5214.00;684
13028;52;622567106;13028;598;14496;15180;4.14;0.26;401.90;28.53;1468;65;5215.00;684
13030;52;622567122;13030;598;14499;15181;4.15;0.26;401.89;28.55;1469;65;5216.00;682
13033;52;622567144;13033;607;14499;15181;4.15;0.26;401.88;28.55;1466;65;5217.00;682
13037;52;622567163;13037;608;14499;15181;4.13;0.25;401.79;28.55;1462;65;5218.00;682
13040;52;622567178;13040;616;14500;15181;4.09;0.25;401.77;28.57;1460;65;5219.00;681
13044;52;622567195;13044;622;14518;15217;4.15;0.26;401.78;28.53;1474;65;5220.00;699
13047;52;622567213;13047;624;14518;15217;4.16;0.26;401.80;28.53;1471;65;5221.00;699
13051;52;622567229;13051;631;14521;15217;4.17;0.26;401.71;28.54;1470;65;5222.00;696
13052;52;622567245;13052;630;14523;15217;4.16;0.26;401.74;28.54;1471;65;5223.00;694
13054;52;622567260;13054;627;14526;15217;4.13;0.26;401.74;28.56;1472;65;5224.00;691
13057;53;622567276;13057;642;14527;15217;4.13;0.25;401.86;28.57;1470;66;5225.00;690
13058;53;622567301;13058;644;14529;15221;4.14;0.25;401.86;28.56;1471;66;5226.00;692
13059;53;622567317;13059;645;14530;15221;4.13;0.25;401.90;28.56;1471;66;5227.00;691
13063;53;622567332;13063;654;14532;15225;4.12;0.25;401.91;28.56;1469;66;5228.00;693
13066;53;622567348;13066;665;14535;15226;4.05;0.25;401.95;28.68;1469;66;5229.00;691
13068;53;622567364;13068;672;14535;15226;4.00;0.24;401.92;28.68;1467;66;5230.00;691
13068;53;622567379;13068;684;14535;15226;3.94;0.24;401.92;28.68;1467;66;5231.00;691
13069;53;622567394;13069;687;14544;15239;3.90;0.24;401.94;28.66;1475;66;5232.00;695
13073;53;622567410;13073;696;14545;15239;3.90;0.24;401.99;28.66;1472;66;5233.00;694
13074;53;622567425;13074;714;14545;15239;3.89;0.24;401.99;28.66;1471;66;5234.00;694
13076;53;622567439;13076;707;14546;15240;3.90;0.24;402.02;28.66;1470;66;5235.00;694
13076;53;622567454;13076;709;14546;15241;3.92;0.24;402.02;28.66;1470;66;5236.00;695
13076;53;622567476;13076;710;14546;15241;3.90;0.24;402.02;28.66;1470;66;5237.00;695
13078;53;622567497;13078;703;14547;15244;3.91;0.24;402.03;28.66;1469;66;5238.00;697
13078;53;622567513;13078;697;14547;15244;3.95;0.24;402.03;28.66;1469;66;5239.00;697
13079;53;622567533;13079;707;14547;15244;3.96;0.24;402.07;28.66;1468;66;5240.00;697
13080;53;622567548;13080;706;14547;15244;3.92;0.24;402.06;28.66;1467;66;5241.00;697
13080;53;622567570;13080;710;14551;15250;3.94;0.24;402.06;28.65;1471;66;5242.00;699
13083;53;622567586;13083;708;14551;15250;3.91;0.24;402.11;28.65;1468;66;5243.00;699
13083;53;622567602;13083;713;14551;15250;3.93;0.24;402.11;28.65;1468;66;5244.00;699
13086;53;622567618;13086;717;14551;15250;3.92;0.24;402.08;28.65;1465;66;5245.00;699
13088;53;622567634;13088;716;14552;15254;3.91;0.24;402.06;28.65;1464;66;5246.00;702
13089;53;622567651;13089;721;14552;15255;3.89;0.24;402.04;28.65;1463;66;5247.00;703
13091;53;622567667;13091;718;14552;15255;3.88;0.24;402.07;28.65;1461;66;5248.00;703
13093;53;622567682;13093;720;14553;15256;3.87;0.24;402.07;28.65;1460;66;5249.00;703
13095;53;622567700;13095;722;14553;15256;3.84;0.23;402.03;28.65;1458;66;5250.00;703
13096;53;622567716;13096;708;14553;15256;3.86;0.24;402.01;28.65;1457;66;5251.00;703
13099;53;622567731;13099;699;14553;15256;3.85;0.23;402.04;28.65;1454;66;5252.00;703
13100;53;622567747;13100;703;14553;15256;3.88;0.24;402.03;28.65;1453;66;5253.00;703
13101;53;622567762;13101;705;14553;15256;3.91;0.24;402.03;28.65;1452;66;5254.00;703
13102;53;622567777;13102;692;14553;15256;3.98;0.24;402.02;28.65;1451;66;5255.00;703
13104;53;622567793;13104;700;14585;15326;4.16;0.25;401.97;28.58;1481;66;5256.00;741
13106;53;622567816;13106;692;14587;15327;4.21;0.26;401.93;28.58;1481;66;5257.00;740
13108;53;622567831;13108;693;14592;15327;4.24;0.26;401.90;28.57;1484;66;5258.00;735
13113;53;622567847;13113;692;14597;15327;4.22;0.26;401.83;28.56;1484;66;5259.00;730
13115;53;622567863;13115;678;14598;15327;4.19;0.26;401.96;28.56;1483;66;5260.00;729
13117;53;622567879;13117;683;14599;15327;4.15;0.25;402.06;28.56;1482;66;5261.00;728
13121;53;622567895;13121;679;14600;15327;4.08;0.25;402.11;28.56;1479;66;5262.00;727
13122;53;622567911;13122;686;14602;15327;4.02;0.24;402.11;28.55;1480;66;5263.00;725
13126;53;622567927;13126;694;14602;15328;3.99;0.24;402.05;28.55;1476;66;5264.00;726
13129;53;622567948;13129;694;14604;15330;3.95;0.24;402.15;28.57;1475;66;5265.00;726
13135;53;622567964;13135;692;14605;15330;3.89;0.24;402.25;28.57;1470;66;5266.00;725
13139;53;622567981;13139;699;14608;15334;3.86;0.23;402.16;28.57;1469;66;5267.00;726
13142;53;622568003;13142;699;14608;15334;3.83;0.23;402.23;28.57;1466;66;5268.00;726
13147;53;622568028;13147;701;14609;15334;3.81;0.23;402.24;28.57;1462;66;5269.00;725
13149;53;622568053;13149;701;14609;15334;3.79;0.23;402.34;28.57;1460;66;5270.00;725
13152;53;622568076;13152;697;14613;15340;3.81;0.23;402.48;28.56;1461;66;5271.00;727
13157;53;622568102;13157;680;14614;15340;3.81;0.23;402.41;28.56;1457;66;5272.00;726
13161;53;622568120;13161;681;14614;15340;3.79;0.23;402.46;28.56;1453;66;5273.00;726
13164;53;622568138;13164;680;14615;15343;3.79;0.23;402.50;28.56;1451;66;5274.00;728
13168;53;622568156;13168;670;14615;15343;3.76;0.23;402.51;28.56;1447;66;5275.00;728
13171;53;622568174;13171;672;14615;15343;3.75;0.23;402.48;28.56;1444;66;5276.00;728
13172;53;622568192;13172;663;14615;15344;3.74;0.23;402.47;28.56;1443;66;5277.00;729
13177;53;622568209;13177;651;14616;15345;3.72;0.23;402.53;28.55;1439;66;5278.00;729
13180;53;622568226;13180;640;14616;15345;3.73;0.23;402.52;28.55;1436;66;5279.00;729
13182;53;622568245;13182;642;14631;15371;3.79;0.23;402.62;28.52;1449;66;5280.00;740
13186;53;622568266;13186;634;14632;15371;3.82;0.23;402.66;28.52;1446;66;5281.00;739
13188;53;622568283;13188;621;14633;15371;3.90;0.24;402.76;28.52;1445;66;5282.00;738
13190;53;622568300;13190;611;14634;15372;3.93;0.24;402.86;28.52;1444;66;5283.00;738
13195;53;622568317;13195;607;14634;15372;3.96;0.24;402.97;28.52;1439;66;5284.00;738
13199;53;622568335;13199;600;14636;15376;4.02;0.24;403.05;28.52;1437;66;5285.00;740
13203;53;622568354;13203;594;14636;15376;4.07;0.25;403.25;28.52;1433;66;5286.00;740
13205;53;622568371;13205;595;14637;15379;4.12;0.25;403.23;28.51;1432;66;5287.00;742
13209;53;622568390;13209;587;14638;15380;4.14;0.25;403.34;28.51;1429;66;5288.00;742
13212;53;622568406;13212;580;14638;15380;4.18;0.25;403.49;28.51;1426;66;5289.00;742
13216;53;622568423;13216;580;14638;15380;4.23;0.26;403.66;28.51;1422;66;5290.00;742
13220;53;622568441;13220;581;14638;15380;4.21;0.26;403.77;28.51;1418;66;5291.00;742
13222;53;622568458;13222;581;14643;15392;4.28;0.26;403.79;28.50;1421;66;5292.00;749
13224;53;622568490;13224;580;14643;15392;4.32;0.26;403.90;28.50;1419;66;5293.00;749
13230;53;622568506;13230;560;14643;15392;4.37;0.27;403.99;28.50;1413;66;5294.00;749
13233;53;622568523;13233;561;14644;15392;4.39;0.27;404.00;28.52;1411;66;5295.00;748
13237;53;622568540;13237;553;14644;15392;4.44;0.27;404.14;28.52;1407;66;5296.00;748
13242;53;622568564;13242;551;14645;15392;4.44;0.27;404.30;28.52;1403;66;5297.00;747
13245;53;622568580;13245;548;14645;15393;4.45;0.27;404.29;28.52;1400;66;5298.00;748
13249;53;622568597;13249;545;14646;15393;4.46;0.27;404.45;28.53;1397;66;5299.00;747
13253;53;622568615;13253;552;14649;15399;4.46;0.27;404.55;28.52;1396;66;5300.00;750
13255;53;622568637;13255;556;14652;15400;4.51;0.27;404.58;28.55;1397;66;5301.00;748
13259;53;622568656;13259;554;14654;15400;4.50;0.27;404.58;28.58;1395;66;5302.00;746
13262;53;622568673;13262;553;14657;15400;4.48;0.27;404.58;28.62;1395;66;5303.00;743
13265;53;622568692;13265;553;14661;15404;4.47;0.27;404.59;28.64;1396;66;5304.00;743
13269;53;622568715;13269;548;14662;15404;4.48;0.27;404.60;28.65;1393;66;5305.00;742
13274;53;622568732;13274;548;14664;15404;4.45;0.27;404.56;28.67;1390;66;5306.00;740
13277;53;622568749;13277;545;14668;15405;4.47;0.27;404.55;28.71;1391;66;5307.00;737
13279;53;622568765;13279;546;14670;15409;4.47;0.27;404.56;28.70;1391;66;5308.00;739
13284;53;622568782;13284;540;14670;15409;4.45;0.27;404.61;28.70;1386;66;5309.00;739
13284;53;622568800;13284;530;14675;15415;4.42;0.27;404.61;28.72;1391;66;5310.00;740
13290;53;622568815;13290;524;14676;15415;4.33;0.26;404.83;28.73;1386;66;5311.00;739
13293;53;622568832;13293;525;14679;15415;4.28;0.26;404.92;28.75;1386;66;5312.00;736
13296;53;622568848;13296;539;14685;15415;4.26;0.26;404.96;28.89;1389;66;5313.00;730
13299;53;622568866;13299;542;14689;15419;4.18;0.25;405.00;28.89;1390;66;5314.00;730
13301;53;622568882;13301;550;14690;15419;4.17;0.25;405.03;28.90;1389;66;5315.00;729
13303;53;622568898;13303;559;14692;15419;4.15;0.25;405.04;28.89;1389;66;5316.00;727
13305;53;622568913;13305;548;14694;15419;4.15;0.25;405.07;28.92;1389;66;5317.00;725
13306;53;622568929;13306;542;14694;15420;4.18;0.26;405.05;28.92;1388;66;5318.00;726
13310;53;622568947;13310;538;14695;15421;4.16;0.25;405.07;28.93;1385;66;5319.00;726
13312;53;622568963;13312;540;14697;15421;4.15;0.25;405.09;28.96;1385;66;5320.00;724
13315;53;622568979;13315;546;14698;15422;4.12;0.25;405.12;28.96;1383;66;5321.00;724
13317;53;622569006;13317;550;14699;15422;4.10;0.25;405.14;28.97;1382;66;5322.00;723
13322;53;622569022;13322;553;14700;15422;4.08;0.25;405.33;28.99;1378;66;5323.00;722
13324;53;622569038;13324;563;14702;15422;4.06;0.25;405.42;29.00;1378;66;5324.00;720
13326;53;622569054;13326;567;14704;15422;4.03;0.25;405.40;29.04;1378;66;5325.00;718
13332;53;622569070;13332;554;14706;15422;4.02;0.24;405.37;29.05;1374;66;5326.00;716
13334;53;622569087;13334;547;14710;15422;4.02;0.24;405.36;29.19;1376;66;5327.00;712
13335;53;622569103;13335;563;14776;15549;4.12;0.25;405.34;29.07;1441;66;5328.00;773
13336;53;622569129;13336;558;14779;15550;4.16;0.26;405.32;29.10;1443;66;5329.00;771
13337;53;622569145;13337;556;14785;15550;4.21;0.26;405.34;29.23;1448;66;5330.00;765
13338;53;622569164;13338;545;14789;15550;4.28;0.26;405.36;29.25;1451;66;5331.00;761
13341;53;622569180;13341;556;14794;15550;4.33;0.27;405.41;29.28;1453;66;5332.00;756
13343;53;622569197;13343;564;14796;15550;4.38;0.27;405.42;29.28;1453;66;5333.00;754
13344;53;622569215;13344;560;14799;15550;4.44;0.27;405.47;29.39;1455;66;5334.00;751
13348;53;622569231;13348;564;14803;15550;4.49;0.28;405.51;29.40;1455;66;5335.00;747
13352;53;622569248;13352;572;14809;15551;4.50;0.28;405.58;29.44;1457;66;5336.00;742
13354;53;622569267;13354;565;14813;15552;4.52;0.28;405.58;29.45;1459;66;5337.00;739
13356;53;622569284;13356;567;14816;15552;4.52;0.28;405.61;29.47;1460;66;5338.00;736
13362;53;622569300;13362;565;14820;15553;4.52;0.28;405.67;29.48;1458;66;5339.00;733
13365;53;622569318;13365;563;14824;15553;4.47;0.27;405.68;29.51;1459;66;5340.00;729
13367;53;622569335;13367;565;14827;15553;4.45;0.27;405.69;29.54;1460;66;5341.00;726
13370;53;622569351;13370;563;14830;15553;4.45;0.27;405.70;29.56;1460;66;5342.00;723
13374;53;622569367;13374;568;14835;15557;4.39;0.27;405.80;29.57;1461;66;5343.00;722
13378;53;622569391;13378;572;14838;15557;4.34;0.27;405.86;29.59;1460;66;5344.00;719
13379;53;622569407;13379;578;14839;15557;4.31;0.26;405.88;29.59;1460;66;5345.00;718
13381;53;622569423;13381;588;14842;15560;4.28;0.26;405.93;29.62;1461;66;5346.00;718
13383;53;622569439;13383;594;14844;15560;4.24;0.26;405.93;29.73;1461;66;5347.00;716
13385;53;622569455;13385;598;14847;15560;4.22;0.26;405.97;29.76;1462;66;5348.00;713
13386;53;622569472;13386;607;14848;15564;4.23;0.26;405.98;29.76;1462;66;5349.00;716
13390;53;622569488;13390;611;14852;15565;4.23;0.26;406.10;29.79;1462;66;5350.00;713
13391;53;622569504;13391;618;14854;15565;4.20;0.26;406.17;29.80;1463;66;5351.00;711
13392;53;622569520;13392;610;14858;15569;4.20;0.26;406.15;29.81;1466;66;5352.00;711
13392;53;622569536;13392;613;14860;15569;4.22;0.26;406.15;29.82;1468;66;5353.00;709
13393;53;622569551;13393;621;14861;15569;4.26;0.26;406.15;29.82;1468;66;5354.00;708
13396;53;622569568;13396;624;14862;15571;4.24;0.26;406.13;29.84;1466;66;5355.00;709
13397;53;622569583;13397;633;14864;15571;4.25;0.26;406.11;29.85;1467;66;5356.00;707
13399;53;622569599;13399;643;14870;15577;4.26;0.26;406.23;29.86;1471;66;5357.00;707
13402;53;622569615;13402;659;14871;15577;4.27;0.26;406.21;29.86;1469;66;5358.00;706
13403;53;622569632;13403;660;14873;15577;4.26;0.26;406.25;29.87;1470;66;5359.00;704
13408;53;622569647;13408;659;14874;15578;4.21;0.26;406.20;29.88;1466;66;5360.00;704
13410;53;622569665;13410;658;14875;15578;4.18;0.26;406.31;29.90;1465;66;5361.00;703
13412;53;622569681;13412;651;14875;15578;4.13;0.25;406.27;29.90;1463;66;5362.00;703
13415;53;622569696;13415;648;14877;15578;4.08;0.25;406.26;29.92;1462;66;5363.00;701
13416;53;622569712;13416;648;14885;15590;4.12;0.25;406.24;29.91;1469;66;5364.00;705
13418;53;622569730;13418;639;14887;15590;4.13;0.25;406.24;29.93;1469;66;5365.00;703
13423;53;622569745;13423;635;14887;15590;4.13;0.25;406.36;29.93;1464;66;5366.00;703
13424;53;622569761;13424;630;14889;15590;4.14;0.25;406.33;29.96;1465;66;5367.00;701
13425;53;622569777;13425;633;14889;15590;4.16;0.25;406.31;29.96;1464;66;5368.00;701
13430;53;622569792;13430;631;14889;15590;4.15;0.25;406.19;29.96;1459;66;5369.00;701
13433;53;622569810;13433;634;14892;15594;4.14;0.25;406.19;29.98;1459;66;5370.00;702
13434;53;622569825;13434;637;14892;15594;4.13;0.25;406.19;29.98;1458;66;5371.00;702
13438;53;622569840;13438;633;14895;15598;4.10;0.25;406.15;29.98;1457;66;5372.00;703
13441;53;622569856;13441;638;14895;15599;4.06;0.25;406.15;29.98;1454;66;5373.00;704
13443;53;622569871;13443;642;14895;15599;4.02;0.24;406.15;29.98;1452;66;5374.00;704
13447;53;622569886;13447;640;14898;15599;3.97;0.24;406.15;30.22;1451;66;5375.00;701
13449;53;622569909;13449;639;14909;15612;3.97;0.24;406.12;30.23;1460;66;5376.00;703
13452;53;622569931;13452;635;14911;15612;3.95;0.24;406.08;30.24;1459;66;5377.00;701
13455;53;622569952;13455;641;14912;15612;3.99;0.24;406.09;30.25;1457;66;5378.00;700
13459;53;622569968;13459;642;14913;15613;4.01;0.24;406.17;30.25;1454;66;5379.00;700
13459;53;622569984;13459;638;14914;15614;4.06;0.25;406.17;30.26;1455;66;5380.00;700
13460;53;622570006;13460;644;14916;15614;4.10;0.25;406.16;30.28;1456;66;5381.00;698
13462;53;622570032;13462;650;14918;15617;4.11;0.25;406.18;30.29;1456;66;5382.00;699
13466;53;622570058;13466;649;14918;15617;4.06;0.25;406.19;30.29;1452;66;5383.00;699
13467;53;622570081;13467;657;14919;15617;4.05;0.25;406.19;30.30;1452;66;5384.00;698
13468;53;622570104;13468;654;14920;15617;4.06;0.25;406.19;30.31;1452;66;5385.00;697
13469;53;622570123;13469;662;14924;15623;4.03;0.25;406.17;30.31;1455;66;5386.00;699
13469;53;622570140;13469;646;14925;15623;4.00;0.24;406.17;30.32;1456;66;5387.00;698
13469;53;622570158;13469;641;14925;15623;3.95;0.24;406.17;30.32;1456;66;5388.00;698
13469;53;622570175;13469;639;14925;15623;3.94;0.24;406.17;30.32;1456;66;5389.00;698
13471;53;622570193;13471;637;14929;15627;3.98;0.24;406.13;30.35;1458;66;5390.00;698
13472;53;622570213;13472;645;14929;15628;4.03;0.25;406.12;30.35;1457;66;5391.00;699
13472;53;622570230;13472;641;14929;15628;4.08;0.25;406.12;30.35;1457;66;5392.00;699
13473;53;622570246;13473;653;14931;15629;4.10;0.25;406.13;30.36;1458;66;5393.00;698
13474;53;622570271;13474;644;14931;15629;4.14;0.25;406.13;30.36;1457;66;5394.00;698
13476;53;622570287;13476;647;14931;15629;4.12;0.25;406.09;30.36;1455;66;5395.00;698
13478;53;622570303;13478;655;14931;15629;4.11;0.25;406.12;30.36;1453;66;5396.00;698
13478;53;622570325;13478;661;14932;15629;4.10;0.25;406.12;30.37;1454;66;5397.00;697
13480;53;622570341;13480;668;14932;15629;4.08;0.25;406.15;30.37;1452;66;5398.00;697
13482;53;622570357;13482;672;14933;15629;4.07;0.25;406.25;30.38;1451;67;5399.00;696
