step_arrived;step_collisions;step_duration;step_ended;step_halting;step_inserted;step_loaded;step_meanSpeed;step_meanSpeedRelative;step_meanTravelTime;step_meanWaitingTime;step_running;step_teleports;step_time;step_waiting
0;0;622408742;0;1;83;245;16.55;1.17;-1.00;0.00;83;0;0.00;162
0;0;622408775;0;0;94;245;15.95;1.11;-1.00;0.12;94;0;1.00;151
0;0;622408776;0;1;115;245;15.13;1.03;-1.00;0.46;115;0;2.00;130
0;0;622408778;0;1;131;245;14.12;0.95;-1.00;0.77;131;0;3.00;114
0;0;622408779;0;1;147;245;12.97;0.87;-1.00;1.12;147;0;4.00;98
0;0;622408780;0;5;157;245;12.21;0.81;-1.00;1.37;157;0;5.00;88
0;0;622408782;0;4;170;245;11.26;0.74;-1.00;1.72;170;0;6.00;75
0;0;622408784;0;11;179;245;10.54;0.70;-1.00;1.99;179;0;7.00;66
0;0;622408786;0;15;189;246;9.92;0.65;-1.00;2.31;189;0;8.00;57
0;0;622408788;0;18;193;247;9.52;0.63;-1.00;2.45;193;0;9.00;54
0;0;622408791;0;16;198;247;9.26;0.61;-1.00;2.64;198;0;10.00;49
0;0;622408793;0;22;204;248;9.02;0.59;-1.00;2.83;204;0;11.00;44
0;0;622408795;0;27;209;248;8.74;0.57;-1.00;3.05;209;0;12.00;39
1;0;622408797;1;33;211;248;8.48;0.55;13.00;3.15;210;0;13.00;37
1;0;622408800;1;36;215;248;8.24;0.53;13.00;3.35;214;0;14.00;33
1;0;622408803;1;42;220;252;8.01;0.52;13.00;3.45;219;0;15.00;32
1;0;622408806;1;48;223;252;7.94;0.51;13.00;3.62;222;0;16.00;29
1;0;622408809;1;53;227;252;7.85;0.50;13.00;3.80;226;0;17.00;25
1;0;622408812;1;58;229;255;7.84;0.50;13.00;3.84;228;0;18.00;26
1;0;622408814;1;63;232;255;7.80;0.50;13.00;4.04;231;0;19.00;23
2;0;622408817;2;71;233;255;7.76;0.49;16.50;4.11;231;0;20.00;22
3;0;622408820;3;73;239;259;7.84;0.49;18.00;4.20;236;0;21.00;20
3;0;622408823;3;76;240;260;8.02;0.50;18.00;4.18;237;0;22.00;20
4;0;622408826;4;82;243;260;8.06;0.51;19.25;4.42;239;0;23.00;17
5;0;622408829;5;85;246;264;8.09;0.51;20.00;4.36;241;0;24.00;18
5;0;622408834;5;86;248;264;8.20;0.52;20.00;4.53;243;0;25.00;16
5;0;622408837;5;87;248;264;8.36;0.53;20.00;4.53;243;0;26.00;16
5;0;622408840;5;89;250;265;8.40;0.53;20.00;4.71;245;0;27.00;15
5;0;622408844;5;89;251;265;8.45;0.53;20.00;4.71;246;0;28.00;14
5;0;622408846;5;90;257;271;8.48;0.53;20.00;4.67;252;0;29.00;14
5;0;622408852;5;92;258;271;8.49;0.53;20.00;4.77;253;0;30.00;13
7;0;622408855;7;95;259;272;8.36;0.52;22.71;4.76;252;0;31.00;13
7;0;622408859;7;95;260;272;8.33;0.52;22.71;4.86;253;0;32.00;12
9;0;622408862;9;98;261;272;8.31;0.51;25.00;4.97;252;0;33.00;11
9;0;622408866;9;101;262;272;8.33;0.52;25.00;5.01;253;0;34.00;10
9;0;622408869;9;105;263;272;8.29;0.51;25.00;5.13;254;0;35.00;9
10;0;622408872;10;106;274;284;8.57;0.53;25.40;4.95;264;0;36.00;10
10;0;622408876;10;110;274;284;8.42;0.52;25.40;4.95;264;0;37.00;10
10;0;622408879;10;112;276;284;8.40;0.52;25.40;5.06;266;0;38.00;8
11;0;622408883;11;115;276;284;8.30;0.51;26.18;5.06;265;0;39.00;8
11;0;622408886;11;119;277;284;8.14;0.50;26.18;5.15;266;0;40.00;7
11;0;622408889;11;123;277;284;7.96;0.49;26.18;5.15;266;0;41.00;7
11;0;622408892;11;126;284;288;7.89;0.49;26.18;5.20;273;0;42.00;4
12;0;622408895;12;129;284;288;7.69;0.48;27.25;5.20;272;0;43.00;4
13;0;622408898;13;131;288;292;7.64;0.48;28.31;5.14;275;0;44.00;4
14;0;622408901;14;135;290;294;7.63;0.48;29.07;5.10;276;0;45.00;4
14;0;622408905;14;136;290;294;7.56;0.47;29.07;5.10;276;0;46.00;4
15;0;622408907;15;135;290;294;7.55;0.47;28.87;5.10;275;0;47.00;4
16;0;622408910;16;138;301;307;7.78;0.49;29.63;4.92;285;0;48.00;6
18;0;622408914;18;140;301;307;7.66;0.48;31.72;4.92;283;0;49.00;6
18;0;622408918;18;143;301;307;7.59;0.47;31.72;4.92;283;0;50.00;6
19;0;622408921;19;146;302;308;7.48;0.46;32.63;4.90;283;0;51.00;6
19;0;622408924;19;147;303;309;7.34;0.46;32.63;4.89;284;0;52.00;6
20;0;622408928;20;150;303;309;7.27;0.45;32.65;4.89;283;0;53.00;6
21;0;622408933;21;153;305;312;7.30;0.45;33.67;4.86;284;0;54.00;7
23;0;622408937;23;155;305;312;7.16;0.44;33.83;4.86;282;0;55.00;7
24;0;622408940;24;145;306;312;7.19;0.44;34.75;4.85;282;0;56.00;6
25;0;622408944;25;141;306;312;7.16;0.44;35.64;4.85;281;0;57.00;6
25;0;622408947;25;141;311;318;7.23;0.45;35.64;4.79;286;0;58.00;7
27;0;622408951;27;140;311;318;7.21;0.44;36.30;4.79;284;0;59.00;7
29;0;622408956;29;142;312;318;7.17;0.44;37.93;4.78;283;0;60.00;6
29;0;622408960;29;149;312;318;7.23;0.44;37.93;4.78;283;0;61.00;6
29;0;622408963;29;152;316;322;7.27;0.45;37.93;4.73;287;0;62.00;6
29;0;622408966;29;153;317;323;7.42;0.46;37.93;4.72;288;0;63.00;6
29;0;622408970;29;154;317;323;7.48;0.46;37.93;4.72;288;0;64.00;6
30;0;622408973;30;154;318;324;7.53;0.46;37.43;4.71;288;0;65.00;6
32;0;622408976;32;155;318;324;7.57;0.46;38.94;4.71;286;0;66.00;6
32;0;622408979;32;146;318;324;7.58;0.46;38.94;4.71;286;0;67.00;6
32;0;622408982;32;142;318;324;7.68;0.47;38.94;4.71;286;0;68.00;6
33;0;622408985;33;137;318;324;7.74;0.47;39.70;4.71;285;0;69.00;6
33;0;622408989;33;134;318;324;7.79;0.48;39.70;4.71;285;0;70.00;6
33;0;622408992;33;131;318;324;7.97;0.49;39.70;4.71;285;0;71.00;6
35;0;622408995;35;136;352;394;8.19;0.50;40.94;4.25;317;0;72.00;42
35;0;622409005;35;129;353;395;8.36;0.51;40.94;4.24;318;0;73.00;42
35;0;622409009;35;122;359;395;8.70;0.53;40.94;4.21;324;0;74.00;36
36;1;622409013;36;119;361;395;8.93;0.55;41.81;4.20;325;1;75.00;34
37;1;622409031;37;116;364;395;9.22;0.56;42.73;4.20;327;1;76.00;31
38;2;622409037;38;115;365;395;9.44;0.57;43.63;4.20;327;2;77.00;30
38;2;622409055;38;116;368;395;9.64;0.59;43.63;4.21;330;2;78.00;27
39;3;622409060;39;120;371;395;9.74;0.59;44.54;4.24;332;3;79.00;24
40;3;622409073;40;119;374;396;9.81;0.60;45.42;4.27;334;3;80.00;22
41;3;622409078;41;117;376;397;9.86;0.60;45.95;4.29;335;3;81.00;21
41;3;622409089;41;121;379;397;9.90;0.60;45.95;4.32;338;3;82.00;18
42;3;622409094;42;125;384;401;9.67;0.59;46.62;4.30;342;3;83.00;17
42;3;622409105;42;128;385;401;9.69;0.59;46.62;4.30;343;3;84.00;16
42;3;622409109;42;127;385;401;9.51;0.58;46.62;4.30;343;3;85.00;16
42;3;622409113;42;128;385;401;9.37;0.57;46.62;4.30;343;3;86.00;16
42;3;622409117;42;126;390;407;9.31;0.57;46.62;4.26;348;3;87.00;17
44;3;622409121;44;130;390;407;9.12;0.55;48.48;4.26;346;3;88.00;17
45;3;622409125;45;129;390;407;8.92;0.54;49.38;4.26;345;3;89.00;17
46;3;622409137;46;128;394;413;8.92;0.54;50.17;4.21;348;3;90.00;19
46;3;622409142;46;130;394;413;8.87;0.54;50.17;4.21;348;3;91.00;19
49;3;622409147;49;133;396;413;8.87;0.54;52.73;4.20;347;3;92.00;17
49;3;622409151;49;133;397;414;8.78;0.53;52.73;4.19;348;3;93.00;17
49;3;622409155;49;133;398;415;8.82;0.54;52.73;4.19;349;3;94.00;17
51;3;622409159;51;133;398;415;8.80;0.54;52.96;4.19;347;3;95.00;17
51;3;622409164;51;136;408;428;8.72;0.53;52.96;4.08;357;3;96.00;20
52;3;622409170;52;137;408;428;8.70;0.53;53.81;4.08;356;3;97.00;20
53;3;622409175;53;135;409;428;8.80;0.54;54.60;4.08;356;3;98.00;19
56;3;622409179;56;133;410;429;8.77;0.53;56.98;4.07;354;3;99.00;19
58;3;622409184;58;132;410;429;8.79;0.54;58.47;4.07;352;3;100.00;19
58;3;622409194;58;130;413;433;8.97;0.55;58.47;4.05;355;3;101.00;20
60;3;622409199;60;123;413;433;9.03;0.55;59.88;4.05;353;3;102.00;20
60;3;622409204;60;117;417;437;9.05;0.55;59.88;4.02;357;3;103.00;20
62;3;622409209;62;112;417;437;9.19;0.56;61.23;4.02;355;3;104.00;20
64;3;622409214;64;107;419;437;9.28;0.56;62.27;4.16;355;3;105.00;18
65;3;622409220;65;103;419;437;9.42;0.57;62.88;4.16;354;3;106.00;18
66;3;622409226;66;97;419;437;9.50;0.58;63.52;4.16;353;3;107.00;18
68;3;622409231;68;92;430;449;9.67;0.59;64.78;4.05;362;3;108.00;19
68;3;622409236;68;87;431;449;9.79;0.60;64.78;4.04;363;3;109.00;18
69;3;622409241;69;83;431;449;9.94;0.61;65.43;4.04;362;3;110.00;18
69;3;622409245;69;79;431;449;10.11;0.62;65.43;4.04;362;3;111.00;18
69;3;622409251;69;79;431;449;10.33;0.63;65.43;4.04;362;3;112.00;18
70;3;622409256;70;73;431;449;10.48;0.64;66.11;4.04;361;3;113.00;18
71;3;622409261;71;71;432;450;10.50;0.64;66.79;4.03;361;3;114.00;18
71;3;622409267;71;66;432;450;10.49;0.64;66.79;4.03;361;3;115.00;18
71;3;622409271;71;65;437;456;10.60;0.65;66.79;4.00;366;3;116.00;19
71;3;622409277;71;67;439;457;10.51;0.64;66.79;4.25;368;3;117.00;18
74;3;622409282;74;71;439;457;10.52;0.64;68.30;4.25;365;3;118.00;18
75;3;622409288;75;69;439;457;10.53;0.64;68.97;4.25;364;3;119.00;18
77;3;622409294;77;74;445;462;10.65;0.65;70.25;4.57;368;3;120.00;17
78;3;622409301;78;73;446;462;10.71;0.65;70.85;4.67;368;3;121.00;16
78;3;622409307;78;74;446;462;10.83;0.66;70.85;4.67;368;3;122.00;16
79;3;622409312;79;75;450;463;10.86;0.66;71.43;5.13;371;3;123.00;13
79;3;622409318;79;77;454;467;10.76;0.66;71.43;5.09;375;3;124.00;13
79;3;622409324;79;80;455;467;10.86;0.66;71.43;5.36;376;3;125.00;12
80;3;622409331;80;82;459;470;11.01;0.67;71.97;5.54;379;3;126.00;11
81;3;622409336;81;85;461;470;11.14;0.68;72.36;5.69;380;3;127.00;9
82;3;622409343;82;84;461;470;11.31;0.69;73.04;5.69;379;3;128.00;9
84;3;622409349;84;86;464;470;11.49;0.71;73.76;5.99;380;3;129.00;6
86;3;622409354;86;86;467;474;11.72;0.72;74.70;5.96;381;3;130.00;7
89;3;622409361;89;88;469;474;11.73;0.72;75.62;6.09;380;3;131.00;5
90;3;622409368;90;87;471;474;11.68;0.71;76.22;6.20;381;3;132.00;3
91;3;622409375;91;88;471;474;11.72;0.72;76.05;6.20;380;3;133.00;3
91;3;622409381;91;88;473;475;11.63;0.71;76.05;6.25;382;3;134.00;2
93;3;622409387;93;90;475;477;11.62;0.71;77.25;6.23;382;3;135.00;2
94;3;622409394;94;90;476;477;11.55;0.71;77.36;6.30;382;3;136.00;1
94;3;622409400;94;96;477;478;11.66;0.72;77.36;6.29;383;3;137.00;1
95;3;622409406;95;96;477;478;11.68;0.72;78.00;6.29;382;3;138.00;1
95;3;622409412;95;97;477;478;11.71;0.72;78.00;6.29;382;3;139.00;1
99;3;622409418;99;98;478;478;11.64;0.72;78.67;6.32;379;3;140.00;0
101;3;622409424;101;99;478;478;11.65;0.72;79.85;6.32;377;3;141.00;0
103;3;622409434;103;100;478;478;11.63;0.72;80.99;6.32;375;3;142.00;0
106;3;622409442;106;100;478;478;11.59;0.71;82.07;6.32;372;3;143.00;0
109;3;622409450;109;124;549;605;11.23;0.71;83.62;5.50;440;3;144.00;56
110;3;622409471;110;117;554;606;11.17;0.70;84.18;5.46;444;3;145.00;52
111;3;622409481;111;114;562;606;11.17;0.70;84.41;5.41;451;3;146.00;44
114;3;622409490;114;116;565;606;11.05;0.69;84.86;5.40;451;3;147.00;41
114;3;622409500;114;117;571;606;11.06;0.69;84.86;5.39;457;3;148.00;35
114;3;622409510;114;120;576;606;10.96;0.69;84.86;5.38;462;3;149.00;30
118;3;622409519;118;119;580;611;10.76;0.67;86.69;5.37;462;3;150.00;31
120;3;622409530;120;119;583;611;10.75;0.67;87.74;5.38;463;3;151.00;28
120;3;622409537;120;116;586;612;10.75;0.67;87.74;5.39;466;3;152.00;26
123;3;622409544;123;116;588;613;10.76;0.67;88.90;5.40;465;3;153.00;25
124;3;622409553;124;118;592;613;10.76;0.67;89.36;5.43;468;3;154.00;21
125;3;622409561;125;119;596;614;10.71;0.66;89.42;5.45;471;3;155.00;18
128;3;622409569;128;126;601;614;10.56;0.65;89.80;5.49;473;3;156.00;13
129;3;622409577;129;127;602;614;10.45;0.65;90.33;5.50;473;3;157.00;12
131;3;622409584;131;130;606;614;10.23;0.63;91.31;5.54;475;3;158.00;8
131;3;622409592;131;136;609;618;10.06;0.62;91.31;5.55;478;3;159.00;9
132;3;622409601;132;141;611;618;9.93;0.62;91.83;5.56;479;3;160.00;7
133;3;622409607;133;140;611;618;9.77;0.61;91.26;5.56;478;3;161.00;7
134;3;622409614;134;146;614;621;9.74;0.60;91.76;5.59;480;3;162.00;7
135;3;622409621;135;150;614;621;9.75;0.60;91.74;5.59;479;3;163.00;7
139;3;622409627;139;148;615;621;9.66;0.60;93.12;5.60;476;3;164.00;6
144;3;622409633;144;147;620;625;9.60;0.59;94.34;5.60;476;3;165.00;5
145;3;622409641;145;146;623;626;9.60;0.59;94.17;5.62;478;3;166.00;3
146;3;622409647;146;151;623;626;9.49;0.59;94.60;5.62;477;3;167.00;3
146;3;622409653;146;153;628;630;9.37;0.58;94.60;5.58;482;3;168.00;2
146;3;622409660;146;156;628;630;9.16;0.57;94.60;5.58;482;3;169.00;2
150;3;622409665;150;147;628;630;9.06;0.56;94.53;5.58;478;3;170.00;2
152;3;622409671;152;144;629;631;8.87;0.55;95.38;5.57;477;3;171.00;2
153;3;622409677;153;140;629;631;8.76;0.54;95.78;5.57;476;3;172.00;2
155;3;622409683;155;135;635;637;8.89;0.55;96.63;5.53;480;3;173.00;2
155;3;622409690;155;131;635;637;8.89;0.55;96.63;5.53;480;3;174.00;2
155;3;622409696;155;127;638;638;8.88;0.55;96.63;5.56;483;3;175.00;0
156;3;622409703;156;128;638;638;8.84;0.54;97.04;5.56;482;3;176.00;0
157;3;622409709;157;128;638;638;8.79;0.54;97.54;5.56;481;3;177.00;0
158;3;622409716;158;125;638;638;8.89;0.55;97.25;5.56;480;3;178.00;0
158;3;622409722;158;124;638;638;8.96;0.55;97.25;5.56;480;3;179.00;0
160;3;622409730;160;127;668;672;9.11;0.56;97.79;5.31;508;3;180.00;4
160;3;622409740;160;118;669;672;9.14;0.57;97.79;5.31;509;3;181.00;3
161;3;622409747;161;113;671;672;9.17;0.57;97.77;5.30;510;3;182.00;1
163;3;622409753;163;114;671;672;9.21;0.57;98.80;5.30;508;3;183.00;1
166;3;622409759;166;118;672;672;9.26;0.57;99.93;5.29;506;3;184.00;0
168;3;622409766;168;124;672;672;9.33;0.58;100.13;5.29;504;3;185.00;0
169;3;622409776;169;132;676;676;9.46;0.58;100.35;5.27;507;3;186.00;0
170;3;622409795;170;140;676;676;9.54;0.59;100.42;5.27;506;3;187.00;0
172;3;622409805;172;145;680;680;9.59;0.59;100.88;5.24;508;3;188.00;0
174;3;622409815;174;147;681;681;9.55;0.59;101.24;5.24;507;3;189.00;0
176;3;622409825;176;151;681;681;9.48;0.58;101.09;5.24;505;3;190.00;0
178;3;622409835;178;159;681;681;9.40;0.58;101.26;5.24;503;3;191.00;0
180;3;622409847;180;164;694;694;9.36;0.58;101.58;5.14;514;3;192.00;0
184;3;622409857;184;169;694;694;9.21;0.57;100.92;5.14;510;3;193.00;0
185;3;622409866;185;170;694;694;9.25;0.57;101.02;5.14;509;3;194.00;0
187;3;622409879;187;174;695;695;9.19;0.57;101.10;5.13;508;3;195.00;0
192;3;622409888;192;181;696;696;8.97;0.55;101.05;5.13;504;3;196.00;0
194;3;622409896;194;186;696;696;8.93;0.55;101.29;5.13;502;3;197.00;0
195;3;622409903;195;193;698;699;8.82;0.54;101.76;5.11;503;3;198.00;1
197;3;622409911;197;196;698;699;8.61;0.53;101.28;5.11;501;3;199.00;1
201;3;622409920;201;199;699;699;8.37;0.51;101.29;5.11;498;3;200.00;0
203;3;622409935;203;207;699;699;8.17;0.50;101.39;5.11;496;3;201.00;0
206;3;622409943;206;210;705;705;7.95;0.49;101.29;5.07;499;3;202.00;0
208;3;622409950;208;218;705;705;7.77;0.48;101.08;5.07;497;3;203.00;0
210;3;622409956;210;225;705;705;7.59;0.46;101.80;5.07;495;3;204.00;0
212;3;622409963;212;230;705;705;7.31;0.45;101.24;5.07;493;3;205.00;0
215;3;622409971;215;233;709;709;7.13;0.44;102.07;5.05;494;3;206.00;0
215;3;622409977;215;237;710;710;7.04;0.43;102.07;5.04;495;3;207.00;0
218;3;622409983;218;243;710;710;6.87;0.42;102.54;5.04;492;3;208.00;0
219;3;622409989;219;246;711;711;6.83;0.42;102.99;5.04;492;3;209.00;0
219;3;622409996;219;250;711;711;6.74;0.41;102.99;5.04;492;3;210.00;0
220;3;622410002;220;257;711;711;6.74;0.41;102.72;5.04;491;3;211.00;0
221;3;622410010;221;260;711;711;6.68;0.41;102.86;5.04;490;3;212.00;0
224;3;622410016;224;265;711;711;6.59;0.40;103.46;5.04;487;3;213.00;0
224;3;622410023;224;268;711;711;6.55;0.40;103.46;5.04;487;3;214.00;0
226;3;622410029;226;273;711;711;6.47;0.40;103.40;5.04;485;3;215.00;0
226;3;622410036;226;283;755;781;6.83;0.42;103.40;4.74;529;3;216.00;26
226;3;622410050;226;268;757;782;6.83;0.42;103.40;4.73;531;3;217.00;25
227;3;622410058;227;260;764;782;6.91;0.43;103.48;4.71;537;3;218.00;18
229;3;622410065;229;244;767;782;6.96;0.43;104.30;4.70;538;3;219.00;15
229;3;622410071;229;234;769;782;7.07;0.44;104.30;4.70;540;3;220.00;13
230;3;622410078;230;230;771;782;7.21;0.44;104.47;4.70;541;3;221.00;11
231;3;622410085;231;230;773;782;7.36;0.45;104.71;4.70;542;3;222.00;9
232;3;622410092;232;227;775;782;7.55;0.46;104.82;4.71;543;3;223.00;7
232;3;622410099;232;224;777;783;7.70;0.47;104.82;4.72;545;3;224.00;6
233;3;622410106;233;224;780;785;7.82;0.48;104.98;4.72;547;3;225.00;5
236;3;622410114;236;211;782;785;7.97;0.49;106.48;4.74;546;3;226.00;3
237;3;622410121;237;200;788;789;8.10;0.50;106.12;4.72;551;3;227.00;1
238;3;622410129;238;198;789;789;8.25;0.51;106.62;4.72;551;3;228.00;0
239;3;622410144;239;191;789;789;8.36;0.51;106.52;4.72;550;3;229.00;0
241;3;622410152;241;185;789;789;8.50;0.52;106.39;4.72;548;3;230.00;0
243;3;622410161;243;180;795;795;8.67;0.53;107.22;4.69;552;3;231.00;0
243;3;622410170;243;172;795;795;8.81;0.54;107.22;4.69;552;3;232.00;0
244;3;622410178;244;167;795;795;8.90;0.54;107.14;4.69;551;3;233.00;0
244;3;622410187;244;162;797;798;9.08;0.56;107.14;4.68;553;3;234.00;1
244;3;622410194;244;161;797;798;9.22;0.57;107.14;4.68;553;3;235.00;1
245;3;622410203;245;159;798;798;9.33;0.57;107.08;4.68;553;3;236.00;0
247;3;622410210;247;151;799;799;9.38;0.58;107.92;4.67;552;3;237.00;0
248;3;622410218;248;145;800;800;9.49;0.58;108.44;4.67;552;3;238.00;0
252;3;622410225;252;143;800;800;9.55;0.58;109.59;4.67;548;3;239.00;0
253;3;622410234;253;145;824;826;9.45;0.58;110.08;4.53;571;3;240.00;2
261;3;622410244;261;135;824;826;9.47;0.58;111.62;4.53;563;3;241.00;2
263;3;622410252;263;134;826;826;9.58;0.58;112.11;4.53;563;3;242.00;0
265;3;622410260;265;129;827;827;9.64;0.59;112.40;4.52;562;3;243.00;0
267;3;622410267;267;125;827;827;9.72;0.59;112.59;4.52;560;3;244.00;0
269;3;622410274;269;122;831;831;9.78;0.60;113.30;4.51;562;3;245.00;0
272;3;622410282;272;121;831;831;9.89;0.60;113.22;4.51;559;3;246.00;0
275;3;622410290;275;122;835;835;9.95;0.61;114.15;4.49;560;3;247.00;0
277;3;622410297;277;124;835;835;10.02;0.61;114.60;4.49;558;3;248.00;0
280;3;622410304;280;123;835;835;10.14;0.62;115.75;4.49;555;3;249.00;0
280;3;622410311;280;125;835;835;10.27;0.62;115.75;4.49;555;3;250.00;0
282;3;622410318;282;125;835;835;10.26;0.62;115.68;4.49;553;3;251.00;0
284;3;622410325;284;125;846;847;10.26;0.62;116.34;4.43;562;3;252.00;1
285;3;622410333;285;126;846;847;10.27;0.63;116.32;4.43;561;3;253.00;1
287;3;622410341;287;130;847;847;10.35;0.63;116.34;4.43;560;3;254.00;0
287;3;622410348;287;133;847;847;10.34;0.63;116.34;4.43;560;3;255.00;0
288;3;622410355;288;140;847;847;10.36;0.63;116.58;4.43;559;3;256.00;0
290;3;622410362;290;145;847;847;10.39;0.63;117.04;4.43;557;3;257.00;0
290;3;622410369;290;149;848;848;10.36;0.63;117.04;4.42;558;3;258.00;0
290;3;622410375;290;153;848;848;10.33;0.63;117.04;4.42;558;3;259.00;0
290;3;622410382;290;149;854;854;10.33;0.63;117.04;4.40;564;3;260.00;0
292;3;622410389;292;143;855;855;10.31;0.63;116.92;4.39;563;3;261.00;0
293;3;622410396;293;139;855;855;10.33;0.63;117.01;4.39;562;3;262.00;0
297;3;622410403;297;135;855;855;10.32;0.63;117.39;4.39;558;3;263.00;0
300;3;622410410;300;136;859;859;10.37;0.63;117.96;4.37;559;3;264.00;0
303;3;622410417;303;134;859;859;10.37;0.63;118.51;4.37;556;3;265.00;0
306;3;622410424;306;131;859;859;10.42;0.63;119.55;4.37;553;3;266.00;0
308;3;622410440;308;132;860;860;10.47;0.63;120.24;4.37;552;3;267.00;0
309;3;622410447;309;132;864;864;10.47;0.63;120.25;4.35;555;3;268.00;0
313;3;622410455;313;122;864;864;10.49;0.63;120.77;4.35;551;3;269.00;0
314;3;622410464;314;121;868;870;10.58;0.64;121.02;4.33;554;3;270.00;2
315;3;622410472;315;118;868;870;10.59;0.64;120.92;4.33;553;3;271.00;2
319;3;622410480;319;111;870;870;10.62;0.64;121.30;4.33;551;3;272.00;0
322;3;622410488;322;110;870;870;10.60;0.64;122.03;4.33;548;3;273.00;0
325;3;622410495;325;104;874;874;10.66;0.64;122.22;4.31;549;3;274.00;0
327;3;622410503;327;101;874;874;10.75;0.65;122.35;4.31;547;3;275.00;0
328;3;622410511;328;97;874;874;10.88;0.66;122.38;4.31;546;3;276.00;0
330;3;622410518;330;94;874;874;10.95;0.66;122.38;4.31;544;3;277.00;0
331;3;622410525;331;88;875;875;10.98;0.66;122.42;4.31;544;3;278.00;0
333;3;622410533;333;84;876;876;11.03;0.67;122.28;4.30;543;3;279.00;0
334;3;622410540;334;82;876;876;11.09;0.67;122.54;4.30;542;3;280.00;0
336;3;622410547;336;79;877;877;11.21;0.68;122.28;4.30;541;3;281.00;0
338;3;622410555;338;76;877;877;11.33;0.69;122.16;4.30;539;3;282.00;0
338;3;622410563;338;80;877;877;11.46;0.69;122.16;4.30;539;3;283.00;0
339;3;622410570;339;82;877;877;11.49;0.70;121.89;4.30;538;3;284.00;0
340;3;622410577;340;79;877;877;11.47;0.70;122.36;4.30;537;3;285.00;0
342;3;622410585;342;84;877;877;11.50;0.70;122.87;4.30;535;3;286.00;0
346;3;622410593;346;82;877;877;11.55;0.70;123.56;4.30;531;3;287.00;0
347;3;622410601;347;104;949;1004;11.20;0.69;123.55;3.98;602;3;288.00;55
348;3;622410619;348;96;953;1005;11.15;0.69;123.51;3.97;605;3;289.00;52
349;3;622410627;349;88;957;1005;11.18;0.69;123.97;3.96;608;3;290.00;48
350;3;622410636;350;89;961;1005;11.11;0.69;123.90;3.95;611;3;291.00;44
352;3;622410645;352;91;965;1005;11.17;0.69;124.81;3.95;613;3;292.00;40
353;3;622410655;353;91;967;1005;11.17;0.69;124.60;3.96;614;3;293.00;38
353;3;622410663;353;93;970;1005;11.21;0.69;124.60;3.96;617;3;294.00;35
355;3;622410672;355;91;972;1005;11.22;0.69;124.70;3.97;617;3;295.00;33
357;3;622410681;357;88;974;1006;11.30;0.70;125.24;3.98;617;3;296.00;32
358;3;622410690;358;92;977;1007;11.40;0.70;125.05;3.99;619;3;297.00;30
362;3;622410700;362;94;979;1007;11.46;0.70;125.62;4.00;617;3;298.00;28
363;3;622410709;363;100;980;1008;11.51;0.71;125.31;4.01;617;3;299.00;28
364;3;622410720;364;107;987;1014;11.44;0.70;125.64;4.04;623;3;300.00;27
365;3;622410735;365;103;990;1014;11.39;0.70;126.10;4.07;625;3;301.00;24
368;3;622410745;368;105;991;1014;11.39;0.70;126.64;4.08;623;3;302.00;23
371;3;622410755;371;107;996;1018;11.31;0.69;126.50;4.11;625;3;303.00;22
372;3;622410766;372;112;997;1018;11.33;0.69;126.91;4.12;625;3;304.00;21
373;3;622410778;373;121;1002;1018;11.24;0.69;127.20;4.17;629;3;305.00;16
374;3;622410788;374;132;1008;1021;11.18;0.68;127.66;4.21;634;3;306.00;13
375;3;622410798;375;132;1009;1021;11.09;0.68;127.75;4.21;634;3;307.00;12
376;3;622410807;376;135;1010;1021;11.10;0.68;128.03;4.21;634;3;308.00;11
379;3;622410817;379;139;1014;1025;10.96;0.67;128.76;4.21;635;3;309.00;11
382;3;622410826;382;142;1016;1026;10.86;0.67;129.27;4.23;634;3;310.00;10
385;3;622410836;385;148;1018;1026;10.66;0.65;129.77;4.26;633;3;311.00;8
387;3;622410852;387;157;1024;1030;10.50;0.65;130.39;4.25;637;3;312.00;6
389;3;622410861;389;154;1025;1030;10.41;0.64;130.31;4.26;636;3;313.00;5
389;3;622410870;389;155;1026;1030;10.23;0.63;130.31;4.26;637;3;314.00;4
390;3;622410886;390;161;1028;1032;10.13;0.62;130.54;4.26;638;3;315.00;4
394;3;622410895;394;163;1028;1032;9.99;0.61;131.16;4.26;634;3;316.00;4
394;3;622410903;394;171;1034;1038;9.84;0.60;131.16;4.24;640;3;317.00;4
396;3;622410913;396;175;1034;1038;9.68;0.59;131.16;4.24;638;3;318.00;4
397;3;622410921;397;171;1035;1039;9.52;0.59;131.38;4.23;638;3;319.00;4
400;3;622410930;400;176;1036;1039;9.36;0.58;131.78;4.26;636;3;320.00;3
401;3;622410939;401;180;1036;1039;9.22;0.57;132.07;4.26;635;3;321.00;3
406;3;622410946;406;187;1036;1039;9.08;0.56;133.34;4.26;630;3;322.00;3
412;3;622410955;412;190;1036;1039;8.98;0.55;134.17;4.26;624;3;323.00;3
413;3;622410964;413;192;1048;1051;9.03;0.55;134.32;4.21;635;3;324.00;3
416;3;622410974;416;195;1049;1051;9.08;0.56;134.48;4.24;633;3;325.00;2
418;3;622410982;418;196;1049;1051;9.08;0.56;134.57;4.24;631;3;326.00;2
418;3;622410990;418;197;1050;1051;9.12;0.56;134.57;4.28;632;3;327.00;1
419;3;622410997;419;200;1050;1051;9.13;0.56;134.68;4.28;631;3;328.00;1
421;3;622411006;421;211;1051;1051;9.17;0.56;135.02;4.29;630;3;329.00;0
421;3;622411016;421;215;1054;1055;9.12;0.56;135.02;4.28;633;3;330.00;1
422;3;622411024;422;218;1055;1055;9.12;0.56;135.06;4.28;633;3;331.00;0
426;3;622411032;426;219;1059;1059;9.05;0.56;135.35;4.27;633;3;332.00;0
430;3;622411041;430;222;1060;1060;8.93;0.55;136.09;4.26;630;3;333.00;0
433;3;622411049;433;221;1060;1060;8.82;0.54;136.86;4.26;627;3;334.00;0
439;3;622411056;439;224;1060;1060;8.70;0.53;137.35;4.26;621;3;335.00;0
440;3;622411065;440;227;1073;1073;8.58;0.53;137.42;4.21;633;3;336.00;0
443;3;622411073;443;225;1073;1073;8.42;0.52;138.77;4.21;630;3;337.00;0
446;3;622411080;446;229;1073;1073;8.31;0.51;139.57;4.21;627;3;338.00;0
451;3;622411087;451;231;1074;1074;8.09;0.50;140.39;4.21;623;3;339.00;0
454;3;622411095;454;220;1075;1075;7.92;0.49;141.70;4.21;621;3;340.00;0
457;3;622411102;457;219;1075;1075;7.80;0.48;141.74;4.21;618;3;341.00;0
461;3;622411108;461;218;1078;1078;7.71;0.48;142.20;4.19;617;3;342.00;0
464;3;622411116;464;214;1078;1078;7.70;0.48;143.02;4.19;614;3;343.00;0
470;3;622411123;470;217;1078;1078;7.69;0.47;142.97;4.19;608;3;344.00;0
473;3;622411130;473;218;1078;1078;7.68;0.47;143.37;4.19;605;3;345.00;0
477;3;622411137;477;218;1083;1084;7.77;0.48;144.19;4.18;606;3;346.00;1
480;3;622411145;480;212;1083;1084;7.75;0.48;144.75;4.18;603;3;347.00;1
482;3;622411152;482;208;1083;1084;7.68;0.47;144.52;4.18;601;3;348.00;1
485;3;622411159;485;210;1084;1084;7.58;0.47;144.57;4.18;599;3;349.00;0
486;3;622411166;486;212;1088;1088;7.59;0.47;144.64;4.17;602;3;350.00;0
490;3;622411173;490;216;1089;1089;7.52;0.46;144.48;4.16;599;3;351.00;0
491;3;622411180;491;217;1089;1089;7.49;0.46;144.80;4.16;598;3;352.00;0
492;3;622411188;492;224;1090;1090;7.44;0.46;144.64;4.16;598;3;353.00;0
496;3;622411195;496;227;1090;1090;7.40;0.46;144.91;4.16;594;3;354.00;0
501;3;622411202;501;230;1090;1090;7.39;0.45;144.62;4.16;589;3;355.00;0
504;3;622411209;504;235;1090;1090;7.42;0.46;144.96;4.16;586;3;356.00;0
508;3;622411217;508;240;1090;1090;7.47;0.46;144.98;4.16;582;3;357.00;0
508;3;622411224;508;241;1090;1090;7.50;0.46;144.98;4.16;582;3;358.00;0
512;3;622411231;512;238;1090;1090;7.41;0.45;144.94;4.16;578;3;359.00;0
514;3;622411240;514;241;1153;1215;7.88;0.49;145.01;3.93;639;3;360.00;62
516;3;622411259;516;244;1161;1216;7.80;0.49;145.20;3.91;645;3;361.00;55
516;3;622411267;516;249;1172;1216;7.85;0.49;145.20;3.90;656;3;362.00;44
518;3;622411275;518;252;1176;1216;7.70;0.48;145.02;3.89;658;3;363.00;40
521;3;622411283;521;256;1186;1216;7.59;0.47;145.25;3.89;665;3;364.00;30
522;3;622411292;522;256;1188;1216;7.48;0.46;145.12;3.90;666;3;365.00;28
524;3;622411301;524;259;1192;1216;7.38;0.46;145.21;3.90;668;3;366.00;24
525;3;622411310;525;262;1197;1216;7.29;0.45;145.32;3.92;672;3;367.00;19
526;3;622411319;526;270;1201;1217;7.19;0.45;145.74;3.93;675;3;368.00;16
527;3;622411328;527;279;1204;1218;6.99;0.43;145.72;3.94;677;3;369.00;14
527;3;622411335;527;282;1208;1218;6.84;0.42;145.72;3.95;681;3;370.00;10
529;3;622411344;529;276;1213;1222;6.72;0.42;145.51;3.95;684;3;371.00;9
531;3;622411352;531;274;1215;1222;6.66;0.41;145.66;3.96;684;3;372.00;7
532;3;622411360;532;270;1216;1222;6.62;0.41;145.43;3.97;684;3;373.00;6
533;3;622411369;533;272;1218;1222;6.62;0.41;145.32;3.99;685;3;374.00;4
534;3;622411378;534;271;1223;1228;6.64;0.41;145.54;3.99;689;3;375.00;5
536;3;622411387;536;276;1225;1228;6.73;0.41;145.52;4.01;689;3;376.00;3
536;3;622411396;536;271;1226;1228;6.88;0.42;145.52;4.01;690;3;377.00;2
538;3;622411412;538;273;1228;1231;6.96;0.43;145.71;4.01;690;3;378.00;3
540;3;622411428;540;272;1229;1231;7.11;0.43;145.45;4.01;689;3;379.00;2
540;4;622411436;540;270;1230;1231;7.18;0.44;145.45;4.01;690;4;380.00;1
540;4;622411454;540;270;1231;1232;7.17;0.44;145.45;4.00;691;4;381.00;1
543;4;622411464;543;274;1233;1233;7.17;0.44;145.76;4.00;690;4;382.00;0
544;4;622411480;544;273;1233;1233;7.20;0.44;145.72;4.00;689;4;383.00;0
546;4;622411490;546;280;1245;1246;7.25;0.44;145.27;3.96;699;4;384.00;1
549;4;622411499;549;276;1246;1246;7.22;0.44;145.19;3.96;697;4;385.00;0
551;4;622411509;551;271;1246;1246;7.24;0.44;145.15;3.96;695;4;386.00;0
552;4;622411522;552;266;1246;1247;7.25;0.44;145.39;3.96;694;4;387.00;1
553;4;622411531;553;266;1247;1247;7.26;0.44;145.82;3.96;694;4;388.00;0
553;4;622411540;553;258;1251;1251;7.38;0.45;145.82;3.95;698;4;389.00;0
554;4;622411551;554;253;1251;1251;7.44;0.45;145.99;3.95;697;4;390.00;0
554;4;622411560;554;250;1255;1255;7.55;0.46;145.99;3.94;701;4;391.00;0
559;4;622411569;559;248;1255;1255;7.60;0.46;146.82;3.94;696;4;392.00;0
561;4;622411579;561;252;1255;1255;7.71;0.47;146.80;3.94;694;4;393.00;0
565;4;622411588;565;252;1255;1255;7.74;0.47;147.09;3.94;690;4;394.00;0
567;4;622411597;567;256;1255;1255;7.75;0.47;147.23;3.94;688;4;395.00;0
568;4;622411613;568;240;1267;1267;7.87;0.48;147.35;3.90;699;4;396.00;0
570;4;622411624;570;233;1267;1267;7.94;0.49;148.09;3.90;697;4;397.00;0
572;4;622411634;572;221;1267;1267;8.03;0.49;148.41;3.90;695;4;398.00;0
574;4;622411644;574;218;1267;1267;8.12;0.50;148.74;3.90;693;4;399.00;0
576;4;622411655;576;214;1267;1267;8.24;0.51;149.36;3.90;691;4;400.00;0
578;4;622411670;578;210;1267;1267;8.34;0.51;149.80;3.90;689;4;401.00;0
584;4;622411681;584;207;1268;1268;8.42;0.51;150.69;3.90;684;4;402.00;0
584;4;622411692;584;206;1268;1268;8.56;0.52;150.69;3.90;684;4;403.00;0
585;4;622411702;585;202;1274;1274;8.71;0.53;150.73;3.89;689;4;404.00;0
587;4;622411712;587;200;1276;1276;8.81;0.54;150.85;3.88;689;4;405.00;0
590;4;622411723;590;199;1276;1276;8.86;0.54;151.14;3.88;686;4;406.00;0
591;4;622411732;591;192;1276;1276;8.94;0.55;151.33;3.88;685;4;407.00;0
596;4;622411742;596;194;1280;1280;8.96;0.55;153.05;3.87;684;4;408.00;0
597;4;622411752;597;190;1280;1280;9.08;0.55;153.03;3.87;683;4;409.00;0
598;4;622411761;598;181;1280;1280;9.18;0.56;153.22;3.87;682;4;410.00;0
600;4;622411773;600;183;1281;1281;9.21;0.56;153.30;3.87;681;4;411.00;0
600;4;622411793;600;182;1285;1285;9.17;0.56;153.30;3.86;685;4;412.00;0
602;4;622411809;602;179;1285;1285;9.19;0.56;153.97;3.86;683;4;413.00;0
606;4;622411824;606;176;1287;1288;9.21;0.56;154.54;3.85;681;4;414.00;1
610;4;622411838;610;173;1287;1288;9.21;0.56;155.30;3.85;677;4;415.00;1
612;4;622411852;612;175;1288;1288;9.31;0.57;156.05;3.85;676;4;416.00;0
616;4;622411864;616;172;1288;1288;9.27;0.57;156.69;3.85;672;4;417.00;0
619;4;622411879;619;171;1292;1292;9.39;0.57;156.61;3.84;673;4;418.00;0
621;4;622411892;621;166;1292;1292;9.47;0.58;157.43;3.84;671;4;419.00;0
626;4;622411905;626;166;1292;1292;9.46;0.58;158.21;3.84;666;4;420.00;0
627;4;622411915;627;168;1292;1292;9.56;0.58;158.25;3.84;665;4;421.00;0
629;4;622411926;629;168;1293;1293;9.47;0.58;158.82;3.84;664;4;422.00;0
631;4;622411936;631;169;1294;1294;9.54;0.58;159.13;3.84;663;4;423.00;0
631;4;622411945;631;172;1294;1294;9.53;0.58;159.13;3.84;663;4;424.00;0
633;4;622411955;633;172;1295;1295;9.57;0.58;159.51;3.83;662;4;425.00;0
635;5;622411964;635;172;1295;1295;9.57;0.58;159.77;3.83;660;5;426.00;0
637;5;622411983;637;173;1295;1295;9.60;0.59;160.03;3.83;658;5;427.00;0
637;5;622411998;637;172;1295;1295;9.60;0.59;160.03;3.83;658;5;428.00;0
640;5;622412007;640;174;1295;1295;9.67;0.59;160.43;3.83;655;5;429.00;0
641;5;622412016;641;164;1295;1295;9.75;0.60;160.68;3.83;654;5;430.00;0
646;5;622412026;646;158;1295;1295;9.75;0.59;161.57;3.83;649;5;431.00;0
649;5;622412035;649;184;1376;1422;9.33;0.58;161.91;3.61;727;5;432.00;46
651;5;622412057;651;167;1376;1423;9.42;0.58;162.29;3.61;725;5;433.00;47
652;5;622412069;652;149;1380;1423;9.60;0.59;162.40;3.61;728;5;434.00;43
653;5;622412078;653;145;1380;1423;9.71;0.60;162.48;3.61;727;5;435.00;43
656;5;622412088;656;145;1384;1423;9.86;0.61;163.24;3.61;728;5;436.00;39
659;5;622412098;659;145;1384;1423;9.99;0.62;163.14;3.61;725;5;437.00;39
665;5;622412107;665;146;1386;1423;10.02;0.62;164.39;3.61;721;5;438.00;37
668;5;622412117;668;144;1388;1423;10.15;0.62;164.89;3.62;720;5;439.00;35
669;5;622412127;669;141;1389;1424;10.20;0.63;164.96;3.62;720;5;440.00;35
675;5;622412137;675;144;1394;1425;10.15;0.62;165.85;3.64;719;5;441.00;31
678;5;622412147;678;137;1395;1425;10.23;0.63;166.40;3.64;717;5;442.00;30
679;5;622412158;679;137;1400;1426;10.30;0.63;166.31;3.67;721;5;443.00;26
684;5;622412168;684;131;1401;1426;10.23;0.63;167.23;3.67;717;5;444.00;25
688;5;622412178;688;129;1406;1426;10.21;0.63;167.63;3.70;718;5;445.00;20
692;5;622412189;692;127;1410;1426;10.18;0.62;167.64;3.73;718;5;446.00;16
695;5;622412205;695;124;1414;1430;10.16;0.62;167.83;3.74;719;5;447.00;16
696;5;622412215;696;120;1417;1430;10.19;0.62;167.82;3.77;721;5;448.00;13
698;5;622412225;698;122;1419;1430;10.17;0.62;167.95;3.79;721;5;449.00;11
702;5;622412236;702;122;1423;1436;10.16;0.62;168.33;3.80;721;5;450.00;13
703;5;622412247;703;124;1424;1436;10.21;0.62;168.22;3.81;721;5;451.00;12
707;5;622412257;707;124;1428;1436;10.18;0.62;168.48;3.82;721;5;452.00;8
709;5;622412268;709;121;1432;1440;10.11;0.62;168.52;3.82;723;5;453.00;8
712;5;622412278;712;126;1435;1441;10.05;0.61;168.85;3.82;723;5;454.00;6
717;5;622412289;717;125;1435;1441;10.02;0.61;169.00;3.82;718;5;455.00;6
719;5;622412299;719;123;1437;1445;10.08;0.61;169.38;3.81;718;5;456.00;8
722;5;622412309;722;125;1438;1445;10.16;0.62;169.67;3.81;716;5;457.00;7
726;5;622412319;726;126;1438;1445;10.16;0.62;169.58;3.81;712;5;458.00;7
728;5;622412330;728;126;1439;1446;10.18;0.62;170.23;3.81;711;5;459.00;7
733;5;622412340;733;128;1439;1446;10.20;0.62;170.50;3.81;706;5;460.00;7
734;5;622412351;734;130;1445;1452;10.18;0.62;170.60;3.83;711;5;461.00;7
736;5;622412366;736;133;1445;1452;10.16;0.62;170.73;3.83;709;5;462.00;7
738;5;622412376;738;136;1445;1453;10.16;0.62;171.06;3.83;707;5;463.00;8
740;5;622412386;740;138;1446;1453;10.08;0.61;171.48;3.85;706;5;464.00;7
744;5;622412396;744;140;1446;1453;10.01;0.61;172.01;3.85;702;5;465.00;7
745;5;622412407;745;144;1447;1453;9.97;0.61;171.93;3.86;702;5;466.00;6
748;5;622412416;748;145;1448;1453;9.90;0.60;172.19;3.87;700;5;467.00;5
752;5;622412426;752;153;1458;1465;9.96;0.61;172.24;3.84;706;5;468.00;7
752;5;622412436;752;151;1458;1465;9.98;0.61;172.24;3.84;706;5;469.00;7
754;5;622412446;754;161;1460;1465;9.97;0.61;172.36;3.85;706;5;470.00;5
756;5;622412455;756;167;1461;1465;9.98;0.61;172.77;3.87;705;5;471.00;4
758;5;622412465;758;166;1461;1465;9.98;0.61;172.79;3.87;703;5;472.00;4
759;5;622412475;759;176;1462;1465;9.96;0.61;172.68;3.88;703;5;473.00;3
762;5;622412485;762;178;1466;1469;9.87;0.60;172.96;3.88;704;5;474.00;3
762;5;622412495;762;181;1466;1469;9.89;0.61;172.96;3.88;704;5;475.00;3
766;5;622412505;766;181;1470;1473;9.93;0.61;172.64;3.87;704;5;476.00;3
766;5;622412515;766;186;1472;1474;9.91;0.61;172.64;3.88;706;5;477.00;2
769;5;622412524;769;189;1472;1474;9.89;0.60;172.65;3.88;703;5;478.00;2
771;5;622412535;771;195;1474;1474;9.81;0.60;172.37;3.88;703;5;479.00;0
771;5;622412545;771;203;1494;1500;9.79;0.60;172.37;3.83;723;5;480.00;6
772;5;622412557;772;202;1496;1500;9.68;0.59;172.39;3.83;724;5;481.00;4
775;5;622412569;775;207;1499;1500;9.62;0.59;172.48;3.83;724;5;482.00;1
777;5;622412580;777;210;1501;1501;9.56;0.59;172.99;3.82;724;5;483.00;0
781;5;622412590;781;217;1502;1502;9.48;0.58;172.91;3.82;721;5;484.00;0
783;5;622412600;783;220;1502;1502;9.43;0.58;173.14;3.82;719;5;485.00;0
784;5;622412610;784;219;1504;1505;9.35;0.57;173.17;3.82;720;5;486.00;1
786;5;622412619;786;228;1504;1505;9.24;0.56;173.20;3.82;718;5;487.00;1
786;5;622412629;786;233;1505;1505;9.21;0.56;173.20;3.81;719;5;488.00;0
788;5;622412638;788;231;1505;1505;9.12;0.56;173.07;3.81;717;5;489.00;0
791;5;622412648;791;231;1511;1511;9.12;0.56;173.17;3.80;720;5;490.00;0
793;5;622412657;793;229;1511;1511;9.01;0.55;172.94;3.80;718;5;491.00;0
795;5;622412666;795;229;1511;1511;9.00;0.55;173.17;3.80;716;5;492.00;0
799;5;622412675;799;233;1511;1511;8.90;0.54;172.99;3.80;712;5;493.00;0
800;5;622412684;800;238;1515;1515;8.79;0.54;172.94;3.80;715;5;494.00;0
803;5;622412693;803;241;1517;1517;8.74;0.53;172.61;3.79;714;5;495.00;0
803;5;622412703;803;243;1517;1517;8.73;0.53;172.61;3.79;714;5;496.00;0
806;5;622412712;806;245;1518;1518;8.73;0.53;172.39;3.79;712;5;497.00;0
808;5;622412721;808;247;1518;1518;8.67;0.53;172.19;3.79;710;5;498.00;0
810;5;622412729;810;253;1518;1518;8.77;0.53;172.02;3.79;708;5;499.00;0
812;5;622412740;812;248;1518;1518;8.79;0.54;171.74;3.79;706;5;500.00;0
813;5;622412753;813;250;1518;1518;8.79;0.54;171.75;3.79;705;5;501.00;0
814;5;622412762;814;252;1518;1518;8.75;0.53;171.80;3.79;704;5;502.00;0
819;5;622412772;819;252;1518;1518;8.68;0.53;171.54;3.79;699;5;503.00;0
822;5;622412781;822;258;1557;1588;8.81;0.54;171.78;3.69;735;5;504.00;31
823;5;622412795;823;255;1560;1589;8.69;0.53;172.10;3.69;737;5;505.00;29
824;5;622412804;824;251;1567;1589;8.67;0.53;171.98;3.68;743;5;506.00;22
828;5;622412812;828;255;1572;1589;8.50;0.52;172.50;3.68;744;5;507.00;17
829;5;622412820;829;253;1575;1589;8.36;0.51;172.46;3.68;746;5;508.00;14
835;5;622412828;835;260;1577;1589;8.17;0.50;172.85;3.68;742;5;509.00;12
838;5;622412838;838;254;1579;1589;8.10;0.50;173.67;3.68;741;5;510.00;10
840;5;622412847;840;250;1581;1589;8.06;0.49;174.20;3.69;741;5;511.00;8
844;5;622412855;844;247;1582;1590;8.01;0.49;174.73;3.69;738;5;512.00;8
848;5;622412863;848;249;1584;1591;7.94;0.48;175.49;3.70;736;5;513.00;7
849;5;622412872;849;248;1585;1591;7.96;0.49;175.83;3.70;736;5;514.00;6
852;5;622412881;852;255;1591;1595;7.88;0.48;175.78;3.70;739;5;515.00;4
854;5;622412892;854;264;1593;1595;7.74;0.47;176.29;3.71;739;5;516.00;2
856;5;622412901;856;262;1594;1595;7.70;0.47;176.65;3.72;738;5;517.00;1
858;5;622412909;858;263;1595;1595;7.62;0.47;176.93;3.72;737;5;518.00;0
862;5;622412925;862;257;1601;1601;7.48;0.46;177.52;3.71;739;5;519.00;0
862;5;622412935;862;266;1601;1601;7.44;0.45;177.52;3.71;739;5;520.00;0
865;5;622412943;865;268;1601;1601;7.38;0.45;178.22;3.71;736;5;521.00;0
866;5;622412953;866;272;1604;1604;7.34;0.45;178.39;3.70;738;5;522.00;0
868;5;622412961;868;258;1604;1604;7.26;0.44;178.59;3.70;736;5;523.00;0
870;5;622412971;870;250;1604;1604;7.23;0.44;178.77;3.70;734;5;524.00;0
872;5;622412980;872;249;1605;1605;7.23;0.44;179.11;3.70;733;5;525.00;0
873;5;622412989;873;248;1606;1606;7.28;0.45;179.37;3.70;733;5;526.00;0
879;5;622412998;879;244;1606;1606;7.24;0.44;179.56;3.70;727;5;527.00;0
884;6;622413008;884;248;1618;1619;7.39;0.45;179.51;3.67;734;6;528.00;1
887;6;622413035;887;247;1618;1619;7.44;0.45;179.10;3.67;731;6;529.00;1
890;6;622413045;890;243;1619;1619;7.46;0.46;179.62;3.67;729;6;530.00;0
894;6;622413054;894;248;1620;1620;7.52;0.46;179.76;3.67;726;6;531.00;0
895;6;622413071;895;251;1620;1620;7.60;0.46;179.85;3.67;725;6;532.00;0
897;6;622413081;897;251;1624;1624;7.68;0.47;179.99;3.66;727;6;533.00;0
899;6;622413092;899;253;1624;1624;7.70;0.47;180.29;3.66;725;6;534.00;0
901;6;622413107;901;251;1628;1628;7.80;0.48;180.59;3.65;727;6;535.00;0
903;6;622413117;903;251;1628;1628;7.75;0.47;180.81;3.65;725;6;536.00;0
904;6;622413127;904;246;1628;1628;7.76;0.47;180.97;3.65;724;6;537.00;0
907;6;622413136;907;243;1628;1628;7.71;0.47;181.03;3.65;721;6;538.00;0
910;6;622413146;910;242;1628;1628;7.68;0.47;180.97;3.65;718;6;539.00;0
914;6;622413157;914;242;1658;1662;7.85;0.48;181.52;3.59;744;6;540.00;4
916;6;622413170;916;239;1658;1662;7.89;0.48;181.33;3.59;742;6;541.00;4
918;6;622413179;918;237;1661;1662;7.97;0.49;181.56;3.58;743;6;542.00;1
922;6;622413189;922;239;1661;1662;8.01;0.49;182.13;3.58;739;6;543.00;1
926;6;622413199;926;235;1662;1662;8.05;0.49;182.15;3.58;736;6;544.00;0
928;6;622413209;928;239;1662;1662;8.01;0.49;182.22;3.58;734;6;545.00;0
929;6;622413219;929;238;1663;1663;8.01;0.49;182.23;3.58;734;6;546.00;0
932;6;622413229;932;241;1663;1663;7.99;0.49;182.26;3.58;731;6;547.00;0
934;6;622413238;934;239;1669;1669;7.96;0.49;182.23;3.57;735;6;548.00;0
936;6;622413249;936;241;1670;1670;7.97;0.49;182.31;3.57;734;6;549.00;0
943;6;622413260;943;246;1670;1670;7.90;0.48;182.30;3.57;727;6;550.00;0
946;6;622413273;946;255;1670;1670;7.84;0.48;182.48;3.57;724;6;551.00;0
949;6;622413284;949;252;1674;1674;7.76;0.47;182.41;3.56;725;6;552.00;0
952;6;622413295;952;257;1674;1674;7.66;0.47;182.60;3.56;722;6;553.00;0
953;6;622413304;953;260;1674;1674;7.55;0.46;182.75;3.56;721;6;554.00;0
955;6;622413314;955;258;1675;1675;7.47;0.45;182.90;3.56;720;6;555.00;0
956;6;622413323;956;263;1679;1679;7.43;0.45;183.04;3.56;723;6;556.00;0
958;6;622413335;958;255;1679;1679;7.42;0.45;183.12;3.56;721;6;557.00;0
959;7;622413345;959;247;1681;1682;7.43;0.45;183.23;3.55;722;7;558.00;1
961;7;622413368;961;242;1681;1682;7.37;0.45;183.32;3.55;720;7;559.00;1
961;7;622413378;961;236;1682;1682;7.48;0.46;183.32;3.55;721;7;560.00;0
964;7;622413389;964;237;1682;1682;7.53;0.46;183.38;3.55;718;7;561.00;0
964;7;622413399;964;231;1686;1686;7.74;0.47;183.38;3.54;722;7;562.00;0
967;7;622413410;967;236;1686;1686;7.84;0.48;183.67;3.54;719;7;563.00;0
970;7;622413420;970;227;1686;1686;7.93;0.48;184.05;3.54;716;7;564.00;0
972;7;622413438;972;228;1686;1686;7.98;0.49;184.31;3.54;714;7;565.00;0
977;8;622413449;977;210;1687;1687;8.03;0.49;184.78;3.54;710;8;566.00;0
982;8;622413473;982;205;1688;1688;8.07;0.49;185.16;3.54;706;8;567.00;0
985;8;622413484;985;196;1688;1688;8.17;0.50;185.52;3.54;703;8;568.00;0
989;8;622413495;989;193;1689;1689;8.22;0.50;185.99;3.54;700;8;569.00;0
990;8;622413507;990;194;1689;1689;8.30;0.50;186.35;3.54;699;8;570.00;0
994;8;622413518;994;191;1689;1689;8.39;0.51;186.70;3.54;695;8;571.00;0
995;8;622413528;995;198;1689;1689;8.46;0.51;187.02;3.54;694;8;572.00;0
997;8;622413538;997;193;1689;1689;8.54;0.52;187.43;3.54;692;8;573.00;0
998;8;622413548;998;194;1689;1689;8.63;0.53;187.43;3.54;691;8;574.00;0
1001;8;622413557;1001;196;1689;1689;8.66;0.53;187.86;3.54;688;8;575.00;0
1002;8;622413567;1002;222;1770;1816;8.71;0.54;187.89;3.38;768;8;576.00;46
1005;8;622413590;1005;212;1773;1817;8.75;0.54;187.99;3.37;768;8;577.00;44
1010;8;622413601;1010;196;1780;1817;8.78;0.54;188.45;3.37;770;8;578.00;37
1013;8;622413611;1013;190;1781;1817;8.79;0.54;188.81;3.37;768;8;579.00;36
1014;8;622413622;1014;188;1786;1817;8.84;0.54;189.08;3.37;772;8;580.00;31
1016;8;622413634;1016;187;1788;1817;8.81;0.54;189.47;3.37;772;8;581.00;29
1019;8;622413644;1019;194;1790;1817;8.73;0.54;190.06;3.38;771;8;582.00;27
1021;8;622413661;1021;192;1792;1817;8.68;0.53;190.21;3.38;771;8;583.00;25
1025;8;622413672;1025;199;1795;1818;8.66;0.53;190.71;3.39;770;8;584.00;23
1025;8;622413682;1025;200;1801;1820;8.67;0.53;190.71;3.40;776;8;585.00;19
1030;8;622413694;1030;199;1804;1820;8.59;0.53;191.58;3.41;774;8;586.00;16
1032;8;622413712;1032;204;1809;1821;8.50;0.52;191.80;3.43;777;8;587.00;12
1033;8;622413723;1033;204;1811;1821;8.47;0.52;192.13;3.44;778;8;588.00;10
1035;8;622413733;1035;209;1811;1821;8.46;0.52;192.26;3.44;776;8;589.00;10
1038;8;622413743;1038;218;1811;1821;8.43;0.52;192.74;3.44;773;8;590.00;10
1040;8;622413753;1040;222;1817;1825;8.42;0.52;192.99;3.45;777;8;591.00;8
1042;8;622413765;1042;227;1819;1825;8.42;0.52;193.09;3.46;777;8;592.00;6
1046;8;622413778;1046;231;1820;1825;8.42;0.52;193.40;3.46;774;8;593.00;5
1048;8;622413795;1048;229;1823;1828;8.51;0.52;193.63;3.48;775;8;594.00;5
1049;8;622413810;1049;234;1824;1828;8.55;0.52;193.80;3.48;775;8;595.00;4
1051;8;622413824;1051;236;1825;1828;8.62;0.52;193.76;3.49;774;8;596.00;3
1053;8;622413842;1053;235;1829;1832;8.63;0.52;193.83;3.49;776;8;597.00;3
1054;8;622413858;1054;235;1831;1833;8.68;0.53;193.83;3.49;777;8;598.00;2
1054;8;622413884;1054;236;1832;1833;8.73;0.53;193.83;3.49;778;8;599.00;1
1058;8;622413904;1058;242;1844;1859;8.67;0.53;193.63;3.47;786;8;600.00;15
1059;8;622413928;1059;229;1845;1859;8.75;0.53;193.56;3.47;786;8;601.00;14
1059;8;622413940;1059;226;1845;1859;8.83;0.54;193.56;3.47;786;8;602.00;14
1060;8;622413951;1060;227;1847;1860;8.95;0.55;193.80;3.47;787;8;603.00;13
1062;8;622413962;1062;224;1848;1860;9.00;0.55;194.10;3.47;786;8;604.00;12
1066;8;622413973;1066;217;1852;1866;9.06;0.55;194.66;3.46;786;8;605.00;14
1069;8;622413986;1069;222;1854;1866;9.12;0.56;194.85;3.47;785;8;606.00;12
1070;8;622413997;1070;215;1854;1867;9.28;0.57;194.96;3.47;784;8;607.00;13
1072;8;622414008;1072;217;1854;1867;9.36;0.57;195.44;3.47;782;8;608.00;13
1075;8;622414019;1075;212;1856;1867;9.38;0.57;196.00;3.47;781;8;609.00;11
1081;8;622414031;1081;211;1856;1867;9.37;0.57;196.26;3.47;775;8;610.00;11
1084;8;622414041;1084;201;1856;1867;9.39;0.57;196.22;3.47;772;8;611.00;11
1088;8;622414051;1088;201;1866;1879;9.39;0.57;196.50;3.46;778;8;612.00;13
1093;8;622414063;1093;193;1866;1879;9.40;0.57;196.77;3.46;773;8;613.00;13
1097;8;622414075;1097;186;1866;1879;9.35;0.56;196.95;3.46;769;8;614.00;13
1101;8;622414086;1101;191;1870;1879;9.32;0.56;197.31;3.47;769;8;615.00;9
1106;8;622414097;1106;185;1870;1879;9.29;0.56;198.41;3.47;764;8;616.00;9
1108;8;622414107;1108;181;1870;1879;9.31;0.56;198.51;3.47;762;8;617.00;9
1109;8;622414118;1109;176;1874;1883;9.30;0.56;198.63;3.48;765;8;618.00;9
1115;8;622414128;1115;168;1874;1883;9.29;0.56;198.98;3.48;759;8;619.00;9
1117;8;622414139;1117;172;1878;1887;9.29;0.56;198.96;3.48;761;8;620.00;9
1118;8;622414150;1118;169;1878;1888;9.27;0.56;199.30;3.48;760;8;621.00;10
1123;8;622414159;1123;166;1879;1888;9.23;0.56;199.80;3.48;756;8;622.00;9
1124;8;622414170;1124;169;1879;1888;9.22;0.56;199.91;3.48;755;8;623.00;9
1126;8;622414180;1126;172;1888;1901;9.10;0.55;199.99;3.48;762;8;624.00;13
1128;8;622414191;1128;170;1888;1901;9.07;0.55;200.12;3.48;760;8;625.00;13
1130;8;622414201;1130;170;1888;1901;9.03;0.55;200.61;3.48;758;8;626.00;13
1134;8;622414211;1134;173;1890;1902;8.99;0.54;200.96;3.49;756;8;627.00;12
1136;8;622414221;1136;177;1891;1903;9.01;0.55;201.27;3.49;755;8;628.00;12
1138;8;622414231;1138;178;1893;1903;8.98;0.54;201.35;3.51;755;8;629.00;10
1138;8;622414243;1138;180;1897;1909;9.04;0.55;201.35;3.50;759;8;630.00;12
1140;8;622414254;1140;182;1899;1909;9.06;0.55;201.62;3.50;759;8;631.00;10
1143;8;622414264;1143;183;1900;1909;9.10;0.55;201.40;3.50;757;8;632.00;9
1145;8;622414274;1145;182;1901;1909;9.12;0.55;201.40;3.52;756;8;633.00;8
1147;8;622414285;1147;188;1906;1915;9.12;0.55;201.15;3.51;759;8;634.00;9
1148;8;622414296;1148;190;1906;1915;9.12;0.55;201.00;3.51;758;8;635.00;9
1150;8;622414306;1150;192;1906;1915;9.12;0.55;201.21;3.51;756;8;636.00;9
1151;8;622414316;1151;194;1906;1915;9.09;0.55;201.17;3.51;755;8;637.00;9
1153;8;622414326;1153;202;1911;1919;9.02;0.55;201.04;3.53;758;8;638.00;8
1154;8;622414337;1154;205;1913;1920;8.99;0.55;200.98;3.53;759;8;639.00;7
1155;8;622414348;1155;212;1915;1920;8.88;0.54;201.04;3.55;760;8;640.00;5
1157;8;622414358;1157;220;1916;1921;8.89;0.54;201.21;3.55;759;8;641.00;5
1158;8;622414369;1158;225;1917;1921;8.85;0.54;201.14;3.56;759;8;642.00;4
1161;8;622414379;1161;230;1917;1921;8.78;0.54;200.94;3.56;756;8;643.00;4
1162;8;622414389;1162;235;1917;1921;8.77;0.54;200.94;3.56;755;8;644.00;4
1164;8;622414398;1164;237;1918;1921;8.78;0.54;200.75;3.57;754;8;645.00;3
1164;8;622414407;1164;240;1919;1921;8.79;0.54;200.75;3.58;755;8;646.00;2
1167;8;622414416;1167;243;1920;1921;8.71;0.53;200.60;3.59;753;8;647.00;1
1167;8;622414425;1167;254;1959;1991;8.86;0.54;200.60;3.52;792;8;648.00;32
1170;8;622414441;1170;248;1962;1992;8.75;0.54;200.63;3.52;792;8;649.00;30
1172;8;622414450;1172;251;1972;1992;8.65;0.53;200.53;3.51;800;8;650.00;20
1173;8;622414460;1173;259;1974;1992;8.50;0.52;200.39;3.51;801;8;651.00;18
1174;8;622414470;1174;264;1978;1992;8.46;0.52;200.41;3.51;804;8;652.00;14
1175;8;622414480;1175;267;1979;1992;8.41;0.52;200.49;3.51;804;8;653.00;13
1177;8;622414489;1177;273;1982;1992;8.32;0.51;200.38;3.51;805;8;654.00;10
1179;8;622414498;1179;274;1985;1992;8.23;0.51;200.36;3.52;806;8;655.00;7
1183;8;622414516;1183;278;1987;1993;8.08;0.50;200.00;3.52;804;8;656.00;6
1186;8;622414527;1186;281;1990;1994;8.00;0.49;199.92;3.53;804;8;657.00;4
1187;8;622414537;1187;286;1992;1994;7.92;0.49;199.93;3.54;805;8;658.00;2
1190;8;622414547;1190;290;1997;1998;7.78;0.48;199.73;3.53;807;8;659.00;1
1193;8;622414559;1193;291;1998;1998;7.70;0.47;199.65;3.53;805;8;660.00;0
1194;8;622414570;1194;292;1998;1998;7.61;0.47;199.58;3.53;804;8;661.00;0
1195;8;622414580;1195;295;1998;1998;7.50;0.46;199.55;3.53;803;8;662.00;0
1195;8;622414589;1195;298;2004;2004;7.44;0.46;199.55;3.53;809;8;663.00;0
1200;8;622414599;1200;298;2004;2004;7.34;0.45;199.60;3.53;804;8;664.00;0
1200;8;622414608;1200;302;2004;2004;7.27;0.45;199.60;3.53;804;8;665.00;0
1205;8;622414617;1205;303;2006;2007;7.24;0.44;199.38;3.52;801;8;666.00;1
1205;8;622414626;1205;304;2006;2007;7.24;0.44;199.38;3.52;801;8;667.00;1
1205;8;622414635;1205;315;2007;2007;7.22;0.44;199.38;3.52;802;8;668.00;0
1207;8;622414644;1207;319;2008;2008;7.19;0.44;199.42;3.52;801;8;669.00;0
1208;8;622414653;1208;316;2009;2009;7.15;0.44;199.41;3.52;801;8;670.00;0
1211;8;622414663;1211;320;2009;2009;7.02;0.43;199.40;3.52;798;8;671.00;0
1214;8;622414672;1214;330;2022;2022;6.92;0.42;199.70;3.50;808;8;672.00;0
1215;8;622414682;1215;327;2022;2022;6.89;0.42;199.67;3.50;807;8;673.00;0
1218;8;622414691;1218;332;2022;2022;6.84;0.42;199.54;3.50;804;8;674.00;0
1219;8;622414699;1219;322;2024;2024;6.77;0.41;199.60;3.49;805;8;675.00;0
1221;8;622414708;1221;313;2024;2024;6.69;0.41;199.64;3.49;803;8;676.00;0
1223;8;622414718;1223;308;2028;2028;6.72;0.41;199.91;3.49;805;8;677.00;0
1227;8;622414726;1227;305;2028;2028;6.63;0.41;200.05;3.49;801;8;678.00;0
1229;8;622414735;1229;306;2032;2032;6.59;0.40;200.09;3.48;803;8;679.00;0
1231;8;622414744;1231;288;2032;2032;6.63;0.41;200.37;3.48;801;8;680.00;0
1234;8;622414753;1234;277;2032;2032;6.61;0.41;200.68;3.48;798;8;681.00;0
1239;8;622414764;1239;272;2032;2032;6.61;0.40;200.57;3.48;793;8;682.00;0
1243;8;622414773;1243;268;2032;2032;6.66;0.41;200.59;3.48;789;8;683.00;0
1245;8;622414783;1245;267;2043;2044;6.75;0.41;200.46;3.46;798;8;684.00;1
1247;8;622414793;1247;265;2043;2044;6.79;0.41;200.31;3.46;796;8;685.00;1
1251;8;622414803;1251;270;2044;2044;6.85;0.42;200.36;3.46;793;8;686.00;0
1253;8;622414819;1253;265;2044;2044;6.95;0.42;200.65;3.46;791;8;687.00;0
1254;8;622414829;1254;256;2044;2044;7.04;0.43;200.81;3.46;790;8;688.00;0
1256;8;622414839;1256;249;2044;2044;7.13;0.44;201.07;3.46;788;8;689.00;0
1259;8;622414851;1259;243;2045;2045;7.19;0.44;201.48;3.46;786;8;690.00;0
1261;8;622414861;1261;245;2045;2045;7.23;0.44;201.69;3.46;784;8;691.00;0
1265;8;622414871;1265;247;2051;2051;7.39;0.45;201.89;3.46;786;8;692.00;0
1266;8;622414882;1266;246;2052;2052;7.46;0.46;202.08;3.45;786;8;693.00;0
1268;8;622414892;1268;247;2052;2052;7.53;0.46;202.31;3.45;784;8;694.00;0
1274;8;622414902;1274;252;2052;2052;7.52;0.46;202.82;3.45;778;8;695.00;0
1278;8;622414913;1278;250;2056;2056;7.62;0.47;202.93;3.45;778;8;696.00;0
1280;8;622414923;1280;248;2056;2056;7.64;0.47;203.03;3.45;776;8;697.00;0
1286;8;622414933;1286;247;2056;2056;7.60;0.46;203.29;3.45;770;8;698.00;0
1290;8;622414943;1290;246;2057;2057;7.63;0.47;203.93;3.45;767;8;699.00;0
1295;8;622414954;1295;242;2061;2061;7.62;0.46;203.89;3.44;766;8;700.00;0
1303;8;622414970;1303;239;2061;2061;7.47;0.45;204.01;3.44;758;8;701.00;0
1305;8;622414981;1305;241;2063;2064;7.54;0.46;204.28;3.44;758;8;702.00;1
1308;8;622414992;1308;237;2063;2064;7.58;0.46;204.49;3.44;755;8;703.00;1
1312;8;622415003;1312;232;2064;2064;7.55;0.46;204.45;3.44;752;8;704.00;0
1316;8;622415013;1316;234;2064;2064;7.57;0.46;205.00;3.44;748;8;705.00;0
1317;8;622415023;1317;235;2068;2068;7.68;0.47;205.27;3.43;751;8;706.00;0
1319;8;622415034;1319;233;2068;2068;7.72;0.47;205.42;3.43;749;8;707.00;0
1322;8;622415044;1322;233;2068;2068;7.75;0.47;205.58;3.43;746;8;708.00;0
1325;8;622415054;1325;234;2068;2068;7.74;0.47;206.21;3.43;743;8;709.00;0
1327;8;622415064;1327;235;2069;2069;7.70;0.47;206.25;3.43;742;8;710.00;0
1332;8;622415074;1332;231;2070;2070;7.77;0.47;206.60;3.43;738;8;711.00;0
1338;8;622415084;1338;226;2070;2070;7.82;0.48;207.31;3.43;732;8;712.00;0
1343;8;622415095;1343;221;2071;2071;7.87;0.48;207.75;3.43;728;8;713.00;0
1346;8;622415105;1346;220;2071;2071;7.97;0.49;207.99;3.43;725;8;714.00;0
1350;8;622415115;1350;223;2071;2071;8.04;0.49;208.24;3.43;721;8;715.00;0
1355;8;622415126;1355;223;2071;2071;8.05;0.49;208.73;3.43;716;8;716.00;0
1357;8;622415136;1357;221;2071;2071;8.07;0.49;208.88;3.43;714;8;717.00;0
1362;8;622415146;1362;218;2071;2071;8.10;0.49;209.17;3.43;709;8;718.00;0
1365;8;622415156;1365;221;2071;2071;8.14;0.50;209.66;3.43;706;8;719.00;0
1370;8;622415168;1370;261;2197;2301;8.20;0.52;209.83;3.23;827;8;720.00;104
1374;8;622415198;1374;249;2205;2302;8.17;0.51;210.36;3.22;831;8;721.00;97
1377;8;622415209;1377;234;2217;2302;8.17;0.51;210.61;3.22;840;8;722.00;85
1379;8;622415220;1379;236;2227;2302;8.09;0.51;210.67;3.22;848;8;723.00;75
1381;8;622415229;1381;236;2235;2302;8.02;0.50;210.84;3.22;854;8;724.00;67
1383;8;622415240;1383;242;2240;2302;7.89;0.49;211.16;3.22;857;8;725.00;62
1386;8;622415251;1386;246;2246;2302;7.78;0.48;211.41;3.23;860;8;726.00;56
1390;8;622415262;1390;235;2250;2302;7.70;0.48;211.60;3.24;860;8;727.00;52
1392;8;622415275;1392;239;2258;2303;7.67;0.48;211.61;3.26;866;8;728.00;45
1397;8;622415286;1397;249;2260;2304;7.62;0.47;212.10;3.26;863;8;729.00;44
1398;8;622415298;1398;244;2268;2304;7.53;0.47;212.21;3.28;870;8;730.00;36
1399;8;622415310;1399;246;2270;2305;7.48;0.47;212.36;3.29;871;8;731.00;35
1401;8;622415332;1401;253;2273;2305;7.43;0.46;212.42;3.30;872;8;732.00;32
1402;8;622415345;1402;261;2273;2305;7.42;0.46;212.46;3.30;871;8;733.00;32
1403;8;622415357;1403;264;2275;2305;7.46;0.46;212.42;3.31;872;8;734.00;30
1405;8;622415370;1405;274;2278;2309;7.40;0.46;212.59;3.31;873;8;735.00;31
1410;8;622415383;1410;271;2280;2309;7.36;0.46;212.74;3.32;870;8;736.00;29
1413;8;622415398;1413;281;2280;2309;7.30;0.45;212.78;3.32;867;8;737.00;29
1414;8;622415418;1414;280;2282;2312;7.28;0.45;212.88;3.33;868;8;738.00;30
1417;8;622415430;1417;282;2284;2312;7.26;0.45;212.78;3.35;867;8;739.00;28
1420;8;622415442;1420;279;2286;2312;7.31;0.45;212.78;3.36;866;8;740.00;26
1424;8;622415455;1424;281;2291;2316;7.31;0.45;212.58;3.36;867;8;741.00;25
1428;8;622415469;1428;289;2291;2317;7.35;0.45;212.94;3.36;863;8;742.00;26
1430;8;622415480;1430;300;2291;2317;7.37;0.45;212.93;3.36;861;8;743.00;26
1433;8;622415492;1433;297;2296;2321;7.39;0.45;213.20;3.38;863;8;744.00;25
1437;8;622415504;1437;303;2297;2321;7.38;0.45;213.35;3.39;860;8;745.00;24
1437;8;622415516;1437;308;2298;2321;7.37;0.45;213.35;3.39;861;8;746.00;23
1437;8;622415528;1437;300;2299;2322;7.46;0.46;213.35;3.40;862;8;747.00;23
1440;8;622415540;1440;300;2301;2322;7.48;0.46;213.57;3.42;861;8;748.00;21
1443;8;622415558;1443;296;2305;2328;7.56;0.46;213.88;3.41;862;8;749.00;23
1443;8;622415574;1443;291;2308;2328;7.63;0.47;213.88;3.42;865;8;750.00;20
1445;8;622415587;1445;283;2311;2329;7.66;0.47;213.95;3.43;866;8;751.00;18
1446;8;622415599;1446;279;2312;2329;7.72;0.47;214.00;3.43;866;8;752.00;17
1449;8;622415611;1449;280;2312;2329;7.78;0.47;214.22;3.43;863;8;753.00;17
1450;8;622415622;1450;281;2313;2329;7.84;0.48;214.32;3.45;863;8;754.00;16
1458;8;622415633;1458;279;2313;2329;7.87;0.48;214.85;3.45;855;8;755.00;16
1458;8;622415647;1458;281;2322;2341;7.93;0.48;214.85;3.44;864;8;756.00;19
1459;8;622415659;1459;282;2324;2341;7.96;0.49;214.92;3.45;865;8;757.00;17
1461;8;622415671;1461;283;2326;2341;8.02;0.49;215.05;3.46;865;8;758.00;15
1463;8;622415682;1463;279;2327;2341;8.04;0.49;215.25;3.48;864;8;759.00;14
1465;8;622415693;1465;283;2328;2341;8.02;0.49;215.42;3.49;863;8;760.00;13
1465;8;622415705;1465;274;2328;2341;8.05;0.49;215.42;3.49;863;8;761.00;13
1470;8;622415717;1470;276;2333;2345;8.02;0.49;215.58;3.49;863;8;762.00;12
1471;8;622415728;1471;277;2334;2345;8.05;0.49;215.46;3.50;863;8;763.00;11
1472;8;622415739;1472;272;2339;2349;8.09;0.49;215.53;3.50;867;8;764.00;10
1473;8;622415751;1473;278;2340;2351;8.05;0.49;215.42;3.50;867;8;765.00;11
1475;8;622415763;1475;281;2341;2351;8.05;0.49;215.51;3.50;866;8;766.00;10
1476;8;622415775;1476;284;2342;2351;8.06;0.49;215.58;3.50;866;8;767.00;9
1478;8;622415791;1478;284;2352;2364;7.99;0.49;215.57;3.49;874;8;768.00;12
1479;8;622415808;1479;282;2352;2364;7.95;0.48;215.57;3.49;873;8;769.00;12
1479;8;622415823;1479;280;2352;2364;7.99;0.49;215.57;3.49;873;8;770.00;12
1479;8;622415838;1479;276;2353;2365;7.96;0.49;215.57;3.48;874;8;771.00;12
1481;8;622415854;1481;272;2353;2366;7.96;0.49;215.81;3.48;872;8;772.00;13
1484;8;622415868;1484;273;2353;2366;7.92;0.48;215.90;3.48;869;8;773.00;13
1486;8;622415884;1486;271;2355;2369;7.88;0.48;216.15;3.48;869;8;774.00;14
1487;8;622415899;1487;271;2355;2369;7.83;0.48;216.19;3.48;868;8;775.00;14
1488;8;622415911;1488;267;2356;2369;7.84;0.48;216.18;3.48;868;8;776.00;13
1490;8;622415923;1490;270;2356;2369;7.83;0.48;216.18;3.48;866;8;777.00;13
1493;8;622415934;1493;268;2361;2375;7.90;0.48;216.39;3.48;868;8;778.00;14
1497;8;622415946;1497;267;2361;2375;7.91;0.48;216.46;3.48;864;8;779.00;14
1499;8;622415960;1499;259;2361;2375;7.89;0.48;216.59;3.48;862;8;780.00;14
1503;8;622415971;1503;261;2361;2375;7.83;0.48;216.86;3.48;858;8;781.00;14
1506;8;622415982;1506;254;2364;2379;7.73;0.47;217.10;3.47;858;8;782.00;15
1510;8;622415993;1510;255;2365;2380;7.66;0.47;216.98;3.47;855;8;783.00;15
1512;8;622416003;1512;251;2365;2380;7.63;0.47;217.18;3.47;853;8;784.00;15
1514;8;622416014;1514;251;2368;2381;7.61;0.46;217.39;3.48;854;8;785.00;13
1519;8;622416025;1519;249;2368;2381;7.58;0.46;217.52;3.48;849;8;786.00;13
1523;8;622416035;1523;250;2369;2381;7.58;0.46;217.62;3.48;846;8;787.00;12
1525;8;622416045;1525;255;2369;2381;7.55;0.46;217.54;3.48;844;8;788.00;12
1526;8;622416056;1526;255;2369;2381;7.61;0.46;217.57;3.48;843;8;789.00;12
1528;8;622416066;1528;250;2369;2381;7.65;0.47;217.70;3.48;841;8;790.00;12
1531;8;622416077;1531;252;2369;2381;7.67;0.47;217.89;3.48;838;8;791.00;12
1534;8;622416087;1534;250;2402;2451;7.80;0.48;217.79;3.43;868;8;792.00;49
1535;8;622416104;1535;245;2402;2452;7.83;0.48;217.72;3.43;867;8;793.00;50
1535;8;622416115;1535;247;2411;2452;7.93;0.49;217.72;3.43;876;8;794.00;41
1538;8;622416125;1538;249;2414;2452;7.91;0.48;217.80;3.43;876;8;795.00;38
1541;8;622416136;1541;254;2417;2452;7.89;0.48;217.78;3.46;876;8;796.00;35
1541;8;622416146;1541;253;2419;2452;7.87;0.48;217.78;3.46;878;8;797.00;33
1544;8;622416157;1544;254;2421;2452;7.85;0.48;217.74;3.46;877;8;798.00;31
1548;8;622416168;1548;257;2425;2452;7.83;0.48;217.51;3.47;877;8;799.00;27
1551;8;622416180;1551;259;2429;2453;7.77;0.47;217.37;3.50;878;8;800.00;24
1552;8;622416204;1552;264;2432;2454;7.66;0.47;217.28;3.51;880;8;801.00;22
1553;8;622416223;1553;271;2436;2454;7.55;0.46;217.19;3.55;883;8;802.00;18
1555;8;622416234;1555;272;2440;2458;7.48;0.45;217.12;3.55;885;8;803.00;18
1557;8;622416247;1557;273;2443;2458;7.36;0.45;217.32;3.58;886;8;804.00;15
1559;8;622416258;1559;278;2443;2458;7.30;0.44;217.13;3.58;884;8;805.00;15
1563;8;622416269;1563;284;2444;2458;7.19;0.44;217.00;3.62;881;8;806.00;14
1564;8;622416280;1564;293;2449;2464;7.16;0.44;216.99;3.61;885;8;807.00;15
1565;8;622416291;1565;297;2450;2464;7.09;0.43;216.86;3.65;885;8;808.00;14
1566;8;622416302;1566;301;2450;2464;7.08;0.43;216.76;3.65;884;8;809.00;14
1566;8;622416315;1566;310;2455;2470;7.05;0.43;216.76;3.65;889;8;810.00;15
1567;8;622416325;1567;313;2457;2470;6.98;0.43;216.75;3.69;890;8;811.00;13
1567;8;622416336;1567;317;2461;2470;6.99;0.43;216.75;3.74;894;8;812.00;9
1569;8;622416346;1569;319;2461;2471;6.91;0.42;216.68;3.74;892;8;813.00;10
1571;8;622416357;1571;324;2464;2472;6.80;0.42;216.65;3.75;893;8;814.00;8
1571;8;622416368;1571;326;2466;2472;6.77;0.42;216.65;3.80;895;8;815.00;6
1573;8;622416379;1573;335;2475;2485;6.82;0.42;216.41;3.79;902;8;816.00;10
1575;8;622416391;1575;341;2478;2485;6.82;0.42;216.30;3.81;903;8;817.00;7
1576;8;622416402;1576;345;2478;2485;6.84;0.42;216.39;3.81;902;8;818.00;7
1577;8;622416412;1577;347;2479;2486;6.84;0.42;216.38;3.81;902;8;819.00;7
1582;8;622416424;1582;353;2483;2486;6.75;0.41;216.07;3.84;901;8;820.00;3
1585;8;622416434;1585;358;2489;2490;6.74;0.41;215.89;3.83;904;8;821.00;1
1589;8;622416445;1589;361;2490;2490;6.61;0.40;215.94;3.83;901;8;822.00;0
1590;8;622416457;1590;368;2494;2494;6.57;0.40;216.09;3.83;904;8;823.00;0
1590;8;622416469;1590;367;2494;2494;6.48;0.40;216.09;3.83;904;8;824.00;0
1592;8;622416478;1592;377;2494;2494;6.39;0.39;215.94;3.83;902;8;825.00;0
1597;8;622416487;1597;385;2494;2494;6.22;0.38;215.61;3.83;897;8;826.00;0
1597;8;622416497;1597;375;2494;2494;6.12;0.37;215.61;3.83;897;8;827.00;0
1598;8;622416507;1598;370;2505;2506;6.09;0.37;215.62;3.81;907;8;828.00;1
1598;8;622416518;1598;359;2505;2506;6.04;0.37;215.62;3.81;907;8;829.00;1
1599;8;622416528;1599;351;2506;2506;6.09;0.37;215.57;3.81;907;8;830.00;0
1599;8;622416539;1599;346;2506;2506;6.11;0.37;215.57;3.81;907;8;831.00;0
1600;8;622416549;1600;343;2506;2506;6.15;0.38;215.59;3.81;906;8;832.00;0
1602;8;622416559;1602;336;2506;2506;6.15;0.38;215.62;3.81;904;8;833.00;0
1603;8;622416578;1603;333;2507;2507;6.15;0.38;215.55;3.81;904;8;834.00;0
1603;8;622416589;1603;330;2507;2507;6.21;0.38;215.55;3.81;904;8;835.00;0
1604;8;622416601;1604;329;2513;2513;6.35;0.39;215.66;3.80;909;8;836.00;0
1604;8;622416612;1604;328;2514;2514;6.48;0.40;215.66;3.80;910;8;837.00;0
1604;8;622416623;1604;322;2514;2514;6.57;0.40;215.66;3.80;910;8;838.00;0
1605;8;622416633;1605;317;2514;2514;6.66;0.41;215.53;3.80;909;8;839.00;0
1607;8;622416646;1607;320;2518;2519;6.73;0.41;215.41;3.80;911;8;840.00;1
1611;8;622416657;1611;311;2519;2519;6.72;0.41;215.60;3.79;908;8;841.00;0
1615;8;622416667;1615;307;2519;2519;6.73;0.41;215.60;3.79;904;8;842.00;0
1617;8;622416685;1617;313;2520;2520;6.72;0.41;215.53;3.79;903;8;843.00;0
1617;8;622416696;1617;311;2524;2524;6.73;0.41;215.53;3.79;907;8;844.00;0
1622;8;622416706;1622;312;2524;2524;6.66;0.41;215.58;3.79;902;8;845.00;0
1624;8;622416717;1624;312;2526;2527;6.61;0.40;215.47;3.79;902;8;846.00;1
1626;8;622416727;1626;315;2527;2527;6.54;0.40;215.61;3.78;901;8;847.00;0
1629;8;622416737;1629;317;2527;2527;6.41;0.39;215.54;3.78;898;8;848.00;0
1633;8;622416746;1633;321;2527;2527;6.32;0.39;215.60;3.78;894;8;849.00;0
1639;8;622416756;1639;314;2531;2531;6.32;0.39;215.80;3.78;892;8;850.00;0
1641;8;622416768;1641;308;2531;2531;6.34;0.39;215.87;3.78;890;8;851.00;0
1647;8;622416781;1647;305;2531;2531;6.30;0.38;216.17;3.78;884;8;852.00;0
1651;8;622416794;1651;306;2531;2531;6.27;0.38;216.56;3.78;880;8;853.00;0
1654;8;622416805;1654;300;2532;2532;6.30;0.38;216.78;3.78;878;8;854.00;0
1657;8;622416816;1657;297;2534;2534;6.32;0.39;217.12;3.78;877;8;855.00;0
1662;8;622416827;1662;293;2534;2534;6.29;0.38;217.85;3.78;872;8;856.00;0
1665;8;622416837;1665;283;2535;2535;6.30;0.38;218.22;3.78;870;8;857.00;0
1670;8;622416847;1670;277;2535;2535;6.29;0.38;218.51;3.78;865;8;858.00;0
1672;8;622416857;1672;269;2535;2535;6.32;0.39;218.86;3.78;863;8;859.00;0
1675;8;622416867;1675;264;2535;2535;6.35;0.39;219.11;3.78;860;8;860.00;0
1677;8;622416877;1677;256;2535;2535;6.45;0.39;219.28;3.78;858;8;861.00;0
1681;8;622416888;1681;241;2535;2535;6.54;0.40;219.55;3.78;854;8;862.00;0
1687;8;622416899;1687;235;2535;2535;6.64;0.40;219.60;3.78;848;8;863.00;0
1690;8;622416910;1690;246;2622;2662;6.94;0.43;219.72;3.65;932;8;864.00;40
1694;8;622416933;1694;246;2626;2663;7.00;0.43;219.71;3.65;932;8;865.00;37
1699;8;622416945;1699;244;2632;2663;7.12;0.44;220.19;3.64;933;8;866.00;31
1701;8;622416957;1701;237;2634;2663;7.18;0.44;220.50;3.64;933;8;867.00;29
1703;8;622416969;1703;237;2637;2663;7.25;0.45;220.59;3.64;934;8;868.00;26
1709;8;622416981;1709;236;2637;2663;7.26;0.45;220.81;3.64;928;8;869.00;26
1713;8;622416994;1713;238;2638;2663;7.22;0.45;221.09;3.64;925;8;870.00;25
1715;8;622417006;1715;236;2639;2663;7.26;0.45;221.11;3.65;924;8;871.00;24
1720;8;622417017;1720;242;2640;2664;7.27;0.45;221.25;3.65;920;8;872.00;24
1721;8;622417029;1721;241;2644;2665;7.25;0.44;221.27;3.66;923;8;873.00;21
1726;8;622417042;1726;246;2645;2665;7.26;0.45;222.09;3.66;919;8;874.00;20
1730;8;622417054;1730;248;2646;2666;7.25;0.44;222.22;3.66;916;8;875.00;20
1734;8;622417066;1734;252;2649;2666;7.25;0.44;222.49;3.67;915;8;876.00;17
1740;8;622417078;1740;259;2650;2666;7.22;0.44;222.74;3.67;910;8;877.00;16
1744;8;622417090;1744;259;2650;2666;7.25;0.44;222.91;3.67;906;8;878.00;16
1747;8;622417102;1747;258;2654;2670;7.27;0.44;223.23;3.68;907;8;879.00;16
1752;8;622417115;1752;261;2654;2670;7.28;0.44;223.70;3.68;902;8;880.00;16
1755;8;622417128;1755;258;2656;2670;7.30;0.45;223.80;3.68;901;8;881.00;14
1758;8;622417140;1758;260;2656;2673;7.34;0.45;224.01;3.68;898;8;882.00;17
1764;8;622417152;1764;262;2657;2673;7.30;0.45;223.95;3.69;893;8;883.00;16
1767;8;622417165;1767;258;2658;2673;7.29;0.45;224.13;3.69;891;8;884.00;15
1772;8;622417176;1772;257;2663;2677;7.30;0.45;224.60;3.70;891;8;885.00;14
1773;8;622417189;1773;264;2664;2678;7.32;0.45;224.78;3.70;891;8;886.00;14
1776;8;622417202;1776;264;2664;2678;7.34;0.45;224.62;3.70;888;8;887.00;14
1780;8;622417213;1780;270;2669;2682;7.42;0.45;225.19;3.71;889;8;888.00;13
1785;8;622417225;1785;269;2669;2682;7.47;0.46;225.56;3.71;884;8;889.00;13
1787;8;622417237;1787;271;2670;2682;7.53;0.46;225.83;3.71;883;8;890.00;12
1792;8;622417248;1792;279;2671;2683;7.54;0.46;226.23;3.71;879;8;891.00;12
1795;8;622417261;1795;281;2671;2683;7.62;0.47;226.30;3.71;876;8;892.00;12
1801;8;622417273;1801;282;2676;2689;7.63;0.47;226.99;3.71;875;8;893.00;13
1802;8;622417285;1802;286;2677;2689;7.63;0.47;227.12;3.72;875;8;894.00;12
1810;8;622417296;1810;296;2678;2690;7.55;0.46;227.71;3.72;868;8;895.00;12
1811;8;622417309;1811;298;2678;2690;7.52;0.46;227.91;3.72;867;8;896.00;12
1816;8;622417321;1816;289;2679;2690;7.51;0.46;228.22;3.73;863;8;897.00;11
1817;8;622417334;1817;284;2679;2690;7.56;0.46;228.36;3.73;862;8;898.00;11
1821;8;622417346;1821;283;2679;2690;7.53;0.46;228.93;3.73;858;8;899.00;11
1824;8;622417365;1824;280;2708;2736;7.55;0.46;229.09;3.70;884;8;900.00;28
1828;8;622417391;1828;278;2709;2736;7.51;0.46;229.39;3.70;881;8;901.00;27
1829;8;622417405;1829;274;2715;2736;7.54;0.46;229.49;3.74;886;8;902.00;21
1833;8;622417418;1833;267;2715;2736;7.55;0.46;229.65;3.74;882;8;903.00;21
1835;8;622417433;1835;268;2718;2736;7.63;0.47;229.66;3.75;883;8;904.00;18
1838;8;622417447;1838;267;2718;2736;7.62;0.47;229.80;3.75;880;8;905.00;18
1842;8;622417471;1842;254;2724;2740;7.50;0.46;229.91;3.75;882;8;906.00;16
1844;8;622417486;1844;245;2727;2740;7.51;0.46;230.28;3.76;883;8;907.00;13
1846;8;622417500;1846;230;2730;2744;7.60;0.46;230.20;3.77;884;8;908.00;14
1846;8;622417515;1846;226;2732;2745;7.68;0.47;230.20;3.77;886;8;909.00;13
1847;8;622417529;1847;227;2732;2745;7.75;0.47;230.24;3.77;885;8;910.00;13
1849;8;622417543;1849;230;2733;2745;7.83;0.48;230.50;3.78;884;8;911.00;12
1854;8;622417559;1854;229;2746;2758;7.89;0.48;230.94;3.78;892;8;912.00;12
1857;8;622417574;1857;236;2748;2758;7.94;0.48;231.06;3.78;891;8;913.00;10
1860;8;622417591;1860;240;2749;2758;7.99;0.49;231.24;3.79;889;8;914.00;9
1862;8;622417604;1862;246;2750;2759;8.02;0.49;231.31;3.79;888;8;915.00;9
1865;8;622417618;1865;249;2753;2760;7.99;0.49;231.35;3.79;888;8;916.00;7
1868;8;622417632;1868;249;2755;2760;7.97;0.49;231.63;3.79;887;8;917.00;5
1870;8;622417655;1870;242;2757;2763;7.97;0.48;231.71;3.79;887;8;918.00;6
1871;8;622417668;1871;247;2758;2763;7.95;0.48;231.69;3.80;887;8;919.00;5
1875;8;622417680;1875;243;2759;2763;7.91;0.48;231.69;3.79;884;8;920.00;4
1876;8;622417694;1876;240;2759;2763;7.93;0.48;231.72;3.79;883;8;921.00;4
1878;8;622417706;1878;236;2764;2769;7.92;0.48;231.87;3.79;886;8;922.00;5
1880;8;622417719;1880;242;2765;2769;7.87;0.48;231.91;3.80;885;8;923.00;4
1881;8;622417731;1881;240;2765;2769;7.88;0.48;232.08;3.80;884;8;924.00;4
1883;8;622417743;1883;249;2767;2769;7.86;0.48;232.14;3.81;884;8;925.00;2
1885;8;622417755;1885;239;2773;2773;7.80;0.47;232.10;3.81;888;8;926.00;0
1887;8;622417776;1887;235;2774;2774;7.76;0.47;232.12;3.81;887;8;927.00;0
1892;8;622417793;1892;245;2774;2774;7.73;0.47;232.70;3.81;882;8;928.00;0
1896;8;622417808;1896;246;2775;2775;7.72;0.47;232.71;3.81;879;8;929.00;0
1897;8;622417829;1897;249;2775;2775;7.75;0.47;232.62;3.81;878;8;930.00;0
1898;8;622417847;1898;253;2775;2775;7.67;0.46;232.68;3.81;877;8;931.00;0
1899;8;622417862;1899;258;2775;2775;7.63;0.46;232.65;3.81;876;8;932.00;0
1900;8;622417877;1900;261;2775;2775;7.55;0.46;232.66;3.81;875;8;933.00;0
1901;8;622417893;1901;267;2775;2775;7.49;0.45;232.68;3.81;874;8;934.00;0
1902;8;622417906;1902;275;2775;2775;7.45;0.45;232.60;3.81;873;8;935.00;0
1904;8;622417919;1904;286;2814;2845;7.39;0.45;232.63;3.75;910;8;936.00;31
1904;8;622417938;1904;284;2814;2846;7.38;0.45;232.63;3.75;910;8;937.00;32
1904;8;622417951;1904;288;2821;2846;7.44;0.45;232.63;3.75;917;8;938.00;25
1906;8;622417963;1906;289;2825;2846;7.46;0.45;232.69;3.75;919;8;939.00;21
1908;8;622417976;1908;288;2828;2846;7.40;0.45;232.73;3.75;920;8;940.00;18
1909;8;622417990;1909;295;2829;2846;7.41;0.45;232.84;3.75;920;8;941.00;17
1910;8;622418001;1910;296;2831;2846;7.41;0.45;232.84;3.75;921;8;942.00;15
1911;8;622418013;1911;292;2833;2846;7.43;0.45;232.90;3.75;922;8;943.00;13
1913;8;622418024;1913;288;2836;2847;7.47;0.45;232.89;3.76;923;8;944.00;11
1916;8;622418036;1916;282;2840;2849;7.44;0.45;232.82;3.76;924;8;945.00;9
1918;8;622418047;1918;283;2842;2849;7.41;0.45;232.75;3.76;924;8;946.00;7
1922;8;622418059;1922;274;2846;2853;7.36;0.44;232.76;3.76;924;8;947.00;7
1923;8;622418072;1923;278;2846;2853;7.30;0.44;232.91;3.76;923;8;948.00;7
1924;8;622418083;1924;280;2846;2853;7.23;0.44;233.03;3.76;922;8;949.00;7
1926;8;622418094;1926;286;2846;2853;7.14;0.43;233.03;3.76;920;8;950.00;7
1927;8;622418105;1927;286;2850;2859;7.11;0.43;233.18;3.76;923;8;951.00;9
1928;8;622418117;1928;284;2850;2859;7.04;0.43;233.39;3.76;922;8;952.00;9
1930;8;622418130;1930;284;2850;2859;6.98;0.42;233.42;3.76;920;8;953.00;9
1934;8;622418141;1934;280;2852;2862;6.90;0.42;233.41;3.75;918;8;954.00;10
1936;8;622418152;1936;284;2856;2862;6.81;0.41;233.46;3.77;920;8;955.00;6
1940;8;622418163;1940;283;2857;2862;6.74;0.41;233.50;3.77;917;8;956.00;5
1943;8;622418174;1943;289;2857;2863;6.69;0.41;233.53;3.77;914;8;957.00;6
1947;8;622418184;1947;280;2858;2864;6.68;0.41;233.59;3.77;911;8;958.00;6
1951;8;622418195;1951;286;2858;2864;6.67;0.41;233.69;3.77;907;8;959.00;6
1953;8;622418208;1953;296;2876;2890;6.71;0.41;233.52;3.75;923;8;960.00;14
1956;8;622418223;1956;292;2876;2890;6.76;0.41;233.43;3.75;920;8;961.00;14
1957;8;622418234;1957;295;2879;2890;6.86;0.42;233.35;3.75;922;8;962.00;11
1961;8;622418245;1961;296;2881;2891;6.90;0.42;233.15;3.75;920;8;963.00;10
1963;8;622418257;1963;300;2881;2891;6.92;0.42;232.94;3.75;918;8;964.00;10
1965;8;622418268;1965;296;2884;2895;7.00;0.43;232.80;3.75;919;8;965.00;11
1968;8;622418279;1968;299;2884;2895;7.00;0.43;232.65;3.75;916;8;966.00;11
1968;8;622418290;1968;299;2888;2899;7.04;0.43;232.65;3.75;920;8;967.00;11
1969;8;622418301;1969;304;2888;2899;7.05;0.43;232.59;3.75;919;8;968.00;11
1971;8;622418312;1971;298;2889;2899;6.99;0.43;232.49;3.75;918;8;969.00;10
1971;8;622418322;1971;305;2889;2899;6.95;0.42;232.49;3.75;918;8;970.00;10
1972;8;622418332;1972;310;2889;2899;6.95;0.42;232.52;3.75;917;8;971.00;10
1973;8;622418344;1973;311;2902;2911;6.97;0.42;232.42;3.76;929;8;972.00;9
1974;8;622418355;1974;312;2903;2911;6.93;0.42;232.43;3.76;929;8;973.00;8
1974;8;622418366;1974;317;2905;2911;6.86;0.42;232.43;3.77;931;8;974.00;6
1974;8;622418376;1974;317;2905;2911;6.84;0.42;232.43;3.77;931;8;975.00;6
1975;8;622418387;1975;325;2905;2911;6.79;0.42;232.40;3.77;930;8;976.00;6
1977;8;622418400;1977;329;2905;2911;6.71;0.41;232.40;3.77;928;8;977.00;6
1978;9;622418411;1978;336;2905;2912;6.63;0.41;232.42;3.77;927;9;978.00;7
1980;9;622418432;1980;327;2905;2912;6.60;0.40;232.35;3.77;925;9;979.00;7
1983;9;622418444;1983;322;2912;2918;6.65;0.41;232.49;3.78;929;9;980.00;6
1983;9;622418457;1983;321;2912;2919;6.67;0.41;232.49;3.78;929;9;981.00;7
1984;9;622418473;1984;322;2914;2919;6.75;0.41;232.51;3.79;930;9;982.00;5
1984;9;622418484;1984;327;2915;2919;6.78;0.42;232.51;3.79;931;9;983.00;4
1988;9;622418495;1988;317;2919;2923;6.82;0.42;232.47;3.79;931;9;984.00;4
1991;9;622418507;1991;316;2919;2923;6.83;0.42;232.33;3.79;928;9;985.00;4
1993;9;622418519;1993;322;2921;2923;6.87;0.42;232.24;3.80;928;9;986.00;2
1993;9;622418532;1993;328;2922;2924;6.90;0.42;232.24;3.80;929;9;987.00;2
1995;9;622418543;1995;322;2926;2928;6.96;0.42;232.25;3.80;931;9;988.00;2
1996;9;622418555;1996;322;2927;2928;6.99;0.43;232.33;3.80;931;9;989.00;1
1999;9;622418568;1999;325;2932;2934;6.96;0.42;232.22;3.79;933;9;990.00;2
1999;9;622418580;1999;327;2932;2934;6.94;0.42;232.22;3.79;933;9;991.00;2
2000;9;622418591;2000;326;2934;2934;6.92;0.42;232.23;3.79;934;9;992.00;0
2000;9;622418602;2000;329;2934;2934;6.86;0.42;232.23;3.79;934;9;993.00;0
2002;9;622418613;2002;326;2938;2938;6.85;0.42;232.20;3.79;936;9;994.00;0
2002;9;622418625;2002;321;2938;2938;6.78;0.42;232.20;3.79;936;9;995.00;0
2004;9;622418635;2004;322;2938;2938;6.71;0.41;232.13;3.79;934;9;996.00;0
2004;9;622418647;2004;312;2938;2938;6.65;0.41;232.13;3.79;934;9;997.00;0
2006;9;622418657;2006;317;2939;2939;6.58;0.40;232.27;3.79;933;9;998.00;0
2009;9;622418667;2009;316;2940;2940;6.49;0.40;232.23;3.78;931;9;999.00;0
2012;9;622418679;2012;309;2940;2940;6.38;0.39;232.23;3.78;928;9;1000.00;0
2015;9;622418694;2015;308;2941;2941;6.31;0.39;232.07;3.78;926;9;1001.00;0
2017;9;622418705;2017;306;2941;2941;6.29;0.39;231.97;3.78;924;9;1002.00;0
2018;9;622418715;2018;307;2941;2941;6.33;0.39;232.00;3.78;923;9;1003.00;0
2021;9;622418726;2021;298;2941;2941;6.35;0.39;232.08;3.78;920;9;1004.00;0
2022;9;622418736;2022;301;2941;2941;6.44;0.39;232.07;3.78;919;9;1005.00;0
2025;9;622418746;2025;298;2941;2941;6.51;0.40;232.01;3.78;916;9;1006.00;0
2025;9;622418756;2025;291;2941;2941;6.65;0.41;232.01;3.78;916;9;1007.00;0
2028;9;622418767;2028;312;3014;3068;6.91;0.43;232.01;3.69;986;9;1008.00;54
2030;9;622418790;2030;298;3018;3069;6.97;0.43;231.99;3.69;988;9;1009.00;51
2032;9;622418802;2032;293;3027;3069;6.98;0.43;232.11;3.68;995;9;1010.00;42
2033;9;622418813;2033;295;3031;3069;6.95;0.43;232.15;3.68;998;9;1011.00;38
2037;9;622418823;2037;292;3037;3069;7.01;0.43;232.24;3.68;1000;9;1012.00;32
2039;10;622418837;2039;290;3039;3069;6.99;0.43;232.36;3.68;1000;10;1013.00;30
2040;10;622418858;2040;287;3043;3069;6.95;0.43;232.35;3.69;1003;10;1014.00;26
2044;10;622418869;2044;287;3045;3069;6.90;0.42;232.45;3.69;1001;10;1015.00;24
2047;10;622418886;2047;291;3048;3070;6.88;0.42;232.59;3.69;1001;10;1016.00;22
2050;10;622418899;2050;296;3049;3071;6.85;0.42;232.59;3.70;999;10;1017.00;22
2058;10;622418912;2058;294;3051;3071;6.77;0.42;232.64;3.70;993;10;1018.00;20
2062;10;622418925;2062;294;3053;3072;6.73;0.41;232.71;3.70;991;10;1019.00;19
2066;10;622418941;2066;287;3057;3072;6.63;0.41;232.72;3.71;991;10;1020.00;15
2069;10;622418954;2069;281;3058;3072;6.58;0.40;232.82;3.72;989;10;1021.00;14
2071;10;622418969;2071;277;3058;3072;6.56;0.40;232.91;3.72;987;10;1022.00;14
2076;10;622418982;2076;268;3064;3076;6.58;0.40;233.19;3.72;988;10;1023.00;12
2078;10;622418995;2078;271;3065;3076;6.65;0.41;233.12;3.73;987;10;1024.00;11
2079;10;622419009;2079;274;3069;3076;6.70;0.41;233.21;3.75;990;10;1025.00;7
2082;10;622419023;2082;273;3070;3079;6.70;0.41;233.38;3.75;988;10;1026.00;9
2083;10;622419045;2083;262;3071;3079;6.74;0.41;233.35;3.75;988;10;1027.00;8
2089;10;622419058;2089;260;3072;3079;6.75;0.41;233.92;3.76;983;10;1028.00;7
2094;10;622419071;2094;259;3078;3083;6.77;0.42;234.27;3.77;984;10;1029.00;5
2098;10;622419084;2098;255;3079;3084;6.78;0.42;234.37;3.77;981;10;1030.00;5
2102;10;622419098;2102;253;3080;3084;6.82;0.42;234.63;3.77;978;10;1031.00;4
2106;10;622419110;2106;242;3082;3088;6.81;0.42;234.84;3.77;976;10;1032.00;6
2107;10;622419123;2107;243;3083;3088;6.85;0.42;234.88;3.77;976;10;1033.00;5
2112;10;622419135;2112;239;3084;3088;6.86;0.42;235.45;3.77;972;10;1034.00;4
2116;10;622419150;2116;236;3086;3090;6.93;0.42;235.59;3.77;970;10;1035.00;4
2119;10;622419164;2119;239;3086;3090;7.01;0.43;235.81;3.77;967;10;1036.00;4
2124;10;622419176;2124;234;3091;3096;7.17;0.44;236.33;3.76;967;10;1037.00;5
2125;10;622419189;2125;233;3091;3096;7.26;0.44;236.40;3.76;966;10;1038.00;5
2130;10;622419202;2130;231;3092;3097;7.30;0.45;236.56;3.76;962;10;1039.00;5
2134;10;622419214;2134;229;3092;3097;7.38;0.45;236.88;3.76;958;10;1040.00;5
2135;10;622419228;2135;225;3092;3097;7.45;0.46;236.95;3.76;957;10;1041.00;5
2142;10;622419254;2142;225;3092;3097;7.44;0.45;237.26;3.76;950;10;1042.00;5
2144;10;622419269;2144;226;3092;3097;7.47;0.46;237.42;3.76;948;10;1043.00;5
2151;10;622419282;2151;231;3099;3109;7.56;0.46;237.87;3.75;948;10;1044.00;10
2157;10;622419297;2157;234;3101;3109;7.58;0.46;238.30;3.76;944;10;1045.00;8
2159;10;622419311;2159;230;3101;3109;7.58;0.46;238.25;3.76;942;10;1046.00;8
2167;10;622419324;2167;236;3103;3109;7.55;0.46;239.07;3.76;936;10;1047.00;6
2175;10;622419338;2175;244;3104;3109;7.46;0.46;239.67;3.77;929;10;1048.00;5
2178;10;622419350;2178;250;3105;3109;7.49;0.46;239.73;3.77;927;10;1049.00;4
2186;10;622419364;2186;241;3112;3115;7.48;0.46;240.24;3.77;926;10;1050.00;3
2193;10;622419380;2193;237;3113;3115;7.48;0.46;240.54;3.77;920;10;1051.00;2
2195;10;622419393;2195;234;3117;3119;7.53;0.46;240.66;3.77;922;10;1052.00;2
2200;10;622419406;2200;233;3119;3120;7.54;0.46;241.05;3.77;919;10;1053.00;1
2204;10;622419419;2204;237;3120;3120;7.53;0.46;241.20;3.77;916;10;1054.00;0
2208;10;622419431;2208;244;3120;3120;7.53;0.46;241.67;3.77;912;10;1055.00;0
2211;10;622419444;2211;247;3132;3133;7.53;0.46;241.73;3.75;921;10;1056.00;1
2213;10;622419458;2213;244;3132;3133;7.55;0.46;241.76;3.75;919;10;1057.00;1
2220;10;622419471;2220;251;3133;3133;7.54;0.46;241.78;3.75;913;10;1058.00;0
2223;10;622419484;2223;256;3134;3134;7.49;0.46;241.82;3.75;911;10;1059.00;0
2225;10;622419497;2225;254;3135;3135;7.44;0.45;242.00;3.75;910;10;1060.00;0
2226;10;622419513;2226;258;3135;3135;7.45;0.46;242.07;3.75;909;10;1061.00;0
2230;10;622419527;2230;267;3137;3138;7.43;0.45;242.15;3.75;907;10;1062.00;1
2234;10;622419544;2234;269;3137;3138;7.39;0.45;242.43;3.75;903;10;1063.00;1
2237;10;622419562;2237;277;3138;3138;7.33;0.45;242.51;3.75;901;10;1064.00;0
2242;10;622419577;2242;275;3138;3138;7.28;0.44;242.90;3.75;896;10;1065.00;0
2246;10;622419589;2246;279;3144;3144;7.18;0.44;242.98;3.74;898;10;1066.00;0
2251;10;622419604;2251;269;3144;3144;7.08;0.43;243.17;3.74;893;10;1067.00;0
2253;10;622419623;2253;271;3144;3144;7.07;0.43;243.24;3.74;891;10;1068.00;0
2257;10;622419635;2257;270;3144;3144;7.03;0.43;243.57;3.74;887;10;1069.00;0
2261;10;622419648;2261;271;3148;3148;7.05;0.43;243.84;3.74;887;10;1070.00;0
2263;10;622419661;2263;275;3149;3149;7.06;0.43;243.94;3.74;886;10;1071.00;0
2266;10;622419673;2266;279;3149;3149;7.08;0.43;244.00;3.74;883;10;1072.00;0
2272;10;622419685;2272;284;3150;3150;7.09;0.43;244.26;3.74;878;10;1073.00;0
2276;10;622419697;2276;289;3150;3150;7.10;0.43;244.36;3.74;874;10;1074.00;0
2280;10;622419718;2280;289;3150;3150;7.10;0.43;244.43;3.74;870;10;1075.00;0
2282;10;622419738;2282;275;3150;3150;7.14;0.44;244.76;3.74;868;10;1076.00;0
2286;10;622419751;2286;274;3150;3150;7.21;0.44;245.00;3.74;864;10;1077.00;0
2289;10;622419765;2289;271;3150;3150;7.29;0.45;244.91;3.74;861;10;1078.00;0
2290;10;622419778;2290;262;3150;3150;7.35;0.45;244.92;3.74;860;10;1079.00;0
2295;10;622419808;2295;290;3229;3275;7.51;0.46;245.24;3.65;934;10;1080.00;46
2297;10;622419842;2297;290;3235;3276;7.53;0.47;245.53;3.64;938;10;1081.00;41
2301;10;622419859;2301;284;3241;3276;7.60;0.47;245.77;3.64;940;10;1082.00;35
2303;10;622419877;2303;283;3244;3276;7.62;0.47;245.88;3.64;941;10;1083.00;32
2309;10;622419895;2309;272;3249;3276;7.66;0.47;246.40;3.64;940;10;1084.00;27
2311;10;622419918;2311;276;3252;3276;7.69;0.47;246.65;3.64;941;10;1085.00;24
2316;10;622419932;2316;277;3258;3276;7.69;0.47;247.14;3.64;942;10;1086.00;18
2320;10;622419946;2320;277;3263;3276;7.66;0.47;247.26;3.65;943;10;1087.00;13
2324;10;622419959;2324;277;3267;3277;7.61;0.47;247.32;3.65;943;10;1088.00;10
2326;10;622419973;2326;280;3270;3278;7.47;0.46;247.45;3.66;944;10;1089.00;8
2327;10;622419986;2327;281;3274;3278;7.32;0.45;247.63;3.66;947;10;1090.00;4
2330;10;622419999;2330;286;3278;3282;7.22;0.44;247.82;3.66;948;10;1091.00;4
2333;10;622420013;2333;294;3279;3282;7.17;0.44;248.05;3.66;946;10;1092.00;3
2334;10;622420027;2334;295;3279;3282;7.16;0.44;248.19;3.66;945;10;1093.00;3
2336;10;622420040;2336;299;3280;3282;7.13;0.44;248.41;3.66;944;10;1094.00;2
2339;10;622420053;2339;297;3286;3288;7.11;0.43;248.60;3.66;947;10;1095.00;2
2340;10;622420066;2340;296;3286;3288;7.16;0.44;248.65;3.66;946;10;1096.00;2
2341;10;622420079;2341;300;3286;3288;7.18;0.44;248.80;3.66;945;10;1097.00;2
2343;10;622420092;2343;308;3288;3291;7.17;0.44;248.94;3.66;945;10;1098.00;3
2344;10;622420103;2344;314;3288;3291;7.16;0.44;248.92;3.66;944;10;1099.00;3
2347;10;622420116;2347;312;3289;3291;7.10;0.43;248.89;3.67;942;10;1100.00;2
2351;10;622420132;2351;313;3291;3292;7.04;0.43;248.83;3.67;940;10;1101.00;1
2353;10;622420144;2353;314;3292;3293;7.06;0.43;248.82;3.67;939;10;1102.00;1
2360;10;622420156;2360;314;3293;3293;7.02;0.43;248.89;3.67;933;10;1103.00;0
2362;10;622420168;2362;326;3304;3306;6.96;0.42;248.86;3.65;942;10;1104.00;2
2362;10;622420181;2362;320;3304;3306;7.02;0.43;248.86;3.65;942;10;1105.00;2
2365;10;622420192;2365;328;3304;3306;6.96;0.42;248.89;3.65;939;10;1106.00;2
2366;10;622420212;2366;328;3305;3307;6.92;0.42;248.83;3.65;939;10;1107.00;2
2366;10;622420224;2366;331;3306;3307;6.91;0.42;248.83;3.65;940;10;1108.00;1
2367;10;622420235;2367;332;3309;3311;6.97;0.42;248.85;3.65;942;10;1109.00;2
2369;10;622420250;2369;328;3309;3311;6.93;0.42;248.85;3.65;940;10;1110.00;2
2372;10;622420263;2372;329;3312;3315;6.95;0.42;248.77;3.65;940;10;1111.00;3
2374;10;622420275;2374;332;3313;3315;6.99;0.43;248.83;3.65;939;10;1112.00;2
2379;10;622420286;2379;334;3313;3315;6.99;0.43;248.51;3.65;934;10;1113.00;2
2384;10;622420298;2384;326;3313;3315;7.00;0.43;248.51;3.65;929;10;1114.00;2
2388;10;622420310;2388;321;3313;3315;7.04;0.43;248.75;3.65;925;10;1115.00;2
2391;10;622420322;2391;322;3322;3327;7.08;0.43;248.66;3.64;931;10;1116.00;5
2396;10;622420336;2396;318;3323;3327;7.03;0.43;248.60;3.64;927;10;1117.00;4
2397;10;622420348;2397;313;3324;3327;7.05;0.43;248.62;3.64;927;10;1118.00;3
2399;10;622420360;2399;311;3324;3327;7.00;0.42;248.71;3.64;925;10;1119.00;3
2401;10;622420371;2401;316;3324;3327;6.98;0.42;248.74;3.64;923;10;1120.00;3
2402;10;622420382;2402;316;3324;3327;6.94;0.42;248.75;3.64;922;10;1121.00;3
2402;10;622420392;2402;321;3324;3328;6.86;0.42;248.75;3.64;922;10;1122.00;4
2404;10;622420403;2404;317;3324;3328;6.80;0.41;248.90;3.64;920;10;1123.00;4
2407;10;622420414;2407;312;3329;3334;6.79;0.41;248.73;3.63;922;10;1124.00;5
2410;10;622420424;2410;312;3333;3336;6.72;0.41;248.79;3.64;923;10;1125.00;3
2411;10;622420436;2411;317;3333;3336;6.65;0.41;248.79;3.64;922;10;1126.00;3
2413;10;622420446;2413;326;3333;3336;6.69;0.41;248.94;3.64;920;10;1127.00;3
2416;10;622420464;2416;324;3336;3340;6.68;0.41;248.87;3.64;920;10;1128.00;4
2418;10;622420477;2418;311;3336;3340;6.66;0.41;248.75;3.64;918;10;1129.00;4
2420;10;622420487;2420;305;3336;3340;6.67;0.41;248.62;3.64;916;10;1130.00;4
2422;10;622420499;2422;294;3337;3341;6.71;0.41;248.72;3.64;915;10;1131.00;4
2423;10;622420529;2423;279;3341;3345;6.75;0.41;248.72;3.64;918;10;1132.00;4
2423;10;622420541;2423;275;3341;3345;6.87;0.42;248.72;3.64;918;10;1133.00;4
2426;10;622420552;2426;263;3343;3348;6.98;0.42;248.68;3.63;917;10;1134.00;5
2427;10;622420565;2427;258;3344;3348;7.07;0.43;248.60;3.63;917;10;1135.00;4
2431;10;622420576;2431;255;3344;3348;7.12;0.43;248.81;3.63;913;10;1136.00;4
2432;10;622420589;2432;249;3344;3348;7.14;0.43;248.76;3.63;912;10;1137.00;4
2436;10;622420615;2436;251;3348;3352;7.14;0.43;248.78;3.63;912;10;1138.00;4
2436;10;622420626;2436;250;3348;3352;7.16;0.44;248.78;3.63;912;10;1139.00;4
2436;10;622420640;2436;249;3348;3352;7.23;0.44;248.78;3.63;912;10;1140.00;4
2437;10;622420651;2437;244;3348;3352;7.28;0.44;248.76;3.63;911;10;1141.00;4
2437;10;622420662;2437;242;3348;3353;7.32;0.45;248.76;3.63;911;10;1142.00;5
2438;10;622420673;2438;242;3349;3354;7.41;0.45;248.72;3.63;911;10;1143.00;5
2438;10;622420684;2438;243;3349;3354;7.43;0.45;248.72;3.63;911;10;1144.00;5
2441;10;622420695;2441;252;3350;3355;7.41;0.45;248.59;3.63;909;10;1145.00;5
2441;10;622420707;2441;242;3350;3355;7.41;0.45;248.59;3.63;909;10;1146.00;5
2442;10;622420718;2442;246;3350;3355;7.45;0.45;248.66;3.63;908;10;1147.00;5
2443;10;622420729;2443;250;3350;3355;7.49;0.46;248.65;3.63;907;10;1148.00;5
2444;10;622420740;2444;241;3350;3355;7.54;0.46;248.57;3.63;906;10;1149.00;5
2448;10;622420751;2448;246;3350;3355;7.57;0.46;248.45;3.63;902;10;1150.00;5
2448;10;622420762;2448;248;3351;3355;7.63;0.46;248.45;3.64;903;10;1151.00;4
2449;10;622420773;2449;271;3416;3482;7.85;0.48;248.60;3.57;967;10;1152.00;66
2452;10;622420795;2452;264;3419;3483;7.81;0.48;248.77;3.57;967;10;1153.00;64
2453;10;622420809;2453;263;3431;3483;7.82;0.48;248.78;3.58;978;10;1154.00;52
2456;10;622420820;2456;263;3434;3483;7.76;0.48;248.73;3.58;978;10;1155.00;49
2459;10;622420832;2459;270;3442;3483;7.74;0.48;248.93;3.59;983;10;1156.00;41
2462;10;622420847;2462;267;3446;3483;7.71;0.48;249.03;3.59;984;10;1157.00;37
2464;10;622420862;2464;264;3449;3483;7.63;0.47;249.12;3.59;985;10;1158.00;34
2467;10;622420875;2467;263;3453;3483;7.63;0.47;249.23;3.59;986;10;1159.00;30
2468;10;622420889;2468;271;3455;3484;7.64;0.47;249.34;3.60;987;10;1160.00;29
2471;10;622420901;2471;272;3459;3485;7.59;0.47;249.51;3.60;988;10;1161.00;26
2474;10;622420914;2474;268;3463;3485;7.49;0.46;249.41;3.61;989;10;1162.00;22
2475;10;622420926;2475;271;3465;3486;7.39;0.46;249.40;3.61;990;10;1163.00;21
2480;10;622420939;2480;277;3469;3486;7.29;0.45;249.57;3.62;989;10;1164.00;17
2483;10;622420951;2483;281;3473;3486;7.16;0.44;249.84;3.63;990;10;1165.00;13
2484;10;622420963;2484;286;3474;3486;7.11;0.44;249.83;3.63;990;10;1166.00;12
2488;10;622420975;2488;288;3478;3490;6.97;0.43;249.70;3.64;990;10;1167.00;12
2491;10;622420987;2491;294;3479;3490;6.88;0.42;249.64;3.64;988;10;1168.00;11
2492;10;622420999;2492;288;3482;3490;6.77;0.42;249.72;3.65;990;10;1169.00;8
2494;10;622421013;2494;288;3487;3496;6.73;0.41;249.73;3.66;993;10;1170.00;9
2495;10;622421026;2495;288;3490;3496;6.71;0.41;249.78;3.67;995;10;1171.00;6
2499;10;622421037;2499;289;3491;3496;6.67;0.41;249.70;3.67;992;10;1172.00;5
2500;10;622421048;2500;287;3498;3500;6.70;0.41;249.65;3.67;998;10;1173.00;2
2502;10;622421060;2502;284;3499;3501;6.67;0.41;249.70;3.67;997;10;1174.00;2
2505;10;622421072;2505;282;3499;3501;6.66;0.41;249.72;3.67;994;10;1175.00;2
2505;10;622421084;2505;281;3503;3505;6.73;0.41;249.72;3.67;998;10;1176.00;2
2509;10;622421097;2509;280;3504;3505;6.76;0.42;249.76;3.67;995;10;1177.00;1
2515;10;622421108;2515;276;3504;3505;6.79;0.42;249.90;3.67;989;10;1178.00;1
2516;10;622421119;2516;288;3505;3506;6.84;0.42;249.98;3.67;989;10;1179.00;1
2520;10;622421131;2520;286;3505;3506;6.86;0.42;250.07;3.67;985;10;1180.00;1
2526;10;622421144;2526;288;3510;3512;6.85;0.42;250.16;3.67;984;10;1181.00;2
2529;10;622421156;2529;286;3511;3512;6.82;0.42;250.26;3.67;982;10;1182.00;1
2530;10;622421167;2530;287;3512;3513;6.80;0.42;250.23;3.66;982;10;1183.00;1
2537;10;622421178;2537;284;3512;3513;6.75;0.41;250.23;3.66;975;10;1184.00;1
2543;10;622421189;2543;289;3513;3513;6.70;0.41;250.19;3.66;970;10;1185.00;0
2545;10;622421200;2545;288;3513;3513;6.64;0.40;250.24;3.66;968;10;1186.00;0
2549;10;622421214;2549;293;3513;3513;6.57;0.40;250.26;3.66;964;10;1187.00;0
2553;10;622421227;2553;296;3524;3525;6.43;0.39;250.36;3.65;971;10;1188.00;1
2557;10;622421241;2557;297;3524;3525;6.38;0.39;250.40;3.65;967;10;1189.00;1
2561;10;622421255;2561;287;3524;3525;6.40;0.39;250.50;3.65;963;10;1190.00;1
2565;10;622421268;2565;279;3524;3525;6.38;0.39;250.73;3.65;959;10;1191.00;1
2569;10;622421280;2569;273;3525;3525;6.43;0.39;251.00;3.65;956;10;1192.00;0
2571;10;622421293;2571;268;3525;3525;6.52;0.40;251.10;3.65;954;10;1193.00;0
2576;10;622421305;2576;267;3529;3529;6.58;0.40;251.54;3.65;953;10;1194.00;0
2577;10;622421317;2577;257;3529;3529;6.68;0.41;251.65;3.65;952;10;1195.00;0
2583;10;622421328;2583;256;3533;3533;6.74;0.41;251.64;3.65;950;10;1196.00;0
2585;10;622421341;2585;251;3533;3534;6.79;0.41;251.74;3.65;948;10;1197.00;1
2587;10;622421353;2587;244;3534;3534;6.88;0.42;251.93;3.65;947;10;1198.00;0
2590;10;622421364;2590;243;3534;3534;6.92;0.42;252.05;3.65;944;10;1199.00;0
2592;10;622421380;2592;245;3560;3575;6.83;0.42;252.28;3.62;968;10;1200.00;15
2596;10;622421402;2596;235;3561;3575;6.80;0.41;252.57;3.62;965;10;1201.00;14
2599;10;622421414;2599;238;3564;3575;6.76;0.41;252.69;3.62;965;10;1202.00;11
2604;10;622421426;2604;249;3566;3576;6.74;0.41;252.81;3.62;962;10;1203.00;10
2607;10;622421439;2607;245;3568;3577;6.75;0.41;253.13;3.62;961;10;1204.00;9
2611;10;622421454;2611;256;3569;3577;6.79;0.42;253.47;3.62;958;10;1205.00;8
2616;10;622421467;2616;254;3572;3580;6.85;0.42;253.67;3.62;956;10;1206.00;8
2621;10;622421482;2621;255;3575;3580;6.87;0.42;253.93;3.62;954;10;1207.00;5
2626;10;622421495;2626;255;3575;3580;6.90;0.42;254.04;3.62;949;10;1208.00;5
2629;10;622421508;2629;253;3575;3580;6.87;0.42;254.23;3.62;946;10;1209.00;5
2632;10;622421521;2632;258;3581;3586;6.88;0.42;254.39;3.61;949;10;1210.00;5
2636;10;622421536;2636;257;3582;3586;6.93;0.42;254.57;3.61;946;10;1211.00;4
2639;10;622421549;2639;261;3582;3586;6.90;0.42;254.89;3.61;943;10;1212.00;4
2645;10;622421562;2645;261;3582;3586;6.88;0.42;255.19;3.61;937;10;1213.00;4
2648;10;622421583;2648;264;3586;3590;6.89;0.42;255.35;3.61;938;10;1214.00;4
2653;10;622421597;2653;268;3588;3592;6.86;0.42;255.72;3.61;935;10;1215.00;4
2656;10;622421609;2656;266;3588;3592;6.81;0.42;255.90;3.61;932;10;1216.00;4
2658;10;622421621;2658;270;3590;3593;6.87;0.42;256.12;3.61;932;10;1217.00;3
2665;10;622421633;2665;271;3590;3593;6.79;0.41;256.27;3.61;925;10;1218.00;3
2668;10;622421645;2668;271;3590;3593;6.80;0.42;256.39;3.61;922;10;1219.00;3
2671;10;622421657;2671;272;3590;3593;6.81;0.42;256.57;3.61;919;10;1220.00;3
2675;10;622421669;2675;274;3590;3593;6.79;0.42;256.68;3.61;915;10;1221.00;3
2680;10;622421681;2680;276;3590;3593;6.71;0.41;256.80;3.61;910;10;1222.00;3
2686;10;622421692;2686;286;3591;3593;6.64;0.41;257.03;3.62;905;10;1223.00;2
2690;10;622421704;2690;303;3632;3663;6.58;0.40;257.07;3.58;942;10;1224.00;31
2693;10;622421721;2693;304;3633;3664;6.64;0.41;257.07;3.58;940;10;1225.00;31
2694;10;622421733;2694;301;3639;3664;6.75;0.41;257.19;3.57;945;10;1226.00;25
2697;10;622421745;2697;304;3639;3664;6.78;0.42;257.35;3.57;942;10;1227.00;25
2701;10;622421757;2701;308;3642;3666;6.80;0.42;257.44;3.57;941;10;1228.00;24
2701;10;622421769;2701;313;3645;3666;6.84;0.42;257.44;3.58;944;10;1229.00;21
2704;10;622421784;2704;317;3647;3666;6.78;0.42;257.39;3.58;943;10;1230.00;19
2708;10;622421812;2708;319;3649;3666;6.70;0.41;257.53;3.58;941;10;1231.00;17
2713;10;622421828;2713;327;3652;3667;6.57;0.40;257.86;3.59;939;10;1232.00;15
2714;10;622421847;2714;333;3653;3668;6.53;0.40;257.92;3.59;939;10;1233.00;15
2716;10;622421865;2716;343;3655;3668;6.47;0.40;258.03;3.59;939;10;1234.00;13
2721;10;622421882;2721;354;3664;3672;6.40;0.39;258.22;3.61;943;10;1235.00;8
2725;10;622421899;2725;361;3667;3672;6.37;0.39;258.30;3.61;942;10;1236.00;5
2727;10;622421912;2727;365;3668;3672;6.40;0.39;258.33;3.61;941;10;1237.00;4
2732;10;622421925;2732;367;3669;3672;6.38;0.39;258.29;3.62;937;10;1238.00;3
2733;10;622421938;2733;368;3675;3678;6.44;0.39;258.30;3.62;942;10;1239.00;3
2734;10;622421951;2734;369;3676;3678;6.52;0.40;258.44;3.62;942;10;1240.00;2
2737;10;622421963;2737;372;3678;3678;6.58;0.40;258.58;3.62;941;10;1241.00;0
2738;10;622421976;2738;367;3680;3681;6.65;0.41;258.57;3.62;942;10;1242.00;1
2742;10;622421999;2742;370;3680;3681;6.64;0.41;258.49;3.62;938;10;1243.00;1
2745;10;622422012;2745;369;3681;3681;6.59;0.40;258.63;3.62;936;10;1244.00;0
2747;10;622422024;2747;364;3682;3682;6.62;0.40;258.67;3.62;935;10;1245.00;0
2749;10;622422036;2749;358;3683;3683;6.68;0.41;258.69;3.62;934;10;1246.00;0
2753;10;622422049;2753;350;3683;3683;6.64;0.41;258.73;3.62;930;10;1247.00;0
2753;10;622422069;2753;349;3695;3696;6.83;0.42;258.73;3.60;942;10;1248.00;1
2755;10;622422089;2755;343;3696;3696;6.86;0.42;258.87;3.60;941;10;1249.00;0
2756;10;622422102;2756;340;3696;3696;6.92;0.42;258.91;3.60;940;10;1250.00;0
2761;10;622422114;2761;339;3697;3697;6.94;0.42;258.98;3.60;936;10;1251.00;0
2764;10;622422127;2764;340;3697;3697;6.94;0.42;258.99;3.60;933;10;1252.00;0
2768;10;622422141;2768;345;3701;3701;6.92;0.42;259.18;3.60;933;10;1253.00;0
2770;10;622422154;2770;346;3701;3701;6.93;0.42;259.21;3.60;931;10;1254.00;0
2775;10;622422167;2775;343;3705;3705;6.85;0.42;259.12;3.60;930;10;1255.00;0
2778;10;622422181;2778;344;3705;3705;6.85;0.42;259.15;3.60;927;10;1256.00;0
2780;10;622422193;2780;347;3705;3705;6.80;0.41;259.14;3.60;925;10;1257.00;0
2780;10;622422205;2780;335;3705;3705;6.78;0.41;259.14;3.60;925;10;1258.00;0
2783;10;622422217;2783;337;3705;3705;6.75;0.41;259.10;3.60;922;10;1259.00;0
2785;10;622422233;2785;342;3736;3739;6.76;0.41;259.16;3.57;951;10;1260.00;3
2787;10;622422251;2787;341;3736;3739;6.76;0.41;259.20;3.57;949;10;1261.00;3
2789;10;622422265;2789;340;3738;3739;6.82;0.42;259.27;3.57;949;10;1262.00;1
2789;10;622422277;2789;344;3738;3739;6.87;0.42;259.27;3.57;949;10;1263.00;1
2793;11;622422288;2793;346;3739;3739;6.83;0.42;259.15;3.57;946;11;1264.00;0
2800;11;622422308;2800;349;3739;3739;6.80;0.41;259.32;3.57;939;11;1265.00;0
2802;11;622422327;2802;348;3739;3740;6.81;0.41;259.16;3.57;937;11;1266.00;1
2806;11;622422339;2806;357;3739;3740;6.83;0.42;259.05;3.57;933;11;1267.00;1
2807;11;622422350;2807;361;3744;3746;6.90;0.42;259.09;3.56;937;11;1268.00;2
2811;11;622422362;2811;362;3745;3747;6.89;0.42;259.18;3.56;934;11;1269.00;2
2815;11;622422375;2815;362;3745;3747;6.86;0.42;259.20;3.56;930;11;1270.00;2
2817;11;622422387;2817;360;3745;3747;6.83;0.42;259.18;3.56;928;11;1271.00;2
2818;11;622422398;2818;364;3748;3751;6.85;0.42;259.18;3.56;930;11;1272.00;3
2819;11;622422411;2819;373;3748;3751;6.76;0.41;259.28;3.56;929;11;1273.00;3
2820;11;622422422;2820;371;3748;3751;6.72;0.41;259.33;3.56;928;11;1274.00;3
2821;11;622422433;2821;370;3749;3752;6.70;0.41;259.33;3.56;928;11;1275.00;3
2822;11;622422445;2822;384;3752;3756;6.67;0.41;259.38;3.56;930;11;1276.00;4
2827;11;622422457;2827;382;3752;3756;6.63;0.40;259.32;3.56;925;11;1277.00;4
2830;11;622422469;2830;391;3754;3759;6.58;0.40;259.38;3.55;924;11;1278.00;5
2831;11;622422481;2831;389;3754;3759;6.56;0.40;259.40;3.55;923;11;1279.00;5
2834;11;622422494;2834;389;3755;3759;6.56;0.40;259.40;3.55;921;11;1280.00;4
2835;11;622422505;2835;386;3755;3759;6.48;0.39;259.53;3.55;920;11;1281.00;4
2836;11;622422516;2836;379;3759;3763;6.51;0.39;259.56;3.55;923;11;1282.00;4
2836;11;622422528;2836;364;3759;3763;6.51;0.39;259.56;3.55;923;11;1283.00;4
2836;11;622422539;2836;345;3759;3763;6.52;0.39;259.56;3.55;923;11;1284.00;4
2838;11;622422551;2838;337;3759;3763;6.57;0.40;259.64;3.55;921;11;1285.00;4
2841;11;622422562;2841;325;3759;3764;6.60;0.40;259.71;3.55;918;11;1286.00;5
2843;11;622422574;2843;316;3760;3765;6.70;0.40;259.71;3.55;917;11;1287.00;5
2844;11;622422586;2844;306;3760;3765;6.76;0.41;259.83;3.55;916;11;1288.00;5
2846;11;622422600;2846;299;3761;3766;6.82;0.41;259.82;3.55;915;11;1289.00;5
2847;11;622422615;2847;292;3761;3766;6.82;0.41;259.85;3.55;914;11;1290.00;5
2849;11;622422626;2849;288;3761;3766;6.78;0.41;260.00;3.55;912;11;1291.00;5
2849;11;622422646;2849;284;3761;3766;6.80;0.41;260.00;3.55;912;11;1292.00;5
2851;11;622422657;2851;272;3761;3766;6.83;0.41;260.09;3.55;910;11;1293.00;5
2852;11;622422668;2852;263;3762;3766;6.82;0.41;260.13;3.56;910;11;1294.00;4
2853;11;622422686;2853;262;3763;3766;6.86;0.41;260.09;3.56;910;11;1295.00;3
2857;11;622422697;2857;267;3828;3893;6.98;0.43;260.09;3.50;971;11;1296.00;65
2859;11;622422726;2859;265;3828;3894;7.03;0.43;260.07;3.50;969;11;1297.00;66
2860;11;622422738;2860;254;3836;3894;7.17;0.44;259.98;3.50;976;11;1298.00;58
2862;11;622422749;2862;246;3839;3894;7.23;0.44;259.94;3.50;977;11;1299.00;55
2862;11;622422762;2862;242;3844;3894;7.32;0.45;259.94;3.50;982;11;1300.00;50
2863;11;622422778;2863;237;3846;3894;7.40;0.45;259.95;3.50;983;11;1301.00;48
2864;11;622422791;2864;224;3848;3894;7.52;0.46;259.96;3.50;984;11;1302.00;46
2864;11;622422804;2864;218;3852;3894;7.64;0.46;259.96;3.50;988;11;1303.00;42
2868;11;622422816;2868;210;3855;3895;7.70;0.47;259.77;3.51;987;11;1304.00;40
2871;11;622422828;2871;208;3860;3897;7.76;0.47;259.95;3.51;989;11;1305.00;37
2873;11;622422840;2873;208;3863;3897;7.80;0.48;259.86;3.52;990;11;1306.00;34
2874;11;622422853;2874;202;3866;3898;7.85;0.48;259.87;3.52;992;11;1307.00;32
2876;11;622422872;2876;197;3871;3898;7.87;0.48;259.76;3.54;995;11;1308.00;27
2879;11;622422885;2879;194;3874;3898;7.85;0.48;259.78;3.54;995;11;1309.00;24
2884;11;622422898;2884;188;3878;3898;7.84;0.48;259.84;3.56;994;11;1310.00;20
2888;11;622422911;2888;188;3882;3902;7.86;0.48;259.86;3.56;994;11;1311.00;20
2890;11;622422923;2890;190;3883;3902;7.83;0.48;259.86;3.56;993;11;1312.00;19
2892;11;622422936;2892;193;3885;3902;7.80;0.47;259.87;3.57;993;11;1313.00;17
2894;11;622422949;2894;195;3888;3905;7.78;0.47;259.89;3.58;994;11;1314.00;17
2897;11;622422961;2897;199;3891;3905;7.77;0.47;260.07;3.59;994;11;1315.00;14
2898;11;622422976;2898;200;3892;3905;7.74;0.47;260.16;3.59;994;11;1316.00;13
2900;11;622422988;2900;202;3897;3909;7.68;0.47;260.22;3.60;997;11;1317.00;12
2904;11;622423001;2904;206;3899;3910;7.71;0.47;260.13;3.60;995;11;1318.00;11
2905;11;622423014;2905;211;3899;3910;7.71;0.47;260.23;3.60;994;11;1319.00;11
2907;11;622423028;2907;214;3906;3915;7.78;0.47;260.44;3.61;999;11;1320.00;9
2910;11;622423042;2910;221;3906;3915;7.74;0.47;260.49;3.61;996;11;1321.00;9
2911;11;622423054;2911;224;3907;3915;7.74;0.47;260.49;3.61;996;11;1322.00;8
2913;11;622423067;2913;230;3908;3916;7.71;0.47;260.57;3.61;995;11;1323.00;8
2914;11;622423080;2914;231;3909;3916;7.69;0.47;260.78;3.62;995;11;1324.00;7
2916;11;622423093;2916;234;3915;3922;7.68;0.47;260.74;3.62;999;11;1325.00;7
2921;11;622423106;2921;237;3915;3922;7.68;0.47;261.04;3.62;994;11;1326.00;7
2922;11;622423119;2922;246;3916;3923;7.68;0.47;260.99;3.62;994;11;1327.00;7
2925;11;622423132;2925;246;3916;3923;7.72;0.47;261.08;3.62;991;11;1328.00;7
2927;11;622423145;2927;253;3917;3923;7.67;0.47;261.29;3.63;990;11;1329.00;6
2927;11;622423157;2927;251;3917;3923;7.70;0.47;261.29;3.63;990;11;1330.00;6
2929;11;622423169;2929;255;3917;3923;7.69;0.47;261.54;3.63;988;11;1331.00;6
2930;11;622423182;2930;259;3928;3935;7.67;0.47;261.56;3.63;998;11;1332.00;7
2935;11;622423195;2935;259;3932;3935;7.65;0.47;261.69;3.65;997;11;1333.00;3
2936;11;622423208;2936;264;3933;3935;7.62;0.46;261.71;3.65;997;11;1334.00;2
2937;11;622423226;2937;270;3934;3935;7.60;0.46;261.75;3.65;997;11;1335.00;1
2940;11;622423239;2940;279;3934;3935;7.57;0.46;261.87;3.65;994;11;1336.00;1
2942;11;622423252;2942;282;3935;3935;7.55;0.46;261.95;3.65;993;11;1337.00;0
2947;11;622423263;2947;281;3939;3939;7.38;0.45;262.02;3.65;992;11;1338.00;0
2950;11;622423282;2950;277;3939;3939;7.32;0.45;262.15;3.65;989;11;1339.00;0
2953;11;622423294;2953;280;3943;3943;7.33;0.45;262.54;3.65;990;11;1340.00;0
2954;11;622423307;2954;281;3944;3944;7.34;0.45;262.53;3.64;990;11;1341.00;0
2956;11;622423319;2956;280;3944;3944;7.32;0.45;262.66;3.64;988;11;1342.00;0
2958;11;622423331;2958;275;3944;3944;7.32;0.45;262.62;3.64;986;11;1343.00;0
2960;11;622423343;2960;280;3957;3957;7.40;0.45;262.57;3.63;997;11;1344.00;0
2965;11;622423357;2965;273;3957;3957;7.39;0.45;262.79;3.63;992;11;1345.00;0
2967;11;622423369;2967;274;3957;3957;7.42;0.45;262.83;3.63;990;11;1346.00;0
2969;11;622423381;2969;279;3958;3958;7.42;0.45;262.88;3.63;989;11;1347.00;0
2972;11;622423394;2972;279;3959;3959;7.41;0.45;263.01;3.63;987;11;1348.00;0
2974;11;622423407;2974;282;3959;3959;7.43;0.45;263.17;3.63;985;11;1349.00;0
2977;11;622423420;2977;286;3966;3968;7.40;0.45;263.49;3.62;989;11;1350.00;2
2982;11;622423433;2982;278;3966;3968;7.39;0.45;263.48;3.62;984;11;1351.00;2
2985;11;622423445;2985;280;3967;3968;7.37;0.45;263.50;3.62;982;11;1352.00;1
2990;11;622423456;2990;278;3967;3968;7.33;0.45;263.52;3.62;977;11;1353.00;1
2993;11;622423469;2993;279;3973;3974;7.35;0.45;263.42;3.62;980;11;1354.00;1
2997;11;622423482;2997;280;3974;3974;7.31;0.45;263.50;3.62;977;11;1355.00;0
3001;11;622423500;3001;283;3974;3974;7.24;0.44;263.58;3.62;973;11;1356.00;0
3004;11;622423511;3004;284;3974;3974;7.11;0.44;263.73;3.62;970;11;1357.00;0
3009;11;622423523;3009;284;3978;3978;6.95;0.43;263.90;3.62;969;11;1358.00;0
3013;11;622423534;3013;285;3979;3979;6.82;0.42;263.92;3.62;966;11;1359.00;0
3018;11;622423545;3018;274;3979;3979;6.76;0.41;263.82;3.62;961;11;1360.00;0
3024;11;622423557;3024;269;3980;3980;6.75;0.41;263.84;3.62;956;11;1361.00;0
3026;11;622423568;3026;265;3980;3980;6.77;0.41;263.81;3.62;954;11;1362.00;0
3031;11;622423580;3031;263;3980;3980;6.78;0.42;263.82;3.62;949;11;1363.00;0
3037;11;622423592;3037;265;3980;3980;6.81;0.42;264.01;3.62;943;11;1364.00;0
3041;11;622423604;3041;263;3980;3980;6.93;0.42;264.01;3.62;939;11;1365.00;0
3045;11;622423615;3045;266;3980;3980;6.98;0.43;264.01;3.62;935;11;1366.00;0
3048;11;622423626;3048;260;3980;3980;6.96;0.43;264.21;3.62;932;11;1367.00;0
3051;11;622423637;3051;262;4017;4050;7.16;0.44;264.43;3.58;966;11;1368.00;33
3054;11;622423656;3054;257;4019;4051;7.15;0.44;264.73;3.58;965;11;1369.00;32
3056;11;622423667;3056;265;4025;4051;7.18;0.44;264.91;3.58;969;11;1370.00;26
3059;11;622423679;3059;267;4028;4051;7.22;0.44;265.09;3.58;969;11;1371.00;23
3062;11;622423691;3062;271;4032;4051;7.29;0.45;265.28;3.58;970;11;1372.00;19
3065;11;622423703;3065;278;4035;4051;7.28;0.45;265.47;3.58;970;11;1373.00;16
3070;11;622423716;3070;280;4038;4051;7.21;0.44;265.52;3.58;968;11;1374.00;13
3074;11;622423727;3074;290;4041;4051;7.11;0.44;265.95;3.58;967;11;1375.00;10
3076;11;622423738;3076;290;4043;4052;7.01;0.43;265.93;3.59;967;11;1376.00;9
3081;11;622423750;3081;304;4046;4053;6.82;0.42;266.10;3.59;965;11;1377.00;7
3085;11;622423762;3085;309;4047;4053;6.72;0.41;266.12;3.59;962;11;1378.00;6
3089;11;622423773;3089;320;4052;4057;6.64;0.41;266.04;3.59;963;11;1379.00;5
3095;11;622423789;3095;318;4053;4057;6.58;0.40;266.36;3.59;958;11;1380.00;4
3099;11;622423807;3099;330;4053;4057;6.57;0.40;266.54;3.59;954;11;1381.00;4
3102;11;622423833;3102;331;4053;4057;6.58;0.40;266.73;3.59;951;11;1382.00;4
3108;11;622423851;3108;335;4059;4063;6.52;0.40;266.82;3.59;951;11;1383.00;4
3111;11;622423869;3111;337;4059;4063;6.49;0.40;267.10;3.59;948;11;1384.00;4
3117;11;622423899;3117;349;4059;4063;6.40;0.39;267.51;3.59;942;11;1385.00;4
3122;11;622423913;3122;349;4062;4066;6.32;0.39;267.69;3.59;940;11;1386.00;4
3125;11;622423927;3125;353;4064;4066;6.27;0.38;267.92;3.60;939;11;1387.00;2
3131;11;622423939;3131;361;4065;4066;6.18;0.38;268.01;3.60;934;11;1388.00;1
3133;11;622423951;3133;364;4066;4067;6.19;0.38;268.18;3.60;933;11;1389.00;1
3134;11;622423962;3134;362;4067;4068;6.22;0.38;268.10;3.60;933;11;1390.00;1
3139;11;622423975;3139;364;4067;4068;6.19;0.38;268.26;3.60;928;11;1391.00;1
3143;11;622423987;3143;367;4081;4081;6.30;0.39;268.55;3.59;938;11;1392.00;0
3145;11;622423999;3145;371;4081;4081;6.32;0.39;268.65;3.59;936;11;1393.00;0
3150;11;622424011;3150;370;4081;4081;6.30;0.39;268.83;3.59;931;11;1394.00;0
3153;11;622424023;3153;375;4083;4083;6.35;0.39;268.92;3.59;930;11;1395.00;0
3155;11;622424034;3155;377;4083;4083;6.37;0.39;268.91;3.59;928;11;1396.00;0
3161;11;622424045;3161;384;4087;4087;6.31;0.39;268.97;3.58;926;11;1397.00;0
3163;11;622424056;3163;386;4087;4087;6.21;0.38;268.94;3.58;924;11;1398.00;0
3167;11;622424068;3167;391;4091;4091;6.15;0.38;269.02;3.58;924;11;1399.00;0
3170;11;622424082;3170;398;4091;4091;6.05;0.37;269.04;3.58;921;11;1400.00;0
3170;11;622424100;3170;400;4091;4091;6.01;0.37;269.04;3.58;921;11;1401.00;0
3175;11;622424112;3175;413;4091;4091;5.90;0.36;268.95;3.58;916;11;1402.00;0
3178;11;622424124;3178;419;4091;4091;5.86;0.36;268.95;3.58;913;11;1403.00;0
3182;11;622424136;3182;423;4101;4103;5.89;0.36;268.99;3.57;919;11;1404.00;2
3184;11;622424150;3184;425;4101;4103;5.89;0.36;269.00;3.57;917;11;1405.00;2
3187;11;622424162;3187;423;4103;4103;5.85;0.36;269.01;3.57;916;11;1406.00;0
3190;11;622424172;3190;421;4103;4103;5.87;0.36;268.99;3.57;913;11;1407.00;0
3192;11;622424183;3192;415;4103;4103;5.89;0.36;269.03;3.57;911;11;1408.00;0
3195;11;622424195;3195;410;4103;4103;5.92;0.36;269.08;3.57;908;11;1409.00;0
3197;11;622424208;3197;404;4104;4104;5.95;0.37;269.01;3.57;907;11;1410.00;0
3201;11;622424220;3201;399;4104;4104;5.93;0.36;268.99;3.57;903;11;1411.00;0
3206;11;622424231;3206;396;4110;4110;5.95;0.36;269.07;3.57;904;11;1412.00;0
3207;11;622424243;3207;395;4111;4111;6.02;0.37;269.01;3.57;904;11;1413.00;0
3213;11;622424254;3213;395;4111;4111;6.02;0.37;268.87;3.57;898;11;1414.00;0
3216;11;622424266;3216;392;4111;4111;6.05;0.37;268.79;3.57;895;11;1415.00;0
3219;11;622424277;3219;381;4115;4115;6.11;0.37;268.79;3.56;896;11;1416.00;0
3222;11;622424290;3222;377;4115;4115;6.15;0.37;268.75;3.56;893;11;1417.00;0
3223;11;622424303;3223;371;4115;4115;6.25;0.38;268.77;3.56;892;11;1418.00;0
3225;11;622424314;3225;373;4116;4116;6.35;0.39;268.83;3.56;891;11;1419.00;0
3225;11;622424325;3225;368;4120;4120;6.43;0.39;268.83;3.56;895;11;1420.00;0
3229;11;622424337;3229;363;4120;4120;6.46;0.39;268.71;3.56;891;11;1421.00;0
3231;11;622424349;3231;367;4122;4123;6.55;0.40;268.59;3.56;891;11;1422.00;1
3233;11;622424360;3233;366;4122;4123;6.59;0.40;268.58;3.56;889;11;1423.00;1
3233;11;622424372;3233;372;4123;4123;6.69;0.41;268.58;3.56;890;11;1424.00;0
3233;11;622424383;3233;365;4123;4123;6.75;0.41;268.58;3.56;890;11;1425.00;0
3234;11;622424394;3234;369;4127;4127;6.79;0.41;268.62;3.55;893;11;1426.00;0
3236;11;622424405;3236;368;4127;4127;6.86;0.42;268.57;3.55;891;11;1427.00;0
3238;11;622424417;3238;367;4127;4127;6.90;0.42;268.55;3.55;889;11;1428.00;0
3238;11;622424428;3238;364;4127;4127;6.90;0.42;268.55;3.55;889;11;1429.00;0
3238;11;622424440;3238;359;4128;4128;6.89;0.42;268.55;3.55;890;11;1430.00;0
3238;11;622424452;3238;364;4129;4129;6.86;0.42;268.55;3.55;891;11;1431.00;0
3238;11;622424463;3238;365;4129;4129;6.81;0.41;268.55;3.55;891;11;1432.00;0
3239;11;622424474;3239;362;4130;4130;6.77;0.41;268.59;3.55;891;11;1433.00;0
3240;11;622424485;3240;360;4130;4130;6.71;0.41;268.62;3.55;890;11;1434.00;0
3242;11;622424496;3242;350;4130;4130;6.65;0.40;268.62;3.55;888;11;1435.00;0
3243;11;622424508;3243;341;4130;4130;6.61;0.40;268.62;3.55;887;11;1436.00;0
3243;11;622424520;3243;336;4130;4130;6.70;0.41;268.62;3.55;887;11;1437.00;0
3245;11;622424531;3245;333;4130;4130;6.74;0.41;268.58;3.55;885;11;1438.00;0
3247;11;622424543;3247;326;4130;4130;6.80;0.41;268.68;3.55;883;11;1439.00;0
3249;11;622424556;3249;369;4252;4360;6.99;0.44;268.70;3.45;1003;11;1440.00;108
3253;11;622424589;3253;351;4258;4361;7.02;0.44;268.65;3.45;1005;11;1441.00;103
3253;11;622424616;3253;339;4267;4361;7.15;0.44;268.65;3.44;1014;11;1442.00;94
3255;11;622424629;3255;336;4273;4361;7.19;0.45;268.70;3.44;1018;11;1443.00;88
3256;11;622424641;3256;330;4282;4361;7.23;0.45;268.62;3.45;1026;11;1444.00;79
3258;11;622424654;3258;331;4285;4361;7.23;0.45;268.63;3.45;1027;11;1445.00;76
3258;11;622424668;3258;329;4291;4361;7.23;0.45;268.63;3.45;1033;11;1446.00;70
3260;11;622424688;3260;335;4296;4361;7.19;0.44;268.66;3.45;1036;11;1447.00;65
3260;11;622424702;3260;336;4301;4362;7.19;0.44;268.66;3.46;1041;11;1448.00;61
3262;11;622424722;3262;341;4306;4363;7.13;0.44;268.75;3.47;1044;11;1449.00;57
3263;11;622424735;3263;331;4311;4363;7.09;0.44;268.75;3.47;1048;11;1450.00;52
3264;11;622424748;3264;328;4315;4364;7.07;0.43;268.76;3.48;1051;11;1451.00;49
3265;11;622424760;3265;324;4318;4364;7.04;0.43;268.79;3.49;1053;11;1452.00;46
3269;11;622424774;3269;326;4320;4364;7.01;0.43;268.95;3.49;1051;11;1453.00;44
3270;11;622424787;3270;321;4322;4364;6.97;0.43;269.01;3.50;1052;11;1454.00;42
3273;11;622424801;3273;315;4326;4368;6.92;0.42;269.04;3.50;1053;11;1455.00;42
3277;11;622424816;3277;317;4326;4368;6.86;0.42;269.23;3.50;1049;11;1456.00;42
3278;11;622424829;3278;311;4328;4368;6.86;0.42;269.29;3.51;1050;11;1457.00;40
3280;11;622424843;3280;310;4331;4371;6.91;0.42;269.32;3.51;1051;11;1458.00;40
3284;11;622424857;3284;308;4332;4371;6.96;0.43;269.53;3.51;1048;11;1459.00;39
3287;11;622424869;3287;303;4333;4371;7.03;0.43;269.65;3.52;1046;11;1460.00;38
3288;11;622424883;3288;300;4336;4375;7.11;0.43;269.63;3.52;1048;11;1461.00;39
3290;11;622424897;3290;292;4337;4376;7.23;0.44;269.57;3.52;1047;11;1462.00;39
3293;11;622424910;3293;289;4341;4376;7.28;0.44;269.64;3.53;1048;11;1463.00;35
3297;11;622424923;3297;289;4345;4380;7.31;0.45;269.70;3.54;1048;11;1464.00;35
3298;11;622424939;3298;287;4347;4380;7.38;0.45;269.62;3.55;1049;11;1465.00;33
3301;11;622424952;3301;283;4347;4380;7.38;0.45;269.71;3.55;1046;11;1466.00;33
3304;11;622424965;3304;279;4348;4381;7.39;0.45;269.81;3.55;1044;11;1467.00;33
3306;11;622424979;3306;276;4349;4381;7.41;0.45;269.84;3.56;1043;11;1468.00;32
3309;11;622424992;3309;273;4353;4387;7.40;0.45;269.97;3.56;1044;11;1469.00;34
3316;11;622425007;3316;268;4356;4387;7.31;0.44;269.99;3.58;1040;11;1470.00;31
3318;11;622425022;3318;265;4356;4388;7.28;0.44;269.95;3.58;1038;11;1471.00;32
3321;11;622425034;3321;256;4358;4388;7.25;0.44;269.86;3.59;1037;11;1472.00;30
3322;11;622425049;3322;251;4358;4388;7.25;0.44;269.93;3.59;1036;11;1473.00;30
3326;11;622425062;3326;248;4359;4388;7.24;0.44;269.82;3.59;1033;11;1474.00;29
3329;11;622425075;3329;260;4360;4388;7.22;0.44;269.88;3.59;1031;11;1475.00;28
3333;11;622425088;3333;261;4368;4400;7.23;0.44;269.89;3.59;1035;11;1476.00;32
3333;11;622425111;3333;256;4370;4400;7.26;0.44;269.89;3.59;1037;11;1477.00;30
3334;11;622425125;3334;255;4372;4400;7.28;0.44;269.99;3.59;1038;11;1478.00;28
3335;11;622425138;3335;257;4373;4400;7.31;0.44;269.99;3.59;1038;11;1479.00;27
3336;11;622425153;3336;260;4375;4400;7.36;0.45;270.05;3.61;1039;11;1480.00;25
3336;11;622425176;3336;258;4376;4400;7.41;0.45;270.05;3.62;1040;11;1481.00;24
3337;11;622425189;3337;256;4379;4404;7.44;0.45;270.14;3.62;1042;11;1482.00;25
3340;11;622425202;3340;257;4380;4404;7.46;0.45;270.21;3.63;1040;11;1483.00;24
3340;11;622425215;3340;255;4384;4408;7.60;0.46;270.21;3.63;1044;11;1484.00;24
3342;11;622425228;3342;251;4388;4410;7.56;0.46;270.10;3.64;1046;11;1485.00;22
3343;11;622425242;3343;247;4389;4410;7.49;0.46;270.19;3.64;1046;11;1486.00;21
3345;11;622425255;3345;254;4389;4410;7.46;0.45;270.20;3.64;1044;11;1487.00;21
3347;11;622425269;3347;259;4399;4423;7.45;0.45;270.13;3.64;1052;11;1488.00;24
3350;11;622425284;3350;263;4399;4423;7.40;0.45;270.19;3.64;1049;11;1489.00;24
3356;11;622425297;3356;266;4402;4423;7.31;0.45;270.25;3.67;1046;11;1490.00;21
3359;11;622425311;3359;266;4403;4424;7.31;0.45;270.18;3.67;1044;11;1491.00;21
3361;11;622425323;3361;274;4405;4425;7.32;0.45;270.19;3.69;1044;11;1492.00;20
3363;11;622425337;3363;285;4407;4425;7.26;0.44;270.33;3.71;1044;11;1493.00;18
3365;11;622425351;3365;287;4409;4428;7.28;0.44;270.31;3.71;1044;11;1494.00;19
3368;11;622425365;3368;288;4411;4428;7.27;0.44;270.39;3.73;1043;11;1495.00;17
3372;11;622425379;3372;293;4414;4428;7.24;0.44;270.57;3.75;1042;11;1496.00;14
3374;11;622425393;3374;289;4416;4428;7.28;0.44;270.77;3.77;1042;11;1497.00;12
3376;11;622425406;3376;292;4422;4434;7.37;0.45;270.68;3.78;1046;11;1498.00;12
3380;11;622425419;3380;300;4422;4434;7.33;0.45;270.94;3.78;1042;11;1499.00;12
3382;11;622425436;3382;302;4430;4453;7.32;0.45;270.99;3.81;1048;11;1500.00;23
3385;11;622425459;3385;292;4430;4453;7.31;0.45;271.16;3.81;1045;11;1501.00;23
3389;11;622425480;3389;296;4436;4457;7.21;0.44;271.31;3.82;1047;11;1502.00;21
3390;11;622425494;3390;302;4439;4458;7.19;0.44;271.29;3.83;1049;11;1503.00;19
3393;11;622425508;3393;304;4439;4458;7.20;0.44;271.36;3.83;1046;11;1504.00;19
3399;11;622425521;3399;308;4441;4459;7.10;0.43;271.48;3.83;1042;11;1505.00;18
3400;11;622425533;3400;311;4444;4459;7.03;0.43;271.42;3.83;1044;11;1506.00;15
3403;11;622425546;3403;313;4445;4459;6.97;0.43;271.59;3.83;1042;11;1507.00;14
3409;11;622425560;3409;321;4447;4459;6.88;0.42;271.83;3.84;1038;11;1508.00;12
3412;11;622425574;3412;312;4447;4459;6.89;0.42;272.02;3.84;1035;11;1509.00;12
3415;11;622425590;3415;308;4448;4459;6.87;0.42;271.95;3.84;1033;11;1510.00;11
3418;11;622425605;3418;305;4448;4459;6.87;0.42;272.06;3.84;1030;11;1511.00;11
3422;11;622425618;3422;313;4480;4529;6.93;0.42;272.09;3.81;1058;11;1512.00;49
3425;11;622425640;3425;308;4486;4530;6.99;0.43;272.24;3.81;1061;11;1513.00;44
3427;11;622425654;3427;296;4493;4530;7.08;0.43;272.41;3.81;1066;11;1514.00;37
3429;11;622425667;3429;300;4496;4530;7.10;0.44;272.61;3.81;1067;11;1515.00;34
3432;11;622425679;3432;301;4499;4530;7.12;0.44;272.48;3.81;1067;11;1516.00;31
3434;11;622425692;3434;299;4503;4530;7.14;0.44;272.68;3.81;1069;11;1517.00;27
3437;11;622425707;3437;301;4507;4530;7.20;0.44;272.82;3.82;1070;11;1518.00;23
3440;11;622425720;3440;298;4509;4530;7.20;0.44;272.84;3.82;1069;11;1519.00;21
3443;11;622425732;3443;302;4510;4531;7.22;0.44;272.76;3.82;1067;11;1520.00;21
3446;11;622425745;3446;300;4511;4532;7.19;0.44;272.64;3.82;1065;11;1521.00;21
3451;11;622425759;3451;306;4513;4532;7.12;0.43;272.78;3.82;1062;11;1522.00;19
3454;11;622425772;3454;308;4517;4536;7.07;0.43;272.90;3.82;1063;11;1523.00;19
3458;11;622425784;3458;315;4520;4536;7.02;0.43;272.88;3.84;1062;11;1524.00;16
3462;11;622425802;3462;323;4521;4536;7.03;0.43;272.99;3.84;1059;11;1525.00;15
3467;11;622425820;3467;324;4522;4536;6.98;0.43;273.05;3.84;1055;11;1526.00;14
3469;11;622425836;3469;329;4526;4542;6.95;0.42;273.03;3.84;1057;11;1527.00;16
3472;11;622425856;3472;341;4527;4542;6.89;0.42;273.14;3.84;1055;11;1528.00;15
3476;11;622425875;3476;340;4527;4542;6.70;0.41;273.10;3.84;1051;11;1529.00;15
3480;11;622425898;3480;332;4531;4548;6.57;0.40;273.10;3.85;1051;11;1530.00;17
3483;11;622425915;3483;324;4531;4548;6.52;0.40;273.11;3.85;1048;11;1531.00;17
3487;11;622425932;3487;321;4532;4548;6.46;0.40;273.21;3.85;1045;11;1532.00;16
3490;11;622425946;3490;317;4534;4549;6.42;0.39;273.36;3.85;1044;11;1533.00;15
3495;11;622425961;3495;319;4536;4550;6.45;0.40;273.42;3.86;1041;11;1534.00;14
3498;11;622425975;3498;317;4537;4550;6.45;0.40;273.67;3.86;1039;11;1535.00;13
3506;11;622425988;3506;329;4548;4563;6.44;0.40;273.70;3.86;1042;11;1536.00;15
3510;11;622426002;3510;321;4549;4563;6.49;0.40;273.64;3.86;1039;11;1537.00;14
3515;11;622426016;3515;321;4552;4563;6.48;0.40;273.54;3.86;1037;11;1538.00;11
3519;11;622426028;3519;321;4555;4564;6.42;0.39;273.65;3.87;1036;11;1539.00;9
3524;11;622426041;3524;320;4556;4564;6.37;0.39;273.82;3.87;1032;11;1540.00;8
3526;11;622426054;3526;320;4560;4568;6.36;0.39;273.94;3.88;1034;11;1541.00;8
3531;11;622426067;3531;324;4562;4568;6.30;0.39;274.14;3.88;1031;11;1542.00;6
3534;11;622426079;3534;320;4568;4572;6.21;0.38;274.29;3.89;1034;11;1543.00;4
3540;11;622426093;3540;326;4571;4572;6.15;0.38;274.51;3.90;1031;11;1544.00;1
3542;11;622426105;3542;327;4572;4572;6.11;0.37;274.54;3.90;1030;11;1545.00;0
3544;11;622426117;3544;341;4572;4572;6.05;0.37;274.65;3.90;1028;11;1546.00;0
3553;11;622426129;3553;347;4572;4572;5.87;0.36;274.62;3.90;1019;11;1547.00;0
3556;11;622426142;3556;357;4584;4584;5.85;0.36;274.64;3.89;1028;11;1548.00;0
3560;11;622426155;3560;364;4584;4584;5.77;0.35;274.79;3.89;1024;11;1549.00;0
3561;11;622426167;3561;361;4584;4584;5.77;0.35;274.73;3.89;1023;11;1550.00;0
3563;11;622426179;3563;368;4584;4584;5.79;0.35;274.87;3.89;1021;11;1551.00;0
3567;11;622426191;3567;369;4584;4584;5.79;0.35;274.84;3.89;1017;11;1552.00;0
3568;11;622426203;3568;374;4584;4584;5.84;0.36;274.84;3.89;1016;11;1553.00;0
3574;11;622426216;3574;382;4585;4585;5.76;0.35;274.94;3.89;1011;11;1554.00;0
3577;11;622426228;3577;394;4587;4587;5.69;0.35;274.91;3.89;1010;11;1555.00;0
3580;11;622426240;3580;397;4593;4593;5.69;0.35;274.96;3.88;1013;11;1556.00;0
3583;11;622426254;3583;404;4594;4594;5.65;0.35;275.01;3.88;1011;11;1557.00;0
3591;11;622426267;3591;402;4594;4594;5.58;0.34;274.99;3.88;1003;11;1558.00;0
3593;11;622426279;3593;410;4594;4594;5.50;0.34;274.98;3.88;1001;11;1559.00;0
3596;11;622426293;3596;415;4599;4599;5.48;0.33;275.03;3.88;1003;11;1560.00;0
3599;11;622426305;3599;414;4599;4599;5.37;0.33;274.98;3.88;1000;11;1561.00;0
3600;11;622426316;3600;423;4599;4599;5.33;0.33;275.04;3.88;999;11;1562.00;0
3604;11;622426328;3604;423;4600;4600;5.29;0.32;275.00;3.88;996;11;1563.00;0
3606;11;622426340;3606;426;4604;4604;5.29;0.32;274.90;3.87;998;11;1564.00;0
3608;11;622426352;3608;433;4604;4604;5.20;0.32;274.94;3.87;996;11;1565.00;0
3614;11;622426363;3614;436;4606;4607;5.13;0.31;274.76;3.87;992;11;1566.00;1
3616;11;622426374;3616;441;4606;4607;5.07;0.31;274.66;3.87;990;11;1567.00;1
3619;11;622426386;3619;448;4607;4607;5.02;0.31;274.70;3.87;988;11;1568.00;0
3622;11;622426397;3622;450;4607;4607;4.95;0.30;274.52;3.87;985;11;1569.00;0
3623;11;622426407;3623;454;4611;4611;4.96;0.30;274.56;3.87;988;11;1570.00;0
3625;11;622426418;3625;456;4611;4611;4.90;0.30;274.60;3.87;986;11;1571.00;0
3627;11;622426429;3627;459;4611;4611;4.80;0.29;274.46;3.87;984;11;1572.00;0
3629;11;622426440;3629;468;4611;4611;4.74;0.29;274.48;3.87;982;11;1573.00;0
3631;11;622426451;3631;472;4612;4612;4.69;0.29;274.45;3.87;981;11;1574.00;0
3631;11;622426462;3631;482;4614;4614;4.69;0.29;274.45;3.87;983;11;1575.00;0
3632;11;622426473;3632;482;4614;4614;4.65;0.29;274.38;3.87;982;11;1576.00;0
3634;11;622426484;3634;478;4615;4615;4.70;0.29;274.37;3.87;981;11;1577.00;0
3635;11;622426496;3635;473;4615;4615;4.76;0.29;274.33;3.87;980;11;1578.00;0
3636;11;622426507;3636;474;4615;4615;4.81;0.30;274.36;3.87;979;11;1579.00;0
3636;11;622426518;3636;463;4615;4615;4.86;0.30;274.36;3.87;979;11;1580.00;0
3638;11;622426528;3638;463;4615;4615;4.92;0.30;274.38;3.87;977;11;1581.00;0
3640;11;622426540;3640;466;4615;4615;4.98;0.31;274.36;3.87;975;11;1582.00;0
3641;11;622426550;3641;467;4615;4615;5.01;0.31;274.38;3.87;974;11;1583.00;0
3642;11;622426561;3642;492;4690;4742;5.45;0.34;274.40;3.81;1048;11;1584.00;52
3643;11;622426584;3643;484;4693;4743;5.52;0.34;274.42;3.80;1050;11;1585.00;50
3649;11;622426597;3649;457;4703;4743;5.64;0.35;274.35;3.80;1054;11;1586.00;40
3650;11;622426610;3650;433;4705;4743;5.74;0.36;274.36;3.80;1055;11;1587.00;38
3650;11;622426622;3650;413;4710;4743;5.85;0.36;274.36;3.80;1060;11;1588.00;33
3653;11;622426634;3653;394;4712;4743;5.92;0.37;274.43;3.80;1059;11;1589.00;31
3654;11;622426650;3654;385;4714;4743;6.02;0.37;274.40;3.80;1060;11;1590.00;29
3656;11;622426663;3656;379;4716;4743;6.12;0.38;274.35;3.80;1060;11;1591.00;27
3657;11;622426676;3657;373;4718;4744;6.17;0.38;274.36;3.80;1061;11;1592.00;26
3658;11;622426690;3658;371;4721;4745;6.15;0.38;274.34;3.81;1063;11;1593.00;24
3658;11;622426712;3658;363;4723;4745;6.18;0.38;274.34;3.81;1065;11;1594.00;22
3659;11;622426727;3659;369;4725;4746;6.27;0.39;274.33;3.81;1066;12;1595.00;21
3664;11;622426752;3664;373;4728;4746;6.34;0.39;274.47;3.82;1064;12;1596.00;18
3666;11;622426766;3666;373;4730;4746;6.42;0.39;274.48;3.82;1064;12;1597.00;16
3668;11;622426780;3668;371;4732;4746;6.50;0.40;274.54;3.83;1064;12;1598.00;14
3669;11;622426802;3669;369;4737;4750;6.55;0.40;274.59;3.83;1068;12;1599.00;13
3672;11;622426818;3672;367;4739;4750;6.67;0.41;274.68;3.84;1067;12;1600.00;11
3673;11;622426838;3673;372;4741;4750;6.76;0.41;274.66;3.84;1068;12;1601.00;9
3673;11;622426852;3673;371;4745;4753;6.88;0.42;274.66;3.85;1072;12;1602.00;8
3674;11;622426867;3674;367;4747;4753;6.99;0.43;274.71;3.85;1073;12;1603.00;6
3674;11;622426889;3674;375;4747;4753;7.09;0.43;274.71;3.85;1073;12;1604.00;6
3676;11;622426903;3676;377;4752;4757;7.12;0.43;274.78;3.85;1076;12;1605.00;5
3678;11;622426918;3678;377;4754;4758;7.22;0.44;274.84;3.85;1076;12;1606.00;4
3680;11;622426932;3680;373;4755;4758;7.29;0.44;274.82;3.85;1075;12;1607.00;3
3685;11;622426948;3685;368;4757;4762;7.35;0.45;274.86;3.85;1072;12;1608.00;5
3685;11;622426964;3685;368;4757;4762;7.39;0.45;274.86;3.85;1072;12;1609.00;5
3686;11;622426981;3686;364;4758;4762;7.45;0.45;274.79;3.85;1072;12;1610.00;4
3687;11;622426997;3687;359;4759;4763;7.45;0.45;274.79;3.85;1072;12;1611.00;4
3688;11;622427015;3688;359;4759;4763;7.43;0.45;274.86;3.85;1071;12;1612.00;4
3690;11;622427032;3690;360;4764;4769;7.50;0.46;274.98;3.85;1074;12;1613.00;5
3692;11;622427049;3692;357;4764;4769;7.50;0.46;275.16;3.85;1072;12;1614.00;5
3695;11;622427065;3695;360;4764;4770;7.51;0.46;275.26;3.85;1069;12;1615.00;6
3700;11;622427081;3700;355;4764;4770;7.50;0.46;275.37;3.85;1064;12;1616.00;6
3704;11;622427097;3704;359;4764;4770;7.51;0.46;275.45;3.85;1060;12;1617.00;6
3708;11;622427112;3708;360;4764;4770;7.46;0.45;275.53;3.85;1056;12;1618.00;6
3712;11;622427128;3712;363;4764;4770;7.42;0.45;275.76;3.85;1052;12;1619.00;6
3715;11;622427146;3715;355;4789;4806;7.39;0.45;275.79;3.83;1074;12;1620.00;17
3721;11;622427166;3721;354;4789;4806;7.38;0.45;276.07;3.83;1068;12;1621.00;17
3726;11;622427182;3726;349;4795;4806;7.39;0.45;276.33;3.83;1069;12;1622.00;11
3727;11;622427199;3727;341;4795;4806;7.39;0.45;276.28;3.83;1068;12;1623.00;11
3728;11;622427215;3728;335;4796;4806;7.39;0.45;276.30;3.83;1068;12;1624.00;10
3731;11;622427231;3731;339;4797;4806;7.33;0.45;276.48;3.83;1066;12;1625.00;9
3731;11;622427246;3731;332;4800;4810;7.36;0.45;276.48;3.82;1069;12;1626.00;10
3733;11;622427268;3733;337;4800;4810;7.35;0.45;276.56;3.82;1067;12;1627.00;10
3736;11;622427281;3736;335;4804;4814;7.34;0.45;276.76;3.82;1068;12;1628.00;10
3739;11;622427295;3739;328;4805;4815;7.36;0.45;276.88;3.82;1066;12;1629.00;10
3741;11;622427308;3741;330;4805;4815;7.32;0.44;277.00;3.82;1064;12;1630.00;10
3748;11;622427325;3748;325;4805;4815;7.21;0.44;277.56;3.82;1057;12;1631.00;10
3749;11;622427339;3749;324;4816;4828;7.15;0.43;277.55;3.81;1067;12;1632.00;12
3755;11;622427354;3755;316;4816;4828;7.09;0.43;277.76;3.81;1061;12;1633.00;12
3759;11;622427368;3759;317;4816;4828;7.11;0.43;277.94;3.81;1057;12;1634.00;12
3762;11;622427381;3762;313;4818;4829;7.17;0.43;277.91;3.82;1056;12;1635.00;11
3766;11;622427395;3766;305;4818;4830;7.19;0.43;278.15;3.82;1052;12;1636.00;12
3767;11;622427408;3767;314;4818;4830;7.20;0.43;278.28;3.82;1051;12;1637.00;12
3772;11;622427421;3772;309;4820;4833;7.28;0.44;278.42;3.82;1048;12;1638.00;13
3774;11;622427436;3774;313;4821;4833;7.34;0.44;278.55;3.82;1047;12;1639.00;12
3780;11;622427449;3780;309;4821;4833;7.34;0.44;278.48;3.82;1041;12;1640.00;12
3783;11;622427463;3783;305;4821;4833;7.39;0.45;278.61;3.82;1038;12;1641.00;12
3786;11;622427478;3786;301;4826;4839;7.48;0.45;278.57;3.82;1040;12;1642.00;13
3787;11;622427493;3787;302;4826;4839;7.52;0.45;278.61;3.82;1039;12;1643.00;13
3789;11;622427506;3789;307;4826;4839;7.47;0.45;278.56;3.82;1037;12;1644.00;13
3792;11;622427520;3792;305;4826;4839;7.47;0.45;278.57;3.82;1034;12;1645.00;13
3793;11;622427533;3793;312;4829;4843;7.46;0.45;278.65;3.81;1036;12;1646.00;14
3794;11;622427554;3794;312;4830;4844;7.48;0.45;278.68;3.81;1036;12;1647.00;14
3795;11;622427568;3795;320;4831;4844;7.43;0.45;278.66;3.82;1036;12;1648.00;13
3799;11;622427582;3799;316;4832;4845;7.40;0.45;278.67;3.82;1033;12;1649.00;13
3799;11;622427598;3799;321;4832;4845;7.33;0.45;278.67;3.82;1033;12;1650.00;13
3801;11;622427611;3801;321;4832;4845;7.32;0.45;278.80;3.82;1031;12;1651.00;13
3802;11;622427624;3802;318;4832;4845;7.29;0.44;278.78;3.82;1030;12;1652.00;13
3805;11;622427636;3805;316;4832;4845;7.28;0.44;278.95;3.82;1027;12;1653.00;13
3806;11;622427650;3806;315;4832;4845;7.25;0.44;279.01;3.82;1026;12;1654.00;13
3809;11;622427663;3809;319;4832;4845;7.26;0.44;279.04;3.82;1023;12;1655.00;13
3812;11;622427675;3812;329;4869;4915;7.32;0.45;279.10;3.79;1057;12;1656.00;46
3815;11;622427695;3815;326;4871;4916;7.37;0.45;279.19;3.80;1056;12;1657.00;45
3817;12;622427708;3817;327;4880;4916;7.38;0.45;279.23;3.79;1063;13;1658.00;36
3819;12;622427729;3819;329;4881;4916;7.39;0.45;279.39;3.81;1062;13;1659.00;35
3819;12;622427742;3819;328;4885;4916;7.47;0.46;279.39;3.81;1066;13;1660.00;31
3821;12;622427754;3821;329;4887;4916;7.49;0.46;279.29;3.81;1066;13;1661.00;29
3824;12;622427768;3824;326;4890;4916;7.48;0.46;279.28;3.83;1066;13;1662.00;26
3826;12;622427782;3826;328;4893;4916;7.51;0.46;279.25;3.83;1067;13;1663.00;23
3830;12;622427806;3830;323;4895;4917;7.52;0.46;279.31;3.83;1065;13;1664.00;22
3833;12;622427824;3833;327;4902;4919;7.52;0.46;279.39;3.85;1069;13;1665.00;17
3835;12;622427842;3835;320;4903;4919;7.53;0.46;279.38;3.85;1068;13;1666.00;16
3838;12;622427869;3838;322;4906;4923;7.50;0.46;279.68;3.85;1068;13;1667.00;17
3841;12;622427889;3841;324;4908;4923;7.47;0.45;279.62;3.86;1067;13;1668.00;15
3846;12;622427905;3846;323;4909;4923;7.37;0.45;279.65;3.86;1063;13;1669.00;14
3848;12;622427923;3848;323;4910;4923;7.27;0.44;279.73;3.86;1062;13;1670.00;13
3850;12;622427938;3850;335;4917;4929;7.23;0.44;279.83;3.87;1067;13;1671.00;12
3854;12;622427954;3854;338;4918;4929;7.08;0.43;280.03;3.87;1064;13;1672.00;11
3855;12;622427969;3855;349;4919;4929;6.99;0.43;280.14;3.88;1064;13;1673.00;10
3855;12;622427982;3855;352;4921;4932;6.96;0.42;280.14;3.88;1066;13;1674.00;11
3858;12;622427994;3858;356;4922;4932;6.84;0.42;280.39;3.89;1064;13;1675.00;10
3859;12;622428008;3859;359;4923;4932;6.78;0.41;280.44;3.89;1064;13;1676.00;9
3859;12;622428021;3859;362;4928;4933;6.76;0.41;280.44;3.91;1069;13;1677.00;5
3861;12;622428033;3861;368;4929;4934;6.72;0.41;280.63;3.91;1068;13;1678.00;5
3865;12;622428045;3865;361;4930;4934;6.63;0.41;280.75;3.92;1065;13;1679.00;4
3868;12;622428060;3868;374;4948;4960;6.64;0.41;280.62;3.90;1080;13;1680.00;12
3872;12;622428074;3872;366;4949;4960;6.64;0.41;280.75;3.90;1077;13;1681.00;11
3876;12;622428087;3876;362;4954;4960;6.64;0.41;280.74;3.91;1078;13;1682.00;6
3877;12;622428100;3877;356;4956;4961;6.65;0.41;280.68;3.90;1079;13;1683.00;5
3882;12;622428112;3882;359;4957;4961;6.61;0.41;280.82;3.90;1075;13;1684.00;4
3886;12;622428123;3886;360;4961;4965;6.55;0.40;280.89;3.90;1075;13;1685.00;4
3887;12;622428137;3887;355;4961;4965;6.49;0.40;280.84;3.90;1074;13;1686.00;4
3894;12;622428149;3894;349;4964;4969;6.40;0.39;280.97;3.90;1070;13;1687.00;5
3895;12;622428162;3895;349;4965;4969;6.37;0.39;280.93;3.90;1070;13;1688.00;4
3897;12;622428173;3897;354;4966;4969;6.36;0.39;280.93;3.91;1069;13;1689.00;3
3899;12;622428185;3899;359;4966;4969;6.36;0.39;280.91;3.91;1067;13;1690.00;3
3905;12;622428198;3905;363;4966;4969;6.26;0.38;280.99;3.91;1061;13;1691.00;3
3909;12;622428214;3909;369;4977;4981;6.20;0.38;281.19;3.90;1068;13;1692.00;4
3914;12;622428232;3914;378;4978;4981;6.16;0.38;281.11;3.91;1064;13;1693.00;3
3921;12;622428244;3921;381;4980;4981;6.08;0.37;281.33;3.90;1059;13;1694.00;1
3924;12;622428257;3924;385;4981;4981;6.00;0.37;281.42;3.91;1057;13;1695.00;0
3927;12;622428270;3927;395;4981;4981;5.90;0.36;281.42;3.91;1054;13;1696.00;0
3934;12;622428281;3934;401;4981;4981;5.74;0.35;281.57;3.91;1047;13;1697.00;0
3939;12;622428292;3939;411;4982;4982;5.55;0.34;281.67;3.90;1043;13;1698.00;0
3941;12;622428303;3941;418;4982;4982;5.42;0.33;281.70;3.90;1041;13;1699.00;0
3943;12;622428314;3943;414;4988;4988;5.41;0.33;281.73;3.90;1045;13;1700.00;0
3948;12;622428330;3948;414;4989;4989;5.35;0.33;281.86;3.90;1041;13;1701.00;0
3953;12;622428342;3953;412;4989;4989;5.28;0.32;281.99;3.90;1036;13;1702.00;0
3955;12;622428352;3955;408;4989;4989;5.33;0.33;281.96;3.90;1034;13;1703.00;0
3960;12;622428363;3960;404;4993;4993;5.35;0.33;282.11;3.90;1033;13;1704.00;0
3962;12;622428374;3962;398;4993;4993;5.37;0.33;282.13;3.90;1031;13;1705.00;0
3965;12;622428386;3965;401;4993;4993;5.38;0.33;282.16;3.90;1028;13;1706.00;0
3967;12;622428400;3967;398;4994;4994;5.43;0.33;282.13;3.90;1027;13;1707.00;0
3968;12;622428412;3968;393;4998;4998;5.51;0.34;282.16;3.89;1030;13;1708.00;0
3973;12;622428424;3973;397;4998;4998;5.50;0.34;282.18;3.89;1025;13;1709.00;0
3976;12;622428437;3976;399;5002;5004;5.51;0.34;282.13;3.89;1026;13;1710.00;2
3979;12;622428450;3979;395;5003;5004;5.51;0.34;282.16;3.89;1024;13;1711.00;1
3985;12;622428462;3985;402;5004;5004;5.48;0.33;282.08;3.89;1019;13;1712.00;0
3987;12;622428476;3987;405;5004;5004;5.46;0.33;282.02;3.89;1017;13;1713.00;0
3990;12;622428487;3990;406;5008;5008;5.42;0.33;281.91;3.89;1018;13;1714.00;0
3993;12;622428498;3993;414;5008;5008;5.36;0.33;281.86;3.89;1015;13;1715.00;0
3995;12;622428510;3995;416;5008;5008;5.30;0.32;281.77;3.89;1013;13;1716.00;0
3999;12;622428520;3999;422;5008;5008;5.26;0.32;281.74;3.89;1009;13;1717.00;0
4002;12;622428531;4002;428;5009;5009;5.16;0.32;281.63;3.89;1007;13;1718.00;0
4006;12;622428542;4006;424;5010;5010;5.09;0.31;281.67;3.89;1004;13;1719.00;0
4011;12;622428553;4011;432;5010;5010;5.01;0.31;281.69;3.89;999;13;1720.00;0
4013;12;622428565;4013;436;5011;5011;4.98;0.31;281.66;3.89;998;13;1721.00;0
4016;12;622428575;4016;439;5011;5011;4.92;0.30;281.68;3.89;995;13;1722.00;0
4020;12;622428587;4020;441;5011;5011;4.80;0.30;281.66;3.89;991;13;1723.00;0
4024;12;622428598;4024;450;5011;5011;4.69;0.29;281.71;3.89;987;13;1724.00;0
4026;12;622428609;4026;445;5011;5011;4.63;0.29;281.80;3.89;985;13;1725.00;0
4031;12;622428620;4031;454;5011;5011;4.58;0.28;281.66;3.89;980;13;1726.00;0
4034;12;622428631;4034;454;5011;5011;4.61;0.28;281.66;3.89;977;13;1727.00;0
4040;12;622428642;4040;472;5092;5138;5.04;0.32;281.58;3.83;1052;13;1728.00;46
4048;12;622428664;4048;470;5095;5139;5.03;0.31;281.49;3.82;1047;13;1729.00;44
4048;12;622428676;4048;468;5102;5139;5.18;0.32;281.49;3.82;1054;13;1730.00;37
4051;12;622428688;4051;471;5104;5139;5.24;0.33;281.47;3.82;1053;13;1731.00;35
4053;12;622428707;4053;474;5109;5139;5.27;0.33;281.51;3.82;1056;13;1732.00;30
4057;12;622428720;4057;478;5111;5139;5.25;0.33;281.48;3.82;1054;13;1733.00;28
4059;12;622428732;4059;483;5113;5139;5.25;0.33;281.51;3.82;1054;13;1734.00;26
4061;12;622428744;4061;489;5116;5139;5.27;0.33;281.50;3.82;1055;13;1735.00;23
4063;12;622428756;4063;489;5118;5140;5.24;0.32;281.50;3.83;1055;13;1736.00;22
4066;12;622428768;4066;491;5120;5141;5.18;0.32;281.54;3.83;1054;13;1737.00;21
4068;12;622428780;4068;486;5122;5141;5.12;0.32;281.52;3.83;1054;13;1738.00;19
4071;12;622428793;4071;473;5125;5142;5.10;0.31;281.62;3.83;1054;13;1739.00;17
4073;12;622428809;4073;475;5127;5142;5.12;0.32;281.72;3.84;1054;13;1740.00;15
4074;12;622428822;4074;478;5129;5142;5.18;0.32;281.72;3.84;1055;13;1741.00;13
4077;12;622428836;4077;483;5131;5142;5.21;0.32;281.78;3.84;1054;13;1742.00;11
4080;12;622428848;4080;487;5135;5146;5.28;0.33;281.82;3.84;1055;13;1743.00;11
4082;12;622428861;4082;495;5137;5146;5.30;0.33;281.86;3.85;1055;13;1744.00;9
4085;12;622428873;4085;493;5138;5146;5.31;0.33;281.84;3.85;1053;13;1745.00;8
4089;12;622428893;4089;496;5140;5149;5.32;0.33;281.95;3.85;1051;13;1746.00;9
4091;12;622428907;4091;483;5140;5149;5.37;0.33;281.99;3.85;1049;13;1747.00;9
4092;12;622428920;4092;478;5141;5149;5.39;0.33;281.94;3.85;1049;13;1748.00;8
4095;12;622428933;4095;470;5146;5153;5.44;0.33;282.04;3.86;1051;13;1749.00;7
4098;12;622428954;4098;463;5148;5154;5.45;0.34;281.94;3.86;1050;13;1750.00;6
4099;12;622428969;4099;460;5149;5154;5.53;0.34;282.07;3.86;1050;13;1751.00;5
4102;12;622428982;4102;457;5154;5158;5.62;0.35;282.17;3.86;1052;13;1752.00;4
4105;12;622428995;4105;456;5155;5158;5.67;0.35;282.31;3.87;1050;13;1753.00;3
4111;12;622429009;4111;455;5156;5158;5.65;0.35;282.20;3.87;1045;13;1754.00;2
4112;12;622429022;4112;448;5158;5160;5.69;0.35;282.20;3.87;1046;13;1755.00;2
4116;12;622429038;4116;431;5159;5160;5.76;0.35;282.27;3.87;1043;13;1756.00;1
4119;12;622429053;4119;419;5165;5166;5.87;0.36;282.33;3.87;1046;13;1757.00;1
4122;12;622429073;4122;406;5166;5166;5.93;0.36;282.32;3.87;1044;13;1758.00;0
4123;12;622429087;4123;387;5167;5167;5.98;0.36;282.25;3.86;1044;13;1759.00;0
4125;12;622429102;4125;379;5167;5167;6.03;0.37;282.22;3.86;1042;13;1760.00;0
4127;12;622429116;4127;378;5167;5167;6.13;0.37;282.33;3.86;1040;13;1761.00;0
4130;12;622429131;4130;377;5167;5167;6.16;0.37;282.42;3.86;1037;13;1762.00;0
4131;12;622429145;4131;375;5167;5167;6.23;0.38;282.49;3.86;1036;13;1763.00;0
4133;12;622429159;4133;380;5177;5179;6.40;0.39;282.66;3.86;1044;13;1764.00;2
4136;12;622429173;4136;381;5177;5179;6.41;0.39;282.70;3.86;1041;13;1765.00;2
4139;12;622429186;4139;386;5178;5179;6.47;0.39;282.84;3.86;1039;13;1766.00;1
4142;12;622429200;4142;388;5178;5179;6.52;0.40;283.08;3.86;1036;13;1767.00;1
4142;12;622429214;4142;379;5178;5179;6.54;0.40;283.08;3.86;1036;13;1768.00;1
4145;12;622429227;4145;374;5178;5179;6.52;0.40;283.11;3.86;1033;13;1769.00;1
4149;12;622429242;4149;371;5181;5183;6.53;0.40;283.34;3.86;1032;13;1770.00;2
4151;13;622429256;4151;365;5181;5183;6.54;0.40;283.31;3.86;1030;14;1771.00;2
4154;13;622429279;4154;360;5185;5187;6.58;0.40;283.33;3.85;1031;14;1772.00;2
4157;13;622429302;4157;360;5186;5188;6.62;0.40;283.62;3.85;1029;14;1773.00;2
4161;13;622429316;4161;360;5186;5188;6.63;0.40;283.70;3.85;1025;14;1774.00;2
4162;13;622429330;4162;362;5186;5188;6.64;0.41;283.81;3.85;1024;14;1775.00;2
4166;13;622429344;4166;364;5197;5201;6.76;0.41;283.98;3.84;1031;14;1776.00;4
4168;13;622429358;4168;368;5197;5201;6.83;0.42;284.05;3.84;1029;14;1777.00;4
4172;13;622429378;4172;369;5197;5201;6.84;0.42;284.21;3.84;1025;14;1778.00;4
4174;13;622429391;4174;370;5198;5202;6.91;0.42;284.22;3.84;1024;14;1779.00;4
4181;13;622429404;4181;375;5198;5203;6.92;0.42;284.36;3.84;1017;14;1780.00;5
4183;13;622429417;4183;381;5198;5203;6.96;0.42;284.30;3.84;1015;14;1781.00;5
4185;13;622429431;4185;374;5200;5206;7.00;0.42;284.42;3.84;1015;14;1782.00;6
4187;13;622429444;4187;381;5200;5206;7.02;0.43;284.59;3.84;1013;14;1783.00;6
4190;13;622429457;4190;383;5201;5206;6.99;0.42;284.67;3.84;1011;14;1784.00;5
4194;13;622429471;4194;383;5201;5206;6.93;0.42;284.74;3.84;1007;14;1785.00;5
4196;13;622429483;4196;386;5206;5212;6.82;0.41;284.86;3.84;1010;14;1786.00;6
4204;13;622429496;4204;389;5206;5212;6.64;0.40;285.24;3.84;1002;14;1787.00;6
4206;13;622429510;4206;395;5206;5212;6.59;0.40;285.21;3.84;1000;14;1788.00;6
4207;13;622429522;4207;392;5206;5212;6.55;0.40;285.32;3.84;999;14;1789.00;6
4211;13;622429534;4211;388;5209;5216;6.51;0.39;285.37;3.84;998;14;1790.00;7
4211;13;622429547;4211;389;5210;5217;6.57;0.40;285.37;3.84;999;14;1791.00;7
4213;13;622429561;4213;386;5210;5217;6.58;0.40;285.56;3.84;997;14;1792.00;7
4213;13;622429574;4213;380;5211;5218;6.65;0.40;285.56;3.84;998;14;1793.00;7
4215;13;622429589;4215;380;5211;5218;6.72;0.41;285.57;3.84;996;14;1794.00;7
4218;13;622429603;4218;372;5211;5218;6.78;0.41;285.79;3.84;993;14;1795.00;7
4222;13;622429616;4222;369;5211;5218;6.86;0.42;285.79;3.84;989;14;1796.00;7
4223;13;622429628;4223;369;5211;5218;6.85;0.42;285.82;3.84;988;14;1797.00;7
4228;13;622429642;4228;356;5211;5218;6.88;0.42;286.02;3.84;983;14;1798.00;7
4231;13;622429654;4231;346;5211;5218;6.92;0.42;286.12;3.84;980;14;1799.00;7
4232;13;622429670;4232;358;5273;5356;6.95;0.43;286.10;3.79;1041;14;1800.00;83
4235;13;622429710;4235;341;5274;5357;6.95;0.43;286.06;3.79;1039;14;1801.00;83
4237;13;622429724;4237;323;5285;5357;7.02;0.43;286.23;3.79;1048;14;1802.00;72
4241;13;622429736;4241;310;5289;5357;7.05;0.43;286.35;3.79;1048;14;1803.00;68
4243;13;622429750;4243;307;5294;5357;7.08;0.43;286.57;3.79;1051;14;1804.00;63
4246;13;622429765;4246;298;5297;5357;7.11;0.44;286.71;3.80;1051;14;1805.00;60
4250;13;622429778;4250;292;5303;5357;7.14;0.44;286.79;3.80;1053;14;1806.00;54
4254;13;622429791;4254;302;5310;5357;7.08;0.43;286.93;3.81;1056;14;1807.00;47
4259;13;622429810;4259;292;5314;5358;7.12;0.44;287.06;3.81;1055;14;1808.00;44
4261;13;622429827;4261;294;5315;5359;7.13;0.44;287.16;3.81;1054;14;1809.00;44
4265;13;622429846;4265;288;5321;5359;7.14;0.44;287.24;3.82;1056;14;1810.00;38
4268;13;622429866;4268;286;5324;5363;7.07;0.43;287.41;3.81;1056;14;1811.00;39
4271;13;622429885;4271;278;5328;5363;7.08;0.43;287.45;3.82;1057;14;1812.00;35
4275;13;622429905;4275;275;5331;5363;7.06;0.43;287.55;3.83;1056;14;1813.00;32
4276;13;622429924;4276;271;5334;5363;7.04;0.43;287.61;3.83;1058;14;1814.00;29
4277;13;622429947;4277;270;5339;5369;7.03;0.43;287.62;3.83;1062;14;1815.00;30
4281;13;622429969;4281;274;5341;5369;7.03;0.43;287.59;3.83;1060;14;1816.00;28
4283;13;622429984;4283;270;5341;5369;7.00;0.43;287.64;3.83;1058;14;1817.00;28
4284;13;622429997;4284;275;5345;5372;7.01;0.43;287.74;3.84;1061;14;1818.00;27
4287;13;622430011;4287;282;5346;5372;7.04;0.43;287.72;3.84;1059;14;1819.00;26
4288;13;622430026;4288;270;5347;5372;7.06;0.43;287.74;3.84;1059;14;1820.00;25
4290;13;622430042;4290;272;5350;5373;7.12;0.44;287.69;3.85;1060;14;1821.00;23
4294;13;622430056;4294;273;5351;5374;7.15;0.44;287.73;3.85;1057;14;1822.00;23
4297;13;622430071;4297;275;5353;5374;7.17;0.44;287.73;3.86;1056;14;1823.00;21
4301;13;622430085;4301;273;5360;5387;7.17;0.44;287.72;3.85;1059;14;1824.00;27
4304;13;622430100;4304;273;5363;5387;7.20;0.44;287.72;3.86;1059;14;1825.00;24
4307;13;622430114;4307;272;5366;5387;7.26;0.44;287.63;3.86;1059;14;1826.00;21
4310;13;622430128;4310;276;5367;5388;7.31;0.45;287.80;3.86;1057;14;1827.00;21
4314;13;622430142;4314;277;5368;5388;7.30;0.45;287.80;3.86;1054;14;1828.00;20
4316;13;622430156;4316;277;5372;5392;7.33;0.45;287.76;3.86;1056;14;1829.00;20
4319;13;622430173;4319;271;5374;5392;7.34;0.45;287.88;3.87;1055;14;1830.00;18
4321;13;622430186;4321;271;5377;5396;7.28;0.44;287.96;3.87;1056;14;1831.00;19
4322;13;622430199;4322;271;5377;5396;7.27;0.44;287.97;3.87;1055;14;1832.00;19
4324;13;622430214;4324;274;5379;5396;7.27;0.44;288.01;3.89;1055;14;1833.00;17
4328;13;622430227;4328;271;5379;5396;7.24;0.44;288.33;3.89;1051;14;1834.00;17
4332;13;622430240;4332;275;5380;5396;7.16;0.44;288.32;3.90;1048;14;1835.00;16
4336;13;622430253;4336;285;5391;5408;7.11;0.43;288.41;3.90;1055;14;1836.00;17
4340;13;622430268;4340;291;5393;5408;7.07;0.43;288.80;3.91;1053;14;1837.00;15
4343;13;622430280;4343;299;5394;5408;6.98;0.43;288.85;3.91;1051;14;1838.00;14
4346;13;622430293;4346;302;5395;5408;6.91;0.42;289.00;3.92;1049;14;1839.00;13
4349;13;622430306;4349;315;5397;5408;6.81;0.42;289.21;3.93;1048;14;1840.00;11
4351;13;622430319;4351;319;5397;5408;6.76;0.41;289.27;3.93;1046;14;1841.00;11
4354;13;622430332;4354;324;5398;5409;6.72;0.41;289.38;3.94;1044;14;1842.00;11
4356;13;622430345;4356;327;5399;5409;6.68;0.41;289.39;3.94;1043;14;1843.00;10
4358;13;622430365;4358;330;5405;5415;6.71;0.41;289.61;3.95;1047;14;1844.00;10
4359;14;622430378;4359;331;5407;5417;6.73;0.41;289.60;3.95;1048;15;1845.00;10
4361;14;622430411;4361;339;5407;5417;6.72;0.41;289.69;3.95;1046;15;1846.00;10
4365;14;622430424;4365;342;5410;5417;6.60;0.40;289.63;3.96;1045;15;1847.00;7
4371;14;622430436;4371;342;5413;5421;6.52;0.40;289.54;3.96;1042;15;1848.00;8
4372;14;622430449;4372;336;5416;5421;6.43;0.39;289.67;3.97;1044;15;1849.00;5
4373;14;622430461;4373;339;5416;5421;6.38;0.39;289.65;3.97;1043;15;1850.00;5
4374;14;622430474;4374;342;5418;5422;6.38;0.39;289.63;3.97;1044;15;1851.00;4
4377;14;622430485;4377;341;5422;5426;6.36;0.39;289.58;3.97;1045;15;1852.00;4
4380;14;622430498;4380;338;5424;5426;6.35;0.39;289.59;3.97;1044;15;1853.00;2
4382;14;622430511;4382;337;5427;5429;6.35;0.39;289.56;3.97;1045;15;1854.00;2
4383;14;622430524;4383;338;5428;5429;6.34;0.39;289.54;3.97;1045;15;1855.00;1
4383;14;622430536;4383;339;5428;5429;6.35;0.39;289.54;3.97;1045;15;1856.00;1
4383;14;622430547;4383;334;5428;5429;6.34;0.39;289.54;3.97;1045;15;1857.00;1
4383;14;622430558;4383;333;5432;5433;6.38;0.39;289.54;3.97;1049;15;1858.00;1
4384;14;622430571;4384;340;5432;5433;6.32;0.39;289.50;3.97;1048;15;1859.00;1
4387;14;622430585;4387;340;5432;5433;6.24;0.38;289.56;3.97;1045;15;1860.00;1
4391;14;622430597;4391;344;5432;5433;6.12;0.38;289.53;3.97;1041;15;1861.00;1
4394;14;622430608;4394;348;5433;5434;6.04;0.37;289.48;3.97;1039;15;1862.00;1
4396;14;622430620;4396;356;5434;5435;5.97;0.37;289.45;3.97;1038;15;1863.00;1
4398;14;622430631;4398;364;5434;5435;5.91;0.36;289.59;3.97;1036;15;1864.00;1
4404;14;622430644;4404;368;5435;5436;5.84;0.36;289.43;3.97;1031;15;1865.00;1
4407;14;622430657;4407;368;5435;5436;5.79;0.36;289.30;3.97;1028;15;1866.00;1
4413;14;622430668;4413;368;5435;5436;5.67;0.35;289.10;3.97;1022;15;1867.00;1
4415;14;622430680;4415;371;5435;5436;5.56;0.34;289.02;3.97;1020;15;1868.00;1
4416;14;622430691;4416;379;5435;5436;5.49;0.34;288.99;3.97;1019;15;1869.00;1
4420;14;622430702;4420;374;5435;5436;5.40;0.33;289.11;3.97;1015;15;1870.00;1
4423;14;622430712;4423;373;5435;5436;5.36;0.33;289.06;3.97;1012;15;1871.00;1
4424;14;622430725;4424;390;5508;5563;5.66;0.35;289.06;3.92;1084;15;1872.00;55
4429;14;622430747;4429;383;5513;5564;5.63;0.35;288.94;3.91;1084;15;1873.00;51
4434;14;622430759;4434;370;5521;5564;5.69;0.35;288.96;3.91;1087;15;1874.00;43
4436;14;622430771;4436;370;5525;5564;5.70;0.35;288.85;3.91;1089;15;1875.00;39
4440;14;622430783;4440;371;5529;5564;5.70;0.35;288.85;3.91;1089;15;1876.00;35
4441;14;622430797;4441;366;5533;5564;5.72;0.36;288.90;3.91;1092;15;1877.00;31
4443;14;622430809;4443;362;5535;5564;5.71;0.35;288.91;3.91;1092;15;1878.00;29
4447;14;622430821;4447;358;5539;5564;5.68;0.35;288.80;3.91;1092;15;1879.00;25
4448;14;622430833;4448;357;5542;5565;5.66;0.35;288.79;3.92;1094;15;1880.00;23
4451;14;622430847;4451;369;5545;5566;5.57;0.34;288.84;3.92;1094;15;1881.00;21
4455;14;622430859;4455;377;5550;5568;5.44;0.33;288.75;3.92;1095;15;1882.00;18
4459;14;622430873;4459;381;5555;5569;5.34;0.33;288.84;3.93;1096;15;1883.00;14
4461;14;622430886;4461;385;5557;5569;5.29;0.33;288.82;3.93;1096;15;1884.00;12
4465;14;622430898;4465;391;5559;5569;5.20;0.32;288.75;3.93;1094;15;1885.00;10
4467;14;622430910;4467;398;5562;5569;5.11;0.31;288.82;3.94;1095;15;1886.00;7
4469;14;622430923;4469;405;5565;5573;5.08;0.31;288.80;3.93;1096;15;1887.00;8
4473;14;622430936;4473;412;5565;5573;5.07;0.31;288.89;3.93;1092;15;1888.00;8
4476;14;622430949;4476;424;5566;5573;5.09;0.31;288.91;3.94;1090;15;1889.00;7
4477;14;622430964;4477;431;5569;5579;5.12;0.32;288.96;3.93;1092;15;1890.00;10
4481;14;622430978;4481;417;5571;5579;5.15;0.32;288.93;3.94;1090;15;1891.00;8
4485;14;622430991;4485;410;5571;5579;5.16;0.32;288.97;3.94;1086;15;1892.00;8
4486;14;622431003;4486;405;5575;5583;5.23;0.32;289.01;3.93;1089;15;1893.00;8
4490;14;622431024;4490;404;5576;5584;5.24;0.32;288.94;3.93;1086;15;1894.00;8
4495;14;622431037;4495;402;5577;5584;5.26;0.32;288.91;3.94;1082;15;1895.00;7
4496;14;622431050;4496;407;5580;5588;5.28;0.32;288.85;3.94;1084;15;1896.00;8
4501;15;622431063;4501;415;5581;5588;5.28;0.32;288.75;3.94;1080;16;1897.00;7
4504;15;622431091;4504;412;5583;5588;5.34;0.33;288.84;3.94;1079;16;1898.00;5
4506;16;622431103;4506;417;5584;5589;5.39;0.33;288.83;3.95;1078;17;1899.00;5
4513;16;622431129;4513;418;5585;5589;5.36;0.33;288.90;3.95;1072;17;1900.00;4
4514;16;622431153;4514;426;5589;5595;5.38;0.33;288.85;3.94;1075;17;1901.00;6
4517;16;622431173;4517;424;5590;5595;5.39;0.33;288.92;3.95;1073;17;1902.00;5
4520;16;622431185;4520;426;5591;5596;5.38;0.33;288.92;3.95;1071;17;1903.00;5
4523;16;622431198;4523;423;5593;5596;5.41;0.33;288.88;3.95;1070;17;1904.00;3
4528;16;622431210;4528;426;5594;5596;5.40;0.33;289.00;3.95;1066;17;1905.00;2
4531;16;622431223;4531;421;5594;5596;5.41;0.33;289.01;3.95;1063;17;1906.00;2
4536;16;622431234;4536;425;5594;5596;5.40;0.33;289.01;3.95;1058;17;1907.00;2
4537;16;622431253;4537;428;5604;5608;5.58;0.34;289.05;3.94;1067;17;1908.00;4
4541;16;622431267;4541;431;5605;5608;5.60;0.34;289.14;3.94;1064;17;1909.00;3
4543;16;622431279;4543;436;5605;5608;5.64;0.34;289.12;3.94;1062;17;1910.00;3
4547;16;622431291;4547;443;5605;5608;5.59;0.34;289.18;3.94;1058;17;1911.00;3
4550;16;622431304;4550;439;5605;5608;5.58;0.34;289.21;3.94;1055;17;1912.00;3
4553;16;622431317;4553;437;5605;5608;5.54;0.34;289.20;3.94;1052;17;1913.00;3
4555;16;622431330;4555;444;5608;5612;5.55;0.34;289.20;3.94;1053;17;1914.00;4
4556;16;622431343;4556;450;5609;5612;5.54;0.34;289.16;3.96;1053;17;1915.00;3
4558;16;622431354;4558;454;5613;5616;5.53;0.34;289.27;3.96;1055;17;1916.00;3
4561;16;622431367;4561;449;5614;5617;5.48;0.34;289.51;3.96;1053;17;1917.00;3
4562;16;622431380;4562;438;5614;5617;5.47;0.34;289.54;3.96;1052;17;1918.00;3
4566;16;622431393;4566;433;5614;5617;5.44;0.33;289.63;3.96;1048;17;1919.00;3
4567;16;622431408;4567;442;5637;5646;5.63;0.35;289.73;3.94;1070;17;1920.00;9
4570;16;622431425;4570;437;5638;5646;5.64;0.35;289.85;3.94;1068;17;1921.00;8
4572;16;622431438;4572;435;5639;5646;5.72;0.35;289.85;3.94;1067;17;1922.00;7
4575;16;622431452;4575;435;5641;5647;5.81;0.36;289.95;3.94;1066;17;1923.00;6
4576;16;622431466;4576;433;5641;5648;5.89;0.36;289.98;3.94;1065;17;1924.00;7
4582;16;622431481;4582;437;5641;5648;5.82;0.35;290.16;3.94;1059;17;1925.00;7
4582;16;622431508;4582;419;5643;5651;5.86;0.36;290.16;3.94;1061;17;1926.00;8
4584;16;622431522;4584;407;5643;5651;5.82;0.35;290.31;3.94;1059;17;1927.00;8
4587;16;622431537;4587;404;5644;5651;5.81;0.35;290.32;3.94;1057;17;1928.00;7
4587;16;622431551;4587;402;5644;5651;5.80;0.35;290.32;3.94;1057;17;1929.00;7
4589;16;622431564;4589;404;5649;5657;5.78;0.35;290.48;3.93;1060;17;1930.00;8
4593;16;622431578;4593;396;5649;5657;5.73;0.35;290.35;3.93;1056;17;1931.00;8
4593;16;622431592;4593;396;5650;5657;5.73;0.35;290.35;3.94;1057;17;1932.00;7
4601;16;622431605;4601;402;5650;5657;5.66;0.34;290.68;3.94;1049;17;1933.00;7
4604;16;622431619;4604;403;5653;5661;5.60;0.34;290.74;3.93;1049;17;1934.00;8
4606;16;622431632;4606;411;5655;5663;5.62;0.34;290.96;3.93;1049;17;1935.00;8
4607;16;622431646;4607;417;5655;5663;5.60;0.34;290.95;3.93;1048;17;1936.00;8
4609;16;622431659;4609;412;5656;5664;5.60;0.34;291.04;3.93;1047;18;1937.00;8
4609;16;622431683;4609;413;5656;5664;5.64;0.34;291.04;3.93;1047;18;1938.00;8
4611;16;622431695;4611;408;5656;5664;5.66;0.34;291.13;3.93;1045;18;1939.00;8
4613;16;622431709;4613;409;5656;5664;5.61;0.34;291.23;3.93;1043;18;1940.00;8
4613;16;622431722;4613;408;5656;5664;5.68;0.35;291.23;3.93;1043;18;1941.00;8
4616;16;622431734;4616;413;5656;5664;5.70;0.35;291.37;3.93;1040;18;1942.00;8
4618;16;622431747;4618;405;5656;5664;5.71;0.35;291.46;3.93;1038;18;1943.00;8
4619;16;622431760;4619;428;5701;5734;5.75;0.35;291.43;3.90;1082;18;1944.00;33
4623;16;622431778;4623;414;5702;5735;5.84;0.36;291.55;3.90;1079;18;1945.00;33
4624;16;622431791;4624;409;5707;5735;5.95;0.36;291.51;3.90;1083;18;1946.00;28
4630;16;622431808;4630;404;5707;5735;5.96;0.36;291.64;3.90;1077;18;1947.00;28
4633;16;622431827;4633;404;5710;5735;6.03;0.37;291.78;3.90;1077;18;1948.00;25
4634;16;622431847;4634;410;5714;5735;6.12;0.37;291.81;3.90;1080;18;1949.00;21
4636;16;622431868;4636;409;5719;5737;6.16;0.37;291.79;3.90;1083;18;1950.00;18
4636;16;622431888;4636;404;5722;5737;6.23;0.38;291.79;3.90;1086;18;1951.00;15
4639;16;622431906;4639;411;5724;5738;6.29;0.38;291.85;3.90;1085;18;1952.00;14
4642;16;622431925;4642;415;5724;5739;6.35;0.39;291.99;3.90;1082;18;1953.00;15
4644;16;622431940;4644;415;5725;5739;6.41;0.39;292.15;3.90;1081;18;1954.00;14
4647;16;622431955;4647;409;5729;5743;6.44;0.39;292.25;3.90;1082;18;1955.00;14
4648;16;622431971;4648;414;5730;5743;6.44;0.39;292.23;3.90;1082;18;1956.00;13
4650;16;622431985;4650;414;5730;5743;6.41;0.39;292.38;3.90;1080;18;1957.00;13
4653;16;622431998;4653;413;5730;5743;6.40;0.39;292.50;3.90;1077;18;1958.00;13
4654;16;622432013;4654;416;5735;5749;6.41;0.39;292.49;3.90;1081;18;1959.00;14
4656;16;622432028;4656;407;5735;5749;6.42;0.39;292.51;3.90;1079;18;1960.00;14
4656;17;622432042;4656;408;5735;5749;6.39;0.39;292.51;3.90;1079;19;1961.00;14
4657;17;622432072;4657;401;5737;5752;6.40;0.39;292.53;3.90;1080;19;1962.00;15
4658;17;622432094;4658;395;5737;5752;6.41;0.39;292.50;3.90;1079;19;1963.00;15
4658;17;622432109;4658;384;5738;5752;6.41;0.39;292.50;3.90;1080;19;1964.00;14
4659;17;622432123;4659;380;5738;5753;6.43;0.39;292.53;3.90;1079;19;1965.00;15
4661;17;622432137;4661;376;5739;5754;6.44;0.39;292.65;3.90;1078;19;1966.00;15
4664;17;622432152;4664;376;5739;5754;6.40;0.39;292.65;3.90;1075;19;1967.00;15
4667;17;622432164;4667;373;5749;5767;6.38;0.39;292.66;3.89;1082;19;1968.00;18
4669;17;622432180;4669;366;5749;5767;6.35;0.39;292.67;3.89;1080;19;1969.00;18
4672;17;622432193;4672;360;5749;5767;6.34;0.39;292.87;3.89;1077;19;1970.00;18
4674;17;622432207;4674;349;5750;5768;6.32;0.38;292.90;3.89;1076;19;1971.00;18
4678;17;622432220;4678;346;5750;5768;6.27;0.38;293.04;3.89;1072;19;1972.00;18
4683;17;622432233;4683;338;5755;5772;6.31;0.38;293.23;3.89;1072;19;1973.00;17
4684;17;622432247;4684;328;5756;5772;6.36;0.39;293.22;3.90;1072;19;1974.00;16
4686;17;622432262;4686;327;5760;5776;6.42;0.39;293.28;3.91;1074;19;1975.00;16
4689;17;622432276;4689;319;5760;5776;6.48;0.39;293.40;3.91;1071;19;1976.00;16
4690;17;622432290;4690;312;5760;5776;6.58;0.40;293.44;3.91;1070;19;1977.00;16
4694;17;622432304;4694;311;5760;5776;6.61;0.40;293.46;3.91;1066;19;1978.00;16
4698;17;622432318;4698;305;5760;5776;6.57;0.40;293.50;3.91;1062;19;1979.00;16
4700;17;622432333;4700;305;5783;5810;6.66;0.41;293.48;3.89;1083;19;1980.00;27
4703;17;622432350;4703;293;5784;5810;6.67;0.41;293.49;3.89;1081;19;1981.00;26
4708;17;622432364;4708;294;5785;5810;6.65;0.41;293.40;3.89;1077;19;1982.00;25
4709;17;622432377;4709;293;5785;5810;6.63;0.40;293.42;3.89;1076;19;1983.00;25
4712;18;622432390;4712;291;5786;5810;6.64;0.40;293.39;3.89;1074;20;1984.00;24
4714;18;622432416;4714;289;5786;5810;6.62;0.40;293.46;3.89;1072;20;1985.00;24
4714;18;622432429;4714;295;5786;5811;6.69;0.41;293.46;3.89;1072;20;1986.00;25
4716;18;622432442;4716;295;5787;5811;6.72;0.41;293.42;3.89;1071;20;1987.00;24
4722;18;622432463;4722;301;5791;5817;6.77;0.41;293.28;3.89;1069;20;1988.00;26
4725;18;622432478;4725;296;5792;5818;6.81;0.41;293.26;3.89;1067;20;1989.00;26
4728;18;622432492;4728;300;5793;5818;6.85;0.42;293.31;3.90;1065;20;1990.00;25
4731;18;622432504;4731;300;5795;5818;6.86;0.42;293.57;3.90;1064;20;1991.00;23
4734;18;622432518;4734;305;5798;5822;6.87;0.42;293.75;3.90;1064;20;1992.00;24
4737;18;622432531;4737;306;5798;5822;6.84;0.42;293.83;3.90;1061;20;1993.00;24
4739;18;622432545;4739;313;5800;5822;6.80;0.41;294.01;3.90;1061;20;1994.00;22
4740;18;622432557;4740;314;5801;5823;6.79;0.41;294.02;3.90;1061;20;1995.00;22
4741;18;622432571;4741;306;5805;5827;6.79;0.41;294.03;3.91;1064;20;1996.00;22
4744;18;622432585;4744;319;5806;5827;6.75;0.41;294.15;3.91;1062;20;1997.00;21
4744;18;622432599;4744;317;5808;5830;6.77;0.41;294.15;3.91;1064;20;1998.00;22
4748;18;622432613;4748;323;5809;5830;6.77;0.41;294.31;3.91;1061;20;1999.00;21
4748;18;622432628;4748;329;5811;5830;6.73;0.41;294.31;3.93;1063;20;2000.00;19
4751;18;622432649;4751;330;5811;5830;6.68;0.41;294.41;3.93;1060;20;2001.00;19
4755;18;622432662;4755;336;5817;5834;6.71;0.41;294.43;3.95;1062;20;2002.00;17
4757;18;622432676;4757;339;5817;5834;6.70;0.41;294.40;3.95;1060;20;2003.00;17
4759;18;622432690;4759;343;5818;5834;6.66;0.41;294.50;3.95;1059;20;2004.00;16
4762;18;622432703;4762;349;5819;5834;6.63;0.40;294.64;3.96;1057;20;2005.00;15
4765;18;622432716;4765;357;5819;5835;6.50;0.40;294.77;3.96;1054;20;2006.00;16
4767;18;622432730;4767;353;5820;5836;6.46;0.39;294.83;3.96;1053;20;2007.00;16
4768;18;622432743;4768;358;5822;5836;6.39;0.39;294.87;3.98;1054;20;2008.00;14
4770;18;622432756;4770;373;5823;5837;6.34;0.39;294.89;3.98;1053;20;2009.00;14
4771;18;622432771;4771;377;5824;5837;6.30;0.38;294.84;3.99;1053;20;2010.00;13
4773;18;622432785;4773;381;5824;5837;6.25;0.38;294.90;3.99;1051;20;2011.00;13
4776;18;622432800;4776;381;5824;5837;6.21;0.38;294.83;3.99;1048;20;2012.00;13
4781;18;622432818;4781;380;5826;5837;6.06;0.37;294.93;4.01;1045;20;2013.00;11
4782;18;622432832;4782;382;5827;5837;5.99;0.37;294.98;4.02;1045;20;2014.00;10
4785;18;622432845;4785;392;5827;5837;5.84;0.36;295.04;4.02;1042;20;2015.00;10
4787;18;622432856;4787;411;5896;5964;6.07;0.38;295.03;4.00;1109;20;2016.00;68
4791;18;622432878;4791;413;5899;5965;6.01;0.37;295.15;4.00;1108;20;2017.00;66
4792;18;622432891;4792;404;5910;5965;6.03;0.37;295.11;3.99;1118;20;2018.00;55
4793;18;622432903;4793;411;5912;5965;5.96;0.37;295.14;4.00;1119;20;2019.00;53
4796;18;622432915;4796;398;5920;5965;6.02;0.37;295.06;4.00;1124;20;2020.00;45
4796;18;622432928;4796;401;5922;5965;5.98;0.37;295.06;4.01;1126;20;2021.00;43
4801;18;622432941;4801;397;5925;5965;5.95;0.37;295.04;4.01;1124;20;2022.00;40
4804;18;622432953;4804;401;5929;5965;5.97;0.37;295.01;4.01;1125;20;2023.00;36
4809;18;622432965;4809;400;5934;5966;5.93;0.36;294.99;4.03;1125;20;2024.00;32
4809;18;622432980;4809;400;5939;5968;5.94;0.36;294.99;4.04;1130;20;2025.00;29
4814;18;622432992;4814;408;5943;5968;5.91;0.36;294.88;4.04;1129;20;2026.00;25
4819;18;622433005;4819;406;5945;5969;5.88;0.36;294.78;4.05;1126;20;2027.00;24
4821;18;622433018;4821;410;5948;5969;5.85;0.36;294.73;4.05;1127;20;2028.00;21
4823;18;622433031;4823;418;5952;5969;5.79;0.35;294.69;4.06;1129;20;2029.00;17
4824;18;622433043;4824;424;5954;5969;5.73;0.35;294.66;4.06;1130;20;2030.00;15
4826;18;622433055;4826;426;5959;5973;5.68;0.35;294.56;4.07;1133;20;2031.00;14
4829;18;622433068;4829;431;5963;5973;5.55;0.34;294.50;4.07;1134;20;2032.00;10
4830;18;622433080;4830;439;5965;5973;5.46;0.33;294.45;4.08;1135;20;2033.00;8
4832;18;622433092;4832;450;5967;5976;5.37;0.33;294.47;4.08;1135;20;2034.00;9
4834;18;622433104;4834;462;5968;5976;5.26;0.32;294.63;4.08;1134;20;2035.00;8
4836;18;622433116;4836;470;5968;5976;5.09;0.31;294.64;4.08;1132;20;2036.00;8
4838;18;622433127;4838;479;5975;5980;4.97;0.30;294.72;4.09;1137;20;2037.00;5
4840;18;622433140;4840;484;5976;5981;4.84;0.30;294.65;4.09;1136;20;2038.00;5
4842;18;622433151;4842;491;5978;5981;4.74;0.29;294.81;4.09;1136;20;2039.00;3
4844;18;622433164;4844;485;5982;5986;4.70;0.29;294.87;4.09;1138;20;2040.00;4
4847;18;622433176;4847;484;5983;5986;4.67;0.29;294.79;4.09;1136;20;2041.00;3
4850;18;622433188;4850;488;5984;5986;4.60;0.28;294.77;4.09;1134;20;2042.00;2
4852;18;622433200;4852;471;5985;5987;4.60;0.28;294.79;4.09;1133;20;2043.00;2
4853;18;622433218;4853;461;5986;5987;4.67;0.29;294.84;4.09;1133;20;2044.00;1
4855;18;622433236;4855;452;5991;5993;4.78;0.29;294.80;4.09;1136;20;2045.00;2
4858;18;622433249;4858;444;5992;5993;4.84;0.30;294.74;4.09;1134;20;2046.00;1
4862;18;622433262;4862;438;5993;5994;4.85;0.30;294.71;4.09;1131;20;2047.00;1
4864;18;622433275;4864;428;5993;5994;4.93;0.30;294.70;4.09;1129;20;2048.00;1
4866;18;622433287;4866;425;5994;5994;5.02;0.31;294.68;4.09;1128;20;2049.00;0
4868;18;622433313;4868;425;5994;5994;5.07;0.31;294.71;4.09;1126;20;2050.00;0
4871;18;622433325;4871;420;5994;5994;5.11;0.31;294.63;4.09;1123;20;2051.00;0
4874;18;622433339;4874;419;6005;6006;5.26;0.32;294.60;4.08;1131;20;2052.00;1
4879;18;622433353;4879;419;6006;6006;5.27;0.32;294.47;4.08;1127;20;2053.00;0
4881;18;622433366;4881;420;6006;6006;5.30;0.32;294.46;4.08;1125;20;2054.00;0
4889;18;622433386;4889;416;6006;6006;5.31;0.32;294.29;4.08;1117;20;2055.00;0
4890;18;622433404;4890;412;6006;6006;5.35;0.33;294.32;4.08;1116;20;2056.00;0
4892;18;622433420;4892;407;6006;6006;5.37;0.33;294.34;4.08;1114;20;2057.00;0
4897;18;622433439;4897;406;6010;6010;5.37;0.33;294.30;4.08;1113;20;2058.00;0
4898;18;622433454;4898;405;6010;6010;5.42;0.33;294.26;4.08;1112;20;2059.00;0
4901;18;622433468;4901;404;6014;6014;5.46;0.33;294.35;4.08;1113;20;2060.00;0
4903;18;622433481;4903;400;6015;6015;5.42;0.33;294.40;4.08;1112;20;2061.00;0
4905;18;622433495;4905;395;6015;6015;5.39;0.33;294.40;4.08;1110;20;2062.00;0
4909;18;622433508;4909;403;6015;6015;5.38;0.33;294.56;4.08;1106;20;2063.00;0
4915;18;622433521;4915;405;6028;6028;5.40;0.33;294.66;4.07;1113;20;2064.00;0
4916;18;622433535;4916;400;6028;6028;5.49;0.33;294.76;4.07;1112;20;2065.00;0
4922;18;622433548;4922;402;6028;6028;5.51;0.34;294.92;4.07;1106;20;2066.00;0
4927;18;622433562;4927;389;6029;6029;5.53;0.34;295.21;4.07;1102;20;2067.00;0
4929;18;622433576;4929;395;6030;6030;5.59;0.34;295.19;4.07;1101;20;2068.00;0
4934;18;622433591;4934;398;6030;6030;5.59;0.34;295.14;4.07;1096;20;2069.00;0
4939;18;622433606;4939;406;6035;6036;5.61;0.34;295.13;4.06;1096;20;2070.00;1
4945;18;622433619;4945;412;6035;6036;5.56;0.34;295.17;4.06;1090;20;2071.00;1
4949;18;622433633;4949;405;6036;6036;5.60;0.34;295.38;4.06;1087;20;2072.00;0
4955;18;622433647;4955;410;6036;6036;5.62;0.34;295.44;4.06;1081;20;2073.00;0
4958;18;622433660;4958;412;6041;6042;5.64;0.34;295.52;4.06;1083;20;2074.00;1
4961;18;622433673;4961;414;6041;6042;5.69;0.35;295.58;4.06;1080;20;2075.00;1
4966;18;622433687;4966;412;6041;6042;5.69;0.35;295.75;4.06;1075;20;2076.00;1
4967;18;622433700;4967;413;6041;6042;5.75;0.35;295.84;4.06;1074;20;2077.00;1
4970;18;622433717;4970;406;6044;6046;5.75;0.35;295.87;4.06;1074;20;2078.00;2
4973;18;622433737;4973;404;6045;6047;5.75;0.35;295.90;4.06;1072;20;2079.00;2
4976;18;622433750;4976;405;6045;6047;5.73;0.35;296.06;4.06;1069;20;2080.00;2
4978;18;622433764;4978;404;6046;6048;5.74;0.35;296.11;4.06;1068;20;2081.00;2
4984;18;622433777;4984;408;6046;6048;5.70;0.35;296.20;4.06;1062;20;2082.00;2
4988;18;622433792;4988;412;6046;6048;5.67;0.35;296.20;4.06;1058;20;2083.00;2
4992;18;622433813;4992;417;6046;6048;5.63;0.34;296.23;4.06;1054;20;2084.00;2
4994;18;622433830;4994;415;6046;6048;5.58;0.34;296.22;4.06;1052;20;2085.00;2
4998;18;622433850;4998;421;6046;6048;5.49;0.33;296.12;4.06;1048;20;2086.00;2
5000;18;622433869;5000;411;6046;6048;5.44;0.33;296.15;4.06;1046;20;2087.00;2
5002;18;622433891;5002;428;6089;6118;5.42;0.33;296.23;4.03;1087;20;2088.00;29
5004;18;622433918;5004;416;6089;6119;5.46;0.33;296.29;4.03;1085;20;2089.00;30
5007;18;622433935;5007;409;6093;6119;5.55;0.34;296.30;4.03;1086;20;2090.00;26
5008;18;622433949;5008;407;6093;6119;5.60;0.34;296.34;4.03;1085;20;2091.00;26
5010;18;622433963;5010;410;6095;6119;5.66;0.34;296.35;4.03;1085;20;2092.00;24
5011;18;622433977;5011;405;6097;6119;5.71;0.35;296.42;4.03;1086;20;2093.00;22
5013;18;622433991;5013;409;6098;6119;5.75;0.35;296.47;4.03;1085;20;2094.00;21
5015;18;622434013;5015;415;6101;6119;5.77;0.35;296.57;4.03;1086;20;2095.00;18
5017;18;622434027;5017;405;6101;6120;5.80;0.35;296.59;4.03;1084;20;2096.00;19
5018;18;622434042;5018;400;6103;6121;5.86;0.36;296.57;4.03;1085;20;2097.00;18
5020;18;622434057;5020;400;6105;6121;5.92;0.36;296.59;4.03;1085;20;2098.00;16
5024;18;622434071;5024;394;6110;6125;5.89;0.36;296.65;4.03;1086;20;2099.00;15
5026;18;622434089;5026;404;6116;6140;5.90;0.36;296.64;4.03;1090;20;2100.00;24
5030;18;622434111;5030;400;6117;6140;5.93;0.36;296.64;4.03;1087;20;2101.00;23
5031;18;622434125;5031;406;6118;6140;5.94;0.36;296.67;4.03;1087;20;2102.00;22
5036;18;622434140;5036;404;6122;6146;5.96;0.36;296.74;4.03;1086;20;2103.00;24
5038;18;622434156;5038;411;6123;6146;6.00;0.36;296.76;4.04;1085;20;2104.00;23
5039;18;622434170;5039;415;6124;6146;6.00;0.36;296.83;4.04;1085;20;2105.00;22
5041;18;622434184;5041;423;6128;6149;6.01;0.36;296.96;4.04;1087;20;2106.00;21
5043;18;622434203;5043;422;6129;6149;6.02;0.36;297.00;4.04;1086;20;2107.00;20
5044;18;622434218;5044;419;6131;6149;6.01;0.36;297.02;4.04;1087;20;2108.00;18
5047;18;622434232;5047;416;6131;6150;6.00;0.36;297.08;4.04;1084;20;2109.00;19
5049;18;622434246;5049;419;6132;6151;5.97;0.36;297.19;4.04;1083;20;2110.00;19
5049;18;622434261;5049;416;6132;6151;5.99;0.36;297.19;4.04;1083;20;2111.00;19
5053;18;622434275;5053;422;6143;6164;5.98;0.36;297.21;4.04;1090;20;2112.00;21
5054;18;622434290;5054;417;6143;6164;5.97;0.36;297.23;4.04;1089;20;2113.00;21
5056;18;622434303;5056;423;6144;6164;6.00;0.36;297.31;4.04;1088;20;2114.00;20
5058;18;622434317;5058;419;6146;6166;6.02;0.37;297.40;4.03;1088;20;2115.00;20
5062;18;622434331;5062;405;6146;6166;6.04;0.37;297.37;4.03;1084;20;2116.00;20
5063;18;622434346;5063;408;6149;6170;6.14;0.37;297.45;4.03;1086;20;2117.00;21
5065;18;622434360;5065;401;6151;6170;6.11;0.37;297.53;4.04;1086;20;2118.00;19
5067;18;622434374;5067;399;6154;6174;6.07;0.37;297.53;4.04;1087;20;2119.00;20
5072;18;622434390;5072;404;6154;6174;6.07;0.37;297.74;4.04;1082;20;2120.00;20
5074;18;622434404;5074;400;6154;6174;6.10;0.37;297.76;4.04;1080;20;2121.00;20
5076;18;622434418;5076;408;6154;6174;6.09;0.37;297.79;4.04;1078;20;2122.00;20
5080;18;622434432;5080;412;6154;6174;6.05;0.37;297.72;4.04;1074;20;2123.00;20
5082;18;622434447;5082;409;6164;6186;6.05;0.37;297.76;4.04;1082;20;2124.00;22
5084;18;622434461;5084;410;6164;6186;6.08;0.37;297.78;4.04;1080;20;2125.00;22
5088;18;622434475;5088;409;6166;6186;6.11;0.37;297.80;4.04;1078;20;2126.00;20
5090;18;622434489;5090;411;6168;6186;6.12;0.37;297.93;4.04;1078;20;2127.00;18
5091;18;622434503;5091;412;6168;6186;6.14;0.37;297.93;4.04;1077;20;2128.00;18
5092;18;622434516;5092;414;6168;6186;6.12;0.37;297.90;4.04;1076;20;2129.00;18
5093;18;622434531;5093;408;6170;6187;6.12;0.37;298.03;4.05;1077;20;2130.00;17
5099;18;622434544;5099;398;6170;6187;6.07;0.37;298.19;4.05;1071;20;2131.00;17
5102;18;622434567;5102;392;6176;6193;6.11;0.37;298.36;4.05;1074;20;2132.00;17
5105;18;622434582;5105;392;6177;6194;6.07;0.37;298.48;4.04;1072;20;2133.00;17
5108;18;622434596;5108;390;6177;6194;6.00;0.36;298.51;4.04;1069;20;2134.00;17
5108;18;622434610;5108;386;6177;6194;5.99;0.36;298.51;4.04;1069;20;2135.00;17
5111;18;622434624;5111;391;6179;6198;5.94;0.36;298.56;4.04;1068;20;2136.00;19
5111;18;622434638;5111;384;6180;6198;5.92;0.36;298.56;4.04;1069;20;2137.00;18
5114;18;622434653;5114;386;6180;6198;5.87;0.36;298.53;4.04;1066;20;2138.00;18
5116;18;622434668;5116;383;6181;6199;5.91;0.36;298.61;4.04;1065;20;2139.00;18
5118;18;622434682;5118;373;6184;6203;5.92;0.36;298.74;4.04;1066;20;2140.00;19
5120;18;622434697;5120;368;6184;6203;5.92;0.36;298.87;4.04;1064;20;2141.00;19
5122;18;622434711;5122;360;6186;6206;5.88;0.36;298.95;4.04;1064;20;2142.00;20
5125;18;622434726;5125;358;6187;6206;5.82;0.35;299.04;4.04;1062;20;2143.00;19
5127;18;622434738;5127;356;6187;6206;5.83;0.35;298.99;4.04;1060;20;2144.00;19
5129;18;622434750;5129;360;6189;6206;5.81;0.35;299.14;4.06;1060;20;2145.00;17
5132;18;622434763;5132;362;6193;6210;5.89;0.36;299.24;4.06;1061;20;2146.00;17
5135;18;622434776;5135;360;6193;6210;5.89;0.36;299.28;4.06;1058;20;2147.00;17
5139;18;622434789;5139;357;6193;6210;5.91;0.36;299.46;4.06;1054;20;2148.00;17
5144;18;622434803;5144;357;6193;6210;5.83;0.35;299.40;4.06;1049;20;2149.00;17
5146;18;622434817;5146;357;6193;6211;5.82;0.35;299.42;4.06;1047;20;2150.00;18
5152;18;622434830;5152;353;6194;6212;5.80;0.35;299.55;4.06;1042;20;2151.00;18
5154;18;622434843;5154;355;6194;6212;5.79;0.35;299.49;4.06;1040;20;2152.00;18
5155;18;622434855;5155;352;6195;6213;5.79;0.35;299.47;4.06;1040;20;2153.00;18
5159;18;622434867;5159;357;6195;6213;5.70;0.35;299.65;4.06;1036;20;2154.00;18
5160;18;622434879;5160;352;6195;6213;5.65;0.34;299.62;4.06;1035;20;2155.00;18
5161;18;622434891;5161;350;6195;6213;5.60;0.34;299.75;4.06;1034;20;2156.00;18
5163;18;622434903;5163;347;6195;6213;5.56;0.34;299.72;4.06;1032;20;2157.00;18
5164;18;622434915;5164;349;6195;6213;5.58;0.34;299.74;4.06;1031;20;2158.00;18
5165;18;622434927;5165;352;6195;6213;5.54;0.34;299.71;4.06;1030;20;2159.00;18
5167;18;622434941;5167;389;6305;6443;5.82;0.36;299.71;3.99;1138;20;2160.00;138
5168;18;622434975;5168;378;6310;6444;5.85;0.37;299.71;3.98;1142;20;2161.00;134
5169;18;622434988;5169;370;6321;6444;5.95;0.37;299.75;3.98;1152;20;2162.00;123
5172;18;622435001;5172;363;6329;6444;5.96;0.37;299.80;3.98;1157;20;2163.00;115
5174;18;622435015;5174;358;6339;6444;6.02;0.38;299.78;3.98;1165;20;2164.00;105
5178;18;622435028;5178;358;6346;6444;6.00;0.37;299.85;3.98;1168;20;2165.00;98
5179;18;622435049;5179;352;6353;6444;6.00;0.37;299.81;3.98;1174;20;2166.00;91
5179;18;622435062;5179;353;6359;6444;6.03;0.37;299.81;3.99;1180;20;2167.00;85
5179;19;622435075;5179;355;6367;6445;6.11;0.38;299.81;3.99;1188;21;2168.00;78
5182;19;622435109;5182;358;6369;6446;6.12;0.38;299.72;3.99;1187;21;2169.00;77
5184;19;622435123;5184;358;6376;6446;6.06;0.38;299.77;4.02;1192;21;2170.00;70
5185;19;622435138;5185;363;6379;6447;6.00;0.37;299.74;4.03;1194;21;2171.00;68
5189;19;622435151;5189;368;6383;6447;5.94;0.37;299.86;4.03;1194;21;2172.00;64
5191;19;622435166;5191;371;6386;6447;5.81;0.36;299.86;4.06;1195;21;2173.00;61
5196;19;622435180;5196;376;6392;6447;5.72;0.35;299.93;4.07;1196;21;2174.00;55
5196;19;622435194;5196;381;6396;6451;5.58;0.34;299.93;4.07;1200;21;2175.00;55
5199;19;622435208;5199;389;6400;6451;5.44;0.34;299.79;4.09;1201;21;2176.00;51
5200;19;622435221;5200;391;6402;6451;5.38;0.33;299.82;4.09;1202;21;2177.00;49
5204;19;622435235;5204;408;6405;6454;5.30;0.33;299.66;4.11;1201;21;2178.00;49
5207;19;622435249;5207;409;6408;6454;5.22;0.32;299.67;4.12;1201;21;2179.00;46
5207;19;622435263;5207;424;6410;6454;5.15;0.32;299.67;4.13;1203;21;2180.00;44
5210;19;622435276;5210;435;6416;6458;5.05;0.31;299.57;4.15;1206;21;2181.00;42
5210;19;622435289;5210;434;6417;6459;5.01;0.31;299.57;4.15;1207;21;2182.00;42
5210;19;622435302;5210;435;6422;6459;4.96;0.31;299.57;4.18;1212;21;2183.00;37
5211;19;622435315;5211;450;6424;6463;4.95;0.31;299.53;4.17;1213;21;2184.00;39
5213;19;622435329;5213;454;6427;6463;4.94;0.31;299.55;4.18;1214;21;2185.00;36
5215;19;622435343;5215;461;6429;6463;4.94;0.31;299.62;4.20;1214;21;2186.00;34
5217;19;622435356;5217;464;6432;6464;4.94;0.31;299.59;4.21;1215;21;2187.00;32
5219;19;622435369;5219;467;6435;6464;4.93;0.30;299.61;4.24;1216;21;2188.00;29
5222;19;622435383;5222;475;6441;6470;4.93;0.30;299.53;4.24;1219;21;2189.00;29
5222;19;622435399;5222;473;6441;6470;4.91;0.30;299.53;4.24;1219;21;2190.00;29
5227;19;622435411;5227;471;6443;6471;4.85;0.30;299.37;4.25;1216;21;2191.00;28
5227;19;622435424;5227;475;6445;6471;4.80;0.30;299.37;4.26;1218;21;2192.00;26
5227;19;622435437;5227;482;6447;6471;4.75;0.29;299.37;4.27;1220;21;2193.00;24
5231;19;622435450;5231;482;6448;6471;4.73;0.29;299.31;4.27;1217;21;2194.00;23
5232;19;622435463;5232;477;6449;6471;4.74;0.29;299.33;4.27;1217;21;2195.00;22
5233;19;622435477;5233;469;6458;6483;4.82;0.30;299.29;4.27;1225;21;2196.00;25
5234;19;622435491;5234;460;6459;6483;4.88;0.30;299.37;4.27;1225;21;2197.00;24
5234;19;622435504;5234;456;6460;6483;4.98;0.31;299.37;4.27;1226;21;2198.00;23
5238;19;622435518;5238;448;6461;6483;4.99;0.31;299.27;4.27;1223;21;2199.00;22
5242;19;622435532;5242;449;6463;6483;4.96;0.30;299.33;4.28;1221;21;2200.00;20
5242;19;622435552;5242;443;6463;6483;4.93;0.30;299.33;4.28;1221;21;2201.00;20
5244;19;622435565;5244;445;6467;6487;4.93;0.30;299.38;4.27;1223;21;2202.00;20
5246;19;622435579;5246;454;6467;6487;4.92;0.30;299.36;4.27;1221;21;2203.00;20
5249;19;622435593;5249;453;6471;6491;4.85;0.30;299.33;4.27;1222;21;2204.00;20
5250;19;622435614;5250;451;6473;6493;4.83;0.30;299.35;4.27;1223;21;2205.00;20
5252;19;622435627;5252;449;6473;6493;4.77;0.29;299.30;4.27;1221;21;2206.00;20
5254;19;622435640;5254;449;6473;6493;4.72;0.29;299.26;4.27;1219;21;2207.00;20
5257;19;622435653;5257;454;6483;6506;4.71;0.29;299.18;4.26;1226;21;2208.00;23
5258;19;622435667;5258;465;6484;6506;4.72;0.29;299.17;4.26;1226;21;2209.00;22
5260;19;622435680;5260;453;6486;6508;4.72;0.29;299.19;4.26;1226;21;2210.00;22
5261;19;622435694;5261;446;6487;6509;4.75;0.29;299.18;4.26;1226;21;2211.00;22
5265;19;622435708;5265;444;6487;6510;4.81;0.30;299.17;4.26;1222;21;2212.00;23
5271;19;622435721;5271;443;6487;6510;4.80;0.30;299.20;4.26;1216;21;2213.00;23
5273;19;622435734;5273;437;6489;6513;4.86;0.30;299.15;4.26;1216;21;2214.00;24
5279;19;622435748;5279;441;6489;6513;4.91;0.30;299.16;4.26;1210;21;2215.00;24
5282;19;622435762;5282;438;6489;6513;4.94;0.30;299.16;4.26;1207;21;2216.00;24
5289;19;622435775;5289;419;6489;6513;4.93;0.30;299.46;4.26;1200;21;2217.00;24
5292;19;622435790;5292;409;6493;6519;4.97;0.30;299.46;4.26;1201;21;2218.00;26
5296;19;622435804;5296;405;6493;6519;4.93;0.30;299.50;4.26;1197;21;2219.00;26
5300;19;622435827;5300;393;6493;6519;4.98;0.31;299.65;4.26;1193;21;2220.00;26
5305;19;622435847;5305;392;6493;6519;4.97;0.30;299.56;4.26;1188;21;2221.00;26
5307;19;622435866;5307;389;6496;6523;5.05;0.31;299.67;4.26;1189;21;2222.00;27
5311;19;622435886;5311;384;6497;6524;5.11;0.31;299.71;4.26;1186;21;2223.00;27
5316;19;622435912;5316;380;6497;6524;5.20;0.32;299.80;4.26;1181;21;2224.00;27
5321;19;622435938;5321;382;6498;6525;5.24;0.32;299.89;4.26;1177;21;2225.00;27
5325;19;622435955;5325;380;6498;6525;5.25;0.32;300.10;4.26;1173;21;2226.00;27
5329;19;622435972;5329;365;6498;6525;5.31;0.32;300.26;4.26;1169;21;2227.00;27
5333;19;622435987;5333;373;6498;6525;5.33;0.33;300.25;4.26;1165;21;2228.00;27
5337;19;622436005;5337;366;6498;6525;5.39;0.33;300.25;4.26;1161;21;2229.00;27
5341;19;622436020;5341;371;6498;6525;5.41;0.33;300.30;4.26;1157;21;2230.00;27
5344;19;622436036;5344;380;6498;6525;5.43;0.33;300.37;4.26;1154;21;2231.00;27
5349;19;622436051;5349;385;6542;6595;5.51;0.34;300.50;4.23;1193;21;2232.00;53
5355;19;622436074;5355;379;6544;6596;5.52;0.34;300.58;4.23;1189;21;2233.00;52
5358;19;622436091;5358;376;6547;6596;5.58;0.34;300.65;4.23;1189;21;2234.00;49
5361;19;622436108;5361;377;6547;6596;5.62;0.34;300.76;4.23;1186;21;2235.00;49
5366;19;622436124;5366;368;6549;6596;5.64;0.34;300.75;4.23;1183;21;2236.00;47
5372;19;622436142;5372;366;6549;6596;5.61;0.34;300.86;4.23;1177;21;2237.00;47
5377;19;622436159;5377;369;6549;6596;5.58;0.34;301.01;4.23;1172;21;2238.00;47
5379;19;622436176;5379;366;6549;6596;5.64;0.34;301.06;4.23;1170;21;2239.00;47
5382;19;622436194;5382;370;6551;6597;5.65;0.34;301.09;4.23;1169;21;2240.00;46
5385;19;622436209;5385;377;6551;6598;5.67;0.34;301.01;4.23;1166;21;2241.00;47
5387;19;622436225;5387;383;6553;6598;5.66;0.34;301.03;4.23;1166;21;2242.00;45
5388;19;622436239;5388;383;6557;6602;5.68;0.35;301.07;4.23;1169;21;2243.00;45
5393;19;622436254;5393;385;6557;6602;5.64;0.34;301.12;4.23;1164;21;2244.00;45
5395;19;622436270;5395;380;6558;6602;5.65;0.34;301.24;4.23;1163;21;2245.00;44
5399;19;622436284;5399;384;6559;6602;5.66;0.34;301.28;4.24;1160;21;2246.00;43
5404;19;622436298;5404;379;6564;6608;5.67;0.34;301.59;4.24;1160;21;2247.00;44
5406;19;622436314;5406;381;6565;6608;5.74;0.35;301.62;4.24;1159;21;2248.00;43
5409;19;622436329;5409;381;6566;6608;5.77;0.35;301.74;4.24;1157;21;2249.00;42
5414;19;622436346;5414;385;6570;6614;5.78;0.35;301.72;4.24;1156;21;2250.00;44
5416;19;622436362;5416;382;6571;6614;5.84;0.35;301.88;4.24;1155;21;2251.00;43
5419;19;622436377;5419;392;6572;6614;5.84;0.35;302.05;4.25;1153;21;2252.00;42
5424;19;622436391;5424;397;6573;6615;5.80;0.35;302.02;4.25;1149;21;2253.00;42
5424;19;622436406;5424;404;6573;6616;5.81;0.35;302.02;4.25;1149;21;2254.00;43
5426;19;622436421;5426;406;6575;6616;5.81;0.35;302.14;4.25;1149;21;2255.00;41
5430;19;622436435;5430;413;6585;6629;5.75;0.35;302.23;4.26;1155;21;2256.00;44
5432;19;622436451;5432;405;6586;6629;5.78;0.35;302.29;4.27;1154;21;2257.00;43
5435;19;622436465;5435;398;6589;6629;5.75;0.35;302.58;4.27;1154;21;2258.00;40
5441;19;622436481;5441;387;6591;6630;5.75;0.35;302.69;4.27;1150;21;2259.00;39
5444;19;622436496;5444;391;6594;6630;5.72;0.35;302.74;4.29;1150;21;2260.00;36
5448;19;622436511;5448;392;6596;6634;5.71;0.35;302.94;4.29;1148;21;2261.00;38
5452;19;622436526;5452;398;6598;6634;5.66;0.34;303.04;4.29;1146;21;2262.00;36
5453;19;622436541;5453;402;6603;6638;5.67;0.34;303.09;4.28;1150;21;2263.00;35
5456;19;622436555;5456;408;6603;6638;5.66;0.34;303.20;4.28;1147;21;2264.00;35
5460;19;622436571;5460;409;6604;6638;5.65;0.34;303.26;4.28;1144;21;2265.00;34
5462;19;622436585;5462;399;6604;6638;5.66;0.34;303.34;4.28;1142;21;2266.00;34
5465;19;622436601;5465;399;6604;6638;5.64;0.34;303.57;4.28;1139;21;2267.00;34
5465;19;622436616;5465;394;6613;6650;5.68;0.34;303.57;4.28;1148;21;2268.00;37
5469;19;622436632;5469;395;6613;6650;5.70;0.34;303.79;4.28;1144;21;2269.00;37
5473;19;622436648;5473;398;6615;6650;5.73;0.35;303.88;4.28;1142;21;2270.00;35
5473;19;622436664;5473;402;6615;6650;5.78;0.35;303.88;4.28;1142;21;2271.00;35
5476;19;622436685;5476;405;6615;6650;5.81;0.35;303.96;4.28;1139;21;2272.00;35
5478;19;622436699;5478;413;6615;6650;5.84;0.35;304.13;4.28;1137;21;2273.00;35
5479;19;622436714;5479;415;6615;6651;5.84;0.36;304.16;4.28;1136;21;2274.00;36
5481;19;622436728;5481;425;6616;6651;5.81;0.35;304.34;4.29;1135;21;2275.00;35
5482;19;622436743;5482;426;6621;6657;5.81;0.35;304.37;4.29;1139;22;2276.00;36
5485;19;622436771;5485;422;6622;6658;5.78;0.35;304.45;4.29;1137;22;2277.00;36
5487;19;622436786;5487;415;6622;6658;5.74;0.35;304.54;4.29;1135;22;2278.00;36
5489;19;622436800;5489;414;6622;6658;5.73;0.35;304.66;4.29;1133;22;2279.00;36
5490;19;622436818;5490;418;6626;6663;5.72;0.35;304.73;4.29;1136;22;2280.00;37
5493;19;622436832;5493;419;6626;6663;5.69;0.35;304.90;4.29;1133;22;2281.00;37
5493;19;622436848;5493;411;6626;6663;5.74;0.35;304.90;4.29;1133;22;2282.00;37
5496;19;622436861;5496;425;6627;6664;5.70;0.35;304.92;4.29;1131;22;2283.00;37
5499;19;622436875;5499;419;6630;6668;5.70;0.35;304.99;4.29;1131;22;2284.00;38
5500;19;622436891;5500;427;6630;6668;5.76;0.35;305.04;4.29;1130;22;2285.00;38
5503;19;622436904;5503;434;6632;6671;5.78;0.35;305.06;4.29;1129;22;2286.00;39
5508;19;622436918;5508;430;6633;6671;5.76;0.35;305.10;4.29;1125;22;2287.00;38
5513;19;622436933;5513;437;6633;6671;5.69;0.34;305.10;4.29;1120;22;2288.00;38
5516;19;622436948;5516;444;6633;6671;5.63;0.34;305.08;4.29;1117;22;2289.00;38
5518;19;622436962;5518;448;6637;6675;5.61;0.34;305.09;4.28;1119;22;2290.00;38
5518;19;622436983;5518;446;6637;6675;5.56;0.34;305.09;4.28;1119;22;2291.00;38
5518;19;622436997;5518;448;6637;6675;5.56;0.34;305.09;4.28;1119;22;2292.00;38
5521;19;622437011;5521;457;6637;6675;5.50;0.33;305.08;4.28;1116;22;2293.00;38
5522;19;622437024;5522;460;6637;6676;5.48;0.33;305.08;4.28;1115;22;2294.00;39
5524;19;622437037;5524;463;6639;6678;5.46;0.33;305.12;4.28;1115;22;2295.00;39
5526;19;622437050;5526;469;6640;6678;5.38;0.33;305.12;4.30;1114;22;2296.00;38
5526;19;622437066;5526;474;6641;6679;5.44;0.33;305.12;4.30;1115;22;2297.00;38
5526;19;622437079;5526;472;6641;6679;5.42;0.33;305.12;4.30;1115;22;2298.00;38
5528;19;622437092;5528;472;6641;6679;5.39;0.33;305.13;4.30;1113;22;2299.00;38
5529;19;622437105;5529;462;6641;6679;5.40;0.33;305.16;4.30;1112;22;2300.00;38
5536;19;622437123;5536;469;6641;6679;5.31;0.32;305.31;4.30;1105;22;2301.00;38
5536;19;622437137;5536;461;6641;6679;5.31;0.32;305.31;4.30;1105;22;2302.00;38
5538;19;622437152;5538;449;6641;6679;5.33;0.32;305.33;4.30;1103;22;2303.00;38
5539;19;622437165;5539;474;6713;6806;5.40;0.33;305.34;4.26;1174;22;2304.00;93
5542;19;622437189;5542;464;6714;6807;5.38;0.33;305.37;4.25;1172;22;2305.00;93
5542;19;622437203;5542;453;6721;6807;5.45;0.34;305.37;4.25;1179;22;2306.00;86
5544;19;622437216;5544;446;6722;6807;5.44;0.34;305.41;4.25;1178;22;2307.00;85
5549;19;622437230;5549;450;6728;6807;5.41;0.33;305.42;4.25;1179;22;2308.00;79
5551;19;622437243;5551;443;6733;6807;5.43;0.34;305.44;4.25;1182;22;2309.00;74
5552;19;622437259;5552;444;6736;6807;5.44;0.34;305.48;4.25;1184;22;2310.00;71
5554;19;622437272;5554;449;6740;6807;5.43;0.33;305.55;4.28;1186;22;2311.00;67
5556;19;622437293;5556;450;6742;6808;5.36;0.33;305.59;4.28;1186;22;2312.00;66
5558;19;622437307;5558;460;6744;6809;5.35;0.33;305.56;4.28;1186;22;2313.00;65
5561;19;622437321;5561;464;6749;6809;5.29;0.33;305.56;4.28;1188;22;2314.00;60
5563;19;622437334;5563;465;6753;6810;5.21;0.32;305.54;4.32;1190;22;2315.00;57
5564;19;622437349;5564;465;6757;6810;5.19;0.32;305.57;4.34;1193;22;2316.00;53
5565;19;622437363;5565;462;6758;6810;5.11;0.32;305.59;4.35;1193;22;2317.00;52
5569;19;622437376;5569;464;6760;6810;5.04;0.31;305.72;4.35;1191;22;2318.00;50
5571;19;622437389;5571;473;6764;6814;5.01;0.31;305.71;4.35;1193;22;2319.00;50
5578;19;622437403;5578;471;6764;6814;4.93;0.30;305.60;4.35;1186;22;2320.00;50
5581;19;622437417;5581;464;6765;6814;4.93;0.30;305.52;4.35;1184;22;2321.00;49
5584;19;622437432;5584;468;6767;6817;4.97;0.31;305.46;4.35;1183;22;2322.00;50
5587;19;622437446;5587;467;6768;6817;5.03;0.31;305.46;4.35;1181;22;2323.00;49
5587;19;622437460;5587;474;6770;6817;5.07;0.31;305.46;4.35;1183;22;2324.00;47
5592;19;622437474;5592;478;6773;6821;5.06;0.31;305.48;4.35;1181;22;2325.00;48
5594;19;622437489;5594;478;6775;6822;5.07;0.31;305.47;4.35;1181;22;2326.00;47
5595;19;622437503;5595;483;6776;6822;5.05;0.31;305.44;4.36;1181;22;2327.00;46
5597;19;622437516;5597;487;6779;6826;5.03;0.31;305.42;4.35;1182;22;2328.00;47
5598;19;622437529;5598;492;6780;6826;5.01;0.31;305.42;4.35;1182;22;2329.00;46
5601;19;622437541;5601;491;6780;6826;5.00;0.31;305.35;4.35;1179;22;2330.00;46
5604;19;622437554;5604;492;6781;6827;4.99;0.31;305.34;4.35;1177;22;2331.00;46
5606;19;622437568;5606;492;6781;6827;4.98;0.31;305.28;4.35;1175;22;2332.00;46
5607;19;622437581;5607;495;6786;6833;5.02;0.31;305.34;4.35;1179;22;2333.00;47
5611;19;622437595;5611;503;6787;6833;4.99;0.30;305.25;4.38;1176;22;2334.00;46
5616;19;622437608;5616;497;6787;6834;4.93;0.30;305.26;4.38;1171;22;2335.00;47
5616;19;622437622;5616;503;6788;6834;4.93;0.30;305.26;4.40;1172;22;2336.00;46
5618;19;622437635;5618;505;6788;6834;4.84;0.30;305.25;4.40;1170;22;2337.00;46
5619;19;622437648;5619;508;6788;6834;4.80;0.29;305.24;4.40;1169;22;2338.00;46
5619;19;622437663;5619;513;6789;6834;4.78;0.29;305.24;4.43;1170;22;2339.00;45
5620;19;622437678;5620;524;6816;6870;4.89;0.30;305.19;4.44;1196;22;2340.00;54
5622;19;622437695;5622;524;6817;6870;4.83;0.30;305.19;4.44;1195;22;2341.00;53
5624;19;622437718;5624;528;6819;6870;4.81;0.29;305.14;4.43;1195;22;2342.00;51
5625;19;622437731;5625;533;6821;6870;4.82;0.30;305.17;4.49;1196;22;2343.00;49
5627;19;622437744;5627;537;6822;6870;4.78;0.29;305.13;4.49;1195;22;2344.00;48
5630;19;622437757;5630;539;6824;6870;4.68;0.29;305.11;4.54;1194;22;2345.00;46
5631;19;622437774;5631;542;6828;6874;4.63;0.28;305.21;4.53;1197;22;2346.00;46
5632;19;622437789;5632;537;6830;6874;4.60;0.28;305.20;4.58;1198;22;2347.00;44
5634;19;622437801;5634;532;6834;6878;4.64;0.28;305.19;4.58;1200;22;2348.00;44
5636;19;622437820;5636;516;6837;6879;4.68;0.28;305.18;4.62;1201;22;2349.00;42
5636;19;622437839;5636;516;6838;6879;4.70;0.29;305.18;4.64;1202;22;2350.00;41
5636;19;622437858;5636;517;6839;6879;4.68;0.29;305.18;4.66;1203;22;2351.00;40
5637;19;622437880;5637;511;6851;6892;4.70;0.29;305.13;4.67;1214;22;2352.00;41
5638;19;622437902;5638;504;6852;6892;4.71;0.29;305.13;4.69;1214;22;2353.00;40
5638;19;622437933;5638;505;6854;6892;4.73;0.29;305.13;4.72;1216;22;2354.00;38
5638;19;622437953;5638;510;6855;6893;4.75;0.29;305.13;4.72;1217;22;2355.00;38
5639;19;622437969;5639;511;6857;6894;4.68;0.29;305.11;4.74;1218;22;2356.00;37
5640;19;622437990;5640;520;6857;6894;4.65;0.28;305.09;4.74;1217;22;2357.00;37
5642;19;622438013;5642;518;6859;6897;4.60;0.28;305.13;4.74;1217;22;2358.00;38
5645;19;622438027;5645;510;6861;6897;4.55;0.28;305.02;4.77;1216;22;2359.00;36
5647;19;622438040;5647;515;6863;6897;4.55;0.28;305.00;4.77;1216;22;2360.00;34
5648;19;622438053;5648;510;6864;6897;4.55;0.28;304.98;4.79;1216;22;2361.00;33
5651;19;622438065;5651;503;6870;6903;4.58;0.28;304.95;4.79;1219;22;2362.00;33
5652;19;622438080;5652;498;6871;6903;4.64;0.28;304.91;4.81;1219;22;2363.00;32
5653;19;622438093;5653;501;6872;6903;4.67;0.28;304.89;4.81;1219;22;2364.00;31
5654;19;622438105;5654;502;6873;6903;4.67;0.28;304.88;4.83;1219;22;2365.00;30
5656;19;622438118;5656;497;6876;6907;4.71;0.29;304.85;4.83;1220;22;2366.00;31
5657;19;622438131;5657;485;6877;6908;4.71;0.28;304.80;4.83;1220;22;2367.00;31
5659;19;622438144;5659;481;6879;6908;4.67;0.28;304.72;4.87;1220;22;2368.00;29
5663;19;622438158;5663;472;6880;6909;4.64;0.28;304.66;4.87;1217;22;2369.00;29
5663;19;622438173;5663;473;6882;6909;4.66;0.28;304.66;4.90;1219;22;2370.00;27
5667;19;622438186;5667;474;6882;6909;4.64;0.28;304.54;4.90;1215;22;2371.00;27
5670;19;622438200;5670;464;6884;6909;4.66;0.28;304.65;4.93;1214;22;2372.00;25
5671;19;622438214;5671;456;6884;6909;4.68;0.28;304.68;4.93;1213;22;2373.00;25
5674;19;622438227;5674;456;6884;6909;4.65;0.28;304.70;4.93;1210;22;2374.00;25
5675;19;622438240;5675;454;6887;6909;4.68;0.28;304.79;4.97;1212;22;2375.00;22
5678;19;622438254;5678;473;6937;6979;4.77;0.29;304.92;4.94;1259;22;2376.00;42
5679;19;622438273;5679;463;6940;6980;4.76;0.29;304.95;4.95;1261;22;2377.00;40
5683;19;622438285;5683;460;6945;6980;4.73;0.29;304.96;4.95;1262;22;2378.00;35
5684;19;622438299;5684;466;6946;6980;4.70;0.29;305.02;4.95;1262;22;2379.00;34
5687;19;622438312;5687;455;6949;6980;4.69;0.29;304.98;4.96;1262;22;2380.00;31
5689;19;622438332;5689;446;6949;6980;4.69;0.29;305.01;4.96;1260;22;2381.00;31
5694;19;622438345;5694;442;6949;6980;4.66;0.29;305.09;4.96;1255;22;2382.00;31
5697;19;622438359;5697;440;6952;6980;4.69;0.29;305.10;4.97;1255;22;2383.00;28
5697;19;622438371;5697;444;6952;6981;4.70;0.29;305.10;4.97;1255;22;2384.00;29
5700;19;622438385;5700;442;6953;6983;4.71;0.29;305.13;4.97;1253;22;2385.00;30
5707;19;622438401;5707;454;6956;6983;4.68;0.29;305.12;4.97;1249;22;2386.00;27
5711;19;622438415;5711;450;6959;6987;4.71;0.29;305.26;4.97;1248;22;2387.00;28
5714;19;622438430;5714;450;6959;6987;4.74;0.29;305.29;4.97;1245;22;2388.00;28
5717;19;622438444;5717;455;6961;6987;4.79;0.29;305.41;4.97;1244;22;2389.00;26
5722;19;622438458;5722;442;6963;6987;4.84;0.30;305.53;4.97;1241;22;2390.00;24
5724;19;622438474;5724;441;6966;6993;4.89;0.30;305.54;4.97;1242;22;2391.00;27
5729;19;622438488;5729;434;6966;6993;4.91;0.30;305.65;4.97;1237;22;2392.00;27
5732;19;622438502;5732;436;6966;6993;4.98;0.30;305.74;4.97;1234;22;2393.00;27
5734;19;622438517;5734;430;6967;6996;5.04;0.31;305.81;4.97;1233;22;2394.00;29
5735;19;622438532;5735;418;6967;6996;5.10;0.31;305.83;4.97;1232;22;2395.00;29
5740;19;622438547;5740;421;6967;6996;5.16;0.32;306.13;4.97;1227;22;2396.00;29
5745;19;622438562;5745;416;6967;6997;5.16;0.32;306.23;4.97;1222;22;2397.00;30
5749;19;622438577;5749;410;6968;6998;5.19;0.32;306.31;4.97;1219;22;2398.00;30
5751;19;622438594;5751;400;6968;6998;5.26;0.32;306.38;4.97;1217;22;2399.00;30
5754;19;622438611;5754;413;6988;7057;5.32;0.33;306.36;4.96;1234;22;2400.00;69
5758;19;622438640;5758;402;6991;7057;5.33;0.33;306.47;4.97;1233;22;2401.00;66
5764;19;622438655;5764;397;6994;7057;5.34;0.33;306.65;4.97;1230;22;2402.00;63
5767;19;622438671;5767;393;6995;7058;5.42;0.33;306.74;4.97;1228;22;2403.00;63
5773;19;622438686;5773;390;6997;7058;5.44;0.33;306.90;4.97;1224;22;2404.00;61
5777;19;622438702;5777;384;6998;7062;5.47;0.33;306.92;4.97;1221;22;2405.00;64
5779;19;622438717;5779;391;7001;7062;5.49;0.34;307.00;4.97;1222;22;2406.00;61
5783;19;622438733;5783;392;7004;7066;5.49;0.34;307.19;4.97;1221;22;2407.00;62
5788;19;622438749;5788;394;7006;7066;5.52;0.34;307.23;4.97;1218;22;2408.00;60
5792;19;622438766;5792;399;7007;7066;5.57;0.34;307.30;4.97;1215;22;2409.00;59
5798;19;622438781;5798;401;7007;7066;5.60;0.34;307.58;4.97;1209;22;2410.00;59
5802;19;622438798;5802;408;7009;7066;5.57;0.34;307.67;4.97;1207;22;2411.00;57
5805;19;622438814;5805;410;7014;7078;5.56;0.34;307.72;4.97;1209;22;2412.00;64
5812;19;622438833;5812;414;7015;7078;5.53;0.34;307.84;4.97;1203;22;2413.00;63
5815;19;622438852;5815;424;7017;7078;5.55;0.34;307.99;4.97;1202;22;2414.00;61
5819;19;622438867;5819;418;7019;7078;5.57;0.34;308.10;4.98;1200;22;2415.00;59
5821;19;622438883;5821;427;7020;7078;5.60;0.34;308.22;4.98;1199;22;2416.00;58
5825;19;622438898;5825;432;7022;7078;5.62;0.34;308.34;4.98;1197;22;2417.00;56
5831;19;622438913;5831;438;7024;7079;5.56;0.34;308.35;4.99;1193;22;2418.00;55
5833;19;622438927;5833;442;7029;7079;5.55;0.34;308.42;4.99;1196;22;2419.00;50
5838;19;622438942;5838;449;7032;7085;5.48;0.33;308.52;4.99;1194;22;2420.00;53
5841;19;622438958;5841;453;7033;7086;5.43;0.33;308.61;4.99;1192;22;2421.00;53
5844;19;622438974;5844;459;7035;7086;5.37;0.33;308.76;5.00;1191;22;2422.00;51
5851;19;622438989;5851;470;7038;7086;5.28;0.32;308.97;5.00;1187;22;2423.00;48
5853;19;622439003;5853;477;7039;7090;5.26;0.32;308.96;5.00;1186;22;2424.00;51
5857;19;622439019;5857;483;7040;7090;5.21;0.32;309.03;5.00;1183;22;2425.00;50
5860;19;622439033;5860;485;7044;7090;5.14;0.31;309.23;5.01;1184;22;2426.00;46
5865;19;622439047;5865;475;7047;7091;5.07;0.31;309.22;5.02;1182;22;2427.00;44
5868;19;622439063;5868;471;7050;7095;5.03;0.31;309.38;5.01;1182;22;2428.00;45
5873;19;622439079;5873;460;7050;7095;5.01;0.31;309.43;5.01;1177;22;2429.00;45
5876;19;622439097;5876;456;7055;7101;5.09;0.31;309.53;5.01;1179;22;2430.00;46
5880;19;622439112;5880;465;7056;7101;5.12;0.31;309.67;5.01;1176;22;2431.00;45
5881;19;622439126;5881;466;7057;7101;5.16;0.31;309.77;5.01;1176;22;2432.00;44
5881;19;622439143;5881;467;7057;7101;5.21;0.32;309.77;5.01;1176;22;2433.00;44
5884;19;622439159;5884;465;7061;7105;5.25;0.32;309.86;5.01;1177;22;2434.00;44
5887;19;622439176;5887;467;7061;7105;5.27;0.32;310.04;5.01;1174;22;2435.00;44
5890;19;622439193;5890;460;7061;7105;5.27;0.32;310.09;5.01;1171;22;2436.00;44
5892;19;622439208;5892;461;7061;7105;5.26;0.32;310.18;5.01;1169;22;2437.00;44
5894;19;622439222;5894;456;7062;7106;5.23;0.32;310.20;5.02;1168;22;2438.00;44
5898;19;622439243;5898;456;7063;7107;5.24;0.32;310.41;5.02;1165;22;2439.00;44
5902;19;622439258;5902;457;7063;7107;5.23;0.32;310.54;5.02;1161;22;2440.00;44
5904;19;622439273;5904;460;7064;7108;5.23;0.32;310.68;5.02;1160;22;2441.00;44
5905;19;622439287;5905;461;7064;7108;5.24;0.32;310.79;5.02;1159;22;2442.00;44
5910;19;622439301;5910;467;7064;7108;5.21;0.32;310.81;5.02;1154;22;2443.00;44
5910;19;622439316;5910;480;7066;7108;5.19;0.32;310.81;5.04;1156;22;2444.00;42
5912;19;622439329;5912;482;7066;7108;5.15;0.31;310.81;5.04;1154;22;2445.00;42
5913;19;622439343;5913;494;7066;7108;5.09;0.31;310.80;5.04;1153;22;2446.00;42
5914;19;622439357;5914;486;7066;7108;5.12;0.31;310.83;5.04;1152;22;2447.00;42
5914;19;622439370;5914;507;7132;7235;5.25;0.33;310.83;4.99;1218;22;2448.00;103
5914;19;622439395;5914;500;7133;7236;5.28;0.33;310.83;4.99;1219;22;2449.00;103
5914;19;622439409;5914;497;7142;7236;5.39;0.33;310.83;5.00;1228;22;2450.00;94
5915;19;622439423;5915;492;7144;7236;5.47;0.34;310.82;5.00;1229;22;2451.00;92
5918;19;622439438;5918;477;7149;7236;5.52;0.34;310.80;5.00;1231;22;2452.00;87
5924;19;622439452;5924;470;7153;7236;5.50;0.34;310.85;5.00;1229;22;2453.00;83
5929;19;622439468;5929;466;7157;7236;5.46;0.34;311.02;5.00;1228;22;2454.00;79
5931;19;622439484;5931;473;7162;7236;5.45;0.34;311.05;5.01;1231;22;2455.00;74
5933;19;622439498;5933;480;7164;7237;5.47;0.34;311.11;5.02;1231;22;2456.00;73
5935;19;622439513;5935;473;7166;7238;5.46;0.34;311.16;5.02;1231;22;2457.00;72
5938;19;622439527;5938;483;7169;7238;5.44;0.33;311.25;5.02;1231;22;2458.00;69
5939;19;622439541;5939;490;7171;7239;5.38;0.33;311.23;5.02;1232;22;2459.00;68
5941;19;622439557;5941;496;7174;7239;5.25;0.32;311.34;5.03;1233;22;2460.00;65
5946;19;622439572;5946;501;7176;7239;5.14;0.32;311.51;5.03;1230;22;2461.00;63
5948;19;622439588;5948;501;7177;7239;5.07;0.31;311.54;5.04;1229;22;2462.00;62
5954;19;622439602;5954;510;7183;7243;5.00;0.31;311.83;5.04;1229;22;2463.00;60
5955;19;622439617;5955;514;7185;7243;4.99;0.31;311.96;5.04;1230;22;2464.00;58
5958;19;622439631;5958;522;7185;7243;4.97;0.31;312.11;5.04;1227;22;2465.00;58
5961;19;622439645;5961;529;7188;7246;4.95;0.31;312.25;5.04;1227;22;2466.00;58
5966;19;622439660;5966;537;7189;7246;4.91;0.30;312.30;5.05;1223;22;2467.00;57
5966;19;622439682;5966;548;7192;7246;4.93;0.30;312.30;5.07;1226;22;2468.00;54
5968;19;622439696;5968;544;7195;7250;4.96;0.31;312.28;5.07;1227;22;2469.00;55
5971;19;622439711;5971;549;7199;7251;4.95;0.30;312.24;5.07;1228;22;2470.00;52
5971;19;622439726;5971;547;7200;7251;4.99;0.31;312.24;5.07;1229;22;2471.00;51
5975;19;622439747;5975;544;7203;7255;5.02;0.31;312.21;5.07;1228;22;2472.00;52
5977;19;622439762;5977;535;7204;7255;5.01;0.31;312.18;5.07;1227;22;2473.00;51
5980;19;622439776;5980;530;7204;7255;5.05;0.31;312.15;5.07;1224;22;2474.00;51
5985;19;622439790;5985;537;7207;7257;4.99;0.31;312.07;5.08;1222;22;2475.00;50
5989;19;622439805;5989;533;7207;7257;4.95;0.30;312.19;5.08;1218;22;2476.00;50
5990;19;622439825;5990;529;7212;7263;4.93;0.30;312.24;5.07;1222;22;2477.00;51
5991;19;622439847;5991;523;7212;7263;4.90;0.30;312.24;5.07;1221;22;2478.00;51
5991;19;622439865;5991;522;7212;7264;4.84;0.30;312.24;5.07;1221;22;2479.00;52
5995;19;622439890;5995;522;7212;7264;4.72;0.29;312.24;5.07;1217;22;2480.00;52
5995;19;622439919;5995;518;7212;7264;4.67;0.29;312.24;5.07;1217;22;2481.00;52
5997;19;622439938;5997;515;7212;7264;4.60;0.28;312.22;5.07;1215;22;2482.00;52
6001;19;622439953;6001;514;7212;7264;4.50;0.27;312.25;5.07;1211;22;2483.00;52
6006;19;622439968;6006;513;7222;7276;4.46;0.27;312.37;5.07;1216;22;2484.00;54
6012;19;622439982;6012;507;7224;7276;4.39;0.27;312.19;5.12;1212;22;2485.00;52
6013;19;622439997;6013;509;7225;7276;4.39;0.27;312.20;5.11;1212;22;2486.00;51
6015;19;622440017;6015;505;7226;7276;4.40;0.27;312.13;5.12;1211;22;2487.00;50
6016;19;622440040;6016;517;7226;7276;4.39;0.27;312.10;5.12;1210;22;2488.00;50
6018;19;622440064;6018;515;7226;7276;4.43;0.27;312.04;5.12;1208;22;2489.00;50
6019;19;622440079;6019;518;7229;7280;4.48;0.27;312.01;5.12;1210;22;2490.00;51
6020;19;622440093;6020;518;7229;7280;4.47;0.27;312.01;5.12;1209;22;2491.00;51
6021;19;622440105;6021;511;7233;7284;4.55;0.28;311.99;5.12;1212;22;2492.00;51
6023;19;622440118;6023;514;7234;7285;4.55;0.28;311.93;5.11;1211;22;2493.00;51
6024;19;622440138;6024;515;7234;7285;4.61;0.28;311.94;5.11;1210;22;2494.00;51
6026;19;622440151;6026;518;7235;7285;4.65;0.28;311.91;5.13;1209;22;2495.00;50
6028;19;622440165;6028;526;7244;7298;4.70;0.29;311.84;5.12;1216;22;2496.00;54
6029;19;622440180;6029;526;7244;7298;4.72;0.29;311.81;5.12;1215;22;2497.00;54
6032;19;622440193;6032;521;7244;7298;4.71;0.29;311.81;5.12;1212;22;2498.00;54
6038;19;622440207;6038;511;7245;7299;4.66;0.28;311.90;5.12;1207;22;2499.00;54
6040;19;622440222;6040;499;7245;7300;4.69;0.28;311.90;5.12;1205;22;2500.00;55
6041;19;622440240;6041;497;7247;7300;4.69;0.28;311.86;5.14;1206;22;2501.00;53
6041;19;622440254;6041;498;7249;7303;4.80;0.29;311.86;5.14;1208;22;2502.00;54
6043;19;622440269;6043;493;7251;7303;4.85;0.29;311.79;5.15;1208;22;2503.00;52
6043;19;622440282;6043;491;7252;7303;4.89;0.30;311.79;5.15;1209;22;2504.00;51
6045;19;622440296;6045;486;7252;7303;4.91;0.30;311.86;5.15;1207;22;2505.00;51
6046;19;622440310;6046;484;7258;7309;5.01;0.30;311.86;5.16;1212;22;2506.00;51
6047;20;622440325;6047;482;7259;7309;5.03;0.31;311.97;5.16;1212;23;2507.00;50
6048;20;622440352;6048;477;7259;7309;5.08;0.31;311.94;5.16;1211;23;2508.00;50
6048;21;622440366;6048;479;7260;7309;5.13;0.31;311.94;5.16;1212;24;2509.00;49
6049;21;622440394;6049;477;7263;7313;5.15;0.31;311.89;5.16;1214;24;2510.00;50
6050;21;622440408;6050;479;7265;7314;5.17;0.31;311.85;5.19;1215;24;2511.00;49
6051;21;622440422;6051;478;7266;7314;5.19;0.32;311.82;5.19;1215;24;2512.00;48
6052;21;622440436;6052;473;7268;7315;5.22;0.32;311.83;5.22;1216;24;2513.00;47
6054;21;622440450;6054;469;7268;7315;5.21;0.32;311.81;5.22;1214;24;2514.00;47
6056;21;622440464;6056;470;7268;7315;5.22;0.32;311.87;5.22;1212;24;2515.00;47
6056;21;622440482;6056;467;7269;7315;5.27;0.32;311.87;5.24;1213;24;2516.00;46
6056;21;622440497;6056;470;7269;7315;5.27;0.32;311.87;5.24;1213;24;2517.00;46
6058;21;622440510;6058;471;7269;7315;5.27;0.32;311.87;5.24;1211;24;2518.00;46
6060;21;622440525;6060;475;7270;7315;5.27;0.32;311.87;5.27;1210;24;2519.00;45
6060;21;622440540;6060;478;7321;7440;5.52;0.34;311.87;5.24;1261;24;2520.00;119
6062;21;622440565;6062;481;7326;7441;5.53;0.34;311.96;5.23;1264;24;2521.00;115
6064;21;622440579;6064;479;7338;7441;5.55;0.34;311.93;5.25;1274;24;2522.00;103
6067;21;622440595;6067;484;7346;7441;5.51;0.34;312.05;5.25;1279;24;2523.00;95
6069;21;622440608;6069;484;7353;7441;5.52;0.34;312.10;5.30;1284;24;2524.00;88
6070;21;622440623;6070;491;7358;7441;5.50;0.34;312.09;5.30;1288;24;2525.00;83
6074;21;622440636;6074;487;7365;7441;5.44;0.33;312.13;5.33;1291;24;2526.00;76
6076;21;622440652;6076;498;7368;7441;5.37;0.33;312.21;5.33;1292;24;2527.00;73
6081;22;622440666;6081;496;7373;7442;5.32;0.33;312.12;5.33;1292;25;2528.00;69
6083;22;622440693;6083;508;7378;7443;5.29;0.32;312.33;5.38;1295;25;2529.00;65
6084;22;622440708;6084;506;7382;7443;5.25;0.32;312.28;5.43;1298;25;2530.00;61
6087;22;622440722;6087;505;7387;7447;5.18;0.32;312.38;5.42;1300;25;2531.00;60
6089;22;622440737;6089;508;7388;7447;5.16;0.32;312.38;5.42;1299;26;2532.00;59
6090;22;622440758;6090;507;7391;7447;5.13;0.31;312.41;5.47;1301;26;2533.00;56
6094;22;622440773;6094;500;7392;7447;5.13;0.31;312.56;5.47;1298;26;2534.00;55
6097;22;622440788;6097;503;7396;7453;5.18;0.32;312.78;5.47;1299;26;2535.00;57
6101;22;622440803;6101;504;7399;7453;5.14;0.31;312.87;5.51;1298;26;2536.00;54
6104;22;622440831;6104;510;7400;7455;5.15;0.31;313.02;5.51;1296;26;2537.00;55
6105;22;622440847;6105;510;7403;7458;5.14;0.31;313.08;5.50;1298;26;2538.00;55
6110;22;622440869;6110;514;7405;7458;5.10;0.31;313.15;5.54;1295;26;2539.00;53
6111;22;622440883;6111;508;7405;7458;5.10;0.31;313.12;5.54;1294;26;2540.00;53
6115;22;622440904;6115;514;7406;7459;5.05;0.31;313.13;5.54;1291;26;2541.00;53
6118;22;622440918;6118;519;7407;7460;5.03;0.31;313.17;5.54;1289;26;2542.00;53
6119;22;622440935;6119;519;7407;7460;5.06;0.31;313.20;5.54;1288;26;2543.00;53
6122;22;622440949;6122;518;7417;7473;5.06;0.31;313.20;5.53;1295;26;2544.00;56
6124;22;622440965;6124;514;7417;7473;5.05;0.31;313.25;5.53;1293;26;2545.00;56
6129;22;622440980;6129;515;7417;7473;5.02;0.31;313.38;5.53;1288;26;2546.00;56
6132;22;622440994;6132;515;7418;7474;5.05;0.31;313.35;5.53;1286;26;2547.00;56
6134;22;622441009;6134;522;7418;7474;5.07;0.31;313.42;5.53;1284;26;2548.00;56
6136;22;622441025;6136;528;7423;7478;5.09;0.31;313.45;5.53;1287;26;2549.00;55
6141;22;622441043;6141;519;7425;7481;5.06;0.31;313.63;5.53;1284;26;2550.00;56
6145;22;622441060;6145;514;7429;7485;5.06;0.31;313.59;5.53;1284;26;2551.00;56
6148;22;622441082;6148;499;7429;7485;5.05;0.31;313.67;5.53;1281;26;2552.00;56
6151;22;622441098;6151;499;7429;7485;5.08;0.31;313.68;5.53;1278;26;2553.00;56
6154;22;622441113;6154;488;7429;7485;5.08;0.31;313.75;5.53;1275;26;2554.00;56
6158;22;622441128;6158;486;7429;7485;5.09;0.31;313.74;5.53;1271;26;2555.00;56
6162;22;622441144;6162;488;7438;7497;5.12;0.31;313.79;5.52;1276;26;2556.00;59
6164;22;622441160;6164;481;7438;7497;5.21;0.32;313.86;5.52;1274;26;2557.00;59
6167;22;622441175;6167;475;7438;7497;5.25;0.32;313.91;5.52;1271;26;2558.00;59
6172;22;622441190;6172;473;7438;7497;5.27;0.32;314.02;5.52;1266;26;2559.00;59
6176;22;622441211;6176;466;7438;7497;5.28;0.32;314.40;5.52;1262;26;2560.00;59
6178;22;622441227;6178;458;7438;7497;5.29;0.32;314.46;5.52;1260;26;2561.00;59
6183;22;622441243;6183;447;7439;7498;5.28;0.32;314.59;5.52;1256;26;2562.00;59
6185;22;622441259;6185;444;7439;7498;5.33;0.33;314.59;5.52;1254;26;2563.00;59
6190;22;622441275;6190;438;7444;7504;5.36;0.33;314.53;5.52;1254;26;2564.00;60
6193;22;622441292;6193;439;7447;7506;5.43;0.33;314.58;5.52;1254;26;2565.00;59
6196;22;622441313;6196;437;7447;7506;5.51;0.34;314.69;5.52;1251;26;2566.00;59
6201;22;622441329;6201;435;7447;7506;5.56;0.34;314.78;5.52;1246;26;2567.00;59
6205;22;622441345;6205;429;7449;7510;5.59;0.34;314.83;5.52;1244;26;2568.00;61
6208;22;622441361;6208;428;7450;7510;5.65;0.35;314.88;5.52;1242;26;2569.00;60
6211;22;622441375;6211;422;7450;7510;5.64;0.35;314.86;5.52;1239;26;2570.00;60
6217;22;622441391;6217;423;7451;7511;5.62;0.34;315.06;5.51;1234;26;2571.00;60
6221;22;622441406;6221;412;7454;7515;5.63;0.34;315.01;5.51;1233;26;2572.00;61
6226;22;622441422;6226;414;7454;7515;5.59;0.34;315.24;5.51;1228;26;2573.00;61
6231;22;622441437;6231;411;7457;7518;5.54;0.34;315.37;5.51;1226;26;2574.00;61
6234;22;622441453;6234;411;7457;7518;5.53;0.34;315.58;5.51;1223;26;2575.00;61
6240;22;622441471;6240;418;7457;7518;5.50;0.34;315.66;5.51;1217;26;2576.00;61
6245;22;622441485;6245;420;7457;7518;5.55;0.34;315.74;5.51;1212;26;2577.00;61
6248;22;622441500;6248;414;7461;7522;5.61;0.34;315.92;5.51;1213;26;2578.00;61
6253;22;622441517;6253;430;7461;7522;5.66;0.35;315.91;5.51;1208;26;2579.00;61
6255;22;622441533;6255;431;7461;7522;5.68;0.35;315.98;5.51;1206;26;2580.00;61
6259;22;622441549;6259;435;7461;7522;5.69;0.35;315.95;5.51;1202;26;2581.00;61
6262;22;622441564;6262;441;7461;7523;5.67;0.35;316.07;5.51;1199;26;2582.00;62
6267;22;622441579;6267;437;7462;7524;5.62;0.34;316.14;5.51;1195;26;2583.00;62
6271;22;622441597;6271;442;7462;7524;5.65;0.35;316.22;5.51;1191;26;2584.00;62
6277;22;622441611;6277;445;7464;7525;5.67;0.35;316.38;5.51;1187;26;2585.00;61
6281;22;622441627;6281;447;7464;7525;5.62;0.34;316.50;5.51;1183;26;2586.00;61
6285;22;622441643;6285;449;7464;7525;5.53;0.34;316.54;5.51;1179;26;2587.00;61
6288;22;622441657;6288;455;7464;7525;5.47;0.33;316.59;5.51;1176;26;2588.00;61
6294;22;622441671;6294;460;7464;7525;5.34;0.32;316.65;5.51;1170;26;2589.00;61
6303;22;622441686;6303;457;7464;7525;5.19;0.32;316.92;5.51;1161;26;2590.00;61
6305;22;622441701;6305;459;7464;7525;5.12;0.31;317.05;5.51;1159;26;2591.00;61
6307;22;622441715;6307;486;7536;7652;5.20;0.32;317.12;5.46;1229;26;2592.00;116
6309;22;622441740;6309;481;7538;7653;5.15;0.32;317.18;5.46;1229;26;2593.00;115
6311;22;622441754;6311;484;7543;7653;5.15;0.32;317.23;5.46;1232;26;2594.00;110
6314;22;622441769;6314;491;7543;7653;5.13;0.32;317.32;5.46;1229;26;2595.00;110
6315;22;622441782;6315;493;7548;7653;5.17;0.32;317.39;5.46;1233;26;2596.00;105
6316;22;622441796;6316;493;7550;7653;5.21;0.32;317.39;5.46;1234;26;2597.00;103
6320;22;622441812;6320;482;7555;7653;5.15;0.32;317.51;5.47;1235;26;2598.00;98
6323;22;622441846;6323;481;7556;7653;5.11;0.31;317.62;5.47;1233;26;2599.00;97
6324;22;622441890;6324;486;7559;7654;5.12;0.32;317.65;5.47;1235;26;2600.00;95
6329;22;622441916;6329;486;7561;7655;5.12;0.31;317.81;5.47;1232;26;2601.00;94
6330;22;622441939;6330;490;7565;7655;5.15;0.32;317.94;5.47;1235;26;2602.00;90
6332;22;622441959;6332;497;7568;7656;5.13;0.32;317.99;5.47;1236;26;2603.00;88
6336;22;622441977;6336;496;7572;7656;5.09;0.31;318.02;5.48;1236;26;2604.00;84
6337;22;622441994;6337;505;7577;7656;5.10;0.31;318.06;5.48;1240;26;2605.00;79
6339;22;622442013;6339;506;7579;7656;5.10;0.31;318.15;5.49;1240;26;2606.00;77
6344;22;622442032;6344;501;7583;7660;5.06;0.31;318.19;5.49;1239;26;2607.00;77
6349;22;622442053;6349;510;7583;7660;4.99;0.31;318.62;5.49;1234;26;2608.00;77
6350;22;622442070;6350;505;7586;7660;5.03;0.31;318.59;5.49;1236;26;2609.00;74
6352;22;622442090;6352;502;7589;7666;5.08;0.31;318.63;5.49;1237;26;2610.00;77
6355;22;622442112;6355;505;7591;7666;5.11;0.31;318.85;5.49;1236;26;2611.00;75
6359;22;622442130;6359;509;7592;7666;5.10;0.31;318.94;5.49;1233;26;2612.00;74
6360;22;622442148;6360;514;7595;7670;5.12;0.31;318.93;5.49;1235;26;2613.00;75
6361;22;622442165;6361;517;7598;7671;5.16;0.32;318.98;5.49;1237;26;2614.00;73
6363;22;622442182;6363;517;7598;7671;5.20;0.32;319.06;5.49;1235;26;2615.00;73
6365;22;622442199;6365;523;7601;7675;5.23;0.32;318.99;5.48;1236;26;2616.00;74
6367;22;622442217;6367;526;7602;7675;5.25;0.32;319.03;5.48;1235;26;2617.00;73
6369;22;622442233;6369;526;7602;7675;5.28;0.32;319.04;5.48;1233;26;2618.00;73
6370;22;622442251;6370;524;7603;7676;5.25;0.32;319.05;5.48;1233;26;2619.00;73
6375;22;622442267;6375;519;7604;7676;5.19;0.32;319.20;5.50;1229;26;2620.00;72
6378;22;622442282;6378;511;7609;7682;5.19;0.32;319.21;5.49;1231;26;2621.00;73
6380;22;622442297;6380;520;7609;7682;5.16;0.32;319.15;5.49;1229;26;2622.00;73
6385;22;622442313;6385;523;7609;7683;5.06;0.31;319.14;5.49;1224;26;2623.00;74
6386;22;622442328;6386;517;7609;7683;5.01;0.31;319.15;5.49;1223;26;2624.00;74
6388;22;622442342;6388;522;7609;7683;4.94;0.30;319.13;5.49;1221;26;2625.00;74
6391;22;622442357;6391;521;7609;7683;4.87;0.30;319.12;5.49;1218;26;2626.00;74
6395;22;622442370;6395;531;7609;7683;4.79;0.29;319.18;5.49;1214;26;2627.00;74
6396;22;622442384;6396;521;7618;7695;4.77;0.29;319.16;5.49;1222;26;2628.00;77
6397;22;622442400;6397;530;7619;7695;4.76;0.29;319.17;5.49;1222;26;2629.00;76
6398;22;622442413;6398;534;7620;7695;4.77;0.29;319.12;5.48;1222;26;2630.00;75
6398;22;622442427;6398;540;7620;7695;4.76;0.29;319.12;5.48;1222;26;2631.00;75
6403;22;622442440;6403;539;7620;7695;4.69;0.29;319.00;5.48;1217;26;2632.00;75
6405;22;622442454;6405;542;7620;7695;4.68;0.29;318.97;5.48;1215;26;2633.00;75
6409;22;622442469;6409;550;7623;7699;4.61;0.28;318.87;5.48;1214;26;2634.00;76
6414;22;622442483;6414;554;7623;7699;4.55;0.28;318.78;5.48;1209;26;2635.00;76
6415;22;622442496;6415;562;7628;7703;4.56;0.28;318.78;5.50;1213;26;2636.00;75
6417;22;622442511;6417;562;7629;7704;4.51;0.27;318.70;5.49;1212;26;2637.00;75
6419;22;622442525;6419;565;7629;7704;4.44;0.27;318.72;5.49;1210;26;2638.00;75
6423;22;622442538;6423;570;7629;7704;4.40;0.27;318.79;5.49;1206;26;2639.00;75
6423;22;622442553;6423;574;7652;7733;4.42;0.27;318.79;5.48;1229;26;2640.00;81
6425;22;622442570;6425;568;7652;7733;4.43;0.27;318.78;5.48;1227;26;2641.00;81
6426;22;622442584;6426;558;7654;7733;4.48;0.27;318.81;5.48;1228;26;2642.00;79
6427;22;622442599;6427;556;7655;7734;4.50;0.27;318.80;5.48;1228;26;2643.00;79
6430;22;622442613;6430;547;7656;7735;4.48;0.27;318.81;5.49;1226;26;2644.00;79
6432;22;622442628;6432;551;7656;7735;4.44;0.27;318.77;5.49;1224;26;2645.00;79
6433;22;622442645;6433;540;7658;7738;4.51;0.27;318.73;5.49;1225;26;2646.00;80
6434;22;622442661;6434;542;7658;7738;4.57;0.28;318.74;5.49;1224;26;2647.00;80
6437;22;622442679;6437;540;7659;7738;4.57;0.28;318.75;5.49;1222;26;2648.00;79
6437;22;622442693;6437;538;7659;7738;4.60;0.28;318.75;5.49;1222;26;2649.00;79
6439;22;622442708;6439;538;7664;7744;4.64;0.28;318.90;5.49;1225;26;2650.00;80
6439;22;622442724;6439;522;7664;7744;4.64;0.28;318.90;5.49;1225;26;2651.00;80
6442;22;622442738;6442;502;7664;7744;4.65;0.28;319.04;5.49;1222;26;2652.00;80
6445;22;622442754;6445;498;7664;7744;4.69;0.28;319.01;5.49;1219;26;2653.00;80
6446;22;622442769;6446;488;7668;7748;4.77;0.29;319.04;5.50;1222;26;2654.00;80
6449;22;622442786;6449;479;7672;7750;4.82;0.29;319.03;5.57;1223;26;2655.00;78
6449;22;622442804;6449;474;7673;7750;4.90;0.30;319.03;5.58;1224;26;2656.00;77
6452;22;622442820;6452;465;7674;7751;4.95;0.30;319.07;5.58;1222;26;2657.00;77
6455;22;622442843;6455;461;7674;7751;5.01;0.30;319.03;5.58;1219;26;2658.00;77
6457;22;622442857;6457;462;7674;7751;5.08;0.31;318.97;5.58;1217;26;2659.00;77
6457;22;622442871;6457;459;7675;7751;5.16;0.31;318.97;5.60;1218;26;2660.00;76
6459;22;622442886;6459;453;7675;7751;5.22;0.32;318.96;5.60;1216;26;2661.00;76
6459;22;622442901;6459;457;7675;7751;5.31;0.32;318.96;5.60;1216;26;2662.00;76
6461;22;622442915;6461;453;7675;7751;5.36;0.32;318.90;5.60;1214;26;2663.00;76
6463;22;622442930;6463;456;7710;7821;5.55;0.34;318.87;5.58;1247;26;2664.00;111
6463;22;622442957;6463;458;7712;7822;5.54;0.34;318.87;5.59;1249;26;2665.00;110
6466;22;622442974;6466;452;7722;7822;5.55;0.34;318.76;5.59;1256;26;2666.00;100
6466;22;622442988;6466;441;7726;7822;5.56;0.34;318.76;5.59;1260;26;2667.00;96
6467;22;622443003;6467;430;7730;7822;5.53;0.34;318.74;5.59;1263;26;2668.00;92
6469;22;622443018;6469;430;7732;7822;5.58;0.34;318.72;5.59;1263;26;2669.00;90
6470;22;622443035;6470;431;7734;7822;5.62;0.34;318.70;5.59;1264;26;2670.00;88
6473;22;622443049;6473;427;7736;7822;5.62;0.34;318.63;5.59;1263;26;2671.00;86
6474;22;622443064;6474;429;7738;7823;5.63;0.34;318.75;5.59;1264;26;2672.00;85
6477;22;622443079;6477;421;7740;7824;5.63;0.34;318.86;5.59;1263;26;2673.00;84
6480;22;622443095;6480;416;7742;7824;5.61;0.34;318.90;5.59;1262;26;2674.00;82
6482;22;622443110;6482;415;7746;7828;5.57;0.34;318.94;5.59;1264;26;2675.00;82
6484;22;622443125;6484;425;7747;7828;5.54;0.34;318.90;5.59;1263;26;2676.00;81
6487;22;622443140;6487;433;7747;7828;5.45;0.33;318.95;5.59;1260;26;2677.00;81
6489;22;622443157;6489;438;7747;7828;5.42;0.33;318.96;5.59;1258;26;2678.00;81
6491;22;622443173;6491;450;7752;7834;5.41;0.33;319.04;5.58;1261;26;2679.00;82
6492;22;622443189;6492;452;7753;7834;5.35;0.32;319.02;5.62;1261;26;2680.00;81
6494;22;622443205;6494;456;7753;7834;5.34;0.32;319.09;5.62;1259;26;2681.00;81
6497;22;622443220;6497;456;7755;7837;5.32;0.32;319.28;5.62;1258;26;2682.00;82
6499;22;622443235;6499;468;7755;7837;5.31;0.32;319.27;5.62;1256;26;2683.00;82
6500;22;622443250;6500;475;7756;7837;5.32;0.32;319.38;5.62;1256;26;2684.00;81
6501;22;622443264;6501;475;7759;7838;5.32;0.32;319.35;5.72;1258;26;2685.00;79
6505;22;622443279;6505;484;7760;7839;5.30;0.32;319.51;5.72;1255;26;2686.00;79
6507;22;622443294;6507;490;7762;7839;5.32;0.32;319.52;5.79;1255;26;2687.00;77
6510;22;622443308;6510;492;7773;7852;5.32;0.32;319.58;5.78;1263;26;2688.00;79
6511;22;622443324;6511;491;7773;7852;5.35;0.33;319.59;5.78;1262;26;2689.00;79
6514;22;622443339;6514;497;7776;7852;5.37;0.33;319.77;5.88;1262;26;2690.00;76
6517;22;622443354;6517;502;7777;7853;5.35;0.33;320.01;5.88;1260;26;2691.00;76
6517;22;622443369;6517;499;7777;7853;5.38;0.33;320.01;5.88;1260;26;2692.00;76
6517;22;622443392;6517;498;7782;7857;5.40;0.33;320.01;5.91;1265;26;2693.00;75
6519;22;622443408;6519;494;7782;7857;5.43;0.33;320.08;5.91;1263;26;2694.00;75
6523;22;622443423;6523;497;7785;7861;5.40;0.33;320.10;5.91;1262;26;2695.00;76
6524;22;622443439;6524;498;7787;7861;5.39;0.33;320.20;5.97;1263;26;2696.00;74
6528;22;622443453;6528;495;7788;7861;5.37;0.33;320.28;6.00;1260;26;2697.00;73
6531;22;622443467;6531;500;7788;7861;5.33;0.32;320.21;6.00;1257;26;2698.00;73
6535;22;622443483;6535;500;7789;7861;5.30;0.32;320.24;6.03;1254;26;2699.00;72
6537;22;622443502;6537;499;7814;7910;5.43;0.33;320.28;6.01;1277;26;2700.00;96
6540;22;622443527;6540;501;7814;7910;5.46;0.33;320.20;6.01;1274;26;2701.00;96
6543;22;622443542;6543;496;7819;7910;5.50;0.34;320.30;6.01;1276;26;2702.00;91
6544;22;622443557;6544;493;7820;7910;5.49;0.34;320.31;6.04;1276;26;2703.00;90
6547;22;622443571;6547;493;7822;7910;5.49;0.33;320.46;6.04;1275;26;2704.00;88
6549;22;622443587;6549;489;7822;7910;5.49;0.34;320.53;6.04;1273;26;2705.00;88
6552;22;622443602;6552;489;7823;7911;5.49;0.33;320.47;6.04;1271;26;2706.00;88
6554;23;622443617;6554;489;7823;7911;5.53;0.34;320.42;6.04;1269;27;2707.00;88
6555;23;622443648;6555;493;7829;7917;5.57;0.34;320.41;6.04;1274;27;2708.00;88
6557;23;622443664;6557;486;7830;7918;5.58;0.34;320.50;6.04;1273;27;2709.00;88
6557;23;622443680;6557;495;7830;7918;5.58;0.34;320.50;6.04;1273;27;2710.00;88
6562;23;622443694;6562;494;7831;7918;5.51;0.34;320.68;6.04;1269;27;2711.00;87
6564;23;622443709;6564;494;7834;7922;5.47;0.33;320.71;6.04;1270;27;2712.00;88
6568;23;622443725;6568;498;7835;7922;5.39;0.33;320.79;6.04;1267;27;2713.00;87
6570;23;622443739;6570;497;7835;7922;5.38;0.33;320.86;6.04;1265;27;2714.00;87
6576;23;622443754;6576;493;7836;7923;5.33;0.32;320.93;6.04;1260;27;2715.00;87
6583;23;622443769;6583;497;7839;7927;5.20;0.32;320.99;6.03;1256;27;2716.00;88
6586;23;622443784;6586;498;7840;7927;5.13;0.31;321.02;6.04;1254;27;2717.00;87
6591;23;622443799;6591;495;7843;7930;5.05;0.31;321.02;6.04;1252;27;2718.00;87
6595;23;622443814;6595;501;7843;7930;4.95;0.30;321.13;6.04;1248;27;2719.00;87
6597;23;622443835;6597;495;7844;7930;4.91;0.30;321.18;6.04;1247;27;2720.00;86
6601;23;622443854;6601;488;7844;7930;4.89;0.30;321.13;6.04;1243;27;2721.00;86
6605;23;622443875;6605;480;7847;7934;4.92;0.30;321.22;6.03;1242;27;2722.00;87
6606;23;622443897;6606;477;7849;7934;4.96;0.30;321.21;6.04;1243;27;2723.00;85
6609;23;622443922;6609;470;7849;7934;4.99;0.30;321.34;6.04;1240;27;2724.00;85
6614;23;622443941;6614;464;7849;7934;5.01;0.30;321.50;6.04;1235;27;2725.00;85
6615;23;622443959;6615;462;7849;7935;5.10;0.31;321.53;6.04;1234;27;2726.00;86
6621;23;622443975;6621;458;7850;7936;5.15;0.31;321.69;6.04;1229;27;2727.00;86
6625;23;622443991;6625;449;7850;7936;5.23;0.32;321.83;6.04;1225;27;2728.00;86
6626;23;622444007;6626;448;7853;7937;5.34;0.33;321.87;6.04;1227;27;2729.00;84
6630;23;622444024;6630;442;7853;7937;5.40;0.33;321.98;6.04;1223;27;2730.00;84
6633;23;622444039;6633;435;7853;7937;5.40;0.33;322.20;6.04;1220;27;2731.00;84
6636;23;622444054;6636;438;7855;7937;5.37;0.33;322.19;6.04;1219;27;2732.00;82
6640;23;622444068;6640;433;7855;7937;5.32;0.32;322.37;6.04;1215;27;2733.00;82
6642;23;622444083;6642;434;7855;7937;5.33;0.33;322.34;6.04;1213;27;2734.00;82
6644;23;622444098;6644;441;7856;7937;5.37;0.33;322.31;6.05;1212;27;2735.00;81
6652;23;622444113;6652;450;7929;8064;5.53;0.34;322.63;5.99;1277;27;2736.00;135
6655;23;622444139;6655;456;7933;8065;5.55;0.34;322.66;5.99;1278;27;2737.00;132
6658;23;622444153;6658;452;7937;8065;5.59;0.35;322.72;5.99;1279;27;2738.00;128
6662;23;622444171;6662;454;7939;8065;5.62;0.35;322.83;5.99;1277;27;2739.00;126
6666;23;622444188;6666;453;7942;8065;5.68;0.35;322.94;5.99;1276;27;2740.00;123
6669;23;622444203;6669;456;7944;8065;5.65;0.35;323.00;5.99;1275;27;2741.00;121
6673;23;622444219;6673;465;7947;8065;5.60;0.35;323.08;5.99;1274;27;2742.00;118
6681;23;622444235;6681;465;7951;8065;5.57;0.34;323.12;5.99;1270;27;2743.00;114
6684;23;622444250;6684;473;7952;8066;5.54;0.34;323.31;5.99;1268;27;2744.00;114
6688;23;622444265;6688;477;7956;8068;5.49;0.34;323.40;5.99;1268;27;2745.00;112
6691;23;622444280;6691;484;7960;8068;5.41;0.33;323.46;5.99;1269;27;2746.00;108
6696;23;622444295;6696;491;7962;8069;5.33;0.33;323.63;5.99;1266;27;2747.00;107
6702;23;622444310;6702;495;7963;8069;5.29;0.33;323.80;5.99;1261;27;2748.00;106
6707;23;622444326;6707;505;7965;8069;5.25;0.32;323.80;5.99;1258;27;2749.00;104
6710;23;622444342;6710;508;7967;8069;5.23;0.32;323.97;6.00;1257;27;2750.00;102
6713;23;622444356;6713;510;7972;8073;5.25;0.32;324.02;6.00;1259;27;2751.00;101
6718;23;622444371;6718;518;7975;8073;5.22;0.32;324.08;6.00;1257;27;2752.00;98
6723;23;622444389;6723;524;7976;8073;5.18;0.32;324.22;6.00;1253;27;2753.00;97
6729;23;622444404;6729;530;7977;8076;5.17;0.32;324.46;6.00;1248;27;2754.00;99
6733;23;622444420;6733;530;7978;8076;5.14;0.32;324.45;6.00;1245;27;2755.00;98
6739;23;622444435;6739;527;7979;8076;5.08;0.31;324.50;6.00;1240;27;2756.00;97
6747;23;622444449;6747;537;7983;8080;5.00;0.31;324.46;6.00;1236;27;2757.00;97
6749;23;622444465;6749;545;7985;8081;4.99;0.31;324.45;6.00;1236;27;2758.00;96
6753;23;622444480;6753;546;7986;8081;4.94;0.31;324.69;6.00;1233;27;2759.00;95
6756;23;622444497;6756;553;7989;8086;4.93;0.31;324.72;6.00;1233;27;2760.00;97
6760;23;622444511;6760;563;7991;8086;4.90;0.30;324.91;6.00;1231;27;2761.00;95
6766;23;622444526;6766;579;7992;8086;4.85;0.30;325.07;6.00;1226;27;2762.00;94
6769;23;622444541;6769;579;7993;8087;4.77;0.29;325.03;6.00;1224;27;2763.00;94
6770;23;622444556;6770;572;7993;8087;4.77;0.29;325.05;6.00;1223;27;2764.00;94
6771;23;622444570;6771;576;7998;8093;4.78;0.29;325.00;6.00;1227;27;2765.00;95
6774;23;622444586;6774;582;7998;8093;4.73;0.29;325.04;6.00;1224;27;2766.00;95
6779;23;622444601;6779;571;7998;8094;4.69;0.29;324.97;6.00;1219;27;2767.00;96
6782;23;622444616;6782;572;7998;8094;4.62;0.28;324.96;6.00;1216;27;2768.00;96
6785;23;622444630;6785;572;7998;8094;4.63;0.28;325.04;6.00;1213;27;2769.00;96
6786;23;622444645;6786;569;7998;8094;4.67;0.29;325.01;6.00;1212;27;2770.00;96
6789;23;622444659;6789;575;7998;8094;4.66;0.29;325.02;6.00;1209;27;2771.00;96
6792;23;622444674;6792;572;8008;8106;4.74;0.29;325.07;5.99;1216;27;2772.00;98
6793;23;622444690;6793;580;8009;8106;4.75;0.29;325.07;5.99;1216;27;2773.00;97
6796;24;622444704;6796;581;8009;8106;4.71;0.29;325.24;5.99;1213;28;2774.00;97
6799;24;622444726;6799;583;8009;8106;4.66;0.29;325.27;5.99;1210;28;2775.00;97
6802;24;622444742;6802;580;8009;8106;4.62;0.28;325.16;5.99;1207;28;2776.00;97
6806;24;622444757;6806;564;8009;8106;4.60;0.28;325.14;5.99;1203;28;2777.00;97
6809;24;622444772;6809;552;8012;8110;4.57;0.28;325.11;5.99;1203;28;2778.00;98
6809;24;622444786;6809;548;8012;8110;4.59;0.28;325.11;5.99;1203;28;2779.00;98
6811;24;622444801;6811;542;8016;8114;4.58;0.28;325.17;5.99;1205;28;2780.00;98
6813;24;622444816;6813;540;8017;8115;4.59;0.28;325.16;5.98;1204;28;2781.00;98
6814;24;622444837;6814;533;8017;8115;4.63;0.28;325.17;5.98;1203;28;2782.00;98
6817;24;622444853;6817;539;8017;8115;4.67;0.28;325.14;5.98;1200;28;2783.00;98
6819;24;622444868;6819;537;8028;8128;4.79;0.29;325.10;5.98;1209;28;2784.00;100
6819;24;622444886;6819;534;8028;8128;4.86;0.29;325.10;5.98;1209;29;2785.00;100
6823;24;622444912;6823;540;8028;8128;4.87;0.30;325.10;5.98;1205;29;2786.00;100
6823;24;622444928;6823;534;8029;8129;4.95;0.30;325.10;5.98;1206;29;2787.00;100
6825;24;622444943;6825;534;8029;8130;5.01;0.30;325.03;5.98;1204;29;2788.00;101
6827;24;622444959;6827;531;8029;8130;5.06;0.31;325.08;5.98;1202;29;2789.00;101
6830;24;622444976;6830;532;8033;8136;5.07;0.31;325.05;5.97;1203;29;2790.00;103
6831;24;622444991;6831;530;8033;8136;5.02;0.30;325.07;5.97;1202;29;2791.00;103
6832;24;622445005;6832;537;8035;8136;5.07;0.31;325.17;5.97;1203;29;2792.00;101
6835;24;622445020;6835;540;8035;8136;5.00;0.30;325.08;5.97;1200;29;2793.00;101
6836;24;622445034;6836;544;8040;8142;4.97;0.30;325.06;5.97;1204;29;2794.00;102
6838;24;622445050;6838;543;8040;8142;4.92;0.30;325.09;5.97;1202;29;2795.00;102
6839;24;622445065;6839;545;8040;8142;4.88;0.30;325.10;5.97;1201;29;2796.00;102
6841;24;622445079;6841;550;8040;8142;4.84;0.29;325.16;5.97;1199;29;2797.00;102
6842;24;622445093;6842;546;8043;8146;4.83;0.29;325.17;5.97;1201;29;2798.00;103
6843;24;622445107;6843;549;8044;8147;4.80;0.29;325.13;5.97;1201;29;2799.00;103
6845;24;622445128;6845;559;8044;8147;4.75;0.29;325.16;5.97;1199;29;2800.00;103
6849;24;622445147;6849;557;8045;8148;4.68;0.28;325.16;5.97;1196;29;2801.00;103
6850;24;622445163;6850;559;8045;8148;4.65;0.28;325.13;5.97;1195;29;2802.00;103
6850;24;622445177;6850;552;8045;8148;4.63;0.28;325.13;5.97;1195;29;2803.00;103
6850;24;622445191;6850;539;8045;8148;4.64;0.28;325.13;5.97;1195;29;2804.00;103
6853;24;622445205;6853;532;8045;8148;4.63;0.28;325.13;5.97;1192;29;2805.00;103
6853;24;622445219;6853;528;8045;8148;4.68;0.28;325.13;5.97;1192;29;2806.00;103
6855;24;622445232;6855;529;8045;8148;4.70;0.28;325.13;5.97;1190;29;2807.00;103
6855;24;622445246;6855;536;8083;8218;4.85;0.29;325.13;5.94;1228;29;2808.00;135
6856;24;622445266;6856;518;8083;8219;4.90;0.30;325.10;5.94;1227;29;2809.00;136
6856;24;622445289;6856;504;8090;8219;5.00;0.30;325.10;5.93;1234;29;2810.00;129
6856;24;622445304;6856;488;8094;8219;5.08;0.31;325.10;5.93;1238;29;2811.00;125
6857;24;622445320;6857;478;8096;8219;5.13;0.31;325.07;5.93;1239;29;2812.00;123
6858;24;622445336;6858;471;8099;8219;5.24;0.32;325.09;5.93;1241;29;2813.00;120
6858;24;622445351;6858;476;8103;8219;5.32;0.32;325.09;5.93;1245;29;2814.00;116
6860;24;622445367;6860;470;8105;8219;5.36;0.32;325.12;5.93;1245;29;2815.00;114
6860;24;622445382;6860;475;8107;8220;5.42;0.33;325.12;5.93;1247;29;2816.00;113
6861;24;622445398;6861;466;8108;8221;5.43;0.33;325.12;5.93;1247;29;2817.00;113
6862;24;622445423;6862;464;8111;8221;5.45;0.33;325.11;5.93;1249;29;2818.00;110
6864;24;622445439;6864;461;8115;8225;5.45;0.33;325.12;5.93;1251;29;2819.00;110
6865;24;622445456;6865;449;8116;8225;5.46;0.33;325.11;5.93;1251;29;2820.00;109
6865;24;622445472;6865;449;8116;8225;5.46;0.33;325.11;5.93;1251;29;2821.00;109
6866;24;622445493;6866;437;8116;8225;5.43;0.33;325.14;5.93;1250;29;2822.00;109
6868;24;622445507;6868;435;8120;8231;5.39;0.33;325.09;5.93;1252;29;2823.00;111
6870;24;622445523;6870;423;8121;8231;5.36;0.32;325.06;5.97;1251;29;2824.00;110
6871;24;622445541;6871;426;8121;8231;5.36;0.32;325.07;5.97;1250;29;2825.00;110
6873;24;622445556;6873;426;8124;8234;5.35;0.32;325.19;6.02;1251;29;2826.00;110
6877;24;622445571;6877;433;8124;8234;5.28;0.32;325.23;6.02;1247;29;2827.00;110
6880;24;622445586;6880;436;8125;8234;5.29;0.32;325.39;6.02;1245;29;2828.00;109
6881;24;622445602;6881;441;8125;8235;5.28;0.32;325.37;6.02;1244;29;2829.00;110
6883;24;622445617;6883;437;8126;8236;5.26;0.32;325.31;6.02;1243;29;2830.00;110
6886;24;622445632;6886;434;8126;8236;5.33;0.32;325.28;6.02;1240;29;2831.00;110
6890;24;622445647;6890;434;8135;8249;5.38;0.33;325.25;6.01;1245;29;2832.00;114
6891;24;622445664;6891;434;8136;8249;5.37;0.32;325.29;6.01;1245;29;2833.00;113
6895;24;622445679;6895;434;8137;8249;5.38;0.33;325.32;6.01;1242;29;2834.00;112
6896;24;622445695;6896;426;8139;8251;5.41;0.33;325.35;6.01;1243;29;2835.00;112
6899;24;622445710;6899;419;8139;8251;5.44;0.33;325.28;6.01;1240;29;2836.00;112
6902;24;622445725;6902;419;8142;8255;5.51;0.33;325.34;6.01;1240;29;2837.00;113
6905;24;622445741;6905;423;8144;8255;5.53;0.33;325.40;6.01;1239;29;2838.00;111
6906;24;622445755;6906;420;8147;8259;5.59;0.34;325.42;6.01;1241;29;2839.00;112
6908;24;622445771;6908;425;8147;8259;5.64;0.34;325.48;6.01;1239;29;2840.00;112
6912;24;622445785;6912;424;8147;8259;5.65;0.34;325.53;6.01;1235;29;2841.00;112
6915;24;622445799;6915;415;8148;8259;5.70;0.34;325.60;6.05;1233;29;2842.00;111
6916;24;622445816;6916;421;8148;8259;5.74;0.35;325.61;6.05;1232;29;2843.00;111
6917;24;622445835;6917;413;8158;8271;5.86;0.35;325.59;6.04;1241;29;2844.00;113
6919;24;622445859;6919;420;8159;8271;5.90;0.36;325.64;6.04;1240;29;2845.00;112
6921;24;622445889;6921;426;8159;8271;5.88;0.36;325.60;6.04;1238;29;2846.00;112
6923;24;622445911;6923;431;8160;8271;5.90;0.36;325.62;6.09;1237;29;2847.00;111
6923;24;622445933;6923;431;8161;8271;5.95;0.36;325.62;6.13;1238;29;2848.00;110
6927;24;622445953;6927;440;8162;8271;5.95;0.36;325.64;6.18;1235;29;2849.00;109
6930;24;622445972;6930;451;8164;8274;5.89;0.36;325.65;6.17;1234;29;2850.00;110
6932;24;622445987;6932;452;8165;8274;5.87;0.36;325.60;6.21;1233;29;2851.00;109
6933;24;622446002;6933;453;8171;8280;5.90;0.36;325.57;6.26;1238;29;2852.00;109
6935;24;622446019;6935;457;8173;8281;5.85;0.36;325.64;6.30;1238;29;2853.00;108
6937;24;622446034;6937;457;8173;8281;5.77;0.35;325.72;6.30;1236;29;2854.00;108
6939;24;622446050;6939;462;8173;8281;5.70;0.35;325.82;6.30;1234;29;2855.00;108
6941;24;622446065;6941;467;8177;8285;5.72;0.35;325.97;6.34;1236;29;2856.00;108
6941;24;622446080;6941;461;8177;8285;5.76;0.35;325.97;6.34;1236;29;2857.00;108
6942;24;622446095;6942;465;8180;8285;5.77;0.35;326.06;6.48;1238;29;2858.00;105
6945;24;622446109;6945;461;8181;8286;5.79;0.35;326.15;6.47;1236;29;2859.00;105
6947;24;622446125;6947;465;8184;8290;5.77;0.35;326.11;6.47;1237;29;2860.00;106
6950;24;622446144;6950;461;8184;8290;5.77;0.35;326.21;6.47;1234;29;2861.00;106
6953;24;622446159;6953;460;8189;8293;5.84;0.36;326.45;6.60;1236;29;2862.00;104
6955;24;622446175;6955;457;8191;8293;5.89;0.36;326.49;6.64;1236;29;2863.00;102
6957;24;622446191;6957;459;8194;8295;5.83;0.36;326.47;6.68;1237;29;2864.00;101
6960;24;622446209;6960;457;8194;8295;5.83;0.36;326.46;6.68;1234;29;2865.00;101
6962;24;622446224;6962;456;8200;8299;5.84;0.36;326.46;6.76;1238;29;2866.00;99
6963;24;622446238;6963;459;8200;8299;5.84;0.36;326.56;6.76;1237;29;2867.00;99
6966;24;622446253;6966;459;8202;8299;5.78;0.35;326.68;6.84;1236;29;2868.00;97
6971;24;622446268;6971;452;8202;8299;5.71;0.35;326.92;6.84;1231;29;2869.00;97
6973;24;622446282;6973;459;8204;8300;5.70;0.35;327.01;6.92;1231;29;2870.00;96
6977;24;622446297;6977;452;8205;8301;5.68;0.35;327.25;6.92;1228;29;2871.00;96
6981;24;622446312;6981;456;8205;8301;5.65;0.34;327.25;6.92;1224;29;2872.00;96
6985;24;622446326;6985;452;8206;8302;5.64;0.34;327.40;6.92;1221;29;2873.00;96
6987;24;622446341;6987;455;8208;8302;5.64;0.34;327.43;7.00;1221;29;2874.00;94
6990;24;622446355;6990;458;8209;8302;5.62;0.34;327.49;7.04;1219;29;2875.00;93
6992;24;622446369;6992;457;8210;8302;5.61;0.34;327.66;7.08;1218;29;2876.00;92
6995;24;622446384;6995;455;8210;8302;5.61;0.34;327.83;7.08;1215;29;2877.00;92
6997;24;622446399;6997;461;8212;8302;5.61;0.34;328.02;7.15;1215;29;2878.00;90
6999;24;622446413;6999;460;8212;8302;5.63;0.34;327.97;7.15;1213;29;2879.00;90
7002;24;622446429;7002;491;8315;8532;5.88;0.37;327.95;7.14;1313;29;2880.00;217
7005;24;622446463;7005;488;8318;8533;5.89;0.37;327.94;7.14;1313;29;2881.00;215
7009;24;622446479;7009;471;8327;8533;5.96;0.37;328.02;7.13;1318;29;2882.00;206
7010;24;622446494;7010;482;8333;8533;6.00;0.37;328.05;7.13;1323;29;2883.00;200
7016;24;622446509;7016;474;8343;8533;5.99;0.37;328.32;7.20;1327;29;2884.00;190
7021;24;622446525;7021;468;8348;8533;5.99;0.37;328.39;7.20;1327;29;2885.00;185
7022;24;622446541;7022;464;8356;8533;5.98;0.37;328.37;7.20;1334;29;2886.00;177
7026;24;622446555;7026;468;8364;8533;5.90;0.36;328.49;7.20;1338;29;2887.00;169
7030;24;622446570;7030;474;8370;8534;5.79;0.36;328.60;7.20;1340;29;2888.00;164
7033;24;622446586;7033;485;8375;8535;5.70;0.35;328.67;7.20;1342;29;2889.00;160
7036;24;622446602;7036;480;8381;8535;5.59;0.35;328.85;7.20;1345;29;2890.00;154
7040;24;622446618;7040;481;8386;8536;5.49;0.34;328.83;7.20;1346;29;2891.00;150
7042;24;622446634;7042;488;8389;8536;5.39;0.33;328.89;7.20;1347;29;2892.00;147
7046;24;622446656;7046;486;8393;8536;5.34;0.33;329.09;7.21;1347;29;2893.00;143
7049;24;622446673;7049;492;8394;8536;5.23;0.32;329.11;7.21;1345;29;2894.00;142
7052;25;622446690;7052;500;8398;8540;5.16;0.32;329.11;7.21;1346;30;2895.00;142
7057;25;622446729;7057;505;8400;8540;5.05;0.31;329.22;7.21;1343;30;2896.00;140
7061;25;622446744;7061;504;8401;8540;4.94;0.31;329.26;7.21;1340;30;2897.00;139
7065;25;622446760;7065;516;8405;8543;4.90;0.30;329.28;7.21;1340;30;2898.00;138
7067;25;622446776;7067;508;8406;8543;4.86;0.30;329.28;7.21;1339;30;2899.00;137
7070;25;622446792;7070;524;8409;8543;4.81;0.30;329.38;7.22;1339;30;2900.00;134
7071;25;622446813;7071;523;8413;8547;4.81;0.30;329.36;7.22;1342;30;2901.00;134
7075;25;622446831;7075;524;8416;8548;4.79;0.30;329.52;7.22;1341;30;2902.00;132
7082;25;622446853;7082;521;8416;8548;4.75;0.29;329.70;7.22;1334;30;2903.00;132
7089;25;622446869;7089;527;8420;8552;4.70;0.29;329.73;7.23;1331;30;2904.00;132
7092;25;622446885;7092;523;8420;8552;4.67;0.29;329.75;7.23;1328;30;2905.00;132
7097;25;622446901;7097;530;8422;8552;4.62;0.28;329.74;7.23;1325;30;2906.00;130
7103;25;622446917;7103;519;8422;8553;4.56;0.28;329.84;7.23;1319;30;2907.00;131
7108;25;622446933;7108;530;8424;8553;4.52;0.28;329.99;7.23;1316;30;2908.00;129
7111;25;622446950;7111;528;8428;8559;4.52;0.28;329.95;7.23;1317;30;2909.00;131
7114;25;622446968;7114;538;8430;8559;4.49;0.27;330.01;7.23;1316;30;2910.00;129
7118;25;622446983;7118;538;8431;8560;4.47;0.27;329.99;7.23;1313;30;2911.00;129
7121;25;622446999;7121;543;8431;8560;4.46;0.27;330.06;7.23;1310;30;2912.00;129
7124;25;622447014;7124;550;8431;8560;4.43;0.27;330.17;7.23;1307;30;2913.00;129
7129;25;622447028;7129;550;8433;8560;4.35;0.27;330.28;7.24;1304;30;2914.00;127
7134;25;622447043;7134;554;8433;8560;4.28;0.26;330.30;7.24;1299;30;2915.00;127
7137;25;622447057;7137;560;8442;8572;4.31;0.26;330.33;7.23;1305;30;2916.00;130
7140;25;622447073;7140;569;8444;8572;4.29;0.26;330.42;7.24;1304;30;2917.00;128
7145;25;622447088;7145;567;8444;8572;4.27;0.26;330.46;7.24;1299;30;2918.00;128
7148;25;622447103;7148;569;8444;8572;4.31;0.26;330.43;7.24;1296;30;2919.00;128
7152;25;622447117;7152;577;8445;8572;4.29;0.26;330.46;7.24;1293;30;2920.00;127
7156;25;622447132;7156;576;8446;8572;4.28;0.26;330.54;7.25;1290;30;2921.00;126
7158;25;622447147;7158;580;8449;8576;4.30;0.26;330.62;7.24;1291;30;2922.00;127
7164;25;622447162;7164;584;8449;8576;4.27;0.26;330.62;7.24;1285;30;2923.00;127
7170;25;622447176;7170;587;8453;8580;4.26;0.26;330.76;7.24;1283;30;2924.00;127
7171;25;622447192;7171;589;8455;8582;4.27;0.26;330.78;7.24;1284;30;2925.00;127
7175;25;622447207;7175;602;8455;8582;4.22;0.26;330.76;7.24;1280;30;2926.00;127
7179;25;622447221;7179;602;8456;8582;4.21;0.26;330.78;7.25;1277;30;2927.00;126
7182;25;622447235;7182;611;8466;8595;4.24;0.26;330.77;7.24;1284;30;2928.00;129
7186;25;622447251;7186;616;8467;8595;4.20;0.26;330.80;7.24;1281;30;2929.00;128
7188;25;622447266;7188;622;8467;8595;4.15;0.25;330.76;7.24;1279;30;2930.00;128
7191;25;622447280;7191;629;8469;8596;4.13;0.25;330.83;7.24;1278;30;2931.00;127
7195;25;622447294;7195;634;8469;8597;4.07;0.25;330.79;7.24;1274;30;2932.00;128
7195;25;622447309;7195;633;8469;8597;4.02;0.25;330.79;7.24;1274;30;2933.00;128
7200;25;622447322;7200;636;8472;8600;3.96;0.24;330.74;7.24;1272;30;2934.00;128
7204;25;622447336;7204;642;8473;8600;3.91;0.24;330.71;7.24;1269;30;2935.00;127
7206;25;622447350;7206;642;8473;8600;3.88;0.24;330.71;7.24;1267;30;2936.00;127
7208;25;622447364;7208;635;8473;8600;3.86;0.24;330.68;7.24;1265;30;2937.00;127
7212;25;622447378;7212;629;8477;8606;3.87;0.24;330.71;7.24;1265;30;2938.00;129
7214;25;622447393;7214;624;8478;8606;3.86;0.24;330.71;7.24;1264;30;2939.00;128
7215;25;622447408;7215;620;8478;8606;3.89;0.24;330.73;7.24;1263;30;2940.00;128
7216;25;622447422;7216;610;8478;8606;3.90;0.24;330.69;7.24;1262;30;2941.00;128
7221;25;622447436;7221;608;8481;8610;3.91;0.24;330.66;7.24;1260;30;2942.00;129
7222;25;622447450;7222;607;8483;8611;3.97;0.24;330.67;7.23;1261;30;2943.00;128
7224;25;622447464;7224;609;8483;8611;4.01;0.24;330.64;7.23;1259;30;2944.00;128
7225;25;622447478;7225;608;8484;8612;4.04;0.25;330.60;7.23;1259;30;2945.00;128
7228;25;622447492;7228;594;8485;8612;4.05;0.25;330.64;7.23;1257;30;2946.00;127
7231;25;622447507;7231;572;8485;8612;4.08;0.25;330.65;7.23;1254;30;2947.00;127
7233;25;622447522;7233;566;8485;8612;4.10;0.25;330.60;7.23;1252;30;2948.00;127
7234;25;622447537;7234;556;8485;8612;4.15;0.25;330.61;7.23;1251;30;2949.00;127
7235;25;622447552;7235;557;8485;8612;4.19;0.26;330.58;7.23;1250;30;2950.00;127
7236;25;622447568;7236;549;8485;8612;4.25;0.26;330.55;7.23;1249;30;2951.00;127
7236;25;622447584;7236;546;8517;8682;4.52;0.28;330.55;7.21;1281;30;2952.00;165
7238;25;622447605;7238;550;8518;8683;4.53;0.28;330.57;7.21;1280;30;2953.00;165
7238;25;622447628;7238;554;8524;8683;4.61;0.28;330.57;7.20;1286;30;2954.00;159
7239;25;622447643;7239;539;8526;8683;4.70;0.29;330.57;7.20;1287;30;2955.00;157
7239;25;622447659;7239;534;8528;8683;4.77;0.29;330.57;7.20;1289;30;2956.00;155
7241;25;622447685;7241;531;8530;8683;4.85;0.30;330.58;7.20;1289;30;2957.00;153
7242;25;622447705;7242;532;8532;8683;4.91;0.30;330.67;7.20;1290;30;2958.00;151
7245;25;622447722;7245;522;8534;8683;4.99;0.30;330.71;7.20;1289;30;2959.00;149
7246;25;622447737;7246;519;8535;8684;5.06;0.31;330.78;7.20;1289;30;2960.00;149
7247;25;622447753;7247;510;8537;8685;5.09;0.31;330.79;7.20;1290;30;2961.00;148
7248;25;622447778;7248;510;8539;8685;5.13;0.31;330.74;7.20;1291;30;2962.00;146
7248;25;622447795;7248;510;8545;8689;5.19;0.32;330.74;7.20;1297;30;2963.00;144
7249;25;622447810;7249;511;8546;8689;5.23;0.32;330.79;7.20;1297;30;2964.00;143
7253;25;622447827;7253;507;8547;8689;5.22;0.32;330.76;7.20;1294;30;2965.00;142
7253;25;622447851;7253;508;8548;8689;5.26;0.32;330.76;7.20;1295;30;2966.00;141
7256;25;622447875;7256;497;8552;8695;5.27;0.32;330.69;7.20;1296;30;2967.00;143
7258;25;622447902;7258;493;8552;8695;5.25;0.32;330.69;7.20;1294;30;2968.00;143
7260;25;622447935;7260;501;8552;8695;5.20;0.32;330.75;7.20;1292;30;2969.00;143
7261;25;622447959;7261;496;8556;8701;5.18;0.31;330.78;7.19;1295;30;2970.00;145
7265;25;622447986;7265;490;8557;8701;5.19;0.31;330.78;7.19;1292;30;2971.00;144
7266;25;622448002;7266;494;8558;8701;5.17;0.31;330.79;7.19;1292;30;2972.00;143
7266;25;622448019;7266;491;8558;8702;5.17;0.31;330.79;7.19;1292;30;2973.00;144
7267;25;622448035;7267;485;8559;8703;5.21;0.32;330.77;7.19;1292;30;2974.00;144
7270;25;622448051;7270;484;8559;8703;5.23;0.32;330.76;7.19;1289;30;2975.00;144
7270;25;622448068;7270;480;8568;8716;5.35;0.33;330.76;7.18;1298;30;2976.00;148
7272;25;622448085;7272;468;8568;8716;5.39;0.33;330.77;7.18;1296;30;2977.00;148
7276;25;622448100;7276;464;8568;8716;5.38;0.33;330.78;7.18;1292;30;2978.00;148
7277;25;622448117;7277;464;8569;8717;5.48;0.33;330.83;7.18;1292;30;2979.00;148
7280;25;622448133;7280;455;8569;8717;5.49;0.33;331.02;7.18;1289;30;2980.00;148
7286;25;622448149;7286;455;8572;8721;5.51;0.33;330.97;7.18;1286;30;2981.00;149
7287;25;622448166;7287;444;8572;8721;5.53;0.34;330.95;7.18;1285;30;2982.00;149
7289;25;622448181;7289;441;8575;8725;5.53;0.34;331.09;7.18;1286;30;2983.00;150
7290;25;622448198;7290;434;8575;8725;5.56;0.34;331.08;7.18;1285;30;2984.00;150
7294;25;622448214;7294;432;8576;8725;5.59;0.34;331.16;7.23;1282;30;2985.00;149
7296;25;622448231;7296;423;8576;8725;5.61;0.34;331.22;7.23;1280;30;2986.00;149
7300;25;622448246;7300;418;8576;8725;5.61;0.34;331.18;7.23;1276;30;2987.00;149
7301;25;622448264;7301;417;8586;8737;5.70;0.34;331.17;7.22;1285;30;2988.00;151
7304;25;622448280;7304;411;8586;8737;5.69;0.34;331.21;7.22;1282;30;2989.00;151
7306;25;622448297;7306;409;8588;8737;5.69;0.34;331.29;7.23;1282;30;2990.00;149
7309;25;622448321;7309;406;8588;8737;5.71;0.35;331.44;7.23;1279;30;2991.00;149
7313;25;622448337;7313;401;8588;8737;5.65;0.34;331.53;7.23;1275;30;2992.00;149
7314;25;622448353;7314;393;8588;8737;5.66;0.34;331.60;7.23;1274;30;2993.00;149
7317;25;622448369;7317;385;8590;8738;5.67;0.34;331.64;7.24;1273;30;2994.00;148
7318;25;622448386;7318;385;8592;8738;5.74;0.35;331.65;7.33;1274;30;2995.00;146
7320;25;622448406;7320;385;8596;8744;5.81;0.35;331.81;7.32;1276;30;2996.00;148
7323;25;622448424;7323;381;8597;8745;5.89;0.36;332.01;7.32;1274;30;2997.00;148
7328;25;622448441;7328;379;8597;8745;5.93;0.36;331.96;7.32;1269;30;2998.00;148
7332;25;622448458;7332;379;8597;8745;5.99;0.36;331.99;7.32;1265;30;2999.00;148
7338;25;622448478;7338;381;8602;8765;6.02;0.36;331.98;7.32;1264;30;3000.00;163
7341;25;622448503;7341;375;8603;8765;6.06;0.37;332.07;7.37;1262;30;3001.00;162
7343;25;622448522;7343;378;8603;8765;6.10;0.37;332.04;7.37;1260;30;3002.00;162
7345;25;622448539;7345;384;8604;8766;6.15;0.37;332.20;7.37;1259;30;3003.00;162
7348;25;622448555;7348;377;8607;8770;6.17;0.37;332.17;7.37;1259;30;3004.00;163
7350;25;622448573;7350;378;8607;8770;6.20;0.38;332.25;7.37;1257;30;3005.00;163
7353;25;622448590;7353;373;8611;8773;6.22;0.38;332.24;7.37;1258;30;3006.00;162
7354;25;622448607;7354;374;8613;8773;6.26;0.38;332.25;7.38;1259;30;3007.00;160
7356;25;622448622;7356;381;8615;8773;6.28;0.38;332.27;7.39;1259;30;3008.00;158
7357;25;622448639;7357;384;8616;8773;6.30;0.38;332.29;7.39;1259;30;3009.00;157
7361;25;622448655;7361;389;8622;8777;6.31;0.38;332.25;7.46;1261;30;3010.00;155
7363;25;622448672;7363;398;8622;8777;6.32;0.38;332.32;7.46;1259;30;3011.00;155
7365;25;622448692;7365;397;8625;8777;6.31;0.38;332.39;7.46;1260;30;3012.00;152
7367;25;622448714;7367;402;8627;8777;6.32;0.38;332.41;7.46;1260;30;3013.00;150
7369;25;622448732;7369;395;8630;8778;6.31;0.38;332.44;7.47;1261;30;3014.00;148
7374;25;622448748;7374;394;8633;8780;6.28;0.38;332.63;7.47;1259;30;3015.00;147
7376;25;622448765;7376;402;8634;8780;6.25;0.38;332.64;7.47;1258;30;3016.00;146
7379;25;622448781;7379;407;8635;8781;6.19;0.38;332.87;7.47;1256;30;3017.00;146
7380;25;622448798;7380;409;8636;8781;6.16;0.37;332.86;7.47;1256;30;3018.00;145
7383;25;622448814;7383;413;8636;8781;6.14;0.37;333.00;7.47;1253;30;3019.00;145
7385;25;622448838;7385;415;8638;8781;6.17;0.37;333.10;7.52;1253;30;3020.00;143
7390;25;622448855;7390;424;8638;8781;6.16;0.37;333.32;7.52;1248;30;3021.00;143
7391;25;622448870;7391;427;8638;8781;6.16;0.37;333.30;7.52;1247;30;3022.00;143
7394;25;622448894;7394;438;8639;8781;6.08;0.37;333.42;7.57;1245;30;3023.00;142
7396;25;622448911;7396;465;8706;8908;6.08;0.37;333.48;7.51;1310;30;3024.00;202
7398;25;622448939;7398;462;8710;8909;6.06;0.37;333.43;7.56;1312;30;3025.00;199
7401;25;622448957;7401;457;8717;8909;6.08;0.37;333.51;7.56;1316;30;3026.00;192
7404;25;622448981;7404;459;8717;8909;6.06;0.37;333.53;7.56;1313;30;3027.00;192
7407;25;622448998;7407;461;8724;8909;6.04;0.37;333.69;7.60;1317;30;3028.00;185
7408;25;622449014;7408;467;8725;8909;6.02;0.37;333.76;7.60;1317;30;3029.00;184
7408;25;622449032;7408;479;8730;8909;6.04;0.37;333.76;7.61;1322;30;3030.00;179
7412;25;622449048;7412;479;8733;8909;5.99;0.37;333.82;7.65;1321;30;3031.00;176
7413;25;622449064;7413;476;8736;8910;6.02;0.37;333.94;7.65;1323;30;3032.00;174
7414;25;622449089;7414;484;8742;8911;6.06;0.37;334.03;7.75;1328;30;3033.00;169
7418;25;622449105;7418;486;8744;8911;6.07;0.37;334.11;7.75;1326;30;3034.00;167
7421;25;622449122;7421;484;8748;8912;6.03;0.37;334.22;7.76;1327;30;3035.00;164
7424;25;622449141;7424;486;8754;8912;6.04;0.37;334.19;7.85;1330;30;3036.00;158
7427;25;622449157;7427;490;8757;8912;5.99;0.37;334.19;7.86;1330;30;3037.00;155
7432;25;622449173;7432;493;8761;8912;5.89;0.36;334.43;7.95;1329;30;3038.00;151
7433;25;622449190;7433;494;8766;8916;5.91;0.36;334.48;7.95;1333;30;3039.00;150
7433;25;622449207;7433;492;8770;8916;5.93;0.36;334.48;8.04;1337;30;3040.00;146
7435;25;622449223;7435;503;8772;8916;5.84;0.36;334.55;8.05;1337;30;3041.00;144
7438;25;622449239;7438;504;8778;8919;5.77;0.35;334.66;8.14;1340;30;3042.00;141
7444;25;622449256;7444;505;8778;8919;5.66;0.35;334.78;8.14;1334;30;3043.00;141
7447;25;622449273;7447;511;8780;8919;5.56;0.34;334.93;8.18;1333;30;3044.00;139
7448;25;622449289;7448;516;8784;8923;5.52;0.34;334.95;8.22;1336;30;3045.00;139
7453;25;622449304;7453;523;8786;8924;5.47;0.33;335.02;8.22;1333;30;3046.00;138
7457;25;622449321;7457;524;8788;8924;5.40;0.33;335.14;8.31;1331;30;3047.00;136
7458;25;622449337;7458;525;8791;8928;5.40;0.33;335.10;8.31;1333;30;3048.00;137
7460;25;622449352;7460;531;8791;8928;5.35;0.33;335.23;8.31;1331;30;3049.00;137
7463;25;622449368;7463;534;8794;8928;5.31;0.32;335.33;8.39;1331;30;3050.00;134
7466;25;622449384;7466;539;8796;8929;5.28;0.32;335.46;8.39;1330;30;3051.00;133
7469;25;622449399;7469;540;8796;8929;5.23;0.32;335.61;8.39;1327;30;3052.00;133
7472;25;622449421;7472;542;8804;8935;5.23;0.32;335.66;8.48;1332;30;3053.00;131
7476;25;622449438;7476;544;8804;8935;5.15;0.31;335.75;8.48;1328;30;3054.00;131
7477;25;622449454;7477;556;8804;8936;5.05;0.31;335.83;8.48;1327;30;3055.00;132
7481;25;622449471;7481;563;8804;8936;4.94;0.30;335.94;8.48;1323;30;3056.00;132
7483;25;622449487;7483;569;8806;8936;4.83;0.30;335.92;8.56;1323;30;3057.00;130
7485;25;622449502;7485;577;8806;8936;4.74;0.29;335.96;8.56;1321;30;3058.00;130
7490;25;622449516;7490;590;8808;8936;4.64;0.28;335.98;8.64;1318;30;3059.00;128
7495;25;622449531;7495;584;8833;8972;4.74;0.29;336.23;8.62;1338;30;3060.00;139
7500;25;622449549;7500;574;8833;8972;4.67;0.29;336.19;8.62;1333;30;3061.00;139
7507;25;622449564;7507;582;8837;8972;4.60;0.28;336.23;8.61;1330;30;3062.00;135
7509;25;622449578;7509;574;8837;8972;4.58;0.28;336.28;8.61;1328;30;3063.00;135
7512;25;622449593;7512;572;8838;8972;4.57;0.28;336.38;8.61;1326;30;3064.00;134
7512;25;622449607;7512;577;8838;8972;4.54;0.28;336.38;8.61;1326;30;3065.00;134
7516;25;622449627;7516;587;8842;8976;4.43;0.27;336.39;8.61;1326;30;3066.00;134
7517;25;622449642;7517;588;8842;8976;4.42;0.27;336.40;8.61;1325;30;3067.00;134
7523;25;622449656;7523;597;8846;8980;4.39;0.27;336.33;8.61;1323;30;3068.00;134
7528;25;622449671;7528;593;8847;8981;4.33;0.27;336.36;8.61;1319;30;3069.00;134
7529;25;622449686;7529;593;8847;8981;4.31;0.27;336.35;8.61;1318;30;3070.00;134
7531;25;622449700;7531;595;8847;8981;4.29;0.27;336.35;8.61;1316;30;3071.00;134
7537;25;622449714;7537;600;8858;8994;4.32;0.27;336.47;8.60;1321;30;3072.00;136
7537;25;622449730;7537;604;8858;8994;4.39;0.27;336.47;8.60;1321;30;3073.00;136
7541;25;622449745;7541;604;8858;8994;4.41;0.27;336.44;8.60;1317;30;3074.00;136
7546;25;622449759;7546;610;8859;8995;4.46;0.28;336.41;8.59;1313;30;3075.00;136
7550;25;622449773;7550;601;8859;8996;4.50;0.28;336.42;8.59;1309;30;3076.00;137
7555;25;622449789;7555;605;8859;8996;4.51;0.28;336.48;8.59;1304;30;3077.00;137
7561;25;622449803;7561;600;8862;8999;4.48;0.28;336.48;8.59;1301;30;3078.00;137
7563;25;622449818;7563;596;8862;8999;4.50;0.28;336.40;8.59;1299;30;3079.00;137
7568;25;622449837;7568;601;8862;8999;4.44;0.27;336.38;8.59;1294;30;3080.00;137
7571;25;622449861;7571;600;8862;8999;4.37;0.27;336.40;8.59;1291;30;3081.00;137
7575;25;622449882;7575;592;8866;9005;4.33;0.27;336.46;8.59;1291;30;3082.00;139
7580;25;622449906;7580;598;8866;9005;4.26;0.26;336.45;8.59;1286;30;3083.00;139
7582;25;622449926;7582;602;8866;9005;4.26;0.26;336.46;8.59;1284;30;3084.00;139
7587;25;622449948;7587;606;8866;9005;4.19;0.26;336.37;8.59;1279;30;3085.00;139
7593;25;622449963;7593;603;8870;9009;4.18;0.26;336.46;8.59;1277;30;3086.00;139
7598;25;622449979;7598;611;8870;9010;4.16;0.26;336.46;8.59;1272;30;3087.00;140
7602;25;622449994;7602;615;8871;9010;4.13;0.25;336.47;8.58;1269;30;3088.00;139
7605;25;622450009;7605;618;8872;9011;4.10;0.25;336.50;8.58;1267;30;3089.00;139
7611;25;622450025;7611;623;8872;9011;4.03;0.25;336.58;8.58;1261;30;3090.00;139
7619;25;622450040;7619;632;8873;9011;3.92;0.24;336.51;8.64;1254;30;3091.00;138
7621;25;622450054;7621;635;8873;9011;3.88;0.24;336.48;8.64;1252;30;3092.00;138
7623;25;622450067;7623;642;8873;9011;3.88;0.24;336.47;8.64;1250;30;3093.00;138
7626;25;622450081;7626;640;8873;9011;3.86;0.24;336.39;8.64;1247;30;3094.00;138
7628;25;622450094;7628;651;8873;9011;3.84;0.23;336.39;8.64;1245;30;3095.00;138
7631;25;622450108;7631;659;8912;9081;4.00;0.25;336.33;8.60;1281;30;3096.00;169
7635;25;622450127;7635;658;8914;9082;3.97;0.24;336.38;8.60;1279;30;3097.00;168
7640;25;622450141;7640;652;8921;9082;4.00;0.24;336.40;8.59;1281;30;3098.00;161
7643;25;622450155;7643;650;8922;9082;3.98;0.24;336.38;8.59;1279;30;3099.00;160
7646;25;622450169;7646;657;8926;9082;4.00;0.24;336.34;8.59;1280;30;3100.00;156
7648;25;622450188;7648;666;8929;9082;3.95;0.24;336.35;8.59;1281;30;3101.00;153
7651;25;622450203;7651;658;8931;9082;3.90;0.24;336.33;8.59;1280;30;3102.00;151
7653;25;622450218;7653;669;8935;9082;3.90;0.24;336.32;8.59;1282;30;3103.00;147
7657;25;622450232;7657;668;8936;9083;3.81;0.23;336.44;8.59;1279;30;3104.00;147
7658;25;622450250;7658;669;8941;9085;3.77;0.23;336.46;8.59;1283;30;3105.00;144
7659;25;622450265;7659;672;8943;9085;3.73;0.23;336.48;8.64;1284;30;3106.00;142
7662;25;622450279;7662;658;8946;9089;3.73;0.23;336.42;8.63;1284;30;3107.00;143
7663;25;622450294;7663;643;8946;9089;3.77;0.23;336.41;8.63;1283;30;3108.00;143
7664;25;622450311;7664;632;8946;9089;3.86;0.23;336.45;8.63;1282;30;3109.00;143
7665;25;622450326;7665;630;8946;9089;3.95;0.24;336.47;8.63;1281;30;3110.00;143
7667;25;622450341;7667;627;8951;9095;4.09;0.25;336.55;8.63;1284;30;3111.00;144
7669;25;622450357;7669;629;8951;9095;4.18;0.25;336.54;8.63;1282;30;3112.00;144
7673;25;622450378;7673;624;8951;9095;4.25;0.26;336.52;8.63;1278;30;3113.00;144
7674;25;622450409;7674;620;8954;9098;4.33;0.26;336.55;8.68;1280;30;3114.00;144
7674;25;622450425;7674;613;8954;9098;4.39;0.27;336.55;8.68;1280;30;3115.00;144
7676;25;622450449;7676;603;8955;9098;4.38;0.27;336.54;8.68;1279;30;3116.00;143
7677;25;622450474;7677;583;8955;9099;4.41;0.27;336.55;8.68;1278;30;3117.00;144
7679;25;622450489;7679;583;8956;9100;4.47;0.27;336.55;8.68;1277;30;3118.00;144
7682;25;622450505;7682;580;8956;9100;4.51;0.27;336.48;8.68;1274;30;3119.00;144
7684;25;622450523;7684;574;8977;9126;4.71;0.29;336.46;8.66;1293;30;3120.00;149
7685;25;622450542;7685;565;8977;9126;4.75;0.29;336.48;8.66;1292;30;3121.00;149
7685;25;622450558;7685;558;8978;9126;4.86;0.30;336.48;8.66;1293;30;3122.00;148
7686;25;622450573;7686;556;8979;9127;4.94;0.30;336.55;8.66;1293;30;3123.00;148
7688;25;622450590;7688;546;8979;9127;4.99;0.30;336.54;8.66;1291;30;3124.00;148
7688;25;622450606;7688;549;8983;9131;5.05;0.31;336.54;8.65;1295;30;3125.00;148
7688;25;622450623;7688;538;8983;9131;5.10;0.31;336.54;8.65;1295;31;3126.00;148
7688;25;622450650;7688;533;8986;9135;5.12;0.31;336.54;8.65;1298;31;3127.00;149
7691;25;622450667;7691;537;8986;9135;5.10;0.31;336.81;8.65;1295;31;3128.00;149
7692;25;622450684;7692;534;8986;9135;5.09;0.31;336.80;8.65;1294;31;3129.00;149
7695;25;622450702;7695;528;8986;9135;5.02;0.30;336.73;8.65;1291;31;3130.00;149
7696;25;622450718;7696;527;8986;9135;5.00;0.30;336.79;8.65;1290;31;3131.00;149
7698;25;622450734;7698;521;8996;9147;5.07;0.31;336.75;8.64;1298;31;3132.00;151
7700;25;622450750;7700;518;8996;9147;5.06;0.31;336.78;8.64;1296;31;3133.00;151
7704;25;622450767;7704;514;8997;9147;5.05;0.31;336.92;8.64;1293;31;3134.00;150
7708;25;622450782;7708;500;8997;9147;5.03;0.31;336.95;8.64;1289;31;3135.00;150
7709;25;622450798;7709;500;8997;9147;5.06;0.31;337.07;8.64;1288;31;3136.00;150
7712;25;622450814;7712;499;8997;9147;5.10;0.31;337.16;8.64;1285;31;3137.00;150
7713;25;622450831;7713;493;8997;9148;5.19;0.32;337.28;8.64;1284;31;3138.00;151
7716;25;622450848;7716;493;8997;9148;5.23;0.32;337.44;8.64;1281;31;3139.00;151
7719;25;622450863;7719;489;9002;9154;5.29;0.32;337.61;8.64;1283;31;3140.00;152
7722;25;622450880;7722;484;9003;9155;5.39;0.33;337.72;8.64;1281;31;3141.00;152
7725;25;622450897;7725;480;9003;9155;5.41;0.33;337.89;8.64;1278;31;3142.00;152
7725;25;622450913;7725;479;9003;9155;5.45;0.33;337.89;8.64;1278;31;3143.00;152
7726;25;622450929;7726;480;9006;9159;5.49;0.33;337.88;8.63;1280;31;3144.00;153
7727;25;622450947;7727;481;9006;9159;5.50;0.33;337.93;8.63;1279;31;3145.00;153
7730;25;622450962;7730;489;9006;9159;5.49;0.33;338.05;8.63;1276;31;3146.00;153
7732;25;622450980;7732;487;9007;9160;5.49;0.33;338.10;8.63;1275;31;3147.00;153
7734;25;622450996;7734;479;9010;9164;5.50;0.33;338.21;8.63;1276;31;3148.00;154
7738;25;622451019;7738;490;9010;9164;5.52;0.34;338.21;8.63;1272;31;3149.00;154
7740;25;622451038;7740;483;9014;9170;5.61;0.34;338.23;8.63;1274;31;3150.00;156
7742;25;622451054;7742;476;9014;9170;5.68;0.35;338.34;8.63;1272;31;3151.00;156
7744;25;622451071;7744;470;9016;9170;5.72;0.35;338.42;8.62;1272;31;3152.00;154
7746;25;622451087;7746;463;9016;9170;5.73;0.35;338.41;8.62;1270;31;3153.00;154
7749;25;622451104;7749;447;9020;9174;5.78;0.35;338.54;8.62;1271;31;3154.00;154
7753;25;622451121;7753;439;9021;9174;5.76;0.35;338.52;8.67;1268;31;3155.00;153
7755;25;622451139;7755;436;9021;9174;5.78;0.35;338.59;8.67;1266;31;3156.00;153
7756;25;622451156;7756;426;9021;9174;5.81;0.35;338.58;8.67;1265;31;3157.00;153
7760;25;622451171;7760;430;9021;9175;5.82;0.36;338.66;8.67;1261;31;3158.00;154
7762;25;622451187;7762;429;9022;9176;5.84;0.36;338.71;8.67;1260;31;3159.00;154
7766;25;622451203;7766;425;9022;9176;5.82;0.36;338.69;8.67;1256;31;3160.00;154
7773;25;622451219;7773;422;9023;9177;5.82;0.35;338.81;8.67;1250;31;3161.00;154
7774;25;622451234;7774;412;9023;9177;5.86;0.36;338.83;8.67;1249;31;3162.00;154
7778;25;622451249;7778;398;9023;9177;5.87;0.36;338.83;8.67;1245;31;3163.00;154
7781;25;622451266;7781;391;9023;9177;5.85;0.36;338.93;8.67;1242;31;3164.00;154
7784;25;622451281;7784;392;9025;9177;5.87;0.36;339.00;8.77;1241;31;3165.00;152
7788;25;622451298;7788;385;9025;9177;5.88;0.36;338.98;8.77;1237;31;3166.00;152
7792;25;622451314;7792;379;9025;9177;5.89;0.36;339.11;8.77;1233;31;3167.00;152
7796;25;622451330;7796;397;9092;9304;5.99;0.37;339.07;8.71;1296;31;3168.00;212
7799;25;622451357;7799;384;9094;9305;6.01;0.37;339.07;8.71;1295;31;3169.00;211
7801;25;622451373;7801;373;9101;9305;6.05;0.37;339.04;8.70;1300;31;3170.00;204
7803;25;622451389;7803;369;9102;9305;6.04;0.37;339.15;8.70;1299;31;3171.00;203
7807;25;622451406;7807;365;9108;9305;6.10;0.37;339.20;8.75;1301;31;3172.00;197
7809;25;622451423;7809;366;9108;9305;6.13;0.38;339.29;8.75;1299;31;3173.00;197
7814;25;622451440;7814;364;9110;9305;6.15;0.38;339.49;8.75;1296;31;3174.00;195
7816;25;622451458;7816;369;9112;9305;6.20;0.38;339.72;8.75;1296;31;3175.00;193
7817;25;622451475;7817;366;9114;9306;6.28;0.38;339.76;8.75;1297;31;3176.00;192
7822;25;622451491;7822;372;9119;9307;6.31;0.39;339.77;8.75;1297;31;3177.00;188
7823;25;622451508;7823;366;9121;9307;6.31;0.39;339.90;8.75;1298;31;3178.00;186
7826;25;622451523;7826;369;9123;9308;6.33;0.39;339.98;8.75;1297;31;3179.00;185
7830;25;622451549;7830;365;9131;9308;6.29;0.39;340.01;8.75;1301;31;3180.00;177
7833;25;622451565;7833;360;9134;9308;6.27;0.38;340.04;8.75;1301;31;3181.00;174
7836;25;622451589;7836;363;9136;9308;6.26;0.38;340.04;8.76;1300;31;3182.00;172
7841;25;622451606;7841;369;9141;9312;6.24;0.38;340.24;8.75;1300;31;3183.00;171
7844;25;622451630;7844;372;9143;9312;6.21;0.38;340.38;8.81;1299;31;3184.00;169
7848;25;622451648;7848;374;9146;9312;6.18;0.38;340.46;8.81;1298;31;3185.00;166
7852;25;622451673;7852;386;9148;9315;6.17;0.38;340.69;8.81;1296;31;3186.00;167
7856;25;622451690;7856;403;9150;9315;6.15;0.38;340.75;8.81;1294;31;3187.00;165
7859;25;622451707;7859;409;9151;9315;6.15;0.38;340.87;8.81;1292;31;3188.00;164
7864;25;622451723;7864;412;9155;9319;6.11;0.37;341.05;8.86;1291;31;3189.00;164
7869;25;622451740;7869;419;9157;9320;6.05;0.37;341.12;8.91;1288;31;3190.00;163
7871;25;622451757;7871;430;9160;9322;6.05;0.37;341.15;8.91;1289;31;3191.00;162
7876;25;622451775;7876;435;9163;9326;6.07;0.37;341.41;8.96;1287;31;3192.00;163
7877;25;622451792;7877;433;9163;9326;6.07;0.37;341.42;8.96;1286;31;3193.00;163
7878;25;622451808;7878;439;9165;9326;6.08;0.37;341.49;8.96;1287;31;3194.00;161
7882;25;622451825;7882;443;9167;9328;6.10;0.37;341.59;8.96;1285;31;3195.00;161
7884;25;622451848;7884;445;9168;9328;6.04;0.37;341.74;9.01;1284;31;3196.00;160
7887;25;622451883;7887;450;9174;9334;6.00;0.37;341.77;9.06;1287;31;3197.00;160
7887;25;622451907;7887;458;9175;9334;5.91;0.36;341.77;9.11;1288;31;3198.00;159
7889;25;622451929;7889;468;9175;9335;5.78;0.35;341.89;9.11;1286;31;3199.00;160
7891;25;622451956;7891;482;9176;9335;5.70;0.35;341.97;9.16;1285;31;3200.00;159
7892;25;622451978;7892;483;9176;9335;5.57;0.34;342.04;9.16;1284;31;3201.00;159
7895;25;622451994;7895;489;9179;9335;5.50;0.34;342.20;9.26;1284;31;3202.00;156
7896;25;622452010;7896;479;9179;9335;5.41;0.33;342.31;9.26;1283;31;3203.00;156
7896;25;622452026;7896;486;9191;9347;5.46;0.33;342.31;9.35;1295;31;3204.00;156
7899;25;622452042;7899;490;9191;9347;5.41;0.33;342.30;9.35;1292;31;3205.00;156
7900;25;622452057;7900;497;9194;9347;5.36;0.33;342.41;9.45;1294;31;3206.00;153
7901;26;622452072;7901;497;9194;9347;5.31;0.32;342.41;9.45;1293;32;3207.00;153
7903;26;622452106;7903;502;9196;9347;5.25;0.32;342.48;9.55;1293;32;3208.00;151
7905;26;622452125;7905;504;9196;9347;5.21;0.32;342.43;9.55;1291;32;3209.00;151
7908;26;622452142;7908;512;9198;9351;5.14;0.31;342.51;9.55;1290;32;3210.00;153
7909;26;622452157;7909;507;9201;9351;5.08;0.31;342.56;9.65;1292;32;3211.00;150
7910;26;622452175;7910;515;9205;9355;5.07;0.31;342.65;9.64;1295;32;3212.00;150
7911;26;622452192;7911;512;9208;9356;5.09;0.31;342.76;9.74;1297;32;3213.00;148
7913;26;622452207;7913;512;9209;9356;5.08;0.31;342.75;9.78;1296;32;3214.00;147
7917;26;622452222;7917;515;9210;9356;5.06;0.31;342.80;9.83;1293;32;3215.00;146
7920;26;622452237;7920;523;9221;9369;5.11;0.31;342.80;9.82;1301;32;3216.00;148
7921;26;622452254;7921;530;9221;9369;5.15;0.31;342.82;9.82;1300;32;3217.00;148
7921;26;622452269;7921;532;9221;9369;5.18;0.32;342.82;9.82;1300;32;3218.00;148
7926;26;622452282;7926;532;9224;9370;5.16;0.31;342.80;9.91;1298;32;3219.00;146
7926;26;622452297;7926;541;9225;9371;5.14;0.31;342.80;9.96;1299;32;3220.00;146
7929;26;622452311;7929;540;9226;9371;5.10;0.31;342.86;10.00;1297;32;3221.00;145
7932;26;622452326;7932;546;9229;9374;5.11;0.31;342.82;10.00;1297;32;3222.00;145
7937;26;622452342;7937;558;9231;9374;5.05;0.31;342.80;10.09;1294;32;3223.00;143
7939;26;622452357;7939;552;9231;9374;4.98;0.30;342.80;10.09;1292;32;3224.00;143
7945;26;622452371;7945;559;9231;9374;4.94;0.30;342.81;10.09;1286;32;3225.00;143
7947;26;622452387;7947;564;9238;9380;4.88;0.30;342.83;10.18;1291;32;3226.00;142
7949;26;622452403;7949;562;9238;9380;4.80;0.29;342.92;10.18;1289;32;3227.00;142
7951;26;622452417;7951;568;9240;9380;4.67;0.29;342.90;10.26;1289;32;3228.00;140
7954;26;622452431;7954;577;9240;9380;4.54;0.28;342.84;10.26;1286;32;3229.00;140
7959;26;622452444;7959;568;9243;9384;4.46;0.27;342.72;10.26;1284;32;3230.00;141
7962;26;622452459;7962;571;9244;9385;4.38;0.27;342.70;10.26;1282;32;3231.00;141
7964;26;622452474;7964;570;9244;9385;4.31;0.26;342.66;10.26;1280;32;3232.00;141
7970;26;622452487;7970;579;9245;9386;4.26;0.26;342.61;10.26;1275;32;3233.00;141
7971;26;622452501;7971;575;9245;9386;4.22;0.26;342.57;10.26;1274;32;3234.00;141
7975;26;622452514;7975;574;9245;9386;4.18;0.25;342.53;10.26;1270;32;3235.00;141
7978;26;622452528;7978;572;9245;9386;4.16;0.25;342.61;10.26;1267;32;3236.00;141
7980;26;622452541;7980;567;9245;9386;4.15;0.25;342.55;10.26;1265;32;3237.00;141
7986;26;622452555;7986;564;9245;9386;4.10;0.25;342.45;10.26;1259;32;3238.00;141
7989;26;622452569;7989;564;9245;9386;4.06;0.25;342.44;10.26;1256;32;3239.00;141
7992;26;622452584;7992;560;9306;9511;4.32;0.27;342.38;10.19;1314;32;3240.00;205
7995;26;622452607;7995;563;9311;9512;4.35;0.27;342.39;10.19;1316;32;3241.00;201
7996;26;622452622;7996;562;9319;9512;4.37;0.27;342.41;10.18;1323;32;3242.00;193
7999;26;622452636;7999;562;9323;9512;4.35;0.27;342.38;10.18;1324;32;3243.00;189
8001;26;622452651;8001;562;9325;9512;4.33;0.27;342.43;10.18;1324;32;3244.00;187
8005;26;622452666;8005;569;9326;9512;4.25;0.26;342.42;10.17;1321;32;3245.00;186
8009;26;622452680;8009;568;9328;9512;4.23;0.26;342.43;10.17;1319;32;3246.00;184
8013;26;622452695;8013;575;9331;9512;4.20;0.26;342.42;10.17;1318;32;3247.00;181
8015;26;622452709;8015;580;9332;9513;4.15;0.26;342.39;10.17;1317;32;3248.00;181
8017;26;622452723;8017;581;9333;9514;4.13;0.26;342.39;10.17;1316;32;3249.00;181
8020;26;622452738;8020;579;9335;9514;4.12;0.25;342.43;10.17;1315;32;3250.00;179
8022;26;622452752;8022;585;9338;9518;4.16;0.26;342.45;10.17;1316;32;3251.00;180
8026;26;622452767;8026;595;9340;9518;4.10;0.25;342.40;10.17;1314;32;3252.00;178
8027;26;622452780;8027;592;9343;9518;4.07;0.25;342.38;10.17;1316;32;3253.00;175
8032;26;622452795;8032;609;9345;9518;4.00;0.25;342.44;10.17;1313;32;3254.00;173
8034;26;622452809;8034;601;9350;9524;3.96;0.24;342.41;10.17;1316;32;3255.00;174
8037;26;622452823;8037;608;9352;9524;3.91;0.24;342.42;10.17;1315;32;3256.00;172
8040;26;622452840;8040;607;9353;9524;3.87;0.24;342.36;10.17;1313;32;3257.00;171
8045;26;622452856;8045;620;9354;9527;3.84;0.24;342.34;10.17;1309;32;3258.00;173
8046;26;622452871;8046;604;9354;9527;3.84;0.24;342.36;10.17;1308;32;3259.00;173
8049;26;622452885;8049;593;9356;9527;3.85;0.24;342.37;10.22;1307;32;3260.00;171
8051;26;622452902;8051;591;9357;9528;3.85;0.24;342.44;10.22;1306;32;3261.00;171
8054;26;622452916;8054;593;9360;9529;3.84;0.24;342.47;10.23;1306;32;3262.00;169
8057;26;622452931;8057;592;9360;9529;3.86;0.24;342.49;10.23;1303;32;3263.00;169
8059;26;622452946;8059;599;9371;9542;3.98;0.24;342.48;10.22;1312;32;3264.00;171
8063;26;622452963;8063;593;9371;9542;3.96;0.24;342.49;10.22;1308;32;3265.00;171
8070;26;622452979;8070;595;9371;9542;3.94;0.24;342.36;10.22;1301;32;3266.00;171
8074;26;622452994;8074;593;9372;9543;3.93;0.24;342.34;10.22;1298;32;3267.00;171
8075;26;622453010;8075;599;9374;9543;3.93;0.24;342.36;10.22;1299;32;3268.00;169
8079;26;622453025;8079;596;9377;9547;3.91;0.24;342.36;10.22;1298;32;3269.00;170
8080;26;622453042;8080;595;9378;9547;3.96;0.24;342.33;10.22;1298;32;3270.00;169
8080;26;622453056;8080;594;9382;9551;3.97;0.24;342.33;10.21;1302;32;3271.00;169
8081;26;622453072;8081;600;9382;9551;3.93;0.24;342.31;10.21;1301;32;3272.00;169
8085;26;622453086;8085;592;9383;9551;3.87;0.24;342.18;10.21;1298;32;3273.00;168
8085;26;622453101;8085;593;9383;9551;3.84;0.24;342.18;10.21;1298;32;3274.00;168
8086;26;622453115;8086;598;9385;9551;3.87;0.24;342.25;10.27;1299;32;3275.00;166
8087;26;622453130;8087;604;9394;9563;3.96;0.24;342.21;10.26;1307;32;3276.00;169
8087;26;622453146;8087;599;9395;9563;4.01;0.25;342.21;10.26;1308;32;3277.00;168
8089;26;622453161;8089;586;9396;9563;4.05;0.25;342.23;10.26;1307;32;3278.00;167
8090;26;622453176;8090;587;9396;9563;4.11;0.25;342.32;10.26;1306;32;3279.00;167
8092;26;622453192;8092;572;9396;9563;4.13;0.25;342.35;10.26;1304;32;3280.00;167
8094;26;622453207;8094;565;9396;9563;4.18;0.25;342.41;10.26;1302;32;3281.00;167
8097;26;622453223;8097;557;9397;9564;4.21;0.26;342.33;10.31;1300;32;3282.00;167
8099;26;622453237;8099;553;9397;9564;4.24;0.26;342.36;10.31;1298;32;3283.00;167
8100;26;622453253;8100;551;9402;9570;4.30;0.26;342.41;10.30;1302;32;3284.00;168
8102;26;622453269;8102;551;9404;9572;4.31;0.26;342.56;10.30;1302;32;3285.00;168
8102;26;622453299;8102;539;9404;9572;4.35;0.27;342.56;10.30;1302;32;3286.00;168
8104;26;622453314;8104;523;9404;9572;4.38;0.27;342.55;10.30;1300;32;3287.00;168
8105;26;622453331;8105;511;9407;9576;4.46;0.27;342.54;10.30;1302;32;3288.00;169
8108;26;622453348;8108;512;9407;9576;4.51;0.28;342.66;10.30;1299;32;3289.00;169
8110;26;622453370;8110;505;9407;9576;4.56;0.28;342.75;10.30;1297;32;3290.00;169
8111;26;622453386;8111;505;9408;9577;4.65;0.28;342.74;10.29;1297;32;3291.00;169
8114;26;622453404;8114;499;9411;9581;4.75;0.29;342.77;10.29;1297;32;3292.00;170
8116;26;622453420;8116;491;9411;9581;4.76;0.29;342.85;10.29;1295;32;3293.00;170
8121;26;622453434;8121;490;9413;9584;4.80;0.29;342.97;10.29;1292;32;3294.00;171
8122;26;622453450;8122;500;9413;9584;4.83;0.30;343.03;10.29;1291;32;3295.00;171
8127;26;622453466;8127;501;9414;9584;4.79;0.29;343.23;10.29;1287;32;3296.00;170
8128;26;622453484;8128;499;9414;9584;4.80;0.29;343.23;10.29;1286;32;3297.00;170
8129;26;622453501;8129;496;9419;9588;4.82;0.29;343.32;10.33;1290;32;3298.00;169
8131;26;622453520;8131;490;9419;9588;4.85;0.30;343.38;10.33;1288;32;3299.00;169
8134;26;622453540;8134;496;9424;9607;4.86;0.30;343.44;10.32;1290;32;3300.00;183
8138;26;622453566;8138;483;9424;9607;4.89;0.30;343.49;10.32;1286;32;3301.00;183
8143;26;622453583;8143;478;9424;9608;4.88;0.30;343.56;10.32;1281;32;3302.00;184
8143;26;622453599;8143;468;9425;9609;4.94;0.30;343.56;10.32;1282;32;3303.00;184
8145;26;622453614;8145;469;9425;9609;4.97;0.30;343.67;10.32;1280;32;3304.00;184
8145;26;622453630;8145;470;9428;9610;5.01;0.31;343.67;10.32;1283;32;3305.00;182
8148;26;622453646;8148;464;9428;9610;5.00;0.31;343.83;10.32;1280;32;3306.00;182
8149;26;622453662;8149;463;9428;9610;5.04;0.31;343.87;10.32;1279;32;3307.00;182
8151;26;622453677;8151;465;9428;9610;5.05;0.31;343.99;10.32;1277;32;3308.00;182
8154;26;622453693;8154;468;9428;9610;5.03;0.31;344.13;10.32;1274;32;3309.00;182
8157;26;622453708;8157;464;9429;9610;5.03;0.31;344.17;10.32;1272;32;3310.00;181
8160;26;622453724;8160;467;9430;9610;5.02;0.31;344.19;10.32;1270;32;3311.00;180
8162;26;622453741;8162;496;9497;9737;5.12;0.32;344.25;10.25;1335;32;3312.00;240
8167;26;622453769;8167;491;9498;9738;5.11;0.32;344.41;10.29;1331;32;3313.00;240
8169;26;622453785;8169;491;9502;9738;5.22;0.32;344.52;10.29;1333;32;3314.00;236
8173;26;622453801;8173;486;9503;9738;5.22;0.32;344.61;10.29;1330;32;3315.00;235
8174;26;622453817;8174;487;9508;9738;5.27;0.33;344.67;10.28;1334;32;3316.00;230
8178;26;622453835;8178;490;9509;9738;5.29;0.33;344.71;10.29;1331;32;3317.00;229
8182;26;622453858;8182;492;9513;9738;5.32;0.33;344.76;10.28;1331;32;3318.00;225
8186;26;622453882;8186;497;9515;9738;5.33;0.33;344.91;10.28;1329;32;3319.00;223
8189;26;622453903;8189;494;9520;9739;5.34;0.33;345.07;10.28;1331;32;3320.00;219
8191;26;622453925;8191;495;9522;9740;5.41;0.33;345.16;10.28;1331;32;3321.00;218
8193;26;622453948;8193;487;9526;9740;5.46;0.34;345.20;10.28;1333;32;3322.00;214
8197;26;622453968;8197;480;9529;9741;5.51;0.34;345.34;10.28;1332;32;3323.00;212
8201;26;622453986;8201;475;9530;9741;5.51;0.34;345.41;10.28;1329;32;3324.00;211
8204;26;622454004;8204;473;9533;9741;5.49;0.34;345.55;10.29;1329;32;3325.00;208
8206;26;622454022;8206;475;9535;9741;5.51;0.34;345.66;10.29;1329;32;3326.00;206
8208;26;622454039;8208;481;9537;9745;5.54;0.34;345.63;10.29;1329;32;3327.00;208
8211;26;622454056;8211;475;9541;9745;5.53;0.34;345.72;10.29;1330;32;3328.00;204
8215;26;622454073;8215;465;9542;9745;5.49;0.34;345.93;10.29;1327;32;3329.00;203
8218;26;622454091;8218;470;9546;9751;5.43;0.33;346.05;10.29;1328;32;3330.00;205
8220;26;622454108;8220;464;9547;9751;5.37;0.33;346.10;10.29;1327;32;3331.00;204
8222;26;622454126;8222;460;9549;9751;5.28;0.32;346.09;10.29;1327;32;3332.00;202
8227;26;622454143;8227;459;9554;9755;5.17;0.31;346.20;10.29;1327;32;3333.00;201
8229;26;622454161;8229;454;9557;9756;5.13;0.31;346.26;10.29;1328;32;3334.00;199
8230;26;622454178;8230;447;9562;9756;5.06;0.31;346.24;10.40;1332;32;3335.00;194
8233;26;622454197;8233;452;9564;9760;4.99;0.30;346.18;10.40;1331;32;3336.00;196
8234;26;622454214;8234;453;9566;9760;5.02;0.31;346.16;10.40;1332;32;3337.00;194
8239;26;622454230;8239;453;9567;9760;5.00;0.30;346.22;10.40;1328;32;3338.00;193
8240;26;622454246;8240;439;9571;9761;5.06;0.31;346.23;10.40;1331;32;3339.00;190
8244;26;622454265;8244;438;9571;9761;5.06;0.31;346.30;10.40;1327;32;3340.00;190
8246;26;622454281;8246;440;9577;9767;5.09;0.31;346.27;10.40;1331;32;3341.00;190
8247;26;622454298;8247;439;9577;9767;5.07;0.31;346.29;10.40;1330;32;3342.00;190
8251;26;622454315;8251;434;9577;9768;5.05;0.31;346.35;10.40;1326;32;3343.00;191
8252;26;622454333;8252;440;9578;9768;5.08;0.31;346.36;10.40;1326;32;3344.00;190
8253;26;622454352;8253;440;9578;9768;5.09;0.31;346.33;10.40;1325;32;3345.00;190
8258;26;622454375;8258;435;9579;9768;5.06;0.31;346.33;10.41;1321;32;3346.00;189
8259;26;622454393;8259;436;9580;9768;5.06;0.31;346.38;10.41;1321;32;3347.00;188
8264;26;622454411;8264;445;9590;9780;5.08;0.31;346.56;10.39;1326;32;3348.00;190
8267;26;622454430;8267;439;9591;9780;5.08;0.31;346.58;10.39;1324;32;3349.00;189
8269;26;622454446;8269;449;9591;9780;5.07;0.31;346.58;10.39;1322;32;3350.00;189
8272;26;622454463;8272;452;9592;9780;5.02;0.31;346.59;10.40;1320;32;3351.00;188
8276;26;622454478;8276;456;9592;9780;4.98;0.30;346.82;10.40;1316;32;3352.00;188
8278;26;622454494;8278;457;9593;9780;5.01;0.31;346.84;10.40;1315;32;3353.00;187
8281;26;622454510;8281;463;9597;9784;4.99;0.30;346.87;10.40;1316;32;3354.00;187
8284;26;622454526;8284;457;9597;9784;5.02;0.31;346.95;10.40;1313;32;3355.00;187
8285;26;622454541;8285;460;9602;9788;5.07;0.31;346.94;10.40;1317;32;3356.00;186
8292;26;622454557;8292;465;9603;9789;5.08;0.31;346.93;10.39;1311;32;3357.00;186
8294;26;622454573;8294;467;9603;9789;5.08;0.31;346.96;10.39;1309;32;3358.00;186
8299;26;622454590;8299;482;9603;9789;5.06;0.31;347.13;10.39;1304;32;3359.00;186
8299;26;622454608;8299;486;9625;9818;5.12;0.31;347.13;10.43;1326;32;3360.00;193
8300;26;622454626;8300;479;9627;9818;5.09;0.31;347.22;10.42;1327;32;3361.00;191
8303;26;622454643;8303;490;9629;9818;5.05;0.31;347.24;10.42;1326;32;3362.00;189
8303;26;622454658;8303;499;9631;9819;5.08;0.31;347.24;10.48;1328;32;3363.00;188
8305;26;622454674;8305;503;9631;9820;5.05;0.31;347.40;10.48;1326;32;3364.00;189
8308;26;622454689;8308;510;9631;9820;4.97;0.30;347.42;10.48;1323;32;3365.00;189
8309;26;622454705;8309;523;9634;9823;4.96;0.30;347.42;10.53;1325;32;3366.00;189
8312;26;622454722;8312;525;9634;9823;4.90;0.30;347.43;10.53;1322;32;3367.00;189
8314;26;622454737;8314;529;9635;9823;4.89;0.30;347.44;10.53;1321;32;3368.00;188
8317;26;622454753;8317;531;9636;9823;4.83;0.30;347.55;10.58;1319;32;3369.00;187
8318;26;622454768;8318;535;9641;9829;4.86;0.30;347.54;10.58;1323;32;3370.00;188
8320;26;622454783;8320;542;9642;9829;4.80;0.29;347.69;10.63;1322;32;3371.00;187
8323;26;622454800;8323;540;9642;9829;4.76;0.29;347.84;10.63;1319;32;3372.00;187
8326;26;622454815;8326;548;9643;9829;4.70;0.29;347.94;10.68;1317;32;3373.00;186
8326;26;622454830;8326;546;9646;9833;4.66;0.29;347.94;10.68;1320;32;3374.00;187
8326;26;622454853;8326;550;9650;9835;4.61;0.28;347.94;10.78;1324;32;3375.00;185
8328;26;622454868;8328;558;9651;9835;4.56;0.28;347.97;10.84;1323;32;3376.00;184
8330;26;622454882;8330;558;9653;9836;4.52;0.28;347.91;10.89;1323;32;3377.00;183
8332;26;622454898;8332;560;9653;9836;4.45;0.27;347.94;10.89;1321;32;3378.00;183
8333;26;622454913;8333;563;9655;9836;4.42;0.27;347.91;10.99;1322;32;3379.00;181
8335;26;622454928;8335;564;9655;9836;4.43;0.27;347.91;10.99;1320;32;3380.00;181
8337;26;622454943;8337;568;9657;9836;4.41;0.27;347.93;11.09;1320;32;3381.00;179
8339;26;622454957;8339;568;9657;9836;4.39;0.27;347.93;11.09;1318;32;3382.00;179
8342;26;622454972;8342;570;9657;9836;4.33;0.27;347.99;11.09;1315;32;3383.00;179
8343;26;622454987;8343;570;9690;9906;4.51;0.28;347.97;11.05;1347;32;3384.00;216
8346;26;622455007;8346;564;9697;9907;4.47;0.27;347.94;11.25;1351;32;3385.00;210
8349;26;622455023;8349;569;9706;9907;4.45;0.27;347.93;11.24;1357;32;3386.00;201
8349;26;622455038;8349;565;9713;9907;4.46;0.27;347.93;11.34;1364;32;3387.00;194
8352;26;622455052;8352;569;9716;9907;4.44;0.27;347.89;11.34;1364;32;3388.00;191
8355;26;622455067;8355;571;9719;9907;4.39;0.27;347.81;11.39;1364;32;3389.00;188
8357;26;622455084;8357;574;9723;9907;4.40;0.27;347.81;11.44;1366;32;3390.00;184
8361;26;622455098;8361;582;9725;9907;4.39;0.27;347.76;11.43;1364;32;3391.00;182
8365;26;622455111;8365;582;9726;9908;4.36;0.27;347.71;11.43;1361;32;3392.00;182
8367;26;622455126;8367;591;9727;9909;4.32;0.26;347.66;11.43;1360;32;3393.00;182
8371;26;622455141;8371;594;9733;9909;4.21;0.26;347.67;11.63;1362;32;3394.00;176
8375;26;622455156;8375;595;9738;9913;4.15;0.25;347.69;11.63;1363;32;3395.00;175
8378;26;622455172;8378;594;9739;9913;4.05;0.25;347.61;11.63;1361;32;3396.00;174
8381;26;622455187;8381;610;9741;9913;3.96;0.24;347.56;11.73;1360;32;3397.00;172
8385;26;622455202;8385;608;9741;9913;3.90;0.24;347.60;11.73;1356;32;3398.00;172
8386;26;622455217;8386;620;9747;9919;3.85;0.24;347.59;11.82;1361;32;3399.00;172
8389;26;622455232;8389;616;9747;9919;3.80;0.23;347.54;11.82;1358;32;3400.00;172
8391;26;622455253;8391;612;9747;9919;3.75;0.23;347.50;11.82;1356;32;3401.00;172
8394;26;622455268;8394;609;9750;9922;3.72;0.23;347.59;11.91;1356;32;3402.00;172
8398;26;622455282;8398;605;9751;9922;3.65;0.22;347.57;11.91;1353;32;3403.00;171
8400;26;622455295;8400;609;9751;9922;3.62;0.22;347.54;11.91;1351;32;3404.00;171
8405;26;622455310;8405;607;9751;9923;3.56;0.22;347.54;11.91;1346;32;3405.00;172
8407;26;622455324;8407;607;9752;9924;3.56;0.22;347.52;11.91;1345;32;3406.00;172
8410;26;622455338;8410;611;9752;9924;3.53;0.22;347.48;11.91;1342;32;3407.00;172
8415;26;622455353;8415;616;9761;9937;3.52;0.22;347.40;11.90;1346;32;3408.00;176
8417;26;622455369;8417;619;9761;9937;3.50;0.21;347.41;11.90;1344;32;3409.00;176
8419;26;622455383;8419;613;9762;9937;3.51;0.21;347.46;11.90;1343;32;3410.00;175
8424;26;622455397;8424;599;9762;9938;3.49;0.21;347.46;11.90;1338;32;3411.00;176
8426;26;622455411;8426;588;9762;9938;3.48;0.21;347.48;11.90;1336;32;3412.00;176
8427;26;622455425;8427;579;9765;9942;3.56;0.22;347.49;11.89;1338;32;3413.00;177
8429;26;622455440;8429;572;9765;9942;3.60;0.22;347.53;11.89;1336;32;3414.00;177
8434;26;622455455;8434;565;9768;9946;3.66;0.22;347.63;11.89;1334;32;3415.00;178
8437;26;622455471;8437;560;9769;9946;3.70;0.23;347.59;11.94;1332;32;3416.00;177
8440;26;622455486;8440;558;9769;9946;3.72;0.23;347.55;11.94;1329;32;3417.00;177
8445;26;622455507;8445;555;9769;9946;3.69;0.22;347.46;11.94;1324;32;3418.00;177
8447;26;622455524;8447;550;9769;9946;3.73;0.23;347.42;11.94;1322;32;3419.00;177
8452;26;622455540;8452;562;9795;9980;3.87;0.24;347.45;11.91;1343;32;3420.00;185
8453;26;622455558;8453;560;9795;9980;3.92;0.24;347.46;11.91;1342;32;3421.00;185
8454;26;622455573;8454;558;9796;9980;3.98;0.24;347.46;11.91;1342;32;3422.00;184
8459;26;622455589;8459;561;9796;9980;3.98;0.24;347.43;11.91;1337;32;3423.00;184
8463;26;622455606;8463;567;9796;9980;4.01;0.24;347.58;11.91;1333;32;3424.00;184
8467;26;622455628;8467;565;9796;9980;4.01;0.24;347.55;11.91;1329;32;3425.00;184
8472;26;622455644;8472;563;9796;9981;3.95;0.24;347.64;11.91;1324;32;3426.00;185
8472;26;622455661;8472;562;9797;9981;3.98;0.24;347.64;11.91;1325;32;3427.00;184
8474;26;622455677;8474;554;9801;9987;4.02;0.24;347.66;11.91;1327;32;3428.00;186
8477;26;622455694;8477;548;9801;9988;4.00;0.24;347.63;11.91;1324;32;3429.00;187
8479;26;622455711;8479;554;9801;9988;4.01;0.24;347.59;11.91;1322;32;3430.00;187
8483;26;622455726;8483;549;9802;9988;4.00;0.24;347.60;11.91;1319;32;3431.00;186
8486;26;622455742;8486;554;9806;9992;4.01;0.24;347.58;11.91;1320;32;3432.00;186
8487;26;622455758;8487;558;9806;9992;4.03;0.24;347.59;11.91;1319;32;3433.00;186
8491;26;622455773;8491;558;9806;9992;4.05;0.25;347.64;11.91;1315;32;3434.00;186
8493;26;622455788;8493;555;9808;9993;4.13;0.25;347.64;11.91;1315;32;3435.00;185
8494;26;622455803;8494;547;9811;9997;4.26;0.26;347.64;11.90;1317;32;3436.00;186
8497;26;622455819;8497;544;9812;9997;4.31;0.26;347.59;11.90;1315;32;3437.00;185
8502;26;622455835;8502;541;9813;10000;4.33;0.26;347.60;11.90;1311;32;3438.00;187
8504;26;622455857;8504;542;9813;10000;4.33;0.26;347.61;11.90;1309;32;3439.00;187
8508;26;622455878;8508;538;9814;10000;4.31;0.26;347.66;11.90;1306;32;3440.00;186
8513;26;622455901;8513;536;9815;10000;4.26;0.26;347.75;11.90;1302;32;3441.00;185
8513;26;622455922;8513;535;9819;10004;4.30;0.26;347.75;11.90;1306;32;3442.00;185
8515;26;622455945;8515;541;9819;10004;4.32;0.26;347.85;11.90;1304;32;3443.00;185
8518;26;622455968;8518;545;9820;10004;4.28;0.26;347.90;11.91;1302;32;3444.00;184
8521;26;622455983;8521;545;9821;10004;4.24;0.26;348.02;11.91;1300;32;3445.00;183
8522;26;622456016;8522;553;9821;10005;4.22;0.26;348.02;11.91;1299;32;3446.00;184
8525;26;622456032;8525;545;9822;10006;4.23;0.26;348.10;11.91;1297;32;3447.00;184
8528;26;622456047;8528;537;9823;10006;4.21;0.26;348.11;11.91;1295;32;3448.00;183
8531;26;622456063;8531;538;9824;10007;4.21;0.25;348.27;11.91;1293;32;3449.00;183
8535;26;622456080;8535;532;9824;10007;4.15;0.25;348.38;11.91;1289;32;3450.00;183
8535;26;622456097;8535;532;9825;10007;4.19;0.25;348.38;11.91;1290;32;3451.00;182
8537;26;622456119;8537;526;9825;10007;4.21;0.26;348.42;11.91;1288;32;3452.00;182
8542;26;622456134;8542;526;9826;10007;4.19;0.25;348.54;11.91;1284;32;3453.00;181
8543;26;622456150;8543;528;9826;10007;4.24;0.26;348.57;11.91;1283;32;3454.00;181
8545;26;622456165;8545;534;9826;10007;4.21;0.25;348.58;11.91;1281;32;3455.00;181
8547;26;622456180;8547;555;9904;10134;4.40;0.27;348.55;11.81;1357;32;3456.00;230
8548;26;622456207;8548;531;9905;10135;4.41;0.27;348.58;11.81;1357;32;3457.00;230
8552;26;622456223;8552;511;9910;10135;4.45;0.27;348.60;11.81;1358;32;3458.00;225
8554;26;622456247;8554;496;9913;10135;4.47;0.28;348.62;11.80;1359;32;3459.00;222
8555;26;622456265;8555;489;9917;10135;4.55;0.28;348.66;11.80;1362;32;3460.00;218
8558;26;622456282;8558;478;9919;10135;4.59;0.28;348.74;11.80;1361;32;3461.00;216
8562;26;622456299;8562;477;9923;10135;4.64;0.28;348.77;11.80;1361;32;3462.00;212
8563;26;622456316;8563;480;9924;10135;4.70;0.29;348.79;11.80;1361;32;3463.00;211
8563;26;622456333;8563;481;9926;10136;4.77;0.29;348.79;11.80;1363;32;3464.00;210
8565;26;622456350;8565;491;9933;10138;4.76;0.29;348.91;11.85;1368;32;3465.00;205
8568;26;622456367;8568;498;9935;10138;4.78;0.29;349.06;11.85;1367;33;3466.00;203
8568;26;622456396;8568;495;9936;10139;4.76;0.29;349.06;11.85;1368;33;3467.00;203
8570;26;622456415;8570;499;9939;10139;4.76;0.29;349.17;11.85;1369;33;3468.00;200
8572;26;622456431;8572;493;9940;10139;4.75;0.29;349.22;11.85;1368;33;3469.00;199
8574;26;622456448;8574;498;9941;10139;4.75;0.29;349.30;11.85;1367;33;3470.00;198
8575;26;622456466;8575;496;9946;10143;4.77;0.29;349.33;11.85;1371;33;3471.00;197
8576;26;622456484;8576;493;9948;10143;4.76;0.29;349.40;11.85;1372;33;3472.00;195
8577;26;622456500;8577;491;9949;10143;4.78;0.29;349.45;11.85;1372;33;3473.00;194
8579;26;622456517;8579;500;9950;10146;4.79;0.29;349.56;11.85;1371;33;3474.00;196
8581;26;622456533;8581;502;9952;10146;4.81;0.29;349.58;11.85;1371;33;3475.00;194
8584;26;622456550;8584;495;9952;10146;4.79;0.29;349.68;11.85;1368;33;3476.00;194
8586;26;622456567;8586;492;9957;10150;4.78;0.29;349.71;11.84;1371;33;3477.00;193
8587;26;622456585;8587;498;9959;10151;4.82;0.30;349.76;11.84;1372;33;3478.00;192
8590;26;622456602;8590;498;9959;10151;4.81;0.29;349.91;11.84;1369;33;3479.00;192
8591;26;622456622;8591;500;9962;10156;4.82;0.29;349.94;11.84;1371;33;3480.00;194
8591;26;622456639;8591;507;9962;10156;4.85;0.30;349.94;11.84;1371;33;3481.00;194
8593;26;622456656;8593;501;9964;10156;4.81;0.29;350.05;11.90;1371;33;3482.00;192
8594;26;622456673;8594;510;9965;10157;4.81;0.29;350.03;11.89;1371;33;3483.00;192
8595;26;622456691;8595;505;9965;10157;4.81;0.29;350.05;11.89;1370;33;3484.00;192
8598;26;622456709;8598;518;9970;10163;4.81;0.29;350.04;11.89;1372;33;3485.00;193
8600;26;622456726;8600;518;9970;10163;4.79;0.29;350.05;11.89;1370;33;3486.00;193
8600;26;622456742;8600;528;9970;10164;4.80;0.29;350.05;11.89;1370;33;3487.00;194
8600;26;622456758;8600;526;9970;10164;4.80;0.29;350.05;11.89;1370;33;3488.00;194
8603;26;622456774;8603;524;9971;10164;4.81;0.29;350.14;11.95;1368;33;3489.00;193
8604;26;622456791;8604;519;9971;10164;4.83;0.29;350.22;11.95;1367;33;3490.00;193
8604;26;622456808;8604;516;9971;10164;4.85;0.29;350.22;11.95;1367;33;3491.00;193
8607;26;622456825;8607;511;9980;10176;4.91;0.30;350.14;11.94;1373;33;3492.00;196
8607;26;622456845;8607;501;9980;10176;4.96;0.30;350.14;11.94;1373;33;3493.00;196
8610;26;622456863;8610;502;9983;10176;5.00;0.30;350.13;12.00;1373;33;3494.00;193
8611;26;622456879;8611;501;9983;10176;5.03;0.31;350.10;12.00;1372;33;3495.00;193
8614;26;622456896;8614;491;9983;10176;5.03;0.31;350.18;12.00;1369;33;3496.00;193
8618;26;622456913;8618;482;9983;10176;5.05;0.31;350.37;12.00;1365;33;3497.00;193
8622;26;622456929;8622;493;9986;10180;5.03;0.31;350.52;11.99;1364;33;3498.00;194
8625;26;622456946;8625;490;9986;10180;5.08;0.31;350.61;11.99;1361;33;3499.00;194
8630;26;622456963;8630;485;9990;10184;5.03;0.31;350.82;11.99;1360;33;3500.00;194
8632;27;622456986;8632;485;9991;10185;4.98;0.30;350.83;11.99;1359;34;3501.00;194
8637;27;622457012;8637;477;9991;10185;4.89;0.30;351.01;11.99;1354;34;3502.00;194
8638;27;622457034;8638;473;9991;10185;4.83;0.29;351.12;11.99;1353;34;3503.00;194
8643;27;622457051;8643;477;10002;10198;4.76;0.29;351.20;11.97;1359;34;3504.00;196
8646;27;622457068;8646;478;10002;10198;4.72;0.29;351.28;11.97;1356;34;3505.00;196
8647;27;622457084;8647;483;10002;10198;4.70;0.29;351.40;11.97;1355;34;3506.00;196
8650;27;622457108;8650;495;10003;10199;4.69;0.29;351.41;11.97;1353;34;3507.00;196
8654;27;622457124;8654;487;10003;10200;4.71;0.29;351.47;11.97;1349;34;3508.00;197
8658;27;622457141;8658;494;10003;10200;4.67;0.28;351.60;11.97;1345;34;3509.00;197
8661;27;622457159;8661;493;10007;10206;4.66;0.28;351.68;11.97;1346;34;3510.00;199
8665;27;622457177;8665;493;10007;10206;4.61;0.28;351.82;11.97;1342;34;3511.00;199
8669;27;622457195;8669;490;10009;10206;4.59;0.28;351.99;11.97;1340;34;3512.00;197
8674;27;622457211;8674;496;10009;10206;4.58;0.28;352.22;11.97;1335;34;3513.00;197
8679;27;622457229;8679;499;10014;10212;4.57;0.28;352.38;11.96;1335;34;3514.00;198
8681;27;622457246;8681;503;10014;10212;4.59;0.28;352.56;11.96;1333;34;3515.00;198
8684;27;622457264;8684;509;10014;10212;4.61;0.28;352.66;11.96;1330;34;3516.00;198
8686;27;622457281;8686;505;10014;10212;4.62;0.28;352.73;11.96;1328;34;3517.00;198
8688;27;622457297;8688;505;10017;10216;4.62;0.28;352.77;11.96;1329;34;3518.00;199
8689;27;622457334;8689;507;10020;10219;4.59;0.28;352.76;11.95;1331;34;3519.00;199
8690;27;622457351;8690;512;10020;10219;4.61;0.28;352.76;11.95;1330;34;3520.00;199
8691;27;622457366;8691;526;10021;10220;4.63;0.28;352.83;11.95;1330;34;3521.00;199
8694;27;622457381;8694;524;10021;10220;4.61;0.28;352.85;11.95;1327;34;3522.00;199
8697;27;622457396;8697;529;10021;10220;4.59;0.28;352.89;11.95;1324;34;3523.00;199
8700;27;622457412;8700;533;10021;10220;4.55;0.28;353.12;11.95;1321;34;3524.00;199
8703;27;622457427;8703;538;10021;10220;4.50;0.28;353.20;11.95;1318;34;3525.00;199
8705;27;622457442;8705;543;10021;10220;4.50;0.28;353.27;11.95;1316;34;3526.00;199
8706;27;622457458;8706;552;10021;10220;4.52;0.28;353.26;11.95;1315;34;3527.00;199
8707;27;622457473;8707;552;10056;10290;4.69;0.29;353.26;11.91;1349;34;3528.00;234
8709;27;622457494;8709;564;10058;10291;4.62;0.29;353.26;11.91;1349;34;3529.00;233
8715;27;622457510;8715;571;10066;10291;4.60;0.28;353.31;11.90;1351;34;3530.00;225
8716;27;622457525;8716;578;10068;10291;4.56;0.28;353.28;11.90;1352;34;3531.00;223
8723;27;622457540;8723;582;10070;10291;4.47;0.27;353.38;11.90;1347;34;3532.00;221
8725;27;622457555;8725;581;10074;10291;4.41;0.27;353.34;11.90;1349;34;3533.00;217
8727;27;622457571;8727;588;10075;10291;4.38;0.27;353.36;11.89;1348;34;3534.00;216
8727;27;622457585;8727;585;10077;10291;4.43;0.27;353.36;11.89;1350;34;3535.00;214
8730;27;622457601;8730;593;10078;10292;4.43;0.27;353.43;11.89;1348;34;3536.00;214
8733;27;622457616;8733;592;10081;10293;4.46;0.27;353.38;11.89;1348;34;3537.00;212
8736;27;622457632;8736;597;10083;10293;4.41;0.27;353.35;11.89;1347;34;3538.00;210
8738;27;622457647;8738;604;10089;10297;4.40;0.27;353.31;11.89;1351;34;3539.00;208
8742;27;622457664;8742;607;10091;10297;4.32;0.26;353.24;11.89;1349;34;3540.00;206
8744;27;622457680;8744;611;10092;10297;4.27;0.26;353.19;11.89;1348;34;3541.00;205
8745;27;622457695;8745;625;10092;10297;4.25;0.26;353.16;11.89;1347;34;3542.00;205
8746;27;622457711;8746;628;10096;10303;4.25;0.26;353.13;11.88;1350;34;3543.00;207
8749;27;622457727;8749;634;10096;10303;4.20;0.26;353.08;11.88;1347;34;3544.00;207
8752;27;622457742;8752;638;10096;10303;4.14;0.25;353.07;11.88;1344;34;3545.00;207
8753;27;622457757;8753;640;10097;10306;4.10;0.25;353.04;11.88;1344;34;3546.00;209
8757;27;622457772;8757;647;10097;10306;4.04;0.25;353.06;11.88;1340;34;3547.00;209
8759;27;622457788;8759;651;10097;10306;3.98;0.24;353.11;11.88;1338;34;3548.00;209
8760;27;622457802;8760;651;10097;10307;3.94;0.24;353.16;11.88;1337;34;3549.00;210
8763;27;622457817;8763;652;10098;10308;3.90;0.24;353.15;11.88;1335;34;3550.00;210
8763;27;622457832;8763;645;10098;10308;3.88;0.24;353.15;11.88;1335;34;3551.00;210
8766;27;622457851;8766;644;10108;10321;3.87;0.24;353.10;11.87;1342;34;3552.00;213
8770;27;622457872;8770;644;10108;10321;3.83;0.23;353.02;11.87;1338;34;3553.00;213
8770;27;622457891;8770;645;10108;10321;3.79;0.23;353.02;11.87;1338;34;3554.00;213
8771;27;622457906;8771;645;10109;10323;3.75;0.23;352.99;11.87;1338;34;3555.00;214
8771;27;622457924;8771;647;10109;10323;3.75;0.23;352.99;11.87;1338;34;3556.00;214
8774;27;622457952;8774;646;10112;10327;3.76;0.23;352.96;11.86;1338;34;3557.00;215
8775;27;622457973;8775;648;10112;10327;3.73;0.23;352.94;11.86;1337;34;3558.00;215
8775;27;622457991;8775;644;10115;10331;3.73;0.23;352.94;11.86;1340;34;3559.00;216
8776;27;622458007;8776;638;10115;10331;3.71;0.23;352.94;11.86;1339;34;3560.00;216
8778;27;622458022;8778;639;10115;10331;3.68;0.22;352.92;11.86;1337;34;3561.00;216
8782;27;622458037;8782;639;10115;10331;3.59;0.22;352.91;11.86;1333;34;3562.00;216
8782;27;622458052;8782;620;10115;10331;3.56;0.22;352.91;11.86;1333;34;3563.00;216
8785;27;622458066;8785;621;10124;10343;3.60;0.22;352.87;11.85;1339;34;3564.00;219
8785;27;622458081;8785;612;10124;10343;3.61;0.22;352.87;11.85;1339;34;3565.00;219
8787;27;622458095;8787;611;10124;10343;3.63;0.22;352.85;11.85;1337;34;3566.00;219
8788;27;622458109;8788;606;10124;10343;3.60;0.22;352.84;11.85;1336;34;3567.00;219
8790;27;622458122;8790;608;10124;10343;3.56;0.22;352.86;11.85;1334;34;3568.00;219
8791;27;622458135;8791;608;10124;10343;3.54;0.21;352.86;11.85;1333;34;3569.00;219
8792;27;622458163;8792;599;10124;10344;3.59;0.22;352.84;11.85;1332;34;3570.00;220
8795;27;622458177;8795;595;10124;10344;3.63;0.22;352.87;11.85;1329;34;3571.00;220
8796;27;622458191;8796;589;10128;10350;3.72;0.23;352.88;11.85;1332;34;3572.00;222
8796;27;622458206;8796;587;10128;10351;3.80;0.23;352.88;11.85;1332;34;3573.00;223
8799;27;622458220;8799;584;10128;10351;3.87;0.23;352.84;11.85;1329;34;3574.00;223
8801;27;622458235;8801;584;10128;10351;3.93;0.24;352.82;11.85;1327;34;3575.00;223
8804;27;622458251;8804;578;10131;10355;4.01;0.24;352.75;11.84;1327;34;3576.00;224
8808;27;622458267;8808;570;10131;10355;4.06;0.25;352.72;11.84;1323;34;3577.00;224
8810;27;622458289;8810;564;10131;10355;4.09;0.25;352.69;11.84;1321;34;3578.00;224
8811;27;622458303;8811;556;10133;10356;4.14;0.25;352.68;11.84;1322;34;3579.00;223
8815;27;622458319;8815;546;10136;10360;4.18;0.25;352.69;11.84;1321;34;3580.00;224
8815;27;622458333;8815;539;10136;10360;4.19;0.25;352.69;11.84;1321;34;3581.00;224
8818;27;622458348;8818;533;10137;10363;4.20;0.25;352.69;11.84;1319;34;3582.00;226
8820;27;622458363;8820;527;10137;10363;4.24;0.26;352.71;11.84;1317;34;3583.00;226
8821;27;622458377;8821;523;10137;10363;4.31;0.26;352.76;11.84;1316;34;3584.00;226
8825;27;622458394;8825;513;10137;10363;4.30;0.26;352.85;11.84;1312;34;3585.00;226
8831;27;622458410;8831;509;10140;10367;4.31;0.26;352.83;11.84;1309;34;3586.00;227
8832;27;622458428;8832;500;10140;10367;4.28;0.26;352.93;11.84;1308;34;3587.00;227
8837;27;622458444;8837;495;10140;10367;4.27;0.26;352.85;11.84;1303;34;3588.00;227
8842;27;622458462;8842;494;10140;10367;4.29;0.26;352.90;11.84;1298;34;3589.00;227
8846;27;622458478;8846;496;10140;10368;4.34;0.26;352.96;11.84;1294;34;3590.00;228
8851;27;622458494;8851;490;10140;10369;4.35;0.26;353.01;11.84;1289;34;3591.00;229
8855;27;622458512;8855;485;10140;10369;4.35;0.26;353.09;11.84;1285;34;3592.00;229
8860;27;622458528;8860;480;10141;10370;4.38;0.27;353.21;11.84;1281;34;3593.00;229
8862;27;622458543;8862;478;10141;10370;4.40;0.27;353.20;11.84;1279;34;3594.00;229
8865;27;622458559;8865;475;10141;10370;4.43;0.27;353.18;11.84;1276;34;3595.00;229
8868;27;622458573;8868;473;10141;10370;4.49;0.27;353.33;11.84;1273;34;3596.00;229
8871;27;622458589;8871;467;10141;10370;4.53;0.28;353.47;11.84;1270;34;3597.00;229
8875;27;622458604;8875;463;10141;10370;4.57;0.28;353.56;11.84;1266;34;3598.00;229
8878;27;622458619;8878;460;10141;10370;4.60;0.28;353.57;11.84;1263;34;3599.00;229
8880;27;622458645;8880;508;10267;10623;4.91;0.31;353.55;11.69;1387;34;3600.00;356
8883;27;622458688;8883;489;10275;10624;4.97;0.31;353.55;11.69;1392;34;3601.00;349
8886;27;622458705;8886;474;10283;10624;5.00;0.31;353.49;11.68;1397;34;3602.00;341
8887;27;622458722;8887;468;10292;10624;5.05;0.32;353.49;11.68;1405;34;3603.00;332
8889;27;622458738;8889;458;10297;10624;5.03;0.31;353.49;11.68;1408;34;3604.00;327
8892;27;622458763;8892;457;10303;10624;5.02;0.31;353.55;11.67;1411;34;3605.00;321
8898;27;622458780;8898;457;10306;10624;5.04;0.31;353.58;11.67;1408;34;3606.00;318
8904;27;622458799;8904;455;10307;10624;5.03;0.31;353.59;11.67;1403;34;3607.00;317
8906;27;622458819;8906;455;10310;10625;5.10;0.32;353.61;11.67;1404;34;3608.00;315
8909;27;622458838;8909;451;10312;10626;5.14;0.32;353.65;11.67;1403;34;3609.00;314
8913;27;622458859;8913;451;10314;10626;5.20;0.32;353.75;11.74;1401;34;3610.00;312
8917;27;622458878;8917;461;10318;10627;5.17;0.32;353.79;11.75;1401;34;3611.00;309
8921;27;622458897;8921;463;10322;10627;5.17;0.32;353.78;11.75;1401;34;3612.00;305
8926;27;622458914;8926;457;10322;10627;5.13;0.32;353.80;11.75;1396;34;3613.00;305
8929;27;622458932;8929;463;10323;10627;5.08;0.31;353.81;11.75;1394;34;3614.00;304
8933;27;622458949;8933;478;10327;10631;5.04;0.31;353.87;11.75;1394;34;3615.00;304
8934;27;622458967;8934;479;10327;10631;5.03;0.31;353.92;11.75;1393;34;3616.00;304
8937;27;622458985;8937;474;10330;10631;4.98;0.31;354.00;11.75;1393;34;3617.00;301
8940;27;622459003;8940;472;10331;10634;4.95;0.30;354.11;11.75;1391;34;3618.00;303
8941;27;622459029;8941;469;10332;10634;4.91;0.30;354.16;11.76;1391;34;3619.00;302
8944;28;622459051;8944;467;10334;10634;4.92;0.30;354.28;11.76;1390;35;3620.00;300
8948;28;622459090;8948;468;10337;10638;4.92;0.30;354.29;11.76;1389;35;3621.00;301
8953;28;622459109;8953;480;10339;10639;4.92;0.30;354.37;11.76;1386;35;3622.00;300
8955;28;622459126;8955;486;10341;10639;4.91;0.30;354.55;11.76;1386;35;3623.00;298
8958;28;622459144;8958;495;10343;10643;4.89;0.30;354.61;11.76;1385;35;3624.00;300
8963;28;622459162;8963;500;10345;10643;4.81;0.29;354.71;11.77;1382;35;3625.00;298
8965;28;622459179;8965;489;10346;10643;4.83;0.29;354.82;11.77;1381;35;3626.00;297
8967;28;622459196;8967;486;10349;10644;4.84;0.30;354.79;11.78;1382;35;3627.00;295
8971;28;622459212;8971;472;10351;10644;4.87;0.30;354.90;11.78;1380;35;3628.00;293
8974;28;622459229;8974;473;10357;10650;4.93;0.30;354.97;11.85;1383;35;3629.00;293
8977;28;622459255;8977;478;10358;10650;4.95;0.30;355.13;11.86;1381;35;3630.00;292
8980;28;622459271;8980;481;10362;10651;4.95;0.30;355.09;11.86;1382;35;3631.00;289
8985;28;622459287;8985;480;10363;10651;4.95;0.30;355.38;11.86;1378;35;3632.00;288
8987;28;622459304;8987;486;10365;10651;4.94;0.30;355.52;11.86;1378;35;3633.00;286
8990;28;622459320;8990;491;10366;10651;4.87;0.30;355.71;11.86;1376;35;3634.00;285
8993;28;622459335;8993;502;10369;10651;4.83;0.29;355.87;11.87;1376;35;3635.00;282
8997;28;622459351;8997;500;10375;10663;4.79;0.29;356.04;11.86;1378;35;3636.00;288
9003;28;622459367;9003;499;10377;10663;4.75;0.29;356.28;11.87;1374;35;3637.00;286
9005;28;622459383;9005;499;10377;10663;4.75;0.29;356.30;11.87;1372;35;3638.00;286
9005;28;622459399;9005;497;10380;10663;4.77;0.29;356.30;11.87;1375;35;3639.00;283
9006;28;622459415;9006;494;10383;10663;4.80;0.29;356.29;11.88;1377;35;3640.00;280
9009;28;622459430;9009;494;10384;10663;4.82;0.29;356.40;11.88;1375;35;3641.00;279
9014;28;622459446;9014;493;10387;10667;4.86;0.30;356.49;11.87;1373;35;3642.00;280
9016;28;622459461;9016;490;10389;10667;4.91;0.30;356.57;11.88;1373;35;3643.00;278
9019;28;622459478;9019;488;10393;10671;4.97;0.30;356.72;11.88;1374;35;3644.00;278
9023;28;622459494;9023;487;10397;10673;4.99;0.30;356.80;11.88;1374;35;3645.00;276
9031;28;622459510;9031;488;10398;10673;4.95;0.30;356.91;11.95;1367;35;3646.00;275
9034;28;622459526;9034;487;10400;10673;4.92;0.30;357.00;11.96;1366;35;3647.00;273
9035;28;622459541;9035;490;10409;10686;4.96;0.30;356.97;11.95;1374;35;3648.00;277
9037;28;622459557;9037;479;10410;10686;5.00;0.30;357.11;11.95;1373;35;3649.00;276
9038;28;622459572;9038;482;10411;10686;4.99;0.30;357.15;11.95;1373;35;3650.00;275
9039;28;622459588;9039;484;10413;10687;4.99;0.30;357.14;11.96;1374;35;3651.00;274
9041;28;622459603;9041;489;10416;10688;4.99;0.30;357.16;12.10;1375;35;3652.00;272
9041;28;622459619;9041;494;10417;10688;4.97;0.30;357.16;12.11;1376;35;3653.00;271
9041;28;622459634;9041;495;10419;10691;4.91;0.30;357.16;12.11;1378;35;3654.00;272
9041;28;622459650;9041;500;10421;10691;4.90;0.30;357.16;12.11;1380;35;3655.00;270
9042;28;622459664;9042;511;10422;10691;4.79;0.29;357.22;12.18;1380;35;3656.00;269
9043;28;622459679;9043;511;10423;10691;4.76;0.29;357.24;12.18;1380;35;3657.00;268
9045;28;622459694;9045;526;10428;10697;4.71;0.29;357.24;12.18;1383;35;3658.00;269
9045;28;622459709;9045;524;10430;10697;4.68;0.29;357.24;12.18;1385;35;3659.00;267
9046;28;622459725;9046;526;10430;10697;4.66;0.28;357.29;12.18;1384;35;3660.00;267
9047;28;622459741;9047;522;10431;10697;4.60;0.28;357.34;12.18;1384;35;3661.00;266
9048;28;622459756;9048;519;10434;10701;4.60;0.28;357.30;12.18;1386;35;3662.00;267
9051;28;622459771;9051;522;10434;10702;4.60;0.28;357.43;12.18;1383;35;3663.00;268
9053;28;622459786;9053;517;10435;10702;4.64;0.28;357.46;12.18;1382;35;3664.00;267
9055;28;622459801;9055;517;10436;10703;4.66;0.28;357.42;12.18;1381;35;3665.00;267
9059;28;622459816;9059;514;10436;10703;4.61;0.28;357.60;12.18;1377;35;3666.00;267
9062;28;622459831;9062;522;10436;10703;4.60;0.28;357.57;12.18;1374;35;3667.00;267
9067;28;622459847;9067;527;10436;10703;4.59;0.28;357.59;12.18;1369;35;3668.00;267
9067;28;622459869;9067;523;10436;10703;4.60;0.28;357.59;12.18;1369;35;3669.00;267
9068;28;622459890;9068;516;10437;10703;4.56;0.28;357.60;12.18;1369;35;3670.00;266
9072;28;622459916;9072;513;10438;10703;4.51;0.27;357.75;12.18;1366;35;3671.00;265
9075;28;622459939;9075;508;10470;10773;4.57;0.28;357.86;12.35;1395;36;3672.00;303
9076;28;622459984;9076;506;10472;10774;4.59;0.28;357.86;12.43;1396;36;3673.00;302
9078;28;622460002;9078;498;10477;10774;4.64;0.28;357.85;12.42;1399;36;3674.00;297
9080;28;622460020;9080;492;10480;10774;4.65;0.28;357.97;12.42;1400;36;3675.00;294
9084;28;622460039;9084;499;10486;10774;4.64;0.28;357.95;12.42;1402;36;3676.00;288
9085;28;622460062;9085;494;10487;10774;4.67;0.29;357.95;12.42;1402;36;3677.00;287
9089;28;622460080;9089;493;10491;10774;4.65;0.29;357.87;12.42;1402;36;3678.00;283
9090;28;622460098;9090;495;10492;10774;4.67;0.29;357.86;12.42;1402;36;3679.00;282
9092;28;622460115;9092;499;10494;10775;4.69;0.29;357.94;12.42;1402;36;3680.00;281
9096;28;622460131;9096;503;10496;10776;4.66;0.28;357.88;12.41;1400;36;3681.00;280
9097;28;622460156;9097;509;10498;10776;4.66;0.28;357.93;12.41;1401;36;3682.00;278
9099;28;622460172;9099;510;10503;10780;4.66;0.28;358.00;12.41;1404;36;3683.00;277
9101;28;622460189;9101;510;10504;10780;4.63;0.28;357.95;12.41;1403;36;3684.00;276
9104;28;622460205;9104;510;10505;10780;4.62;0.28;357.97;12.41;1401;36;3685.00;275
9106;28;622460222;9106;517;10507;10780;4.58;0.28;357.97;12.42;1401;36;3686.00;273
9110;28;622460239;9110;527;10511;10786;4.58;0.28;358.02;12.41;1401;36;3687.00;275
9114;28;622460257;9114;536;10512;10786;4.51;0.28;358.09;12.41;1398;36;3688.00;274
9115;28;622460273;9115;546;10514;10786;4.49;0.27;358.08;12.42;1399;36;3689.00;272
9116;28;622460290;9116;551;10519;10792;4.46;0.27;358.09;12.41;1403;36;3690.00;273
9118;28;622460307;9118;553;10520;10792;4.43;0.27;358.07;12.41;1402;36;3691.00;272
9119;28;622460322;9119;562;10523;10792;4.41;0.27;358.04;12.42;1404;36;3692.00;269
9120;28;622460338;9120;564;10523;10793;4.38;0.27;358.01;12.42;1403;36;3693.00;270
9122;28;622460354;9122;577;10527;10794;4.35;0.27;358.01;12.43;1405;36;3694.00;267
9124;28;622460370;9124;578;10527;10794;4.31;0.26;358.01;12.43;1403;36;3695.00;267
9125;28;622460386;9125;591;10538;10807;4.32;0.26;357.98;12.43;1413;36;3696.00;269
9127;28;622460403;9127;591;10538;10807;4.32;0.26;357.99;12.43;1411;36;3697.00;269
9132;28;622460419;9132;591;10539;10807;4.28;0.26;358.02;12.44;1407;36;3698.00;268
9136;28;622460436;9136;599;10540;10808;4.22;0.26;358.00;12.43;1404;36;3699.00;268
9139;28;622460452;9139;609;10542;10808;4.15;0.25;357.95;12.51;1403;36;3700.00;266
9141;28;622460473;9141;610;10546;10812;4.16;0.25;357.96;12.51;1405;36;3701.00;266
9143;28;622460489;9143;621;10547;10812;4.09;0.25;357.89;12.52;1404;36;3702.00;265
9145;28;622460505;9145;627;10550;10816;4.06;0.25;357.88;12.51;1405;36;3703.00;266
9145;28;622460522;9145;634;10551;10816;4.05;0.25;357.88;12.52;1406;36;3704.00;265
9146;28;622460538;9146;637;10551;10816;4.03;0.25;357.84;12.52;1405;36;3705.00;265
9150;28;622460552;9150;642;10551;10816;3.98;0.24;357.80;12.52;1401;36;3706.00;265
9152;28;622460568;9152;647;10552;10816;3.95;0.24;357.89;12.53;1400;36;3707.00;264
9153;28;622460583;9153;654;10563;10828;3.99;0.24;357.86;12.52;1410;36;3708.00;265
9154;28;622460600;9154;655;10563;10828;3.99;0.24;357.89;12.52;1409;36;3709.00;265
9159;28;622460615;9159;664;10563;10828;3.93;0.24;357.79;12.52;1404;36;3710.00;265
9161;28;622460630;9161;671;10563;10828;3.89;0.24;357.80;12.52;1402;36;3711.00;265
9161;28;622460646;9161;674;10563;10828;3.85;0.24;357.80;12.52;1402;36;3712.00;265
9161;28;622460661;9161;685;10565;10828;3.80;0.23;357.80;12.53;1404;36;3713.00;263
9162;28;622460676;9162;691;10565;10829;3.75;0.23;357.81;12.53;1403;36;3714.00;264
9163;29;622460691;9163;682;10566;10829;3.73;0.23;357.78;12.54;1403;37;3715.00;263
9164;29;622460716;9164;674;10572;10835;3.77;0.23;357.77;12.54;1408;37;3716.00;263
9165;29;622460734;9165;673;10573;10836;3.75;0.23;357.74;12.54;1408;37;3717.00;263
9166;29;622460750;9166;668;10574;10836;3.76;0.23;357.72;12.54;1408;37;3718.00;262
9167;29;622460768;9167;665;10575;10836;3.76;0.23;357.72;12.54;1408;37;3719.00;261
9168;29;622460787;9168;664;10577;10841;3.85;0.24;357.68;12.54;1409;37;3720.00;264
9168;29;622460805;9168;659;10579;10841;3.90;0.24;357.68;12.54;1411;37;3721.00;262
9170;29;622460828;9170;657;10579;10841;3.90;0.24;357.65;12.54;1409;37;3722.00;262
9172;29;622460855;9172;641;10580;10842;3.93;0.24;357.63;12.54;1408;37;3723.00;262
9173;29;622460871;9173;636;10583;10846;3.91;0.24;357.63;12.53;1410;37;3724.00;263
9174;29;622460886;9174;636;10583;10846;3.91;0.24;357.60;12.53;1409;37;3725.00;263
9175;29;622460901;9175;622;10585;10849;3.92;0.24;357.59;12.53;1410;37;3726.00;264
9176;29;622460916;9176;624;10585;10849;3.90;0.24;357.69;12.53;1409;37;3727.00;264
9181;29;622460933;9181;625;10585;10849;3.89;0.24;357.58;12.53;1404;37;3728.00;264
9181;29;622460949;9181;621;10585;10849;3.93;0.24;357.58;12.53;1404;37;3729.00;264
9184;29;622460964;9184;621;10588;10853;4.00;0.24;357.60;12.53;1404;37;3730.00;265
9184;29;622460980;9184;619;10588;10853;4.00;0.24;357.60;12.53;1404;37;3731.00;265
9185;29;622460994;9185;617;10588;10853;4.02;0.25;357.59;12.53;1403;37;3732.00;265
9187;29;622461009;9187;618;10588;10853;4.01;0.24;357.56;12.53;1401;37;3733.00;265
9190;29;622461024;9190;622;10588;10854;3.97;0.24;357.54;12.53;1398;37;3734.00;266
9192;29;622461039;9192;622;10590;10856;3.93;0.24;357.52;12.52;1398;37;3735.00;266
9197;29;622461053;9197;624;10590;10856;3.87;0.24;357.53;12.52;1393;37;3736.00;266
9201;29;622461068;9201;627;10591;10857;3.84;0.23;357.42;12.52;1390;37;3737.00;266
9202;29;622461083;9202;639;10591;10857;3.80;0.23;357.41;12.52;1389;37;3738.00;266
9205;29;622461097;9205;638;10591;10857;3.78;0.23;357.38;12.52;1386;37;3739.00;266
9206;29;622461111;9206;625;10591;10857;3.81;0.23;357.37;12.52;1385;37;3740.00;266
9210;29;622461126;9210;601;10591;10857;3.82;0.23;357.36;12.52;1381;37;3741.00;266
9212;29;622461141;9212;595;10591;10857;3.87;0.24;357.32;12.52;1379;37;3742.00;266
9214;29;622461156;9214;595;10591;10857;3.89;0.24;357.44;12.52;1377;37;3743.00;266
9216;29;622461171;9216;595;10660;10984;4.19;0.26;357.43;12.44;1444;37;3744.00;324
9219;29;622461195;9219;588;10664;10985;4.23;0.26;357.47;12.44;1445;37;3745.00;321
9222;29;622461211;9222;582;10669;10985;4.24;0.26;357.47;12.43;1447;37;3746.00;316
9224;29;622461234;9224;572;10670;10985;4.28;0.27;357.50;12.43;1446;37;3747.00;315
9226;29;622461250;9226;566;10674;10985;4.29;0.27;357.71;12.43;1448;37;3748.00;311
9228;29;622461267;9228;555;10674;10985;4.27;0.27;357.68;12.43;1446;37;3749.00;311
9229;29;622461285;9229;543;10678;10990;4.28;0.27;357.69;12.43;1449;37;3750.00;312
9235;29;622461303;9235;538;10678;10990;4.25;0.26;357.85;12.43;1443;37;3751.00;312
9240;29;622461330;9240;530;10679;10991;4.22;0.26;357.87;12.43;1439;37;3752.00;312
9240;29;622461350;9240;526;10679;10992;4.23;0.26;357.87;12.43;1439;37;3753.00;313
9244;29;622461366;9244;523;10680;10992;4.23;0.26;357.88;12.43;1436;37;3754.00;312
9245;29;622461383;9245;526;10682;10993;4.27;0.26;357.89;12.42;1437;37;3755.00;311
9248;29;622461400;9248;521;10685;10993;4.33;0.27;357.95;12.42;1437;37;3756.00;308
9251;29;622461417;9251;520;10685;10993;4.39;0.27;358.02;12.42;1434;37;3757.00;308
9257;29;622461433;9257;526;10685;10993;4.39;0.27;358.15;12.42;1428;37;3758.00;308
9261;29;622461451;9261;523;10687;10997;4.41;0.27;358.25;12.42;1426;37;3759.00;310
9264;29;622461470;9264;524;10688;10997;4.46;0.27;358.34;12.42;1424;37;3760.00;309
9267;29;622461488;9267;515;10688;10997;4.51;0.28;358.37;12.42;1421;37;3761.00;309
9271;29;622461511;9271;510;10688;11000;4.49;0.27;358.36;12.42;1417;37;3762.00;312
9273;29;622461528;9273;511;10688;11000;4.48;0.27;358.46;12.42;1415;37;3763.00;312
9276;29;622461543;9276;503;10688;11000;4.50;0.28;358.63;12.42;1412;37;3764.00;312
9278;29;622461559;9278;503;10692;11004;4.54;0.28;358.64;12.42;1414;37;3765.00;312
9282;29;622461575;9282;508;10692;11005;4.55;0.28;358.66;12.42;1410;37;3766.00;313
9288;29;622461591;9288;512;10692;11005;4.53;0.28;358.75;12.42;1404;37;3767.00;313
9290;29;622461607;9290;507;10694;11009;4.52;0.28;358.70;12.42;1404;37;3768.00;315
9291;29;622461624;9291;510;10694;11009;4.58;0.28;358.74;12.42;1403;37;3769.00;315
9297;29;622461640;9297;513;10695;11009;4.60;0.28;358.75;12.42;1398;37;3770.00;314
9299;29;622461656;9299;508;10696;11010;4.61;0.28;358.73;12.43;1397;37;3771.00;314
9303;29;622461671;9303;505;10697;11010;4.61;0.28;358.77;12.43;1394;37;3772.00;313
9307;29;622461687;9307;504;10701;11016;4.58;0.28;358.88;12.43;1394;37;3773.00;315
9309;29;622461704;9309;495;10703;11016;4.61;0.28;358.96;12.43;1394;37;3774.00;313
9315;29;622461719;9315;493;10703;11017;4.62;0.28;359.04;12.43;1388;37;3775.00;314
9321;29;622461734;9321;475;10703;11017;4.67;0.28;359.02;12.43;1382;37;3776.00;314
9326;29;622461750;9326;477;10703;11017;4.73;0.29;359.15;12.43;1377;37;3777.00;314
9331;29;622461766;9331;481;10706;11017;4.78;0.29;359.36;12.44;1375;37;3778.00;311
9333;29;622461781;9333;475;10708;11017;4.78;0.29;359.37;12.44;1375;37;3779.00;309
9337;29;622461798;9337;482;10730;11053;4.85;0.30;359.38;12.42;1393;37;3780.00;323
9337;29;622461816;9337;492;10734;11053;4.85;0.30;359.38;12.42;1397;37;3781.00;319
9340;29;622461831;9340;490;10736;11053;4.82;0.29;359.39;12.42;1396;37;3782.00;317
9343;29;622461849;9343;491;10738;11053;4.80;0.29;359.49;12.43;1395;37;3783.00;315
9345;29;622461874;9345;498;10739;11053;4.75;0.29;359.50;12.43;1394;37;3784.00;314
9351;29;622461897;9351;496;10742;11053;4.70;0.29;359.60;12.43;1391;37;3785.00;311
9354;29;622461921;9354;504;10748;11057;4.67;0.28;359.67;12.43;1394;37;3786.00;309
9358;29;622461946;9358;504;10751;11057;4.61;0.28;359.82;12.52;1393;37;3787.00;306
9362;29;622461971;9362;494;10754;11061;4.57;0.28;359.98;12.52;1392;37;3788.00;307
9363;29;622461989;9363;491;10754;11062;4.58;0.28;360.03;12.52;1391;37;3789.00;308
9365;29;622462008;9365;498;10755;11062;4.58;0.28;360.11;12.53;1390;37;3790.00;307
9368;29;622462027;9368;499;10758;11062;4.59;0.28;360.21;12.53;1390;37;3791.00;304
9368;29;622462045;9368;508;10765;11075;4.66;0.28;360.21;12.52;1397;37;3792.00;310
9369;29;622462063;9369;510;10769;11075;4.68;0.29;360.24;12.53;1400;37;3793.00;306
9371;29;622462080;9371;508;10773;11075;4.68;0.29;360.25;12.54;1402;37;3794.00;302
9374;29;622462097;9374;514;10774;11076;4.68;0.29;360.29;12.54;1400;37;3795.00;302
9381;29;622462115;9381;504;10775;11077;4.62;0.28;360.49;12.54;1394;37;3796.00;302
9384;29;622462141;9384;504;10775;11077;4.60;0.28;360.66;12.54;1391;37;3797.00;302
9387;29;622462160;9387;513;10776;11080;4.57;0.28;360.72;12.55;1389;37;3798.00;304
9390;29;622462177;9390;517;10779;11080;4.54;0.28;360.77;12.55;1389;37;3799.00;301
9393;29;622462196;9393;520;10779;11080;4.49;0.27;360.85;12.55;1386;37;3800.00;301
9394;29;622462218;9394;532;10782;11080;4.48;0.27;360.90;12.55;1388;37;3801.00;298
9396;29;622462235;9396;542;10786;11086;4.52;0.28;360.98;12.63;1390;37;3802.00;300
9400;29;622462254;9400;539;10788;11086;4.53;0.28;361.15;12.63;1388;37;3803.00;298
9404;29;622462271;9404;535;10792;11086;4.56;0.28;361.32;12.63;1388;37;3804.00;294
9405;29;622462288;9405;542;10792;11086;4.60;0.28;361.33;12.63;1387;38;3805.00;294
9408;29;622462315;9408;551;10799;11090;4.58;0.28;361.41;12.63;1391;38;3806.00;291
9411;29;622462333;9411;555;10800;11091;4.54;0.28;361.41;12.63;1389;38;3807.00;291
9416;29;622462351;9416;548;10802;11091;4.52;0.28;361.51;12.63;1386;38;3808.00;289
9421;29;622462370;9421;550;10803;11092;4.49;0.27;361.59;12.63;1382;38;3809.00;289
9424;29;622462390;9424;548;10803;11092;4.48;0.27;361.74;12.63;1379;38;3810.00;289
9427;29;622462408;9427;544;10804;11092;4.49;0.27;361.69;12.63;1377;38;3811.00;288
9429;29;622462424;9429;531;10805;11092;4.50;0.27;361.79;12.71;1376;38;3812.00;287
9431;29;622462441;9431;534;10805;11092;4.53;0.28;361.77;12.71;1374;38;3813.00;287
9433;29;622462457;9433;524;10805;11092;4.53;0.28;361.77;12.71;1372;38;3814.00;287
9436;29;622462475;9436;525;10805;11092;4.51;0.28;361.91;12.71;1369;38;3815.00;287
9442;29;622462492;9442;537;10841;11162;4.49;0.27;362.17;12.66;1399;38;3816.00;321
9444;29;622462515;9444;530;10843;11163;4.48;0.27;362.18;12.66;1399;38;3817.00;320
9449;29;622462534;9449;531;10849;11163;4.51;0.28;362.26;12.74;1400;38;3818.00;314
9450;29;622462553;9450;533;10850;11163;4.57;0.28;362.29;12.73;1400;38;3819.00;313
9452;29;622462570;9452;543;10855;11163;4.57;0.28;362.42;12.73;1403;38;3820.00;308
9453;29;622462588;9453;544;10857;11163;4.59;0.28;362.57;12.73;1404;38;3821.00;306
9453;29;622462605;9453;555;10860;11163;4.67;0.29;362.57;12.73;1407;38;3822.00;303
9457;29;622462624;9457;557;10863;11163;4.66;0.29;362.67;12.73;1406;38;3823.00;300
9457;29;622462642;9457;567;10864;11164;4.68;0.29;362.67;12.73;1407;38;3824.00;300
9458;29;622462658;9458;567;10868;11166;4.69;0.29;362.64;12.72;1410;38;3825.00;298
9459;29;622462676;9459;561;10871;11166;4.70;0.29;362.62;12.79;1412;38;3826.00;295
9460;29;622462695;9460;561;10877;11170;4.66;0.29;362.67;12.79;1417;38;3827.00;293
9463;29;622462712;9463;570;10877;11170;4.60;0.28;362.65;12.79;1414;38;3828.00;293
9467;29;622462730;9467;583;10878;11170;4.55;0.28;362.78;12.79;1411;38;3829.00;292
9467;29;622462746;9467;579;10878;11170;4.59;0.28;362.78;12.79;1411;38;3830.00;292
9472;29;622462763;9472;582;10882;11176;4.59;0.28;362.75;12.79;1410;38;3831.00;294
9475;29;622462781;9475;584;10883;11176;4.59;0.28;362.74;12.79;1408;38;3832.00;293
9475;29;622462798;9475;584;10883;11176;4.58;0.28;362.74;12.79;1408;38;3833.00;293
9477;29;622462816;9477;579;10885;11179;4.54;0.28;362.71;12.78;1408;38;3834.00;294
9479;29;622462832;9479;578;10885;11179;4.53;0.28;362.70;12.78;1406;38;3835.00;294
9480;29;622462852;9480;571;10886;11179;4.56;0.28;362.77;12.78;1406;38;3836.00;293
9480;29;622462875;9480;572;10886;11180;4.55;0.28;362.77;12.78;1406;38;3837.00;294
9480;29;622462901;9480;566;10887;11181;4.57;0.28;362.77;12.78;1407;38;3838.00;294
9484;29;622462926;9484;574;10887;11181;4.52;0.28;362.76;12.78;1403;38;3839.00;294
9487;29;622462951;9487;571;10903;11207;4.48;0.28;362.74;12.76;1416;38;3840.00;304
9488;29;622462977;9488;573;10904;11207;4.48;0.28;362.71;12.76;1416;38;3841.00;303
9490;29;622462995;9490;560;10907;11207;4.48;0.28;362.73;12.83;1417;38;3842.00;300
9497;29;622463014;9497;564;10909;11208;4.43;0.27;362.70;12.83;1412;38;3843.00;299
9503;29;622463033;9503;563;10910;11208;4.38;0.27;362.61;12.90;1407;39;3844.00;298
9509;29;622463068;9509;565;10913;11212;4.37;0.27;362.63;12.90;1404;39;3845.00;299
9510;29;622463092;9510;573;10915;11214;4.39;0.27;362.65;12.90;1405;39;3846.00;299
9514;29;622463120;9514;574;10918;11218;4.35;0.27;362.68;12.89;1404;39;3847.00;300
9517;29;622463144;9517;576;10918;11218;4.34;0.27;362.66;12.89;1401;39;3848.00;300
9521;29;622463162;9521;587;10918;11218;4.31;0.26;362.74;12.89;1397;39;3849.00;300
9524;29;622463180;9524;588;10918;11218;4.30;0.26;362.74;12.89;1394;39;3850.00;300
9527;29;622463199;9527;592;10918;11218;4.27;0.26;362.68;12.89;1391;39;3851.00;300
9530;29;622463217;9530;586;10927;11230;4.29;0.26;362.63;12.88;1397;39;3852.00;303
9533;29;622463237;9533;584;10928;11230;4.28;0.26;362.65;12.88;1395;39;3853.00;302
9536;29;622463256;9536;591;10929;11230;4.31;0.26;362.64;12.88;1393;39;3854.00;301
9539;29;622463274;9539;595;10929;11230;4.28;0.26;362.62;12.88;1390;39;3855.00;301
9540;29;622463292;9540;604;10929;11230;4.26;0.26;362.59;12.88;1389;39;3856.00;301
9541;29;622463309;9541;606;10929;11230;4.26;0.26;362.62;12.88;1388;39;3857.00;301
9545;29;622463328;9545;611;10930;11231;4.23;0.26;362.59;12.88;1385;39;3858.00;301
9546;29;622463346;9546;607;10930;11231;4.20;0.26;362.62;12.88;1384;39;3859.00;301
9547;29;622463364;9547;606;10935;11237;4.20;0.26;362.65;12.88;1388;39;3860.00;302
9548;29;622463381;9548;613;10937;11238;4.18;0.26;362.70;12.88;1389;39;3861.00;301
9549;29;622463398;9549;606;10937;11238;4.18;0.26;362.67;12.88;1388;39;3862.00;301
9549;29;622463414;9549;617;10938;11238;4.15;0.25;362.67;12.88;1389;39;3863.00;300
9551;29;622463432;9551;613;10941;11242;4.08;0.25;362.69;12.88;1390;39;3864.00;301
9554;29;622463452;9554;617;10943;11242;4.02;0.25;362.84;12.88;1389;39;3865.00;299
9557;29;622463477;9557;625;10943;11242;3.96;0.24;362.83;12.88;1386;39;3866.00;299
9559;29;622463500;9559;611;10944;11243;3.95;0.24;362.80;12.88;1385;39;3867.00;299
9562;29;622463519;9562;610;10947;11247;3.94;0.24;362.80;12.87;1385;39;3868.00;300
9566;29;622463535;9566;604;10947;11247;3.97;0.24;362.89;12.87;1381;39;3869.00;300
9567;29;622463552;9567;610;10951;11253;4.03;0.25;362.87;12.87;1384;39;3870.00;302
9567;29;622463569;9567;604;10951;11253;4.09;0.25;362.87;12.87;1384;39;3871.00;302
9571;29;622463592;9571;608;10953;11253;4.14;0.25;362.85;12.87;1382;39;3872.00;300
9572;29;622463612;9572;610;10953;11253;4.21;0.26;362.88;12.87;1381;39;3873.00;300
9574;29;622463630;9574;604;10957;11257;4.29;0.26;362.90;12.86;1383;39;3874.00;300
9575;29;622463647;9575;607;10957;11257;4.31;0.26;362.90;12.86;1382;39;3875.00;300
9575;29;622463664;9575;606;10959;11257;4.34;0.26;362.90;13.03;1384;39;3876.00;298
9577;29;622463681;9577;609;10959;11257;4.35;0.26;362.88;13.03;1382;39;3877.00;298
9580;29;622463696;9580;615;10959;11258;4.33;0.26;362.84;13.03;1379;39;3878.00;299
9581;29;622463718;9581;619;10960;11259;4.34;0.26;362.92;13.03;1379;39;3879.00;299
9581;29;622463734;9581;614;10960;11259;4.31;0.26;362.92;13.03;1379;39;3880.00;299
9581;29;622463747;9581;613;10961;11260;4.32;0.26;362.92;13.03;1380;39;3881.00;299
9582;29;622463761;9582;621;10961;11260;4.30;0.26;362.95;13.03;1379;39;3882.00;299
9582;29;622463775;9582;628;10961;11260;4.27;0.26;362.95;13.03;1379;39;3883.00;299
9583;29;622463796;9583;626;10961;11260;4.26;0.26;363.01;13.03;1378;39;3884.00;299
9586;29;622463810;9586;626;10961;11260;4.25;0.26;362.96;13.03;1375;39;3885.00;299
9587;29;622463824;9587;629;10961;11260;4.28;0.26;362.95;13.03;1374;39;3886.00;299
9587;29;622463839;9587;629;10961;11260;4.27;0.26;362.95;13.03;1374;39;3887.00;299
9590;29;622463860;9590;649;11027;11387;4.48;0.28;362.96;12.95;1437;39;3888.00;360
9592;29;622463915;9592;634;11030;11388;4.48;0.28;362.92;12.95;1438;39;3889.00;358
9595;29;622463937;9595;618;11041;11388;4.54;0.28;363.00;12.93;1446;39;3890.00;347
9596;29;622463961;9596;610;11045;11388;4.54;0.28;362.98;12.93;1449;39;3891.00;343
9598;29;622463981;9598;611;11051;11388;4.56;0.28;362.95;12.93;1453;39;3892.00;337
9599;29;622463999;9599;611;11052;11388;4.51;0.28;363.04;12.93;1453;39;3893.00;336
9600;29;622464017;9600;597;11053;11388;4.49;0.28;363.03;12.92;1453;39;3894.00;335
9602;29;622464035;9602;601;11056;11388;4.50;0.28;363.14;12.92;1454;39;3895.00;332
9604;29;622464052;9604;601;11058;11389;4.50;0.28;363.20;12.92;1454;39;3896.00;331
9608;29;622464068;9608;607;11059;11390;4.49;0.27;363.15;12.92;1451;39;3897.00;331
9612;29;622464085;9612;608;11060;11390;4.49;0.27;363.22;12.92;1448;39;3898.00;330
9614;29;622464102;9614;611;11061;11391;4.46;0.27;363.24;12.92;1447;39;3899.00;330
9617;29;622464122;9617;618;11068;11406;4.41;0.27;363.18;12.92;1451;39;3900.00;338
9619;29;622464148;9619;612;11070;11406;4.37;0.27;363.32;12.92;1451;39;3901.00;336
9625;29;622464165;9625;615;11073;11406;4.26;0.26;363.32;12.92;1448;39;3902.00;333
9628;29;622464182;9628;628;11074;11410;4.21;0.26;363.37;12.91;1446;39;3903.00;336
9631;29;622464198;9631;626;11076;11410;4.17;0.25;363.46;12.92;1445;39;3904.00;334
9635;29;622464215;9635;637;11077;11410;4.14;0.25;363.51;12.91;1442;39;3905.00;333
9638;29;622464232;9638;642;11078;11413;4.14;0.25;363.46;12.91;1440;39;3906.00;335
9639;29;622464248;9639;650;11079;11413;4.13;0.25;363.46;12.91;1440;39;3907.00;334
9644;29;622464265;9644;651;11079;11413;4.09;0.25;363.50;12.91;1435;39;3908.00;334
9645;29;622464282;9645;652;11082;11417;4.11;0.25;363.48;12.91;1437;39;3909.00;335
9646;29;622464298;9646;644;11083;11418;4.13;0.25;363.58;12.91;1437;39;3910.00;335
9649;29;622464318;9649;633;11084;11418;4.12;0.25;363.64;12.91;1435;39;3911.00;334
9650;29;622464339;9650;626;11087;11422;4.19;0.26;363.62;12.91;1437;39;3912.00;335
9654;29;622464360;9654;614;11088;11422;4.21;0.26;363.69;12.91;1434;39;3913.00;334
9658;29;622464381;9658;621;11088;11422;4.24;0.26;363.73;12.91;1430;39;3914.00;334
9660;29;622464401;9660;614;11089;11424;4.29;0.26;363.71;12.91;1429;39;3915.00;335
9664;29;622464417;9664;608;11090;11424;4.31;0.26;363.74;12.91;1426;39;3916.00;334
9666;29;622464446;9666;603;11094;11430;4.37;0.27;363.73;12.91;1428;39;3917.00;336
9670;29;622464467;9670;584;11094;11430;4.39;0.27;363.86;12.91;1424;39;3918.00;336
9676;29;622464490;9676;575;11094;11431;4.39;0.27;364.10;12.91;1418;39;3919.00;337
9677;29;622464507;9677;568;11094;11431;4.45;0.27;364.11;12.91;1417;39;3920.00;337
9682;29;622464524;9682;555;11094;11431;4.45;0.27;364.39;12.91;1412;39;3921.00;337
9687;29;622464541;9687;552;11094;11431;4.45;0.27;364.57;12.91;1407;39;3922.00;337
9688;29;622464557;9688;542;11096;11431;4.50;0.27;364.59;12.91;1408;39;3923.00;335
9694;29;622464574;9694;526;11101;11443;4.55;0.28;364.75;12.91;1407;39;3924.00;342
9697;29;622464596;9697;518;11101;11443;4.65;0.28;364.84;12.91;1404;39;3925.00;342
9701;29;622464620;9701;504;11101;11443;4.73;0.29;364.95;12.91;1400;39;3926.00;342
9705;29;622464638;9705;504;11101;11443;4.81;0.29;365.02;12.91;1396;39;3927.00;342
9707;29;622464656;9707;494;11102;11443;4.86;0.30;365.02;12.91;1395;39;3928.00;341
9714;29;622464673;9714;498;11106;11443;4.85;0.30;365.03;12.91;1392;39;3929.00;337
9717;29;622464693;9717;496;11109;11447;4.87;0.30;365.04;12.91;1392;39;3930.00;338
9719;29;622464711;9719;490;11110;11447;4.86;0.30;365.15;12.91;1391;39;3931.00;337
9722;29;622464727;9722;492;11112;11451;4.87;0.30;365.16;12.91;1390;39;3932.00;339
9726;29;622464745;9726;490;11113;11452;4.85;0.30;365.28;12.92;1387;39;3933.00;339
9730;29;622464763;9730;491;11113;11452;4.86;0.30;365.44;12.92;1383;39;3934.00;339
9733;29;622464782;9733;497;11116;11452;4.88;0.30;365.50;12.92;1383;39;3935.00;336
9738;29;622464802;9738;494;11123;11465;4.86;0.30;365.62;12.91;1385;39;3936.00;342
9743;29;622464820;9743;491;11123;11465;4.82;0.29;365.81;12.91;1380;39;3937.00;342
9747;29;622464838;9747;487;11126;11465;4.81;0.29;365.96;12.91;1379;39;3938.00;339
9751;29;622464862;9751;492;11127;11466;4.79;0.29;366.13;12.92;1376;39;3939.00;339
9757;29;622464880;9757;494;11128;11467;4.76;0.29;366.07;12.92;1371;39;3940.00;339
9758;29;622464899;9758;497;11129;11467;4.81;0.29;366.19;12.92;1371;39;3941.00;338
9761;29;622464916;9761;495;11131;11470;4.83;0.29;366.24;12.92;1370;39;3942.00;339
9767;29;622464933;9767;500;11132;11470;4.84;0.29;366.29;12.92;1365;39;3943.00;338
9770;29;622464948;9770;493;11134;11470;4.84;0.29;366.32;12.93;1364;39;3944.00;336
9773;29;622464964;9773;489;11136;11470;4.83;0.29;366.35;12.93;1363;39;3945.00;334
9779;29;622464981;9779;498;11140;11476;4.85;0.30;366.50;12.93;1361;39;3946.00;336
9785;29;622465000;9785;503;11143;11476;4.86;0.30;366.70;12.93;1358;39;3947.00;333
9786;29;622465019;9786;499;11144;11476;4.87;0.30;366.71;12.93;1358;39;3948.00;332
9792;29;622465035;9792;497;11145;11476;4.82;0.29;366.84;12.93;1353;39;3949.00;331
9797;29;622465053;9797;497;11149;11480;4.81;0.29;366.96;12.93;1352;39;3950.00;331
9798;29;622465072;9798;502;11153;11481;4.81;0.29;366.96;13.01;1355;39;3951.00;328
9802;29;622465088;9802;502;11155;11481;4.77;0.29;366.99;13.01;1353;39;3952.00;326
9804;29;622465106;9804;502;11157;11482;4.72;0.29;367.00;13.01;1353;39;3953.00;325
9810;29;622465121;9810;507;11158;11482;4.63;0.28;367.07;13.01;1348;39;3954.00;324
9812;29;622465137;9812;505;11160;11482;4.56;0.28;367.11;13.01;1348;39;3955.00;322
9816;29;622465152;9816;508;11161;11482;4.47;0.27;367.31;13.01;1345;39;3956.00;321
9819;29;622465168;9819;495;11161;11482;4.39;0.27;367.38;13.01;1342;39;3957.00;321
9823;29;622465187;9823;500;11161;11482;4.34;0.26;367.44;13.01;1338;39;3958.00;321
9825;29;622465204;9825;501;11161;11482;4.29;0.26;367.51;13.01;1336;39;3959.00;321
9828;29;622465224;9828;528;11232;11607;4.38;0.27;367.63;12.92;1404;39;3960.00;375
9830;29;622465254;9830;525;11236;11608;4.37;0.27;367.60;12.92;1406;39;3961.00;372
9833;29;622465273;9833;518;11243;11608;4.38;0.27;367.73;12.91;1410;39;3962.00;365
9837;29;622465290;9837;526;11244;11608;4.41;0.27;367.66;12.91;1407;39;3963.00;364
9842;29;622465313;9842;533;11247;11608;4.46;0.27;367.72;12.91;1405;39;3964.00;361
9845;29;622465330;9845;533;11251;11608;4.48;0.27;367.73;12.91;1406;39;3965.00;357
9846;29;622465352;9846;524;11254;11608;4.54;0.28;367.69;12.90;1408;39;3966.00;354
9848;29;622465370;9848;512;11254;11608;4.58;0.28;367.72;12.90;1406;39;3967.00;354
9852;29;622465387;9852;516;11260;11609;4.56;0.28;367.84;12.98;1408;39;3968.00;349
9853;29;622465406;9853;519;11261;11610;4.60;0.28;367.86;12.98;1408;39;3969.00;349
9855;29;622465423;9855;525;11264;11610;4.59;0.28;367.89;12.98;1409;39;3970.00;346
9855;29;622465446;9855;530;11268;11614;4.58;0.28;367.89;12.97;1413;39;3971.00;346
9857;29;622465463;9857;539;11270;11614;4.55;0.28;367.91;12.97;1413;39;3972.00;344
9859;29;622465486;9859;547;11270;11614;4.54;0.28;367.91;12.97;1411;39;3973.00;344
9862;29;622465503;9862;547;11271;11614;4.51;0.28;367.93;12.97;1409;39;3974.00;343
9864;29;622465520;9864;575;11276;11620;4.44;0.27;367.99;12.97;1412;39;3975.00;344
9867;29;622465538;9867;577;11277;11620;4.42;0.27;368.00;12.97;1410;39;3976.00;343
9871;29;622465558;9871;574;11277;11620;4.40;0.27;368.06;12.97;1406;39;3977.00;343
9874;29;622465578;9874;576;11279;11623;4.40;0.27;368.05;12.96;1405;39;3978.00;344
9875;29;622465602;9875;567;11279;11623;4.40;0.27;368.05;12.96;1404;39;3979.00;344
9878;29;622465642;9878;564;11279;11623;4.42;0.27;368.11;12.96;1401;39;3980.00;344
9881;29;622465681;9881;565;11280;11624;4.39;0.27;368.13;12.96;1399;39;3981.00;344
9884;29;622465703;9884;563;11281;11625;4.38;0.27;368.32;12.96;1397;39;3982.00;344
9885;29;622465725;9885;561;11281;11625;4.39;0.27;368.35;12.96;1396;39;3983.00;344
9887;29;622465746;9887;564;11291;11638;4.44;0.27;368.48;12.95;1404;39;3984.00;347
9888;29;622465771;9888;565;11291;11638;4.49;0.27;368.47;12.95;1403;39;3985.00;347
9892;29;622465796;9892;571;11292;11638;4.48;0.27;368.65;12.95;1400;39;3986.00;346
9898;29;622465820;9898;580;11293;11639;4.47;0.27;368.60;12.95;1395;39;3987.00;346
9901;29;622465840;9901;582;11293;11639;4.45;0.27;368.69;12.95;1392;39;3988.00;346
9903;29;622465861;9903;592;11297;11643;4.43;0.27;368.64;12.95;1394;39;3989.00;346
9906;29;622465891;9906;597;11297;11643;4.42;0.27;368.75;12.95;1391;39;3990.00;346
9908;29;622465919;9908;605;11300;11647;4.42;0.27;368.91;12.94;1392;39;3991.00;347
9909;29;622465943;9909;609;11300;11647;4.41;0.27;368.90;12.94;1391;39;3992.00;347
9913;29;622465976;9913;613;11300;11647;4.38;0.27;368.95;12.94;1387;39;3993.00;347
9914;29;622465995;9914;616;11300;11647;4.35;0.27;368.95;12.94;1386;39;3994.00;347
9915;29;622466015;9915;619;11300;11647;4.31;0.26;368.92;12.94;1385;39;3995.00;347
9915;29;622466035;9915;624;11310;11659;4.35;0.27;368.92;12.93;1395;39;3996.00;349
9918;29;622466056;9918;631;11311;11659;4.28;0.26;368.94;12.93;1393;39;3997.00;348
9922;29;622466078;9922;636;11311;11659;4.26;0.26;368.87;12.93;1389;39;3998.00;348
9923;29;622466095;9923;632;11311;11659;4.24;0.26;368.91;12.93;1388;39;3999.00;348
9923;29;622466114;9923;631;11312;11659;4.23;0.26;368.91;13.01;1389;39;4000.00;347
9926;29;622466137;9926;614;11312;11659;4.21;0.26;368.89;13.01;1386;39;4001.00;347
9926;29;622466158;9926;618;11312;11660;4.23;0.26;368.89;13.01;1386;39;4002.00;348
9927;29;622466176;9927;613;11312;11660;4.22;0.26;368.86;13.01;1385;39;4003.00;348
9929;29;622466196;9929;609;11317;11666;4.23;0.26;368.89;13.00;1388;39;4004.00;349
9933;29;622466216;9933;608;11319;11668;4.21;0.26;368.87;13.00;1386;39;4005.00;349
9937;29;622466239;9937;600;11319;11668;4.21;0.26;368.96;13.00;1382;39;4006.00;349
9942;29;622466259;9942;595;11319;11668;4.19;0.26;369.07;13.00;1377;39;4007.00;349
9945;29;622466279;9945;593;11322;11672;4.22;0.26;369.09;13.00;1377;39;4008.00;350
9951;29;622466300;9951;587;11322;11672;4.19;0.26;369.04;13.00;1371;39;4009.00;350
9952;29;622466321;9952;600;11322;11672;4.21;0.26;369.02;13.00;1370;39;4010.00;350
9954;29;622466342;9954;597;11323;11673;4.25;0.26;368.97;12.99;1369;39;4011.00;350
9958;29;622466361;9958;596;11326;11677;4.22;0.26;368.92;12.99;1368;39;4012.00;351
9960;29;622466380;9960;595;11326;11677;4.20;0.26;368.96;12.99;1366;39;4013.00;351
9962;29;622466400;9962;594;11328;11680;4.23;0.26;368.95;12.99;1366;39;4014.00;352
9964;29;622466418;9964;595;11331;11680;4.23;0.26;368.94;13.17;1367;39;4015.00;349
9969;29;622466443;9969;592;11331;11680;4.17;0.25;368.98;13.17;1362;39;4016.00;349
9969;29;622466463;9969;596;11331;11680;4.16;0.25;368.98;13.17;1362;39;4017.00;349
9975;29;622466484;9975;594;11335;11684;4.15;0.25;369.03;13.17;1360;39;4018.00;349
9977;29;622466503;9977;578;11335;11684;4.14;0.25;368.99;13.17;1358;39;4019.00;349
9978;29;622466527;9978;569;11335;11684;4.16;0.25;369.00;13.17;1357;39;4020.00;349
9978;29;622466549;9978;556;11335;11684;4.22;0.26;369.00;13.17;1357;39;4021.00;349
9980;29;622466573;9980;542;11335;11685;4.28;0.26;368.96;13.17;1355;39;4022.00;350
9981;29;622466591;9981;542;11336;11686;4.34;0.26;368.97;13.16;1355;39;4023.00;350
9983;29;622466611;9983;534;11336;11686;4.42;0.27;368.95;13.16;1353;39;4024.00;350
9987;29;622466635;9987;529;11337;11687;4.42;0.27;368.92;13.16;1350;39;4025.00;350
9988;29;622466677;9988;530;11337;11687;4.40;0.27;368.89;13.16;1349;39;4026.00;350
9990;29;622466698;9990;532;11337;11687;4.39;0.27;368.88;13.16;1347;39;4027.00;350
9992;29;622466721;9992;534;11337;11687;4.40;0.27;368.83;13.16;1345;39;4028.00;350
9994;29;622466740;9994;534;11337;11687;4.46;0.27;368.86;13.16;1343;39;4029.00;350
9994;29;622466759;9994;529;11337;11687;4.52;0.28;368.86;13.16;1343;39;4030.00;350
9996;29;622466777;9996;527;11337;11687;4.57;0.28;368.94;13.16;1341;39;4031.00;350
9996;29;622466797;9996;535;11399;11814;4.89;0.30;368.94;13.09;1403;39;4032.00;415
9996;29;622466830;9996;526;11402;11815;4.91;0.30;368.94;13.09;1406;39;4033.00;413
9998;29;622466861;9998;521;11412;11815;4.97;0.31;368.94;13.08;1414;39;4034.00;403
10001;29;622466881;10001;524;11414;11815;4.96;0.31;369.00;13.08;1413;39;4035.00;401
10003;29;622466903;10003;524;11422;11815;4.99;0.31;369.04;13.07;1419;39;4036.00;393
10003;29;622466921;10003;528;11426;11815;4.97;0.31;369.04;13.07;1423;39;4037.00;389
10004;29;622466941;10004;537;11429;11815;4.95;0.31;369.01;13.07;1425;39;4038.00;386
10007;29;622466958;10007;540;11432;11815;4.95;0.30;369.06;13.06;1425;39;4039.00;383
10011;29;622466975;10011;543;11435;11816;4.90;0.30;369.19;13.16;1424;39;4040.00;381
10011;29;622466994;10011;539;11439;11817;4.91;0.30;369.19;13.16;1428;39;4041.00;378
10014;29;622467011;10014;537;11442;11817;4.93;0.30;369.15;13.15;1428;39;4042.00;375
10016;29;622467029;10016;542;11445;11818;4.91;0.30;369.10;13.25;1429;39;4043.00;373
10018;29;622467047;10018;548;11447;11818;4.86;0.30;369.13;13.25;1429;39;4044.00;371
10019;29;622467069;10019;552;11449;11818;4.87;0.30;369.12;13.25;1430;39;4045.00;369
10021;29;622467092;10021;541;11452;11818;4.83;0.30;369.17;13.34;1431;39;4046.00;366
10024;29;622467110;10024;545;11458;11822;4.83;0.30;369.23;13.43;1434;39;4047.00;364
10026;29;622467128;10026;549;11460;11822;4.85;0.30;369.22;13.43;1434;39;4048.00;362
10029;29;622467147;10029;559;11461;11822;4.80;0.29;369.41;13.43;1432;39;4049.00;361
10033;29;622467166;10033;566;11467;11828;4.73;0.29;369.46;13.51;1434;39;4050.00;361
10034;29;622467184;10034;569;11467;11828;4.70;0.29;369.44;13.51;1433;39;4051.00;361
10038;29;622467202;10038;572;11470;11828;4.65;0.28;369.50;13.60;1432;39;4052.00;358
10040;29;622467220;10040;575;11474;11832;4.64;0.28;369.58;13.60;1434;39;4053.00;358
10044;29;622467237;10044;572;11478;11833;4.64;0.28;369.66;13.78;1434;39;4054.00;355
10047;29;622467256;10047;574;11478;11833;4.66;0.29;369.75;13.78;1431;39;4055.00;355
10049;29;622467274;10049;571;11482;11837;4.70;0.29;369.75;13.78;1433;39;4056.00;355
10051;29;622467291;10051;577;11482;11837;4.71;0.29;369.80;13.78;1431;39;4057.00;355
10053;29;622467307;10053;579;11484;11837;4.73;0.29;369.76;13.96;1431;39;4058.00;353
10056;29;622467323;10056;577;11485;11838;4.72;0.29;369.88;13.96;1429;39;4059.00;353
10058;29;622467340;10058;578;11486;11838;4.70;0.29;369.97;14.05;1428;39;4060.00;352
10059;29;622467358;10059;575;11492;11844;4.71;0.29;369.95;14.13;1433;39;4061.00;352
10062;29;622467378;10062;564;11492;11844;4.67;0.29;370.03;14.13;1430;39;4062.00;352
10063;29;622467399;10063;572;11494;11845;4.64;0.28;370.08;14.31;1431;39;4063.00;351
10066;29;622467419;10066;574;11494;11845;4.63;0.28;370.09;14.31;1428;39;4064.00;351
10066;29;622467437;10066;572;11495;11845;4.68;0.29;370.09;14.40;1429;39;4065.00;350
10068;29;622467454;10068;577;11496;11845;4.65;0.28;370.12;14.49;1428;39;4066.00;349
10072;29;622467471;10072;578;11496;11845;4.68;0.28;370.10;14.49;1424;39;4067.00;349
10075;29;622467489;10075;575;11508;11857;4.68;0.28;370.20;14.56;1433;39;4068.00;349
10077;29;622467512;10077;573;11509;11857;4.74;0.29;370.27;14.65;1432;39;4069.00;348
10079;29;622467532;10079;567;11509;11857;4.77;0.29;370.43;14.65;1430;39;4070.00;348
10082;29;622467549;10082;565;11511;11857;4.78;0.29;370.50;14.83;1429;39;4071.00;346
10083;29;622467566;10083;576;11511;11857;4.77;0.29;370.51;14.83;1428;39;4072.00;346
10088;29;622467582;10088;579;11512;11857;4.72;0.29;370.65;14.92;1424;39;4073.00;345
10090;29;622467601;10090;576;11516;11861;4.71;0.29;370.74;15.00;1426;39;4074.00;345
10094;29;622467619;10094;582;11516;11861;4.70;0.29;370.81;15.00;1422;39;4075.00;345
10098;29;622467647;10098;584;11522;11865;4.61;0.28;370.88;15.17;1424;39;4076.00;343
10101;29;622467672;10101;587;11523;11866;4.56;0.28;370.95;15.17;1422;39;4077.00;343
10105;29;622467690;10105;597;11523;11866;4.51;0.28;370.86;15.17;1418;39;4078.00;343
10109;29;622467710;10109;611;11523;11866;4.47;0.27;370.99;15.17;1414;39;4079.00;343
10115;29;622467734;10115;611;11543;11895;4.42;0.27;371.07;15.14;1428;39;4080.00;352
10117;29;622467763;10117;606;11544;11895;4.46;0.27;371.13;15.14;1427;39;4081.00;351
10121;29;622467780;10121;602;11546;11895;4.44;0.27;371.27;15.14;1425;39;4082.00;349
10124;29;622467798;10124;603;11548;11896;4.43;0.27;371.33;15.13;1424;39;4083.00;348
10128;29;622467814;10128;595;11549;11897;4.43;0.27;371.39;15.13;1421;39;4084.00;348
10131;29;622467838;10131;587;11549;11897;4.42;0.27;371.53;15.13;1418;39;4085.00;348
10138;29;622467857;10138;590;11552;11900;4.40;0.27;371.58;15.13;1414;39;4086.00;348
10139;29;622467884;10139;576;11552;11900;4.46;0.27;371.67;15.13;1413;39;4087.00;348
10144;29;622467916;10144;577;11552;11900;4.48;0.28;371.80;15.13;1408;39;4088.00;348
10146;29;622467941;10146;570;11552;11900;4.52;0.28;371.94;15.13;1406;39;4089.00;348
10151;29;622467965;10151;562;11556;11906;4.55;0.28;371.96;15.13;1405;39;4090.00;350
10156;29;622467988;10156;563;11556;11906;4.56;0.28;372.09;15.13;1400;39;4091.00;350
10159;29;622468010;10159;554;11556;11906;4.59;0.28;372.22;15.13;1397;39;4092.00;350
10162;29;622468031;10162;547;11556;11906;4.63;0.28;372.24;15.13;1394;39;4093.00;350
10166;29;622468060;10166;541;11559;11910;4.66;0.28;372.32;15.12;1393;39;4094.00;351
10169;29;622468082;10169;535;11561;11912;4.72;0.29;372.30;15.12;1392;39;4095.00;351
10174;29;622468105;10174;533;11561;11912;4.78;0.29;372.32;15.12;1387;39;4096.00;351
10179;29;622468129;10179;537;11562;11913;4.76;0.29;372.39;15.12;1383;39;4097.00;351
10182;29;622468153;10182;542;11562;11913;4.75;0.29;372.38;15.12;1380;39;4098.00;351
10184;29;622468179;10184;543;11562;11913;4.79;0.29;372.39;15.12;1378;39;4099.00;351
10189;29;622468203;10189;541;11562;11913;4.78;0.29;372.48;15.12;1373;39;4100.00;351
10191;29;622468230;10191;539;11562;11913;4.79;0.29;372.51;15.12;1371;39;4101.00;351
10196;29;622468252;10196;544;11562;11913;4.79;0.29;372.69;15.12;1366;39;4102.00;351
10200;29;622468274;10200;539;11562;11913;4.81;0.29;372.74;15.12;1362;39;4103.00;351
10203;29;622468294;10203;552;11594;11983;4.86;0.30;372.77;15.08;1391;39;4104.00;389
10206;29;622468321;10206;551;11595;11984;4.85;0.30;372.79;15.07;1389;39;4105.00;389
10209;29;622468342;10209;548;11598;11984;4.87;0.30;372.88;15.07;1389;39;4106.00;386
10214;29;622468362;10214;555;11601;11984;4.88;0.30;373.09;15.07;1387;39;4107.00;383
10216;29;622468385;10216;552;11603;11984;4.88;0.30;373.08;15.07;1387;39;4108.00;381
10223;29;622468408;10223;558;11606;11984;4.85;0.29;373.28;15.06;1383;39;4109.00;378
10225;29;622468431;10225;566;11609;11984;4.82;0.29;373.28;15.06;1384;39;4110.00;375
10228;29;622468452;10228;566;11610;11984;4.77;0.29;373.34;15.06;1382;39;4111.00;374
10230;29;622468480;10230;572;11614;11985;4.70;0.29;373.47;15.06;1384;39;4112.00;371
10237;29;622468502;10237;578;11616;11986;4.59;0.28;373.51;15.06;1379;39;4113.00;370
10240;29;622468523;10240;587;11619;11986;4.52;0.27;373.61;15.06;1379;39;4114.00;367
10244;29;622468542;10244;593;11621;11990;4.49;0.27;373.63;15.05;1377;39;4115.00;369
10245;29;622468570;10245;596;11624;11990;4.46;0.27;373.66;15.05;1379;39;4116.00;366
10249;29;622468590;10249;596;11626;11990;4.46;0.27;373.79;15.14;1377;39;4117.00;364
10252;29;622468612;10252;599;11627;11990;4.44;0.27;373.75;15.14;1375;39;4118.00;363
10256;29;622468633;10256;600;11631;11996;4.44;0.27;373.81;15.13;1375;39;4119.00;365
10259;29;622468659;10259;602;11634;11996;4.42;0.27;373.80;15.13;1375;39;4120.00;362
10261;29;622468682;10261;594;11634;11996;4.37;0.27;373.86;15.13;1373;39;4121.00;362
10263;29;622468705;10263;594;11637;11999;4.35;0.26;373.92;15.13;1374;39;4122.00;362
10266;29;622468723;10266;596;11639;11999;4.28;0.26;373.98;15.13;1373;39;4123.00;360
10270;29;622468744;10270;597;11639;11999;4.20;0.25;374.13;15.13;1369;39;4124.00;360
10271;29;622468762;10271;595;11640;12000;4.16;0.25;374.15;15.13;1369;39;4125.00;360
10273;29;622468780;10273;602;11642;12001;4.09;0.25;374.15;15.13;1369;39;4126.00;359
10277;29;622468799;10277;600;11643;12001;4.01;0.24;374.09;15.13;1366;39;4127.00;358
10278;29;622468823;10278;603;11655;12014;4.04;0.25;374.10;15.11;1377;39;4128.00;359
10281;29;622468846;10281;600;11655;12014;4.00;0.24;374.29;15.11;1374;39;4129.00;359
10283;29;622468866;10283;602;11655;12014;4.01;0.24;374.37;15.11;1372;39;4130.00;359
10285;29;622468887;10285;603;11656;12015;4.07;0.25;374.39;15.11;1371;39;4131.00;359
10289;29;622468912;10289;595;11656;12015;4.08;0.25;374.51;15.11;1367;39;4132.00;359
10291;29;622468929;10291;598;11660;12019;4.09;0.25;374.48;15.11;1369;39;4133.00;359
10293;29;622468950;10293;604;11660;12019;4.09;0.25;374.52;15.11;1367;39;4134.00;359
10295;29;622468970;10295;605;11663;12023;4.06;0.25;374.58;15.10;1368;39;4135.00;360
10298;29;622468991;10298;599;11663;12023;4.04;0.25;374.60;15.10;1365;39;4136.00;360
10298;29;622469014;10298;600;11663;12023;4.06;0.25;374.60;15.10;1365;39;4137.00;360
10300;29;622469031;10300;590;11663;12023;4.06;0.25;374.69;15.10;1363;39;4138.00;360
10303;29;622469052;10303;582;11663;12023;4.08;0.25;374.64;15.10;1360;39;4139.00;360
10303;29;622469073;10303;588;11689;12057;4.20;0.26;374.64;15.07;1386;39;4140.00;368
10306;29;622469101;10306;589;11689;12057;4.23;0.26;374.64;15.07;1383;39;4141.00;368
10308;29;622469121;10308;591;11691;12057;4.32;0.26;374.58;15.07;1383;39;4142.00;366
10312;29;622469141;10312;594;11691;12057;4.35;0.27;374.68;15.07;1379;39;4143.00;366
10312;29;622469159;10312;588;11692;12057;4.39;0.27;374.68;15.07;1380;39;4144.00;365
10313;29;622469177;10313;594;11692;12057;4.43;0.27;374.69;15.07;1379;39;4145.00;365
10316;29;622469196;10316;595;11692;12058;4.41;0.27;374.76;15.07;1376;39;4146.00;366
10319;29;622469216;10319;595;11692;12058;4.39;0.27;374.78;15.07;1373;39;4147.00;366
10322;29;622469231;10322;595;11697;12064;4.41;0.27;374.91;15.06;1375;39;4148.00;367
10325;29;622469247;10325;602;11698;12065;4.40;0.27;374.85;15.06;1373;39;4149.00;367
10326;29;622469262;10326;596;11698;12065;4.37;0.27;374.81;15.06;1372;39;4150.00;367
10328;29;622469278;10328;594;11698;12065;4.35;0.27;374.79;15.06;1370;39;4151.00;367
10329;29;622469292;10329;593;11701;12069;4.38;0.27;374.77;15.06;1372;39;4152.00;368
10332;29;622469307;10332;595;11701;12069;4.37;0.27;374.85;15.06;1369;39;4153.00;368
10337;29;622469327;10337;598;11701;12069;4.33;0.26;374.96;15.06;1364;39;4154.00;368
10337;29;622469342;10337;602;11702;12070;4.35;0.26;374.96;15.05;1365;39;4155.00;368
10337;29;622469357;10337;605;11705;12074;4.38;0.27;374.96;15.05;1368;39;4156.00;369
10339;29;622469371;10339;601;11705;12074;4.34;0.26;374.96;15.05;1366;39;4157.00;369
10342;29;622469386;10342;609;11707;12077;4.35;0.26;374.97;15.05;1365;39;4158.00;370
10343;29;622469401;10343;616;11707;12077;4.33;0.26;374.97;15.05;1364;39;4159.00;370
10346;29;622469416;10346;622;11708;12077;4.30;0.26;374.94;15.05;1362;39;4160.00;369
10347;29;622469430;10347;628;11708;12077;4.27;0.26;374.91;15.05;1361;39;4161.00;369
10348;29;622469443;10348;632;11713;12081;4.25;0.26;374.88;15.13;1365;39;4162.00;368
10350;29;622469458;10350;637;11713;12081;4.19;0.26;374.83;15.13;1363;39;4163.00;368
10351;29;622469477;10351;637;11713;12081;4.20;0.26;374.80;15.13;1362;39;4164.00;368
10356;29;622469494;10356;637;11713;12081;4.11;0.25;374.81;15.13;1357;39;4165.00;368
10357;29;622469508;10357;629;11713;12082;4.09;0.25;374.84;15.13;1356;39;4166.00;369
10358;29;622469523;10358;625;11714;12083;4.06;0.25;374.85;15.13;1356;39;4167.00;369
10360;29;622469538;10360;627;11714;12083;4.04;0.25;374.85;15.13;1354;39;4168.00;369
10361;29;622469553;10361;629;11715;12084;4.02;0.24;374.85;15.12;1354;39;4169.00;369
10363;29;622469570;10363;617;11715;12084;4.03;0.25;374.86;15.12;1352;39;4170.00;369
10365;29;622469587;10365;597;11715;12084;4.03;0.24;374.93;15.12;1350;39;4171.00;369
10368;29;622469602;10368;580;11715;12084;4.10;0.25;374.96;15.12;1347;39;4172.00;369
10368;29;622469616;10368;561;11717;12086;4.16;0.25;374.96;15.12;1349;39;4173.00;369
10368;29;622469637;10368;548;11717;12086;4.22;0.26;374.96;15.12;1349;39;4174.00;369
10369;29;622469651;10369;539;11717;12086;4.32;0.26;374.95;15.12;1348;39;4175.00;369
10373;29;622469665;10373;544;11783;12213;4.53;0.28;375.03;15.04;1410;39;4176.00;430
10375;29;622469689;10375;524;11784;12214;4.64;0.29;375.01;15.04;1409;39;4177.00;430
10375;29;622469711;10375;514;11790;12214;4.75;0.29;375.01;15.03;1415;39;4178.00;424
10377;29;622469726;10377;500;11792;12214;4.88;0.30;375.02;15.03;1415;39;4179.00;422
10378;29;622469741;10378;494;11795;12214;4.95;0.30;375.12;15.02;1417;39;4180.00;419
10381;29;622469757;10381;490;11800;12214;4.98;0.31;375.14;15.02;1419;39;4181.00;414
10383;29;622469771;10383;485;11804;12214;5.07;0.31;375.16;15.02;1421;39;4182.00;410
10384;29;622469787;10384;473;11809;12214;5.09;0.31;375.17;15.01;1425;39;4183.00;405
10385;29;622469803;10385;463;11812;12215;5.14;0.32;375.15;15.01;1427;39;4184.00;403
10387;29;622469818;10387;459;11815;12217;5.16;0.32;375.18;15.10;1428;39;4185.00;402
10390;29;622469839;10390;466;11816;12217;5.20;0.32;375.14;15.10;1426;39;4186.00;401
10391;29;622469859;10391;467;11818;12218;5.22;0.32;375.15;15.10;1427;39;4187.00;400
10393;30;622469885;10393;465;11819;12218;5.25;0.32;375.15;15.10;1426;40;4188.00;399
10395;30;622469928;10395;455;11821;12218;5.27;0.32;375.16;15.10;1426;40;4189.00;397
10397;30;622469951;10397;454;11823;12218;5.28;0.32;375.14;15.10;1426;40;4190.00;395
10398;30;622469982;10398;453;11828;12222;5.27;0.32;375.16;15.10;1430;40;4191.00;394
10400;30;622470002;10400;445;11830;12222;5.28;0.32;375.19;15.20;1430;40;4192.00;392
10401;30;622470022;10401;451;11831;12222;5.25;0.32;375.17;15.20;1430;40;4193.00;391
10406;30;622470043;10406;453;11833;12225;5.21;0.32;375.18;15.20;1427;40;4194.00;392
10408;30;622470063;10408;456;11835;12225;5.18;0.32;375.21;15.28;1427;40;4195.00;390
10411;30;622470080;10411;451;11836;12225;5.18;0.32;375.36;15.28;1425;40;4196.00;389
10414;30;622470098;10414;455;11840;12229;5.17;0.32;375.30;15.28;1426;40;4197.00;389
10416;30;622470116;10416;452;11842;12230;5.21;0.32;375.27;15.28;1426;40;4198.00;388
10416;30;622470133;10416;459;11844;12230;5.21;0.32;375.27;15.37;1428;40;4199.00;386
10421;30;622470154;10421;465;11856;12264;5.19;0.32;375.36;15.36;1435;40;4200.00;408
10422;30;622470187;10422;461;11859;12264;5.20;0.32;375.45;15.45;1437;40;4201.00;405
10425;30;622470204;10425;471;11862;12264;5.16;0.31;375.56;15.45;1437;40;4202.00;402
10429;30;622470229;10429;469;11863;12265;5.13;0.31;375.67;15.45;1434;40;4203.00;402
10432;30;622470253;10432;475;11865;12265;5.10;0.31;375.75;15.45;1433;40;4204.00;400
10435;30;622470271;10435;478;11869;12271;5.06;0.31;375.88;15.45;1434;40;4205.00;402
10437;30;622470290;10437;481;11874;12271;5.02;0.31;375.94;15.55;1437;40;4206.00;397
10440;30;622470308;10440;482;11876;12272;4.99;0.30;376.12;15.54;1436;40;4207.00;396
10443;30;622470325;10443;486;11877;12272;4.98;0.30;376.15;15.54;1434;40;4208.00;395
10449;30;622470343;10449;488;11877;12272;4.95;0.30;376.42;15.54;1428;40;4209.00;395
10452;31;622470361;10452;482;11878;12272;4.95;0.30;376.45;15.64;1426;41;4210.00;394
10453;31;622470401;10453;487;11879;12272;4.97;0.30;376.47;15.64;1426;41;4211.00;393
10456;32;622470417;10456;495;11890;12284;4.98;0.30;376.52;15.63;1434;42;4212.00;394
10457;32;622470450;10457;495;11891;12284;5.01;0.30;376.55;15.72;1434;42;4213.00;393
10460;32;622470467;10460;494;11895;12284;5.04;0.31;376.56;15.91;1435;42;4214.00;389
10461;32;622470485;10461;488;11896;12284;5.08;0.31;376.59;16.00;1435;42;4215.00;388
10463;32;622470501;10463;483;11896;12284;5.09;0.31;376.69;16.00;1433;42;4216.00;388
10463;32;622470518;10463;492;11899;12284;5.08;0.31;376.69;16.19;1436;42;4217.00;385
10466;32;622470534;10466;496;11904;12288;5.06;0.31;376.66;16.18;1438;42;4218.00;384
10469;32;622470551;10469;499;11905;12288;5.08;0.31;376.87;16.28;1436;42;4219.00;383
10471;32;622470567;10471;505;11908;12292;5.13;0.31;376.97;16.27;1437;42;4220.00;384
10473;33;622470584;10473;514;11909;12293;5.13;0.31;377.07;16.27;1436;43;4221.00;384
10479;33;622470611;10479;515;11911;12293;5.08;0.31;377.17;16.45;1432;43;4222.00;382
10480;33;622470635;10480;521;11913;12293;5.04;0.31;377.15;16.55;1433;43;4223.00;380
10483;33;622470652;10483;526;11925;12306;5.00;0.30;377.22;16.62;1442;43;4224.00;381
10487;33;622470671;10487;533;11925;12306;4.91;0.30;377.23;16.62;1438;43;4225.00;381
10488;33;622470686;10488;525;11927;12306;4.83;0.29;377.23;16.62;1439;43;4226.00;379
10490;33;622470702;10490;538;11930;12307;4.79;0.29;377.34;16.80;1440;43;4227.00;377
10493;33;622470718;10493;542;11930;12308;4.70;0.29;377.35;16.80;1437;43;4228.00;378
10494;33;622470733;10494;548;11930;12308;4.70;0.29;377.41;16.80;1436;43;4229.00;378
10497;33;622470752;10497;549;11936;12314;4.70;0.29;377.46;16.80;1439;43;4230.00;378
10498;33;622470771;10498;544;11936;12314;4.68;0.29;377.44;16.80;1438;43;4231.00;378
10501;33;622470789;10501;548;11941;12314;4.67;0.29;377.45;17.16;1440;43;4232.00;373
10503;33;622470806;10503;548;11941;12314;4.68;0.29;377.51;17.16;1438;43;4233.00;373
10505;33;622470823;10505;547;11948;12320;4.67;0.29;377.62;17.33;1443;43;4234.00;372
10507;33;622470842;10507;548;11948;12320;4.67;0.29;377.59;17.33;1441;43;4235.00;372
10511;33;622470859;10511;551;11949;12320;4.68;0.29;377.72;17.33;1438;43;4236.00;371
10512;33;622470876;10512;545;11951;12320;4.70;0.29;377.69;17.51;1439;43;4237.00;369
10515;33;622470892;10515;545;11954;12324;4.73;0.29;377.69;17.50;1439;43;4238.00;370
10518;33;622470911;10518;546;11955;12325;4.73;0.29;377.79;17.50;1437;43;4239.00;370
10519;33;622470926;10519;548;11957;12325;4.72;0.29;377.86;17.68;1438;43;4240.00;368
10520;33;622470942;10520;545;11958;12326;4.71;0.29;377.85;17.68;1438;43;4241.00;368
10524;33;622470966;10524;552;11961;12326;4.68;0.29;378.00;17.86;1437;43;4242.00;365
10526;33;622470981;10526;551;11961;12326;4.66;0.28;378.07;17.86;1435;43;4243.00;365
10532;33;622470996;10532;555;11961;12326;4.61;0.28;378.14;17.86;1429;43;4244.00;365
10537;33;622471011;10537;559;11961;12326;4.57;0.28;378.17;17.86;1424;43;4245.00;365
10541;33;622471026;10541;558;11961;12326;4.52;0.28;378.17;17.86;1420;43;4246.00;365
10545;33;622471043;10545;556;11962;12326;4.46;0.27;378.32;17.86;1417;43;4247.00;364
10549;33;622471061;10549;575;12002;12396;4.49;0.28;378.38;17.80;1453;43;4248.00;394
10551;33;622471081;10551;571;12002;12397;4.47;0.28;378.36;17.80;1451;43;4249.00;395
10556;33;622471096;10556;577;12005;12397;4.45;0.27;378.47;17.79;1449;43;4250.00;392
10558;33;622471111;10558;571;12010;12397;4.47;0.28;378.42;17.79;1452;43;4251.00;387
10563;33;622471126;10563;574;12013;12397;4.43;0.27;378.37;17.78;1450;43;4252.00;384
10568;33;622471141;10568;577;12017;12397;4.42;0.27;378.40;17.79;1449;43;4253.00;380
10571;33;622471156;10571;578;12019;12397;4.41;0.27;378.43;17.79;1448;43;4254.00;378
10576;33;622471171;10576;585;12021;12397;4.39;0.27;378.53;17.79;1445;43;4255.00;376
10578;33;622471186;10578;587;12023;12398;4.39;0.27;378.56;17.78;1445;43;4256.00;375
10582;33;622471200;10582;584;12025;12399;4.38;0.27;378.61;17.78;1443;43;4257.00;374
10588;33;622471216;10588;586;12025;12399;4.36;0.27;378.81;17.78;1437;43;4258.00;374
10589;33;622471232;10589;581;12028;12403;4.39;0.27;378.83;17.78;1439;43;4259.00;375
10595;33;622471249;10595;591;12028;12403;4.36;0.27;378.87;17.78;1433;43;4260.00;375
10599;33;622471264;10599;581;12028;12403;4.35;0.27;379.00;17.78;1429;43;4261.00;375
10600;33;622471279;10600;581;12028;12403;4.36;0.27;379.00;17.78;1428;43;4262.00;375
10606;33;622471294;10606;576;12032;12409;4.31;0.26;379.03;17.77;1426;43;4263.00;377
10609;33;622471310;10609;581;12032;12409;4.26;0.26;379.16;17.77;1423;43;4264.00;377
10613;33;622471325;10613;578;12032;12409;4.22;0.26;379.20;17.77;1419;43;4265.00;377
10621;33;622471340;10621;572;12033;12412;4.22;0.26;379.30;17.77;1412;43;4266.00;379
10623;33;622471356;10623;566;12033;12412;4.20;0.26;379.38;17.77;1410;43;4267.00;379
10628;33;622471370;10628;568;12033;12412;4.21;0.26;379.44;17.77;1405;43;4268.00;379
10632;33;622471385;10632;570;12034;12413;4.22;0.26;379.60;17.77;1402;43;4269.00;379
10635;33;622471400;10635;569;12036;12414;4.23;0.26;379.68;17.77;1401;43;4270.00;378
10639;33;622471415;10639;574;12036;12414;4.23;0.26;379.66;17.77;1397;43;4271.00;378
10643;33;622471429;10643;580;12046;12427;4.28;0.26;379.70;17.76;1403;43;4272.00;381
10646;33;622471446;10646;585;12046;12427;4.26;0.26;379.75;17.76;1400;43;4273.00;381
10649;33;622471461;10649;593;12046;12427;4.25;0.26;379.70;17.76;1397;43;4274.00;381
10653;33;622471477;10653;601;12047;12429;4.24;0.26;379.68;17.75;1394;43;4275.00;382
10655;33;622471492;10655;606;12048;12429;4.18;0.26;379.78;17.75;1393;43;4276.00;381
10658;33;622471507;10658;609;12051;12433;4.16;0.25;379.80;17.75;1393;43;4277.00;382
10662;33;622471523;10662;611;12051;12433;4.12;0.25;380.01;17.75;1389;43;4278.00;382
10668;33;622471538;10668;613;12054;12437;4.14;0.25;380.21;17.75;1386;43;4279.00;383
10670;33;622471554;10670;611;12054;12437;4.12;0.25;380.20;17.75;1384;43;4280.00;383
10677;33;622471568;10677;617;12054;12437;4.03;0.24;380.22;17.75;1377;43;4281.00;383
10680;33;622471585;10680;612;12054;12437;4.00;0.24;380.18;17.75;1374;43;4282.00;383
10682;33;622471600;10682;611;12056;12437;4.00;0.24;380.15;17.75;1374;43;4283.00;381
10686;33;622471615;10686;618;12065;12449;4.02;0.24;380.14;17.74;1379;43;4284.00;384
10688;33;622471631;10688;621;12066;12449;3.98;0.24;380.15;17.74;1378;43;4285.00;383
10692;33;622471646;10692;626;12067;12449;3.93;0.24;380.16;17.74;1375;43;4286.00;382
10697;33;622471666;10697;631;12067;12449;3.90;0.24;380.18;17.74;1370;43;4287.00;382
10699;33;622471681;10699;637;12067;12449;3.90;0.24;380.16;17.74;1368;43;4288.00;382
10701;33;622471695;10701;638;12070;12449;3.86;0.23;380.17;17.74;1369;43;4289.00;379
10705;33;622471711;10705;640;12072;12450;3.80;0.23;380.12;17.74;1367;43;4290.00;378
10707;33;622471725;10707;644;12072;12450;3.77;0.23;380.07;17.74;1365;43;4291.00;378
10710;33;622471739;10710;651;12077;12456;3.74;0.23;380.03;17.74;1367;43;4292.00;379
10710;33;622471754;10710;659;12078;12457;3.72;0.23;380.03;17.74;1368;43;4293.00;379
10713;33;622471768;10713;669;12079;12457;3.67;0.22;380.01;17.73;1366;43;4294.00;378
10714;33;622471782;10714;669;12079;12457;3.62;0.22;380.01;17.73;1365;43;4295.00;378
10716;33;622471797;10716;669;12082;12461;3.61;0.22;379.96;17.73;1366;43;4296.00;379
10719;33;622471811;10719;660;12083;12461;3.63;0.22;379.92;17.73;1364;43;4297.00;378
10720;33;622471825;10720;665;12084;12461;3.64;0.22;379.89;17.73;1364;43;4298.00;377
10723;33;622471839;10723;665;12085;12462;3.63;0.22;379.87;17.73;1362;43;4299.00;377
10725;33;622471855;10725;664;12089;12466;3.66;0.22;379.89;17.72;1364;43;4300.00;377
10727;33;622471882;10727;661;12089;12466;3.68;0.23;379.90;17.72;1362;43;4301.00;377
10729;33;622471906;10729;660;12092;12469;3.69;0.23;379.87;17.72;1363;43;4302.00;377
10731;33;622471930;10731;658;12092;12469;3.67;0.22;379.91;17.72;1361;43;4303.00;377
10735;33;622471950;10735;664;12092;12469;3.67;0.22;379.95;17.72;1357;43;4304.00;377
10735;33;622471972;10735;665;12092;12469;3.70;0.23;379.95;17.72;1357;43;4305.00;377
10739;33;622471997;10739;648;12096;12473;3.74;0.23;379.84;17.71;1357;43;4306.00;377
10742;33;622472015;10742;639;12096;12473;3.78;0.23;379.89;17.71;1354;43;4307.00;377
10744;33;622472030;10744;622;12096;12473;3.82;0.23;379.83;17.71;1352;43;4308.00;377
10744;33;622472047;10744;617;12096;12473;3.87;0.24;379.83;17.71;1352;43;4309.00;377
10744;33;622472063;10744;615;12096;12474;3.86;0.24;379.83;17.71;1352;43;4310.00;378
10747;33;622472078;10747;608;12097;12475;3.87;0.23;379.88;17.71;1350;43;4311.00;378
10748;33;622472095;10748;610;12097;12475;3.89;0.24;379.88;17.71;1349;43;4312.00;378
10749;33;622472111;10749;618;12098;12476;3.92;0.24;379.95;17.71;1349;43;4313.00;378
10750;33;622472126;10750;615;12098;12476;3.93;0.24;379.98;17.71;1348;43;4314.00;378
10751;33;622472141;10751;621;12098;12476;3.97;0.24;379.95;17.71;1347;43;4315.00;378
10751;33;622472155;10751;620;12098;12476;4.00;0.24;379.95;17.71;1347;43;4316.00;378
10754;33;622472170;10754;620;12098;12476;4.02;0.24;379.98;17.71;1344;43;4317.00;378
10755;33;622472185;10755;619;12098;12476;4.05;0.24;380.01;17.71;1343;43;4318.00;378
10757;33;622472200;10757;634;12098;12476;4.09;0.25;380.06;17.71;1341;43;4319.00;378
10758;33;622472217;10758;674;12214;12706;4.40;0.28;380.03;17.54;1456;43;4320.00;492
10759;33;622472252;10759;670;12217;12707;4.40;0.27;380.04;17.54;1458;43;4321.00;490
10760;33;622472268;10760;653;12228;12707;4.47;0.28;380.07;17.53;1468;43;4322.00;479
10763;33;622472283;10763;626;12233;12707;4.51;0.28;380.09;17.52;1470;43;4323.00;474
10764;33;622472300;10764;614;12240;12707;4.51;0.28;380.14;17.51;1476;43;4324.00;467
10764;33;622472316;10764;604;12244;12707;4.50;0.28;380.14;17.51;1480;43;4325.00;463
10765;33;622472333;10765;595;12251;12707;4.52;0.28;380.14;17.50;1486;43;4326.00;456
10765;33;622472351;10765;590;12256;12707;4.51;0.28;380.14;17.50;1491;43;4327.00;451
10765;33;622472369;10765;596;12261;12708;4.54;0.28;380.14;17.49;1496;43;4328.00;447
10766;33;622472385;10766;598;12264;12709;4.57;0.28;380.14;17.49;1498;43;4329.00;445
10768;33;622472404;10768;599;12269;12709;4.62;0.29;380.16;17.49;1501;43;4330.00;440
10769;33;622472422;10769;594;12272;12710;4.64;0.29;380.16;17.49;1503;43;4331.00;438
10769;33;622472439;10769;594;12273;12710;4.64;0.29;380.16;17.49;1504;43;4332.00;437
10770;33;622472462;10770;594;12276;12710;4.63;0.29;380.17;17.48;1506;43;4333.00;434
10771;33;622472481;10771;598;12277;12710;4.64;0.29;380.17;17.48;1506;43;4334.00;433
10774;33;622472498;10774;591;12279;12714;4.62;0.28;380.21;17.48;1505;43;4335.00;435
10774;33;622472515;10774;595;12279;12714;4.65;0.28;380.21;17.48;1505;43;4336.00;435
10775;33;622472533;10775;604;12280;12714;4.66;0.28;380.24;17.48;1505;43;4337.00;434
10776;33;622472550;10776;606;12282;12717;4.69;0.29;380.22;17.48;1506;43;4338.00;435
10777;33;622472582;10777;601;12282;12717;4.67;0.29;380.21;17.48;1505;43;4339.00;435
10777;33;622472599;10777;592;12283;12717;4.73;0.29;380.21;17.48;1506;43;4340.00;434
10778;33;622472617;10778;589;12286;12721;4.74;0.29;380.27;17.48;1508;43;4341.00;435
10778;33;622472635;10778;580;12287;12722;4.77;0.29;380.27;17.47;1509;43;4342.00;435
10779;33;622472653;10779;579;12288;12722;4.76;0.29;380.34;17.56;1509;43;4343.00;434
10782;33;622472671;10782;581;12289;12726;4.75;0.29;380.38;17.56;1507;43;4344.00;437
10783;33;622472695;10783;569;12289;12726;4.76;0.29;380.39;17.56;1506;43;4345.00;437
10788;33;622472713;10788;573;12292;12726;4.76;0.29;380.35;17.56;1504;43;4346.00;434
10790;33;622472731;10790;567;12292;12727;4.78;0.29;380.53;17.56;1502;43;4347.00;435
10793;33;622472748;10793;564;12292;12727;4.80;0.29;380.47;17.56;1499;43;4348.00;435
10797;33;622472766;10797;563;12297;12733;4.80;0.29;380.56;17.56;1500;43;4349.00;436
10800;33;622472786;10800;556;12297;12733;4.75;0.29;380.69;17.56;1497;43;4350.00;436
10804;33;622472803;10804;556;12297;12734;4.69;0.29;380.80;17.56;1493;43;4351.00;437
10807;33;622472821;10807;548;12299;12734;4.67;0.28;380.81;17.65;1492;43;4352.00;435
10808;33;622472844;10808;544;12304;12734;4.63;0.28;380.83;17.65;1496;43;4353.00;430
10809;33;622472862;10809;541;12304;12734;4.66;0.28;380.81;17.65;1495;43;4354.00;430
10814;33;622472879;10814;536;12307;12734;4.65;0.28;380.80;17.84;1493;43;4355.00;427
10816;33;622472902;10816;529;12318;12746;4.70;0.29;380.81;17.83;1502;43;4356.00;428
10819;33;622472921;10819;532;12318;12746;4.69;0.29;380.85;17.83;1499;43;4357.00;428
10820;33;622472938;10820;528;12320;12746;4.74;0.29;380.83;17.92;1500;43;4358.00;426
10825;33;622472954;10825;531;12321;12746;4.73;0.29;380.84;17.92;1496;43;4359.00;425
10828;33;622472973;10828;527;12322;12746;4.73;0.29;380.80;17.92;1494;43;4360.00;424
10833;33;622472989;10833;523;12323;12746;4.69;0.29;380.75;18.01;1490;43;4361.00;423
10836;33;622473006;10836;521;12327;12750;4.64;0.28;380.67;18.00;1491;43;4362.00;423
10839;33;622473023;10839;523;12327;12750;4.61;0.28;380.72;18.00;1488;43;4363.00;423
10841;33;622473039;10841;511;12330;12754;4.63;0.28;380.72;18.00;1489;43;4364.00;424
10844;33;622473056;10844;520;12332;12756;4.60;0.28;380.75;18.00;1488;43;4365.00;424
10846;33;622473072;10846;520;12332;12756;4.56;0.28;380.75;18.00;1486;43;4366.00;424
10847;33;622473089;10847;521;12334;12756;4.52;0.28;380.87;18.00;1487;43;4367.00;422
10849;33;622473105;10849;526;12344;12769;4.55;0.28;380.90;17.99;1495;43;4368.00;425
10849;33;622473122;10849;525;12344;12769;4.58;0.28;380.90;17.99;1495;43;4369.00;425
10850;33;622473138;10850;527;12345;12769;4.61;0.28;380.94;17.99;1495;43;4370.00;424
10852;33;622473154;10852;539;12348;12770;4.61;0.28;380.92;17.99;1496;43;4371.00;422
10852;33;622473170;10852;536;12348;12771;4.63;0.28;380.92;17.99;1496;43;4372.00;423
10854;33;622473186;10854;542;12350;12771;4.66;0.28;380.97;18.00;1496;43;4373.00;421
10856;33;622473202;10856;548;12352;12774;4.69;0.29;380.97;17.99;1496;43;4374.00;422
10859;33;622473218;10859;549;12353;12774;4.72;0.29;380.95;18.00;1494;43;4375.00;421
10863;33;622473234;10863;552;12354;12774;4.72;0.29;380.98;17.99;1491;43;4376.00;420
10864;33;622473251;10864;557;12354;12774;4.77;0.29;380.96;17.99;1490;43;4377.00;420
10867;33;622473267;10867;562;12360;12780;4.82;0.29;380.97;17.99;1493;43;4378.00;420
10870;33;622473284;10870;569;12362;12780;4.81;0.29;381.03;18.09;1492;43;4379.00;418
10874;33;622473302;10874;571;12363;12780;4.75;0.29;381.08;18.18;1489;43;4380.00;417
10878;33;622473318;10878;583;12363;12780;4.69;0.29;381.08;18.18;1485;43;4381.00;417
10881;33;622473334;10881;595;12368;12784;4.66;0.28;381.14;18.28;1487;43;4382.00;416
10882;33;622473351;10882;592;12370;12785;4.65;0.28;381.23;18.37;1488;43;4383.00;415
10884;33;622473367;10884;599;12372;12785;4.61;0.28;381.35;18.38;1488;43;4384.00;413
10888;33;622473383;10888;607;12374;12786;4.56;0.28;381.46;18.47;1486;43;4385.00;412
10892;33;622473400;10892;613;12375;12786;4.52;0.28;381.47;18.48;1483;43;4386.00;411
10894;33;622473417;10894;618;12376;12786;4.53;0.28;381.48;18.48;1482;43;4387.00;410
10900;33;622473433;10900;618;12377;12786;4.50;0.27;381.57;18.57;1477;43;4388.00;409
10904;33;622473449;10904;620;12378;12786;4.50;0.28;381.64;18.58;1474;43;4389.00;408
10905;33;622473464;10905;620;12379;12786;4.51;0.27;381.62;18.67;1474;43;4390.00;407
10906;33;622473480;10906;621;12381;12786;4.50;0.27;381.72;18.67;1475;43;4391.00;405
10908;33;622473496;10908;626;12414;12856;4.60;0.28;381.72;18.72;1506;43;4392.00;442
10911;33;622473517;10911;620;12416;12857;4.61;0.28;381.78;18.71;1505;43;4393.00;441
10913;33;622473533;10913;612;12422;12857;4.60;0.28;381.86;18.71;1509;43;4394.00;435
10915;33;622473548;10915;604;12426;12857;4.61;0.28;381.90;18.70;1511;43;4395.00;431
10919;33;622473564;10919;606;12431;12857;4.59;0.28;381.85;19.07;1512;43;4396.00;426
10923;33;622473580;10923;608;12437;12857;4.58;0.28;381.88;19.16;1514;43;4397.00;420
10924;33;622473596;10924;603;12439;12857;4.58;0.28;381.85;19.25;1515;43;4398.00;418
10925;33;622473612;10925;610;12442;12857;4.60;0.28;381.87;19.24;1517;43;4399.00;415
10928;33;622473636;10928;604;12445;12858;4.58;0.28;381.83;19.24;1517;43;4400.00;413
10930;33;622473656;10930;593;12449;12859;4.57;0.28;381.85;19.42;1519;43;4401.00;410
10931;33;622473672;10931;595;12451;12859;4.58;0.28;381.87;19.42;1520;43;4402.00;408
10932;33;622473689;10932;588;12458;12863;4.59;0.28;381.85;19.60;1526;43;4403.00;405
10935;33;622473705;10935;580;12458;12863;4.60;0.28;381.94;19.60;1523;43;4404.00;405
10939;33;622473721;10939;580;12458;12863;4.64;0.28;381.99;19.60;1519;43;4405.00;405
10944;33;622473738;10944;578;12461;12863;4.64;0.28;382.25;19.87;1517;43;4406.00;402
10947;33;622473754;10947;585;12466;12869;4.69;0.29;382.41;19.86;1519;43;4407.00;403
10950;33;622473778;10950;584;12467;12869;4.71;0.29;382.37;19.96;1517;43;4408.00;402
10954;33;622473794;10954;585;12468;12869;4.72;0.29;382.46;20.05;1514;43;4409.00;401
10956;33;622473813;10956;579;12471;12875;4.74;0.29;382.49;20.04;1515;43;4410.00;404
10960;33;622473831;10960;578;12472;12875;4.72;0.29;382.48;20.13;1512;43;4411.00;403
10964;33;622473848;10964;580;12474;12875;4.68;0.28;382.55;20.22;1510;43;4412.00;401
10968;33;622473867;10968;583;12475;12876;4.64;0.28;382.60;20.31;1507;43;4413.00;401
10975;33;622473890;10975;587;12476;12877;4.56;0.28;382.68;20.31;1501;43;4414.00;401
10977;33;622473915;10977;599;12478;12877;4.49;0.27;382.79;20.49;1501;43;4415.00;399
10981;33;622473950;10981;598;12488;12890;4.42;0.27;382.82;20.47;1507;43;4416.00;402
10987;33;622473975;10987;589;12489;12890;4.29;0.26;382.93;20.56;1502;43;4417.00;401
10991;33;622473996;10991;592;12491;12890;4.18;0.25;383.05;20.74;1500;43;4418.00;399
10992;33;622474013;10992;602;12491;12891;4.16;0.25;383.03;20.74;1499;43;4419.00;400
10994;33;622474030;10994;595;12492;12891;4.10;0.25;383.09;20.74;1498;43;4420.00;399
10997;33;622474047;10997;592;12495;12895;4.08;0.25;383.17;20.74;1498;43;4421.00;400
11000;33;622474065;11000;582;12496;12895;4.07;0.25;383.24;20.74;1496;43;4422.00;399
11004;33;622474080;11004;583;12498;12899;4.07;0.25;383.32;20.73;1494;43;4423.00;401
11006;33;622474098;11006;583;12501;12899;4.06;0.25;383.34;21.00;1495;43;4424.00;398
11008;33;622474114;11008;578;12501;12899;4.06;0.25;383.37;21.00;1493;43;4425.00;398
11010;33;622474130;11010;580;12501;12899;4.01;0.25;383.36;21.00;1491;43;4426.00;398
11014;33;622474147;11014;578;12503;12899;3.97;0.24;383.41;21.00;1489;43;4427.00;396
11018;33;622474163;11018;586;12513;12911;4.03;0.25;383.53;20.98;1495;43;4428.00;398
11023;33;622474182;11023;581;12515;12911;4.00;0.24;383.50;20.98;1492;43;4429.00;396
11026;33;622474200;11026;584;12515;12911;3.95;0.24;383.62;20.98;1489;43;4430.00;396
11029;33;622474217;11029;583;12517;12911;3.93;0.24;383.67;20.98;1488;43;4431.00;394
11032;33;622474235;11032;581;12517;12911;3.94;0.24;383.83;20.98;1485;43;4432.00;394
11036;33;622474254;11036;593;12517;12911;3.94;0.24;383.86;20.98;1481;43;4433.00;394
11039;33;622474271;11039;593;12517;12912;3.98;0.24;384.02;20.98;1478;43;4434.00;395
11044;33;622474289;11044;599;12517;12912;3.97;0.24;384.04;20.98;1473;43;4435.00;395
11048;33;622474307;11048;608;12521;12918;4.00;0.24;384.15;20.98;1473;43;4436.00;397
11052;33;622474325;11052;614;12521;12919;3.98;0.24;384.14;20.98;1469;43;4437.00;398
11055;33;622474342;11055;627;12521;12919;3.99;0.24;384.14;20.98;1466;43;4438.00;398
11055;33;622474360;11055;623;12521;12919;4.02;0.25;384.14;20.98;1466;43;4439.00;398
11057;33;622474379;11057;617;12525;12924;4.04;0.25;384.15;20.97;1468;43;4440.00;399
11060;33;622474398;11060;620;12525;12924;4.02;0.25;384.14;20.97;1465;43;4441.00;399
11061;33;622474416;11061;621;12525;12924;3.97;0.24;384.16;20.97;1464;43;4442.00;399
11066;33;622474433;11066;624;12526;12925;3.92;0.24;384.20;20.97;1460;43;4443.00;399
11068;33;622474450;11068;623;12529;12929;3.92;0.24;384.21;20.96;1461;43;4444.00;400
11070;33;622474469;11070;631;12530;12929;3.88;0.24;384.17;20.96;1460;43;4445.00;399
11074;33;622474486;11074;625;12531;12932;3.87;0.24;384.22;20.96;1457;43;4446.00;401
11078;33;622474504;11078;626;12531;12932;3.84;0.23;384.19;20.96;1453;43;4447.00;401
11086;33;622474521;11086;624;12532;12932;3.79;0.23;384.18;20.96;1446;43;4448.00;400
11089;33;622474539;11089;632;12532;12932;3.78;0.23;384.23;20.96;1443;43;4449.00;400
11092;33;622474556;11092;639;12535;12936;3.81;0.23;384.23;20.96;1443;43;4450.00;401
11097;33;622474574;11097;642;12535;12936;3.77;0.23;384.17;20.96;1438;43;4451.00;401
11102;33;622474590;11102;649;12536;12936;3.71;0.23;384.11;20.96;1434;43;4452.00;400
11105;33;622474609;11105;649;12536;12936;3.65;0.22;384.10;20.96;1431;43;4453.00;400
11110;33;622474626;11110;652;12538;12937;3.57;0.22;384.07;20.96;1428;43;4454.00;399
11112;33;622474643;11112;659;12539;12939;3.48;0.21;384.06;20.96;1427;43;4455.00;400
11116;33;622474661;11116;661;12539;12939;3.41;0.21;384.05;20.96;1423;43;4456.00;400
11121;33;622474677;11121;657;12542;12940;3.35;0.20;384.15;20.95;1421;43;4457.00;398
11125;33;622474693;11125;656;12542;12940;3.27;0.20;384.11;20.95;1417;43;4458.00;398
11127;33;622474709;11127;666;12542;12940;3.23;0.20;384.14;20.95;1415;43;4459.00;398
11130;33;622474726;11130;661;12542;12940;3.19;0.19;384.09;20.95;1412;43;4460.00;398
11131;33;622474741;11131;660;12542;12940;3.19;0.20;384.07;20.95;1411;43;4461.00;398
11133;33;622474757;11133;656;12543;12940;3.15;0.19;384.07;20.95;1410;43;4462.00;397
11133;33;622474773;11133;663;12544;12940;3.13;0.19;384.07;20.95;1411;43;4463.00;396
11136;33;622474787;11136;666;12610;13067;3.49;0.22;384.00;20.84;1474;43;4464.00;457
11137;33;622474814;11137;676;12614;13068;3.50;0.22;383.98;20.84;1477;43;4465.00;454
11139;33;622474830;11139;676;12622;13068;3.55;0.22;383.96;20.83;1483;43;4466.00;446
11141;33;622474848;11141;664;12624;13068;3.56;0.22;384.11;20.82;1483;43;4467.00;444
11145;33;622474868;11145;659;12628;13068;3.57;0.22;384.14;20.82;1483;43;4468.00;440
11147;33;622474885;11147;658;12630;13068;3.60;0.22;384.15;20.82;1483;43;4469.00;438
11148;33;622474904;11148;658;12634;13068;3.63;0.22;384.13;20.81;1486;43;4470.00;434
11150;33;622474923;11150;664;12636;13068;3.60;0.22;384.14;20.81;1486;43;4471.00;432
11152;33;622474938;11152;668;12640;13069;3.65;0.22;384.10;20.80;1488;43;4472.00;429
11155;33;622474954;11155;675;12643;13070;3.63;0.22;384.06;20.80;1488;43;4473.00;427
11155;33;622474970;11155;678;12646;13070;3.60;0.22;384.06;20.80;1491;43;4474.00;424
11157;33;622474986;11157;672;12649;13071;3.59;0.22;384.02;20.89;1492;43;4475.00;422
11158;33;622475002;11158;658;12653;13071;3.63;0.22;384.00;20.89;1495;43;4476.00;418
11158;33;622475024;11158;643;12654;13071;3.69;0.23;384.00;20.89;1496;43;4477.00;417
11159;33;622475041;11159;628;12657;13071;3.75;0.23;383.99;20.89;1498;43;4478.00;414
11159;33;622475058;11159;619;12661;13075;3.85;0.24;383.99;20.88;1502;43;4479.00;414
11160;33;622475075;11160;609;12663;13075;3.91;0.24;383.98;20.88;1503;43;4480.00;412
11160;33;622475103;11160;607;12663;13075;4.00;0.25;383.98;20.88;1503;43;4481.00;412
11163;33;622475143;11163;600;12666;13078;4.10;0.25;383.93;20.88;1503;43;4482.00;412
11165;33;622475161;11165;597;12666;13078;4.17;0.25;383.98;20.88;1501;43;4483.00;412
11165;33;622475178;11165;586;12667;13078;4.23;0.26;383.98;20.88;1502;43;4484.00;411
11165;33;622475194;11165;572;12671;13082;4.28;0.26;383.98;20.87;1506;43;4485.00;411
11167;33;622475218;11167;571;12673;13083;4.31;0.26;383.96;20.87;1506;43;4486.00;410
11168;33;622475235;11168;569;12674;13083;4.40;0.27;383.94;20.87;1506;44;4487.00;409
11170;33;622475261;11170;565;12678;13087;4.45;0.27;383.88;20.87;1508;44;4488.00;409
11172;33;622475280;11172;554;12680;13087;4.50;0.27;383.90;20.96;1508;44;4489.00;407
11173;33;622475297;11173;556;12681;13087;4.54;0.28;383.88;20.96;1508;44;4490.00;406
11175;33;622475314;11175;554;12682;13088;4.59;0.28;383.85;20.96;1507;44;4491.00;406
11176;33;622475331;11176;551;12682;13088;4.61;0.28;383.84;20.96;1506;44;4492.00;406
11177;33;622475349;11177;559;12687;13094;4.63;0.28;383.82;20.95;1510;44;4493.00;407
11177;33;622475366;11177;552;12688;13094;4.62;0.28;383.82;21.05;1511;44;4494.00;406
11178;33;622475383;11178;547;12688;13095;4.63;0.28;383.80;21.05;1510;44;4495.00;407
11178;33;622475400;11178;544;12688;13095;4.62;0.28;383.80;21.05;1510;44;4496.00;407
11179;33;622475417;11179;553;12688;13095;4.62;0.28;383.77;21.05;1509;44;4497.00;407
11182;33;622475433;11182;549;12688;13095;4.59;0.28;383.84;21.05;1506;44;4498.00;407
11185;33;622475449;11185;548;12688;13095;4.57;0.28;384.04;21.05;1503;44;4499.00;407
11187;33;622475470;11187;550;12713;13145;4.63;0.28;384.18;21.01;1526;44;4500.00;432
11188;33;622475495;11188;542;12715;13147;4.64;0.28;384.16;21.01;1527;44;4501.00;432
11191;33;622475513;11191;545;12718;13147;4.66;0.28;384.21;21.00;1527;44;4502.00;429
11193;33;622475529;11193;551;12719;13147;4.66;0.28;384.29;21.00;1526;44;4503.00;428
11195;33;622475547;11195;541;12721;13147;4.69;0.29;384.32;21.00;1526;44;4504.00;426
11198;33;622475564;11198;545;12721;13147;4.71;0.29;384.46;21.00;1523;44;4505.00;426
11200;33;622475582;11200;553;12724;13151;4.72;0.29;384.66;20.99;1524;44;4506.00;427
11202;33;622475601;11202;546;12726;13151;4.76;0.29;384.78;20.99;1524;44;4507.00;425
11205;33;622475618;11205;544;12729;13155;4.81;0.29;384.89;20.99;1524;44;4508.00;426
11211;33;622475636;11211;552;12730;13156;4.79;0.29;385.00;20.98;1519;44;4509.00;426
11213;33;622475654;11213;551;12731;13156;4.80;0.29;385.09;20.98;1518;44;4510.00;425
11215;33;622475671;11215;543;12731;13156;4.83;0.29;385.20;20.98;1516;44;4511.00;425
11217;33;622475689;11217;540;12742;13169;4.89;0.30;385.31;20.97;1525;44;4512.00;427
11221;33;622475707;11221;531;12743;13169;4.90;0.30;385.36;21.06;1522;44;4513.00;426
11224;33;622475725;11224;520;12743;13169;4.90;0.30;385.40;21.06;1519;44;4514.00;426
11225;33;622475743;11225;514;12744;13170;4.96;0.30;385.43;21.06;1519;44;4515.00;426
11227;33;622475760;11227;515;12745;13171;4.98;0.30;385.58;21.06;1518;44;4516.00;426
11230;33;622475778;11230;507;12745;13171;5.03;0.30;385.80;21.06;1515;44;4517.00;426
11231;33;622475795;11231;513;12748;13174;5.07;0.31;385.84;21.06;1517;44;4518.00;426
11235;33;622475812;11235;507;12749;13174;5.04;0.31;385.93;21.06;1514;44;4519.00;425
11238;33;622475829;11238;501;12749;13174;5.04;0.31;385.94;21.06;1511;44;4520.00;425
11240;33;622475846;11240;503;12749;13174;5.03;0.31;385.99;21.06;1509;44;4521.00;425
11244;33;622475864;11244;484;12754;13180;5.01;0.30;386.04;21.05;1510;44;4522.00;426
11247;33;622475890;11247;479;12754;13180;5.01;0.30;386.10;21.05;1507;44;4523.00;426
11251;33;622475917;11251;478;12756;13180;5.00;0.30;386.15;21.14;1505;44;4524.00;424
11254;33;622475950;11254;480;12756;13180;4.96;0.30;386.20;21.14;1502;44;4525.00;424
11258;33;622475977;11258;489;12759;13184;4.93;0.30;386.21;21.14;1501;44;4526.00;425
11263;33;622475997;11263;490;12760;13185;4.92;0.30;386.33;21.14;1497;44;4527.00;425
11269;33;622476016;11269;495;12761;13185;4.92;0.30;386.33;21.14;1492;44;4528.00;424
11271;33;622476036;11271;494;12763;13186;4.92;0.30;386.41;21.14;1492;44;4529.00;423
11273;33;622476057;11273;499;12763;13186;4.94;0.30;386.44;21.14;1490;44;4530.00;423
11275;33;622476076;11275;500;12763;13186;4.93;0.30;386.56;21.14;1488;44;4531.00;423
11280;33;622476094;11280;500;12763;13186;4.90;0.30;386.60;21.14;1483;44;4532.00;423
11285;33;622476112;11285;506;12763;13186;4.86;0.30;386.84;21.14;1478;44;4533.00;423
11288;33;622476129;11288;514;12764;13186;4.82;0.29;386.80;21.14;1476;44;4534.00;422
11292;33;622476147;11292;516;12765;13186;4.81;0.29;386.81;21.14;1473;44;4535.00;421
11295;33;622476164;11295;536;12799;13256;4.84;0.30;386.79;21.08;1504;44;4536.00;457
11299;33;622476188;11299;531;12803;13257;4.82;0.30;386.91;21.08;1504;44;4537.00;454
11300;33;622476205;11300;537;12807;13257;4.82;0.30;386.89;21.07;1507;44;4538.00;450
11304;33;622476222;11304;534;12811;13257;4.76;0.29;386.88;21.07;1507;44;4539.00;446
11304;33;622476239;11304;536;12818;13257;4.75;0.29;386.88;21.06;1514;44;4540.00;439
11306;33;622476258;11306;544;12823;13257;4.77;0.29;386.86;21.06;1517;44;4541.00;434
11311;33;622476276;11311;546;12827;13257;4.75;0.29;387.04;21.05;1516;44;4542.00;430
11313;33;622476294;11313;551;12830;13257;4.76;0.29;387.01;21.05;1517;44;4543.00;427
11315;33;622476311;11315;556;12832;13258;4.76;0.29;387.03;21.05;1517;44;4544.00;426
11321;33;622476338;11321;557;12837;13260;4.75;0.29;387.04;21.04;1516;44;4545.00;423
11324;33;622476357;11324;563;12838;13260;4.75;0.29;387.14;21.04;1514;44;4546.00;422
11326;33;622476375;11326;570;12841;13264;4.74;0.29;387.21;21.04;1515;44;4547.00;423
11328;33;622476394;11328;569;12841;13264;4.72;0.29;387.20;21.04;1513;44;4548.00;423
11330;33;622476413;11330;572;12841;13264;4.69;0.29;387.17;21.04;1511;44;4549.00;423
11332;33;622476430;11332;579;12841;13264;4.66;0.29;387.15;21.04;1509;44;4550.00;423
11334;33;622476447;11334;579;12846;13270;4.67;0.29;387.15;21.03;1512;44;4551.00;424
11336;33;622476465;11336;593;12846;13270;4.61;0.28;387.23;21.03;1510;44;4552.00;424
11338;33;622476484;11338;605;12846;13270;4.56;0.28;387.26;21.03;1508;44;4553.00;424
11339;33;622476502;11339;607;12849;13273;4.58;0.28;387.27;21.02;1510;44;4554.00;424
11344;33;622476520;11344;611;12849;13273;4.54;0.28;387.34;21.02;1505;44;4555.00;424
11345;33;622476539;11345;610;12849;13273;4.50;0.28;387.34;21.02;1504;44;4556.00;424
11349;33;622476555;11349;611;12849;13274;4.51;0.28;387.34;21.02;1500;44;4557.00;425
11352;33;622476572;11352;614;12850;13275;4.53;0.28;387.31;21.02;1498;44;4558.00;425
11353;33;622476590;11353;618;12850;13275;4.56;0.28;387.34;21.02;1497;44;4559.00;425
11355;33;622476609;11355;621;12866;13301;4.61;0.28;387.34;21.00;1511;44;4560.00;435
11358;33;622476629;11358;616;12867;13301;4.65;0.28;387.36;20.99;1509;44;4561.00;434
11361;33;622476647;11361;613;12869;13301;4.69;0.29;387.35;20.99;1508;44;4562.00;432
11368;33;622476665;11368;616;12872;13302;4.69;0.29;387.55;20.99;1504;44;4563.00;430
11370;33;622476683;11370;614;12872;13302;4.68;0.29;387.56;20.99;1502;44;4564.00;430
11372;33;622476700;11372;617;12876;13306;4.70;0.29;387.56;20.98;1504;44;4565.00;430
11377;33;622476717;11377;623;12876;13306;4.63;0.28;387.70;20.98;1499;44;4566.00;430
11378;33;622476734;11378;630;12879;13310;4.57;0.28;387.75;20.98;1501;44;4567.00;431
11384;33;622476751;11384;636;12879;13310;4.49;0.27;387.91;20.98;1495;44;4568.00;431
11386;33;622476768;11386;639;12879;13310;4.43;0.27;388.13;20.98;1493;44;4569.00;431
11388;33;622476784;11388;639;12879;13310;4.38;0.27;388.09;20.98;1491;44;4570.00;431
11394;33;622476802;11394;637;12879;13310;4.33;0.26;388.20;20.98;1485;44;4571.00;431
11396;33;622476818;11396;631;12890;13322;4.36;0.27;388.23;20.96;1494;44;4572.00;432
11396;33;622476836;11396;638;12890;13322;4.34;0.27;388.23;20.96;1494;44;4573.00;432
11397;33;622476852;11397;643;12891;13322;4.36;0.27;388.34;20.96;1494;44;4574.00;431
11398;33;622476869;11398;646;12891;13322;4.34;0.27;388.34;20.96;1493;44;4575.00;431
11400;33;622476884;11400;649;12891;13322;4.35;0.27;388.37;20.96;1491;44;4576.00;431
11401;33;622476901;11401;648;12891;13322;4.36;0.27;388.38;20.96;1490;44;4577.00;431
11404;33;622476917;11404;655;12891;13323;4.35;0.27;388.38;20.96;1487;44;4578.00;432
11406;33;622476932;11406;658;12891;13323;4.33;0.26;388.40;20.96;1485;44;4579.00;432
11407;33;622476953;11407;658;12895;13329;4.38;0.27;388.37;20.95;1488;44;4580.00;434
11414;33;622476969;11414;657;12896;13330;4.27;0.26;388.37;20.95;1482;44;4581.00;434
11418;33;622476984;11418;658;12896;13330;4.21;0.26;388.45;20.95;1478;44;4582.00;434
11422;33;622476999;11422;664;12896;13330;4.15;0.25;388.45;20.95;1474;44;4583.00;434
11425;33;622477013;11425;671;12899;13334;4.12;0.25;388.55;20.94;1474;44;4584.00;435
11428;33;622477034;11428;675;12899;13334;4.00;0.24;388.74;20.94;1471;44;4585.00;435
11430;33;622477048;11430;683;12899;13334;3.92;0.24;388.77;20.94;1469;44;4586.00;435
11433;33;622477062;11433;688;12900;13335;3.82;0.23;388.87;20.94;1467;44;4587.00;435
11437;33;622477075;11437;689;12903;13339;3.70;0.23;388.83;20.94;1466;44;4588.00;436
11441;33;622477089;11441;694;12903;13339;3.58;0.22;388.84;20.94;1462;44;4589.00;436
11443;33;622477105;11443;693;12908;13345;3.51;0.21;388.87;20.93;1465;44;4590.00;437
11446;33;622477119;11446;694;12908;13345;3.46;0.21;388.88;20.93;1462;44;4591.00;437
11452;33;622477134;11452;684;12908;13345;3.38;0.21;389.05;20.93;1456;44;4592.00;437
11456;33;622477147;11456;680;12908;13345;3.35;0.20;389.00;20.93;1452;44;4593.00;437
11461;33;622477162;11461;685;12911;13349;3.33;0.20;388.99;20.93;1450;44;4594.00;438
11465;33;622477176;11465;682;12911;13349;3.30;0.20;389.05;20.93;1446;44;4595.00;438
11466;33;622477190;11466;678;12911;13349;3.30;0.20;389.03;20.93;1445;44;4596.00;438
11470;33;622477204;11470;676;12911;13349;3.31;0.20;388.99;20.93;1441;44;4597.00;438
11472;33;622477218;11472;663;12911;13350;3.32;0.20;388.96;20.93;1439;44;4598.00;439
11473;33;622477232;11473;663;12911;13351;3.33;0.21;388.94;20.93;1438;44;4599.00;440
11477;33;622477246;11477;656;12911;13351;3.35;0.21;388.93;20.93;1434;44;4600.00;440
11480;33;622477265;11480;651;12912;13352;3.37;0.21;388.90;20.92;1432;44;4601.00;440
11484;33;622477280;11484;657;12913;13352;3.36;0.21;388.99;20.92;1429;44;4602.00;439
11492;33;622477294;11492;658;12913;13352;3.37;0.21;389.04;20.92;1421;44;4603.00;439
11498;33;622477308;11498;652;12913;13352;3.38;0.21;389.06;20.92;1415;44;4604.00;439
11502;33;622477322;11502;654;12913;13352;3.38;0.21;389.22;20.92;1411;44;4605.00;439
11505;33;622477336;11505;649;12913;13352;3.41;0.21;389.25;20.92;1408;44;4606.00;439
11509;33;622477351;11509;645;12913;13352;3.42;0.21;389.31;20.92;1404;44;4607.00;439
11515;33;622477365;11515;646;12973;13479;3.84;0.24;389.23;20.83;1458;44;4608.00;506
11517;33;622477389;11517;646;12977;13480;3.88;0.24;389.23;20.82;1460;44;4609.00;503
11521;33;622477404;11521;650;12984;13480;3.92;0.24;389.17;20.81;1463;44;4610.00;496
11528;33;622477418;11528;652;12986;13480;3.91;0.24;389.10;20.81;1458;44;4611.00;494
11530;33;622477434;11530;654;12991;13480;3.90;0.24;389.06;20.80;1461;44;4612.00;489
11533;33;622477448;11533;663;12992;13480;3.86;0.24;389.04;20.80;1459;44;4613.00;488
11537;33;622477463;11537;668;12994;13480;3.83;0.24;389.06;20.80;1457;44;4614.00;486
11541;33;622477479;11541;677;12997;13480;3.76;0.23;389.00;20.79;1456;44;4615.00;483
11546;33;622477494;11546;681;12999;13481;3.70;0.23;389.00;20.79;1453;44;4616.00;482
11548;33;622477515;11548;691;13001;13482;3.63;0.22;388.98;20.79;1453;44;4617.00;481
11551;33;622477529;11551;707;13005;13482;3.56;0.22;388.96;20.89;1454;44;4618.00;477
11553;33;622477546;11553;707;13006;13483;3.51;0.22;388.97;20.89;1453;44;4619.00;477
11557;33;622477568;11557;714;13009;13483;3.44;0.21;388.97;20.89;1452;44;4620.00;474
11561;33;622477582;11561;719;13010;13483;3.40;0.21;389.05;20.89;1449;44;4621.00;473
11564;33;622477597;11564;721;13012;13483;3.35;0.21;389.03;20.89;1448;44;4622.00;471
11568;33;622477612;11568;712;13015;13487;3.34;0.21;389.00;20.89;1447;44;4623.00;472
11571;33;622477627;11571;707;13017;13487;3.32;0.21;389.00;20.89;1446;44;4624.00;470
11574;33;622477641;11574;714;13018;13487;3.27;0.20;388.98;20.89;1444;44;4625.00;469
11576;33;622477655;11576;718;13020;13490;3.27;0.20;388.98;20.89;1444;44;4626.00;470
11578;33;622477670;11578;709;13022;13490;3.28;0.20;388.92;20.88;1444;44;4627.00;468
11582;33;622477685;11582;698;13022;13490;3.25;0.20;388.95;20.88;1440;44;4628.00;468
11583;33;622477699;11583;688;13027;13494;3.29;0.20;388.95;20.88;1444;44;4629.00;467
11585;33;622477714;11585;682;13029;13495;3.34;0.21;388.97;20.88;1444;44;4630.00;466
11591;33;622477729;11591;676;13029;13495;3.36;0.21;388.88;20.88;1438;44;4631.00;466
11593;33;622477744;11593;671;13033;13499;3.41;0.21;388.86;20.88;1440;44;4632.00;466
11595;33;622477759;11595;666;13034;13499;3.48;0.22;388.85;20.87;1439;44;4633.00;465
11599;33;622477774;11599;659;13034;13499;3.53;0.22;388.80;20.87;1435;44;4634.00;465
11603;33;622477789;11603;655;13038;13501;3.55;0.22;388.95;20.98;1435;44;4635.00;463
11607;33;622477805;11607;645;13039;13501;3.54;0.22;388.99;20.98;1432;44;4636.00;462
11609;33;622477820;11609;629;13044;13507;3.61;0.22;389.08;20.97;1435;44;4637.00;463
11612;33;622477836;11612;622;13045;13507;3.64;0.22;389.16;20.97;1433;44;4638.00;462
11616;33;622477852;11616;613;13045;13508;3.67;0.23;389.07;20.97;1429;44;4639.00;463
11618;33;622477870;11618;610;13047;13508;3.71;0.23;389.10;20.98;1429;44;4640.00;461
11621;33;622477894;11621;615;13047;13508;3.74;0.23;389.10;20.98;1426;44;4641.00;461
11624;33;622477918;11624;607;13048;13508;3.74;0.23;389.04;20.98;1424;44;4642.00;460
11625;33;622477943;11625;607;13050;13508;3.73;0.23;389.04;21.08;1425;44;4643.00;458
11628;33;622477966;11628;598;13059;13520;3.84;0.23;389.02;21.07;1431;44;4644.00;461
11629;33;622477990;11629;598;13061;13520;3.87;0.24;389.04;21.18;1432;44;4645.00;459
11632;33;622478007;11632;585;13061;13520;3.89;0.24;389.02;21.18;1429;44;4646.00;459
11634;33;622478032;11634;566;13061;13520;3.96;0.24;388.99;21.18;1427;44;4647.00;459
11638;33;622478049;11638;560;13063;13520;4.02;0.25;389.03;21.18;1425;44;4648.00;457
11640;33;622478067;11640;553;13063;13520;4.10;0.25;389.03;21.18;1423;44;4649.00;457
11643;33;622478085;11643;551;13068;13526;4.17;0.25;389.05;21.17;1425;44;4650.00;458
11647;33;622478104;11647;548;13068;13526;4.21;0.26;389.07;21.17;1421;44;4651.00;458
11650;33;622478122;11650;546;13071;13530;4.27;0.26;389.23;21.17;1421;44;4652.00;459
11653;33;622478140;11653;540;13071;13531;4.28;0.26;389.23;21.17;1418;44;4653.00;460
11655;33;622478158;11655;541;13073;13531;4.29;0.26;389.29;21.27;1418;44;4654.00;458
11658;33;622478175;11658;549;13073;13531;4.32;0.26;389.23;21.27;1415;44;4655.00;458
11659;33;622478192;11659;547;13083;13544;4.37;0.27;389.27;21.26;1424;44;4656.00;461
11660;33;622478210;11660;550;13084;13544;4.39;0.27;389.28;21.26;1424;44;4657.00;460
11661;33;622478227;11661;544;13084;13544;4.40;0.27;389.31;21.26;1423;44;4658.00;460
11662;33;622478244;11662;536;13085;13545;4.39;0.27;389.31;21.26;1423;44;4659.00;460
11666;33;622478269;11666;540;13088;13546;4.39;0.27;389.34;21.26;1422;44;4660.00;458
11667;33;622478286;11667;536;13088;13546;4.41;0.27;389.35;21.26;1421;44;4661.00;458
11669;33;622478302;11669;533;13089;13549;4.45;0.27;389.39;21.26;1420;44;4662.00;460
11672;33;622478319;11672;526;13091;13549;4.44;0.27;389.47;21.26;1419;44;4663.00;458
11674;33;622478336;11674;529;13093;13549;4.51;0.27;389.58;21.26;1419;44;4664.00;456
11676;33;622478353;11676;537;13093;13549;4.56;0.28;389.76;21.26;1417;44;4665.00;456
11679;33;622478369;11679;548;13098;13555;4.61;0.28;389.91;21.25;1419;44;4666.00;457
11681;33;622478387;11681;553;13099;13555;4.67;0.28;390.00;21.25;1418;44;4667.00;456
11685;33;622478404;11685;550;13099;13555;4.70;0.29;390.10;21.25;1414;44;4668.00;456
11688;33;622478421;11688;562;13100;13555;4.74;0.29;390.06;21.25;1412;44;4669.00;455
11693;33;622478438;11693;567;13103;13559;4.76;0.29;390.17;21.25;1410;44;4670.00;456
11696;33;622478454;11696;568;13104;13560;4.77;0.29;390.25;21.25;1408;44;4671.00;456
11701;33;622478472;11701;565;13104;13560;4.82;0.29;390.47;21.25;1403;44;4672.00;456
11702;33;622478488;11702;574;13106;13561;4.85;0.29;390.57;21.25;1404;44;4673.00;455
11704;33;622478505;11704;571;13106;13561;4.85;0.29;390.58;21.25;1402;44;4674.00;455
11706;33;622478520;11706;571;13107;13561;4.86;0.29;390.61;21.35;1401;44;4675.00;454
11709;33;622478536;11709;573;13108;13561;4.83;0.29;390.72;21.35;1399;44;4676.00;453
11711;33;622478552;11711;564;13108;13561;4.81;0.29;390.83;21.35;1397;44;4677.00;453
11714;33;622478568;11714;566;13108;13561;4.80;0.29;390.96;21.35;1394;44;4678.00;453
11716;33;622478585;11716;571;13108;13561;4.78;0.29;391.01;21.35;1392;44;4679.00;453
11719;33;622478604;11719;595;13166;13686;4.84;0.30;391.13;21.25;1447;44;4680.00;520
11719;33;622478630;11719;581;13166;13687;4.87;0.30;391.13;21.25;1447;44;4681.00;521
11723;33;622478648;11723;569;13172;13687;4.91;0.30;391.10;21.24;1449;44;4682.00;515
11725;33;622478665;11725;562;13172;13687;4.94;0.30;391.09;21.24;1447;44;4683.00;515
11726;33;622478682;11726;552;13175;13687;5.00;0.31;391.15;21.24;1449;44;4684.00;512
11728;33;622478699;11728;550;13178;13687;5.03;0.31;391.17;21.24;1450;44;4685.00;509
11729;33;622478716;11729;550;13181;13687;5.08;0.31;391.21;21.23;1452;44;4686.00;506
11731;33;622478733;11731;548;13185;13687;5.09;0.31;391.22;21.23;1454;44;4687.00;502
11735;33;622478750;11735;554;13188;13688;5.01;0.31;391.31;21.23;1453;44;4688.00;500
11736;33;622478767;11736;559;13190;13689;4.96;0.30;391.29;21.22;1454;44;4689.00;499
11738;33;622478784;11738;554;13193;13689;4.92;0.30;391.30;21.22;1455;44;4690.00;496
11740;33;622478800;11740;559;13195;13693;4.87;0.30;391.32;21.22;1455;44;4691.00;498
11740;33;622478817;11740;552;13195;13693;4.88;0.30;391.32;21.22;1455;44;4692.00;498
11743;33;622478834;11743;540;13198;13693;4.87;0.30;391.39;21.22;1455;44;4693.00;495
11747;33;622478851;11747;540;13199;13693;4.86;0.30;391.54;21.22;1452;44;4694.00;494
11749;33;622478871;11749;533;13203;13699;4.82;0.30;391.56;21.21;1454;44;4695.00;496
11753;33;622478896;11753;536;13203;13699;4.79;0.29;391.58;21.21;1450;44;4696.00;496
11758;33;622478914;11758;542;13206;13699;4.79;0.29;391.78;21.52;1448;45;4697.00;493
11761;33;622478942;11761;543;13208;13702;4.78;0.29;391.97;21.52;1447;45;4698.00;494
11764;33;622478960;11764;538;13208;13702;4.76;0.29;391.99;21.52;1444;45;4699.00;494
11768;33;622478979;11768;540;13208;13702;4.72;0.29;392.12;21.52;1440;45;4700.00;494
11769;33;622479000;11769;545;13208;13703;4.73;0.29;392.10;21.52;1439;45;4701.00;495
11775;33;622479024;11775;550;13209;13704;4.69;0.29;392.16;21.52;1434;45;4702.00;495
11777;33;622479041;11777;542;13209;13704;4.68;0.29;392.11;21.52;1432;45;4703.00;495
11780;33;622479057;11780;547;13218;13717;4.66;0.28;392.06;21.50;1438;45;4704.00;499
11782;33;622479076;11782;546;13219;13717;4.63;0.28;392.13;21.50;1437;45;4705.00;498
11786;33;622479093;11786;552;13219;13717;4.59;0.28;392.27;21.50;1433;45;4706.00;498
11787;33;622479109;11787;559;13219;13718;4.56;0.28;392.26;21.50;1432;45;4707.00;499
11791;33;622479125;11791;561;13220;13718;4.53;0.28;392.25;21.50;1429;45;4708.00;498
11797;33;622479141;11797;561;13222;13722;4.50;0.27;392.43;21.50;1425;45;4709.00;500
11800;33;622479159;11800;560;13222;13722;4.54;0.28;392.44;21.50;1422;45;4710.00;500
11801;33;622479176;11801;563;13225;13726;4.57;0.28;392.43;21.50;1424;45;4711.00;501
11803;33;622479193;11803;568;13225;13726;4.56;0.28;392.50;21.50;1422;45;4712.00;501
11804;33;622479208;11804;564;13225;13726;4.61;0.28;392.50;21.50;1421;45;4713.00;501
11806;33;622479225;11806;569;13227;13726;4.64;0.28;392.48;21.50;1421;45;4714.00;499
11809;33;622479240;11809;570;13229;13726;4.60;0.28;392.69;21.50;1420;45;4715.00;497
11811;33;622479257;11811;572;13238;13738;4.63;0.28;392.79;21.48;1427;45;4716.00;500
11813;33;622479276;11813;580;13238;13738;4.60;0.28;392.90;21.48;1425;45;4717.00;500
11815;33;622479292;11815;581;13238;13738;4.55;0.28;392.95;21.48;1423;45;4718.00;500
11819;33;622479308;11819;589;13238;13738;4.50;0.27;393.01;21.48;1419;45;4719.00;500
11820;33;622479329;11820;593;13238;13738;4.51;0.27;393.12;21.48;1418;45;4720.00;500
11822;33;622479344;11822;602;13238;13738;4.49;0.27;393.18;21.48;1416;45;4721.00;500
11824;33;622479359;11824;606;13238;13739;4.44;0.27;393.33;21.48;1414;45;4722.00;501
11826;33;622479375;11826;609;13238;13739;4.41;0.27;393.42;21.48;1412;45;4723.00;501
11828;33;622479390;11828;614;13242;13745;4.42;0.27;393.62;21.48;1414;45;4724.00;503
11832;33;622479405;11832;613;13242;13747;4.38;0.27;393.62;21.48;1410;45;4725.00;505
11833;33;622479421;11833;619;13242;13747;4.36;0.27;393.72;21.48;1409;45;4726.00;505
11835;33;622479435;11835;619;13242;13747;4.38;0.27;393.73;21.48;1407;45;4727.00;505
11839;33;622479450;11839;626;13245;13751;4.39;0.27;393.87;21.47;1406;45;4728.00;506
11841;33;622479466;11841;630;13245;13751;4.38;0.27;393.88;21.47;1404;45;4729.00;506
11845;33;622479481;11845;633;13245;13751;4.39;0.27;393.90;21.47;1400;45;4730.00;506
11847;33;622479496;11847;631;13246;13752;4.42;0.27;393.89;21.47;1399;45;4731.00;506
11849;33;622479510;11849;636;13247;13756;4.42;0.27;394.01;21.47;1398;45;4732.00;509
11853;33;622479525;11853;642;13247;13756;4.40;0.27;394.10;21.47;1394;45;4733.00;509
11854;33;622479540;11854;637;13248;13759;4.41;0.27;394.12;21.47;1394;45;4734.00;511
11859;33;622479554;11859;643;13248;13759;4.36;0.27;394.27;21.47;1389;45;4735.00;511
11862;33;622479569;11862;645;13248;13759;4.30;0.26;394.30;21.47;1386;45;4736.00;511
11862;33;622479583;11862;650;13248;13759;4.28;0.26;394.30;21.47;1386;45;4737.00;511
11864;33;622479597;11864;656;13251;13763;4.29;0.26;394.31;21.46;1387;45;4738.00;512
11866;33;622479611;11866;654;13251;13763;4.27;0.26;394.41;21.46;1385;45;4739.00;512
11868;33;622479628;11868;649;13251;13763;4.24;0.26;394.47;21.46;1383;45;4740.00;512
11871;33;622479642;11871;651;13251;13763;4.24;0.26;394.44;21.46;1380;45;4741.00;512
11876;33;622479657;11876;650;13251;13764;4.22;0.26;394.51;21.46;1375;45;4742.00;513
11876;33;622479671;11876;647;13251;13765;4.23;0.26;394.51;21.46;1375;45;4743.00;514
11880;33;622479685;11880;646;13251;13765;4.23;0.26;394.60;21.46;1371;45;4744.00;514
11882;33;622479698;11882;651;13252;13766;4.22;0.26;394.62;21.46;1370;45;4745.00;514
11883;33;622479712;11883;641;13252;13766;4.21;0.26;394.64;21.46;1369;45;4746.00;514
11887;33;622479725;11887;637;13252;13766;4.17;0.26;394.60;21.46;1365;45;4747.00;514
11890;33;622479739;11890;629;13252;13766;4.16;0.25;394.57;21.46;1362;45;4748.00;514
11893;33;622479753;11893;627;13252;13766;4.15;0.25;394.50;21.46;1359;45;4749.00;514
11894;33;622479766;11894;623;13252;13766;4.14;0.25;394.48;21.46;1358;45;4750.00;514
11897;33;622479779;11897;623;13252;13766;4.12;0.25;394.54;21.46;1355;45;4751.00;514
11899;33;622479793;11899;633;13307;13893;4.40;0.27;394.55;21.37;1408;45;4752.00;586
11901;33;622479815;11901;629;13310;13894;4.40;0.27;394.55;21.37;1409;45;4753.00;584
11908;33;622479829;11908;626;13316;13894;4.41;0.27;394.59;21.36;1408;45;4754.00;578
11910;33;622479843;11910;631;13320;13894;4.39;0.27;394.58;21.37;1410;45;4755.00;574
11914;33;622479858;11914;629;13323;13894;4.34;0.27;394.69;21.36;1409;45;4756.00;571
11917;33;622479876;11917;632;13324;13894;4.26;0.26;394.76;21.36;1407;45;4757.00;570
11919;33;622479896;11919;630;13326;13894;4.18;0.26;394.78;21.36;1407;45;4758.00;568
11923;33;622479916;11923;635;13328;13894;4.12;0.25;394.83;21.36;1405;45;4759.00;566
11925;33;622479937;11925;631;13329;13895;4.10;0.25;394.78;21.36;1404;45;4760.00;566
11928;33;622479959;11928;626;13330;13896;4.08;0.25;394.81;21.35;1402;45;4761.00;566
11934;33;622479981;11934;624;13332;13896;3.99;0.25;394.72;21.35;1398;45;4762.00;564
11936;33;622480000;11936;623;13334;13897;3.95;0.24;394.76;21.35;1398;45;4763.00;563
11939;33;622480017;11939;628;13336;13897;3.93;0.24;394.70;21.35;1397;45;4764.00;561
11943;33;622480032;11943;633;13337;13897;3.86;0.24;394.63;21.35;1394;45;4765.00;560
11946;33;622480047;11946;640;13338;13897;3.82;0.23;394.65;21.35;1392;45;4766.00;559
11947;33;622480062;11947;644;13341;13901;3.83;0.24;394.64;21.35;1394;45;4767.00;560
11949;33;622480078;11949;635;13343;13901;3.82;0.24;394.66;21.35;1394;45;4768.00;558
11952;33;622480094;11952;629;13344;13901;3.77;0.23;394.64;21.35;1392;45;4769.00;557
11955;33;622480110;11955;626;13345;13907;3.73;0.23;394.60;21.35;1390;45;4770.00;562
11956;33;622480125;11956;631;13349;13907;3.68;0.23;394.59;21.35;1393;45;4771.00;558
11958;33;622480140;11958;627;13349;13907;3.63;0.22;394.56;21.35;1391;45;4772.00;558
11959;33;622480155;11959;625;13350;13911;3.59;0.22;394.54;21.35;1391;45;4773.00;561
11967;33;622480169;11967;619;13352;13912;3.55;0.22;394.46;21.35;1385;45;4774.00;560
11971;33;622480185;11971;621;13354;13912;3.54;0.22;394.46;21.35;1383;45;4775.00;558
11972;33;622480199;11972;618;13356;13916;3.59;0.22;394.44;21.35;1384;45;4776.00;560
11974;33;622480214;11974;616;13359;13916;3.62;0.22;394.45;21.35;1385;45;4777.00;557
11978;33;622480229;11978;621;13359;13916;3.63;0.22;394.38;21.35;1381;45;4778.00;557
11979;33;622480244;11979;607;13359;13917;3.66;0.22;394.37;21.35;1380;45;4779.00;558
11983;33;622480259;11983;600;13360;13917;3.66;0.22;394.33;21.35;1377;45;4780.00;557
11986;33;622480274;11986;585;13364;13923;3.70;0.23;394.33;21.45;1378;45;4781.00;559
11989;33;622480292;11989;587;13364;13923;3.73;0.23;394.31;21.45;1375;45;4782.00;559
11991;33;622480308;11991;575;13365;13924;3.79;0.23;394.33;21.45;1374;45;4783.00;559
11993;33;622480323;11993;573;13365;13924;3.83;0.23;394.27;21.45;1372;45;4784.00;559
11995;34;622480339;11995;571;13366;13924;3.89;0.24;394.28;21.45;1371;46;4785.00;558
11997;34;622480368;11997;567;13366;13924;3.98;0.24;394.33;21.45;1369;46;4786.00;558
12002;35;622480384;12002;568;13366;13924;4.05;0.25;394.31;21.45;1364;47;4787.00;558
12009;35;622480413;12009;574;13374;13936;4.12;0.25;394.43;21.44;1365;47;4788.00;562
12012;35;622480431;12012;575;13374;13936;4.10;0.25;394.41;21.44;1362;47;4789.00;562
12014;35;622480454;12014;572;13375;13936;4.13;0.25;394.45;21.45;1361;47;4790.00;561
12018;35;622480476;12018;572;13375;13936;4.12;0.25;394.49;21.45;1357;47;4791.00;561
12019;35;622480493;12019;566;13377;13936;4.13;0.25;394.49;21.46;1358;47;4792.00;559
12020;35;622480515;12020;568;13377;13936;4.16;0.25;394.49;21.46;1357;47;4793.00;559
12021;35;622480531;12021;573;13378;13940;4.19;0.26;394.50;21.46;1357;47;4794.00;562
12026;35;622480547;12026;569;13380;13940;4.21;0.26;394.50;21.47;1354;47;4795.00;560
12027;35;622480562;12027;569;13383;13944;4.21;0.26;394.50;21.46;1356;47;4796.00;561
12030;35;622480578;12030;562;13384;13945;4.18;0.25;394.58;21.57;1354;47;4797.00;561
12033;35;622480594;12033;564;13386;13945;4.18;0.25;394.55;21.58;1353;47;4798.00;559
12033;35;622480610;12033;569;13386;13945;4.24;0.26;394.55;21.58;1353;47;4799.00;559
12036;35;622480628;12036;575;13409;13986;4.40;0.27;394.52;21.55;1373;47;4800.00;577
12039;35;622480651;12039;567;13413;13986;4.43;0.27;394.52;21.58;1374;47;4801.00;573
12043;35;622480667;12043;560;13415;13986;4.46;0.27;394.62;21.58;1372;47;4802.00;571
12045;35;622480683;12045;557;13418;13987;4.49;0.27;394.70;21.58;1373;47;4803.00;569
12048;35;622480698;12048;558;13420;13988;4.52;0.28;394.73;21.59;1372;47;4804.00;568
12049;35;622480714;12049;555;13420;13988;4.51;0.27;394.72;21.59;1371;47;4805.00;568
12054;35;622480730;12054;564;13425;13991;4.46;0.27;394.84;21.59;1371;47;4806.00;566
12057;35;622480746;12057;557;13426;13991;4.41;0.27;394.84;21.60;1369;47;4807.00;565
12060;35;622480763;12060;559;13429;13991;4.39;0.27;394.82;21.61;1369;47;4808.00;562
12065;35;622480779;12065;557;13430;13991;4.37;0.27;394.89;21.61;1365;47;4809.00;561
12067;35;622480794;12067;557;13436;13997;4.38;0.27;394.91;21.61;1369;47;4810.00;561
12069;35;622480812;12069;549;13436;13997;4.38;0.27;395.04;21.61;1367;47;4811.00;561
12073;35;622480828;12073;553;13442;13997;4.33;0.26;395.03;21.63;1369;47;4812.00;555
12076;35;622480844;12076;555;13444;13997;4.30;0.26;395.13;21.64;1368;47;4813.00;553
12079;35;622480860;12079;555;13447;14001;4.31;0.26;395.12;21.75;1368;47;4814.00;554
12081;35;622480883;12081;559;13449;14003;4.30;0.26;395.19;21.75;1368;47;4815.00;554
12084;35;622480900;12084;542;13450;14003;4.34;0.27;395.29;21.76;1366;47;4816.00;553
12085;35;622480917;12085;536;13454;14004;4.43;0.27;395.27;21.77;1369;47;4817.00;550
12086;35;622480933;12086;526;13455;14004;4.51;0.28;395.36;21.77;1369;47;4818.00;549
12087;35;622480948;12087;523;13456;14004;4.56;0.28;395.38;21.77;1369;47;4819.00;548
12088;35;622480963;12088;522;13459;14004;4.59;0.28;395.35;21.78;1371;47;4820.00;545
12092;35;622480985;12092;518;13461;14004;4.57;0.28;395.53;21.79;1369;47;4821.00;543
12094;35;622481007;12094;523;13462;14004;4.56;0.28;395.54;21.79;1368;47;4822.00;542
12097;35;622481024;12097;525;13465;14004;4.58;0.28;395.54;21.80;1368;47;4823.00;539
12098;35;622481039;12098;545;13504;14074;4.63;0.28;395.63;21.75;1406;47;4824.00;570
12101;35;622481060;12101;546;13505;14075;4.62;0.28;395.72;21.75;1404;47;4825.00;570
12105;35;622481077;12105;541;13510;14075;4.71;0.29;395.85;21.75;1405;48;4826.00;565
12107;35;622481104;12107;543;13512;14075;4.75;0.29;395.98;21.76;1405;48;4827.00;563
12108;35;622481120;12108;544;13517;14077;4.77;0.29;396.01;21.76;1409;49;4828.00;560
12110;35;622481142;12110;543;13517;14077;4.80;0.29;396.07;21.76;1407;49;4829.00;560
12112;35;622481160;12112;545;13522;14077;4.84;0.30;396.12;21.77;1410;49;4830.00;555
12114;35;622481176;12114;539;13523;14077;4.84;0.30;396.14;21.77;1409;49;4831.00;554
12117;35;622481192;12117;549;13526;14078;4.80;0.29;396.15;21.88;1409;49;4832.00;552
12119;35;622481208;12119;552;13530;14079;4.80;0.29;396.25;21.88;1411;49;4833.00;549
12123;35;622481224;12123;557;13533;14079;4.75;0.29;396.32;21.89;1410;49;4834.00;546
12126;35;622481240;12126;556;13537;14083;4.73;0.29;396.38;21.88;1411;49;4835.00;546
12128;35;622481256;12128;566;13540;14083;4.72;0.29;396.37;21.89;1412;49;4836.00;543
12133;35;622481271;12133;570;13542;14083;4.69;0.29;396.51;21.88;1409;49;4837.00;541
12137;35;622481287;12137;571;13548;14083;4.69;0.29;396.48;21.89;1411;49;4838.00;535
12138;35;622481303;12138;584;13554;14089;4.68;0.29;396.48;21.88;1416;49;4839.00;535
12141;35;622481318;12141;585;13556;14089;4.67;0.29;396.48;21.88;1415;49;4840.00;533
12146;35;622481334;12146;595;13557;14089;4.62;0.28;396.55;21.88;1411;49;4841.00;532
12148;35;622481350;12148;599;13558;14092;4.63;0.28;396.63;21.88;1410;49;4842.00;534
12151;35;622481365;12151;601;13562;14092;4.63;0.28;396.69;21.89;1411;49;4843.00;530
12155;35;622481382;12155;609;13562;14092;4.62;0.28;396.76;21.89;1407;49;4844.00;530
12160;35;622481397;12160;608;13564;14093;4.61;0.28;396.86;21.89;1404;49;4845.00;529
12160;35;622481414;12160;604;13567;14094;4.64;0.28;396.86;21.89;1407;49;4846.00;527
12167;35;622481429;12167;602;13567;14094;4.60;0.28;396.93;21.89;1400;49;4847.00;527
12168;35;622481445;12168;611;13578;14107;4.67;0.28;396.93;21.87;1410;49;4848.00;529
12170;35;622481461;12170;611;13579;14107;4.67;0.28;397.01;21.87;1409;49;4849.00;528
12171;35;622481478;12171;603;13579;14107;4.66;0.28;397.00;21.87;1408;49;4850.00;528
12174;35;622481494;12174;606;13579;14108;4.69;0.28;397.11;21.87;1405;49;4851.00;529
12176;35;622481516;12176;597;13580;14108;4.69;0.28;397.14;21.87;1404;49;4852.00;528
12177;35;622481532;12177;583;13583;14112;4.76;0.29;397.16;21.87;1406;49;4853.00;529
12177;35;622481548;12177;574;13583;14112;4.78;0.29;397.16;21.87;1406;49;4854.00;529
12177;35;622481564;12177;571;13588;14116;4.80;0.29;397.16;21.97;1411;49;4855.00;528
12178;35;622481581;12178;563;13588;14116;4.84;0.29;397.18;21.97;1410;49;4856.00;528
12180;35;622481597;12180;550;13588;14116;4.88;0.30;397.21;21.97;1408;49;4857.00;528
12181;35;622481613;12181;552;13589;14116;4.93;0.30;397.22;21.97;1408;49;4858.00;527
12183;35;622481629;12183;541;13589;14116;4.97;0.30;397.27;21.97;1406;49;4859.00;527
12185;35;622481646;12185;534;13604;14150;5.05;0.31;397.29;21.94;1419;49;4860.00;546
12189;35;622481665;12189;524;13604;14150;4.99;0.31;397.25;21.94;1415;49;4861.00;546
12192;35;622481680;12192;515;13607;14150;4.99;0.31;397.32;21.94;1415;49;4862.00;543
12195;35;622481697;12195;505;13608;14150;5.01;0.31;397.35;21.94;1413;49;4863.00;542
12199;35;622481711;12199;495;13609;14150;5.01;0.31;397.50;21.94;1410;49;4864.00;541
12204;35;622481728;12204;497;13610;14150;5.01;0.30;397.67;21.94;1406;49;4865.00;540
12206;35;622481744;12206;498;13610;14151;5.01;0.31;397.70;21.94;1404;49;4866.00;541
12211;35;622481760;12211;490;13610;14151;5.02;0.31;397.83;21.94;1399;49;4867.00;541
12214;35;622481782;12214;486;13613;14157;5.08;0.31;397.81;21.93;1399;49;4868.00;544
12219;35;622481798;12219;490;13613;14158;5.06;0.31;397.91;21.93;1394;49;4869.00;545
12223;35;622481814;12223;482;13614;14158;5.01;0.30;397.97;21.93;1391;49;4870.00;544
12227;35;622481830;12227;480;13614;14158;4.93;0.30;398.04;21.93;1387;49;4871.00;544
12228;35;622481846;12228;481;13616;14162;4.95;0.30;398.02;21.93;1388;49;4872.00;546
12231;35;622481862;12231;481;13618;14162;4.88;0.30;398.11;22.03;1387;49;4873.00;544
12234;35;622481882;12234;489;13618;14162;4.86;0.30;398.22;22.03;1384;49;4874.00;544
12237;35;622481914;12237;501;13620;14163;4.85;0.29;398.23;22.03;1383;49;4875.00;543
12240;35;622481940;12240;504;13622;14167;4.76;0.29;398.26;22.03;1382;49;4876.00;545
12243;35;622481966;12243;508;13622;14167;4.71;0.29;398.27;22.03;1379;49;4877.00;545
12245;35;622481988;12245;509;13624;14170;4.73;0.29;398.24;22.03;1379;49;4878.00;546
12250;35;622482006;12250;523;13624;14170;4.67;0.28;398.46;22.03;1374;49;4879.00;546
12253;35;622482022;12253;523;13625;14170;4.68;0.28;398.58;22.03;1372;49;4880.00;545
12256;35;622482038;12256;523;13625;14170;4.67;0.28;398.69;22.03;1369;49;4881.00;545
12259;35;622482053;12259;530;13628;14174;4.69;0.29;398.77;22.03;1369;49;4882.00;546
12261;35;622482070;12261;543;13628;14174;4.67;0.28;398.82;22.03;1367;49;4883.00;546
12264;35;622482085;12264;544;13628;14174;4.63;0.28;398.85;22.03;1364;49;4884.00;546
12265;35;622482101;12265;543;13628;14174;4.63;0.28;398.87;22.03;1363;49;4885.00;546
12267;35;622482116;12267;548;13628;14175;4.59;0.28;398.91;22.03;1361;49;4886.00;547
12270;35;622482130;12270;549;13628;14176;4.55;0.28;398.95;22.03;1358;49;4887.00;548
12272;35;622482146;12272;560;13628;14176;4.52;0.28;398.95;22.03;1356;49;4888.00;548
12275;35;622482161;12275;565;13629;14177;4.49;0.27;399.08;22.03;1354;49;4889.00;548
12277;35;622482177;12277;576;13629;14177;4.46;0.27;399.09;22.03;1352;49;4890.00;548
12279;35;622482192;12279;582;13629;14177;4.42;0.27;399.16;22.03;1350;49;4891.00;548
12281;35;622482214;12281;589;13629;14177;4.36;0.27;399.29;22.03;1348;49;4892.00;548
12286;35;622482229;12286;598;13629;14177;4.28;0.26;399.43;22.03;1343;49;4893.00;548
12288;35;622482244;12288;594;13629;14177;4.26;0.26;399.43;22.03;1341;49;4894.00;548
12289;35;622482260;12289;596;13629;14177;4.24;0.26;399.43;22.03;1340;49;4895.00;548
12291;35;622482275;12291;609;13684;14304;4.51;0.28;399.39;21.94;1393;49;4896.00;620
12295;35;622482300;12295;614;13686;14305;4.46;0.27;399.32;21.93;1391;49;4897.00;619
12295;35;622482314;12295;614;13693;14305;4.53;0.28;399.32;21.92;1398;49;4898.00;612
12295;35;622482328;12295;613;13694;14305;4.49;0.28;399.32;21.92;1399;49;4899.00;611
12296;35;622482344;12296;616;13699;14305;4.49;0.28;399.29;21.92;1403;49;4900.00;606
12296;35;622482363;12296;619;13705;14305;4.50;0.28;399.29;21.91;1409;49;4901.00;600
12297;35;622482377;12297;622;13708;14305;4.50;0.28;399.31;21.90;1411;49;4902.00;597
12301;35;622482393;12301;622;13710;14305;4.47;0.27;399.29;21.90;1409;49;4903.00;595
12302;35;622482409;12302;624;13712;14306;4.47;0.28;399.30;21.90;1410;49;4904.00;594
12302;35;622482424;12302;628;13713;14308;4.49;0.28;399.30;21.90;1411;49;4905.00;595
12304;35;622482439;12304;628;13714;14308;4.44;0.27;399.26;21.90;1410;49;4906.00;594
12308;35;622482454;12308;631;13716;14309;4.37;0.27;399.20;21.90;1408;49;4907.00;593
12310;35;622482469;12310;637;13718;14309;4.31;0.26;399.15;21.90;1408;49;4908.00;591
12310;35;622482483;12310;632;13719;14309;4.24;0.26;399.15;21.90;1409;49;4909.00;590
12312;35;622482498;12312;634;13720;14309;4.18;0.26;399.12;21.89;1408;49;4910.00;589
12314;35;622482513;12314;643;13723;14313;4.10;0.25;399.07;21.89;1409;49;4911.00;590
12318;35;622482528;12318;645;13723;14313;4.03;0.25;399.04;21.89;1405;49;4912.00;590
12320;35;622482543;12320;647;13723;14313;3.98;0.24;399.00;21.89;1403;49;4913.00;590
12320;35;622482556;12320;651;13724;14316;3.92;0.24;399.00;21.89;1404;49;4914.00;592
12320;35;622482571;12320;654;13724;14316;3.90;0.24;399.00;21.89;1404;49;4915.00;592
12322;35;622482585;12322;650;13724;14316;3.88;0.24;399.07;21.89;1402;49;4916.00;592
12322;35;622482600;12322;654;13725;14320;3.88;0.24;399.07;21.89;1403;49;4917.00;595
12324;35;622482614;12324;662;13726;14321;3.90;0.24;399.05;21.88;1402;49;4918.00;595
12326;35;622482629;12326;664;13726;14321;3.93;0.24;399.11;21.88;1400;49;4919.00;595
12329;35;622482646;12329;665;13730;14326;3.96;0.24;399.09;21.88;1401;49;4920.00;596
12331;35;622482664;12331;665;13730;14326;3.90;0.24;399.08;21.88;1399;49;4921.00;596
12332;35;622482678;12332;665;13730;14326;3.85;0.24;399.06;21.88;1398;49;4922.00;596
12335;35;622482692;12335;663;13730;14327;3.78;0.23;399.01;21.88;1395;49;4923.00;597
12336;35;622482705;12336;668;13730;14327;3.75;0.23;399.05;21.88;1394;49;4924.00;597
12341;35;622482727;12341;677;13735;14333;3.69;0.23;398.96;21.88;1394;49;4925.00;598
12343;35;622482741;12343;687;13735;14333;3.59;0.22;398.91;21.88;1392;49;4926.00;598
12345;35;622482754;12345;692;13735;14334;3.47;0.21;398.94;21.88;1390;49;4927.00;599
12348;35;622482767;12348;700;13735;14334;3.35;0.20;398.89;21.88;1387;49;4928.00;599
12350;35;622482785;12350;706;13735;14334;3.25;0.20;398.88;21.88;1385;49;4929.00;599
12353;35;622482798;12353;704;13735;14334;3.17;0.19;398.94;21.88;1382;49;4930.00;599
12354;35;622482812;12354;690;13735;14334;3.15;0.19;398.95;21.88;1381;49;4931.00;599
12357;35;622482825;12357;680;13743;14346;3.20;0.19;398.97;21.86;1386;49;4932.00;603
12358;35;622482839;12358;676;13743;14346;3.23;0.20;398.95;21.86;1385;49;4933.00;603
12360;35;622482852;12360;671;13743;14346;3.28;0.20;398.94;21.86;1383;49;4934.00;603
12364;35;622482866;12364;663;13743;14346;3.31;0.20;398.92;21.86;1379;49;4935.00;603
12365;35;622482887;12365;654;13743;14346;3.36;0.20;398.90;21.86;1378;49;4936.00;603
12367;35;622482902;12367;647;13743;14346;3.42;0.21;398.87;21.86;1376;49;4937.00;603
12370;35;622482918;12370;632;13744;14350;3.50;0.21;398.84;21.86;1374;49;4938.00;606
12372;35;622482934;12372;632;13744;14350;3.57;0.22;398.81;21.86;1372;49;4939.00;606
12372;35;622482949;12372;614;13747;14354;3.62;0.22;398.81;21.86;1375;49;4940.00;607
12375;35;622482965;12375;601;13747;14355;3.65;0.22;398.75;21.86;1372;49;4941.00;608
12376;35;622482981;12376;604;13747;14355;3.73;0.23;398.74;21.86;1371;49;4942.00;608
12379;35;622482996;12379;599;13747;14355;3.81;0.23;398.78;21.86;1368;49;4943.00;608
12381;35;622483013;12381;592;13757;14368;3.97;0.24;398.78;21.84;1376;49;4944.00;611
12381;35;622483031;12381;585;13757;14368;4.06;0.25;398.78;21.84;1376;49;4945.00;611
12386;35;622483047;12386;575;13757;14368;4.12;0.25;398.73;21.84;1371;49;4946.00;611
12387;35;622483064;12387;568;13758;14369;4.24;0.26;398.73;21.84;1371;49;4947.00;611
12390;35;622483079;12390;561;13758;14370;4.34;0.26;398.71;21.84;1368;49;4948.00;612
12393;35;622483095;12393;560;13758;14370;4.39;0.26;398.68;21.84;1365;49;4949.00;612
12394;35;622483114;12394;550;13762;14379;4.42;0.27;398.68;21.83;1368;49;4950.00;617
12395;35;622483130;12395;544;13762;14379;4.47;0.27;398.69;21.83;1367;49;4951.00;617
12399;35;622483146;12399;535;13763;14379;4.48;0.27;398.82;21.83;1364;49;4952.00;616
12403;35;622483161;12403;532;13763;14379;4.49;0.27;398.83;21.83;1360;49;4953.00;616
12406;35;622483177;12406;527;13767;14385;4.51;0.27;398.79;21.83;1361;49;4954.00;618
12412;35;622483192;12412;517;13768;14385;4.52;0.27;398.94;21.83;1356;49;4955.00;617
12415;35;622483208;12415;513;13769;14385;4.55;0.28;398.90;21.83;1354;49;4956.00;616
12418;35;622483224;12418;509;13769;14385;4.57;0.28;398.92;21.83;1351;49;4957.00;616
12421;35;622483240;12421;505;13770;14389;4.61;0.28;398.89;21.83;1349;49;4958.00;619
12422;35;622483256;12422;510;13772;14390;4.64;0.28;398.89;21.84;1350;49;4959.00;618
12426;35;622483271;12426;507;13773;14390;4.67;0.28;398.87;21.85;1347;49;4960.00;617
12429;35;622483286;12429;504;13775;14391;4.73;0.29;398.88;21.85;1346;49;4961.00;616
12432;35;622483301;12432;498;13776;14391;4.78;0.29;398.86;21.86;1344;49;4962.00;615
12437;35;622483316;12437;492;13777;14391;4.81;0.29;398.93;21.86;1340;49;4963.00;614
12443;35;622483331;12443;498;13777;14391;4.77;0.29;398.94;21.86;1334;49;4964.00;614
12448;35;622483346;12448;496;13780;14391;4.81;0.29;399.03;21.88;1332;49;4965.00;611
12455;35;622483362;12455;502;13780;14391;4.78;0.29;399.00;21.88;1325;49;4966.00;611
12458;35;622483376;12458;509;13782;14391;4.81;0.29;399.05;21.89;1324;49;4967.00;609
12460;35;622483392;12460;520;13823;14461;4.93;0.30;399.06;21.84;1363;49;4968.00;638
12463;35;622483418;12463;512;13824;14462;4.94;0.30;399.06;21.83;1361;49;4969.00;638
12467;35;622483433;12467;511;13831;14462;4.96;0.30;399.16;21.85;1364;49;4970.00;631
12469;35;622483449;12469;509;13835;14462;4.96;0.30;399.15;21.86;1366;49;4971.00;627
12475;35;622483464;12475;499;13838;14462;4.95;0.30;399.22;21.86;1363;49;4972.00;624
12478;35;622483480;12478;498;13841;14462;4.93;0.30;399.24;21.87;1363;49;4973.00;621
12480;35;622483494;12480;505;13844;14462;4.91;0.30;399.26;21.88;1364;49;4974.00;618
12484;35;622483509;12484;505;13847;14462;4.89;0.30;399.31;21.89;1363;49;4975.00;615
12487;35;622483525;12487;505;13852;14463;4.85;0.30;399.32;22.00;1365;49;4976.00;611
12490;35;622483541;12490;505;13854;14464;4.82;0.29;399.42;22.01;1364;49;4977.00;610
12495;35;622483557;12495;509;13858;14464;4.77;0.29;399.42;22.02;1363;49;4978.00;606
12497;35;622483572;12497;515;13863;14468;4.74;0.29;399.43;22.03;1366;49;4979.00;605
12502;35;622483590;12502;517;13863;14468;4.69;0.29;399.45;22.03;1361;49;4980.00;605
12504;35;622483606;12504;515;13867;14468;4.68;0.29;399.45;22.05;1363;49;4981.00;601
12506;35;622483622;12506;524;13867;14468;4.71;0.29;399.46;22.05;1361;49;4982.00;601
12508;35;622483637;12508;531;13871;14474;4.69;0.29;399.50;22.04;1363;49;4983.00;603
12510;35;622483653;12510;537;13875;14474;4.68;0.29;399.51;22.05;1365;49;4984.00;599
12511;35;622483669;12511;545;13877;14474;4.68;0.29;399.49;22.06;1366;49;4985.00;597
12513;35;622483690;12513;535;13879;14477;4.65;0.28;399.49;22.06;1366;49;4986.00;598
12515;35;622483706;12515;541;13881;14477;4.64;0.28;399.57;22.07;1366;49;4987.00;596
12515;35;622483721;12515;535;13881;14477;4.66;0.28;399.57;22.07;1366;49;4988.00;596
12519;35;622483737;12519;528;13883;14478;4.65;0.28;399.57;22.08;1364;49;4989.00;595
12522;35;622483753;12522;527;13884;14479;4.64;0.28;399.62;22.08;1362;49;4990.00;595
12526;35;622483769;12526;524;13886;14479;4.63;0.28;399.79;22.09;1360;49;4991.00;593
12529;35;622483785;12529;525;13897;14492;4.67;0.28;399.80;22.18;1368;49;4992.00;595
12531;35;622483803;12531;524;13899;14492;4.72;0.29;399.89;22.19;1368;49;4993.00;593
12533;35;622483818;12533;526;13901;14492;4.75;0.29;399.94;22.20;1368;49;4994.00;591
12535;35;622483835;12535;528;13903;14494;4.75;0.29;400.02;22.21;1368;49;4995.00;591
12536;35;622483852;12536;527;13904;14494;4.78;0.29;400.05;22.21;1368;49;4996.00;590
12540;35;622483867;12540;527;13907;14498;4.81;0.29;400.30;22.21;1367;49;4997.00;591
12542;35;622483891;12542;527;13908;14498;4.79;0.29;400.35;22.21;1366;50;4998.00;590
12547;35;622483927;12547;527;13912;14502;4.78;0.29;400.46;22.22;1365;50;4999.00;590
12549;35;622483955;12549;535;13914;14502;4.79;0.29;400.49;22.23;1365;50;5000.00;588
12553;35;622483988;12553;532;13914;14502;4.76;0.29;400.53;22.23;1361;50;5001.00;588
12554;35;622484009;12554;532;13916;14502;4.76;0.29;400.51;22.24;1362;50;5002.00;586
12556;35;622484029;12556;534;13917;14502;4.76;0.29;400.58;22.24;1361;50;5003.00;585
12556;35;622484048;12556;535;13926;14514;4.82;0.29;400.58;22.23;1370;50;5004.00;588
12559;35;622484068;12559;535;13928;14514;4.83;0.29;400.63;22.24;1369;50;5005.00;586
12561;35;622484088;12561;531;13928;14514;4.87;0.30;400.64;22.24;1367;50;5006.00;586
12564;35;622484108;12564;527;13929;14514;4.85;0.30;400.66;22.24;1365;50;5007.00;585
12566;35;622484126;12566;527;13929;14514;4.87;0.30;400.66;22.24;1363;50;5008.00;585
12569;35;622484146;12569;534;13930;14514;4.85;0.30;400.62;22.25;1361;50;5009.00;584
12573;35;622484166;12573;536;13933;14515;4.82;0.29;400.67;22.36;1360;50;5010.00;582
12576;35;622484186;12576;542;13933;14515;4.77;0.29;400.68;22.36;1357;50;5011.00;582
12579;35;622484204;12579;545;13939;14521;4.76;0.29;400.75;22.36;1360;50;5012.00;582
12580;35;622484225;12580;550;13941;14522;4.75;0.29;400.76;22.37;1361;50;5013.00;581
12580;35;622484254;12580;549;13942;14522;4.74;0.29;400.76;22.37;1362;50;5014.00;580
12585;35;622484275;12585;557;13943;14522;4.69;0.29;400.88;22.38;1358;50;5015.00;579
12588;35;622484297;12588;564;13947;14526;4.67;0.28;400.97;22.38;1359;50;5016.00;579
12590;35;622484319;12590;568;13947;14526;4.69;0.29;400.98;22.38;1357;50;5017.00;579
12592;35;622484341;12592;576;13949;14526;4.71;0.29;401.05;22.38;1357;50;5018.00;577
12593;35;622484368;12593;582;13950;14527;4.74;0.29;401.04;22.38;1357;50;5019.00;577
12594;35;622484389;12594;578;13954;14531;4.70;0.29;401.04;22.38;1360;50;5020.00;577
12597;35;622484411;12597;573;13954;14531;4.64;0.28;401.09;22.38;1357;50;5021.00;577
12598;35;622484431;12598;573;13956;14534;4.66;0.28;401.09;22.38;1358;50;5022.00;578
12600;35;622484452;12600;576;13956;14534;4.61;0.28;401.11;22.38;1356;50;5023.00;578
12601;35;622484475;12601;576;13957;14534;4.59;0.28;401.11;22.38;1356;50;5024.00;577
12604;35;622484495;12604;578;13958;14534;4.57;0.28;401.15;22.38;1354;50;5025.00;576
12605;35;622484514;12605;567;13962;14538;4.60;0.28;401.14;22.38;1357;50;5026.00;576
12609;35;622484532;12609;571;13962;14538;4.59;0.28;401.22;22.38;1353;50;5027.00;576
12611;35;622484550;12611;561;13965;14538;4.58;0.28;401.21;22.39;1354;50;5028.00;573
12615;35;622484571;12615;562;13966;14538;4.54;0.28;401.41;22.49;1351;50;5029.00;572
12617;35;622484590;12617;558;13967;14539;4.53;0.28;401.42;22.49;1350;50;5030.00;572
12622;35;622484610;12622;549;13967;14540;4.49;0.27;401.60;22.49;1345;50;5031.00;573
12626;35;622484628;12626;544;13967;14540;4.46;0.27;401.77;22.49;1341;50;5032.00;573
12628;35;622484647;12628;535;13969;14541;4.48;0.27;401.86;22.49;1341;50;5033.00;572
12632;35;622484666;12632;532;13970;14541;4.47;0.27;401.82;22.50;1338;50;5034.00;571
12635;35;622484685;12635;523;13970;14541;4.42;0.27;401.97;22.50;1335;50;5035.00;571
12636;35;622484702;12636;539;13970;14541;4.41;0.27;402.01;22.50;1334;50;5036.00;571
12639;35;622484721;12639;525;13970;14541;4.36;0.27;402.05;22.50;1331;50;5037.00;571
12644;35;622484741;12644;529;13970;14541;4.32;0.26;401.99;22.50;1326;50;5038.00;571
12646;35;622484761;12646;534;13970;14541;4.32;0.26;402.00;22.50;1324;50;5039.00;571
12648;35;622484780;12648;574;14069;14771;4.57;0.29;401.97;22.34;1421;50;5040.00;702
12648;35;622484821;12648;563;14073;14772;4.57;0.29;401.97;22.33;1425;50;5041.00;699
12653;35;622484839;12653;557;14080;14772;4.56;0.29;401.99;22.32;1427;50;5042.00;692
12655;35;622484859;12655;553;14083;14772;4.52;0.28;401.96;22.32;1428;50;5043.00;689
12658;35;622484878;12658;556;14092;14772;4.52;0.28;402.03;22.31;1434;50;5044.00;680
12664;35;622484898;12664;557;14100;14772;4.52;0.28;402.13;22.30;1436;50;5045.00;672
12664;35;622484917;12664;557;14106;14772;4.50;0.28;402.13;22.29;1442;50;5046.00;666
12668;35;622484935;12668;561;14113;14772;4.43;0.28;402.21;22.28;1445;50;5047.00;659
12668;35;622484959;12668;563;14117;14773;4.43;0.28;402.21;22.28;1449;50;5048.00;656
12671;35;622484978;12671;558;14121;14774;4.43;0.28;402.30;22.28;1450;50;5049.00;653
12671;36;622484996;12671;566;14125;14774;4.42;0.28;402.30;22.27;1454;51;5050.00;649
12671;36;622485032;12671;577;14126;14775;4.41;0.28;402.30;22.27;1455;51;5051.00;649
12673;36;622485048;12673;578;14131;14775;4.42;0.28;402.25;22.27;1458;51;5052.00;644
12676;36;622485072;12676;590;14131;14775;4.37;0.27;402.25;22.27;1455;51;5053.00;644
12678;36;622485089;12678;595;14134;14775;4.30;0.27;402.22;22.27;1456;51;5054.00;641
12681;36;622485107;12681;607;14137;14779;4.25;0.26;402.33;22.26;1456;51;5055.00;642
12681;36;622485125;12681;604;14138;14779;4.23;0.26;402.33;22.26;1457;51;5056.00;641
12681;36;622485142;12681;615;14140;14779;4.19;0.26;402.33;22.26;1459;51;5057.00;639
12684;36;622485159;12684;628;14141;14782;4.15;0.26;402.40;22.26;1457;51;5058.00;641
12686;36;622485181;12686;639;14142;14782;4.12;0.26;402.40;22.26;1456;51;5059.00;640
12688;36;622485200;12688;651;14143;14782;4.10;0.25;402.37;22.26;1455;51;5060.00;639
12690;36;622485217;12690;655;14146;14786;4.08;0.25;402.35;22.25;1456;51;5061.00;640
12691;36;622485234;12691;662;14148;14787;4.04;0.25;402.37;22.25;1457;51;5062.00;639
12693;36;622485252;12693;674;14149;14787;4.02;0.25;402.48;22.25;1456;51;5063.00;638
12697;36;622485269;12697;671;14152;14791;3.99;0.25;402.43;22.25;1455;51;5064.00;639
12700;36;622485286;12700;677;14154;14791;3.96;0.24;402.39;22.25;1454;51;5065.00;637
12701;36;622485302;12701;690;14155;14791;3.97;0.24;402.43;22.25;1454;51;5066.00;636
12704;36;622485318;12704;695;14157;14792;3.93;0.24;402.37;22.25;1453;51;5067.00;635
12705;36;622485335;12705;700;14159;14792;3.89;0.24;402.34;22.25;1454;51;5068.00;633
12707;36;622485359;12707;707;14163;14798;3.83;0.24;402.30;22.25;1456;51;5069.00;635
12710;36;622485377;12710;708;14165;14798;3.75;0.23;402.34;22.25;1455;51;5070.00;633
12712;36;622485395;12712;721;14165;14799;3.71;0.23;402.31;22.25;1453;51;5071.00;634
12715;36;622485414;12715;726;14166;14799;3.70;0.23;402.28;22.25;1451;51;5072.00;633
12718;36;622485431;12718;724;14166;14799;3.63;0.22;402.27;22.25;1448;51;5073.00;633
12718;36;622485447;12718;730;14166;14799;3.60;0.22;402.27;22.25;1448;51;5074.00;633
12719;36;622485463;12719;734;14166;14799;3.54;0.22;402.29;22.25;1447;51;5075.00;633
12720;36;622485479;12720;735;14175;14811;3.59;0.22;402.27;22.23;1455;51;5076.00;636
12723;36;622485496;12723;741;14175;14811;3.56;0.22;402.24;22.23;1452;51;5077.00;636
12725;36;622485512;12725;738;14175;14811;3.54;0.22;402.29;22.23;1450;51;5078.00;636
12725;36;622485528;12725;732;14175;14811;3.50;0.21;402.29;22.23;1450;51;5079.00;636
12726;36;622485543;12726;733;14175;14811;3.48;0.21;402.29;22.23;1449;51;5080.00;636
12726;36;622485559;12726;734;14175;14811;3.49;0.21;402.29;22.23;1449;51;5081.00;636
12729;36;622485575;12729;735;14178;14815;3.47;0.21;402.29;22.23;1449;51;5082.00;637
12730;36;622485591;12730;722;14178;14815;3.44;0.21;402.26;22.23;1448;51;5083.00;637
12732;36;622485609;12732;702;14181;14819;3.50;0.21;402.24;22.22;1449;51;5084.00;638
12732;36;622485628;12732;691;14182;14821;3.56;0.22;402.24;22.22;1450;51;5085.00;639
12733;36;622485644;12733;679;14182;14821;3.57;0.22;402.26;22.22;1449;51;5086.00;639
12736;36;622485660;12736;673;14182;14821;3.59;0.22;402.24;22.22;1446;51;5087.00;639
12736;36;622485676;12736;681;14191;14834;3.65;0.22;402.24;22.21;1455;51;5088.00;643
12738;36;622485693;12738;672;14191;14834;3.66;0.22;402.21;22.21;1453;51;5089.00;643
12738;36;622485721;12738;667;14192;14834;3.73;0.23;402.21;22.21;1454;51;5090.00;642
12739;36;622485736;12739;656;14193;14835;3.77;0.23;402.22;22.20;1454;51;5091.00;642
12741;36;622485752;12741;670;14193;14836;3.79;0.23;402.20;22.20;1452;51;5092.00;643
12742;36;622485768;12742;671;14193;14836;3.77;0.23;402.23;22.20;1451;51;5093.00;643
12746;36;622485783;12746;675;14194;14839;3.74;0.23;402.18;22.20;1448;51;5094.00;645
12748;36;622485799;12748;679;14194;14839;3.75;0.23;402.14;22.20;1446;51;5095.00;645
12749;36;622485815;12749;678;14194;14839;3.72;0.23;402.12;22.20;1445;51;5096.00;645
12755;36;622485831;12755;687;14194;14839;3.64;0.22;402.06;22.20;1439;51;5097.00;645
12756;36;622485855;12756;683;14198;14845;3.63;0.22;402.05;22.20;1442;51;5098.00;647
12760;36;622485871;12760;685;14198;14845;3.59;0.22;402.03;22.20;1438;51;5099.00;647
12763;36;622485898;12763;682;14202;14864;3.52;0.21;402.00;22.19;1439;51;5100.00;662
12765;36;622485932;12765;675;14202;14864;3.54;0.21;402.00;22.19;1437;51;5101.00;662
12767;36;622485957;12767;666;14203;14868;3.55;0.22;402.06;22.19;1436;51;5102.00;665
12771;36;622485979;12771;666;14204;14869;3.55;0.22;402.02;22.19;1433;51;5103.00;665
12771;36;622486003;12771;661;14204;14869;3.60;0.22;402.02;22.19;1433;51;5104.00;665
12773;36;622486022;12773;647;14206;14870;3.68;0.22;402.02;22.19;1433;51;5105.00;664
12774;36;622486042;12774;645;14209;14870;3.76;0.23;402.02;22.18;1435;51;5106.00;661
12777;36;622486060;12777;622;14209;14870;3.81;0.23;401.98;22.18;1432;51;5107.00;661
12782;36;622486079;12782;612;14209;14870;3.83;0.23;402.05;22.18;1427;51;5108.00;661
12784;36;622486099;12784;606;14209;14870;3.89;0.24;402.08;22.18;1425;51;5109.00;661
12787;36;622486119;12787;596;14209;14870;3.92;0.24;402.13;22.18;1422;51;5110.00;661
12789;36;622486139;12789;582;14210;14870;4.01;0.24;402.23;22.18;1421;51;5111.00;660
12791;36;622486166;12791;582;14243;14940;4.16;0.25;402.31;22.13;1452;51;5112.00;697
12793;36;622486199;12793;563;14245;14941;4.27;0.26;402.37;22.13;1452;51;5113.00;696
12794;36;622486223;12794;559;14249;14941;4.37;0.27;402.39;22.12;1455;51;5114.00;692
12796;36;622486248;12796;553;14251;14941;4.44;0.27;402.43;22.12;1455;51;5115.00;690
12799;36;622486273;12799;541;14252;14941;4.47;0.27;402.51;22.12;1453;51;5116.00;689
12802;36;622486297;12802;528;14254;14941;4.52;0.28;402.50;22.12;1452;51;5117.00;687
12805;36;622486319;12805;529;14256;14941;4.53;0.28;402.62;22.12;1451;51;5118.00;685
12810;36;622486341;12810;524;14259;14941;4.56;0.28;402.64;22.11;1449;51;5119.00;682
12815;36;622486361;12815;523;14259;14942;4.58;0.28;402.58;22.11;1444;51;5120.00;683
12817;36;622486384;12817;520;14260;14943;4.60;0.28;402.63;22.11;1443;51;5121.00;683
12819;36;622486406;12819;525;14261;14943;4.64;0.28;402.62;22.11;1442;51;5122.00;682
12824;36;622486430;12824;519;14264;14947;4.64;0.28;402.70;22.11;1440;51;5123.00;683
12832;36;622486451;12832;523;14266;14947;4.62;0.28;402.75;22.11;1434;51;5124.00;681
12836;37;622486474;12836;516;14267;14947;4.61;0.28;402.78;22.11;1431;52;5125.00;680
12839;37;622486517;12839;517;14267;14947;4.63;0.28;402.93;22.11;1428;52;5126.00;680
12841;37;622486540;12841;527;14269;14953;4.67;0.29;402.94;22.10;1428;52;5127.00;684
12846;37;622486565;12846;517;14271;14953;4.69;0.29;402.92;22.11;1425;52;5128.00;682
12850;37;622486586;12850;525;14274;14953;4.68;0.29;402.96;22.11;1424;52;5129.00;679
12854;37;622486612;12854;522;14276;14959;4.70;0.29;403.09;22.11;1422;52;5130.00;683
12857;37;622486637;12857;525;14281;14959;4.68;0.28;403.13;22.49;1424;53;5131.00;678
12860;37;622486674;12860;524;14285;14959;4.66;0.28;403.19;22.60;1425;53;5132.00;674
12862;37;622486697;12862;531;14285;14960;4.63;0.28;403.26;22.60;1423;53;5133.00;675
12867;37;622486718;12867;524;14288;14961;4.59;0.28;403.32;22.60;1421;53;5134.00;673
12876;37;622486749;12876;529;14291;14961;4.52;0.27;403.45;22.60;1415;53;5135.00;670
12879;37;622486772;12879;525;14299;14974;4.52;0.27;403.46;22.59;1420;53;5136.00;675
12884;37;622486795;12884;518;14301;14974;4.53;0.27;403.67;22.61;1417;53;5137.00;673
12890;37;622486816;12890;518;14302;14974;4.49;0.27;403.71;22.61;1412;53;5138.00;672
12891;37;622486844;12891;515;14304;14975;4.51;0.27;403.80;22.62;1413;53;5139.00;671
12895;37;622486864;12895;515;14306;14975;4.50;0.27;403.92;22.62;1411;53;5140.00;669
12897;37;622486885;12897;516;14309;14979;4.49;0.27;403.98;22.63;1412;53;5141.00;670
12898;37;622486907;12898;517;14311;14979;4.50;0.27;404.01;22.63;1413;53;5142.00;668
12900;37;622486928;12900;519;14315;14983;4.49;0.27;404.04;22.63;1415;53;5143.00;668
12901;37;622486946;12901;525;14317;14983;4.49;0.27;404.04;22.64;1416;53;5144.00;666
12904;37;622486964;12904;528;14317;14983;4.46;0.27;404.07;22.64;1413;53;5145.00;666
12906;37;622486983;12906;532;14320;14983;4.44;0.27;404.05;22.65;1414;53;5146.00;663
12907;37;622487001;12907;530;14320;14983;4.40;0.27;404.08;22.65;1413;53;5147.00;663
12914;37;622487017;12914;523;14328;14995;4.37;0.26;404.03;22.65;1414;53;5148.00;667
12918;37;622487035;12918;521;14329;14995;4.35;0.26;404.11;22.76;1411;53;5149.00;666
12922;37;622487051;12922;519;14331;14995;4.31;0.26;404.07;22.77;1409;53;5150.00;664
12924;37;622487067;12924;514;14334;14995;4.29;0.26;404.22;22.78;1410;53;5151.00;661
12924;37;622487089;12924;527;14335;14995;4.30;0.26;404.22;22.79;1411;53;5152.00;660
12928;37;622487105;12928;530;14337;14995;4.31;0.26;404.27;22.79;1409;53;5153.00;658
12931;37;622487121;12931;539;14338;14996;4.33;0.26;404.29;22.80;1407;53;5154.00;658
12934;37;622487139;12934;535;14342;14998;4.34;0.26;404.33;22.80;1408;53;5155.00;656
12936;37;622487158;12936;526;14347;15004;4.34;0.26;404.46;22.80;1411;53;5156.00;657
12939;37;622487176;12939;521;14348;15005;4.30;0.26;404.54;22.81;1409;53;5157.00;657
12940;37;622487193;12940;520;14349;15005;4.30;0.26;404.63;22.82;1409;53;5158.00;656
12942;37;622487211;12942;522;14350;15005;4.28;0.26;404.65;22.82;1408;53;5159.00;655
12943;37;622487230;12943;526;14353;15010;4.28;0.26;404.64;22.82;1410;53;5160.00;657
12947;37;622487255;12947;526;14355;15010;4.29;0.26;404.73;22.82;1408;53;5161.00;655
12950;37;622487272;12950;530;14358;15010;4.34;0.26;404.81;22.94;1408;53;5162.00;652
12953;37;622487289;12953;521;14359;15011;4.38;0.27;404.84;22.94;1406;53;5163.00;652
12954;37;622487314;12954;527;14362;15015;4.40;0.27;404.87;22.94;1408;53;5164.00;653
12955;37;622487332;12955;533;14362;15015;4.42;0.27;404.90;22.94;1407;53;5165.00;653
12960;37;622487349;12960;555;14364;15018;4.39;0.27;404.99;22.94;1404;53;5166.00;654
12960;37;622487366;12960;543;14365;15018;4.44;0.27;404.99;22.95;1405;53;5167.00;653
12963;37;622487382;12963;553;14366;15018;4.41;0.27;405.06;22.96;1403;53;5168.00;652
12965;37;622487398;12965;548;14367;15018;4.45;0.27;405.02;22.96;1402;53;5169.00;651
12970;37;622487415;12970;537;14370;15022;4.47;0.27;405.08;22.96;1400;53;5170.00;652
12974;37;622487432;12974;532;14371;15022;4.49;0.27;405.18;22.97;1397;53;5171.00;651
12974;37;622487449;12974;532;14372;15022;4.54;0.28;405.18;22.97;1398;53;5172.00;650
12980;37;622487465;12980;529;14373;15022;4.53;0.28;405.36;22.98;1393;53;5173.00;649
12984;37;622487482;12984;530;14374;15023;4.51;0.28;405.44;22.99;1390;53;5174.00;649
12984;37;622487498;12984;536;14377;15025;4.53;0.28;405.44;23.00;1393;53;5175.00;648
12986;37;622487514;12986;543;14377;15025;4.51;0.28;405.46;23.00;1391;53;5176.00;648
12989;37;622487530;12989;536;14378;15026;4.47;0.27;405.45;23.00;1389;53;5177.00;648
12990;37;622487546;12990;537;14380;15026;4.46;0.27;405.48;23.02;1390;53;5178.00;646
12992;37;622487568;12992;546;14380;15026;4.46;0.27;405.49;23.02;1388;53;5179.00;646
12995;37;622487583;12995;543;14382;15026;4.48;0.27;405.60;23.03;1387;53;5180.00;644
13000;37;622487599;13000;552;14383;15026;4.44;0.27;405.64;23.03;1383;53;5181.00;643
13002;37;622487615;13002;551;14385;15026;4.42;0.27;405.63;23.04;1383;53;5182.00;641
13008;37;622487631;13008;551;14386;15026;4.36;0.27;405.68;23.15;1378;53;5183.00;640
13010;37;622487647;13010;570;14455;15153;4.47;0.28;405.64;23.06;1445;53;5184.00;698
13014;37;622487672;13014;563;14456;15154;4.44;0.28;405.64;23.05;1442;53;5185.00;698
13014;37;622487689;13014;554;14462;15154;4.48;0.28;405.64;23.06;1448;53;5186.00;692
13016;37;622487704;13016;548;14462;15154;4.50;0.28;405.67;23.06;1446;53;5187.00;692
13017;37;622487721;13017;559;14469;15154;4.52;0.28;405.70;23.17;1452;53;5188.00;685
13019;37;622487738;13019;562;14469;15154;4.53;0.28;405.66;23.17;1450;53;5189.00;685
13019;37;622487755;13019;562;14476;15154;4.61;0.29;405.66;23.17;1457;53;5190.00;678
13021;37;622487773;13021;567;14476;15154;4.65;0.29;405.68;23.17;1455;53;5191.00;678
13023;37;622487792;13023;570;14480;15155;4.71;0.29;405.70;23.17;1457;53;5192.00;675
13026;37;622487812;13026;566;14482;15156;4.72;0.29;405.77;23.17;1456;53;5193.00;674
13027;37;622487830;13027;563;14485;15156;4.70;0.29;405.75;23.18;1458;53;5194.00;671
13031;37;622487847;13031;567;14486;15157;4.64;0.29;405.82;23.18;1455;53;5195.00;671
13033;37;622487863;13033;562;14489;15157;4.62;0.29;405.91;23.18;1456;53;5196.00;668
13038;37;622487883;13038;564;14490;15157;4.55;0.28;405.95;23.18;1452;53;5197.00;667
13040;37;622487909;13040;565;14493;15157;4.50;0.28;405.96;23.19;1453;53;5198.00;664
13042;37;622487934;13042;567;14497;15161;4.50;0.28;405.98;23.19;1455;53;5199.00;664
13044;37;622487960;13044;574;14498;15161;4.48;0.28;406.00;23.19;1454;53;5200.00;663
13046;37;622487991;13046;575;14500;15161;4.47;0.28;406.00;23.30;1454;53;5201.00;661
13048;37;622488013;13048;570;14502;15164;4.48;0.28;406.05;23.30;1454;53;5202.00;662
13051;37;622488033;13051;567;14503;15164;4.49;0.28;405.98;23.30;1452;53;5203.00;661
13053;37;622488051;13053;562;14504;15164;4.48;0.28;405.96;23.31;1451;54;5204.00;660
13058;37;622488087;13058;567;14510;15168;4.46;0.27;405.97;23.43;1452;54;5205.00;658
13061;37;622488107;13061;561;14512;15169;4.43;0.27;405.92;23.43;1451;54;5206.00;657
13062;37;622488127;13062;550;14512;15169;4.43;0.27;405.91;23.43;1450;54;5207.00;657
13065;37;622488145;13065;551;14514;15173;4.42;0.27;405.99;23.43;1449;54;5208.00;659
13068;37;622488164;13068;546;14514;15173;4.36;0.27;405.97;23.43;1446;54;5209.00;659
13071;37;622488192;13071;550;14515;15173;4.30;0.27;405.91;23.43;1444;54;5210.00;658
13074;37;622488210;13074;551;14516;15174;4.29;0.26;405.88;23.44;1442;54;5211.00;658
13078;37;622488228;13078;555;14516;15174;4.25;0.26;405.87;23.44;1438;54;5212.00;658
13081;37;622488254;13081;562;14520;15180;4.23;0.26;405.88;23.43;1439;54;5213.00;660
13083;37;622488273;13083;569;14521;15180;4.18;0.26;405.88;23.43;1438;54;5214.00;659
13087;37;622488292;13087;580;14522;15180;4.12;0.25;405.84;23.44;1435;54;5215.00;658
13090;37;622488310;13090;587;14525;15181;4.08;0.25;405.78;23.55;1435;54;5216.00;656
13090;37;622488328;13090;596;14527;15181;4.06;0.25;405.78;23.56;1437;54;5217.00;654
13093;37;622488345;13093;592;14527;15181;4.05;0.25;405.77;23.56;1434;54;5218.00;654
13096;37;622488364;13096;598;14527;15181;4.01;0.25;405.82;23.56;1431;54;5219.00;654
13099;37;622488383;13099;595;14548;15217;4.08;0.25;405.84;23.52;1449;54;5220.00;669
13101;37;622488406;13101;609;14551;15217;4.09;0.25;405.80;23.52;1450;54;5221.00;666
13102;37;622488424;13102;618;14553;15217;4.08;0.25;405.77;23.52;1451;54;5222.00;664
13106;37;622488441;13106;622;14554;15217;4.03;0.25;405.72;23.52;1448;54;5223.00;663
13107;37;622488459;13107;630;14556;15217;4.05;0.25;405.72;23.52;1449;54;5224.00;661
13108;37;622488477;13108;641;14556;15217;4.02;0.25;405.69;23.52;1448;54;5225.00;661
13110;37;622488495;13110;645;14561;15221;3.99;0.25;405.67;23.51;1451;54;5226.00;660
13111;37;622488513;13111;650;14562;15221;4.01;0.25;405.66;23.51;1451;54;5227.00;659
13112;37;622488531;13112;664;14565;15225;4.01;0.25;405.68;23.51;1453;54;5228.00;660
13113;37;622488555;13113;664;14565;15226;3.97;0.24;405.71;23.51;1452;54;5229.00;661
13114;37;622488574;13114;682;14565;15226;3.95;0.24;405.71;23.51;1451;54;5230.00;661
13115;37;622488592;13115;691;14565;15226;3.86;0.24;405.70;23.51;1450;54;5231.00;661
13117;37;622488609;13117;704;14575;15239;3.84;0.24;405.67;23.49;1458;54;5232.00;664
13119;38;622488629;13119;714;14575;15239;3.81;0.23;405.67;23.49;1456;55;5233.00;664
13120;38;622488664;13120;718;14575;15239;3.74;0.23;405.68;23.49;1455;55;5234.00;664
13121;38;622488682;13121;714;14576;15240;3.75;0.23;405.67;23.49;1455;55;5235.00;664
13122;38;622488700;13122;712;14576;15241;3.73;0.23;405.66;23.49;1454;55;5236.00;665
13122;38;622488718;13122;714;14576;15241;3.75;0.23;405.66;23.49;1454;55;5237.00;665
13123;38;622488736;13123;712;14577;15244;3.77;0.23;405.73;23.49;1454;55;5238.00;667
13124;38;622488753;13124;711;14577;15244;3.79;0.23;405.73;23.49;1453;55;5239.00;667
13126;38;622488770;13126;707;14577;15244;3.80;0.23;405.78;23.49;1451;55;5240.00;667
13127;38;622488787;13127;704;14577;15244;3.83;0.24;405.76;23.49;1450;55;5241.00;667
13132;38;622488813;13132;707;14581;15250;3.87;0.24;405.73;23.48;1449;55;5242.00;669
13135;38;622488832;13135;711;14581;15250;3.90;0.24;405.72;23.48;1446;55;5243.00;669
13135;38;622488850;13135;716;14581;15250;3.94;0.24;405.72;23.48;1446;55;5244.00;669
13136;38;622488867;13136;721;14581;15250;3.94;0.24;405.71;23.48;1445;55;5245.00;669
13137;38;622488887;13137;713;14584;15254;3.93;0.24;405.70;23.48;1447;55;5246.00;670
13137;38;622488913;13137;717;14584;15255;3.93;0.24;405.70;23.48;1447;55;5247.00;671
13140;38;622488929;13140;715;14584;15255;3.88;0.24;405.64;23.48;1444;55;5248.00;671
13144;38;622488946;13144;707;14585;15256;3.83;0.24;405.70;23.48;1441;55;5249.00;671
13144;38;622488972;13144;704;14585;15256;3.86;0.24;405.70;23.48;1441;55;5250.00;671
13147;38;622488987;13147;700;14585;15256;3.80;0.23;405.67;23.48;1438;55;5251.00;671
13148;38;622489002;13148;696;14585;15256;3.75;0.23;405.65;23.48;1437;55;5252.00;671
13150;38;622489018;13150;697;14585;15256;3.73;0.23;405.65;23.48;1435;55;5253.00;671
13155;38;622489040;13155;692;14585;15256;3.72;0.23;405.74;23.48;1430;55;5254.00;671
13157;38;622489057;13157;693;14585;15256;3.71;0.23;405.70;23.48;1428;55;5255.00;671
13158;38;622489072;13158;695;14623;15326;3.89;0.24;405.68;23.41;1465;55;5256.00;703
13159;38;622489093;13159;697;14625;15327;3.92;0.24;405.70;23.41;1466;55;5257.00;702
13161;39;622489114;13161;687;14627;15327;3.94;0.24;405.77;23.41;1466;56;5258.00;700
13164;39;622489140;13164;691;14628;15327;3.94;0.24;405.77;23.41;1464;56;5259.00;699
13165;39;622489156;13165;678;14630;15327;3.99;0.24;405.79;23.40;1465;56;5260.00;697
13166;39;622489170;13166;673;14633;15327;4.00;0.24;405.79;23.40;1467;56;5261.00;694
13167;39;622489185;13167;670;14634;15327;3.99;0.24;405.77;23.40;1467;56;5262.00;693
13170;39;622489199;13170;665;14635;15327;3.97;0.24;405.79;23.40;1465;56;5263.00;692
13175;39;622489214;13175;662;14636;15328;3.98;0.24;405.73;23.40;1461;56;5264.00;692
13177;39;622489230;13177;665;14640;15330;3.99;0.24;405.69;23.39;1463;56;5265.00;690
13181;39;622489245;13181;675;14642;15330;3.98;0.24;405.62;23.39;1461;56;5266.00;688
13185;39;622489261;13185;675;14645;15334;3.95;0.24;405.63;23.39;1460;56;5267.00;689
13185;39;622489277;13185;671;14645;15334;4.01;0.24;405.63;23.39;1460;56;5268.00;689
13187;39;622489291;13187;668;14645;15334;3.99;0.24;405.60;23.39;1458;56;5269.00;689
13190;39;622489306;13190;661;14645;15334;3.97;0.24;405.77;23.39;1455;56;5270.00;689
13190;39;622489322;13190;655;14648;15340;4.00;0.24;405.77;23.38;1458;56;5271.00;692
13196;39;622489338;13196;647;14648;15340;3.95;0.24;405.97;23.38;1452;56;5272.00;692
13198;39;622489354;13198;638;14648;15340;3.97;0.24;406.04;23.38;1450;56;5273.00;692
13200;39;622489371;13200;634;14649;15343;3.98;0.24;406.01;23.38;1449;56;5274.00;694
13202;39;622489388;13202;627;14649;15343;4.01;0.24;406.11;23.38;1447;56;5275.00;694
13207;39;622489404;13207;624;14649;15343;3.99;0.24;406.10;23.38;1442;56;5276.00;694
13211;39;622489421;13211;613;14649;15344;3.97;0.24;406.19;23.38;1438;56;5277.00;695
13213;39;622489438;13213;600;14650;15345;3.99;0.24;406.21;23.38;1437;56;5278.00;695
13219;39;622489455;13219;592;14650;15345;3.96;0.24;406.40;23.38;1431;56;5279.00;695
13221;39;622489474;13221;584;14667;15371;4.05;0.25;406.42;23.35;1446;56;5280.00;704
13225;39;622489494;13225;575;14667;15371;4.11;0.25;406.50;23.35;1442;56;5281.00;704
13228;39;622489511;13228;567;14669;15371;4.14;0.25;406.61;23.35;1441;56;5282.00;702
13230;39;622489528;13230;554;14670;15372;4.21;0.26;406.60;23.35;1440;56;5283.00;702
13233;39;622489545;13233;549;14671;15372;4.26;0.26;406.73;23.35;1438;56;5284.00;701
13236;39;622489562;13236;547;14673;15376;4.32;0.27;406.72;23.34;1437;56;5285.00;703
13240;39;622489579;13240;534;14673;15376;4.38;0.27;406.83;23.34;1433;56;5286.00;703
13245;39;622489597;13245;529;14677;15379;4.41;0.27;406.89;23.34;1432;56;5287.00;702
13249;39;622489616;13249;533;14677;15380;4.46;0.27;406.97;23.34;1428;56;5288.00;703
13252;39;622489634;13252;526;14677;15380;4.51;0.28;406.99;23.34;1425;56;5289.00;703
13256;39;622489652;13256;529;14677;15380;4.54;0.28;407.09;23.34;1421;56;5290.00;703
13261;39;622489669;13261;527;14677;15380;4.56;0.28;407.09;23.34;1416;56;5291.00;703
13266;39;622489687;13266;531;14686;15392;4.59;0.28;407.20;23.32;1420;56;5292.00;706
13270;39;622489707;13270;534;14687;15392;4.59;0.28;407.31;23.32;1417;56;5293.00;705
13273;39;622489725;13273;531;14687;15392;4.61;0.28;407.32;23.32;1414;56;5294.00;705
13275;39;622489743;13275;531;14688;15392;4.62;0.28;407.30;23.33;1413;56;5295.00;704
13285;39;622489760;13285;521;14688;15392;4.60;0.28;407.37;23.33;1403;56;5296.00;704
13290;39;622489779;13290;528;14688;15392;4.62;0.28;407.51;23.33;1398;56;5297.00;704
13292;39;622489797;13292;523;14688;15393;4.65;0.28;407.55;23.33;1396;56;5298.00;705
13299;39;622489816;13299;516;14688;15393;4.61;0.28;407.61;23.33;1389;56;5299.00;705
13305;39;622489836;13305;515;14692;15399;4.58;0.28;407.72;23.32;1387;56;5300.00;707
13309;39;622489857;13309;525;14692;15400;4.56;0.28;407.79;23.32;1383;56;5301.00;708
13316;39;622489874;13316;526;14693;15400;4.53;0.27;407.80;23.33;1377;56;5302.00;707
13320;39;622489897;13320;526;14694;15400;4.48;0.27;407.95;23.34;1374;56;5303.00;706
13323;39;622489923;13323;531;14697;15404;4.45;0.27;408.02;23.34;1374;56;5304.00;707
13326;39;622489948;13326;532;14697;15404;4.44;0.27;408.23;23.34;1371;56;5305.00;707
13329;39;622489971;13329;536;14699;15404;4.43;0.27;408.29;23.35;1370;56;5306.00;705
13330;39;622489993;13330;541;14701;15405;4.43;0.27;408.30;23.35;1371;56;5307.00;704
13333;39;622490014;13333;550;14705;15409;4.44;0.27;408.29;23.35;1372;56;5308.00;704
13339;39;622490038;13339;548;14706;15409;4.39;0.27;408.43;23.36;1367;56;5309.00;703
13342;39;622490060;13342;546;14710;15415;4.39;0.27;408.55;23.37;1368;56;5310.00;705
13346;39;622490082;13346;549;14710;15415;4.34;0.26;408.54;23.37;1364;56;5311.00;705
13349;39;622490103;13349;547;14712;15415;4.29;0.26;408.66;23.38;1363;56;5312.00;703
13351;39;622490123;13351;554;14713;15415;4.25;0.26;408.62;23.39;1362;56;5313.00;702
13357;39;622490143;13357;559;14716;15419;4.18;0.25;408.69;23.39;1359;56;5314.00;703
13359;39;622490164;13359;558;14717;15419;4.13;0.25;408.68;23.40;1358;56;5315.00;702
13362;39;622490184;13362;563;14719;15419;4.10;0.25;408.79;23.40;1357;56;5316.00;700
13368;39;622490207;13368;560;14720;15419;4.04;0.25;408.83;23.41;1352;56;5317.00;699
13371;39;622490237;13371;558;14720;15420;4.03;0.24;408.86;23.41;1349;56;5318.00;700
13372;39;622490261;13372;568;14721;15421;4.05;0.25;408.89;23.42;1349;56;5319.00;700
13376;39;622490285;13376;565;14722;15421;4.02;0.24;409.03;23.43;1346;56;5320.00;699
13379;39;622490308;13379;555;14724;15422;4.01;0.24;409.01;23.43;1345;56;5321.00;698
13380;39;622490333;13380;562;14724;15422;4.03;0.24;409.00;23.43;1344;56;5322.00;698
13381;39;622490357;13381;564;14724;15422;4.04;0.25;408.98;23.43;1343;56;5323.00;698
13382;39;622490379;13382;564;14725;15422;4.08;0.25;409.07;23.44;1343;56;5324.00;697
13386;39;622490402;13386;560;14727;15422;4.02;0.24;409.14;23.45;1341;56;5325.00;695
13390;39;622490426;13390;558;14728;15422;4.01;0.24;409.12;23.46;1338;56;5326.00;694
13392;39;622490448;13392;555;14728;15422;4.00;0.24;409.10;23.46;1336;56;5327.00;694
13396;39;622490473;13396;585;14799;15549;4.09;0.25;409.15;23.36;1403;56;5328.00;750
13396;39;622490515;13396;565;14800;15550;4.16;0.26;409.15;23.36;1404;56;5329.00;750
13397;39;622490537;13397;556;14803;15550;4.25;0.26;409.26;23.37;1406;56;5330.00;747
13400;39;622490559;13400;551;14806;15550;4.34;0.27;409.35;23.37;1406;56;5331.00;744
13401;39;622490580;13401;555;14810;15550;4.47;0.28;409.33;23.38;1409;56;5332.00;740
13406;39;622490602;13406;553;14812;15550;4.55;0.28;409.45;23.37;1406;56;5333.00;738
13409;39;622490623;13409;548;14816;15550;4.59;0.28;409.53;23.38;1407;56;5334.00;734
13410;39;622490645;13410;554;14818;15550;4.63;0.28;409.53;23.38;1408;56;5335.00;732
13415;39;622490667;13415;561;14822;15551;4.61;0.28;409.67;23.39;1407;56;5336.00;729
13417;39;622490689;13417;557;14826;15552;4.63;0.28;409.66;23.40;1409;56;5337.00;726
13420;39;622490710;13420;552;14827;15552;4.60;0.28;409.71;23.41;1407;56;5338.00;725
13423;39;622490731;13423;548;14829;15553;4.60;0.28;409.81;23.40;1406;56;5339.00;724
13426;39;622490756;13426;548;14835;15553;4.57;0.28;409.89;23.42;1409;56;5340.00;718
13427;39;622490780;13427;552;14836;15553;4.55;0.28;409.96;23.42;1409;56;5341.00;717
13429;39;622490801;13429;561;14838;15553;4.54;0.28;410.01;23.43;1409;56;5342.00;715
13431;39;622490831;13431;557;14843;15557;4.53;0.28;409.98;23.43;1412;56;5343.00;714
13433;39;622490854;13433;557;14845;15557;4.50;0.28;410.02;23.44;1412;56;5344.00;712
13436;39;622490876;13436;556;14848;15557;4.45;0.27;410.14;23.44;1412;56;5345.00;709
13440;39;622490898;13440;567;14849;15560;4.41;0.27;410.27;23.44;1409;56;5346.00;711
13442;39;622490919;13442;564;14849;15560;4.35;0.27;410.33;23.44;1407;56;5347.00;711
13444;39;622490940;13444;573;14850;15560;4.35;0.27;410.34;23.45;1406;56;5348.00;710
13448;39;622490958;13448;583;14856;15564;4.32;0.26;410.44;23.46;1408;56;5349.00;708
13452;39;622490988;13452;583;14857;15565;4.29;0.26;410.45;23.46;1405;56;5350.00;708
13457;39;622491008;13457;589;14859;15565;4.26;0.26;410.51;23.47;1402;56;5351.00;706
13459;39;622491026;13459;596;14863;15569;4.26;0.26;410.48;23.47;1404;56;5352.00;706
13460;39;622491044;13460;584;14864;15569;4.27;0.26;410.57;23.47;1404;56;5353.00;705
13461;39;622491061;13461;583;14865;15569;4.30;0.26;410.60;23.48;1404;56;5354.00;704
13461;39;622491082;13461;589;14866;15571;4.32;0.26;410.60;23.48;1405;56;5355.00;705
13465;39;622491100;13465;594;14868;15571;4.31;0.26;410.56;23.48;1403;56;5356.00;703
13468;39;622491117;13468;597;14872;15577;4.32;0.26;410.58;23.48;1404;56;5357.00;705
13470;39;622491135;13470;601;14874;15577;4.32;0.26;410.58;23.49;1404;56;5358.00;703
13472;39;622491152;13472;604;14874;15577;4.33;0.26;410.56;23.49;1402;56;5359.00;703
13477;39;622491170;13477;597;14875;15578;4.31;0.26;410.64;23.49;1398;56;5360.00;703
13479;39;622491187;13479;604;14876;15578;4.29;0.26;410.60;23.50;1397;56;5361.00;702
13479;39;622491205;13479;604;14877;15578;4.26;0.26;410.60;23.50;1398;56;5362.00;701
13481;39;622491225;13481;600;14877;15578;4.23;0.26;410.61;23.50;1396;56;5363.00;701
13484;39;622491245;13484;593;14887;15590;4.27;0.26;410.56;23.49;1403;56;5364.00;703
13486;39;622491268;13486;592;14888;15590;4.27;0.26;410.52;23.49;1402;56;5365.00;702
13492;39;622491288;13492;592;14889;15590;4.23;0.26;410.52;23.50;1397;56;5366.00;701
13495;39;622491308;13495;588;14889;15590;4.23;0.26;410.51;23.50;1394;56;5367.00;701
13497;39;622491328;13497;591;14891;15590;4.25;0.26;410.48;23.50;1394;56;5368.00;699
13498;39;622491347;13498;588;14891;15590;4.26;0.26;410.48;23.50;1393;56;5369.00;699
13500;39;622491368;13500;588;14895;15594;4.29;0.26;410.50;23.50;1395;56;5370.00;699
13501;39;622491388;13501;588;14895;15594;4.31;0.26;410.50;23.50;1394;56;5371.00;699
13504;39;622491412;13504;588;14899;15598;4.35;0.27;410.48;23.50;1395;56;5372.00;699
13508;39;622491431;13508;592;14899;15599;4.34;0.26;410.44;23.50;1391;56;5373.00;700
13510;39;622491457;13510;584;14900;15599;4.34;0.26;410.43;23.63;1390;56;5374.00;699
13514;39;622491483;13514;583;14901;15599;4.33;0.26;410.37;23.64;1387;56;5375.00;698
13518;39;622491498;13518;588;14911;15612;4.34;0.26;410.34;23.62;1393;56;5376.00;701
13524;39;622491515;13524;590;14913;15612;4.32;0.26;410.31;23.76;1389;56;5377.00;699
13524;39;622491535;13524;585;14913;15612;4.38;0.27;410.31;23.76;1389;56;5378.00;699
13527;39;622491550;13527;581;14915;15613;4.42;0.27;410.28;23.76;1388;56;5379.00;698
13528;39;622491565;13528;582;14915;15614;4.44;0.27;410.35;23.76;1387;56;5380.00;699
13529;39;622491580;13529;582;14916;15614;4.46;0.27;410.35;23.76;1387;56;5381.00;698
13530;39;622491595;13530;589;14918;15617;4.45;0.27;410.32;23.76;1388;56;5382.00;699
13533;39;622491611;13533;596;14918;15617;4.41;0.27;410.35;23.76;1385;56;5383.00;699
13535;39;622491626;13535;599;14918;15617;4.40;0.27;410.30;23.76;1383;56;5384.00;699
13537;39;622491640;13537;603;14918;15617;4.33;0.26;410.27;23.76;1381;56;5385.00;699
13538;39;622491655;13538;619;14923;15623;4.34;0.26;410.27;23.76;1385;56;5386.00;700
13539;39;622491670;13539;606;14923;15623;4.33;0.26;410.26;23.76;1384;56;5387.00;700
13540;39;622491685;13540;608;14923;15623;4.29;0.26;410.25;23.76;1383;56;5388.00;700
13540;39;622491700;13540;602;14923;15623;4.30;0.26;410.25;23.76;1383;56;5389.00;700
13545;39;622491715;13545;602;14926;15627;4.31;0.26;410.26;23.75;1381;56;5390.00;701
13546;39;622491730;13546;597;14926;15628;4.31;0.26;410.25;23.75;1380;56;5391.00;702
13547;39;622491745;13547;595;14926;15628;4.29;0.26;410.23;23.75;1379;56;5392.00;702
13548;39;622491760;13548;597;14927;15629;4.29;0.26;410.23;23.75;1379;56;5393.00;702
13551;39;622491780;13551;589;14927;15629;4.25;0.26;410.19;23.75;1376;56;5394.00;702
13552;40;622491796;13552;595;14928;15629;4.24;0.26;410.16;23.75;1376;57;5395.00;701
13554;40;622491822;13554;607;14928;15629;4.24;0.26;410.13;23.75;1374;57;5396.00;701
13555;40;622491837;13555;610;14928;15629;4.26;0.26;410.16;23.75;1373;57;5397.00;701
13556;40;622491852;13556;612;14928;15629;4.30;0.26;410.16;23.75;1372;57;5398.00;701
13559;40;622491867;13559;607;14928;15629;4.32;0.26;410.15;23.75;1369;57;5399.00;701
