step_arrived;step_collisions;step_duration;step_ended;step_halting;step_inserted;step_loaded;step_meanSpeed;step_meanSpeedRelative;step_meanTravelTime;step_meanWaitingTime;step_running;step_teleports;step_time;step_waiting
0;0;622163634;0;1;89;245;16.45;1.16;-1.00;0.00;89;0;0.00;156
0;0;622163666;0;1;101;245;15.65;1.08;-1.00;0.12;101;0;1.00;144
0;0;622163668;0;2;121;245;14.98;1.02;-1.00;0.43;121;0;2.00;124
0;0;622163669;0;3;134;245;13.84;0.93;-1.00;0.68;134;0;3.00;111
0;0;622163670;0;2;148;245;12.78;0.86;-1.00;0.99;148;0;4.00;97
0;0;622163671;0;3;158;245;11.83;0.79;-1.00;1.25;158;0;5.00;87
0;0;622163674;0;8;170;245;10.92;0.73;-1.00;1.58;170;0;6.00;75
0;0;622163676;0;13;176;245;10.33;0.68;-1.00;1.77;176;0;7.00;69
0;0;622163677;0;19;186;246;9.72;0.64;-1.00;2.10;186;0;8.00;60
0;0;622163679;0;21;191;247;9.70;0.64;-1.00;2.28;191;0;9.00;56
0;0;622163682;0;27;197;247;9.34;0.62;-1.00;2.52;197;0;10.00;50
0;0;622163683;0;30;203;248;9.18;0.61;-1.00;2.72;203;0;11.00;45
2;0;622163686;2;35;208;248;8.93;0.58;12.00;2.94;206;0;12.00;40
2;0;622163688;2;34;212;248;8.80;0.57;12.00;3.13;210;0;13.00;36
2;0;622163691;2;42;216;248;8.67;0.56;12.00;3.33;214;0;14.00;32
2;0;622163693;2;41;221;252;8.63;0.56;12.00;3.47;219;0;15.00;31
2;0;622163696;2;45;225;252;8.65;0.55;12.00;3.69;223;0;16.00;27
3;0;622163698;3;53;226;252;8.58;0.55;13.67;3.72;223;0;17.00;26
3;0;622163701;3;57;231;255;8.55;0.54;13.67;3.97;228;0;18.00;24
4;0;622163704;4;62;233;255;8.50;0.54;15.00;4.02;229;0;19.00;22
4;0;622163706;4;71;236;255;8.46;0.53;15.00;4.22;232;0;20.00;19
5;0;622163709;5;75;241;259;8.52;0.54;16.20;4.24;236;0;21.00;18
6;0;622163712;6;81;242;260;8.47;0.53;17.00;4.23;236;0;22.00;18
6;0;622163715;6;85;244;260;8.36;0.53;17.00;4.38;238;0;23.00;16
6;0;622163718;6;88;247;264;8.23;0.51;17.00;4.43;241;0;24.00;17
7;0;622163721;7;94;249;264;8.28;0.52;18.14;4.49;242;0;25.00;15
7;0;622163724;7;95;250;264;8.16;0.51;18.14;4.58;243;0;26.00;14
7;0;622163726;7;95;250;265;8.07;0.50;18.14;4.58;243;0;27.00;15
7;0;622163729;7;97;251;265;7.96;0.49;18.14;4.58;244;0;28.00;14
7;0;622163733;7;96;256;271;7.85;0.49;18.14;4.51;249;0;29.00;15
7;0;622163737;7;98;257;271;7.73;0.48;18.14;4.61;250;0;30.00;14
7;0;622163741;7;101;258;272;7.67;0.48;18.14;4.59;251;0;31.00;14
8;0;622163743;8;104;259;272;7.57;0.47;19.50;4.64;251;0;32.00;13
10;0;622163747;10;106;260;272;7.52;0.47;22.20;4.75;250;0;33.00;12
10;0;622163750;10;109;260;272;7.64;0.47;22.20;4.75;250;0;34.00;12
11;0;622163753;11;114;262;272;7.71;0.48;22.82;4.92;251;0;35.00;10
11;0;622163756;11;118;272;284;8.09;0.50;22.82;4.74;261;0;36.00;12
11;0;622163760;11;120;273;284;8.11;0.50;22.82;4.85;262;0;37.00;11
11;0;622163764;11;122;274;284;8.04;0.50;22.82;4.97;263;0;38.00;10
11;0;622163767;11;124;274;284;7.92;0.49;22.82;4.97;263;0;39.00;10
12;0;622163770;12;124;276;284;7.84;0.49;23.83;5.13;264;0;40.00;8
12;0;622163773;12;127;277;284;7.84;0.49;23.83;5.22;265;0;41.00;7
12;0;622163776;12;131;282;288;7.90;0.49;23.83;5.23;270;0;42.00;6
14;0;622163779;14;132;283;288;7.75;0.48;26.29;5.27;269;0;43.00;5
14;0;622163782;14;139;287;292;7.74;0.48;26.29;5.23;273;0;44.00;5
15;0;622163785;15;139;288;294;7.57;0.47;26.13;5.22;273;0;45.00;6
15;0;622163788;15;142;290;294;7.46;0.47;26.13;5.22;275;0;46.00;4
17;0;622163791;17;140;291;294;7.35;0.46;28.29;5.21;274;0;47.00;3
18;0;622163794;18;143;302;307;7.54;0.47;28.94;5.02;284;0;48.00;5
18;0;622163798;18;147;302;307;7.52;0.47;28.94;5.02;284;0;49.00;5
19;0;622163801;19;146;302;307;7.56;0.47;29.74;5.02;283;0;50.00;5
19;0;622163803;19;146;303;308;7.51;0.47;29.74;5.01;284;0;51.00;5
19;0;622163807;19;147;304;309;7.45;0.46;29.74;5.00;285;0;52.00;5
21;0;622163809;21;150;304;309;7.40;0.46;30.90;5.00;283;0;53.00;5
21;0;622163813;21;152;307;312;7.46;0.46;30.90;4.95;286;0;54.00;5
24;0;622163816;24;156;307;312;7.31;0.45;33.92;4.95;283;0;55.00;5
27;0;622163819;27;145;307;312;7.18;0.44;34.96;4.95;280;0;56.00;5
28;0;622163822;28;142;307;312;7.14;0.44;34.89;4.95;279;0;57.00;5
28;0;622163825;28;139;313;318;7.21;0.44;34.89;4.87;285;0;58.00;5
28;0;622163830;28;142;313;318;7.26;0.45;34.89;4.87;285;0;59.00;5
28;0;622163837;28;147;313;318;7.24;0.44;34.89;4.87;285;0;60.00;5
28;0;622163841;28;150;313;318;7.25;0.45;34.89;4.87;285;0;61.00;5
28;0;622163845;28;150;317;322;7.28;0.45;34.89;4.82;289;0;62.00;5
29;0;622163848;29;153;318;323;7.44;0.46;35.86;4.81;289;0;63.00;5
32;0;622163851;32;155;318;323;7.45;0.45;38.25;4.81;286;0;64.00;5
33;0;622163854;33;155;319;324;7.56;0.46;37.79;4.80;286;0;65.00;5
33;0;622163857;33;156;319;324;7.56;0.46;37.79;4.80;286;0;66.00;5
34;0;622163859;34;146;319;324;7.64;0.47;38.44;4.80;285;0;67.00;5
34;0;622163863;34;141;319;324;7.75;0.47;38.44;4.80;285;0;68.00;5
34;0;622163866;34;137;319;324;7.82;0.48;38.44;4.80;285;0;69.00;5
34;0;622163868;34;133;319;324;7.91;0.48;38.44;4.80;285;0;70.00;5
35;0;622163871;35;130;319;324;8.02;0.49;39.23;4.80;284;0;71.00;5
35;0;622163875;35;137;353;394;8.23;0.50;39.23;4.33;318;0;72.00;41
35;0;622163883;35;128;354;395;8.40;0.51;39.23;4.32;319;0;73.00;41
35;0;622163887;35;121;361;395;8.73;0.53;39.23;4.28;326;0;74.00;34
35;0;622163891;35;119;363;395;8.94;0.55;39.23;4.27;328;0;75.00;32
35;0;622163894;35;117;366;395;9.15;0.56;39.23;4.27;331;0;76.00;29
35;0;622163898;35;117;367;395;9.28;0.57;39.23;4.27;332;0;77.00;28
36;0;622163901;36;118;370;395;9.49;0.58;40.31;4.29;334;0;78.00;25
37;0;622163905;37;121;373;395;9.56;0.58;41.35;4.31;336;0;79.00;22
37;0;622163914;37;122;376;396;9.55;0.58;41.35;4.34;339;0;80.00;20
40;0;622163918;40;120;378;397;9.53;0.58;43.88;4.36;338;0;81.00;19
40;0;622163928;40;123;380;397;9.54;0.58;43.88;4.37;340;0;82.00;17
40;0;622163931;40;125;385;401;9.42;0.57;43.88;4.36;345;0;83.00;16
40;0;622163936;40;129;386;401;9.42;0.57;43.88;4.35;346;0;84.00;15
40;0;622163940;40;130;386;401;9.32;0.57;43.88;4.35;346;0;85.00;15
40;0;622163943;40;129;386;401;9.17;0.56;43.88;4.35;346;0;86.00;15
41;0;622163947;41;128;391;407;9.11;0.55;44.93;4.31;350;0;87.00;16
42;0;622163951;42;132;391;407;8.97;0.55;45.95;4.31;349;0;88.00;16
44;0;622163955;44;135;391;407;8.85;0.54;47.89;4.31;347;0;89.00;16
46;0;622163960;46;134;395;413;8.76;0.54;49.48;4.27;349;0;90.00;18
46;0;622163964;46;130;395;413;8.75;0.54;49.48;4.27;349;0;91.00;18
48;0;622163967;48;133;397;413;8.71;0.53;51.25;4.25;349;0;92.00;16
49;0;622163972;49;133;398;414;8.67;0.53;52.10;4.25;349;0;93.00;16
51;0;622163976;51;132;399;415;8.76;0.53;53.53;4.24;348;0;94.00;16
51;0;622163980;51;132;399;415;8.69;0.53;53.53;4.24;348;0;95.00;16
54;0;622163984;54;135;409;428;8.62;0.53;55.89;4.13;355;0;96.00;19
57;0;622163988;57;132;410;428;8.63;0.53;57.95;4.13;353;0;97.00;18
60;0;622163992;60;134;410;428;8.58;0.52;59.92;4.13;350;0;98.00;18
61;0;622163997;61;134;411;429;8.74;0.53;60.56;4.12;350;0;99.00;18
62;0;622164001;62;131;411;429;8.80;0.54;60.03;4.12;349;0;100.00;18
62;0;622164010;62;129;414;433;8.94;0.55;60.03;4.09;352;0;101.00;19
64;0;622164014;64;120;414;433;8.94;0.54;61.02;4.09;350;0;102.00;19
66;0;622164018;66;119;418;437;8.87;0.54;62.23;4.06;352;0;103.00;19
66;0;622164023;66;111;418;437;8.99;0.55;62.23;4.06;352;0;104.00;19
66;0;622164027;66;105;418;437;9.17;0.56;62.23;4.06;352;0;105.00;19
68;0;622164031;68;101;420;437;9.25;0.56;63.44;4.21;352;0;106.00;17
68;0;622164037;68;92;420;437;9.43;0.57;63.44;4.21;352;0;107.00;17
68;0;622164041;68;85;431;449;9.64;0.59;63.44;4.10;363;0;108.00;18
68;0;622164046;68;80;432;449;9.78;0.60;63.44;4.09;364;0;109.00;17
68;0;622164051;68;74;432;449;9.92;0.60;63.44;4.09;364;0;110.00;17
69;0;622164055;69;74;432;449;10.06;0.61;64.13;4.09;363;0;111.00;17
69;0;622164059;69;70;432;449;10.20;0.62;64.13;4.09;363;0;112.00;17
69;0;622164064;69;71;432;449;10.34;0.63;64.13;4.09;363;0;113.00;17
69;0;622164069;69;71;433;450;10.49;0.64;64.13;4.09;364;0;114.00;17
70;0;622164073;70;69;433;450;10.54;0.64;64.86;4.09;363;0;115.00;17
70;0;622164078;70;66;438;456;10.72;0.66;64.86;4.05;368;0;116.00;18
70;0;622164084;70;67;438;457;10.73;0.66;64.86;4.05;368;0;117.00;19
72;0;622164088;72;66;440;457;10.69;0.65;65.83;4.30;368;0;118.00;17
75;0;622164094;75;73;440;457;10.65;0.65;67.91;4.30;365;0;119.00;17
75;0;622164101;75;73;445;462;10.72;0.65;67.91;4.52;370;0;120.00;17
76;0;622164106;76;75;447;462;10.73;0.65;68.61;4.72;371;0;121.00;15
76;0;622164112;76;77;448;462;10.73;0.66;68.61;4.98;372;0;122.00;14
76;0;622164118;76;79;449;463;10.88;0.67;68.61;4.98;373;0;123.00;14
77;0;622164123;77;82;454;467;10.82;0.66;69.30;5.04;377;0;124.00;13
77;0;622164128;77;83;456;467;10.92;0.67;69.30;5.31;379;0;125.00;11
78;0;622164134;78;85;459;470;11.06;0.68;69.76;5.39;381;0;126.00;11
78;0;622164140;78;87;461;470;11.15;0.68;69.76;5.54;383;0;127.00;9
80;0;622164145;80;86;463;470;11.25;0.69;70.69;5.73;383;0;128.00;7
82;0;622164151;82;85;464;470;11.37;0.70;71.80;5.84;382;0;129.00;6
82;0;622164158;82;86;469;474;11.59;0.71;71.80;5.88;387;0;130.00;5
84;0;622164166;84;86;471;474;11.75;0.72;73.14;5.98;387;0;131.00;3
86;0;622164172;86;88;471;474;11.86;0.73;73.65;5.98;385;0;132.00;3
87;0;622164179;87;88;471;474;12.00;0.73;74.32;5.98;384;0;133.00;3
89;0;622164185;89;89;473;475;12.03;0.74;75.54;6.04;384;0;134.00;2
90;0;622164191;90;89;475;477;12.02;0.73;76.06;6.01;385;0;135.00;2
91;0;622164198;91;92;475;477;12.02;0.73;76.71;6.01;384;0;136.00;2
92;0;622164204;92;93;477;478;11.98;0.73;77.35;6.08;385;0;137.00;1
94;0;622164210;94;96;477;478;11.92;0.73;78.59;6.08;383;0;138.00;1
98;0;622164215;98;97;478;478;11.91;0.73;79.47;6.10;380;0;139.00;0
100;0;622164222;100;97;478;478;11.90;0.73;79.56;6.10;378;0;140.00;0
101;0;622164227;101;98;478;478;11.95;0.73;80.17;6.10;377;0;141.00;0
101;0;622164234;101;99;478;478;11.90;0.73;80.17;6.10;377;0;142.00;0
103;0;622164239;103;98;478;478;11.80;0.73;81.08;6.10;375;0;143.00;0
104;0;622164245;104;118;547;605;11.40;0.72;81.68;5.34;443;0;144.00;58
106;0;622164261;106;110;554;606;11.30;0.71;82.75;5.29;448;0;145.00;52
108;0;622164267;108;108;563;606;11.26;0.71;83.44;5.23;455;0;146.00;43
109;0;622164274;109;109;567;606;11.22;0.71;84.03;5.22;458;0;147.00;39
116;0;622164279;116;111;572;606;11.05;0.69;86.46;5.21;456;0;148.00;34
118;0;622164286;118;110;574;606;10.95;0.69;87.11;5.21;456;0;149.00;32
120;0;622164294;120;111;577;611;10.75;0.67;88.09;5.19;457;0;150.00;34
121;0;622164302;121;108;580;611;10.75;0.67;88.59;5.20;459;0;151.00;31
122;0;622164308;122;107;581;612;10.66;0.66;89.09;5.20;459;0;152.00;31
123;0;622164314;123;112;585;613;10.72;0.67;89.55;5.23;462;0;153.00;28
125;0;622164321;125;113;588;613;10.69;0.66;90.54;5.25;463;0;154.00;25
126;0;622164327;126;117;590;614;10.63;0.66;89.91;5.26;464;0;155.00;24
128;0;622164341;128;121;597;614;10.56;0.65;90.55;5.31;469;0;156.00;17
129;0;622164349;129;120;600;614;10.59;0.66;90.50;5.35;471;0;157.00;14
130;0;622164356;130;127;601;614;10.64;0.66;91.00;5.37;471;0;158.00;13
133;0;622164367;133;134;606;618;10.62;0.66;91.35;5.38;473;0;159.00;12
135;0;622164376;135;141;608;618;10.55;0.65;91.94;5.41;473;0;160.00;10
136;0;622164385;136;144;610;618;10.42;0.64;91.92;5.44;474;0;161.00;8
137;0;622164398;137;146;612;621;10.31;0.64;92.39;5.46;475;0;162.00;9
140;0;622164405;140;145;614;621;10.17;0.63;93.37;5.47;474;0;163.00;7
142;0;622164411;142;145;615;621;10.05;0.62;94.37;5.50;473;0;164.00;6
144;0;622164417;144;145;620;625;9.92;0.62;95.28;5.51;476;0;165.00;5
147;0;622164423;147;143;621;626;9.83;0.61;95.97;5.50;474;0;166.00;5
149;0;622164430;149;144;623;626;9.76;0.61;96.74;5.53;474;0;167.00;3
151;0;622164436;151;145;627;630;9.69;0.60;96.72;5.49;476;0;168.00;3
153;0;622164442;153;152;628;630;9.58;0.59;96.85;5.50;475;0;169.00;2
155;0;622164449;155;140;628;630;9.48;0.59;97.21;5.50;473;0;170.00;2
156;0;622164456;156;138;629;631;9.38;0.58;96.92;5.49;473;0;171.00;2
157;0;622164463;157;133;629;631;9.40;0.58;97.27;5.49;472;0;172.00;2
157;0;622164470;157;130;635;637;9.53;0.59;97.27;5.45;478;0;173.00;2
157;0;622164476;157;126;635;637;9.55;0.59;97.27;5.45;478;0;174.00;2
157;0;622164482;157;127;636;638;9.50;0.58;97.27;5.44;479;0;175.00;2
158;0;622164488;158;130;636;638;9.45;0.58;97.09;5.44;478;0;176.00;2
160;0;622164494;160;126;636;638;9.45;0.58;97.23;5.44;476;0;177.00;2
160;0;622164500;160;121;638;638;9.46;0.58;97.23;5.49;478;0;178.00;0
162;0;622164505;162;122;638;638;9.35;0.57;96.98;5.49;476;0;179.00;0
162;0;622164512;162;120;668;672;9.42;0.58;96.98;5.24;506;0;180.00;4
162;0;622164521;162;119;668;672;9.49;0.59;96.98;5.24;506;0;181.00;4
162;0;622164528;162;118;671;672;9.64;0.60;96.98;5.23;509;0;182.00;1
165;0;622164534;165;119;671;672;9.72;0.60;97.86;5.23;506;0;183.00;1
168;0;622164540;168;117;672;672;9.83;0.61;98.39;5.22;504;0;184.00;0
168;0;622164547;168;123;672;672;9.93;0.61;98.39;5.22;504;0;185.00;0
170;0;622164552;170;129;676;676;10.04;0.62;98.46;5.20;506;0;186.00;0
170;0;622164560;170;133;676;676;10.07;0.62;98.46;5.20;506;0;187.00;0
172;0;622164568;172;140;680;680;10.06;0.62;98.90;5.17;508;0;188.00;0
175;0;622164575;175;144;681;681;10.02;0.61;99.57;5.17;506;0;189.00;0
177;0;622164582;177;149;681;681;9.93;0.61;99.43;5.17;504;0;190.00;0
179;0;622164588;179;159;681;681;9.86;0.61;99.41;5.17;502;0;191.00;0
179;0;622164595;179;164;694;694;9.82;0.60;99.41;5.07;515;0;192.00;0
183;0;622164602;183;167;694;694;9.60;0.59;99.96;5.07;511;0;193.00;0
183;0;622164609;183;173;694;694;9.38;0.58;99.96;5.07;511;0;194.00;0
185;0;622164616;185;176;695;695;9.20;0.56;100.09;5.06;510;0;195.00;0
186;0;622164629;186;183;696;696;9.07;0.56;99.83;5.06;510;0;196.00;0
190;0;622164636;190;187;696;696;8.93;0.55;99.19;5.06;506;0;197.00;0
192;0;622164643;192;194;698;699;8.82;0.54;99.78;5.04;506;0;198.00;1
195;0;622164652;195;199;698;699;8.63;0.53;100.16;5.04;503;0;199.00;1
196;0;622164665;196;203;699;699;8.41;0.52;99.76;5.04;503;0;200.00;0
199;0;622164676;199;209;699;699;8.21;0.50;100.31;5.04;500;0;201.00;0
200;0;622164682;200;214;705;705;8.14;0.50;100.33;5.01;505;0;202.00;0
203;0;622164688;203;222;705;705;7.98;0.49;100.46;5.01;502;0;203.00;0
203;0;622164694;203;227;705;705;7.90;0.49;100.46;5.01;502;0;204.00;0
205;0;622164700;205;229;705;705;7.73;0.48;100.18;5.01;500;0;205.00;0
207;0;622164705;207;233;709;709;7.62;0.47;99.63;4.98;502;0;206.00;0
211;0;622164712;211;236;710;710;7.46;0.46;99.47;4.98;499;0;207.00;0
211;0;622164724;211;244;710;710;7.33;0.45;99.47;4.98;499;0;208.00;0
213;0;622164730;213;251;711;711;7.24;0.44;99.18;4.97;498;0;209.00;0
214;0;622164738;214;251;711;711;7.18;0.44;99.35;4.97;497;0;210.00;0
215;0;622164743;215;254;711;711;7.11;0.44;98.98;4.97;496;0;211.00;0
217;0;622164749;217;260;711;711;7.03;0.43;99.42;4.97;494;0;212.00;0
217;0;622164755;217;263;711;711;6.96;0.43;99.42;4.97;494;0;213.00;0
217;0;622164761;217;266;711;711;6.91;0.42;99.42;4.97;494;0;214.00;0
218;0;622164767;218;268;711;711;6.82;0.42;99.74;4.97;493;0;215.00;0
218;0;622164773;218;281;755;781;7.04;0.43;99.74;4.68;537;0;216.00;26
220;0;622164785;220;265;757;782;6.97;0.43;100.45;4.67;537;0;217.00;25
221;0;622164792;221;256;764;782;7.04;0.43;100.79;4.65;543;0;218.00;18
222;0;622164799;222;238;767;782;7.13;0.44;101.29;4.64;545;0;219.00;15
222;0;622164805;222;232;769;782;7.25;0.45;101.29;4.64;547;0;220.00;13
224;0;622164811;224;222;771;782;7.41;0.45;102.08;4.64;547;0;221.00;11
224;0;622164818;224;225;773;782;7.63;0.47;102.08;4.64;549;0;222.00;9
225;0;622164825;225;220;775;782;7.78;0.48;102.61;4.65;550;0;223.00;7
225;0;622164832;225;218;778;783;7.93;0.49;102.61;4.66;553;0;224.00;5
228;0;622164839;228;215;780;785;8.00;0.49;104.15;4.66;552;0;225.00;5
229;0;622164847;229;198;782;785;8.11;0.50;104.32;4.68;553;0;226.00;3
229;0;622164853;229;188;788;789;8.27;0.51;104.32;4.66;559;0;227.00;1
230;0;622164861;230;181;789;789;8.41;0.52;104.82;4.66;559;0;228.00;0
233;0;622164869;233;178;789;789;8.55;0.52;105.14;4.66;556;0;229.00;0
235;0;622164877;235;173;789;789;8.75;0.54;106.16;4.66;554;0;230.00;0
237;0;622164884;237;170;795;795;8.91;0.55;106.57;4.63;558;0;231.00;0
240;0;622164893;240;165;795;795;9.03;0.55;107.55;4.63;555;0;232.00;0
241;0;622164901;241;159;795;795;9.19;0.56;107.69;4.63;554;0;233.00;0
245;0;622164908;245;156;797;798;9.42;0.58;108.44;4.62;552;0;234.00;1
246;0;622164917;246;154;797;798;9.49;0.58;108.96;4.62;551;0;235.00;1
247;0;622164925;247;154;798;798;9.54;0.58;109.44;4.62;551;0;236.00;0
249;0;622164932;249;147;799;799;9.57;0.58;109.85;4.61;550;0;237.00;0
250;0;622164940;250;144;800;800;9.66;0.59;110.07;4.61;550;0;238.00;0
251;0;622164947;251;139;800;800;9.74;0.60;110.57;4.61;549;0;239.00;0
255;0;622164956;255;146;825;826;9.77;0.60;111.61;4.47;570;0;240.00;1
257;0;622164966;257;136;825;826;9.88;0.60;111.21;4.47;568;0;241.00;1
260;0;622164974;260;131;826;826;10.03;0.61;111.82;4.47;566;0;242.00;0
263;0;622164981;263;125;827;827;10.19;0.62;112.56;4.46;564;0;243.00;0
265;0;622164988;265;123;827;827;10.25;0.63;112.74;4.46;562;0;244.00;0
268;0;622164995;268;119;831;831;10.30;0.63;113.15;4.45;563;0;245.00;0
269;0;622165002;269;119;831;831;10.34;0.63;113.63;4.45;562;0;246.00;0
271;0;622165009;271;121;835;835;10.22;0.62;113.86;4.43;564;0;247.00;0
275;0;622165016;275;120;835;835;10.19;0.62;114.71;4.43;560;0;248.00;0
276;0;622165023;276;126;835;835;10.25;0.62;115.20;4.43;559;0;249.00;0
278;0;622165030;278;126;835;835;10.33;0.63;115.55;4.43;557;0;250.00;0
283;0;622165043;283;121;835;835;10.30;0.63;116.35;4.43;552;0;251.00;0
284;0;622165050;284;127;845;847;10.29;0.63;116.32;4.38;561;0;252.00;2
284;0;622165058;284;129;845;847;10.25;0.62;116.32;4.38;561;0;253.00;2
286;0;622165065;286;130;847;847;10.20;0.62;117.00;4.37;561;0;254.00;0
287;0;622165071;287;137;847;847;10.14;0.62;117.45;4.37;560;0;255.00;0
288;0;622165077;288;144;847;847;10.10;0.62;117.43;4.37;559;0;256.00;0
291;0;622165084;291;146;847;847;9.99;0.61;118.47;4.37;556;0;257.00;0
291;0;622165091;291;152;848;848;9.91;0.60;118.47;4.37;557;0;258.00;0
294;0;622165097;294;155;848;848;9.89;0.60;119.26;4.37;554;0;259.00;0
295;0;622165110;295;150;854;854;9.91;0.60;119.70;4.34;559;0;260.00;0
296;0;622165117;296;148;855;855;9.92;0.60;119.76;4.34;559;0;261.00;0
298;0;622165124;298;144;855;855;9.97;0.60;120.28;4.34;557;0;262.00;0
300;0;622165131;300;140;855;855;9.98;0.60;120.42;4.34;555;0;263.00;0
301;0;622165138;301;135;859;859;10.05;0.61;120.42;4.32;558;0;264.00;0
302;0;622165145;302;132;859;859;10.03;0.61;120.50;4.32;557;0;265.00;0
304;0;622165152;304;132;859;859;10.14;0.61;120.23;4.32;555;0;266.00;0
307;0;622165158;307;130;860;860;10.15;0.62;120.61;4.31;553;0;267.00;0
310;0;622165165;310;130;864;864;10.09;0.61;121.76;4.30;554;0;268.00;0
314;0;622165172;314;125;864;864;10.16;0.62;122.22;4.30;550;0;269.00;0
316;0;622165180;316;124;868;870;10.26;0.62;122.74;4.28;552;0;270.00;2
318;0;622165188;318;121;868;870;10.32;0.63;122.74;4.28;550;0;271.00;2
320;0;622165194;320;118;870;870;10.41;0.63;122.95;4.27;550;0;272.00;0
322;0;622165201;322;110;870;870;10.53;0.64;122.88;4.27;548;0;273.00;0
325;0;622165207;325;108;874;874;10.61;0.64;123.78;4.26;549;0;274.00;0
327;0;622165214;327;102;874;874;10.77;0.65;124.21;4.26;547;0;275.00;0
332;0;622165221;332;98;874;874;10.91;0.66;124.98;4.26;542;0;276.00;0
332;0;622165228;332;97;874;874;11.04;0.67;124.98;4.26;542;0;277.00;0
335;0;622165235;335;89;875;875;11.13;0.67;124.81;4.25;540;0;278.00;0
336;0;622165242;336;86;876;876;11.19;0.68;125.22;4.25;540;0;279.00;0
339;0;622165249;339;82;876;876;11.21;0.68;125.10;4.25;537;0;280.00;0
340;0;622165256;340;80;877;877;11.29;0.68;125.35;4.25;537;0;281.00;0
341;0;622165263;341;77;877;877;11.28;0.69;125.17;4.25;536;0;282.00;0
343;0;622165270;343;78;877;877;11.34;0.69;124.94;4.25;534;0;283.00;0
343;0;622165277;343;82;877;877;11.41;0.69;124.94;4.25;534;0;284.00;0
344;0;622165284;344;83;877;877;11.49;0.70;125.39;4.25;533;0;285.00;0
347;0;622165292;347;84;877;877;11.60;0.71;125.73;4.25;530;0;286.00;0
349;0;622165299;349;85;877;877;11.68;0.71;125.72;4.25;528;0;287.00;0
350;0;622165306;350;102;950;1004;11.32;0.70;125.77;3.92;600;0;288.00;54
351;0;622165322;351;93;953;1005;11.36;0.70;125.76;3.91;602;0;289.00;52
351;0;622165330;351;90;959;1005;11.31;0.70;125.76;3.90;608;0;290.00;46
351;0;622165337;351;92;963;1005;11.25;0.69;125.76;3.90;612;0;291.00;42
354;0;622165345;354;94;968;1005;11.25;0.69;126.99;3.90;614;0;292.00;37
356;0;622165352;356;88;970;1005;11.19;0.69;127.07;3.90;614;0;293.00;35
356;0;622165360;356;93;972;1005;11.10;0.68;127.07;3.91;616;0;294.00;33
357;0;622165368;357;94;974;1005;11.07;0.68;127.12;3.91;617;0;295.00;31
361;0;622165375;361;93;977;1006;11.01;0.68;127.73;3.92;616;0;296.00;29
361;0;622165384;361;97;979;1007;10.99;0.68;127.73;3.93;618;0;297.00;28
367;0;622165391;367;91;981;1007;10.97;0.67;128.76;3.95;614;0;298.00;26
369;0;622165399;369;95;983;1008;10.95;0.67;128.89;3.96;614;0;299.00;25
373;0;622165409;373;100;988;1014;10.91;0.67;129.70;3.98;615;0;300.00;26
373;0;622165422;373;97;992;1014;10.96;0.67;129.70;4.01;619;0;301.00;22
374;0;622165430;374;98;993;1014;10.95;0.67;129.58;4.02;619;0;302.00;21
377;0;622165438;377;103;997;1018;10.98;0.67;130.57;4.03;620;0;303.00;21
378;0;622165447;378;111;1000;1018;10.89;0.67;130.26;4.05;622;0;304.00;18
379;0;622165456;379;118;1002;1018;10.84;0.67;130.47;4.07;623;0;305.00;16
380;0;622165469;380;123;1005;1021;10.87;0.67;130.74;4.08;625;0;306.00;16
382;0;622165481;382;127;1007;1021;10.88;0.67;130.73;4.10;625;0;307.00;14
383;0;622165501;383;132;1008;1021;10.82;0.67;130.81;4.12;625;0;308.00;13
385;0;622165514;385;139;1011;1025;10.78;0.66;131.20;4.11;626;0;309.00;14
386;0;622165527;386;142;1014;1026;10.78;0.67;131.35;4.12;628;0;310.00;12
388;0;622165541;388;148;1015;1026;10.69;0.66;131.84;4.13;627;0;311.00;11
393;0;622165554;393;153;1020;1030;10.67;0.66;132.93;4.14;627;0;312.00;10
395;0;622165578;395;154;1021;1030;10.62;0.65;133.17;4.16;626;0;313.00;9
396;0;622165588;396;156;1024;1030;10.55;0.65;133.31;4.19;628;0;314.00;6
397;0;622165598;397;158;1026;1032;10.41;0.64;133.75;4.20;629;0;315.00;6
399;0;622165609;399;161;1026;1032;10.24;0.63;134.36;4.20;627;0;316.00;6
403;0;622165618;403;165;1034;1038;10.09;0.62;135.20;4.19;631;0;317.00;4
404;0;622165628;404;173;1034;1038;9.82;0.60;135.58;4.19;630;0;318.00;4
406;0;622165637;406;175;1036;1039;9.54;0.59;135.92;4.21;630;0;319.00;3
409;0;622165646;409;175;1036;1039;9.30;0.57;136.67;4.21;627;0;320.00;3
411;0;622165656;411;180;1037;1039;9.08;0.56;136.89;4.24;626;0;321.00;2
412;0;622165664;412;185;1037;1039;9.05;0.56;136.63;4.24;625;0;322.00;2
413;0;622165673;413;190;1038;1039;8.98;0.55;136.77;4.27;625;0;323.00;1
416;0;622165681;416;197;1049;1051;9.00;0.56;137.56;4.22;633;0;324.00;2
417;0;622165691;417;195;1050;1051;9.05;0.56;137.73;4.23;633;0;325.00;1
418;0;622165699;418;198;1051;1051;9.10;0.56;137.83;4.23;633;0;326.00;0
422;0;622165707;422;203;1051;1051;9.11;0.56;138.20;4.23;629;0;327.00;0
423;0;622165715;423;207;1051;1051;9.15;0.56;138.14;4.23;628;0;328.00;0
424;0;622165724;424;207;1051;1051;9.18;0.56;138.32;4.23;627;0;329.00;0
425;0;622165733;425;207;1055;1055;9.18;0.56;138.09;4.22;630;0;330.00;0
427;0;622165741;427;208;1055;1055;9.12;0.56;138.57;4.22;628;0;331.00;0
433;0;622165749;433;213;1059;1059;9.07;0.56;139.51;4.21;626;0;332.00;0
435;0;622165758;435;215;1059;1060;8.95;0.55;139.99;4.21;624;0;333.00;1
440;0;622165765;440;214;1060;1060;8.76;0.54;140.32;4.20;620;0;334.00;0
442;0;622165773;442;214;1060;1060;8.63;0.53;140.93;4.20;618;0;335.00;0
444;0;622165780;444;214;1072;1073;8.49;0.52;141.47;4.16;628;0;336.00;1
449;0;622165789;449;217;1073;1073;8.36;0.51;142.11;4.15;624;0;337.00;0
451;0;622165796;451;222;1073;1073;8.24;0.51;142.10;4.15;622;0;338.00;0
456;0;622165803;456;221;1074;1074;7.99;0.49;143.78;4.15;618;0;339.00;0
458;0;622165809;458;211;1075;1075;7.93;0.49;144.63;4.15;617;0;340.00;0
460;0;622165817;460;205;1075;1075;7.89;0.49;144.29;4.15;615;0;341.00;0
462;0;622165823;462;200;1078;1078;7.96;0.49;145.14;4.14;616;0;342.00;0
464;0;622165830;464;202;1078;1078;8.08;0.50;145.65;4.14;614;0;343.00;0
467;0;622165837;467;201;1078;1078;8.18;0.51;146.30;4.14;611;0;344.00;0
470;0;622165845;470;202;1078;1078;8.17;0.50;146.80;4.14;608;0;345.00;0
473;0;622165852;473;198;1084;1084;8.24;0.51;146.79;4.12;611;0;346.00;0
476;0;622165860;476;194;1084;1084;8.23;0.51;146.67;4.12;608;0;347.00;0
476;0;622165867;476;194;1084;1084;8.28;0.51;146.67;4.12;608;0;348.00;0
479;0;622165873;479;192;1084;1084;8.23;0.51;146.51;4.12;605;0;349.00;0
483;0;622165881;483;191;1088;1088;8.21;0.51;147.24;4.11;605;0;350.00;0
485;0;622165890;485;191;1089;1089;8.20;0.50;147.89;4.10;604;0;351.00;0
490;0;622165897;490;191;1089;1089;8.12;0.50;147.42;4.10;599;0;352.00;0
493;0;622165904;493;192;1090;1090;8.06;0.49;147.24;4.10;597;0;353.00;0
498;0;622165913;498;198;1090;1090;7.97;0.49;147.12;4.10;592;0;354.00;0
501;0;622165920;501;199;1090;1090;7.93;0.49;147.07;4.10;589;0;355.00;0
504;0;622165927;504;207;1090;1090;7.90;0.48;147.33;4.10;586;0;356.00;0
507;0;622165934;507;213;1090;1090;7.75;0.47;147.49;4.10;583;0;357.00;0
511;0;622165941;511;220;1090;1090;7.61;0.46;147.23;4.10;579;0;358.00;0
513;0;622165948;513;225;1090;1090;7.43;0.45;147.32;4.10;577;0;359.00;0
515;0;622165957;515;241;1150;1215;7.85;0.49;147.31;3.89;635;0;360.00;65
517;0;622165975;517;242;1159;1216;7.78;0.48;147.18;3.86;642;0;361.00;57
519;0;622165983;519;242;1171;1216;7.82;0.49;147.55;3.85;652;0;362.00;45
522;0;622165990;522;248;1176;1216;7.77;0.48;147.67;3.84;654;0;363.00;40
523;0;622165998;523;248;1182;1216;7.70;0.48;147.72;3.84;659;0;364.00;34
524;0;622166006;524;252;1185;1216;7.61;0.47;148.10;3.85;661;0;365.00;31
525;0;622166013;525;254;1191;1216;7.51;0.46;148.17;3.86;666;0;366.00;25
528;0;622166021;528;262;1194;1216;7.30;0.45;148.29;3.86;666;0;367.00;22
530;0;622166028;530;267;1199;1217;7.13;0.44;148.85;3.88;669;0;368.00;18
533;0;622166036;533;276;1202;1218;6.88;0.43;149.29;3.89;669;0;369.00;16
535;0;622166044;535;281;1206;1218;6.75;0.42;149.28;3.91;671;0;370.00;12
537;0;622166051;537;269;1212;1222;6.65;0.41;149.67;3.91;675;0;371.00;10
539;0;622166059;539;266;1214;1222;6.60;0.41;149.55;3.92;675;0;372.00;8
539;0;622166067;539;269;1216;1222;6.68;0.41;149.55;3.94;677;0;373.00;6
543;0;622166075;543;274;1217;1222;6.66;0.41;149.76;3.95;674;0;374.00;5
543;0;622166084;543;270;1223;1228;6.67;0.41;149.76;3.94;680;0;375.00;5
545;0;622166093;545;269;1225;1228;6.80;0.42;150.02;3.96;680;0;376.00;3
548;0;622166102;548;263;1226;1228;6.90;0.42;150.16;3.97;678;0;377.00;2
549;0;622166110;549;260;1230;1231;7.01;0.43;149.91;3.97;681;0;378.00;1
549;0;622166120;549;263;1231;1231;7.27;0.45;149.91;3.97;682;0;379.00;0
552;0;622166131;552;259;1231;1231;7.43;0.45;150.00;3.97;679;0;380.00;0
552;0;622166155;552;261;1232;1232;7.55;0.46;150.00;3.97;680;0;381.00;0
552;0;622166166;552;261;1233;1233;7.65;0.47;150.00;3.97;681;0;382.00;0
556;0;622166185;556;260;1233;1233;7.70;0.47;150.06;3.97;677;0;383.00;0
557;0;622166198;557;259;1246;1246;7.81;0.48;149.84;3.92;689;0;384.00;0
559;0;622166214;559;261;1246;1246;7.80;0.47;149.57;3.92;687;0;385.00;0
560;0;622166229;560;260;1246;1246;7.77;0.47;149.73;3.92;686;0;386.00;0
562;0;622166242;562;251;1247;1247;7.80;0.47;149.67;3.92;685;0;387.00;0
562;0;622166253;562;246;1247;1247;7.80;0.47;149.67;3.92;685;0;388.00;0
565;0;622166267;565;242;1251;1251;7.78;0.47;150.13;3.91;686;0;389.00;0
565;0;622166288;565;236;1251;1251;7.78;0.47;150.13;3.91;686;0;390.00;0
566;0;622166301;566;241;1255;1255;7.77;0.47;150.04;3.90;689;0;391.00;0
569;0;622166315;569;243;1255;1255;7.75;0.47;150.24;3.90;686;0;392.00;0
570;0;622166325;570;254;1255;1255;7.76;0.47;150.16;3.90;685;0;393.00;0
572;0;622166334;572;255;1255;1255;7.69;0.47;150.13;3.90;683;0;394.00;0
572;0;622166343;572;256;1255;1255;7.74;0.47;150.13;3.90;683;0;395.00;0
575;0;622166352;575;247;1266;1267;7.88;0.48;150.58;3.87;691;0;396.00;1
577;0;622166362;577;239;1266;1267;7.90;0.48;151.02;3.87;689;0;397.00;1
578;0;622166371;578;228;1267;1267;8.01;0.49;151.13;3.87;689;0;398.00;0
579;0;622166381;579;219;1267;1267;8.14;0.50;151.31;3.87;688;0;399.00;0
580;0;622166391;580;212;1267;1267;8.18;0.50;151.52;3.87;687;0;400.00;0
582;0;622166405;582;210;1267;1267;8.21;0.50;152.12;3.87;685;0;401.00;0
583;0;622166414;583;205;1268;1268;8.28;0.51;152.06;3.86;685;0;402.00;0
584;1;622166423;584;203;1268;1268;8.37;0.51;152.35;3.86;684;1;403.00;0
584;1;622166440;584;206;1274;1274;8.46;0.52;152.35;3.85;690;1;404.00;0
586;1;622166455;586;209;1276;1276;8.56;0.52;152.62;3.84;690;1;405.00;0
587;1;622166467;587;210;1276;1276;8.67;0.53;152.79;3.84;689;1;406.00;0
589;1;622166476;589;200;1276;1276;8.75;0.53;153.49;3.84;687;1;407.00;0
591;1;622166485;591;197;1280;1280;8.86;0.54;153.67;3.83;689;1;408.00;0
592;1;622166494;592;195;1280;1280;8.94;0.55;153.82;3.83;688;1;409.00;0
594;1;622166503;594;188;1280;1280;9.06;0.55;153.90;3.83;686;1;410.00;0
596;1;622166513;596;186;1281;1281;9.17;0.56;154.41;3.83;685;1;411.00;0
599;1;622166522;599;179;1285;1285;9.17;0.56;154.69;3.82;686;1;412.00;0
601;1;622166532;601;173;1285;1285;9.28;0.57;154.86;3.82;684;1;413.00;0
604;1;622166541;604;174;1287;1288;9.38;0.57;155.71;3.82;683;1;414.00;1
605;1;622166549;605;172;1287;1288;9.48;0.58;155.90;3.82;682;1;415.00;1
607;1;622166559;607;176;1288;1288;9.54;0.58;156.10;3.81;681;1;416.00;0
610;1;622166568;610;177;1288;1288;9.63;0.59;156.07;3.81;678;1;417.00;0
613;1;622166578;613;173;1292;1292;9.66;0.59;156.67;3.81;679;1;418.00;0
613;1;622166588;613;174;1292;1292;9.70;0.59;156.67;3.81;679;1;419.00;0
618;1;622166602;618;178;1292;1292;9.66;0.59;156.84;3.81;674;1;420.00;0
620;1;622166614;620;176;1292;1292;9.67;0.59;157.27;3.81;672;1;421.00;0
624;1;622166624;624;174;1293;1293;9.62;0.58;157.96;3.80;669;1;422.00;0
625;1;622166633;625;178;1294;1294;9.58;0.58;158.16;3.80;669;1;423.00;0
628;1;622166644;628;182;1294;1294;9.45;0.57;159.23;3.80;666;1;424.00;0
631;1;622166656;631;183;1295;1295;9.37;0.57;159.66;3.80;664;1;425.00;0
635;1;622166667;635;185;1295;1295;9.24;0.56;160.24;3.80;660;1;426.00;0
639;1;622166679;639;184;1295;1295;9.18;0.56;160.89;3.80;656;1;427.00;0
642;1;622166688;642;182;1295;1295;9.06;0.55;161.67;3.80;653;1;428.00;0
643;1;622166702;643;185;1295;1295;9.07;0.55;161.77;3.80;652;1;429.00;0
645;1;622166709;645;180;1295;1295;9.15;0.56;161.93;3.80;650;1;430.00;0
646;1;622166718;646;173;1295;1295;9.23;0.56;162.35;3.80;649;1;431.00;0
648;1;622166727;648;203;1375;1422;9.00;0.56;162.43;3.58;727;1;432.00;47
649;1;622166746;649;187;1375;1423;9.11;0.56;162.60;3.58;726;1;433.00;48
651;1;622166755;651;171;1380;1423;9.33;0.58;163.09;3.57;729;1;434.00;43
656;1;622166764;656;166;1382;1423;9.45;0.59;163.62;3.57;726;1;435.00;41
660;1;622166774;660;164;1385;1423;9.63;0.59;164.09;3.57;725;1;436.00;38
664;1;622166784;664;162;1386;1423;9.73;0.60;164.94;3.58;722;1;437.00;37
666;1;622166793;666;163;1389;1423;9.89;0.61;165.61;3.58;723;1;438.00;34
668;1;622166802;668;165;1391;1423;10.00;0.61;165.82;3.59;723;1;439.00;32
673;1;622166810;673;159;1393;1424;10.04;0.62;167.09;3.59;720;1;440.00;31
680;1;622166820;680;158;1396;1425;10.03;0.61;168.31;3.60;716;1;441.00;29
683;1;622166830;683;154;1398;1425;10.14;0.62;168.80;3.61;715;1;442.00;27
686;1;622166838;686;149;1401;1426;10.15;0.62;168.90;3.63;715;1;443.00;25
688;1;622166847;688;146;1405;1426;10.13;0.62;168.98;3.65;717;1;444.00;21
692;1;622166856;692;143;1410;1426;9.97;0.61;169.51;3.69;718;1;445.00;16
696;1;622166865;696;140;1412;1426;9.95;0.61;169.51;3.70;716;1;446.00;14
699;1;622166873;699;136;1415;1430;9.92;0.61;169.85;3.70;716;1;447.00;15
703;1;622166882;703;134;1416;1430;9.92;0.61;169.92;3.71;713;1;448.00;14
705;1;622166891;705;131;1418;1430;9.90;0.61;170.60;3.73;713;1;449.00;12
709;1;622166901;709;137;1422;1436;9.87;0.60;170.77;3.72;713;1;450.00;14
710;1;622166911;710;133;1424;1436;10.00;0.61;170.95;3.73;714;1;451.00;12
715;1;622166925;715;128;1425;1436;9.93;0.61;171.38;3.73;710;1;452.00;11
716;1;622166935;716;128;1429;1440;9.98;0.61;171.37;3.73;713;1;453.00;11
719;1;622166945;719;129;1431;1441;9.99;0.61;171.38;3.74;712;1;454.00;10
722;1;622166955;722;132;1431;1441;9.94;0.61;171.90;3.74;709;1;455.00;10
727;1;622166981;727;131;1435;1445;9.93;0.60;171.76;3.75;708;1;456.00;10
731;1;622166991;731;133;1436;1445;9.89;0.60;171.70;3.76;705;1;457.00;9
732;1;622166999;732;137;1437;1445;9.95;0.60;171.94;3.76;705;1;458.00;8
734;1;622167008;734;138;1437;1446;10.02;0.61;171.91;3.76;703;1;459.00;9
736;1;622167017;736;134;1438;1446;10.04;0.61;171.81;3.76;702;1;460.00;8
736;1;622167026;736;135;1442;1452;10.08;0.61;171.81;3.77;706;1;461.00;10
737;1;622167035;737;137;1443;1452;10.04;0.61;171.99;3.77;706;1;462.00;9
740;1;622167045;740;137;1445;1453;9.98;0.61;172.11;3.81;705;1;463.00;8
743;1;622167055;743;141;1445;1453;9.96;0.61;172.54;3.81;702;1;464.00;8
746;1;622167066;746;148;1445;1453;9.99;0.61;172.62;3.81;699;1;465.00;8
747;1;622167075;747;147;1446;1453;10.01;0.61;172.69;3.82;699;1;466.00;7
749;1;622167084;749;155;1447;1453;9.98;0.61;172.76;3.82;698;1;467.00;6
752;1;622167094;752;159;1457;1465;10.01;0.61;173.01;3.79;705;1;468.00;8
754;1;622167105;754;156;1457;1465;9.98;0.61;173.15;3.79;703;1;469.00;8
756;1;622167115;756;158;1460;1465;9.97;0.61;173.31;3.83;704;1;470.00;5
760;1;622167124;760;163;1460;1465;9.95;0.61;173.53;3.83;700;1;471.00;5
760;1;622167136;760;169;1461;1465;9.96;0.61;173.53;3.84;701;1;472.00;4
760;1;622167148;760;171;1462;1465;9.95;0.61;173.53;3.85;702;1;473.00;3
762;1;622167159;762;178;1465;1469;9.90;0.61;173.46;3.85;703;1;474.00;4
765;1;622167169;765;182;1465;1469;9.89;0.60;173.51;3.85;700;1;475.00;4
768;1;622167179;768;187;1470;1473;9.79;0.60;174.00;3.85;702;1;476.00;3
770;1;622167189;770;190;1471;1474;9.72;0.59;174.07;3.85;701;1;477.00;3
775;1;622167199;775;197;1473;1474;9.62;0.59;173.89;3.86;698;1;478.00;1
777;1;622167209;777;197;1474;1474;9.51;0.58;173.70;3.86;697;1;479.00;0
777;1;622167220;777;205;1494;1500;9.46;0.58;173.70;3.81;717;1;480.00;6
778;1;622167231;778;201;1495;1500;9.41;0.58;173.82;3.81;717;1;481.00;5
780;1;622167240;780;207;1500;1500;9.40;0.58;173.77;3.80;720;1;482.00;0
781;1;622167250;781;212;1501;1501;9.44;0.58;173.89;3.80;720;1;483.00;0
782;1;622167259;782;217;1502;1502;9.44;0.58;173.92;3.80;720;1;484.00;0
784;1;622167270;784;222;1502;1502;9.41;0.58;173.90;3.80;718;1;485.00;0
786;1;622167280;786;227;1504;1505;9.41;0.58;173.86;3.79;718;1;486.00;1
788;1;622167288;788;235;1504;1505;9.29;0.57;173.89;3.79;716;1;487.00;1
789;1;622167297;789;237;1505;1505;9.24;0.57;173.83;3.79;716;1;488.00;0
789;1;622167305;789;237;1505;1505;9.22;0.57;173.83;3.79;716;1;489.00;0
792;1;622167314;792;243;1511;1511;9.21;0.56;173.84;3.78;719;1;490.00;0
795;1;622167324;795;242;1511;1511;9.11;0.56;173.54;3.78;716;1;491.00;0
797;1;622167333;797;248;1511;1511;9.02;0.55;173.43;3.78;714;1;492.00;0
800;1;622167341;800;248;1511;1511;8.88;0.54;173.19;3.78;711;1;493.00;0
803;1;622167349;803;250;1515;1515;8.85;0.54;173.12;3.77;712;1;494.00;0
806;1;622167358;806;254;1517;1517;8.78;0.54;173.09;3.77;711;1;495.00;0
808;1;622167366;808;253;1517;1517;8.78;0.54;172.93;3.77;709;1;496.00;0
809;1;622167375;809;253;1518;1518;8.79;0.54;172.89;3.76;709;1;497.00;0
815;1;622167383;815;253;1518;1518;8.72;0.53;172.79;3.76;703;1;498.00;0
816;1;622167392;816;258;1518;1518;8.72;0.53;172.74;3.76;702;1;499.00;0
817;1;622167401;817;257;1518;1518;8.65;0.53;172.65;3.76;701;1;500.00;0
820;1;622167413;820;264;1518;1518;8.56;0.52;172.70;3.76;698;1;501.00;0
822;1;622167421;822;265;1518;1518;8.52;0.52;172.45;3.76;696;1;502.00;0
826;1;622167428;826;269;1518;1518;8.43;0.51;172.27;3.76;692;1;503.00;0
828;1;622167436;828;275;1560;1588;8.43;0.52;172.15;3.66;732;1;504.00;28
830;1;622167449;830;273;1563;1589;8.28;0.51;172.38;3.66;733;1;505.00;26
835;1;622167458;835;269;1572;1589;8.12;0.50;172.84;3.65;737;1;506.00;17
839;1;622167471;839;272;1574;1589;7.97;0.49;173.18;3.65;735;1;507.00;15
844;1;622167485;844;276;1574;1589;7.79;0.48;173.61;3.65;730;1;508.00;15
846;1;622167504;846;278;1577;1589;7.70;0.47;174.04;3.65;731;1;509.00;12
851;1;622167525;851;271;1577;1589;7.60;0.46;174.40;3.65;726;1;510.00;12
853;1;622167539;853;268;1580;1589;7.57;0.46;175.04;3.66;727;1;511.00;9
854;1;622167553;854;266;1583;1590;7.53;0.46;175.39;3.67;729;1;512.00;7
858;1;622167565;858;262;1585;1591;7.55;0.46;176.06;3.67;727;1;513.00;6
861;1;622167582;861;261;1588;1591;7.52;0.46;176.52;3.68;727;1;514.00;3
863;1;622167595;863;266;1593;1595;7.48;0.46;176.86;3.68;730;1;515.00;2
867;1;622167606;867;275;1594;1595;7.44;0.45;177.34;3.68;727;1;516.00;1
869;1;622167618;869;272;1594;1595;7.45;0.45;177.57;3.68;725;1;517.00;1
871;1;622167630;871;277;1595;1595;7.42;0.45;178.00;3.68;724;1;518.00;0
873;1;622167642;873;276;1600;1601;7.43;0.45;178.44;3.67;727;1;519.00;1
874;1;622167654;874;276;1601;1601;7.40;0.45;178.71;3.67;727;1;520.00;0
874;1;622167663;874;272;1601;1601;7.30;0.45;178.71;3.67;727;1;521.00;0
875;1;622167674;875;276;1604;1604;7.23;0.44;179.02;3.67;729;1;522.00;0
877;1;622167684;877;267;1604;1604;7.17;0.44;179.51;3.67;727;1;523.00;0
881;1;622167694;881;247;1604;1604;7.11;0.43;179.88;3.67;723;1;524.00;0
882;1;622167703;882;243;1605;1605;7.09;0.43;179.89;3.67;723;1;525.00;0
886;1;622167712;886;242;1606;1606;7.04;0.43;179.78;3.66;720;1;526.00;0
889;1;622167722;889;243;1606;1606;7.04;0.43;179.93;3.66;717;1;527.00;0
891;1;622167731;891;244;1617;1619;7.15;0.44;179.92;3.64;726;1;528.00;2
894;1;622167742;894;244;1617;1619;7.16;0.44;180.45;3.64;723;1;529.00;2
899;1;622167758;899;242;1619;1619;7.20;0.44;180.25;3.64;720;1;530.00;0
902;1;622167769;902;243;1620;1620;7.28;0.45;180.55;3.63;718;1;531.00;0
904;1;622167778;904;250;1620;1620;7.35;0.45;180.29;3.63;716;1;532.00;0
906;1;622167787;906;249;1624;1624;7.40;0.45;180.31;3.63;718;1;533.00;0
907;1;622167797;907;248;1624;1624;7.50;0.46;180.23;3.63;717;1;534.00;0
908;1;622167807;908;254;1628;1628;7.54;0.46;180.47;3.62;720;1;535.00;0
912;1;622167817;912;255;1628;1628;7.50;0.46;180.82;3.62;716;1;536.00;0
913;1;622167827;913;253;1628;1628;7.51;0.46;180.66;3.62;715;1;537.00;0
917;1;622167840;917;254;1628;1628;7.53;0.46;180.79;3.62;711;1;538.00;0
920;1;622167854;920;250;1628;1628;7.62;0.46;181.01;3.62;708;1;539.00;0
923;1;622167868;923;251;1658;1662;7.76;0.47;181.30;3.56;735;1;540.00;4
924;1;622167882;924;244;1658;1662;7.85;0.48;181.43;3.56;734;1;541.00;4
924;1;622167892;924;242;1661;1662;7.99;0.49;181.43;3.55;737;1;542.00;1
926;1;622167902;926;236;1661;1662;8.08;0.49;181.61;3.55;735;1;543.00;1
930;1;622167911;930;237;1662;1662;8.15;0.50;181.53;3.55;732;1;544.00;0
932;1;622167922;932;233;1662;1662;8.19;0.50;181.67;3.55;730;1;545.00;0
934;1;622167931;934;237;1663;1663;8.16;0.50;181.82;3.55;729;1;546.00;0
938;1;622167941;938;235;1663;1663;8.15;0.50;181.66;3.55;725;1;547.00;0
939;1;622167949;939;239;1669;1669;8.09;0.49;181.74;3.54;730;1;548.00;0
944;1;622167960;944;237;1670;1670;8.04;0.49;181.48;3.54;726;1;549.00;0
948;1;622167970;948;243;1670;1670;8.01;0.49;181.78;3.54;722;1;550.00;0
951;1;622167987;951;248;1670;1670;7.91;0.48;181.83;3.54;719;1;551.00;0
954;1;622167996;954;250;1674;1674;7.89;0.48;182.05;3.53;720;1;552.00;0
956;1;622168006;956;253;1674;1674;7.86;0.48;182.04;3.53;718;1;553.00;0
959;1;622168016;959;254;1674;1674;7.75;0.47;182.45;3.53;715;1;554.00;0
961;1;622168025;961;259;1675;1675;7.69;0.47;182.74;3.53;714;1;555.00;0
961;1;622168034;961;258;1679;1679;7.67;0.47;182.74;3.52;718;1;556.00;0
963;1;622168044;963;246;1679;1679;7.62;0.47;182.84;3.52;716;1;557.00;0
964;1;622168056;964;246;1681;1682;7.62;0.47;183.01;3.52;717;1;558.00;1
968;2;622168067;968;237;1681;1682;7.60;0.46;183.14;3.52;713;2;559.00;1
970;2;622168093;970;236;1682;1682;7.70;0.47;183.11;3.52;712;2;560.00;0
973;2;622168104;973;232;1682;1682;7.78;0.48;183.27;3.52;709;2;561.00;0
975;2;622168114;975;229;1686;1686;7.97;0.49;183.28;3.51;711;2;562.00;0
978;2;622168124;978;229;1686;1686;7.99;0.49;183.47;3.51;708;2;563.00;0
980;2;622168134;980;230;1686;1686;8.01;0.49;183.60;3.51;706;2;564.00;0
985;2;622168144;985;231;1686;1686;7.98;0.49;184.18;3.51;701;2;565.00;0
988;2;622168155;988;220;1687;1687;7.98;0.49;184.48;3.51;699;2;566.00;0
989;2;622168167;989;209;1688;1688;8.06;0.49;184.64;3.51;699;2;567.00;0
991;2;622168180;991;206;1688;1688;8.06;0.49;184.95;3.51;697;2;568.00;0
994;2;622168193;994;205;1689;1689;8.14;0.50;185.64;3.51;695;2;569.00;0
995;2;622168206;995;199;1689;1689;8.16;0.50;185.66;3.51;694;2;570.00;0
1000;2;622168217;1000;198;1689;1689;8.17;0.50;186.01;3.51;689;2;571.00;0
1003;2;622168227;1003;200;1689;1689;8.18;0.50;186.21;3.51;686;2;572.00;0
1005;2;622168238;1005;201;1689;1689;8.20;0.50;186.69;3.51;684;2;573.00;0
1007;2;622168248;1007;201;1689;1689;8.25;0.50;187.01;3.51;682;2;574.00;0
1009;2;622168260;1009;209;1689;1689;8.31;0.50;187.20;3.51;680;2;575.00;0
1011;2;622168272;1011;236;1772;1816;8.44;0.52;187.73;3.35;761;2;576.00;44
1014;2;622168294;1014;226;1775;1817;8.42;0.52;188.10;3.34;761;2;577.00;42
1017;2;622168306;1017;209;1781;1817;8.55;0.53;188.36;3.34;764;2;578.00;36
1017;2;622168318;1017;205;1782;1817;8.59;0.53;188.36;3.34;765;2;579.00;35
1022;2;622168331;1022;193;1788;1817;8.64;0.53;188.81;3.34;766;2;580.00;29
1024;2;622168343;1024;200;1788;1817;8.57;0.53;189.21;3.34;764;2;581.00;29
1024;2;622168354;1024;196;1792;1817;8.58;0.53;189.21;3.35;768;2;582.00;25
1028;2;622168366;1028;199;1795;1817;8.59;0.53;189.67;3.35;767;2;583.00;22
1030;2;622168377;1030;202;1797;1818;8.53;0.53;190.15;3.36;767;2;584.00;21
1031;2;622168396;1031;214;1801;1820;8.57;0.53;190.13;3.36;770;2;585.00;19
1034;2;622168408;1034;217;1803;1820;8.52;0.52;190.60;3.37;769;2;586.00;17
1037;2;622168420;1037;220;1805;1821;8.56;0.53;191.09;3.37;768;2;587.00;16
1038;2;622168431;1038;221;1808;1821;8.64;0.53;191.10;3.39;770;2;588.00;13
1040;2;622168445;1040;223;1809;1821;8.68;0.53;191.28;3.39;769;2;589.00;12
1042;2;622168459;1042;223;1811;1821;8.71;0.54;191.35;3.40;769;2;590.00;10
1045;2;622168473;1045;225;1816;1825;8.71;0.53;191.65;3.40;771;2;591.00;9
1046;2;622168486;1046;225;1817;1825;8.67;0.53;191.69;3.41;771;2;592.00;8
1048;2;622168499;1048;232;1818;1825;8.69;0.53;191.65;3.42;770;2;593.00;7
1050;2;622168514;1050;235;1820;1828;8.72;0.53;191.68;3.41;770;2;594.00;8
1052;2;622168525;1052;236;1821;1828;8.72;0.53;191.80;3.42;769;2;595.00;7
1053;2;622168537;1053;236;1823;1828;8.71;0.53;191.87;3.44;770;2;596.00;5
1054;2;622168551;1054;235;1827;1832;8.67;0.53;191.84;3.44;773;2;597.00;5
1055;2;622168562;1055;243;1828;1833;8.70;0.53;191.68;3.43;773;2;598.00;5
1057;2;622168573;1057;243;1829;1833;8.72;0.53;191.58;3.44;772;2;599.00;4
1059;2;622168585;1059;242;1841;1859;8.67;0.53;191.53;3.44;782;2;600.00;18
1061;2;622168606;1061;229;1843;1859;8.74;0.53;191.61;3.45;782;2;601.00;16
1062;2;622168619;1062;228;1844;1859;8.85;0.54;191.55;3.45;782;2;602.00;15
1064;2;622168630;1064;222;1845;1860;8.96;0.54;191.95;3.46;781;2;603.00;15
1065;2;622168649;1065;225;1847;1860;9.13;0.55;192.06;3.45;782;2;604.00;13
1066;2;622168665;1066;219;1850;1866;9.24;0.56;192.29;3.45;784;2;605.00;16
1069;2;622168683;1069;218;1854;1866;9.32;0.57;192.97;3.45;785;2;606.00;12
1071;2;622168699;1071;208;1854;1867;9.43;0.57;193.39;3.45;783;2;607.00;13
1073;2;622168711;1073;207;1854;1867;9.48;0.58;193.76;3.45;781;2;608.00;13
1080;2;622168723;1080;200;1855;1867;9.50;0.58;194.56;3.45;775;2;609.00;12
1085;2;622168735;1085;196;1855;1867;9.49;0.58;194.87;3.45;770;2;610.00;12
1088;2;622168747;1088;189;1855;1867;9.49;0.57;195.08;3.45;767;2;611.00;12
1093;2;622168757;1093;179;1867;1879;9.45;0.57;195.90;3.45;774;2;612.00;12
1094;2;622168769;1094;170;1867;1879;9.40;0.57;196.16;3.45;773;2;613.00;12
1097;2;622168779;1097;170;1867;1879;9.37;0.57;196.82;3.45;770;2;614.00;12
1102;2;622168790;1102;166;1869;1879;9.32;0.56;197.33;3.45;767;2;615.00;10
1105;2;622168802;1105;167;1869;1879;9.32;0.56;197.48;3.45;764;2;616.00;10
1106;2;622168813;1106;163;1869;1879;9.30;0.56;197.53;3.45;763;2;617.00;10
1108;2;622168824;1108;160;1873;1883;9.26;0.56;197.69;3.46;765;2;618.00;10
1109;2;622168836;1109;159;1873;1883;9.25;0.56;197.91;3.46;764;2;619.00;10
1112;2;622168849;1112;158;1877;1887;9.27;0.56;198.17;3.46;765;2;620.00;10
1113;2;622168862;1113;157;1878;1888;9.29;0.56;198.37;3.46;765;2;621.00;10
1117;2;622168874;1117;154;1879;1888;9.26;0.56;198.62;3.46;762;2;622.00;9
1119;2;622168887;1119;152;1879;1888;9.22;0.56;198.85;3.46;760;2;623.00;9
1121;2;622168901;1121;158;1888;1901;9.11;0.55;198.95;3.46;767;2;624.00;13
1126;2;622168915;1126;160;1888;1901;9.10;0.55;199.21;3.46;762;2;625.00;13
1130;2;622168928;1130;170;1888;1901;9.13;0.55;199.36;3.46;758;2;626.00;13
1131;2;622168939;1131;169;1890;1902;9.23;0.56;199.53;3.47;759;2;627.00;12
1134;2;622168951;1134;168;1890;1903;9.29;0.56;199.89;3.47;756;2;628.00;13
1136;2;622168973;1136;175;1890;1903;9.39;0.57;200.35;3.47;754;2;629.00;13
1139;2;622168985;1139;182;1896;1909;9.36;0.57;200.57;3.48;757;2;630.00;13
1141;2;622168997;1141;182;1897;1909;9.41;0.57;200.61;3.48;756;2;631.00;12
1147;2;622169009;1147;185;1900;1909;9.41;0.57;200.66;3.50;753;2;632.00;9
1149;2;622169020;1149;187;1900;1909;9.44;0.57;200.72;3.50;751;2;633.00;9
1151;2;622169031;1151;192;1905;1915;9.43;0.57;200.63;3.49;754;2;634.00;10
1153;2;622169043;1153;192;1905;1915;9.39;0.57;200.66;3.49;752;2;635.00;10
1154;2;622169054;1154;195;1905;1915;9.29;0.56;200.71;3.49;751;2;636.00;10
1156;2;622169065;1156;201;1905;1915;9.18;0.56;200.65;3.49;749;2;637.00;10
1156;2;622169076;1156;206;1910;1919;9.09;0.55;200.65;3.51;754;2;638.00;9
1157;2;622169091;1157;213;1911;1920;9.05;0.55;200.59;3.51;754;2;639.00;9
1160;2;622169102;1160;221;1914;1920;8.95;0.55;200.43;3.55;754;2;640.00;6
1160;2;622169114;1160;226;1915;1921;8.98;0.55;200.43;3.54;755;2;641.00;6
1163;2;622169125;1163;234;1916;1921;8.87;0.54;200.52;3.55;753;2;642.00;5
1165;2;622169135;1165;242;1917;1921;8.83;0.54;200.31;3.56;752;2;643.00;4
1168;2;622169145;1168;244;1917;1921;8.74;0.53;200.03;3.56;749;2;644.00;4
1169;2;622169154;1169;248;1918;1921;8.62;0.53;199.92;3.57;749;2;645.00;3
1169;2;622169163;1169;255;1918;1921;8.61;0.53;199.92;3.57;749;2;646.00;3
1170;2;622169174;1170;253;1919;1921;8.55;0.52;199.93;3.58;749;2;647.00;2
1170;2;622169184;1170;263;1958;1991;8.74;0.54;199.93;3.52;788;2;648.00;33
1170;2;622169199;1170;260;1961;1992;8.65;0.53;199.93;3.52;791;2;649.00;31
1173;2;622169208;1173;259;1970;1992;8.56;0.53;199.79;3.51;797;2;650.00;22
1175;2;622169216;1175;262;1974;1992;8.46;0.52;199.54;3.51;799;2;651.00;18
1176;2;622169225;1176;265;1977;1992;8.41;0.52;199.54;3.51;801;2;652.00;15
1180;2;622169235;1180;271;1983;1992;8.35;0.51;199.40;3.52;803;2;653.00;9
1181;2;622169243;1181;271;1986;1992;8.26;0.51;199.30;3.52;805;2;654.00;6
1184;2;622169253;1184;282;1989;1992;8.14;0.50;199.27;3.53;805;2;655.00;3
1185;2;622169262;1185;286;1990;1993;8.03;0.49;199.11;3.52;805;2;656.00;3
1189;2;622169271;1189;290;1991;1994;7.88;0.48;199.21;3.53;802;2;657.00;3
1190;2;622169280;1190;297;1992;1994;7.72;0.47;199.34;3.53;802;2;658.00;2
1192;2;622169289;1192;300;1997;1998;7.57;0.46;199.15;3.53;805;2;659.00;1
1196;2;622169300;1196;299;1998;1998;7.40;0.45;199.09;3.53;802;2;660.00;0
1196;2;622169308;1196;299;1998;1998;7.26;0.45;199.09;3.53;802;2;661.00;0
1200;2;622169317;1200;301;1998;1998;7.14;0.44;198.95;3.53;798;2;662.00;0
1201;2;622169325;1201;305;2004;2004;7.19;0.44;198.89;3.52;803;2;663.00;0
1206;2;622169335;1206;308;2004;2004;7.15;0.44;198.83;3.52;798;2;664.00;0
1207;2;622169345;1207;307;2004;2004;7.12;0.44;198.77;3.52;797;2;665.00;0
1208;2;622169353;1208;311;2006;2007;7.16;0.44;198.68;3.52;798;2;666.00;1
1209;2;622169364;1209;311;2006;2007;7.15;0.44;198.62;3.52;797;2;667.00;1
1211;2;622169376;1211;309;2007;2007;7.08;0.43;198.66;3.52;796;2;668.00;0
1212;2;622169390;1212;311;2008;2008;7.02;0.43;198.59;3.52;796;2;669.00;0
1212;2;622169400;1212;316;2009;2009;7.00;0.43;198.59;3.51;797;2;670.00;0
1215;2;622169408;1215;317;2009;2009;6.88;0.42;198.53;3.51;794;2;671.00;0
1220;2;622169418;1220;320;2021;2022;6.79;0.41;198.36;3.49;801;2;672.00;1
1222;2;622169427;1222;329;2021;2022;6.73;0.41;198.59;3.49;799;2;673.00;1
1225;2;622169435;1225;330;2022;2022;6.63;0.41;198.89;3.49;797;2;674.00;0
1229;2;622169443;1229;318;2024;2024;6.56;0.40;198.87;3.49;795;2;675.00;0
1232;2;622169452;1232;313;2024;2024;6.49;0.40;198.99;3.49;792;2;676.00;0
1236;2;622169462;1236;312;2028;2028;6.48;0.40;199.15;3.48;792;2;677.00;0
1240;2;622169477;1240;308;2028;2028;6.47;0.39;199.50;3.48;788;2;678.00;0
1241;2;622169489;1241;313;2032;2032;6.41;0.39;199.36;3.48;791;2;679.00;0
1244;2;622169502;1244;290;2032;2032;6.37;0.39;199.67;3.48;788;2;680.00;0
1248;2;622169513;1248;284;2032;2032;6.29;0.38;199.71;3.48;784;2;681.00;0
1251;2;622169537;1251;275;2032;2032;6.24;0.38;199.64;3.48;781;2;682.00;0
1253;2;622169550;1253;268;2032;2032;6.25;0.38;199.83;3.48;779;2;683.00;0
1255;2;622169561;1255;270;2042;2044;6.36;0.39;199.82;3.46;787;2;684.00;2
1257;2;622169576;1257;273;2042;2044;6.40;0.39;199.96;3.46;785;2;685.00;2
1259;3;622169588;1259;270;2044;2044;6.47;0.39;200.05;3.46;785;3;686.00;0
1262;3;622169614;1262;271;2044;2044;6.50;0.40;200.41;3.46;782;3;687.00;0
1264;3;622169624;1264;268;2044;2044;6.49;0.40;200.52;3.46;780;3;688.00;0
1265;3;622169633;1265;258;2044;2044;6.59;0.40;200.62;3.46;779;3;689.00;0
1266;3;622169644;1266;257;2045;2045;6.64;0.41;200.61;3.46;779;3;690.00;0
1268;3;622169659;1268;255;2045;2045;6.72;0.41;200.80;3.46;777;3;691.00;0
1269;3;622169669;1269;260;2051;2051;6.84;0.42;201.02;3.45;782;3;692.00;0
1270;3;622169679;1270;258;2052;2052;6.92;0.42;201.18;3.45;782;3;693.00;0
1273;3;622169693;1273;252;2052;2052;7.04;0.43;201.40;3.45;779;3;694.00;0
1277;3;622169703;1277;249;2052;2052;7.14;0.44;201.52;3.45;775;3;695.00;0
1280;3;622169712;1280;253;2056;2056;7.24;0.44;201.54;3.44;776;3;696.00;0
1282;3;622169721;1282;253;2056;2056;7.36;0.45;201.60;3.44;774;3;697.00;0
1284;3;622169730;1284;250;2056;2056;7.46;0.46;201.96;3.44;772;3;698.00;0
1289;3;622169739;1289;246;2057;2057;7.46;0.46;202.18;3.44;768;3;699.00;0
1294;3;622169749;1294;246;2061;2061;7.60;0.46;202.45;3.44;767;3;700.00;0
1297;3;622169763;1297;239;2061;2061;7.73;0.47;202.84;3.44;764;3;701.00;0
1303;3;622169773;1303;231;2063;2064;7.75;0.47;202.96;3.44;760;3;702.00;1
1310;3;622169782;1310;228;2063;2064;7.78;0.47;202.93;3.44;753;3;703.00;1
1314;3;622169793;1314;231;2064;2064;7.81;0.48;203.19;3.43;750;3;704.00;0
1317;3;622169802;1317;232;2064;2064;7.80;0.48;203.26;3.43;747;3;705.00;0
1320;3;622169812;1320;229;2068;2068;7.92;0.48;203.75;3.43;748;3;706.00;0
1324;3;622169822;1324;223;2068;2068;7.90;0.48;203.88;3.43;744;3;707.00;0
1326;3;622169832;1326;230;2068;2068;7.90;0.48;204.10;3.43;742;3;708.00;0
1331;4;622169841;1331;225;2068;2068;7.89;0.48;204.66;3.43;737;4;709.00;0
1334;4;622169857;1334;225;2068;2069;7.95;0.48;204.92;3.43;734;4;710.00;1
1338;4;622169867;1338;224;2069;2070;8.02;0.49;205.28;3.43;731;4;711.00;1
1343;4;622169885;1343;223;2070;2070;8.04;0.49;205.98;3.43;727;4;712.00;0
1344;4;622169906;1344;219;2071;2071;8.07;0.49;206.08;3.43;727;4;713.00;0
1352;4;622169915;1352;215;2071;2071;7.99;0.49;206.79;3.43;719;4;714.00;0
1357;4;622169926;1357;215;2071;2071;7.98;0.49;207.24;3.43;714;4;715.00;0
1360;4;622169936;1360;218;2071;2071;8.00;0.49;207.56;3.43;711;4;716.00;0
1364;4;622169945;1364;215;2071;2071;8.06;0.49;207.76;3.43;707;4;717.00;0
1367;4;622169954;1367;213;2071;2071;8.10;0.49;208.02;3.43;704;4;718.00;0
1371;4;622169964;1371;212;2071;2071;8.07;0.49;208.27;3.43;700;4;719.00;0
1374;4;622169976;1374;244;2188;2301;8.34;0.52;208.62;3.24;814;4;720.00;113
1375;4;622170005;1375;237;2201;2302;8.30;0.52;208.58;3.23;826;4;721.00;101
1378;4;622170029;1378;233;2215;2302;8.27;0.52;208.86;3.22;837;4;722.00;87
1381;4;622170042;1381;228;2222;2302;8.23;0.51;208.88;3.22;841;4;723.00;80
1383;4;622170055;1383;236;2233;2302;8.17;0.51;209.16;3.23;850;4;724.00;69
1386;4;622170066;1386;236;2237;2302;8.05;0.50;209.27;3.23;851;4;725.00;65
1388;4;622170077;1388;246;2242;2302;7.93;0.49;209.41;3.24;854;4;726.00;60
1392;4;622170094;1392;245;2250;2302;7.76;0.48;210.11;3.25;858;4;727.00;52
1393;4;622170105;1393;246;2254;2303;7.68;0.48;210.22;3.26;861;4;728.00;49
1395;4;622170116;1395;251;2260;2304;7.52;0.47;210.27;3.27;865;4;729.00;44
1396;4;622170127;1396;247;2264;2304;7.48;0.47;210.31;3.29;868;4;730.00;40
1398;4;622170137;1398;253;2266;2305;7.44;0.46;210.35;3.29;868;4;731.00;39
1400;4;622170149;1400;253;2271;2305;7.37;0.46;210.52;3.31;871;4;732.00;34
1404;4;622170167;1404;263;2273;2305;7.34;0.46;210.54;3.32;869;4;733.00;32
1405;4;622170179;1405;270;2275;2305;7.37;0.46;210.61;3.32;870;4;734.00;30
1406;4;622170190;1406;276;2278;2309;7.38;0.46;210.52;3.33;872;4;735.00;31
1407;4;622170209;1407;269;2279;2309;7.45;0.46;210.49;3.33;872;4;736.00;30
1408;4;622170220;1408;270;2279;2309;7.47;0.46;210.42;3.33;871;4;737.00;30
1416;4;622170231;1416;268;2283;2312;7.44;0.46;210.51;3.36;867;4;738.00;29
1420;4;622170243;1420;272;2283;2312;7.44;0.46;210.80;3.36;863;4;739.00;29
1421;4;622170255;1421;271;2285;2312;7.49;0.46;211.05;3.37;864;4;740.00;27
1423;4;622170267;1423;279;2290;2316;7.48;0.46;211.12;3.38;867;4;741.00;26
1427;4;622170278;1427;283;2292;2317;7.48;0.46;211.22;3.39;865;4;742.00;25
1429;4;622170289;1429;292;2292;2317;7.53;0.46;211.16;3.39;863;4;743.00;25
1430;4;622170300;1430;292;2297;2321;7.57;0.47;211.18;3.41;867;4;744.00;24
1432;4;622170311;1432;301;2299;2321;7.57;0.46;211.22;3.41;867;4;745.00;22
1435;4;622170323;1435;303;2300;2321;7.59;0.47;211.16;3.41;865;4;746.00;21
1437;4;622170335;1437;299;2301;2322;7.63;0.47;211.10;3.41;864;4;747.00;21
1441;4;622170347;1441;298;2303;2322;7.66;0.47;211.32;3.44;862;4;748.00;19
1442;4;622170358;1442;290;2308;2328;7.71;0.47;211.37;3.43;866;4;749.00;20
1442;4;622170372;1442;295;2310;2328;7.71;0.47;211.37;3.43;868;4;750.00;18
1444;4;622170383;1444;286;2312;2329;7.74;0.47;211.45;3.45;868;4;751.00;17
1446;4;622170395;1446;285;2312;2329;7.73;0.47;211.53;3.45;866;4;752.00;17
1450;4;622170406;1450;274;2312;2329;7.76;0.47;211.88;3.45;862;4;753.00;17
1451;4;622170417;1451;266;2314;2329;7.83;0.48;211.99;3.46;863;4;754.00;15
1452;4;622170428;1452;266;2314;2329;7.88;0.48;212.18;3.46;862;4;755.00;15
1452;4;622170439;1452;261;2323;2341;7.94;0.49;212.18;3.45;871;4;756.00;18
1456;4;622170451;1456;263;2325;2341;7.93;0.49;212.54;3.48;869;4;757.00;16
1459;4;622170464;1459;259;2325;2341;7.95;0.49;212.53;3.48;866;4;758.00;16
1463;4;622170477;1463;261;2327;2341;7.99;0.49;212.53;3.50;864;4;759.00;14
1465;4;622170488;1465;261;2327;2341;8.04;0.49;212.68;3.50;862;4;760.00;14
1468;4;622170500;1468;261;2328;2341;8.09;0.49;212.80;3.51;860;4;761.00;13
1468;4;622170510;1468;265;2331;2345;8.13;0.50;212.80;3.51;863;4;762.00;14
1469;4;622170521;1469;259;2333;2345;8.13;0.49;212.81;3.51;864;4;763.00;12
1470;4;622170532;1470;264;2336;2349;8.19;0.50;212.79;3.51;866;4;764.00;13
1471;4;622170543;1471;264;2339;2351;8.19;0.50;212.84;3.51;868;4;765.00;12
1474;4;622170554;1474;269;2339;2351;8.12;0.49;212.90;3.51;865;4;766.00;12
1477;4;622170565;1477;269;2340;2351;8.07;0.49;212.91;3.51;863;4;767.00;11
1477;4;622170576;1477;274;2348;2364;8.10;0.49;212.91;3.50;871;4;768.00;16
1477;4;622170587;1477;275;2349;2364;8.04;0.49;212.91;3.50;872;4;769.00;15
1478;4;622170598;1478;276;2349;2364;8.03;0.49;212.90;3.50;871;4;770.00;15
1479;4;622170608;1479;273;2350;2365;8.03;0.49;213.07;3.50;871;4;771.00;15
1480;4;622170618;1480;268;2350;2366;8.03;0.49;213.07;3.50;870;4;772.00;16
1482;4;622170629;1482;264;2350;2366;8.04;0.49;213.16;3.50;868;4;773.00;16
1483;4;622170641;1483;261;2352;2369;8.08;0.49;213.06;3.49;869;4;774.00;17
1485;4;622170653;1485;262;2352;2369;8.04;0.49;213.19;3.49;867;4;775.00;17
1486;4;622170664;1486;255;2353;2369;8.02;0.49;213.25;3.49;867;4;776.00;16
1487;4;622170675;1487;255;2353;2369;8.02;0.49;213.33;3.49;866;4;777.00;16
1489;4;622170688;1489;261;2358;2375;8.01;0.49;213.40;3.49;869;4;778.00;17
1491;4;622170700;1491;259;2358;2375;8.00;0.48;213.54;3.49;867;4;779.00;17
1492;4;622170713;1492;253;2358;2375;7.97;0.48;213.73;3.49;866;4;780.00;17
1497;4;622170724;1497;257;2358;2375;7.90;0.48;214.25;3.49;861;4;781.00;17
1498;4;622170734;1498;250;2361;2379;7.82;0.48;214.46;3.48;863;4;782.00;18
1502;4;622170744;1502;243;2362;2380;7.75;0.47;214.60;3.48;860;4;783.00;18
1504;4;622170755;1504;243;2362;2380;7.69;0.47;214.71;3.48;858;4;784.00;18
1506;4;622170765;1506;242;2364;2381;7.62;0.46;214.86;3.49;858;4;785.00;17
1509;4;622170777;1509;240;2365;2381;7.51;0.46;214.94;3.50;856;4;786.00;16
1511;4;622170788;1511;237;2365;2381;7.45;0.45;215.26;3.50;854;4;787.00;16
1513;4;622170798;1513;239;2365;2381;7.51;0.46;215.31;3.50;852;4;788.00;16
1516;4;622170808;1516;238;2365;2381;7.54;0.46;215.23;3.50;849;4;789.00;16
1516;4;622170817;1516;244;2365;2381;7.59;0.46;215.23;3.50;849;4;790.00;16
1520;4;622170827;1520;243;2365;2381;7.62;0.46;215.45;3.50;845;4;791.00;16
1521;4;622170838;1521;248;2398;2451;7.78;0.47;215.50;3.45;877;4;792.00;53
1523;4;622170854;1523;245;2399;2452;7.77;0.47;215.70;3.45;876;4;793.00;53
1525;4;622170865;1525;244;2407;2452;7.79;0.47;215.56;3.45;882;4;794.00;45
1527;4;622170876;1527;250;2410;2452;7.80;0.48;215.38;3.45;883;4;795.00;42
1527;4;622170886;1527;253;2412;2452;7.80;0.48;215.38;3.45;885;4;796.00;40
1527;4;622170897;1527;256;2415;2452;7.75;0.47;215.38;3.48;888;4;797.00;37
1529;4;622170907;1529;256;2419;2452;7.70;0.47;215.38;3.48;890;4;798.00;33
1529;4;622170917;1529;258;2421;2452;7.68;0.47;215.38;3.49;892;4;799.00;31
1530;4;622170930;1530;261;2425;2453;7.63;0.46;215.29;3.52;895;4;800.00;28
1531;4;622170945;1531;261;2427;2454;7.61;0.46;215.20;3.53;896;4;801.00;27
1532;4;622170957;1532;271;2431;2454;7.56;0.46;215.16;3.57;899;4;802.00;23
1532;4;622170967;1532;275;2437;2458;7.57;0.46;215.16;3.57;905;4;803.00;21
1534;4;622170979;1534;271;2439;2458;7.48;0.45;215.04;3.60;905;4;804.00;19
1534;4;622170990;1534;278;2439;2458;7.40;0.45;215.04;3.60;905;4;805.00;19
1538;4;622171001;1538;285;2439;2458;7.27;0.44;214.78;3.60;901;4;806.00;19
1539;4;622171013;1539;295;2445;2464;7.27;0.44;214.68;3.63;906;4;807.00;19
1541;4;622171024;1541;300;2445;2464;7.24;0.44;214.59;3.63;904;4;808.00;19
1544;4;622171035;1544;310;2445;2464;7.19;0.44;214.45;3.63;901;4;809.00;19
1546;4;622171047;1546;315;2451;2470;7.15;0.43;214.59;3.65;905;4;810.00;19
1552;4;622171059;1552;324;2453;2470;7.05;0.43;214.45;3.69;901;4;811.00;17
1552;4;622171071;1552;329;2456;2470;7.07;0.43;214.45;3.71;904;4;812.00;14
1552;4;622171081;1552;336;2458;2471;7.02;0.43;214.45;3.78;906;4;813.00;13
1555;4;622171092;1555;341;2461;2472;7.01;0.43;214.25;3.84;906;4;814.00;11
1557;4;622171103;1557;338;2463;2472;6.97;0.42;214.45;3.86;906;4;815.00;9
1557;4;622171114;1557;346;2472;2485;6.93;0.42;214.45;3.84;915;4;816.00;13
1558;4;622171125;1558;348;2474;2485;6.79;0.41;214.32;3.87;916;4;817.00;11
1559;4;622171136;1559;347;2474;2485;6.73;0.41;214.20;3.87;915;4;818.00;11
1560;4;622171146;1560;352;2475;2486;6.70;0.41;214.20;3.87;915;4;819.00;11
1564;4;622171156;1564;358;2478;2486;6.61;0.41;213.94;3.90;914;4;820.00;8
1564;4;622171166;1564;363;2487;2490;6.60;0.41;213.94;3.92;923;4;821.00;3
1566;4;622171176;1566;363;2488;2490;6.54;0.40;213.75;3.92;922;4;822.00;2
1569;4;622171185;1569;370;2492;2494;6.54;0.40;213.55;3.92;923;4;823.00;2
1571;4;622171196;1571;374;2492;2494;6.53;0.40;213.49;3.92;921;4;824.00;2
1573;4;622171206;1573;379;2494;2494;6.48;0.40;213.39;3.92;921;4;825.00;0
1573;4;622171217;1573;385;2494;2494;6.39;0.39;213.39;3.92;921;4;826.00;0
1577;4;622171227;1577;380;2494;2494;6.32;0.39;213.21;3.92;917;4;827.00;0
1578;4;622171238;1578;377;2505;2506;6.34;0.39;213.16;3.91;927;4;828.00;1
1580;4;622171251;1580;365;2506;2506;6.34;0.39;213.24;3.91;926;4;829.00;0
1580;4;622171262;1580;358;2506;2506;6.35;0.39;213.24;3.91;926;4;830.00;0
1583;4;622171272;1583;349;2506;2506;6.31;0.39;213.14;3.91;923;4;831.00;0
1584;4;622171290;1584;347;2506;2506;6.33;0.39;213.16;3.91;922;4;832.00;0
1586;4;622171303;1586;338;2506;2506;6.36;0.39;213.12;3.91;920;4;833.00;0
1587;4;622171321;1587;338;2507;2507;6.32;0.39;213.12;3.90;920;4;834.00;0
1588;4;622171332;1588;334;2507;2507;6.37;0.39;213.23;3.90;919;4;835.00;0
1589;4;622171342;1589;338;2513;2513;6.52;0.40;213.17;3.90;924;4;836.00;0
1589;4;622171353;1589;336;2514;2514;6.61;0.41;213.17;3.90;925;4;837.00;0
1591;4;622171364;1591;326;2514;2514;6.70;0.41;213.03;3.90;923;4;838.00;0
1592;4;622171374;1592;324;2514;2514;6.81;0.42;212.98;3.90;922;4;839.00;0
1593;4;622171386;1593;323;2519;2519;6.87;0.42;212.92;3.89;926;4;840.00;0
1595;4;622171397;1595;326;2519;2519;6.89;0.42;212.86;3.89;924;4;841.00;0
1598;4;622171413;1598;324;2519;2519;6.89;0.42;212.73;3.89;921;4;842.00;0
1601;4;622171424;1601;322;2520;2520;6.88;0.42;212.96;3.89;919;4;843.00;0
1603;4;622171434;1603;321;2524;2524;6.78;0.41;213.01;3.88;921;4;844.00;0
1605;4;622171452;1605;320;2524;2524;6.70;0.41;213.17;3.88;919;4;845.00;0
1608;4;622171462;1608;326;2526;2527;6.66;0.41;213.16;3.88;918;4;846.00;1
1610;4;622171479;1610;332;2527;2527;6.55;0.40;213.39;3.88;917;4;847.00;0
1613;4;622171493;1613;332;2527;2527;6.43;0.39;213.53;3.88;914;4;848.00;0
1618;4;622171507;1618;337;2527;2527;6.34;0.39;213.60;3.88;909;4;849.00;0
1622;4;622171522;1622;328;2531;2531;6.31;0.39;213.89;3.87;909;4;850.00;0
1627;4;622171538;1627;325;2531;2531;6.22;0.38;214.00;3.87;904;4;851.00;0
1634;4;622171552;1634;320;2531;2531;6.18;0.38;214.22;3.87;897;4;852.00;0
1637;4;622171568;1637;315;2531;2531;6.13;0.37;214.36;3.87;894;4;853.00;0
1640;4;622171589;1640;312;2532;2532;6.10;0.37;214.58;3.87;892;4;854.00;0
1643;4;622171601;1643;304;2534;2534;6.15;0.37;214.73;3.87;891;4;855.00;0
1648;4;622171612;1648;309;2534;2534;6.15;0.37;214.97;3.87;886;4;856.00;0
1649;4;622171623;1649;297;2535;2535;6.27;0.38;215.19;3.87;886;4;857.00;0
1651;4;622171635;1651;284;2535;2535;6.40;0.39;215.51;3.87;884;4;858.00;0
1654;4;622171647;1654;281;2535;2535;6.49;0.39;215.89;3.87;881;4;859.00;0
1657;4;622171659;1657;274;2535;2535;6.54;0.40;216.06;3.87;878;4;860.00;0
1660;4;622171670;1660;266;2535;2535;6.63;0.40;216.44;3.87;875;4;861.00;0
1661;4;622171681;1661;262;2535;2535;6.69;0.41;216.69;3.87;874;4;862.00;0
1664;4;622171691;1664;258;2535;2535;6.81;0.42;216.93;3.87;871;4;863.00;0
1668;4;622171701;1668;278;2630;2662;6.98;0.43;217.39;3.73;962;4;864.00;32
1670;4;622171723;1670;266;2633;2663;7.02;0.43;217.27;3.73;963;4;865.00;30
1673;4;622171735;1673;261;2638;2663;7.11;0.44;217.61;3.72;965;4;866.00;25
1677;4;622171747;1677;267;2641;2663;7.15;0.44;217.90;3.72;964;4;867.00;22
1677;4;622171758;1677;260;2644;2663;7.17;0.44;217.90;3.72;967;4;868.00;19
1684;4;622171769;1684;249;2644;2663;7.13;0.44;218.39;3.72;960;4;869.00;19
1689;4;622171783;1689;249;2645;2663;7.15;0.44;218.67;3.72;956;4;870.00;18
1692;4;622171801;1692;253;2646;2663;7.16;0.44;218.89;3.73;954;4;871.00;17
1697;4;622171813;1697;256;2647;2664;7.16;0.44;219.36;3.73;950;4;872.00;17
1703;4;622171825;1703;261;2650;2665;7.19;0.44;219.80;3.73;947;4;873.00;15
1707;4;622171837;1707;265;2651;2665;7.17;0.44;219.95;3.74;944;4;874.00;14
1711;4;622171850;1711;273;2653;2666;7.17;0.44;220.22;3.74;942;4;875.00;13
1714;4;622171861;1714;277;2653;2666;7.18;0.44;220.35;3.74;939;4;876.00;13
1722;4;622171874;1722;281;2655;2666;7.16;0.44;220.96;3.74;933;4;877.00;11
1724;4;622171886;1724;283;2659;2666;7.18;0.44;221.11;3.76;935;4;878.00;7
1730;4;622171904;1730;283;2662;2670;7.19;0.44;221.76;3.76;932;4;879.00;8
1733;4;622171916;1733;283;2662;2670;7.17;0.44;222.06;3.76;929;4;880.00;8
1735;4;622171928;1735;278;2664;2670;7.10;0.44;222.27;3.77;929;4;881.00;6
1740;4;622171941;1740;284;2664;2673;7.07;0.43;222.72;3.77;924;4;882.00;9
1742;4;622171954;1742;281;2664;2673;7.04;0.43;222.96;3.77;922;4;883.00;9
1745;4;622171968;1745;289;2666;2673;7.04;0.43;223.17;3.77;921;4;884.00;7
1746;4;622171979;1746;284;2671;2677;7.06;0.43;223.06;3.77;925;4;885.00;6
1750;4;622171991;1750;286;2671;2678;7.09;0.43;223.16;3.77;921;4;886.00;7
1757;4;622172009;1757;283;2673;2678;7.06;0.43;223.15;3.78;916;4;887.00;5
1759;4;622172021;1759;284;2675;2682;7.07;0.43;223.19;3.78;916;4;888.00;7
1761;4;622172033;1761;285;2675;2682;7.03;0.43;223.45;3.78;914;4;889.00;7
1766;4;622172044;1766;292;2675;2682;7.00;0.43;223.61;3.78;909;4;890.00;7
1770;4;622172056;1770;295;2676;2683;6.99;0.43;223.75;3.77;906;4;891.00;7
1773;4;622172067;1773;289;2676;2683;6.95;0.42;224.07;3.77;903;4;892.00;7
1776;4;622172079;1776;298;2681;2689;6.96;0.42;224.23;3.77;905;4;893.00;8
1781;4;622172092;1781;297;2682;2689;6.93;0.42;224.59;3.78;901;4;894.00;7
1785;4;622172103;1785;299;2683;2690;6.91;0.42;225.09;3.78;898;4;895.00;7
1788;4;622172117;1788;299;2683;2690;6.94;0.42;225.24;3.78;895;4;896.00;7
1791;4;622172130;1791;292;2684;2690;6.96;0.42;225.74;3.79;893;4;897.00;6
1796;4;622172144;1796;297;2686;2690;6.96;0.42;225.95;3.80;890;4;898.00;4
1800;4;622172158;1800;292;2686;2690;7.04;0.43;226.41;3.80;886;4;899.00;4
1804;4;622172174;1804;294;2715;2736;7.11;0.44;227.03;3.76;911;4;900.00;21
1807;4;622172198;1807;292;2716;2736;7.17;0.44;227.37;3.76;909;4;901.00;20
1810;4;622172212;1810;294;2721;2736;7.25;0.44;227.81;3.77;911;4;902.00;15
1817;4;622172227;1817;287;2722;2736;7.33;0.45;228.56;3.77;905;4;903.00;14
1818;4;622172241;1818;291;2725;2736;7.42;0.45;228.54;3.77;907;4;904.00;11
1821;4;622172255;1821;288;2727;2736;7.41;0.45;229.06;3.77;906;4;905.00;9
1826;4;622172268;1826;276;2732;2740;7.41;0.45;229.37;3.77;906;4;906.00;8
1828;4;622172283;1828;272;2733;2740;7.47;0.46;229.62;3.77;905;4;907.00;7
1833;4;622172297;1833;266;2737;2744;7.50;0.46;229.94;3.77;904;4;908.00;7
1836;4;622172312;1836;269;2738;2745;7.56;0.46;230.33;3.76;902;4;909.00;7
1838;4;622172326;1838;268;2738;2745;7.60;0.46;230.58;3.76;900;4;910.00;7
1843;4;622172339;1843;270;2739;2745;7.61;0.46;231.12;3.77;896;4;911.00;6
1848;4;622172354;1848;269;2751;2758;7.56;0.46;231.34;3.75;903;4;912.00;7
1849;4;622172370;1849;266;2751;2758;7.56;0.46;231.52;3.75;902;4;913.00;7
1851;4;622172383;1851;270;2752;2758;7.55;0.46;231.68;3.75;901;4;914.00;6
1855;4;622172397;1855;274;2753;2759;7.55;0.46;232.05;3.75;898;4;915.00;6
1857;4;622172412;1857;278;2754;2760;7.51;0.46;232.10;3.75;897;4;916.00;6
1858;4;622172428;1858;274;2755;2760;7.46;0.46;232.30;3.76;897;4;917.00;5
1861;4;622172442;1861;277;2757;2763;7.47;0.46;232.39;3.75;896;4;918.00;6
1866;4;622172456;1866;278;2757;2763;7.47;0.46;232.79;3.75;891;4;919.00;6
1868;4;622172471;1868;281;2759;2763;7.53;0.46;232.83;3.76;891;4;920.00;4
1870;4;622172484;1870;279;2759;2763;7.56;0.46;233.02;3.76;889;4;921.00;4
1875;4;622172497;1875;278;2763;2769;7.57;0.46;233.45;3.76;888;4;922.00;6
1878;4;622172511;1878;272;2764;2769;7.50;0.46;233.36;3.76;886;4;923.00;5
1879;4;622172525;1879;271;2764;2769;7.48;0.45;233.38;3.76;885;4;924.00;5
1880;4;622172537;1880;267;2764;2769;7.52;0.46;233.37;3.76;884;4;925.00;5
1884;4;622172550;1884;274;2772;2773;7.49;0.46;233.48;3.78;888;4;926.00;1
1885;4;622172563;1885;267;2773;2774;7.48;0.45;233.39;3.78;888;4;927.00;1
1887;4;622172576;1887;271;2773;2774;7.50;0.46;233.30;3.78;886;4;928.00;1
1889;4;622172588;1889;274;2774;2775;7.53;0.46;233.31;3.77;885;4;929.00;1
1891;4;622172604;1891;275;2774;2775;7.53;0.46;233.36;3.77;883;4;930.00;1
1892;4;622172617;1892;276;2774;2775;7.54;0.46;233.27;3.77;882;4;931.00;1
1894;4;622172636;1894;277;2774;2775;7.52;0.46;233.31;3.77;880;4;932.00;1
1896;4;622172649;1896;278;2774;2775;7.47;0.45;233.33;3.77;878;4;933.00;1
1898;4;622172661;1898;284;2774;2775;7.48;0.45;233.40;3.77;876;4;934.00;1
1898;4;622172673;1898;285;2774;2775;7.52;0.46;233.40;3.77;876;4;935.00;1
1900;4;622172693;1900;298;2810;2845;7.50;0.46;233.47;3.73;910;4;936.00;35
1902;4;622172711;1902;296;2810;2846;7.53;0.46;233.52;3.73;908;4;937.00;36
1903;4;622172725;1903;299;2817;2846;7.65;0.46;233.51;3.72;914;4;938.00;29
1903;4;622172738;1903;301;2820;2846;7.66;0.47;233.51;3.72;917;4;939.00;26
1904;4;622172756;1904;300;2823;2846;7.65;0.46;233.50;3.72;919;4;940.00;23
1904;4;622172768;1904;302;2825;2846;7.67;0.47;233.50;3.72;921;4;941.00;21
1907;4;622172778;1907;303;2827;2846;7.69;0.47;233.55;3.72;920;4;942.00;19
1910;4;622172790;1910;300;2829;2846;7.74;0.47;233.70;3.73;919;4;943.00;17
1915;4;622172801;1915;297;2832;2847;7.74;0.47;233.86;3.73;917;4;944.00;15
1916;4;622172813;1916;293;2834;2849;7.73;0.47;233.87;3.73;918;4;945.00;15
1919;4;622172825;1919;296;2836;2849;7.73;0.47;233.91;3.74;917;4;946.00;13
1922;4;622172837;1922;297;2841;2853;7.65;0.46;234.12;3.74;919;4;947.00;12
1925;4;622172849;1925;300;2842;2853;7.61;0.46;234.08;3.74;917;4;948.00;11
1927;4;622172860;1927;299;2842;2853;7.51;0.45;234.20;3.74;915;4;949.00;11
1929;4;622172871;1929;295;2842;2853;7.38;0.45;234.45;3.74;913;4;950.00;11
1930;4;622172882;1930;295;2846;2859;7.33;0.45;234.45;3.73;916;4;951.00;13
1934;4;622172894;1934;289;2846;2859;7.22;0.44;234.63;3.73;912;4;952.00;13
1937;4;622172904;1937;285;2846;2859;7.12;0.43;234.58;3.73;909;4;953.00;13
1937;4;622172915;1937;290;2848;2862;7.05;0.43;234.58;3.73;911;4;954.00;14
1939;4;622172926;1939;289;2852;2862;6.91;0.42;234.43;3.76;913;4;955.00;10
1944;4;622172937;1944;285;2853;2862;6.81;0.41;234.46;3.75;909;4;956.00;9
1946;4;622172948;1946;291;2853;2863;6.77;0.41;234.50;3.75;907;4;957.00;10
1949;4;622172959;1949;288;2854;2864;6.81;0.41;234.60;3.75;905;4;958.00;10
1955;4;622172970;1955;296;2854;2864;6.81;0.41;234.45;3.75;899;4;959.00;10
1956;4;622172983;1956;298;2871;2890;6.88;0.42;234.44;3.73;915;4;960.00;19
1958;4;622172995;1958;300;2871;2890;6.87;0.42;234.27;3.73;913;4;961.00;19
1960;4;622173006;1960;300;2873;2890;6.89;0.42;234.18;3.73;913;4;962.00;17
1961;4;622173017;1961;302;2876;2891;6.91;0.42;234.08;3.74;915;4;963.00;15
1964;4;622173027;1964;302;2877;2891;6.93;0.42;234.07;3.74;913;4;964.00;14
1965;4;622173037;1965;304;2880;2895;6.95;0.42;234.01;3.73;915;4;965.00;15
1969;4;622173048;1969;304;2880;2895;6.87;0.42;233.74;3.73;911;4;966.00;15
1969;4;622173058;1969;303;2884;2899;6.89;0.42;233.74;3.73;915;4;967.00;15
1969;4;622173069;1969;308;2884;2899;6.90;0.42;233.74;3.73;915;4;968.00;15
1972;4;622173079;1972;307;2884;2899;6.88;0.42;233.66;3.73;912;4;969.00;15
1974;4;622173089;1974;317;2885;2899;6.85;0.42;233.78;3.73;911;4;970.00;14
1977;4;622173099;1977;321;2887;2899;6.84;0.42;233.59;3.76;910;4;971.00;12
1978;4;622173109;1978;323;2898;2911;6.89;0.42;233.60;3.75;920;4;972.00;13
1979;4;622173120;1979;320;2900;2911;6.87;0.42;233.54;3.75;921;4;973.00;11
1981;4;622173131;1981;323;2900;2911;6.86;0.42;233.58;3.75;919;4;974.00;11
1982;4;622173141;1982;327;2901;2911;6.89;0.42;233.49;3.75;919;4;975.00;10
1983;4;622173151;1983;332;2901;2911;6.85;0.42;233.49;3.75;918;4;976.00;10
1984;4;622173161;1984;332;2901;2911;6.81;0.42;233.49;3.75;917;4;977.00;10
1986;4;622173171;1986;335;2901;2912;6.75;0.41;233.41;3.75;915;4;978.00;11
1986;5;622173182;1986;325;2901;2912;6.76;0.41;233.41;3.75;915;5;979.00;11
1987;5;622173203;1987;320;2908;2918;6.84;0.42;233.43;3.78;921;5;980.00;10
1987;5;622173214;1987;310;2909;2919;6.89;0.42;233.43;3.78;922;5;981.00;10
1990;5;622173225;1990;307;2911;2919;6.89;0.42;233.41;3.80;921;5;982.00;8
1992;5;622173240;1992;310;2911;2919;6.89;0.42;233.30;3.80;919;5;983.00;8
1992;5;622173251;1992;306;2915;2923;6.92;0.42;233.30;3.80;923;5;984.00;8
1995;5;622173261;1995;306;2916;2923;6.90;0.42;233.19;3.81;921;5;985.00;7
1996;5;622173273;1996;307;2916;2923;6.93;0.42;233.17;3.81;920;5;986.00;7
1998;5;622173284;1998;310;2917;2924;6.97;0.42;233.10;3.81;919;5;987.00;7
1999;5;622173294;1999;307;2921;2928;6.99;0.43;233.11;3.81;922;5;988.00;7
1999;5;622173311;1999;307;2921;2928;7.02;0.43;233.11;3.81;922;5;989.00;7
2000;5;622173323;2000;312;2927;2934;7.10;0.43;233.01;3.83;927;5;990.00;7
2002;5;622173334;2002;306;2931;2934;7.09;0.43;232.88;3.84;929;5;991.00;3
2004;5;622173345;2004;309;2932;2934;7.13;0.44;232.92;3.84;928;5;992.00;2
2005;5;622173356;2005;312;2932;2934;7.13;0.44;232.86;3.84;927;5;993.00;2
2005;5;622173372;2005;312;2938;2938;7.21;0.44;232.86;3.84;933;5;994.00;0
2005;5;622173383;2005;313;2938;2938;7.18;0.44;232.86;3.84;933;5;995.00;0
2007;5;622173394;2007;315;2938;2938;7.11;0.44;232.85;3.84;931;5;996.00;0
2007;5;622173405;2007;315;2938;2938;6.99;0.43;232.85;3.84;931;5;997.00;0
2008;5;622173417;2008;320;2939;2939;6.86;0.42;232.81;3.84;931;5;998.00;0
2008;5;622173428;2008;313;2940;2940;6.74;0.41;232.81;3.84;932;5;999.00;0
2011;5;622173440;2011;317;2940;2940;6.61;0.41;232.84;3.84;929;5;1000.00;0
2015;5;622173455;2015;317;2941;2941;6.53;0.40;232.82;3.84;926;5;1001.00;0
2017;5;622173466;2017;314;2941;2941;6.48;0.40;232.76;3.84;924;5;1002.00;0
2020;5;622173481;2020;308;2941;2941;6.47;0.40;232.77;3.84;921;5;1003.00;0
2024;5;622173505;2024;306;2941;2941;6.42;0.39;232.95;3.84;917;5;1004.00;0
2026;5;622173519;2026;301;2941;2941;6.38;0.39;233.03;3.84;915;5;1005.00;0
2027;5;622173534;2027;297;2941;2941;6.39;0.39;233.04;3.84;914;5;1006.00;0
2029;5;622173547;2029;296;2941;2941;6.40;0.39;233.03;3.84;912;5;1007.00;0
2031;5;622173562;2031;304;3013;3068;6.65;0.41;233.06;3.75;982;5;1008.00;55
2034;5;622173589;2034;297;3019;3069;6.63;0.41;233.26;3.74;985;5;1009.00;50
2035;5;622173601;2035;286;3027;3069;6.65;0.41;233.36;3.74;992;5;1010.00;42
2037;5;622173612;2037;284;3031;3069;6.66;0.41;233.40;3.74;994;5;1011.00;38
2039;5;622173623;2039;288;3039;3069;6.63;0.41;233.39;3.74;1000;5;1012.00;30
2043;5;622173634;2043;292;3041;3069;6.54;0.40;233.34;3.74;998;5;1013.00;28
2048;5;622173646;2048;289;3044;3069;6.49;0.40;233.70;3.74;996;5;1014.00;25
2052;5;622173658;2052;291;3046;3069;6.44;0.40;233.76;3.74;994;5;1015.00;23
2053;5;622173670;2053;298;3048;3070;6.47;0.40;233.75;3.74;995;5;1016.00;22
2057;5;622173681;2057;303;3051;3071;6.40;0.39;233.89;3.75;994;5;1017.00;20
2060;5;622173693;2060;311;3053;3071;6.32;0.39;234.14;3.75;993;5;1018.00;18
2063;5;622173704;2063;321;3056;3072;6.20;0.38;234.06;3.76;993;5;1019.00;16
2065;5;622173717;2065;309;3060;3072;6.15;0.38;233.86;3.77;995;5;1020.00;12
2069;5;622173735;2069;307;3060;3072;6.12;0.38;233.82;3.77;991;5;1021.00;12
2073;5;622173746;2073;297;3062;3072;6.08;0.37;233.90;3.77;989;5;1022.00;10
2073;5;622173758;2073;294;3067;3076;6.20;0.38;233.90;3.78;994;5;1023.00;9
2075;5;622173770;2075;294;3068;3076;6.30;0.39;233.86;3.78;993;5;1024.00;8
2075;5;622173785;2075;292;3069;3076;6.38;0.39;233.86;3.79;994;5;1025.00;7
2078;5;622173800;2078;294;3072;3079;6.48;0.40;234.07;3.79;994;5;1026.00;7
2081;5;622173816;2081;283;3074;3079;6.57;0.40;234.16;3.79;993;5;1027.00;5
2084;5;622173832;2084;279;3074;3079;6.71;0.41;234.37;3.79;990;5;1028.00;5
2086;5;622173847;2086;279;3078;3083;6.85;0.42;234.63;3.79;992;5;1029.00;5
2089;5;622173859;2089;276;3081;3084;6.90;0.42;234.79;3.80;992;5;1030.00;3
2094;5;622173872;2094;271;3082;3084;7.00;0.43;235.10;3.81;988;5;1031.00;2
2097;5;622173884;2097;265;3086;3088;7.06;0.43;235.15;3.81;989;5;1032.00;2
2099;5;622173897;2099;260;3087;3088;7.08;0.44;235.27;3.81;988;5;1033.00;1
2105;5;622173910;2105;258;3088;3088;7.12;0.44;235.47;3.81;983;5;1034.00;0
2110;5;622173923;2110;247;3090;3090;7.11;0.44;235.63;3.80;980;5;1035.00;0
2111;5;622173936;2111;248;3090;3090;7.14;0.44;235.70;3.80;979;5;1036.00;0
2119;5;622173948;2119;244;3095;3096;7.12;0.43;236.16;3.80;976;5;1037.00;1
2123;5;622173961;2123;248;3095;3096;7.07;0.43;236.45;3.80;972;5;1038.00;1
2125;5;622173974;2125;246;3096;3097;7.07;0.43;236.53;3.80;971;5;1039.00;1
2129;5;622173987;2129;257;3096;3097;7.07;0.43;236.93;3.80;967;5;1040.00;1
2131;5;622174000;2131;260;3097;3097;7.09;0.44;237.00;3.80;966;5;1041.00;0
2136;5;622174019;2136;266;3097;3097;7.08;0.44;237.33;3.80;961;5;1042.00;0
2141;5;622174031;2141;269;3097;3097;7.13;0.44;237.59;3.80;956;5;1043.00;0
2147;5;622174044;2147;272;3106;3109;7.19;0.44;237.95;3.79;959;5;1044.00;3
2151;5;622174058;2151;267;3106;3109;7.20;0.44;238.19;3.79;955;5;1045.00;3
2156;5;622174071;2156;265;3107;3109;7.20;0.44;238.57;3.79;951;5;1046.00;2
2159;5;622174086;2159;264;3108;3109;7.22;0.44;238.43;3.79;949;5;1047.00;1
2163;5;622174104;2163;267;3108;3109;7.27;0.45;238.74;3.79;945;5;1048.00;1
2167;5;622174118;2167;266;3109;3109;7.29;0.45;238.76;3.79;942;5;1049.00;0
2174;5;622174133;2174;260;3115;3115;7.26;0.44;239.00;3.78;941;5;1050.00;0
2178;5;622174147;2178;257;3115;3115;7.30;0.45;239.04;3.78;937;5;1051.00;0
2183;5;622174159;2183;258;3119;3119;7.39;0.45;239.31;3.78;936;5;1052.00;0
2187;5;622174172;2187;259;3120;3120;7.40;0.45;239.45;3.78;933;5;1053.00;0
2192;5;622174185;2192;259;3120;3120;7.39;0.45;239.69;3.78;928;5;1054.00;0
2195;5;622174197;2195;262;3120;3120;7.41;0.45;239.89;3.78;925;5;1055.00;0
2198;5;622174209;2198;266;3132;3133;7.46;0.46;240.09;3.76;934;5;1056.00;1
2204;5;622174223;2204;266;3133;3133;7.48;0.46;240.39;3.76;929;5;1057.00;0
2208;5;622174236;2208;265;3133;3133;7.51;0.46;240.37;3.76;925;5;1058.00;0
2212;5;622174248;2212;264;3134;3134;7.50;0.46;240.51;3.76;922;5;1059.00;0
2217;5;622174261;2217;262;3135;3135;7.49;0.46;240.57;3.76;918;5;1060.00;0
2219;5;622174273;2219;268;3135;3135;7.48;0.46;240.70;3.76;916;5;1061.00;0
2223;5;622174285;2223;269;3137;3138;7.48;0.46;240.86;3.76;914;5;1062.00;1
2224;5;622174297;2224;275;3137;3138;7.41;0.45;240.99;3.76;913;5;1063.00;1
2227;5;622174309;2227;275;3138;3138;7.33;0.45;241.23;3.76;911;5;1064.00;0
2231;5;622174321;2231;278;3138;3138;7.24;0.44;241.34;3.76;907;5;1065.00;0
2232;5;622174332;2232;284;3144;3144;7.15;0.44;241.53;3.75;912;5;1066.00;0
2237;5;622174344;2237;271;3144;3144;7.12;0.43;241.54;3.75;907;5;1067.00;0
2241;5;622174357;2241;272;3144;3144;7.06;0.43;241.90;3.75;903;5;1068.00;0
2243;5;622174369;2243;275;3144;3144;7.02;0.43;242.24;3.75;901;5;1069.00;0
2247;5;622174380;2247;278;3148;3148;6.94;0.42;242.74;3.75;901;5;1070.00;0
2250;5;622174398;2250;280;3149;3149;6.90;0.42;242.85;3.75;899;5;1071.00;0
2255;5;622174410;2255;284;3149;3149;6.91;0.42;243.25;3.75;894;5;1072.00;0
2256;5;622174421;2256;284;3150;3150;6.92;0.42;243.21;3.75;894;5;1073.00;0
2259;5;622174432;2259;290;3150;3150;6.89;0.42;242.97;3.75;891;5;1074.00;0
2262;5;622174443;2262;290;3150;3150;6.83;0.42;243.21;3.75;888;5;1075.00;0
2264;5;622174455;2264;284;3150;3150;6.85;0.42;243.40;3.75;886;5;1076.00;0
2268;5;622174468;2268;281;3150;3150;6.81;0.42;243.61;3.75;882;5;1077.00;0
2270;5;622174480;2270;283;3150;3150;6.83;0.42;243.65;3.75;880;5;1078.00;0
2272;5;622174491;2272;282;3150;3150;6.88;0.42;243.81;3.75;878;5;1079.00;0
2275;5;622174511;2275;296;3229;3275;7.07;0.44;243.84;3.65;954;5;1080.00;46
2277;5;622174534;2277;299;3235;3276;7.10;0.44;243.86;3.65;958;5;1081.00;41
2280;5;622174545;2280;287;3241;3276;7.20;0.44;243.93;3.65;961;5;1082.00;35
2284;5;622174556;2284;285;3245;3276;7.21;0.44;244.05;3.65;961;5;1083.00;31
2287;6;622174573;2287;290;3249;3276;7.26;0.45;244.32;3.65;962;6;1084.00;27
2289;6;622174601;2289;282;3251;3276;7.26;0.45;244.54;3.65;962;6;1085.00;25
2291;6;622174613;2291;283;3255;3276;7.30;0.45;244.72;3.65;964;6;1086.00;21
2294;6;622174624;2294;281;3258;3276;7.34;0.45;245.12;3.65;964;6;1087.00;18
2297;6;622174647;2297;281;3261;3277;7.33;0.45;245.36;3.66;964;6;1088.00;16
2300;6;622174659;2300;287;3266;3278;7.25;0.44;245.55;3.67;966;6;1089.00;12
2302;6;622174671;2302;282;3270;3278;7.22;0.44;245.66;3.67;968;6;1090.00;8
2305;6;622174683;2305;288;3276;3282;7.15;0.44;245.83;3.67;971;6;1091.00;6
2306;6;622174694;2306;295;3277;3282;7.12;0.44;246.02;3.67;971;6;1092.00;5
2310;6;622174706;2310;294;3278;3282;7.09;0.43;246.16;3.67;968;6;1093.00;4
2311;6;622174717;2311;300;3278;3282;7.08;0.43;246.24;3.67;967;6;1094.00;4
2316;6;622174728;2316;297;3283;3288;7.05;0.43;246.65;3.67;967;6;1095.00;5
2317;6;622174740;2317;293;3284;3288;7.08;0.43;246.85;3.67;967;6;1096.00;4
2319;6;622174751;2319;290;3284;3288;7.11;0.43;246.78;3.67;965;6;1097.00;4
2321;6;622174762;2321;290;3288;3291;7.09;0.43;246.65;3.68;967;6;1098.00;3
2323;6;622174774;2323;295;3288;3291;7.08;0.43;246.61;3.68;965;6;1099.00;3
2324;6;622174785;2324;295;3288;3291;7.07;0.43;246.58;3.68;964;6;1100.00;3
2328;6;622174800;2328;298;3289;3292;7.05;0.43;246.57;3.67;961;6;1101.00;3
2328;6;622174812;2328;300;3290;3293;7.15;0.44;246.57;3.67;962;6;1102.00;3
2328;6;622174828;2328;303;3290;3293;7.21;0.44;246.57;3.67;962;6;1103.00;3
2333;6;622174839;2333;310;3300;3306;7.20;0.44;246.56;3.66;967;6;1104.00;6
2334;6;622174851;2334;311;3300;3306;7.18;0.44;246.65;3.66;966;6;1105.00;6
2339;6;622174861;2339;313;3301;3306;7.18;0.44;246.58;3.66;962;6;1106.00;5
2342;6;622174872;2342;319;3302;3307;7.19;0.44;246.60;3.66;960;6;1107.00;5
2347;6;622174884;2347;322;3302;3307;7.13;0.44;246.52;3.66;955;6;1108.00;5
2349;6;622174895;2349;329;3306;3311;7.10;0.43;246.63;3.66;957;6;1109.00;5
2353;6;622174907;2353;326;3306;3311;7.09;0.43;246.74;3.66;953;6;1110.00;5
2355;6;622174918;2355;328;3309;3315;7.10;0.43;246.77;3.66;954;6;1111.00;6
2359;6;622174929;2359;320;3309;3315;7.09;0.43;246.74;3.66;950;6;1112.00;6
2361;6;622174940;2361;316;3309;3315;7.05;0.43;246.77;3.66;948;6;1113.00;6
2365;6;622174950;2365;311;3309;3315;7.03;0.43;246.79;3.66;944;6;1114.00;6
2367;6;622174961;2367;314;3309;3315;7.03;0.43;246.82;3.66;942;6;1115.00;6
2370;6;622174972;2370;313;3319;3327;6.99;0.43;246.88;3.64;949;6;1116.00;8
2371;6;622174983;2371;314;3319;3327;6.94;0.42;246.92;3.64;948;6;1117.00;8
2372;6;622174993;2372;312;3320;3327;6.92;0.42;247.00;3.64;948;6;1118.00;7
2375;6;622175003;2375;311;3320;3327;6.87;0.42;247.03;3.64;945;6;1119.00;7
2380;6;622175013;2380;309;3320;3327;6.78;0.41;247.08;3.64;940;6;1120.00;7
2382;6;622175024;2382;307;3320;3327;6.74;0.41;247.05;3.64;938;6;1121.00;7
2385;6;622175033;2385;301;3320;3328;6.69;0.41;246.97;3.64;935;6;1122.00;8
2386;6;622175043;2386;303;3320;3328;6.61;0.40;246.97;3.64;934;6;1123.00;8
2388;6;622175058;2388;291;3325;3334;6.59;0.40;247.13;3.64;937;6;1124.00;9
2394;6;622175069;2394;295;3329;3336;6.52;0.40;247.12;3.66;935;6;1125.00;7
2397;6;622175081;2397;291;3329;3336;6.49;0.39;247.09;3.66;932;6;1126.00;7
2399;6;622175091;2399;292;3329;3336;6.45;0.39;247.00;3.66;930;6;1127.00;7
2405;6;622175101;2405;298;3332;3340;6.45;0.39;246.98;3.65;927;6;1128.00;8
2407;6;622175111;2407;294;3332;3340;6.48;0.39;247.01;3.65;925;6;1129.00;8
2409;6;622175121;2409;286;3332;3340;6.47;0.39;246.87;3.65;923;6;1130.00;8
2411;6;622175130;2411;271;3333;3341;6.54;0.40;246.92;3.65;922;6;1131.00;8
2413;6;622175142;2413;261;3336;3345;6.64;0.40;246.94;3.65;923;6;1132.00;9
2414;6;622175152;2414;256;3336;3345;6.66;0.40;246.97;3.65;922;6;1133.00;9
2417;6;622175162;2417;254;3338;3348;6.75;0.41;246.84;3.65;921;6;1134.00;10
2420;6;622175172;2420;250;3339;3348;6.83;0.41;246.81;3.65;919;6;1135.00;9
2420;6;622175183;2420;241;3339;3348;6.94;0.42;246.81;3.65;919;6;1136.00;9
2421;6;622175193;2421;235;3339;3348;7.04;0.43;246.80;3.65;918;6;1137.00;9
2421;6;622175208;2421;233;3343;3352;7.16;0.43;246.80;3.64;922;6;1138.00;9
2421;6;622175219;2421;236;3343;3352;7.24;0.44;246.80;3.64;922;6;1139.00;9
2421;6;622175230;2421;236;3343;3352;7.34;0.44;246.80;3.64;922;6;1140.00;9
2421;6;622175245;2421;239;3343;3352;7.42;0.45;246.80;3.64;922;6;1141.00;9
2422;6;622175256;2422;231;3343;3353;7.43;0.45;246.83;3.64;921;6;1142.00;10
2422;6;622175267;2422;230;3344;3354;7.44;0.45;246.83;3.64;922;6;1143.00;10
2424;6;622175277;2424;228;3344;3354;7.43;0.45;246.78;3.64;920;6;1144.00;10
2425;6;622175288;2425;226;3345;3355;7.48;0.46;246.70;3.64;920;6;1145.00;10
2427;6;622175298;2427;224;3345;3355;7.54;0.46;246.76;3.64;918;6;1146.00;10
2427;6;622175309;2427;223;3345;3355;7.52;0.46;246.76;3.64;918;6;1147.00;10
2429;6;622175320;2429;225;3345;3355;7.55;0.46;246.61;3.64;916;6;1148.00;10
2429;6;622175331;2429;228;3345;3355;7.64;0.47;246.61;3.64;916;6;1149.00;10
2431;6;622175342;2431;226;3347;3355;7.63;0.47;246.54;3.67;916;6;1150.00;8
2431;6;622175354;2431;229;3347;3355;7.65;0.47;246.54;3.67;916;6;1151.00;8
2433;6;622175365;2433;241;3412;3482;7.80;0.48;246.70;3.62;979;6;1152.00;70
2435;6;622175386;2435;241;3414;3483;7.77;0.48;246.66;3.63;979;6;1153.00;69
2436;6;622175398;2436;238;3424;3483;7.85;0.49;246.88;3.63;988;6;1154.00;59
2439;6;622175410;2439;240;3432;3483;7.88;0.49;247.00;3.63;993;6;1155.00;51
2441;6;622175421;2441;239;3441;3483;7.93;0.49;247.08;3.65;1000;6;1156.00;42
2445;6;622175432;2445;245;3445;3483;7.85;0.49;247.15;3.65;1000;6;1157.00;38
2448;6;622175443;2448;247;3449;3483;7.86;0.49;247.00;3.65;1001;6;1158.00;34
2452;6;622175454;2452;251;3451;3483;7.86;0.48;246.94;3.65;999;6;1159.00;32
2456;6;622175465;2456;252;3456;3484;7.83;0.48;247.12;3.67;1000;6;1160.00;28
2459;6;622175481;2459;258;3460;3485;7.77;0.48;247.29;3.69;1001;6;1161.00;25
2462;6;622175501;2462;252;3466;3485;7.74;0.47;247.37;3.70;1004;6;1162.00;19
2464;6;622175518;2464;254;3468;3486;7.64;0.47;247.46;3.70;1004;6;1163.00;18
2467;6;622175543;2467;258;3472;3486;7.55;0.46;247.91;3.71;1005;6;1164.00;14
2468;6;622175561;2468;258;3474;3486;7.50;0.46;248.09;3.72;1006;6;1165.00;12
2470;6;622175579;2470;272;3477;3486;7.42;0.46;248.19;3.73;1007;6;1166.00;9
2474;6;622175595;2474;278;3484;3490;7.34;0.45;248.45;3.73;1010;6;1167.00;6
2477;6;622175608;2477;284;3484;3490;7.22;0.44;248.44;3.73;1007;6;1168.00;6
2481;6;622175619;2481;286;3486;3490;7.15;0.44;248.49;3.74;1005;6;1169.00;4
2483;6;622175634;2483;286;3490;3496;7.08;0.44;248.56;3.74;1007;6;1170.00;6
2485;6;622175647;2485;288;3491;3496;7.04;0.43;248.80;3.74;1006;6;1171.00;5
2489;6;622175660;2489;288;3493;3496;7.01;0.43;249.25;3.75;1004;6;1172.00;3
2493;6;622175672;2493;282;3498;3500;7.04;0.43;249.26;3.75;1005;6;1173.00;2
2496;6;622175684;2496;280;3501;3501;7.04;0.43;249.22;3.75;1005;6;1174.00;0
2499;6;622175697;2499;278;3501;3501;7.05;0.43;249.34;3.75;1002;6;1175.00;0
2502;6;622175709;2502;276;3504;3505;7.11;0.44;249.22;3.74;1002;6;1176.00;1
2506;6;622175721;2506;277;3505;3505;7.08;0.43;249.51;3.74;999;6;1177.00;0
2507;6;622175734;2507;280;3505;3505;7.11;0.44;249.54;3.74;998;6;1178.00;0
2508;6;622175745;2508;279;3506;3506;7.10;0.44;249.64;3.74;998;6;1179.00;0
2510;7;622175756;2510;280;3506;3506;7.05;0.43;249.83;3.74;996;7;1180.00;0
2512;7;622175780;2512;288;3512;3512;7.04;0.43;249.74;3.74;1000;7;1181.00;0
2517;7;622175793;2517;292;3512;3512;6.98;0.43;249.99;3.74;995;7;1182.00;0
2521;7;622175804;2521;299;3513;3513;6.92;0.42;250.22;3.74;992;7;1183.00;0
2522;7;622175822;2522;297;3513;3513;6.88;0.42;250.20;3.74;991;7;1184.00;0
2526;7;622175834;2526;300;3513;3513;6.84;0.42;250.26;3.74;987;7;1185.00;0
2533;7;622175851;2533;305;3513;3513;6.75;0.41;250.21;3.74;980;7;1186.00;0
2536;7;622175867;2536;303;3513;3513;6.67;0.41;250.28;3.74;977;7;1187.00;0
2537;7;622175878;2537;309;3522;3525;6.60;0.40;250.31;3.73;985;7;1188.00;3
2541;7;622175890;2541;312;3523;3525;6.54;0.40;250.30;3.72;982;7;1189.00;2
2547;7;622175900;2547;301;3525;3525;6.50;0.40;250.39;3.72;978;7;1190.00;0
2551;7;622175912;2551;300;3525;3525;6.48;0.39;250.42;3.72;974;7;1191.00;0
2554;7;622175923;2554;299;3525;3525;6.49;0.39;250.62;3.72;971;7;1192.00;0
2557;7;622175934;2557;284;3525;3525;6.53;0.40;250.68;3.72;968;7;1193.00;0
2560;7;622175946;2560;280;3529;3529;6.58;0.40;250.69;3.72;969;7;1194.00;0
2563;7;622175957;2563;282;3529;3529;6.58;0.40;250.85;3.72;966;7;1195.00;0
2564;7;622175969;2564;286;3533;3533;6.64;0.40;250.91;3.72;969;7;1196.00;0
2568;7;622175980;2568;283;3534;3534;6.66;0.41;251.00;3.72;966;7;1197.00;0
2571;7;622175991;2571;278;3534;3534;6.69;0.41;251.21;3.72;963;7;1198.00;0
2576;7;622176002;2576;278;3534;3534;6.72;0.41;251.66;3.72;958;7;1199.00;0
2581;7;622176018;2581;286;3559;3575;6.71;0.41;251.75;3.69;978;7;1200.00;16
2585;7;622176039;2585;274;3560;3575;6.73;0.41;251.90;3.69;975;7;1201.00;15
2588;7;622176051;2588;275;3563;3575;6.77;0.41;251.98;3.69;975;7;1202.00;12
2592;7;622176063;2592;280;3565;3576;6.80;0.42;252.27;3.69;973;7;1203.00;11
2593;7;622176075;2593;286;3567;3577;6.80;0.42;252.30;3.69;974;7;1204.00;10
2597;7;622176086;2597;291;3569;3577;6.79;0.42;252.60;3.69;972;7;1205.00;8
2597;7;622176098;2597;290;3572;3580;6.82;0.42;252.60;3.69;975;7;1206.00;8
2605;7;622176110;2605;283;3572;3580;6.76;0.41;252.53;3.69;967;7;1207.00;8
2607;7;622176121;2607;292;3575;3580;6.74;0.41;252.61;3.69;968;7;1208.00;5
2611;7;622176133;2611;291;3575;3580;6.72;0.41;252.93;3.69;964;7;1209.00;5
2613;7;622176146;2613;294;3581;3586;6.69;0.41;252.81;3.68;968;7;1210.00;5
2618;7;622176158;2618;300;3582;3586;6.59;0.40;252.99;3.69;964;7;1211.00;4
2620;7;622176169;2620;304;3582;3586;6.59;0.40;253.15;3.69;962;7;1212.00;4
2625;7;622176181;2625;306;3582;3586;6.53;0.40;253.28;3.69;957;7;1213.00;4
2629;7;622176192;2629;305;3586;3590;6.51;0.40;253.57;3.68;957;7;1214.00;4
2633;7;622176204;2633;311;3588;3592;6.55;0.40;253.74;3.68;955;7;1215.00;4
2636;7;622176215;2636;316;3588;3592;6.60;0.40;253.86;3.68;952;7;1216.00;4
2641;7;622176227;2641;321;3590;3593;6.56;0.40;254.26;3.68;949;7;1217.00;3
2647;7;622176239;2647;317;3590;3593;6.56;0.40;254.45;3.68;943;7;1218.00;3
2651;7;622176257;2651;319;3590;3593;6.53;0.40;254.81;3.68;939;7;1219.00;3
2656;7;622176269;2656;323;3590;3593;6.49;0.40;254.95;3.68;934;7;1220.00;3
2661;7;622176280;2661;320;3590;3593;6.40;0.39;255.33;3.68;929;7;1221.00;3
2668;7;622176292;2668;326;3590;3593;6.27;0.38;255.55;3.68;922;7;1222.00;3
2673;7;622176302;2673;329;3591;3593;6.06;0.37;255.67;3.69;918;7;1223.00;2
2676;7;622176313;2676;346;3630;3663;6.10;0.37;255.64;3.65;954;7;1224.00;33
2681;7;622176330;2681;348;3632;3664;6.01;0.37;255.91;3.65;951;7;1225.00;32
2685;7;622176342;2685;353;3639;3664;6.03;0.37;256.10;3.64;954;7;1226.00;25
2689;7;622176355;2689;350;3639;3664;6.04;0.37;256.43;3.64;950;7;1227.00;25
2694;7;622176366;2694;351;3644;3666;6.09;0.37;256.55;3.65;950;7;1228.00;22
2696;7;622176378;2696;355;3647;3666;6.15;0.38;256.64;3.65;951;7;1229.00;19
2699;7;622176390;2699;350;3650;3666;6.18;0.38;256.55;3.65;951;7;1230.00;16
2701;7;622176401;2701;360;3653;3666;6.20;0.38;256.67;3.66;952;7;1231.00;13
2703;7;622176411;2703;368;3655;3667;6.18;0.38;256.79;3.66;952;7;1232.00;12
2704;7;622176423;2704;370;3656;3668;6.20;0.38;256.81;3.66;952;7;1233.00;12
2707;7;622176434;2707;377;3661;3668;6.20;0.38;257.08;3.68;954;7;1234.00;7
2710;7;622176446;2710;384;3667;3672;6.17;0.38;257.19;3.68;957;7;1235.00;5
2714;7;622176457;2714;394;3670;3672;6.17;0.38;257.33;3.68;956;7;1236.00;2
2715;7;622176473;2715;382;3670;3672;6.26;0.38;257.46;3.68;955;7;1237.00;2
2717;7;622176488;2717;380;3671;3672;6.32;0.39;257.53;3.68;954;7;1238.00;1
2720;7;622176500;2720;379;3677;3678;6.40;0.39;257.57;3.68;957;7;1239.00;1
2721;7;622176524;2721;381;3678;3678;6.41;0.39;257.60;3.68;957;7;1240.00;0
2725;7;622176535;2725;384;3678;3678;6.43;0.39;257.66;3.68;953;7;1241.00;0
2730;7;622176546;2730;382;3680;3681;6.47;0.40;257.94;3.68;950;7;1242.00;1
2733;7;622176557;2733;382;3680;3681;6.45;0.39;258.13;3.68;947;7;1243.00;1
2737;7;622176569;2737;383;3681;3681;6.46;0.39;258.20;3.68;944;7;1244.00;0
2738;7;622176580;2738;383;3682;3682;6.46;0.40;258.24;3.68;944;7;1245.00;0
2742;7;622176597;2742;371;3683;3683;6.53;0.40;258.39;3.68;941;7;1246.00;0
2744;7;622176608;2744;364;3683;3683;6.60;0.40;258.34;3.68;939;7;1247.00;0
2745;7;622176619;2745;360;3696;3696;6.72;0.41;258.43;3.66;951;7;1248.00;0
2748;7;622176632;2748;354;3696;3696;6.76;0.41;258.63;3.66;948;7;1249.00;0
2752;7;622176644;2752;353;3696;3696;6.77;0.41;258.69;3.66;944;7;1250.00;0
2755;7;622176655;2755;354;3697;3697;6.72;0.41;258.76;3.66;942;7;1251.00;0
2757;7;622176672;2757;352;3697;3697;6.70;0.41;258.67;3.66;940;7;1252.00;0
2757;7;622176683;2757;353;3701;3701;6.69;0.41;258.67;3.66;944;7;1253.00;0
2757;7;622176694;2757;353;3701;3701;6.73;0.41;258.67;3.66;944;7;1254.00;0
2762;7;622176705;2762;354;3705;3705;6.72;0.41;258.68;3.66;943;7;1255.00;0
2763;7;622176716;2763;357;3705;3705;6.75;0.41;258.77;3.66;942;7;1256.00;0
2766;7;622176727;2766;354;3705;3705;6.76;0.41;258.93;3.66;939;7;1257.00;0
2769;7;622176738;2769;355;3705;3705;6.74;0.41;258.93;3.66;936;7;1258.00;0
2771;7;622176749;2771;354;3705;3705;6.78;0.41;259.10;3.66;934;7;1259.00;0
2773;7;622176761;2773;362;3732;3739;6.85;0.42;258.97;3.63;959;7;1260.00;7
2775;7;622176775;2775;356;3732;3739;6.86;0.42;259.01;3.63;957;7;1261.00;7
2776;7;622176786;2776;355;3735;3739;6.88;0.42;258.95;3.63;959;7;1262.00;4
2778;7;622176796;2778;349;3735;3739;6.85;0.42;258.90;3.63;957;7;1263.00;4
2782;7;622176807;2782;356;3736;3739;6.80;0.42;258.78;3.63;954;7;1264.00;3
2783;7;622176818;2783;355;3736;3739;6.74;0.41;258.73;3.63;953;7;1265.00;3
2788;7;622176829;2788;352;3736;3740;6.67;0.41;258.68;3.63;948;7;1266.00;4
2790;7;622176840;2790;356;3736;3740;6.62;0.40;258.58;3.63;946;7;1267.00;4
2792;8;622176851;2792;367;3741;3746;6.63;0.41;258.55;3.63;949;8;1268.00;5
2793;8;622176872;2793;370;3742;3747;6.57;0.40;258.55;3.62;949;8;1269.00;5
2796;8;622176883;2796;371;3742;3747;6.51;0.40;258.51;3.62;946;8;1270.00;5
2798;8;622176894;2798;372;3742;3747;6.47;0.39;258.41;3.62;944;8;1271.00;5
2799;8;622176904;2799;380;3745;3751;6.44;0.39;258.46;3.62;946;8;1272.00;6
2803;8;622176915;2803;384;3745;3751;6.37;0.39;258.49;3.62;942;8;1273.00;6
2805;8;622176925;2805;386;3745;3751;6.32;0.38;258.40;3.62;940;8;1274.00;6
2807;8;622176935;2807;386;3746;3752;6.23;0.38;258.55;3.62;939;8;1275.00;6
2808;8;622176946;2808;389;3749;3756;6.18;0.38;258.46;3.62;941;8;1276.00;7
2808;8;622176956;2808;397;3749;3756;6.10;0.37;258.46;3.62;941;8;1277.00;7
2810;8;622176966;2810;399;3751;3759;6.05;0.37;258.67;3.62;941;8;1278.00;8
2811;8;622176976;2811;400;3751;3759;5.98;0.36;258.76;3.62;940;8;1279.00;8
2812;8;622176986;2812;399;3752;3759;5.97;0.36;258.78;3.62;940;8;1280.00;7
2814;8;622176995;2814;391;3752;3759;5.97;0.36;258.83;3.62;938;8;1281.00;7
2815;8;622177006;2815;387;3756;3763;6.02;0.37;258.85;3.61;941;8;1282.00;7
2816;8;622177016;2816;364;3756;3763;6.06;0.37;258.85;3.61;940;8;1283.00;7
2818;8;622177026;2818;338;3756;3763;6.11;0.37;258.98;3.61;938;8;1284.00;7
2819;8;622177037;2819;328;3756;3763;6.22;0.38;259.00;3.61;937;8;1285.00;7
2822;8;622177047;2822;321;3756;3764;6.34;0.39;259.07;3.61;934;8;1286.00;8
2823;8;622177058;2823;314;3757;3765;6.51;0.40;259.09;3.61;934;8;1287.00;8
2825;8;622177069;2825;304;3757;3765;6.65;0.40;259.24;3.61;932;8;1288.00;8
2828;8;622177079;2828;291;3758;3766;6.66;0.40;259.34;3.61;930;8;1289.00;8
2830;8;622177103;2830;282;3758;3766;6.70;0.41;259.36;3.61;928;8;1290.00;8
2832;8;622177113;2832;275;3758;3766;6.69;0.40;259.30;3.61;926;8;1291.00;8
2832;8;622177124;2832;265;3758;3766;6.67;0.40;259.30;3.61;926;8;1292.00;8
2834;8;622177134;2834;251;3758;3766;6.65;0.40;259.32;3.61;924;8;1293.00;8
2836;8;622177144;2836;244;3759;3766;6.66;0.40;259.30;3.62;923;8;1294.00;7
2838;8;622177154;2838;242;3759;3766;6.68;0.40;259.38;3.62;921;8;1295.00;7
2839;8;622177164;2839;254;3821;3893;6.80;0.42;259.45;3.57;982;8;1296.00;72
2841;8;622177185;2841;246;3821;3894;6.81;0.42;259.59;3.57;980;8;1297.00;73
2844;8;622177196;2844;228;3831;3894;6.93;0.42;259.55;3.57;987;8;1298.00;63
2846;8;622177206;2846;220;3832;3894;6.89;0.42;259.62;3.57;986;8;1299.00;62
2847;8;622177218;2847;213;3838;3894;7.00;0.43;259.66;3.57;991;8;1300.00;56
2849;8;622177232;2849;214;3841;3894;7.03;0.43;259.61;3.57;992;8;1301.00;53
2849;8;622177243;2849;207;3844;3894;7.11;0.43;259.61;3.57;995;8;1302.00;50
2850;8;622177255;2850;204;3848;3894;7.19;0.44;259.62;3.57;998;8;1303.00;46
2853;8;622177266;2853;200;3851;3895;7.28;0.44;259.71;3.58;998;8;1304.00;44
2855;8;622177277;2855;199;3856;3897;7.29;0.44;259.63;3.58;1001;8;1305.00;41
2859;8;622177288;2859;199;3858;3897;7.35;0.45;259.54;3.58;999;8;1306.00;39
2860;8;622177300;2860;193;3861;3898;7.46;0.45;259.51;3.59;1001;8;1307.00;37
2861;8;622177311;2861;201;3863;3898;7.56;0.46;259.65;3.59;1002;8;1308.00;35
2864;8;622177322;2864;195;3865;3898;7.62;0.46;259.53;3.60;1001;8;1309.00;33
2866;8;622177339;2866;185;3871;3898;7.63;0.46;259.67;3.61;1005;8;1310.00;27
2872;8;622177350;2872;188;3876;3902;7.62;0.46;259.62;3.62;1004;8;1311.00;26
2873;8;622177361;2873;190;3877;3902;7.65;0.46;259.63;3.62;1004;8;1312.00;25
2877;8;622177372;2877;197;3880;3902;7.64;0.46;259.67;3.64;1003;8;1313.00;22
2882;8;622177383;2882;193;3882;3905;7.63;0.46;260.14;3.65;1000;8;1314.00;23
2884;8;622177396;2884;196;3885;3905;7.65;0.46;260.29;3.66;1001;8;1315.00;20
2885;8;622177407;2885;199;3886;3905;7.66;0.46;260.40;3.67;1001;8;1316.00;19
2886;8;622177418;2886;206;3892;3909;7.66;0.46;260.52;3.68;1006;8;1317.00;17
2889;8;622177430;2889;216;3894;3910;7.66;0.46;260.84;3.69;1005;8;1318.00;16
2890;8;622177448;2890;220;3897;3910;7.67;0.46;260.96;3.70;1007;8;1319.00;13
2893;8;622177461;2893;228;3901;3915;7.70;0.47;261.20;3.69;1008;8;1320.00;14
2894;8;622177476;2894;240;3902;3915;7.74;0.47;261.32;3.69;1008;8;1321.00;13
2898;8;622177494;2898;243;3903;3915;7.69;0.47;261.58;3.70;1005;8;1322.00;12
2899;8;622177523;2899;253;3905;3916;7.68;0.47;261.64;3.71;1006;8;1323.00;11
2901;8;622177542;2901;252;3906;3916;7.66;0.47;261.77;3.72;1005;8;1324.00;10
2904;8;622177561;2904;255;3912;3922;7.63;0.46;261.78;3.72;1008;8;1325.00;10
2906;8;622177580;2906;267;3912;3922;7.50;0.46;261.97;3.72;1006;8;1326.00;10
2908;8;622177602;2908;271;3913;3923;7.41;0.45;261.90;3.73;1005;8;1327.00;10
2911;8;622177615;2911;276;3913;3923;7.34;0.44;262.02;3.73;1002;8;1328.00;10
2912;8;622177628;2912;280;3914;3923;7.29;0.44;261.98;3.73;1002;8;1329.00;9
2914;8;622177641;2914;276;3916;3923;7.29;0.44;261.95;3.75;1002;8;1330.00;7
2915;8;622177653;2915;280;3917;3923;7.29;0.44;261.91;3.76;1002;8;1331.00;6
2917;8;622177665;2917;280;3928;3935;7.34;0.45;262.00;3.76;1011;8;1332.00;7
2918;8;622177679;2918;279;3929;3935;7.34;0.45;262.09;3.77;1011;8;1333.00;6
2920;8;622177691;2920;279;3930;3935;7.32;0.45;262.20;3.76;1010;8;1334.00;5
2923;8;622177703;2923;277;3931;3935;7.32;0.45;262.28;3.77;1008;8;1335.00;4
2928;8;622177715;2928;281;3932;3935;7.24;0.44;262.27;3.78;1004;8;1336.00;3
2929;8;622177726;2929;282;3933;3935;7.16;0.44;262.32;3.78;1004;8;1337.00;2
2931;8;622177736;2931;288;3939;3939;7.05;0.43;262.35;3.78;1008;8;1338.00;0
2933;8;622177748;2933;285;3939;3939;7.05;0.43;262.57;3.78;1006;8;1339.00;0
2934;8;622177760;2934;281;3943;3943;7.11;0.43;262.55;3.78;1009;8;1340.00;0
2937;8;622177772;2937;284;3944;3944;7.14;0.44;262.85;3.77;1007;8;1341.00;0
2939;8;622177783;2939;278;3944;3944;7.15;0.44;262.98;3.77;1005;8;1342.00;0
2944;8;622177794;2944;281;3944;3944;7.12;0.44;263.14;3.77;1000;8;1343.00;0
2946;8;622177806;2946;280;3957;3957;7.13;0.44;263.08;3.76;1011;8;1344.00;0
2949;8;622177818;2949;279;3957;3957;7.13;0.44;263.39;3.76;1008;8;1345.00;0
2952;8;622177830;2952;279;3957;3957;7.10;0.43;263.37;3.76;1005;8;1346.00;0
2955;8;622177842;2955;277;3958;3958;7.16;0.44;263.52;3.76;1003;8;1347.00;0
2958;8;622177853;2958;277;3959;3959;7.21;0.44;263.75;3.76;1001;8;1348.00;0
2964;8;622177865;2964;279;3959;3959;7.20;0.44;263.88;3.76;995;8;1349.00;0
2966;8;622177890;2966;277;3966;3968;7.23;0.44;263.89;3.75;1000;8;1350.00;2
2970;8;622177902;2970;276;3966;3968;7.20;0.44;264.09;3.75;996;8;1351.00;2
2974;8;622177913;2974;276;3967;3968;7.22;0.44;264.24;3.75;993;8;1352.00;1
2977;8;622177924;2977;280;3967;3968;7.20;0.44;264.20;3.75;990;8;1353.00;1
2981;8;622177935;2981;281;3973;3974;7.23;0.44;264.29;3.75;992;8;1354.00;1
2982;8;622177947;2982;282;3974;3974;7.26;0.44;264.35;3.75;992;8;1355.00;0
2986;8;622177958;2986;271;3974;3974;7.23;0.44;264.50;3.75;988;8;1356.00;0
2990;8;622177976;2990;270;3974;3974;7.13;0.44;264.77;3.75;984;8;1357.00;0
2997;8;622177987;2997;273;3978;3978;7.01;0.43;264.89;3.75;981;8;1358.00;0
3001;8;622177998;3001;276;3979;3979;6.89;0.42;264.81;3.75;978;8;1359.00;0
3006;8;622178008;3006;268;3979;3979;6.80;0.42;264.81;3.75;973;8;1360.00;0
3007;8;622178020;3007;265;3980;3980;6.74;0.41;264.79;3.75;973;8;1361.00;0
3011;8;622178030;3011;261;3980;3980;6.72;0.41;265.02;3.75;969;8;1362.00;0
3016;8;622178040;3016;258;3980;3980;6.70;0.41;264.91;3.75;964;8;1363.00;0
3019;8;622178051;3019;252;3980;3980;6.71;0.41;265.29;3.75;961;8;1364.00;0
3024;8;622178062;3024;256;3980;3980;6.70;0.41;265.19;3.75;956;8;1365.00;0
3027;8;622178073;3027;248;3980;3980;6.69;0.41;265.35;3.75;953;8;1366.00;0
3032;8;622178083;3032;250;3980;3980;6.69;0.41;265.43;3.75;948;8;1367.00;0
3036;8;622178094;3036;253;4017;4050;6.79;0.42;265.53;3.71;981;8;1368.00;33
3039;8;622178111;3039;242;4021;4051;6.82;0.42;265.57;3.71;982;8;1369.00;30
3040;8;622178121;3040;245;4027;4051;6.95;0.43;265.59;3.71;987;8;1370.00;24
3044;8;622178133;3044;253;4028;4051;6.92;0.43;265.78;3.71;984;8;1371.00;23
3047;8;622178144;3047;247;4030;4051;6.90;0.42;265.96;3.71;983;8;1372.00;21
3052;8;622178155;3052;246;4031;4051;6.83;0.42;266.21;3.71;979;8;1373.00;20
3058;8;622178172;3058;255;4035;4051;6.80;0.42;266.22;3.71;977;8;1374.00;16
3060;8;622178183;3060;260;4036;4051;6.81;0.42;266.28;3.71;976;8;1375.00;15
3066;8;622178194;3066;265;4039;4052;6.75;0.41;266.14;3.71;973;8;1376.00;13
3069;8;622178205;3069;264;4041;4053;6.74;0.41;266.16;3.71;972;8;1377.00;12
3073;8;622178217;3073;268;4046;4053;6.74;0.41;266.40;3.72;973;8;1378.00;7
3078;8;622178228;3078;271;4052;4057;6.69;0.41;266.42;3.73;974;8;1379.00;5
3083;8;622178241;3083;276;4054;4057;6.70;0.41;266.50;3.73;971;8;1380.00;3
3087;8;622178252;3087;285;4054;4057;6.67;0.41;266.69;3.73;967;8;1381.00;3
3090;8;622178263;3090;293;4055;4057;6.69;0.41;266.90;3.73;965;8;1382.00;2
3093;8;622178274;3093;289;4061;4063;6.69;0.41;267.06;3.72;968;8;1383.00;2
3097;8;622178286;3097;292;4062;4063;6.71;0.41;267.24;3.73;965;8;1384.00;1
3101;8;622178298;3101;294;4062;4063;6.70;0.41;267.34;3.73;961;8;1385.00;1
3106;8;622178309;3106;299;4064;4066;6.64;0.41;267.45;3.73;958;8;1386.00;2
3114;8;622178322;3114;310;4065;4066;6.57;0.40;268.00;3.73;951;8;1387.00;1
3119;8;622178334;3119;322;4066;4066;6.51;0.40;268.16;3.73;947;8;1388.00;0
3125;8;622178346;3125;324;4067;4067;6.38;0.39;268.49;3.73;942;8;1389.00;0
3130;8;622178357;3130;329;4068;4068;6.24;0.38;268.56;3.73;938;8;1390.00;0
3135;8;622178368;3135;335;4068;4068;6.13;0.38;268.58;3.73;933;8;1391.00;0
3139;8;622178378;3139;347;4081;4081;6.12;0.38;268.80;3.71;942;8;1392.00;0
3142;8;622178391;3142;348;4081;4081;6.02;0.37;268.90;3.71;939;8;1393.00;0
3149;8;622178402;3149;349;4081;4081;5.93;0.36;268.83;3.71;932;8;1394.00;0
3156;8;622178413;3156;356;4083;4083;5.80;0.36;268.99;3.71;927;8;1395.00;0
3160;8;622178424;3160;363;4083;4083;5.70;0.35;269.09;3.71;923;8;1396.00;0
3161;8;622178435;3161;369;4087;4087;5.72;0.35;269.15;3.71;926;8;1397.00;0
3167;8;622178445;3167;378;4087;4087;5.60;0.34;269.15;3.71;920;8;1398.00;0
3169;8;622178456;3169;381;4091;4091;5.63;0.35;269.15;3.71;922;8;1399.00;0
3175;8;622178469;3175;385;4091;4091;5.57;0.34;269.07;3.71;916;8;1400.00;0
3176;8;622178486;3176;391;4091;4091;5.48;0.34;269.01;3.71;915;8;1401.00;0
3178;8;622178496;3178;396;4091;4091;5.40;0.33;269.05;3.71;913;8;1402.00;0
3183;8;622178506;3183;399;4091;4091;5.35;0.33;269.13;3.71;908;8;1403.00;0
3184;8;622178516;3184;404;4102;4103;5.45;0.33;269.11;3.70;918;8;1404.00;1
3185;8;622178527;3185;407;4102;4103;5.44;0.33;269.11;3.70;917;8;1405.00;1
3186;8;622178537;3186;413;4103;4103;5.44;0.33;269.09;3.70;917;8;1406.00;0
3187;8;622178547;3187;411;4103;4103;5.45;0.33;269.08;3.70;916;8;1407.00;0
3188;8;622178557;3188;405;4103;4103;5.49;0.34;269.11;3.70;915;8;1408.00;0
3189;8;622178567;3189;405;4103;4103;5.55;0.34;269.07;3.70;914;8;1409.00;0
3190;8;622178578;3190;402;4104;4104;5.63;0.35;269.00;3.70;914;8;1410.00;0
3192;8;622178588;3192;401;4104;4104;5.71;0.35;269.09;3.70;912;8;1411.00;0
3193;8;622178598;3193;402;4110;4110;5.79;0.36;269.04;3.69;917;8;1412.00;0
3198;8;622178609;3198;399;4111;4111;5.83;0.36;268.90;3.69;913;8;1413.00;0
3201;8;622178631;3201;398;4111;4111;5.89;0.36;268.82;3.69;910;8;1414.00;0
3202;8;622178641;3202;396;4111;4111;5.95;0.36;268.82;3.69;909;8;1415.00;0
3203;8;622178653;3203;381;4115;4115;6.02;0.37;268.83;3.69;912;8;1416.00;0
3205;8;622178666;3205;376;4115;4115;6.05;0.37;268.73;3.69;910;8;1417.00;0
3207;8;622178678;3207;372;4115;4115;6.08;0.37;268.68;3.69;908;8;1418.00;0
3208;8;622178689;3208;363;4116;4116;6.17;0.38;268.72;3.69;908;8;1419.00;0
3212;8;622178706;3212;364;4120;4120;6.23;0.38;268.59;3.68;908;8;1420.00;0
3215;8;622178717;3215;365;4120;4120;6.31;0.38;268.47;3.68;905;8;1421.00;0
3221;8;622178728;3221;367;4122;4123;6.31;0.38;268.37;3.68;901;8;1422.00;1
3223;8;622178739;3223;370;4122;4123;6.34;0.38;268.45;3.68;899;8;1423.00;1
3224;8;622178750;3224;369;4123;4123;6.41;0.39;268.49;3.68;899;8;1424.00;0
3225;8;622178761;3225;375;4123;4123;6.46;0.39;268.54;3.68;898;8;1425.00;0
3227;8;622178772;3227;375;4127;4127;6.58;0.40;268.57;3.68;900;8;1426.00;0
3228;8;622178783;3228;373;4127;4127;6.69;0.41;268.59;3.68;899;8;1427.00;0
3230;8;622178793;3230;374;4127;4127;6.76;0.41;268.64;3.68;897;8;1428.00;0
3233;8;622178804;3233;372;4127;4127;6.82;0.41;268.61;3.68;894;8;1429.00;0
3234;8;622178815;3234;371;4128;4128;6.83;0.41;268.64;3.68;894;8;1430.00;0
3234;8;622178825;3234;367;4129;4129;6.86;0.42;268.64;3.68;895;8;1431.00;0
3236;8;622178837;3236;369;4129;4129;6.85;0.42;268.64;3.68;893;8;1432.00;0
3236;8;622178848;3236;367;4130;4130;6.82;0.41;268.64;3.68;894;8;1433.00;0
3237;8;622178858;3237;368;4130;4130;6.78;0.41;268.64;3.68;893;8;1434.00;0
3237;8;622178869;3237;360;4130;4130;6.84;0.41;268.64;3.68;893;8;1435.00;0
3239;8;622178879;3239;353;4130;4130;6.83;0.41;268.64;3.68;891;8;1436.00;0
3242;8;622178890;3242;344;4130;4130;6.84;0.41;268.77;3.68;888;8;1437.00;0
3243;8;622178900;3243;339;4130;4130;6.93;0.42;268.81;3.68;887;8;1438.00;0
3244;8;622178911;3244;331;4130;4130;6.95;0.42;268.80;3.68;886;8;1439.00;0
3244;8;622178923;3244;377;4249;4360;7.07;0.44;268.80;3.57;1005;8;1440.00;111
3245;8;622178952;3245;363;4255;4361;7.12;0.44;268.83;3.57;1010;8;1441.00;106
3246;8;622178972;3246;346;4266;4361;7.28;0.45;268.75;3.57;1020;8;1442.00;95
3247;8;622178983;3247;349;4271;4361;7.34;0.46;268.78;3.57;1024;8;1443.00;90
3247;8;622178995;3247;335;4278;4361;7.39;0.46;268.78;3.57;1031;8;1444.00;83
3249;8;622179019;3249;331;4282;4361;7.38;0.46;268.79;3.57;1033;8;1445.00;79
3251;8;622179038;3251;328;4289;4361;7.36;0.46;268.93;3.57;1038;8;1446.00;72
3252;8;622179049;3252;337;4294;4361;7.38;0.46;268.88;3.58;1042;8;1447.00;67
3256;8;622179062;3256;341;4302;4362;7.36;0.45;268.89;3.58;1046;8;1448.00;60
3256;8;622179074;3256;346;4304;4363;7.33;0.45;268.89;3.59;1048;8;1449.00;59
3256;8;622179086;3256;342;4310;4363;7.33;0.45;268.89;3.60;1054;8;1450.00;53
3259;8;622179099;3259;334;4314;4364;7.27;0.45;268.89;3.60;1055;8;1451.00;50
3260;8;622179112;3260;336;4318;4364;7.25;0.45;268.94;3.61;1058;8;1452.00;46
3261;8;622179130;3261;332;4320;4364;7.22;0.44;268.99;3.61;1059;8;1453.00;44
3262;8;622179142;3262;330;4322;4364;7.19;0.44;269.02;3.62;1060;8;1454.00;42
3262;8;622179154;3262;327;4324;4368;7.16;0.44;269.02;3.62;1062;8;1455.00;44
3265;8;622179166;3265;322;4325;4368;7.10;0.44;269.17;3.62;1060;8;1456.00;43
3269;8;622179179;3269;318;4325;4368;7.05;0.43;269.26;3.62;1056;8;1457.00;43
3271;8;622179191;3271;318;4326;4371;7.07;0.43;269.38;3.62;1055;8;1458.00;45
3273;8;622179204;3273;310;4328;4371;7.07;0.43;269.48;3.63;1055;8;1459.00;43
3275;8;622179216;3275;310;4328;4371;7.05;0.43;269.62;3.63;1053;8;1460.00;43
3280;8;622179235;3280;303;4332;4375;7.03;0.43;269.72;3.63;1052;8;1461.00;43
3283;8;622179248;3283;297;4333;4376;7.06;0.43;269.70;3.63;1050;8;1462.00;43
3289;8;622179266;3289;294;4337;4376;7.00;0.43;269.97;3.65;1048;8;1463.00;39
3291;8;622179280;3291;290;4339;4380;7.05;0.43;269.99;3.64;1048;8;1464.00;41
3295;8;622179292;3295;280;4341;4380;7.05;0.43;270.13;3.65;1046;8;1465.00;39
3298;8;622179304;3298;280;4342;4380;7.02;0.43;270.18;3.66;1044;8;1466.00;38
3302;8;622179323;3302;278;4342;4381;7.02;0.43;270.30;3.66;1040;8;1467.00;39
3304;8;622179335;3304;273;4343;4381;7.05;0.43;270.56;3.66;1039;8;1468.00;38
3304;8;622179347;3304;273;4347;4387;7.17;0.44;270.56;3.67;1043;8;1469.00;40
3307;8;622179361;3307;271;4347;4387;7.22;0.44;270.68;3.67;1040;8;1470.00;40
3309;8;622179373;3309;267;4348;4388;7.26;0.44;270.77;3.67;1039;8;1471.00;40
3312;8;622179385;3312;266;4348;4388;7.26;0.44;270.68;3.67;1036;8;1472.00;40
3313;8;622179398;3313;268;4348;4388;7.36;0.45;270.80;3.67;1035;8;1473.00;40
3317;8;622179410;3317;269;4349;4388;7.40;0.45;270.92;3.68;1032;8;1474.00;39
3318;8;622179423;3318;269;4350;4388;7.37;0.45;271.04;3.68;1032;8;1475.00;38
3322;8;622179435;3322;266;4359;4400;7.41;0.45;271.15;3.68;1037;8;1476.00;41
3324;8;622179453;3324;263;4360;4400;7.45;0.45;271.28;3.68;1036;8;1477.00;40
3324;8;622179467;3324;259;4363;4400;7.48;0.45;271.28;3.70;1039;8;1478.00;37
3326;8;622179487;3326;256;4364;4400;7.53;0.46;271.39;3.71;1038;8;1479.00;36
3330;8;622179506;3330;261;4367;4400;7.55;0.46;271.53;3.73;1037;8;1480.00;33
3330;8;622179526;3330;261;4368;4400;7.57;0.46;271.53;3.74;1038;8;1481.00;32
3334;8;622179542;3334;267;4371;4404;7.59;0.46;271.56;3.74;1037;8;1482.00;33
3337;8;622179561;3337;256;4375;4404;7.62;0.46;271.61;3.76;1038;8;1483.00;29
3342;8;622179579;3342;252;4380;4408;7.63;0.46;271.81;3.77;1038;8;1484.00;28
3345;9;622179596;3345;251;4383;4410;7.59;0.46;271.95;3.77;1038;9;1485.00;27
3346;9;622179628;3346;250;4385;4410;7.57;0.46;271.99;3.78;1039;9;1486.00;25
3348;9;622179641;3348;242;4385;4410;7.51;0.46;272.15;3.78;1037;9;1487.00;25
3350;9;622179653;3350;251;4395;4423;7.48;0.46;272.12;3.78;1045;9;1488.00;28
3351;9;622179667;3351;255;4395;4423;7.48;0.46;272.26;3.78;1044;9;1489.00;28
3354;9;622179680;3354;256;4399;4423;7.51;0.46;272.31;3.81;1045;9;1490.00;24
3356;9;622179692;3356;258;4400;4424;7.53;0.46;272.35;3.81;1044;9;1491.00;24
3362;9;622179704;3362;264;4400;4425;7.52;0.46;272.42;3.81;1038;9;1492.00;25
3363;9;622179717;3363;270;4403;4425;7.46;0.46;272.56;3.85;1040;9;1493.00;22
3366;9;622179729;3366;279;4405;4428;7.43;0.45;272.50;3.84;1039;9;1494.00;23
3370;9;622179741;3370;283;4405;4428;7.40;0.45;272.60;3.84;1035;9;1495.00;23
3370;9;622179753;3370;291;4408;4428;7.43;0.45;272.60;3.87;1038;9;1496.00;20
3376;9;622179765;3376;304;4409;4428;7.42;0.45;272.49;3.88;1033;9;1497.00;19
3377;9;622179778;3377;310;4416;4434;7.46;0.45;272.43;3.90;1039;9;1498.00;18
3377;9;622179790;3377;313;4416;4434;7.46;0.46;272.43;3.90;1039;9;1499.00;18
3380;9;622179805;3380;322;4422;4453;7.37;0.45;272.54;3.92;1042;9;1500.00;31
3384;9;622179825;3384;320;4424;4453;7.30;0.44;272.53;3.95;1040;9;1501.00;29
3386;9;622179837;3386;321;4428;4457;7.21;0.44;272.67;3.96;1042;9;1502.00;29
3386;9;622179851;3386;323;4432;4458;7.20;0.44;272.67;3.98;1046;9;1503.00;26
3390;9;622179863;3390;319;4434;4458;7.20;0.44;272.77;3.99;1044;9;1504.00;24
3395;9;622179875;3395;327;4437;4459;7.16;0.44;272.99;4.00;1042;9;1505.00;22
3397;9;622179887;3397;326;4442;4459;7.15;0.44;272.97;4.01;1045;9;1506.00;17
3400;9;622179899;3400;324;4444;4459;7.10;0.43;273.22;4.02;1044;9;1507.00;15
3404;9;622179911;3404;327;4444;4459;7.03;0.43;273.32;4.02;1040;9;1508.00;15
3405;9;622179923;3405;316;4444;4459;7.09;0.43;273.28;4.02;1039;9;1509.00;15
3407;9;622179936;3407;325;4446;4459;7.02;0.43;273.37;4.02;1039;9;1510.00;13
3407;9;622179948;3407;324;4448;4459;7.02;0.43;273.37;4.03;1041;9;1511.00;11
3412;9;622179960;3412;327;4486;4529;6.93;0.43;273.48;4.00;1074;9;1512.00;43
3417;9;622179979;3417;318;4489;4530;6.93;0.42;273.38;3.99;1072;9;1513.00;41
3420;9;622179991;3420;313;4497;4530;7.01;0.43;273.44;3.99;1077;9;1514.00;33
3422;9;622180003;3422;312;4498;4530;7.06;0.43;273.58;3.99;1076;9;1515.00;32
3425;9;622180016;3425;310;4501;4530;7.18;0.44;273.81;3.99;1076;9;1516.00;29
3426;9;622180028;3426;312;4507;4530;7.28;0.45;273.75;4.00;1081;9;1517.00;23
3428;9;622180041;3428;308;4509;4530;7.34;0.45;273.91;4.00;1081;9;1518.00;21
3428;9;622180053;3428;308;4512;4530;7.38;0.45;273.91;4.01;1084;9;1519.00;18
3432;9;622180072;3432;311;4513;4531;7.38;0.45;273.99;4.01;1081;9;1520.00;18
3439;9;622180085;3439;311;4515;4532;7.31;0.45;274.14;4.01;1076;9;1521.00;17
3440;9;622180098;3440;316;4517;4532;7.25;0.44;274.20;4.01;1077;9;1522.00;15
3445;9;622180110;3445;325;4522;4536;7.13;0.43;274.20;4.02;1077;9;1523.00;14
3448;9;622180122;3448;322;4522;4536;7.03;0.43;274.46;4.02;1074;9;1524.00;14
3452;9;622180134;3452;329;4522;4536;6.89;0.42;274.62;4.02;1070;9;1525.00;14
3460;9;622180146;3460;337;4522;4536;6.74;0.41;274.92;4.02;1062;9;1526.00;14
3460;9;622180159;3460;349;4527;4542;6.69;0.41;274.92;4.02;1067;9;1527.00;15
3466;9;622180171;3466;356;4527;4542;6.50;0.40;275.06;4.02;1061;9;1528.00;15
3469;9;622180182;3469;364;4528;4542;6.36;0.39;275.12;4.02;1059;9;1529.00;14
3474;9;622180196;3474;352;4530;4548;6.29;0.38;275.17;4.02;1056;9;1530.00;18
3476;9;622180209;3476;341;4530;4548;6.29;0.38;275.22;4.02;1054;9;1531.00;18
3482;9;622180221;3482;339;4534;4548;6.19;0.38;275.53;4.04;1052;9;1532.00;14
3484;9;622180232;3484;336;4535;4549;6.23;0.38;275.51;4.04;1051;9;1533.00;14
3488;9;622180244;3488;331;4536;4550;6.27;0.38;275.58;4.04;1048;9;1534.00;14
3491;9;622180257;3491;328;4537;4550;6.30;0.39;275.64;4.04;1046;9;1535.00;13
3495;9;622180269;3495;330;4548;4563;6.32;0.39;275.78;4.03;1053;9;1536.00;15
3497;9;622180282;3497;324;4551;4563;6.35;0.39;275.71;4.04;1054;9;1537.00;12
3498;9;622180293;3498;334;4554;4563;6.40;0.39;275.72;4.05;1056;9;1538.00;9
3500;9;622180305;3500;330;4555;4564;6.39;0.39;275.70;4.06;1055;9;1539.00;9
3501;9;622180317;3501;327;4557;4564;6.34;0.39;275.69;4.06;1056;9;1540.00;7
3505;9;622180329;3505;325;4561;4568;6.31;0.39;275.66;4.06;1056;9;1541.00;7
3508;9;622180342;3508;333;4564;4568;6.27;0.38;275.61;4.07;1056;9;1542.00;4
3515;9;622180353;3515;332;4569;4572;6.16;0.38;275.66;4.07;1054;9;1543.00;3
3520;9;622180365;3520;341;4570;4572;6.12;0.37;275.61;4.07;1050;9;1544.00;2
3522;9;622180377;3522;346;4570;4572;6.09;0.37;275.63;4.07;1048;9;1545.00;2
3528;9;622180389;3528;361;4571;4572;5.96;0.36;275.72;4.07;1043;9;1546.00;1
3532;9;622180401;3532;360;4572;4572;5.93;0.36;275.69;4.07;1040;9;1547.00;0
3535;9;622180412;3535;363;4583;4584;5.87;0.36;275.66;4.06;1048;9;1548.00;1
3538;9;622180424;3538;374;4584;4584;5.83;0.36;275.63;4.06;1046;9;1549.00;0
3541;9;622180435;3541;380;4584;4584;5.76;0.35;275.75;4.06;1043;9;1550.00;0
3544;9;622180449;3544;386;4584;4584;5.75;0.35;275.99;4.06;1040;9;1551.00;0
3549;9;622180461;3549;386;4584;4584;5.73;0.35;276.11;4.06;1035;9;1552.00;0
3550;9;622180473;3550;392;4584;4584;5.73;0.35;276.18;4.06;1034;9;1553.00;0
3553;9;622180484;3553;398;4585;4585;5.68;0.35;276.13;4.06;1032;9;1554.00;0
3556;9;622180496;3556;401;4587;4587;5.64;0.35;276.13;4.06;1031;9;1555.00;0
3561;9;622180509;3561;401;4592;4593;5.57;0.34;276.14;4.06;1031;9;1556.00;1
3567;9;622180521;3567;410;4594;4594;5.55;0.34;275.92;4.06;1027;9;1557.00;0
3573;9;622180533;3573;420;4594;4594;5.54;0.34;275.85;4.06;1021;9;1558.00;0
3575;9;622180545;3575;426;4594;4594;5.48;0.34;275.83;4.06;1019;9;1559.00;0
3582;9;622180558;3582;425;4599;4599;5.40;0.33;275.85;4.05;1017;9;1560.00;0
3587;9;622180571;3587;427;4599;4599;5.29;0.32;275.88;4.05;1012;9;1561.00;0
3590;9;622180583;3590;436;4599;4599;5.19;0.32;275.95;4.05;1009;9;1562.00;0
3595;9;622180594;3595;442;4600;4600;5.12;0.31;275.90;4.05;1005;9;1563.00;0
3601;9;622180605;3601;449;4604;4604;5.06;0.31;275.89;4.05;1003;9;1564.00;0
3604;9;622180617;3604;452;4604;4604;5.00;0.31;275.74;4.05;1000;9;1565.00;0
3607;9;622180627;3607;452;4606;4607;5.00;0.31;275.78;4.05;999;9;1566.00;1
3611;9;622180638;3611;454;4606;4607;4.96;0.30;275.79;4.05;995;9;1567.00;1
3611;9;622180649;3611;451;4607;4607;4.99;0.31;275.79;4.05;996;9;1568.00;0
3617;9;622180660;3617;459;4607;4607;4.86;0.30;275.68;4.05;990;9;1569.00;0
3619;9;622180671;3619;465;4611;4611;4.84;0.30;275.74;4.04;992;9;1570.00;0
3622;9;622180682;3622;471;4611;4611;4.80;0.29;275.63;4.04;989;9;1571.00;0
3623;9;622180693;3623;479;4611;4611;4.77;0.29;275.59;4.04;988;9;1572.00;0
3624;9;622180703;3624;482;4611;4611;4.78;0.29;275.55;4.04;987;9;1573.00;0
3626;9;622180713;3626;491;4612;4612;4.79;0.29;275.54;4.04;986;9;1574.00;0
3629;9;622180724;3629;489;4614;4614;4.81;0.29;275.43;4.04;985;9;1575.00;0
3632;9;622180735;3632;495;4614;4614;4.80;0.29;275.53;4.04;982;9;1576.00;0
3633;9;622180745;3633;495;4615;4615;4.86;0.30;275.47;4.04;982;9;1577.00;0
3633;9;622180755;3633;487;4615;4615;4.85;0.30;275.47;4.04;982;9;1578.00;0
3633;9;622180765;3633;486;4615;4615;4.90;0.30;275.47;4.04;982;9;1579.00;0
3634;9;622180775;3634;487;4615;4615;5.01;0.31;275.50;4.04;981;9;1580.00;0
3637;9;622180785;3637;482;4615;4615;5.06;0.31;275.45;4.04;978;9;1581.00;0
3639;9;622180796;3639;484;4615;4615;5.13;0.31;275.42;4.04;976;9;1582.00;0
3640;9;622180806;3640;480;4615;4615;5.19;0.32;275.41;4.04;975;9;1583.00;0
3641;9;622180816;3641;493;4687;4742;5.62;0.35;275.43;3.98;1046;9;1584.00;55
3642;9;622180837;3642;489;4690;4743;5.65;0.35;275.40;3.98;1048;9;1585.00;53
3643;9;622180854;3643;467;4699;4743;5.72;0.35;275.44;3.97;1056;9;1586.00;44
3644;9;622180865;3644;446;4703;4743;5.78;0.36;275.54;3.97;1059;9;1587.00;40
3648;9;622180876;3648;428;4709;4743;5.83;0.36;275.44;3.97;1061;9;1588.00;34
3648;9;622180888;3648;414;4713;4743;5.88;0.36;275.44;3.97;1065;9;1589.00;30
3650;9;622180901;3650;404;4714;4743;5.92;0.36;275.42;3.97;1064;9;1590.00;29
3650;9;622180913;3650;401;4717;4743;5.95;0.37;275.42;3.98;1067;9;1591.00;26
3651;9;622180926;3651;397;4719;4744;5.98;0.37;275.42;3.98;1068;9;1592.00;25
3653;9;622180939;3653;398;4722;4745;6.05;0.37;275.38;3.98;1069;9;1593.00;23
3653;9;622180957;3653;395;4725;4745;6.15;0.38;275.38;3.98;1072;9;1594.00;20
3656;9;622180970;3656;394;4727;4746;6.24;0.38;275.39;3.99;1071;9;1595.00;19
3657;9;622180983;3657;394;4728;4746;6.32;0.39;275.41;3.99;1071;9;1596.00;18
3658;9;622180995;3658;396;4734;4746;6.45;0.40;275.43;4.00;1076;9;1597.00;12
3660;9;622181008;3660;392;4736;4746;6.52;0.40;275.37;4.00;1076;9;1598.00;10
3662;9;622181026;3662;389;4739;4750;6.63;0.41;275.38;4.00;1077;9;1599.00;11
3662;9;622181040;3662;391;4741;4750;6.74;0.41;275.38;4.00;1079;9;1600.00;9
3663;9;622181063;3663;389;4742;4750;6.82;0.42;275.39;4.01;1079;9;1601.00;8
3664;9;622181076;3664;387;4744;4753;6.87;0.42;275.39;4.00;1080;9;1602.00;9
3664;9;622181089;3664;392;4745;4753;6.92;0.42;275.39;4.01;1081;9;1603.00;8
3665;9;622181102;3665;386;4745;4753;6.93;0.42;275.44;4.01;1080;9;1604.00;8
3666;9;622181115;3666;383;4748;4757;6.95;0.42;275.47;4.01;1082;9;1605.00;9
3668;9;622181128;3668;387;4750;4758;7.00;0.43;275.50;4.01;1082;9;1606.00;8
3668;9;622181141;3668;388;4752;4758;7.07;0.43;275.50;4.01;1084;9;1607.00;6
3669;9;622181153;3669;391;4755;4762;7.10;0.43;275.62;4.01;1086;9;1608.00;7
3672;9;622181166;3672;390;4755;4762;7.10;0.43;275.55;4.01;1083;9;1609.00;7
3679;9;622181179;3679;388;4755;4762;7.10;0.43;275.57;4.01;1076;9;1610.00;7
3681;9;622181192;3681;388;4756;4763;7.09;0.43;275.61;4.01;1075;9;1611.00;7
3683;9;622181211;3683;386;4756;4763;7.07;0.43;275.67;4.01;1073;9;1612.00;7
3686;9;622181223;3686;383;4761;4769;7.07;0.43;275.79;4.00;1075;9;1613.00;8
3690;9;622181242;3690;379;4761;4769;6.99;0.42;275.80;4.00;1071;9;1614.00;8
3692;9;622181256;3692;374;4761;4770;6.97;0.42;275.77;4.00;1069;9;1615.00;9
3695;9;622181269;3695;376;4761;4770;7.00;0.42;275.94;4.00;1066;9;1616.00;9
3700;9;622181282;3700;382;4761;4770;6.96;0.42;275.99;4.00;1061;9;1617.00;9
3705;9;622181295;3705;383;4761;4770;6.94;0.42;276.13;4.00;1056;9;1618.00;9
3708;9;622181308;3708;380;4761;4770;6.93;0.42;276.19;4.00;1053;9;1619.00;9
3711;9;622181322;3711;380;4788;4806;6.98;0.43;276.39;3.98;1077;9;1620.00;18
3715;9;622181338;3715;370;4788;4806;6.97;0.43;276.58;3.98;1073;9;1621.00;18
3718;9;622181351;3718;369;4792;4806;7.01;0.43;276.68;3.98;1074;9;1622.00;14
3722;9;622181364;3722;358;4792;4806;7.06;0.43;277.01;3.98;1070;9;1623.00;14
3723;9;622181377;3723;351;4793;4806;7.15;0.44;277.14;3.98;1070;9;1624.00;13
3726;9;622181390;3726;354;4794;4806;7.13;0.43;277.27;3.98;1068;9;1625.00;12
3728;9;622181402;3728;348;4797;4810;7.14;0.43;277.33;3.98;1069;9;1626.00;13
3732;9;622181415;3732;357;4797;4810;7.12;0.43;277.39;3.98;1065;9;1627.00;13
3733;9;622181428;3733;352;4801;4814;7.16;0.44;277.36;3.98;1068;9;1628.00;13
3737;9;622181441;3737;345;4802;4815;7.17;0.44;277.47;3.98;1065;9;1629.00;13
3738;9;622181459;3738;340;4802;4815;7.20;0.44;277.45;3.98;1064;9;1630.00;13
3741;9;622181473;3741;337;4802;4815;7.15;0.43;277.47;3.98;1061;9;1631.00;13
3742;9;622181490;3742;335;4812;4828;7.07;0.43;277.56;3.97;1070;9;1632.00;16
3743;9;622181511;3743;330;4813;4828;7.07;0.43;277.68;3.97;1070;9;1633.00;15
3746;9;622181531;3746;328;4813;4828;7.09;0.43;277.76;3.97;1067;9;1634.00;15
3750;9;622181550;3750;319;4815;4829;7.11;0.43;277.93;3.98;1065;9;1635.00;14
3755;9;622181571;3755;320;4815;4830;7.10;0.43;278.11;3.98;1060;9;1636.00;15
3759;9;622181599;3759;316;4815;4830;7.14;0.43;278.31;3.98;1056;9;1637.00;15
3763;9;622181612;3763;315;4817;4833;7.16;0.43;278.38;3.97;1054;9;1638.00;16
3768;9;622181625;3768;313;4818;4833;7.20;0.44;278.54;3.97;1050;9;1639.00;15
3772;9;622181639;3772;304;4818;4833;7.21;0.44;278.59;3.97;1046;9;1640.00;15
3774;9;622181658;3774;303;4818;4833;7.25;0.44;278.52;3.97;1044;9;1641.00;15
3777;9;622181671;3777;298;4823;4839;7.38;0.45;278.58;3.97;1046;9;1642.00;16
3777;9;622181685;3777;295;4823;4839;7.48;0.46;278.58;3.97;1046;9;1643.00;16
3781;9;622181697;3781;297;4823;4839;7.46;0.45;278.69;3.97;1042;9;1644.00;16
3783;9;622181710;3783;303;4823;4839;7.42;0.45;278.84;3.97;1040;9;1645.00;16
3787;9;622181722;3787;304;4826;4843;7.36;0.45;278.67;3.97;1039;9;1646.00;17
3790;9;622181735;3790;312;4827;4844;7.33;0.44;278.87;3.97;1037;9;1647.00;17
3795;9;622181748;3795;312;4827;4844;7.26;0.44;279.20;3.97;1032;9;1648.00;17
3795;9;622181766;3795;312;4828;4845;7.22;0.44;279.20;3.97;1033;9;1649.00;17
3797;9;622181780;3797;313;4828;4845;7.23;0.44;279.41;3.97;1031;9;1650.00;17
3799;9;622181792;3799;314;4829;4845;7.18;0.44;279.63;3.98;1030;9;1651.00;16
3804;9;622181805;3804;312;4830;4845;7.18;0.44;279.89;3.99;1026;9;1652.00;15
3807;9;622181817;3807;306;4830;4845;7.25;0.44;280.12;3.99;1023;9;1653.00;15
3810;9;622181829;3810;300;4830;4845;7.26;0.44;280.31;3.99;1020;9;1654.00;15
3813;9;622181841;3813;290;4830;4845;7.27;0.44;280.44;3.99;1017;9;1655.00;15
3818;9;622181852;3818;296;4871;4915;7.35;0.45;280.59;3.96;1053;9;1656.00;44
3821;9;622181870;3821;290;4874;4916;7.33;0.45;280.80;3.97;1053;9;1657.00;42
3823;9;622181884;3823;286;4880;4916;7.35;0.45;280.88;3.97;1057;9;1658.00;36
3824;9;622181897;3824;285;4881;4916;7.35;0.45;280.86;3.98;1057;9;1659.00;35
3827;9;622181916;3827;286;4884;4916;7.40;0.45;280.87;3.98;1057;9;1660.00;32
3829;9;622181929;3829;286;4887;4916;7.47;0.46;281.00;3.99;1058;9;1661.00;29
3832;9;622181941;3832;283;4891;4916;7.55;0.46;281.08;4.00;1059;9;1662.00;25
3833;9;622181954;3833;283;4894;4916;7.66;0.47;281.07;4.00;1061;9;1663.00;22
3837;10;622181967;3837;285;4897;4917;7.66;0.47;281.23;4.02;1060;10;1664.00;20
3840;10;622182001;3840;283;4900;4919;7.64;0.47;281.32;4.02;1060;10;1665.00;19
3844;10;622182015;3844;284;4904;4919;7.63;0.47;281.20;4.03;1060;10;1666.00;15
3847;10;622182029;3847;290;4908;4923;7.58;0.46;281.37;4.03;1061;10;1667.00;15
3851;10;622182042;3851;289;4911;4923;7.50;0.46;281.47;4.05;1060;10;1668.00;12
3854;10;622182054;3854;288;4911;4923;7.46;0.45;281.48;4.05;1057;10;1669.00;12
3856;10;622182067;3856;289;4911;4923;7.45;0.45;281.49;4.05;1055;10;1670.00;12
3860;10;622182079;3860;292;4918;4929;7.45;0.45;281.59;4.07;1058;10;1671.00;11
3861;10;622182092;3861;296;4920;4929;7.43;0.45;281.54;4.08;1059;10;1672.00;9
3864;10;622182104;3864;300;4920;4929;7.36;0.45;281.70;4.08;1056;10;1673.00;9
3865;10;622182116;3865;312;4922;4932;7.31;0.45;281.76;4.08;1057;10;1674.00;10
3867;10;622182128;3867;313;4922;4932;7.23;0.44;281.85;4.08;1055;10;1675.00;10
3872;10;622182141;3872;324;4924;4932;7.15;0.44;281.81;4.09;1052;10;1676.00;8
3873;10;622182152;3873;333;4927;4933;7.07;0.43;281.87;4.10;1054;10;1677.00;6
3878;10;622182164;3878;341;4929;4934;7.00;0.43;281.98;4.10;1051;10;1678.00;5
3881;10;622182177;3881;343;4929;4934;6.98;0.43;281.90;4.10;1048;10;1679.00;5
3884;10;622182190;3884;349;4950;4960;6.92;0.42;281.96;4.09;1066;10;1680.00;10
3887;10;622182204;3887;348;4950;4960;6.91;0.42;282.02;4.09;1063;10;1681.00;10
3890;10;622182217;3890;340;4955;4960;6.89;0.42;282.06;4.10;1065;10;1682.00;5
3891;10;622182229;3891;344;4957;4961;6.89;0.42;282.01;4.09;1066;10;1683.00;4
3895;10;622182240;3895;341;4957;4961;6.85;0.42;281.93;4.09;1062;10;1684.00;4
3897;10;622182253;3897;346;4962;4965;6.84;0.42;282.02;4.09;1065;10;1685.00;3
3899;10;622182265;3899;341;4962;4965;6.83;0.42;282.12;4.09;1063;10;1686.00;3
3902;10;622182277;3902;346;4966;4969;6.80;0.42;282.21;4.09;1064;10;1687.00;3
3904;10;622182289;3904;339;4966;4969;6.73;0.41;282.33;4.09;1062;10;1688.00;3
3907;10;622182300;3907;345;4967;4969;6.67;0.41;282.38;4.10;1060;10;1689.00;2
3910;10;622182311;3910;347;4967;4969;6.62;0.41;282.31;4.10;1057;10;1690.00;2
3913;10;622182322;3913;353;4968;4969;6.51;0.40;282.28;4.10;1055;10;1691.00;1
3918;10;622182335;3918;362;4978;4981;6.50;0.40;282.43;4.09;1060;10;1692.00;3
3922;10;622182349;3922;369;4979;4981;6.40;0.39;282.49;4.09;1057;10;1693.00;2
3927;10;622182361;3927;369;4981;4981;6.31;0.39;282.71;4.09;1054;10;1694.00;0
3931;10;622182374;3931;370;4981;4981;6.15;0.38;282.81;4.09;1050;10;1695.00;0
3934;10;622182384;3934;383;4981;4981;6.04;0.37;282.86;4.09;1047;10;1696.00;0
3937;10;622182395;3937;384;4981;4981;5.95;0.36;282.90;4.09;1044;10;1697.00;0
3944;10;622182405;3944;397;4982;4982;5.78;0.35;282.93;4.09;1038;10;1698.00;0
3948;10;622182416;3948;403;4982;4982;5.61;0.34;282.93;4.09;1034;10;1699.00;0
3951;10;622182427;3951;402;4988;4988;5.54;0.34;282.91;4.08;1037;10;1700.00;0
3953;10;622182443;3953;399;4989;4989;5.44;0.33;282.98;4.08;1036;10;1701.00;0
3956;10;622182454;3956;395;4989;4989;5.33;0.33;282.93;4.08;1033;10;1702.00;0
3961;10;622182464;3961;392;4989;4989;5.26;0.32;282.95;4.08;1028;10;1703.00;0
3963;10;622182477;3963;397;4993;4993;5.27;0.32;282.97;4.08;1030;10;1704.00;0
3968;10;622182488;3968;400;4993;4993;5.23;0.32;282.88;4.08;1025;10;1705.00;0
3970;10;622182499;3970;397;4993;4993;5.20;0.32;282.85;4.08;1023;10;1706.00;0
3972;10;622182509;3972;391;4994;4994;5.22;0.32;282.81;4.08;1022;10;1707.00;0
3974;10;622182519;3974;391;4998;4998;5.28;0.32;282.84;4.08;1024;10;1708.00;0
3975;10;622182531;3975;396;4998;4998;5.35;0.33;282.85;4.08;1023;10;1709.00;0
3978;10;622182543;3978;396;5002;5004;5.39;0.33;282.86;4.07;1024;10;1710.00;2
3981;10;622182554;3981;401;5002;5004;5.39;0.33;282.85;4.07;1021;10;1711.00;2
3984;10;622182565;3984;404;5004;5004;5.40;0.33;282.79;4.07;1020;10;1712.00;0
3989;10;622182574;3989;410;5004;5004;5.36;0.33;282.70;4.07;1015;10;1713.00;0
3994;10;622182585;3994;417;5008;5008;5.38;0.33;282.66;4.07;1014;10;1714.00;0
3996;10;622182596;3996;419;5008;5008;5.38;0.33;282.71;4.07;1012;10;1715.00;0
4001;10;622182606;4001;422;5008;5008;5.32;0.33;282.72;4.07;1007;10;1716.00;0
4003;10;622182616;4003;423;5008;5008;5.32;0.33;282.76;4.07;1005;10;1717.00;0
4009;10;622182625;4009;428;5009;5009;5.24;0.32;282.71;4.07;1000;10;1718.00;0
4011;10;622182636;4011;429;5010;5010;5.20;0.32;282.69;4.07;999;10;1719.00;0
4014;10;622182646;4014;431;5010;5010;5.12;0.32;282.68;4.07;996;10;1720.00;0
4020;10;622182655;4020;440;5011;5011;5.03;0.31;282.59;4.07;991;10;1721.00;0
4023;10;622182669;4023;438;5011;5011;4.96;0.31;282.56;4.07;988;10;1722.00;0
4032;10;622182679;4032;438;5011;5011;4.83;0.30;282.29;4.07;979;10;1723.00;0
4037;10;622182690;4037;441;5011;5011;4.77;0.29;282.18;4.07;974;10;1724.00;0
4039;10;622182699;4039;440;5011;5011;4.79;0.30;282.21;4.07;972;10;1725.00;0
4044;10;622182709;4044;440;5011;5011;4.80;0.30;282.19;4.07;967;10;1726.00;0
4049;10;622182719;4049;438;5011;5011;4.81;0.30;282.16;4.07;962;10;1727.00;0
4054;10;622182729;4054;461;5090;5138;5.24;0.33;282.15;4.01;1036;10;1728.00;48
4058;10;622182748;4058;462;5093;5139;5.26;0.33;282.16;4.00;1035;10;1729.00;46
4059;10;622182759;4059;468;5098;5139;5.38;0.34;282.12;4.00;1039;10;1730.00;41
4062;10;622182769;4062;466;5098;5139;5.36;0.33;282.21;4.00;1036;10;1731.00;41
4065;10;622182779;4065;467;5104;5139;5.44;0.34;282.17;4.00;1039;10;1732.00;35
4070;10;622182790;4070;477;5107;5139;5.45;0.34;282.20;4.00;1037;10;1733.00;32
4071;10;622182800;4071;486;5111;5139;5.47;0.34;282.25;4.00;1040;10;1734.00;28
4077;10;622182811;4077;489;5112;5139;5.41;0.33;282.25;4.00;1035;10;1735.00;27
4080;10;622182822;4080;495;5114;5140;5.35;0.33;282.22;4.01;1034;10;1736.00;26
4083;10;622182833;4083;502;5116;5141;5.28;0.33;282.25;4.01;1033;10;1737.00;25
4084;10;622182844;4084;507;5117;5141;5.25;0.32;282.31;4.01;1033;10;1738.00;24
4085;10;622182854;4085;499;5122;5142;5.24;0.32;282.31;4.02;1037;10;1739.00;20
4089;10;622182867;4089;499;5126;5142;5.20;0.32;282.50;4.02;1037;10;1740.00;16
4089;10;622182878;4089;502;5128;5142;5.22;0.32;282.50;4.03;1039;10;1741.00;14
4091;10;622182888;4091;503;5129;5142;5.20;0.32;282.55;4.03;1038;10;1742.00;13
4091;10;622182900;4091;494;5135;5146;5.24;0.32;282.55;4.03;1044;10;1743.00;11
4092;10;622182911;4092;502;5138;5146;5.22;0.32;282.56;4.04;1046;10;1744.00;8
4093;10;622182921;4093;499;5139;5146;5.26;0.32;282.55;4.04;1046;10;1745.00;7
4093;10;622182938;4093;499;5141;5149;5.33;0.33;282.55;4.05;1048;10;1746.00;8
4095;10;622182949;4095;488;5143;5149;5.41;0.33;282.49;4.05;1048;10;1747.00;6
4096;10;622182961;4096;483;5145;5149;5.52;0.34;282.47;4.05;1049;10;1748.00;4
4097;10;622182973;4097;478;5150;5153;5.64;0.35;282.51;4.05;1053;10;1749.00;3
4100;10;622182985;4100;468;5152;5154;5.69;0.35;282.61;4.05;1052;10;1750.00;2
4102;10;622182997;4102;458;5152;5154;5.80;0.36;282.58;4.05;1050;10;1751.00;2
4103;10;622183009;4103;457;5155;5158;5.90;0.36;282.58;4.05;1052;10;1752.00;3
4106;10;622183021;4106;457;5155;5158;5.97;0.37;282.68;4.05;1049;10;1753.00;3
4107;10;622183034;4107;454;5155;5158;6.03;0.37;282.72;4.05;1048;10;1754.00;3
4110;10;622183045;4110;454;5157;5160;6.04;0.37;282.62;4.05;1047;10;1755.00;3
4112;10;622183058;4112;439;5157;5160;6.04;0.37;282.57;4.05;1045;10;1756.00;3
4114;10;622183070;4114;428;5162;5166;6.14;0.37;282.62;4.04;1048;10;1757.00;4
4119;10;622183083;4119;426;5162;5166;6.09;0.37;282.53;4.04;1043;10;1758.00;4
4119;10;622183095;4119;416;5162;5167;6.15;0.38;282.53;4.04;1043;10;1759.00;5
4122;10;622183107;4122;412;5162;5167;6.20;0.38;282.45;4.04;1040;10;1760.00;5
4126;10;622183120;4126;407;5162;5167;6.20;0.38;282.40;4.04;1036;10;1761.00;5
4127;10;622183133;4127;403;5162;5167;6.25;0.38;282.44;4.04;1035;10;1762.00;5
4129;10;622183145;4129;401;5162;5167;6.29;0.38;282.50;4.04;1033;10;1763.00;5
4132;10;622183157;4132;401;5172;5179;6.43;0.39;282.49;4.04;1040;10;1764.00;7
4134;10;622183170;4134;399;5172;5179;6.47;0.39;282.56;4.04;1038;10;1765.00;7
4138;10;622183183;4138;408;5173;5179;6.44;0.39;282.62;4.04;1035;10;1766.00;6
4142;10;622183195;4142;396;5173;5179;6.41;0.39;282.76;4.04;1031;10;1767.00;6
4143;10;622183208;4143;394;5173;5179;6.42;0.39;282.81;4.04;1030;10;1768.00;6
4146;10;622183220;4146;392;5173;5179;6.39;0.39;282.94;4.04;1027;10;1769.00;6
4146;10;622183234;4146;388;5176;5183;6.40;0.39;282.94;4.03;1030;10;1770.00;7
4148;10;622183246;4148;380;5176;5183;6.42;0.39;283.06;4.03;1028;10;1771.00;7
4149;10;622183265;4149;382;5180;5187;6.46;0.39;283.12;4.03;1031;10;1772.00;7
4149;10;622183277;4149;386;5181;5188;6.52;0.40;283.12;4.03;1032;10;1773.00;7
4152;10;622183289;4152;378;5181;5188;6.52;0.40;283.26;4.03;1029;10;1774.00;7
4156;10;622183308;4156;383;5181;5188;6.48;0.39;283.56;4.03;1025;10;1775.00;7
4159;10;622183340;4159;385;5191;5201;6.57;0.40;283.62;4.02;1032;10;1776.00;10
4159;10;622183353;4159;383;5192;5201;6.64;0.40;283.62;4.02;1033;10;1777.00;9
4163;10;622183365;4163;386;5192;5201;6.68;0.41;283.76;4.02;1029;10;1778.00;9
4165;10;622183377;4165;379;5193;5202;6.71;0.41;283.99;4.02;1028;10;1779.00;9
4167;10;622183392;4167;386;5193;5203;6.69;0.41;283.95;4.02;1026;10;1780.00;10
4171;10;622183404;4171;386;5193;5203;6.66;0.40;284.25;4.02;1022;10;1781.00;10
4176;10;622183416;4176;384;5195;5206;6.67;0.41;284.56;4.02;1019;10;1782.00;11
4177;10;622183428;4177;388;5195;5206;6.66;0.40;284.54;4.02;1018;10;1783.00;11
4180;10;622183440;4180;390;5196;5206;6.62;0.40;284.75;4.02;1016;10;1784.00;10
4182;10;622183451;4182;396;5196;5206;6.62;0.40;284.69;4.02;1014;10;1785.00;10
4185;10;622183463;4185;395;5201;5212;6.61;0.40;284.67;4.02;1016;10;1786.00;11
4187;10;622183476;4187;403;5201;5212;6.62;0.40;284.71;4.02;1014;10;1787.00;11
4189;10;622183492;4189;400;5201;5212;6.54;0.40;284.73;4.02;1012;10;1788.00;11
4192;10;622183511;4192;399;5201;5212;6.51;0.39;284.90;4.02;1009;10;1789.00;11
4193;10;622183529;4193;388;5204;5216;6.50;0.39;284.93;4.01;1011;10;1790.00;12
4196;10;622183546;4196;384;5205;5217;6.54;0.40;285.09;4.01;1009;10;1791.00;12
4198;10;622183565;4198;377;5205;5217;6.58;0.40;285.19;4.01;1007;10;1792.00;12
4199;10;622183581;4199;364;5206;5218;6.63;0.40;285.24;4.01;1007;10;1793.00;12
4202;10;622183611;4202;358;5206;5218;6.69;0.41;285.44;4.01;1004;10;1794.00;12
4207;10;622183625;4207;351;5206;5218;6.69;0.41;285.78;4.01;999;10;1795.00;12
4211;10;622183639;4211;340;5206;5218;6.75;0.41;286.05;4.01;995;10;1796.00;12
4215;10;622183651;4215;341;5206;5218;6.84;0.41;286.06;4.01;991;10;1797.00;12
4219;10;622183663;4219;335;5206;5218;6.87;0.42;286.27;4.01;987;10;1798.00;12
4223;10;622183676;4223;335;5206;5218;6.85;0.41;286.42;4.01;983;10;1799.00;12
4226;10;622183692;4226;354;5272;5356;6.90;0.42;286.60;3.96;1046;10;1800.00;84
4230;10;622183721;4230;340;5274;5357;6.88;0.42;286.85;3.96;1044;10;1801.00;83
4231;10;622183733;4231;320;5283;5357;6.90;0.42;286.82;3.96;1052;10;1802.00;74
4238;10;622183746;4238;311;5285;5357;6.88;0.42;287.23;3.96;1047;10;1803.00;72
4239;11;622183758;4239;304;5292;5357;6.96;0.43;287.26;3.96;1053;11;1804.00;65
4245;11;622183784;4245;307;5294;5357;6.96;0.43;287.31;3.97;1049;11;1805.00;63
4246;11;622183799;4246;304;5303;5357;6.99;0.43;287.29;3.98;1057;11;1806.00;54
4251;12;622183811;4251;309;5307;5357;6.96;0.43;287.39;3.99;1056;12;1807.00;50
4253;12;622183851;4253;305;5312;5358;6.98;0.43;287.44;3.99;1059;12;1808.00;46
4257;12;622183865;4257;300;5317;5359;6.94;0.42;287.59;3.99;1060;12;1809.00;42
4259;12;622183878;4259;297;5321;5359;6.91;0.42;287.54;4.00;1062;12;1810.00;38
4260;12;622183893;4260;297;5327;5363;6.91;0.42;287.61;4.00;1067;12;1811.00;36
4261;12;622183906;4261;287;5330;5363;6.90;0.42;287.61;4.00;1069;12;1812.00;33
4263;12;622183919;4263;280;5331;5363;6.88;0.42;287.58;4.00;1068;12;1813.00;32
4265;12;622183933;4265;276;5331;5363;6.90;0.42;287.58;4.00;1066;12;1814.00;32
4267;12;622183946;4267;274;5337;5369;6.87;0.42;287.51;4.01;1070;12;1815.00;32
4269;12;622183965;4269;263;5337;5369;6.87;0.42;287.65;4.01;1068;12;1816.00;32
4269;12;622183979;4269;266;5338;5369;6.93;0.42;287.65;4.01;1069;12;1817.00;31
4273;12;622183991;4273;281;5340;5372;6.96;0.43;287.56;4.01;1067;12;1818.00;32
4276;12;622184005;4276;281;5341;5372;7.00;0.43;287.65;4.01;1065;12;1819.00;31
4279;12;622184018;4279;271;5341;5372;7.01;0.43;287.69;4.01;1062;12;1820.00;31
4280;12;622184031;4280;272;5342;5373;7.02;0.43;287.75;4.01;1062;12;1821.00;31
4283;12;622184045;4283;274;5347;5374;7.02;0.43;287.82;4.03;1064;12;1822.00;27
4284;12;622184058;4284;271;5348;5374;7.02;0.43;287.93;4.03;1064;12;1823.00;26
4288;12;622184074;4288;275;5356;5387;6.95;0.42;287.86;4.02;1068;12;1824.00;31
4291;12;622184089;4291;266;5359;5387;6.96;0.42;288.02;4.03;1068;12;1825.00;28
4292;12;622184104;4292;260;5360;5387;6.94;0.42;288.15;4.03;1068;12;1826.00;27
4296;12;622184118;4296;265;5363;5388;6.93;0.42;288.37;4.03;1067;12;1827.00;25
4298;12;622184132;4298;275;5363;5388;6.96;0.43;288.43;4.03;1065;12;1828.00;25
4304;12;622184146;4304;271;5366;5392;6.99;0.43;288.73;4.03;1062;12;1829.00;26
4305;12;622184163;4305;272;5369;5392;7.02;0.43;288.75;4.06;1064;12;1830.00;23
4309;12;622184176;4309;277;5372;5396;7.01;0.43;288.94;4.06;1063;12;1831.00;24
4311;12;622184191;4311;277;5374;5396;6.99;0.43;288.94;4.08;1063;12;1832.00;22
4313;12;622184203;4313;289;5375;5396;6.94;0.42;289.08;4.08;1062;12;1833.00;21
4314;12;622184217;4314;290;5375;5396;6.92;0.42;289.10;4.08;1061;12;1834.00;21
4316;12;622184229;4316;291;5376;5396;6.92;0.42;289.23;4.09;1060;12;1835.00;20
4318;12;622184242;4318;295;5387;5408;6.93;0.42;289.28;4.08;1069;12;1836.00;21
4320;12;622184257;4320;302;5388;5408;6.93;0.42;289.34;4.10;1068;12;1837.00;20
4321;12;622184270;4321;309;5389;5408;6.88;0.42;289.45;4.11;1068;12;1838.00;19
4325;12;622184284;4325;310;5389;5408;6.81;0.42;289.73;4.11;1064;12;1839.00;19
4326;12;622184296;4326;314;5390;5408;6.78;0.41;289.70;4.12;1064;12;1840.00;18
4330;12;622184307;4330;318;5390;5408;6.73;0.41;289.83;4.12;1060;12;1841.00;18
4333;12;622184319;4333;324;5393;5409;6.68;0.41;289.93;4.14;1060;12;1842.00;16
4335;12;622184332;4335;331;5393;5409;6.67;0.41;289.91;4.14;1058;12;1843.00;16
4336;12;622184343;4336;339;5399;5415;6.69;0.41;290.01;4.15;1063;12;1844.00;16
4337;12;622184362;4337;344;5401;5417;6.63;0.41;290.07;4.15;1064;12;1845.00;16
4340;12;622184374;4340;347;5403;5417;6.55;0.40;289.99;4.16;1063;12;1846.00;14
4342;12;622184385;4342;347;5403;5417;6.44;0.40;290.05;4.16;1061;12;1847.00;14
4345;12;622184396;4345;352;5408;5421;6.33;0.39;290.30;4.17;1063;12;1848.00;13
4350;12;622184408;4350;358;5408;5421;6.24;0.38;290.18;4.17;1058;12;1849.00;13
4355;12;622184420;4355;357;5410;5421;6.12;0.38;290.16;4.19;1055;12;1850.00;11
4358;12;622184431;4358;360;5411;5422;6.09;0.37;290.16;4.19;1053;12;1851.00;11
4359;12;622184443;4359;358;5415;5426;6.11;0.38;290.24;4.19;1056;12;1852.00;11
4363;12;622184455;4363;362;5416;5426;6.13;0.38;290.42;4.20;1053;12;1853.00;10
4365;12;622184466;4365;359;5418;5429;6.20;0.38;290.34;4.20;1053;12;1854.00;11
4367;12;622184479;4367;356;5418;5429;6.23;0.38;290.28;4.20;1051;12;1855.00;11
4370;12;622184493;4370;359;5419;5429;6.20;0.38;290.32;4.20;1049;12;1856.00;10
4374;12;622184503;4374;358;5421;5429;6.13;0.38;290.33;4.21;1047;12;1857.00;8
4376;12;622184516;4376;358;5425;5433;6.17;0.38;290.29;4.21;1049;12;1858.00;8
4380;12;622184528;4380;365;5425;5433;6.10;0.37;290.19;4.21;1045;12;1859.00;8
4380;12;622184541;4380;362;5425;5433;6.05;0.37;290.19;4.21;1045;12;1860.00;8
4381;12;622184551;4381;372;5430;5433;5.95;0.37;290.27;4.24;1049;12;1861.00;3
4383;12;622184561;4383;373;5430;5434;5.85;0.36;290.19;4.24;1047;12;1862.00;4
4384;12;622184572;4384;381;5433;5435;5.74;0.35;290.14;4.24;1049;12;1863.00;2
4386;12;622184582;4386;388;5433;5435;5.65;0.35;290.19;4.24;1047;12;1864.00;2
4389;12;622184592;4389;387;5436;5436;5.57;0.34;290.25;4.24;1047;12;1865.00;0
4391;12;622184602;4391;393;5436;5436;5.52;0.34;290.21;4.24;1045;12;1866.00;0
4395;12;622184611;4395;403;5436;5436;5.44;0.33;290.37;4.24;1041;12;1867.00;0
4400;12;622184621;4400;406;5436;5436;5.30;0.33;290.43;4.24;1036;12;1868.00;0
4402;12;622184631;4402;413;5436;5436;5.27;0.32;290.33;4.24;1034;12;1869.00;0
4404;12;622184641;4404;406;5436;5436;5.21;0.32;290.32;4.24;1032;12;1870.00;0
4407;12;622184652;4407;397;5436;5436;5.14;0.32;290.22;4.24;1029;12;1871.00;0
4413;12;622184662;4413;407;5501;5563;5.41;0.34;290.16;4.19;1088;12;1872.00;62
4415;12;622184686;4415;396;5503;5564;5.40;0.34;290.11;4.19;1088;12;1873.00;61
4420;12;622184697;4420;400;5514;5564;5.44;0.34;289.96;4.19;1094;12;1874.00;50
4424;12;622184708;4424;404;5516;5564;5.41;0.34;289.94;4.19;1092;12;1875.00;48
4427;12;622184718;4427;412;5524;5564;5.44;0.34;290.10;4.19;1097;12;1876.00;40
4429;12;622184728;4429;412;5528;5564;5.38;0.33;290.11;4.19;1099;12;1877.00;36
4429;12;622184738;4429;404;5532;5564;5.36;0.33;290.11;4.19;1103;12;1878.00;32
4433;12;622184748;4433;402;5536;5564;5.35;0.33;290.01;4.19;1103;12;1879.00;28
4435;12;622184759;4435;397;5539;5565;5.31;0.33;290.00;4.19;1104;12;1880.00;26
4437;12;622184776;4437;398;5542;5566;5.28;0.33;290.01;4.20;1105;12;1881.00;24
4440;12;622184787;4440;404;5547;5568;5.22;0.32;290.00;4.20;1107;12;1882.00;21
4440;12;622184798;4440;406;5551;5569;5.27;0.33;290.00;4.20;1111;12;1883.00;18
4444;12;622184809;4444;407;5551;5569;5.24;0.32;289.93;4.20;1107;12;1884.00;18
4447;12;622184820;4447;413;5553;5569;5.23;0.32;289.92;4.21;1106;12;1885.00;16
4450;12;622184831;4450;421;5555;5569;5.23;0.32;289.86;4.21;1105;12;1886.00;14
4452;12;622184842;4452;428;5560;5573;5.24;0.32;289.93;4.21;1108;12;1887.00;13
4457;12;622184854;4457;427;5560;5573;5.20;0.32;289.97;4.21;1103;12;1888.00;13
4460;12;622184865;4460;428;5561;5573;5.18;0.32;289.92;4.21;1101;12;1889.00;12
4461;12;622184878;4461;435;5564;5579;5.18;0.32;289.96;4.21;1103;12;1890.00;15
4465;12;622184890;4465;427;5565;5579;5.13;0.32;289.96;4.21;1100;12;1891.00;14
4469;12;622184901;4469;419;5565;5579;5.16;0.32;289.90;4.21;1096;12;1892.00;14
4474;12;622184913;4474;416;5569;5583;5.21;0.32;289.96;4.21;1095;12;1893.00;14
4476;12;622184925;4476;422;5570;5584;5.22;0.32;289.93;4.21;1094;12;1894.00;14
4481;12;622184937;4481;427;5570;5584;5.16;0.32;289.96;4.21;1089;12;1895.00;14
4489;12;622184949;4489;422;5573;5588;5.10;0.31;289.95;4.21;1084;12;1896.00;15
4492;12;622184962;4492;423;5573;5588;5.11;0.31;289.99;4.21;1081;12;1897.00;15
4497;12;622184973;4497;428;5574;5588;5.11;0.31;289.87;4.21;1077;12;1898.00;14
4501;12;622184985;4501;424;5576;5589;5.13;0.32;290.12;4.22;1075;12;1899.00;13
4506;12;622184999;4506;424;5576;5589;5.16;0.32;290.16;4.22;1070;12;1900.00;13
4509;12;622185014;4509;421;5581;5595;5.22;0.32;290.12;4.22;1072;12;1901.00;14
4514;12;622185026;4514;428;5582;5595;5.23;0.32;290.14;4.23;1068;12;1902.00;13
4516;12;622185038;4516;436;5583;5596;5.25;0.32;290.18;4.23;1067;12;1903.00;13
4517;12;622185049;4517;434;5583;5596;5.32;0.33;290.20;4.23;1066;12;1904.00;13
4521;12;622185061;4521;427;5583;5596;5.32;0.33;290.24;4.23;1062;12;1905.00;13
4524;12;622185073;4524;429;5585;5596;5.37;0.33;290.22;4.23;1061;12;1906.00;11
4527;12;622185091;4527;432;5585;5596;5.41;0.33;290.25;4.23;1058;12;1907.00;11
4529;12;622185103;4529;439;5595;5608;5.58;0.34;290.33;4.23;1066;12;1908.00;13
4531;12;622185115;4531;437;5596;5608;5.58;0.34;290.25;4.23;1065;12;1909.00;12
4536;12;622185126;4536;440;5597;5608;5.61;0.34;290.28;4.23;1061;12;1910.00;11
4537;12;622185138;4537;442;5597;5608;5.66;0.35;290.29;4.23;1060;12;1911.00;11
4540;12;622185150;4540;449;5597;5608;5.67;0.35;290.21;4.23;1057;12;1912.00;11
4542;12;622185161;4542;455;5598;5608;5.65;0.34;290.18;4.23;1056;12;1913.00;10
4545;12;622185172;4545;463;5601;5612;5.68;0.35;290.26;4.22;1056;12;1914.00;11
4546;12;622185185;4546;469;5601;5612;5.68;0.35;290.37;4.22;1055;12;1915.00;11
4547;12;622185196;4547;472;5605;5616;5.65;0.34;290.40;4.22;1058;12;1916.00;11
4551;12;622185209;4551;462;5606;5617;5.64;0.34;290.53;4.22;1055;12;1917.00;11
4555;12;622185221;4555;463;5606;5617;5.64;0.34;290.57;4.22;1051;12;1918.00;11
4556;12;622185233;4556;459;5606;5617;5.65;0.34;290.58;4.22;1050;12;1919.00;11
4558;12;622185247;4558;461;5631;5646;5.76;0.35;290.56;4.20;1073;12;1920.00;15
4561;12;622185263;4561;449;5631;5646;5.78;0.35;290.64;4.20;1070;12;1921.00;15
4564;12;622185276;4564;449;5633;5646;5.82;0.36;290.67;4.20;1069;12;1922.00;13
4566;12;622185294;4566;446;5634;5647;5.84;0.36;290.84;4.20;1068;12;1923.00;13
4569;12;622185312;4569;446;5634;5648;5.83;0.36;290.94;4.20;1065;12;1924.00;14
4573;12;622185326;4573;444;5634;5648;5.77;0.35;291.14;4.20;1061;12;1925.00;14
4575;12;622185339;4575;440;5636;5651;5.77;0.35;291.24;4.20;1061;12;1926.00;15
4579;12;622185352;4579;440;5637;5651;5.77;0.35;291.42;4.20;1058;12;1927.00;14
4581;12;622185365;4581;427;5637;5651;5.77;0.35;291.63;4.20;1056;12;1928.00;14
4581;12;622185377;4581;418;5637;5651;5.77;0.35;291.63;4.20;1056;12;1929.00;14
4585;12;622185390;4585;415;5642;5657;5.79;0.35;291.64;4.20;1057;12;1930.00;15
4586;12;622185403;4586;415;5642;5657;5.85;0.36;291.71;4.20;1056;12;1931.00;15
4590;12;622185415;4590;410;5642;5657;5.82;0.35;291.76;4.20;1052;12;1932.00;15
4590;12;622185428;4590;414;5642;5657;5.89;0.36;291.76;4.20;1052;12;1933.00;15
4591;12;622185440;4591;417;5645;5661;5.89;0.36;291.77;4.20;1054;12;1934.00;16
4594;12;622185452;4594;420;5647;5663;5.94;0.36;291.74;4.19;1053;12;1935.00;16
4596;12;622185465;4596;419;5647;5663;5.97;0.36;291.85;4.19;1051;12;1936.00;16
4596;12;622185478;4596;416;5648;5664;6.07;0.37;291.85;4.19;1052;12;1937.00;16
4596;12;622185496;4596;411;5648;5664;6.11;0.37;291.85;4.19;1052;12;1938.00;16
4598;12;622185516;4598;408;5648;5664;6.10;0.37;291.97;4.19;1050;12;1939.00;16
4601;12;622185533;4601;407;5648;5664;6.09;0.37;292.13;4.19;1047;12;1940.00;16
4601;12;622185554;4601;402;5648;5664;6.06;0.37;292.13;4.19;1047;12;1941.00;16
4604;12;622185572;4604;399;5648;5664;6.07;0.37;292.27;4.19;1044;12;1942.00;16
4606;12;622185591;4606;397;5648;5664;6.09;0.37;292.39;4.19;1042;12;1943.00;16
4611;12;622185608;4611;415;5691;5734;6.05;0.37;292.61;4.16;1080;12;1944.00;43
4613;12;622185629;4613;411;5691;5735;6.09;0.37;292.64;4.16;1078;12;1945.00;44
4614;12;622185643;4614;402;5696;5735;6.18;0.38;292.71;4.16;1082;12;1946.00;39
4615;12;622185656;4615;402;5697;5735;6.25;0.38;292.76;4.16;1082;12;1947.00;38
4618;12;622185669;4618;397;5698;5735;6.30;0.38;292.80;4.16;1080;12;1948.00;37
4621;12;622185683;4621;397;5701;5735;6.35;0.39;292.81;4.16;1080;12;1949.00;34
4626;12;622185699;4626;402;5704;5737;6.37;0.39;293.01;4.16;1078;12;1950.00;33
4626;12;622185712;4626;400;5707;5737;6.44;0.39;293.01;4.16;1081;12;1951.00;30
4630;12;622185726;4630;401;5710;5738;6.43;0.39;293.15;4.16;1080;12;1952.00;28
4632;12;622185738;4632;403;5713;5739;6.44;0.39;293.07;4.16;1081;12;1953.00;26
4634;12;622185751;4634;409;5715;5739;6.43;0.39;293.12;4.17;1081;12;1954.00;24
4637;12;622185764;4637;415;5720;5743;6.41;0.39;293.19;4.17;1083;12;1955.00;23
4638;12;622185777;4638;415;5721;5743;6.48;0.39;293.18;4.17;1083;12;1956.00;22
4641;12;622185790;4641;422;5722;5743;6.47;0.39;293.27;4.17;1081;12;1957.00;21
4643;12;622185803;4643;418;5722;5743;6.44;0.39;293.40;4.17;1079;12;1958.00;21
4643;12;622185816;4643;420;5727;5749;6.48;0.39;293.40;4.16;1084;12;1959.00;22
4645;12;622185830;4645;417;5727;5749;6.51;0.40;293.51;4.16;1082;12;1960.00;22
4647;12;622185843;4647;413;5727;5749;6.49;0.39;293.56;4.16;1080;12;1961.00;22
4648;12;622185856;4648;412;5729;5752;6.56;0.40;293.53;4.16;1081;12;1962.00;23
4650;12;622185870;4650;407;5729;5752;6.58;0.40;293.52;4.16;1079;12;1963.00;23
4654;12;622185883;4654;398;5730;5752;6.57;0.40;293.65;4.16;1076;12;1964.00;22
4657;12;622185897;4657;396;5730;5753;6.51;0.39;293.80;4.16;1073;12;1965.00;23
4659;12;622185910;4659;396;5731;5754;6.46;0.39;293.86;4.16;1072;12;1966.00;23
4664;12;622185924;4664;388;5731;5754;6.37;0.38;294.00;4.16;1067;12;1967.00;23
4666;12;622185938;4666;389;5740;5767;6.31;0.38;294.00;4.16;1074;12;1968.00;27
4667;12;622185951;4667;382;5740;5767;6.25;0.38;294.05;4.16;1073;12;1969.00;27
4669;12;622185963;4669;381;5741;5767;6.25;0.38;294.12;4.16;1072;12;1970.00;26
4669;12;622185978;4669;375;5742;5768;6.24;0.38;294.12;4.15;1073;12;1971.00;26
4671;12;622185990;4671;361;5742;5768;6.17;0.37;294.25;4.15;1071;12;1972.00;26
4672;12;622186003;4672;352;5747;5772;6.19;0.38;294.24;4.15;1075;12;1973.00;25
4675;12;622186017;4675;349;5747;5772;6.15;0.37;294.30;4.15;1072;12;1974.00;25
4678;12;622186030;4678;349;5750;5776;6.13;0.37;294.49;4.15;1072;12;1975.00;26
4681;12;622186044;4681;346;5751;5776;6.14;0.37;294.55;4.17;1070;12;1976.00;25
4685;12;622186058;4685;345;5751;5776;6.13;0.37;294.71;4.17;1066;12;1977.00;25
4687;12;622186071;4687;340;5751;5776;6.09;0.37;294.81;4.17;1064;12;1978.00;25
4693;12;622186083;4693;332;5751;5776;6.09;0.37;294.96;4.17;1058;12;1979.00;25
4695;12;622186098;4695;331;5774;5810;6.19;0.38;295.02;4.15;1079;12;1980.00;36
4698;12;622186113;4698;327;5775;5810;6.22;0.38;295.15;4.15;1077;12;1981.00;35
4702;12;622186125;4702;326;5776;5810;6.26;0.38;295.21;4.15;1074;12;1982.00;34
4706;12;622186138;4706;322;5777;5810;6.27;0.38;295.35;4.15;1071;12;1983.00;33
4709;12;622186151;4709;318;5777;5810;6.29;0.38;295.53;4.15;1068;12;1984.00;33
4711;12;622186164;4711;326;5777;5810;6.35;0.38;295.61;4.15;1066;12;1985.00;33
4711;12;622186181;4711;329;5777;5811;6.37;0.39;295.61;4.15;1066;12;1986.00;34
4713;12;622186195;4713;326;5778;5811;6.38;0.39;295.69;4.15;1065;12;1987.00;33
4716;12;622186207;4716;324;5782;5817;6.46;0.39;295.60;4.15;1066;12;1988.00;35
4716;12;622186220;4716;330;5782;5818;6.49;0.39;295.60;4.15;1066;12;1989.00;36
4721;12;622186231;4721;324;5784;5818;6.47;0.39;295.69;4.15;1063;12;1990.00;34
4721;12;622186245;4721;327;5785;5818;6.47;0.39;295.69;4.15;1064;12;1991.00;33
4721;13;622186258;4721;337;5788;5822;6.53;0.40;295.69;4.15;1067;13;1992.00;34
4724;13;622186282;4724;337;5788;5822;6.46;0.39;295.69;4.15;1064;13;1993.00;34
4726;13;622186295;4726;339;5789;5822;6.43;0.39;295.73;4.15;1063;13;1994.00;33
4727;13;622186307;4727;340;5792;5823;6.38;0.39;295.72;4.17;1065;13;1995.00;31
4730;13;622186320;4730;344;5796;5827;6.35;0.39;295.76;4.17;1066;13;1996.00;31
4735;13;622186333;4735;352;5797;5827;6.29;0.38;295.85;4.19;1062;13;1997.00;30
4736;13;622186346;4736;345;5799;5830;6.29;0.38;295.87;4.19;1063;13;1998.00;31
4739;13;622186359;4739;346;5800;5830;6.29;0.38;295.94;4.19;1061;13;1999.00;30
4740;13;622186373;4740;353;5802;5830;6.27;0.38;295.98;4.22;1062;13;2000.00;28
4744;13;622186390;4744;361;5802;5830;6.25;0.38;295.93;4.22;1058;13;2001.00;28
4745;13;622186403;4745;367;5807;5834;6.30;0.38;295.93;4.24;1062;13;2002.00;27
4749;13;622186416;4749;368;5808;5834;6.26;0.38;295.97;4.25;1059;13;2003.00;26
4750;13;622186434;4750;375;5808;5834;6.33;0.39;295.92;4.25;1058;13;2004.00;26
4752;13;622186447;4752;377;5809;5834;6.35;0.39;296.01;4.27;1057;13;2005.00;25
4756;13;622186460;4756;382;5809;5835;6.32;0.39;296.05;4.27;1053;13;2006.00;26
4759;13;622186473;4759;387;5812;5836;6.25;0.38;296.06;4.30;1053;13;2007.00;24
4761;13;622186488;4761;389;5812;5836;6.18;0.38;296.12;4.30;1051;13;2008.00;24
4765;13;622186500;4765;391;5815;5837;6.10;0.37;296.16;4.34;1050;13;2009.00;22
4765;13;622186515;4765;394;5816;5837;6.07;0.37;296.16;4.35;1051;13;2010.00;21
4767;13;622186526;4767;398;5817;5837;6.00;0.37;296.10;4.37;1050;13;2011.00;20
4771;13;622186537;4771;405;5817;5837;5.92;0.36;296.03;4.37;1046;13;2012.00;20
4773;13;622186549;4773;402;5818;5837;5.85;0.36;296.00;4.38;1045;13;2013.00;19
4775;13;622186560;4775;407;5819;5837;5.77;0.35;296.08;4.40;1044;13;2014.00;18
4780;13;622186571;4780;406;5820;5837;5.69;0.35;295.98;4.41;1040;13;2015.00;17
4781;13;622186582;4781;434;5887;5964;5.90;0.37;295.96;4.36;1106;13;2016.00;77
4782;13;622186605;4782;434;5891;5965;5.83;0.36;295.94;4.38;1109;13;2017.00;74
4783;13;622186617;4783;428;5901;5965;5.89;0.37;295.95;4.39;1118;13;2018.00;64
4784;13;622186628;4784;426;5907;5965;5.87;0.36;295.90;4.40;1123;13;2019.00;58
4789;13;622186641;4789;426;5913;5965;5.85;0.36;295.73;4.40;1124;13;2020.00;52
4792;13;622186653;4792;425;5919;5965;5.81;0.36;295.60;4.42;1127;13;2021.00;46
4794;13;622186665;4794;424;5922;5965;5.79;0.36;295.65;4.42;1128;13;2022.00;43
4796;13;622186678;4796;424;5927;5965;5.75;0.36;295.57;4.44;1131;13;2023.00;38
4798;13;622186690;4798;417;5928;5966;5.76;0.36;295.49;4.44;1130;13;2024.00;38
4798;13;622186702;4798;419;5934;5968;5.74;0.35;295.49;4.44;1136;13;2025.00;34
4799;13;622186714;4799;421;5935;5968;5.72;0.35;295.45;4.44;1136;13;2026.00;33
4800;13;622186726;4800;423;5940;5969;5.71;0.35;295.51;4.46;1140;13;2027.00;29
4801;13;622186737;4801;423;5942;5969;5.75;0.35;295.48;4.47;1141;13;2028.00;27
4805;13;622186749;4805;431;5944;5969;5.74;0.35;295.33;4.48;1139;13;2029.00;25
4806;13;622186760;4806;430;5947;5969;5.71;0.35;295.30;4.48;1141;13;2030.00;22
4809;13;622186771;4809;436;5951;5973;5.67;0.35;295.19;4.48;1142;13;2031.00;22
4811;13;622186782;4811;447;5955;5973;5.56;0.34;295.21;4.50;1144;13;2032.00;18
4813;13;622186793;4813;452;5956;5973;5.49;0.34;295.24;4.50;1143;13;2033.00;17
4815;13;622186804;4815;457;5961;5976;5.39;0.33;295.28;4.52;1146;13;2034.00;15
4816;13;622186816;4816;465;5961;5976;5.33;0.33;295.23;4.52;1145;13;2035.00;15
4819;13;622186826;4819;478;5963;5976;5.21;0.32;295.18;4.52;1144;13;2036.00;13
4821;13;622186837;4821;485;5968;5980;5.09;0.31;295.18;4.53;1147;13;2037.00;12
4822;13;622186849;4822;495;5969;5981;5.00;0.31;295.18;4.53;1147;13;2038.00;12
4823;13;622186860;4823;506;5969;5981;4.90;0.30;295.17;4.53;1146;13;2039.00;12
4827;13;622186871;4827;503;5975;5986;4.82;0.30;295.17;4.53;1148;13;2040.00;11
4829;13;622186883;4829;502;5977;5986;4.71;0.29;295.15;4.53;1148;13;2041.00;9
4832;13;622186893;4832;499;5980;5986;4.59;0.28;295.08;4.54;1148;13;2042.00;6
4836;13;622186904;4836;490;5981;5987;4.50;0.28;295.01;4.54;1145;13;2043.00;6
4838;13;622186915;4838;482;5983;5987;4.44;0.27;294.99;4.55;1145;13;2044.00;4
4843;13;622186926;4843;470;5988;5993;4.46;0.27;294.86;4.55;1145;13;2045.00;5
4846;13;622186938;4846;468;5988;5993;4.49;0.27;294.74;4.55;1142;13;2046.00;5
4851;13;622186949;4851;460;5988;5994;4.52;0.27;294.63;4.55;1137;13;2047.00;6
4854;13;622186960;4854;455;5988;5994;4.56;0.28;294.64;4.55;1134;13;2048.00;6
4858;13;622186972;4858;454;5988;5994;4.62;0.28;294.54;4.55;1130;13;2049.00;6
4860;13;622186989;4860;451;5988;5994;4.65;0.28;294.50;4.55;1128;13;2050.00;6
4863;13;622187000;4863;448;5988;5994;4.74;0.29;294.54;4.55;1125;13;2051.00;6
4865;13;622187012;4865;444;5998;6006;4.81;0.29;294.58;4.54;1133;13;2052.00;8
4867;13;622187029;4867;440;5998;6006;4.85;0.29;294.59;4.54;1131;13;2053.00;8
4869;13;622187041;4869;445;5999;6006;4.87;0.30;294.57;4.54;1130;13;2054.00;7
4870;13;622187053;4870;445;5999;6006;4.92;0.30;294.53;4.54;1129;13;2055.00;7
4871;13;622187064;4871;442;5999;6006;4.99;0.30;294.57;4.54;1128;13;2056.00;7
4872;13;622187076;4872;445;5999;6006;5.05;0.31;294.55;4.54;1127;13;2057.00;7
4874;13;622187088;4874;437;6002;6010;5.12;0.31;294.61;4.54;1128;13;2058.00;8
4876;13;622187100;4876;442;6002;6010;5.12;0.31;294.60;4.54;1126;13;2059.00;8
4878;13;622187112;4878;440;6006;6014;5.18;0.31;294.74;4.53;1128;13;2060.00;8
4882;13;622187130;4882;437;6007;6015;5.20;0.31;294.74;4.53;1125;13;2061.00;8
4885;13;622187142;4885;433;6007;6015;5.20;0.31;294.72;4.53;1122;13;2062.00;8
4888;13;622187154;4888;432;6007;6015;5.23;0.32;294.77;4.53;1119;13;2063.00;8
4893;13;622187166;4893;433;6018;6028;5.28;0.32;294.90;4.52;1125;13;2064.00;10
4896;13;622187179;4896;430;6018;6028;5.29;0.32;294.96;4.52;1122;13;2065.00;10
4900;13;622187192;4900;428;6018;6028;5.29;0.32;294.87;4.52;1118;13;2066.00;10
4905;13;622187205;4905;429;6019;6029;5.33;0.32;295.03;4.52;1114;13;2067.00;10
4909;13;622187218;4909;428;6019;6030;5.36;0.32;295.01;4.52;1110;13;2068.00;11
4914;13;622187231;4914;430;6019;6030;5.38;0.33;295.04;4.52;1105;13;2069.00;11
4917;13;622187244;4917;433;6024;6036;5.41;0.33;295.03;4.52;1107;13;2070.00;12
4919;13;622187258;4919;426;6024;6036;5.43;0.33;295.07;4.52;1105;13;2071.00;12
4919;13;622187270;4919;426;6025;6036;5.51;0.34;295.07;4.52;1106;13;2072.00;11
4925;13;622187281;4925;424;6025;6036;5.54;0.34;295.31;4.52;1100;13;2073.00;11
4929;13;622187294;4929;425;6030;6042;5.62;0.34;295.33;4.52;1101;13;2074.00;12
4933;13;622187307;4933;430;6030;6042;5.66;0.34;295.44;4.52;1097;13;2075.00;12
4937;13;622187319;4937;427;6030;6042;5.68;0.35;295.53;4.52;1093;13;2076.00;12
4940;13;622187332;4940;432;6030;6042;5.75;0.35;295.52;4.52;1090;13;2077.00;12
4946;13;622187350;4946;434;6033;6046;5.80;0.35;295.48;4.52;1087;13;2078.00;13
4949;13;622187363;4949;436;6034;6047;5.83;0.35;295.50;4.51;1085;13;2079.00;13
4950;13;622187375;4950;436;6034;6047;5.76;0.35;295.53;4.51;1084;13;2080.00;13
4951;13;622187387;4951;444;6035;6048;5.72;0.35;295.65;4.51;1084;13;2081.00;13
4951;13;622187400;4951;444;6035;6048;5.71;0.35;295.65;4.51;1084;13;2082.00;13
4953;13;622187411;4953;446;6035;6048;5.60;0.34;295.72;4.51;1082;13;2083.00;13
4956;13;622187423;4956;454;6035;6048;5.51;0.33;295.86;4.51;1079;13;2084.00;13
4959;13;622187435;4959;459;6035;6048;5.44;0.33;295.94;4.51;1076;13;2085.00;13
4961;13;622187446;4961;456;6035;6048;5.36;0.32;296.06;4.51;1074;13;2086.00;13
4961;13;622187458;4961;453;6035;6048;5.34;0.32;296.06;4.51;1074;13;2087.00;13
4964;13;622187470;4964;470;6080;6118;5.40;0.33;296.31;4.48;1116;13;2088.00;38
4966;13;622187493;4966;459;6080;6119;5.40;0.33;296.39;4.48;1114;13;2089.00;39
4968;13;622187512;4968;451;6084;6119;5.41;0.33;296.56;4.48;1116;13;2090.00;35
4969;13;622187532;4969;451;6085;6119;5.48;0.33;296.52;4.48;1116;13;2091.00;34
4970;13;622187550;4970;454;6090;6119;5.54;0.34;296.63;4.48;1120;13;2092.00;29
4976;13;622187569;4976;448;6093;6119;5.53;0.34;296.78;4.48;1117;13;2093.00;26
4978;13;622187589;4978;448;6095;6119;5.53;0.34;296.95;4.48;1117;13;2094.00;24
4981;13;622187607;4981;453;6096;6119;5.61;0.34;297.01;4.48;1115;13;2095.00;23
4984;13;622187622;4984;442;6098;6120;5.64;0.34;297.11;4.48;1114;13;2096.00;22
4984;13;622187638;4984;433;6103;6121;5.66;0.34;297.11;4.48;1119;13;2097.00;18
4986;13;622187654;4986;429;6104;6121;5.67;0.34;297.24;4.48;1118;13;2098.00;17
4988;13;622187671;4988;429;6107;6125;5.66;0.34;297.31;4.48;1119;13;2099.00;18
4991;13;622187689;4991;431;6111;6140;5.62;0.34;297.41;4.48;1120;13;2100.00;29
4993;13;622187713;4993;433;6111;6140;5.67;0.35;297.58;4.48;1118;13;2101.00;29
4995;13;622187730;4995;437;6111;6140;5.69;0.35;297.58;4.48;1116;13;2102.00;29
4998;13;622187743;4998;440;6115;6146;5.72;0.35;297.64;4.48;1117;13;2103.00;31
5000;13;622187758;5000;441;6115;6146;5.77;0.35;297.69;4.48;1115;13;2104.00;31
5003;13;622187771;5003;449;6115;6146;5.77;0.35;297.75;4.48;1112;13;2105.00;31
5005;13;622187785;5005;455;6119;6149;5.79;0.35;297.92;4.47;1114;13;2106.00;30
5007;13;622187798;5007;452;6119;6149;5.82;0.35;298.01;4.47;1112;13;2107.00;30
5013;13;622187812;5013;445;6120;6149;5.77;0.35;298.30;4.47;1107;13;2108.00;29
5015;13;622187825;5015;443;6120;6150;5.79;0.35;298.32;4.47;1105;13;2109.00;30
5019;13;622187839;5019;442;6121;6151;5.80;0.35;298.46;4.47;1102;13;2110.00;30
5024;13;622187853;5024;446;6121;6151;5.83;0.35;298.57;4.47;1097;13;2111.00;30
5025;13;622187867;5025;450;6133;6164;5.89;0.36;298.53;4.47;1108;13;2112.00;31
5027;13;622187881;5027;445;6133;6164;5.94;0.36;298.62;4.47;1106;13;2113.00;31
5028;13;622187900;5028;444;6133;6164;6.02;0.37;298.60;4.47;1105;13;2114.00;31
5034;13;622187913;5034;446;6135;6166;6.04;0.37;298.69;4.47;1101;13;2115.00;31
5036;13;622187927;5036;448;6135;6166;6.06;0.37;298.71;4.47;1099;13;2116.00;31
5038;13;622187941;5038;448;6139;6170;6.11;0.37;298.78;4.47;1101;13;2117.00;31
5040;13;622187954;5040;450;6140;6170;6.13;0.37;298.77;4.47;1100;13;2118.00;30
5043;14;622187967;5043;452;6143;6174;6.10;0.37;298.82;4.47;1100;14;2119.00;31
5046;14;622187994;5046;449;6143;6174;6.10;0.37;298.90;4.47;1097;14;2120.00;31
5048;14;622188008;5048;451;6143;6174;6.10;0.37;298.97;4.47;1095;14;2121.00;31
5051;14;622188021;5051;452;6143;6174;6.09;0.37;298.97;4.47;1092;14;2122.00;31
5052;14;622188034;5052;449;6144;6174;6.11;0.37;298.96;4.47;1092;14;2123.00;30
5053;14;622188047;5053;452;6154;6186;6.15;0.37;298.96;4.47;1101;14;2124.00;32
5056;14;622188061;5056;449;6154;6186;6.12;0.37;299.00;4.47;1098;14;2125.00;32
5058;14;622188074;5058;453;6155;6186;6.14;0.37;299.11;4.47;1097;14;2126.00;31
5062;14;622188087;5062;449;6157;6186;6.13;0.37;299.15;4.47;1095;14;2127.00;29
5063;14;622188100;5063;454;6159;6186;6.13;0.37;299.16;4.48;1096;14;2128.00;27
5066;14;622188113;5066;455;6159;6186;6.16;0.37;299.21;4.48;1093;14;2129.00;27
5068;14;622188127;5068;453;6160;6187;6.19;0.38;299.21;4.48;1092;14;2130.00;27
5071;14;622188140;5071;450;6160;6187;6.13;0.37;299.29;4.48;1089;14;2131.00;27
5071;14;622188154;5071;446;6165;6193;6.11;0.37;299.29;4.47;1094;14;2132.00;28
5074;14;622188166;5074;439;6166;6194;6.02;0.37;299.42;4.47;1092;14;2133.00;28
5075;14;622188180;5075;436;6166;6194;5.93;0.36;299.40;4.47;1091;14;2134.00;28
5079;14;622188192;5079;434;6166;6194;5.82;0.35;299.46;4.47;1087;14;2135.00;28
5080;14;622188205;5080;431;6168;6198;5.79;0.35;299.48;4.47;1088;14;2136.00;30
5083;14;622188218;5083;423;6169;6198;5.75;0.35;299.49;4.47;1086;14;2137.00;29
5088;14;622188230;5088;422;6169;6198;5.69;0.34;299.57;4.47;1081;14;2138.00;29
5091;14;622188242;5091;415;6170;6199;5.68;0.34;299.66;4.47;1079;14;2139.00;29
5092;14;622188255;5092;412;6173;6203;5.64;0.34;299.64;4.47;1081;14;2140.00;30
5099;14;622188267;5099;401;6173;6203;5.51;0.33;299.73;4.47;1074;14;2141.00;30
5100;14;622188279;5100;394;6175;6206;5.50;0.33;299.75;4.47;1075;14;2142.00;31
5102;14;622188291;5102;392;6176;6206;5.47;0.33;299.82;4.47;1074;14;2143.00;30
5105;14;622188302;5105;386;6176;6206;5.43;0.33;299.78;4.47;1071;14;2144.00;30
5109;14;622188314;5109;386;6178;6206;5.42;0.33;299.90;4.51;1069;14;2145.00;28
5110;14;622188328;5110;390;6182;6210;5.53;0.33;299.91;4.50;1072;14;2146.00;28
5111;14;622188341;5111;389;6182;6210;5.54;0.34;299.94;4.50;1071;14;2147.00;28
5112;14;622188353;5112;383;6182;6210;5.59;0.34;299.94;4.50;1070;14;2148.00;28
5115;14;622188364;5115;382;6182;6210;5.63;0.34;300.06;4.50;1067;14;2149.00;28
5116;14;622188377;5116;379;6182;6211;5.67;0.34;300.01;4.50;1066;14;2150.00;29
5118;14;622188390;5118;382;6183;6212;5.70;0.35;300.05;4.50;1065;14;2151.00;29
5120;14;622188403;5120;384;6183;6212;5.71;0.35;300.04;4.50;1063;14;2152.00;29
5121;14;622188416;5121;379;6184;6213;5.72;0.35;300.17;4.50;1063;14;2153.00;29
5122;14;622188427;5122;380;6184;6213;5.70;0.35;300.12;4.50;1062;14;2154.00;29
5126;14;622188439;5126;379;6184;6213;5.66;0.34;300.35;4.50;1058;14;2155.00;29
5128;14;622188451;5128;383;6184;6213;5.71;0.35;300.36;4.50;1056;14;2156.00;29
5130;14;622188462;5130;383;6184;6213;5.75;0.35;300.42;4.50;1054;14;2157.00;29
5134;14;622188476;5134;383;6184;6213;5.75;0.35;300.48;4.50;1050;14;2158.00;29
5135;14;622188489;5135;381;6184;6213;5.77;0.35;300.50;4.50;1049;14;2159.00;29
5137;14;622188502;5137;407;6284;6443;6.13;0.39;300.50;4.43;1147;14;2160.00;159
5138;14;622188534;5138;400;6290;6444;6.11;0.38;300.50;4.43;1152;14;2161.00;154
5140;14;622188546;5140;393;6303;6444;6.17;0.39;300.52;4.42;1163;14;2162.00;141
5143;14;622188558;5143;390;6308;6444;6.16;0.39;300.81;4.42;1165;14;2163.00;136
5145;14;622188570;5145;387;6319;6444;6.16;0.39;300.77;4.42;1174;14;2164.00;125
5148;14;622188583;5148;390;6325;6444;6.10;0.38;300.82;4.42;1177;14;2165.00;119
5149;14;622188596;5149;388;6335;6444;6.09;0.38;300.78;4.42;1186;14;2166.00;109
5151;14;622188608;5151;393;6343;6444;6.05;0.38;300.71;4.43;1192;14;2167.00;101
5153;14;622188620;5153;401;6351;6445;6.05;0.38;300.65;4.43;1198;14;2168.00;94
5154;14;622188633;5154;407;6356;6446;6.02;0.38;300.59;4.44;1202;14;2169.00;90
5154;14;622188647;5154;406;6366;6446;5.97;0.37;300.59;4.48;1212;14;2170.00;80
5158;14;622188665;5158;403;6366;6447;5.87;0.37;300.57;4.48;1208;14;2171.00;81
5158;14;622188678;5158;412;6369;6447;5.78;0.36;300.57;4.49;1211;14;2172.00;78
5161;14;622188691;5161;419;6374;6447;5.67;0.35;300.63;4.51;1213;14;2173.00;73
5163;14;622188703;5163;428;6379;6447;5.60;0.35;300.60;4.54;1216;14;2174.00;68
5164;14;622188716;5164;441;6385;6451;5.48;0.34;300.58;4.57;1221;14;2175.00;66
5166;14;622188728;5166;449;6388;6451;5.36;0.33;300.53;4.59;1222;14;2176.00;63
5166;14;622188741;5166;455;6390;6451;5.27;0.33;300.53;4.60;1224;14;2177.00;61
5171;14;622188753;5171;465;6395;6454;5.22;0.32;300.42;4.62;1224;14;2178.00;59
5174;14;622188766;5174;466;6396;6454;5.14;0.32;300.38;4.62;1222;14;2179.00;58
5176;14;622188779;5176;477;6398;6454;5.06;0.31;300.37;4.64;1222;14;2180.00;56
5176;14;622188791;5176;479;6406;6458;5.03;0.31;300.37;4.68;1230;14;2181.00;52
5178;14;622188804;5178;482;6409;6459;4.95;0.31;300.29;4.68;1231;14;2182.00;50
5181;14;622188816;5181;492;6412;6459;4.88;0.30;300.22;4.71;1231;15;2183.00;47
5184;14;622188838;5184;499;6415;6463;4.81;0.30;300.29;4.72;1231;15;2184.00;48
5185;14;622188850;5185;499;6415;6463;4.78;0.30;300.26;4.72;1230;15;2185.00;48
5186;14;622188862;5186;500;6418;6463;4.72;0.29;300.28;4.74;1232;15;2186.00;45
5189;14;622188876;5189;507;6421;6464;4.66;0.29;300.26;4.74;1232;15;2187.00;43
5190;14;622188887;5190;516;6423;6464;4.62;0.29;300.24;4.77;1233;15;2188.00;41
5192;14;622188900;5192;516;6429;6470;4.61;0.28;300.20;4.78;1237;15;2189.00;41
5198;14;622188916;5198;515;6429;6470;4.56;0.28;299.95;4.78;1231;16;2190.00;41
5198;14;622188938;5198;520;6430;6471;4.57;0.28;299.95;4.78;1232;16;2191.00;41
5200;14;622188950;5200;519;6432;6471;4.54;0.28;299.90;4.81;1232;16;2192.00;39
5200;14;622188963;5200;520;6433;6471;4.51;0.28;299.90;4.81;1233;16;2193.00;38
5202;14;622188978;5202;525;6435;6471;4.50;0.28;299.97;4.84;1233;16;2194.00;36
5204;14;622188989;5204;519;6436;6471;4.51;0.28;300.00;4.84;1232;16;2195.00;35
5206;14;622189002;5206;514;6446;6483;4.52;0.28;299.94;4.83;1240;16;2196.00;37
5208;14;622189015;5208;506;6447;6483;4.54;0.28;299.90;4.84;1239;16;2197.00;36
5210;14;622189027;5210;507;6450;6483;4.59;0.28;299.90;4.88;1240;16;2198.00;33
5210;14;622189041;5210;499;6451;6483;4.62;0.28;299.90;4.88;1241;16;2199.00;32
5211;14;622189053;5211;501;6455;6483;4.61;0.28;299.92;4.92;1244;16;2200.00;28
5213;14;622189070;5213;507;6456;6483;4.61;0.28;299.82;4.92;1243;16;2201.00;27
5216;14;622189084;5216;509;6461;6487;4.59;0.28;299.84;4.93;1245;16;2202.00;26
5218;14;622189098;5218;511;6462;6487;4.56;0.28;299.87;4.93;1244;16;2203.00;25
5222;14;622189110;5222;507;6467;6491;4.59;0.28;299.90;4.94;1245;16;2204.00;24
5226;14;622189122;5226;509;6470;6493;4.55;0.28;299.85;4.94;1244;16;2205.00;23
5228;14;622189135;5228;517;6470;6493;4.56;0.28;299.90;4.94;1242;16;2206.00;23
5231;14;622189146;5231;522;6471;6493;4.54;0.28;300.08;4.95;1240;16;2207.00;22
5234;14;622189158;5234;523;6481;6506;4.55;0.28;299.97;4.95;1247;16;2208.00;25
5236;14;622189171;5236;525;6481;6506;4.54;0.28;299.94;4.95;1245;16;2209.00;25
5237;14;622189192;5237;513;6484;6508;4.54;0.28;299.92;4.95;1247;16;2210.00;24
5239;14;622189204;5239;516;6485;6509;4.58;0.28;299.89;4.95;1246;16;2211.00;24
5245;14;622189216;5245;498;6486;6510;4.58;0.28;299.81;4.95;1241;16;2212.00;24
5247;14;622189229;5247;488;6486;6510;4.63;0.28;299.77;4.95;1239;16;2213.00;24
5249;14;622189240;5249;483;6487;6513;4.71;0.29;299.71;4.94;1238;16;2214.00;26
5253;14;622189253;5253;477;6487;6513;4.74;0.29;299.66;4.94;1234;16;2215.00;26
5257;14;622189266;5257;472;6487;6513;4.81;0.29;299.77;4.94;1230;16;2216.00;26
5261;14;622189278;5261;466;6487;6513;4.86;0.30;299.69;4.94;1226;16;2217.00;26
5265;14;622189291;5265;459;6491;6519;4.92;0.30;299.94;4.94;1226;16;2218.00;28
5268;14;622189304;5268;440;6491;6519;4.99;0.31;300.00;4.94;1223;16;2219.00;28
5271;14;622189318;5271;435;6491;6519;5.02;0.31;300.01;4.94;1220;16;2220.00;28
5274;14;622189331;5274;426;6491;6519;5.02;0.31;300.07;4.94;1217;16;2221.00;28
5277;14;622189344;5277;421;6494;6523;5.04;0.31;300.21;4.94;1217;16;2222.00;29
5281;14;622189357;5281;418;6494;6524;5.07;0.31;300.24;4.94;1213;16;2223.00;30
5285;14;622189370;5285;413;6494;6524;5.10;0.31;300.45;4.94;1209;16;2224.00;30
5289;14;622189383;5289;409;6495;6525;5.19;0.32;300.68;4.94;1206;16;2225.00;30
5291;14;622189396;5291;406;6495;6525;5.29;0.33;300.75;4.94;1204;16;2226.00;30
5297;14;622189409;5297;396;6495;6525;5.37;0.33;300.95;4.94;1198;16;2227.00;30
5301;14;622189422;5301;392;6495;6525;5.41;0.33;300.87;4.94;1194;16;2228.00;30
5305;14;622189435;5305;387;6495;6525;5.50;0.34;300.89;4.94;1190;16;2229.00;30
5308;14;622189447;5308;374;6495;6525;5.56;0.34;301.02;4.94;1187;16;2230.00;30
5314;14;622189461;5314;367;6495;6525;5.62;0.34;301.21;4.94;1181;16;2231.00;30
5318;14;622189475;5318;370;6534;6595;5.72;0.35;301.32;4.91;1216;16;2232.00;61
5322;14;622189497;5322;364;6536;6596;5.79;0.35;301.48;4.91;1214;16;2233.00;60
5326;14;622189519;5326;359;6539;6596;5.79;0.36;301.61;4.91;1213;16;2234.00;57
5330;14;622189543;5330;361;6543;6596;5.82;0.36;301.77;4.91;1213;16;2235.00;53
5334;14;622189563;5334;351;6545;6596;5.86;0.36;301.83;4.91;1211;16;2236.00;51
5339;14;622189585;5339;348;6547;6596;5.87;0.36;301.97;4.92;1208;16;2237.00;49
5342;14;622189605;5342;351;6548;6596;5.89;0.36;302.14;4.92;1206;16;2238.00;48
5347;14;622189622;5347;351;6550;6596;5.83;0.36;302.15;4.92;1203;16;2239.00;46
5351;14;622189637;5351;353;6550;6597;5.80;0.36;302.32;4.92;1199;16;2240.00;47
5359;14;622189654;5359;359;6551;6598;5.75;0.35;302.18;4.93;1192;16;2241.00;47
5361;14;622189670;5361;361;6552;6598;5.78;0.35;302.19;4.93;1191;16;2242.00;46
5365;14;622189685;5365;361;6556;6602;5.80;0.36;302.20;4.93;1191;16;2243.00;46
5368;14;622189702;5368;365;6559;6602;5.77;0.35;302.17;4.93;1191;16;2244.00;43
5372;14;622189717;5372;362;6559;6602;5.77;0.35;302.33;4.93;1187;16;2245.00;43
5377;14;622189731;5377;370;6560;6602;5.79;0.35;302.32;4.95;1183;16;2246.00;42
5381;14;622189746;5381;376;6566;6608;5.78;0.35;302.38;4.95;1185;16;2247.00;42
5384;14;622189761;5384;383;6567;6608;5.80;0.36;302.58;4.95;1183;16;2248.00;41
5385;14;622189782;5385;390;6567;6608;5.86;0.36;302.59;4.95;1182;16;2249.00;41
5388;14;622189805;5388;392;6572;6614;5.93;0.36;302.76;4.95;1184;16;2250.00;42
5393;14;622189820;5393;395;6573;6614;5.92;0.36;302.73;4.96;1180;16;2251.00;41
5396;14;622189835;5396;397;6576;6614;5.92;0.36;302.87;4.96;1180;16;2252.00;38
5400;14;622189850;5400;404;6576;6615;5.89;0.36;302.98;4.96;1176;16;2253.00;39
5403;14;622189864;5403;405;6577;6616;5.88;0.36;303.02;4.96;1174;16;2254.00;39
5405;14;622189879;5405;416;6577;6616;5.90;0.36;303.16;4.96;1172;16;2255.00;39
5407;14;622189893;5407;423;6586;6629;5.93;0.36;303.17;4.96;1179;16;2256.00;43
5409;14;622189909;5409;414;6586;6629;5.91;0.36;303.27;4.96;1177;16;2257.00;43
5414;14;622189924;5414;414;6588;6629;5.85;0.36;303.45;4.96;1174;16;2258.00;41
5416;14;622189939;5416;418;6590;6630;5.87;0.36;303.52;4.97;1174;16;2259.00;40
5421;14;622189953;5421;415;6590;6630;5.78;0.35;303.56;4.97;1169;16;2260.00;40
5422;14;622189979;5422;419;6594;6634;5.79;0.35;303.58;4.96;1172;16;2261.00;40
5425;14;622189999;5425;413;6596;6634;5.77;0.35;303.72;4.98;1171;16;2262.00;38
5426;14;622190015;5426;417;6600;6638;5.79;0.35;303.69;4.98;1174;16;2263.00;38
5428;14;622190036;5428;415;6603;6638;5.77;0.35;303.72;4.98;1175;16;2264.00;35
5434;14;622190051;5434;416;6604;6638;5.74;0.35;303.76;4.98;1170;16;2265.00;34
5438;14;622190065;5438;411;6604;6638;5.74;0.35;303.85;4.98;1166;16;2266.00;34
5441;14;622190080;5441;408;6605;6638;5.73;0.35;304.06;4.98;1164;16;2267.00;33
5445;14;622190095;5445;408;6613;6650;5.69;0.35;304.03;4.98;1168;16;2268.00;37
5449;14;622190110;5449;409;6615;6650;5.64;0.34;304.18;4.97;1166;16;2269.00;35
5450;14;622190125;5450;412;6615;6650;5.67;0.35;304.28;4.97;1165;16;2270.00;35
5452;14;622190141;5452;414;6615;6650;5.67;0.35;304.46;4.97;1163;16;2271.00;35
5455;14;622190156;5455;418;6616;6650;5.69;0.35;304.54;4.97;1161;16;2272.00;34
5456;14;622190170;5456;428;6616;6650;5.72;0.35;304.56;4.97;1160;16;2273.00;34
5459;14;622190184;5459;428;6616;6651;5.73;0.35;304.66;4.97;1157;16;2274.00;35
5461;14;622190198;5461;431;6616;6651;5.72;0.35;304.80;4.97;1155;16;2275.00;35
5463;14;622190213;5463;443;6621;6657;5.76;0.35;304.78;4.97;1158;16;2276.00;36
5465;14;622190228;5465;446;6623;6658;5.78;0.35;305.03;4.98;1158;17;2277.00;35
5468;14;622190253;5468;446;6623;6658;5.73;0.35;305.19;4.98;1155;17;2278.00;35
5469;14;622190268;5469;454;6623;6658;5.73;0.35;305.26;4.98;1154;17;2279.00;35
5471;14;622190283;5471;452;6627;6663;5.70;0.35;305.37;4.97;1156;17;2280.00;36
5473;14;622190298;5473;460;6627;6663;5.65;0.34;305.60;4.97;1154;17;2281.00;36
5477;14;622190312;5477;451;6627;6663;5.63;0.34;305.77;4.97;1150;17;2282.00;36
5479;14;622190327;5479;457;6628;6664;5.64;0.34;305.75;4.97;1149;17;2283.00;36
5481;14;622190341;5481;455;6631;6668;5.66;0.34;305.80;4.97;1150;17;2284.00;37
5486;14;622190356;5486;454;6631;6668;5.63;0.34;305.79;4.97;1145;17;2285.00;37
5491;14;622190370;5491;456;6633;6671;5.62;0.34;305.89;4.97;1142;17;2286.00;38
5494;14;622190384;5494;465;6634;6671;5.58;0.34;305.98;4.97;1140;17;2287.00;37
5494;14;622190397;5494;461;6634;6671;5.54;0.34;305.98;4.97;1140;17;2288.00;37
5500;14;622190411;5500;464;6634;6671;5.45;0.33;306.04;4.97;1134;17;2289.00;37
5502;14;622190424;5502;471;6638;6675;5.47;0.33;306.04;4.97;1136;17;2290.00;37
5504;14;622190437;5504;468;6638;6675;5.45;0.33;306.04;4.97;1134;17;2291.00;37
5505;14;622190450;5505;472;6638;6675;5.43;0.33;306.04;4.97;1133;17;2292.00;37
5507;14;622190463;5507;466;6638;6675;5.40;0.33;306.12;4.97;1131;17;2293.00;37
5508;14;622190485;5508;468;6638;6676;5.39;0.33;306.13;4.97;1130;17;2294.00;38
5512;14;622190499;5512;470;6640;6678;5.35;0.33;306.15;4.96;1128;17;2295.00;38
5512;14;622190512;5512;478;6640;6678;5.33;0.32;306.15;4.96;1128;17;2296.00;38
5515;14;622190524;5515;480;6641;6679;5.32;0.32;306.17;4.96;1126;17;2297.00;38
5516;14;622190537;5516;492;6641;6679;5.33;0.32;306.18;4.96;1125;17;2298.00;38
5517;14;622190549;5517;491;6641;6679;5.32;0.32;306.14;4.96;1124;17;2299.00;38
5521;14;622190563;5521;485;6641;6679;5.28;0.32;306.16;4.96;1120;17;2300.00;38
5523;14;622190580;5523;480;6641;6679;5.28;0.32;306.22;4.96;1118;17;2301.00;38
5523;14;622190593;5523;477;6641;6679;5.27;0.32;306.22;4.96;1118;17;2302.00;38
5526;14;622190604;5526;473;6641;6679;5.22;0.32;306.17;4.96;1115;17;2303.00;38
5527;14;622190617;5527;500;6713;6806;5.36;0.33;306.17;4.91;1186;17;2304.00;93
5529;14;622190638;5529;489;6713;6807;5.31;0.33;306.15;4.91;1184;17;2305.00;94
5532;14;622190651;5532;473;6721;6807;5.42;0.33;306.25;4.91;1189;17;2306.00;86
5535;14;622190664;5535;470;6721;6807;5.46;0.34;306.28;4.91;1186;17;2307.00;86
5536;14;622190676;5536;475;6727;6807;5.51;0.34;306.32;4.91;1191;17;2308.00;80
5536;14;622190689;5536;469;6728;6807;5.57;0.34;306.32;4.91;1192;17;2309.00;79
5539;14;622190704;5539;461;6731;6807;5.57;0.34;306.28;4.91;1192;17;2310.00;76
5541;14;622190718;5541;466;6734;6807;5.59;0.34;306.25;4.91;1193;17;2311.00;73
5543;14;622190731;5543;467;6735;6808;5.54;0.34;306.20;4.91;1192;17;2312.00;73
5545;14;622190744;5545;469;6739;6809;5.58;0.34;306.31;4.91;1194;17;2313.00;70
5549;14;622190757;5549;467;6741;6809;5.54;0.34;306.37;4.93;1192;17;2314.00;68
5553;14;622190772;5553;475;6745;6810;5.50;0.34;306.41;4.96;1192;17;2315.00;65
5556;15;622190785;5556;479;6748;6810;5.48;0.34;306.39;4.96;1192;18;2316.00;62
5558;15;622190809;5558;473;6752;6810;5.41;0.33;306.36;4.97;1194;18;2317.00;58
5560;15;622190827;5560;474;6754;6810;5.38;0.33;306.37;4.97;1194;18;2318.00;56
5563;15;622190840;5563;478;6761;6814;5.37;0.33;306.30;4.98;1198;18;2319.00;53
5567;15;622190853;5567;481;6762;6814;5.33;0.33;306.24;4.98;1195;18;2320.00;52
5569;15;622190866;5569;484;6764;6814;5.34;0.33;306.15;4.98;1195;18;2321.00;50
5571;15;622190879;5571;487;6766;6817;5.34;0.33;306.11;4.98;1195;18;2322.00;51
5573;15;622190895;5573;490;6767;6817;5.36;0.33;306.04;4.98;1194;18;2323.00;50
5576;15;622190907;5576;488;6769;6817;5.38;0.33;305.95;4.98;1193;18;2324.00;48
5577;15;622190919;5577;491;6772;6821;5.39;0.33;305.93;4.98;1195;18;2325.00;49
5583;16;622190933;5583;490;6773;6822;5.36;0.33;305.74;4.98;1190;19;2326.00;49
5586;16;622190956;5586;497;6775;6822;5.39;0.33;305.66;4.98;1189;19;2327.00;47
5587;16;622190968;5587;495;6778;6826;5.38;0.33;305.61;4.98;1191;19;2328.00;48
5588;16;622190981;5588;486;6778;6826;5.36;0.33;305.71;4.98;1190;19;2329.00;48
5591;16;622190994;5591;488;6779;6826;5.31;0.33;305.60;4.98;1188;19;2330.00;47
5592;16;622191006;5592;493;6780;6827;5.29;0.32;305.62;4.98;1188;19;2331.00;47
5592;16;622191022;5592;498;6780;6827;5.27;0.32;305.62;4.98;1188;19;2332.00;47
5594;16;622191034;5594;499;6785;6833;5.31;0.32;305.56;4.98;1191;19;2333.00;48
5597;16;622191049;5597;502;6785;6833;5.32;0.33;305.65;4.98;1188;19;2334.00;48
5597;16;622191062;5597;503;6785;6834;5.32;0.33;305.65;4.98;1188;19;2335.00;49
5599;16;622191076;5599;506;6786;6834;5.32;0.33;305.74;5.00;1187;19;2336.00;48
5602;16;622191089;5602;511;6787;6834;5.27;0.32;305.68;5.03;1185;19;2337.00;47
5603;16;622191103;5603;516;6787;6834;5.24;0.32;305.70;5.03;1184;19;2338.00;47
5604;16;622191116;5604;518;6788;6834;5.20;0.32;305.75;5.05;1184;19;2339.00;46
5607;16;622191131;5607;526;6814;6870;5.22;0.32;305.68;5.06;1207;19;2340.00;56
5607;16;622191149;5607;534;6815;6870;5.17;0.32;305.68;5.06;1208;19;2341.00;55
5608;16;622191162;5608;537;6819;6870;5.14;0.32;305.65;5.08;1211;19;2342.00;51
5610;16;622191175;5610;538;6820;6870;5.10;0.31;305.66;5.11;1210;19;2343.00;50
5612;16;622191189;5612;540;6822;6870;5.04;0.31;305.65;5.13;1210;19;2344.00;48
5612;16;622191203;5612;542;6823;6870;4.98;0.31;305.65;5.16;1211;19;2345.00;47
5613;16;622191223;5613;549;6828;6874;4.97;0.31;305.68;5.18;1215;19;2346.00;46
5615;16;622191235;5615;533;6828;6874;4.95;0.30;305.66;5.18;1213;19;2347.00;46
5615;16;622191248;5615;532;6833;6878;5.01;0.31;305.66;5.21;1218;19;2348.00;45
5617;16;622191261;5617;521;6834;6879;5.01;0.31;305.59;5.21;1217;19;2349.00;45
5619;16;622191273;5619;512;6835;6879;5.03;0.31;305.58;5.23;1216;19;2350.00;44
5620;16;622191285;5620;513;6837;6879;5.02;0.31;305.66;5.28;1217;19;2351.00;42
5622;16;622191297;5622;513;6848;6892;5.06;0.31;305.59;5.27;1226;19;2352.00;44
5623;16;622191318;5623;505;6848;6892;5.02;0.31;305.58;5.27;1225;19;2353.00;44
5626;16;622191336;5626;508;6849;6892;4.99;0.30;305.51;5.29;1223;19;2354.00;43
5627;16;622191348;5627;505;6850;6893;4.97;0.30;305.54;5.29;1223;19;2355.00;43
5630;16;622191361;5630;508;6851;6894;4.97;0.30;305.47;5.31;1221;19;2356.00;43
5631;16;622191381;5631;510;6851;6894;4.99;0.30;305.45;5.31;1220;19;2357.00;43
5633;16;622191394;5633;515;6854;6897;5.02;0.31;305.41;5.31;1221;19;2358.00;43
5636;16;622191411;5636;515;6854;6897;4.99;0.30;305.32;5.31;1218;19;2359.00;43
5638;16;622191423;5638;510;6856;6897;4.92;0.30;305.33;5.35;1218;19;2360.00;41
5638;16;622191435;5638;502;6858;6897;4.95;0.30;305.33;5.39;1220;19;2361.00;39
5638;16;622191447;5638;502;6865;6903;5.02;0.30;305.33;5.43;1227;19;2362.00;38
5638;16;622191460;5638;496;6865;6903;5.01;0.30;305.33;5.43;1227;19;2363.00;38
5639;16;622191478;5639;493;6865;6903;5.00;0.30;305.31;5.43;1226;19;2364.00;38
5642;16;622191492;5642;492;6867;6903;4.95;0.30;305.25;5.46;1225;19;2365.00;36
5645;16;622191511;5645;495;6870;6907;4.88;0.30;305.31;5.46;1225;19;2366.00;37
5645;16;622191533;5645;495;6871;6908;4.88;0.30;305.31;5.46;1226;19;2367.00;37
5648;16;622191553;5648;487;6873;6908;4.88;0.30;305.21;5.50;1225;19;2368.00;35
5650;16;622191571;5650;485;6874;6909;4.94;0.30;305.14;5.50;1224;19;2369.00;35
5652;16;622191593;5652;488;6876;6909;4.91;0.30;305.28;5.53;1224;19;2370.00;33
5653;16;622191610;5653;481;6876;6909;4.91;0.30;305.29;5.53;1223;19;2371.00;33
5654;16;622191623;5654;481;6876;6909;4.91;0.30;305.25;5.53;1222;19;2372.00;33
5657;16;622191637;5657;476;6876;6909;4.89;0.30;305.35;5.53;1219;19;2373.00;33
5657;16;622191650;5657;473;6879;6909;4.89;0.30;305.35;5.58;1222;19;2374.00;30
5661;16;622191664;5661;469;6880;6909;4.85;0.29;305.57;5.59;1219;19;2375.00;29
5664;16;622191676;5664;491;6930;6979;4.87;0.30;305.63;5.58;1266;19;2376.00;49
5666;16;622191697;5666;476;6932;6980;4.83;0.30;305.66;5.58;1266;19;2377.00;48
5669;16;622191711;5669;474;6935;6980;4.81;0.29;305.82;5.58;1266;19;2378.00;45
5671;16;622191724;5671;476;6941;6980;4.76;0.29;305.84;5.61;1270;19;2379.00;39
5674;16;622191745;5674;457;6941;6980;4.76;0.29;305.98;5.61;1267;19;2380.00;39
5677;16;622191759;5677;455;6942;6980;4.75;0.29;305.97;5.62;1265;19;2381.00;38
5680;16;622191775;5680;446;6944;6980;4.74;0.29;306.03;5.63;1264;19;2382.00;36
5684;16;622191789;5684;440;6945;6980;4.73;0.29;306.20;5.63;1261;19;2383.00;35
5688;16;622191805;5688;432;6949;6981;4.74;0.29;306.34;5.64;1261;19;2384.00;32
5691;16;622191822;5691;434;6951;6983;4.75;0.29;306.47;5.65;1260;19;2385.00;32
5695;16;622191836;5695;442;6951;6983;4.78;0.29;306.56;5.65;1256;19;2386.00;32
5697;16;622191850;5697;442;6955;6987;4.87;0.30;306.62;5.65;1258;19;2387.00;32
5700;16;622191864;5700;441;6955;6987;4.98;0.30;306.70;5.65;1255;19;2388.00;32
5703;16;622191877;5703;446;6957;6987;5.04;0.31;306.76;5.65;1254;19;2389.00;30
5707;16;622191891;5707;441;6957;6987;5.09;0.31;306.96;5.65;1250;19;2390.00;30
5710;16;622191905;5710;428;6961;6993;5.12;0.31;307.02;5.65;1251;19;2391.00;32
5712;16;622191921;5712;426;6963;6993;5.19;0.32;307.04;5.65;1251;19;2392.00;30
5717;16;622191936;5717;420;6963;6993;5.19;0.32;307.24;5.65;1246;19;2393.00;30
5722;16;622191951;5722;418;6964;6996;5.20;0.32;307.17;5.65;1242;19;2394.00;32
5726;16;622191967;5726;412;6964;6996;5.25;0.32;307.16;5.65;1238;19;2395.00;32
5731;16;622191988;5731;407;6964;6996;5.29;0.32;307.30;5.65;1233;19;2396.00;32
5737;16;622192003;5737;406;6964;6997;5.26;0.32;307.30;5.65;1227;19;2397.00;33
5740;16;622192018;5740;404;6964;6998;5.29;0.32;307.38;5.65;1224;19;2398.00;34
5742;16;622192034;5742;403;6964;6998;5.29;0.32;307.39;5.65;1222;19;2399.00;34
5748;16;622192049;5748;407;6985;7057;5.29;0.32;307.38;5.63;1237;19;2400.00;72
5751;16;622192075;5751;400;6986;7057;5.32;0.32;307.45;5.63;1235;19;2401.00;71
5753;16;622192090;5753;395;6989;7057;5.35;0.33;307.49;5.63;1236;19;2402.00;68
5758;16;622192105;5758;399;6990;7058;5.36;0.33;307.63;5.63;1232;19;2403.00;68
5762;16;622192125;5762;393;6992;7058;5.37;0.33;307.78;5.63;1230;19;2404.00;66
5765;16;622192140;5765;394;6994;7062;5.40;0.33;307.93;5.63;1229;19;2405.00;68
5768;16;622192154;5768;391;6996;7062;5.45;0.33;307.98;5.63;1228;19;2406.00;66
5770;16;622192168;5770;385;7000;7066;5.49;0.33;308.04;5.63;1230;19;2407.00;66
5773;16;622192183;5773;390;7001;7066;5.55;0.34;308.08;5.63;1228;19;2408.00;65
5776;16;622192198;5776;395;7001;7066;5.62;0.34;308.23;5.63;1225;19;2409.00;65
5778;16;622192214;5778;392;7003;7066;5.64;0.34;308.22;5.63;1225;19;2410.00;63
5779;16;622192229;5779;393;7005;7066;5.67;0.35;308.31;5.63;1226;19;2411.00;61
5784;16;622192243;5784;396;7010;7078;5.69;0.35;308.32;5.63;1226;19;2412.00;68
5787;16;622192261;5787;398;7013;7078;5.70;0.35;308.42;5.64;1226;19;2413.00;65
5791;16;622192275;5791;407;7013;7078;5.73;0.35;308.62;5.64;1222;19;2414.00;65
5795;16;622192290;5795;408;7014;7078;5.76;0.35;308.73;5.64;1219;19;2415.00;64
5797;16;622192305;5797;405;7017;7078;5.79;0.35;308.81;5.64;1220;19;2416.00;61
5799;16;622192326;5799;407;7019;7078;5.81;0.36;308.89;5.64;1220;19;2417.00;59
5802;16;622192341;5802;411;7022;7079;5.80;0.35;308.92;5.65;1220;19;2418.00;57
5806;16;622192356;5806;421;7024;7079;5.77;0.35;309.04;5.65;1218;19;2419.00;55
5812;16;622192371;5812;416;7026;7085;5.73;0.35;309.11;5.65;1214;19;2420.00;59
5815;16;622192386;5815;424;7028;7086;5.71;0.35;309.10;5.65;1213;19;2421.00;58
5819;16;622192401;5819;428;7031;7086;5.62;0.34;309.20;5.65;1212;19;2422.00;55
5824;16;622192415;5824;435;7032;7086;5.56;0.34;309.28;5.65;1208;19;2423.00;54
5828;16;622192430;5828;446;7035;7090;5.48;0.33;309.47;5.65;1207;19;2424.00;55
5828;16;622192450;5828;454;7036;7090;5.45;0.33;309.47;5.65;1208;19;2425.00;54
5834;16;622192464;5834;448;7037;7090;5.39;0.33;309.81;5.65;1203;19;2426.00;53
5838;16;622192479;5838;440;7039;7091;5.37;0.33;310.00;5.66;1201;19;2427.00;52
5841;16;622192500;5841;440;7044;7095;5.38;0.33;309.98;5.67;1203;19;2428.00;51
5846;16;622192518;5846;445;7045;7095;5.35;0.33;310.29;5.67;1199;19;2429.00;50
5848;16;622192535;5848;441;7049;7101;5.33;0.33;310.26;5.67;1201;19;2430.00;52
5850;16;622192549;5850;447;7050;7101;5.38;0.33;310.20;5.67;1200;19;2431.00;51
5853;16;622192563;5853;457;7052;7101;5.42;0.33;310.37;5.68;1199;19;2432.00;49
5856;16;622192577;5856;450;7052;7101;5.42;0.33;310.48;5.68;1196;19;2433.00;49
5858;16;622192596;5858;457;7057;7105;5.45;0.33;310.63;5.68;1199;19;2434.00;48
5862;16;622192611;5862;458;7057;7105;5.41;0.33;310.74;5.68;1195;19;2435.00;48
5863;16;622192624;5863;455;7057;7105;5.43;0.33;310.79;5.68;1194;19;2436.00;48
5865;16;622192637;5865;446;7057;7105;5.43;0.33;310.79;5.68;1192;19;2437.00;48
5867;16;622192651;5867;448;7057;7106;5.44;0.33;310.83;5.68;1190;19;2438.00;49
5871;16;622192664;5871;444;7059;7107;5.45;0.33;310.87;5.69;1188;19;2439.00;48
5876;16;622192678;5876;455;7060;7107;5.46;0.33;310.88;5.69;1184;19;2440.00;47
5882;16;622192692;5882;458;7061;7108;5.48;0.33;311.01;5.69;1179;19;2441.00;47
5882;16;622192707;5882;461;7061;7108;5.48;0.33;311.01;5.69;1179;19;2442.00;47
5884;16;622192720;5884;460;7061;7108;5.45;0.33;311.09;5.69;1177;19;2443.00;47
5888;16;622192733;5888;466;7061;7108;5.38;0.33;311.15;5.69;1173;19;2444.00;47
5891;16;622192747;5891;461;7062;7108;5.36;0.33;311.22;5.70;1171;19;2445.00;46
5894;16;622192760;5894;463;7062;7108;5.29;0.32;311.35;5.70;1168;19;2446.00;46
5897;16;622192773;5897;460;7062;7108;5.24;0.32;311.44;5.70;1165;19;2447.00;46
5899;16;622192787;5899;479;7129;7235;5.39;0.33;311.58;5.64;1230;19;2448.00;106
5902;16;622192810;5902;479;7129;7236;5.31;0.33;311.66;5.64;1227;19;2449.00;107
5905;16;622192824;5905;475;7136;7236;5.34;0.33;311.77;5.65;1231;19;2450.00;100
5908;16;622192837;5908;467;7139;7236;5.31;0.33;312.02;5.64;1231;19;2451.00;97
5909;16;622192851;5909;473;7144;7236;5.32;0.33;312.12;5.64;1235;19;2452.00;92
5910;16;622192884;5910;472;7146;7236;5.35;0.33;312.16;5.65;1236;19;2453.00;90
5912;16;622192898;5912;474;7150;7236;5.36;0.33;312.14;5.65;1238;19;2454.00;86
5914;16;622192911;5914;471;7154;7236;5.40;0.33;312.12;5.65;1240;19;2455.00;82
5918;16;622192924;5918;479;7158;7237;5.40;0.33;312.14;5.66;1240;19;2456.00;79
5919;16;622192938;5919;481;7163;7238;5.42;0.33;312.27;5.67;1244;19;2457.00;75
5923;16;622192952;5923;479;7165;7238;5.41;0.33;312.43;5.67;1242;19;2458.00;73
5924;16;622192966;5924;472;7167;7239;5.42;0.33;312.43;5.67;1243;19;2459.00;72
5927;16;622192982;5927;481;7172;7239;5.39;0.33;312.67;5.68;1245;19;2460.00;67
5930;16;622192995;5930;481;7175;7239;5.37;0.33;312.83;5.68;1245;19;2461.00;64
5932;16;622193009;5932;497;7178;7239;5.31;0.33;312.80;5.69;1246;19;2462.00;61
5937;16;622193022;5937;498;7183;7243;5.26;0.32;312.91;5.69;1246;19;2463.00;60
5939;16;622193036;5939;503;7183;7243;5.18;0.32;312.94;5.69;1244;19;2464.00;60
5942;16;622193050;5942;512;7184;7243;5.12;0.31;313.02;5.69;1242;19;2465.00;59
5943;16;622193069;5943;517;7186;7246;5.10;0.31;313.03;5.69;1243;19;2466.00;60
5947;16;622193083;5947;525;7187;7246;5.04;0.31;313.36;5.69;1240;19;2467.00;59
5949;16;622193103;5949;533;7189;7246;5.03;0.31;313.50;5.71;1240;19;2468.00;57
5951;16;622193118;5951;538;7196;7250;5.01;0.31;313.47;5.71;1245;19;2469.00;54
5954;16;622193131;5954;540;7198;7251;5.00;0.31;313.51;5.71;1244;19;2470.00;53
5956;16;622193145;5956;537;7198;7251;5.00;0.31;313.49;5.71;1242;19;2471.00;53
5958;16;622193158;5958;528;7201;7255;5.02;0.31;313.51;5.71;1243;19;2472.00;54
5960;16;622193172;5960;530;7201;7255;5.05;0.31;313.61;5.71;1241;19;2473.00;54
5962;16;622193186;5962;531;7201;7255;5.07;0.31;313.62;5.71;1239;19;2474.00;54
5966;16;622193199;5966;531;7203;7257;5.09;0.31;313.58;5.71;1237;19;2475.00;54
5969;16;622193212;5969;530;7203;7257;5.12;0.31;313.65;5.71;1234;19;2476.00;54
5971;16;622193226;5971;530;7208;7263;5.11;0.31;313.57;5.71;1237;19;2477.00;55
5976;16;622193239;5976;526;7208;7263;5.10;0.31;313.57;5.71;1232;19;2478.00;55
5978;16;622193252;5978;529;7208;7264;5.03;0.31;313.62;5.71;1230;19;2479.00;56
5983;16;622193266;5983;533;7208;7264;4.96;0.30;313.52;5.71;1225;19;2480.00;56
5985;16;622193278;5985;537;7208;7264;4.90;0.30;313.53;5.71;1223;19;2481.00;56
5990;16;622193291;5990;530;7208;7264;4.82;0.30;313.51;5.71;1218;19;2482.00;56
5994;16;622193304;5994;525;7208;7264;4.75;0.29;313.62;5.71;1214;19;2483.00;56
5997;16;622193316;5997;524;7218;7276;4.74;0.29;313.63;5.70;1221;19;2484.00;58
6002;16;622193330;6002;515;7221;7276;4.69;0.29;313.55;5.75;1219;19;2485.00;55
6003;16;622193344;6003;516;7221;7276;4.68;0.29;313.50;5.75;1218;19;2486.00;55
6007;16;622193356;6007;524;7221;7276;4.66;0.28;313.50;5.75;1214;19;2487.00;55
6009;16;622193368;6009;521;7221;7276;4.68;0.28;313.62;5.75;1212;19;2488.00;55
6012;16;622193381;6012;518;7221;7276;4.70;0.29;313.55;5.75;1209;19;2489.00;55
6013;16;622193396;6013;521;7224;7280;4.69;0.29;313.53;5.75;1211;19;2490.00;56
6017;16;622193408;6017;518;7224;7280;4.68;0.28;313.47;5.75;1207;19;2491.00;56
6020;16;622193420;6020;514;7228;7284;4.70;0.28;313.43;5.74;1208;19;2492.00;56
6022;16;622193433;6022;511;7228;7285;4.66;0.28;313.44;5.74;1206;19;2493.00;57
6023;16;622193446;6023;514;7229;7285;4.69;0.28;313.46;5.74;1206;19;2494.00;56
6023;16;622193458;6023;516;7229;7285;4.68;0.28;313.46;5.74;1206;19;2495.00;56
6026;16;622193470;6026;525;7239;7298;4.69;0.28;313.39;5.75;1213;19;2496.00;59
6028;16;622193483;6028;516;7239;7298;4.64;0.28;313.32;5.75;1211;19;2497.00;59
6030;16;622193499;6030;512;7239;7298;4.64;0.28;313.44;5.75;1209;19;2498.00;59
6034;16;622193519;6034;494;7240;7299;4.65;0.28;313.52;5.75;1206;19;2499.00;59
6036;16;622193541;6036;481;7240;7300;4.67;0.28;313.49;5.75;1204;19;2500.00;60
6036;16;622193568;6036;474;7240;7300;4.71;0.29;313.49;5.75;1204;19;2501.00;60
6039;16;622193586;6039;471;7244;7303;4.81;0.29;313.39;5.76;1205;19;2502.00;59
6040;16;622193606;6040;463;7245;7303;4.90;0.30;313.37;5.76;1205;19;2503.00;58
6041;16;622193620;6041;460;7246;7303;4.98;0.30;313.36;5.77;1205;19;2504.00;57
6041;16;622193634;6041;454;7247;7303;5.07;0.31;313.36;5.78;1206;19;2505.00;56
6041;16;622193655;6041;454;7252;7309;5.20;0.32;313.36;5.77;1211;19;2506.00;57
6042;16;622193669;6042;452;7253;7309;5.26;0.32;313.34;5.78;1211;19;2507.00;56
6044;16;622193683;6044;447;7254;7309;5.28;0.32;313.37;5.79;1210;19;2508.00;55
6045;17;622193704;6045;450;7254;7309;5.30;0.32;313.35;5.79;1209;20;2509.00;55
6046;17;622193732;6046;452;7258;7313;5.30;0.32;313.35;5.79;1212;20;2510.00;55
6048;17;622193746;6048;453;7261;7314;5.28;0.32;313.40;5.81;1213;20;2511.00;53
6051;17;622193759;6051;456;7261;7314;5.27;0.32;313.37;5.81;1210;20;2512.00;53
6052;17;622193773;6052;457;7263;7315;5.26;0.32;313.32;5.84;1211;20;2513.00;52
6054;17;622193786;6054;458;7263;7315;5.21;0.32;313.28;5.84;1209;20;2514.00;52
6054;17;622193800;6054;462;7264;7315;5.24;0.32;313.28;5.87;1210;20;2515.00;51
6056;17;622193813;6056;461;7264;7315;5.28;0.32;313.27;5.87;1208;20;2516.00;51
6056;17;622193825;6056;460;7265;7315;5.32;0.32;313.27;5.90;1209;20;2517.00;50
6057;17;622193840;6057;453;7265;7315;5.35;0.32;313.25;5.90;1208;20;2518.00;50
6057;17;622193853;6057;452;7265;7315;5.40;0.33;313.25;5.90;1208;20;2519.00;50
6057;17;622193867;6057;468;7331;7440;5.62;0.35;313.25;5.84;1274;20;2520.00;109
6061;17;622193891;6061;461;7335;7441;5.56;0.34;313.33;5.89;1274;20;2521.00;106
6063;17;622193904;6063;447;7346;7441;5.56;0.34;313.40;5.91;1283;20;2522.00;95
6067;17;622193917;6067;452;7355;7441;5.51;0.34;313.42;5.94;1288;20;2523.00;86
6068;17;622193931;6068;447;7362;7441;5.49;0.34;313.41;5.93;1294;20;2524.00;79
6070;17;622193944;6070;444;7365;7441;5.45;0.33;313.41;5.98;1295;20;2525.00;76
6070;17;622193958;6070;457;7371;7441;5.46;0.34;313.41;5.98;1301;20;2526.00;70
6071;17;622193973;6071;457;7376;7441;5.41;0.33;313.44;5.98;1305;20;2527.00;65
6074;17;622193987;6074;467;7382;7442;5.36;0.33;313.54;6.03;1308;20;2528.00;60
6079;17;622194000;6079;476;7386;7443;5.29;0.32;313.51;6.03;1307;20;2529.00;57
6079;17;622194015;6079;472;7390;7443;5.29;0.32;313.51;6.03;1311;20;2530.00;53
6081;17;622194030;6081;481;7395;7447;5.26;0.32;313.61;6.08;1314;20;2531.00;52
6083;17;622194044;6083;479;7395;7447;5.22;0.32;313.58;6.08;1312;20;2532.00;52
6085;17;622194058;6085;483;7397;7447;5.20;0.32;313.50;6.12;1312;20;2533.00;50
6086;17;622194071;6086;493;7397;7447;5.20;0.32;313.47;6.12;1311;20;2534.00;50
6091;17;622194086;6091;495;7401;7453;5.20;0.32;313.68;6.12;1310;20;2535.00;52
6095;17;622194101;6095;501;7403;7453;5.18;0.32;313.77;6.16;1308;20;2536.00;50
6096;17;622194115;6096;498;7404;7455;5.20;0.32;313.78;6.16;1308;20;2537.00;51
6098;17;622194128;6098;503;7405;7458;5.20;0.32;313.86;6.16;1307;20;2538.00;53
6102;17;622194142;6102;501;7409;7458;5.17;0.32;314.05;6.20;1307;20;2539.00;49
6103;17;622194157;6103;507;7409;7458;5.15;0.32;314.02;6.20;1306;20;2540.00;49
6105;17;622194171;6105;503;7409;7459;5.10;0.31;314.12;6.20;1304;20;2541.00;50
6109;17;622194184;6109;504;7410;7460;5.07;0.31;314.22;6.20;1301;20;2542.00;50
6111;17;622194198;6111;496;7410;7460;5.03;0.31;314.34;6.20;1299;20;2543.00;50
6120;17;622194211;6120;494;7419;7473;4.97;0.31;314.57;6.20;1299;20;2544.00;54
6121;17;622194248;6121;493;7419;7473;4.99;0.31;314.52;6.20;1298;20;2545.00;54
6127;17;622194262;6127;486;7421;7473;4.99;0.31;314.62;6.20;1294;20;2546.00;52
6130;17;622194275;6130;490;7422;7474;4.99;0.31;314.71;6.20;1292;20;2547.00;52
6135;17;622194289;6135;489;7422;7474;4.97;0.30;314.69;6.20;1287;20;2548.00;52
6139;17;622194303;6139;497;7425;7478;4.93;0.30;314.82;6.19;1286;20;2549.00;53
6140;17;622194318;6140;486;7429;7481;4.93;0.30;314.82;6.19;1289;20;2550.00;52
6143;17;622194333;6143;486;7433;7485;4.85;0.30;314.75;6.19;1290;20;2551.00;52
6147;17;622194346;6147;479;7434;7485;4.82;0.30;314.87;6.19;1287;20;2552.00;51
6148;17;622194360;6148;472;7434;7485;4.86;0.30;314.91;6.19;1286;20;2553.00;51
6151;17;622194373;6151;467;7434;7485;4.90;0.30;314.85;6.19;1283;20;2554.00;51
6152;17;622194393;6152;462;7434;7485;4.97;0.31;314.93;6.19;1282;20;2555.00;51
6157;17;622194407;6157;467;7443;7497;5.05;0.31;315.08;6.18;1286;20;2556.00;54
6161;17;622194422;6161;458;7445;7497;5.14;0.32;315.12;6.18;1284;20;2557.00;52
6163;17;622194437;6163;454;7445;7497;5.23;0.32;315.07;6.18;1282;20;2558.00;52
6168;17;622194451;6168;452;7445;7497;5.24;0.32;315.13;6.18;1277;20;2559.00;52
6171;17;622194465;6171;443;7445;7497;5.26;0.32;315.15;6.18;1274;20;2560.00;52
6173;17;622194480;6173;435;7445;7497;5.26;0.32;315.23;6.18;1272;20;2561.00;52
6177;17;622194494;6177;430;7445;7498;5.27;0.32;315.37;6.18;1268;20;2562.00;53
6180;17;622194511;6180;426;7445;7498;5.32;0.33;315.42;6.18;1265;20;2563.00;53
6185;17;622194526;6185;416;7450;7504;5.41;0.33;315.55;6.18;1265;20;2564.00;54
6191;17;622194541;6191;423;7452;7506;5.41;0.33;315.74;6.18;1261;20;2565.00;54
6194;17;622194556;6194;428;7452;7506;5.46;0.33;315.82;6.18;1258;20;2566.00;54
6197;17;622194570;6197;425;7452;7506;5.54;0.34;315.89;6.18;1255;20;2567.00;54
6206;17;622194584;6206;424;7455;7510;5.54;0.34;316.16;6.17;1249;20;2568.00;55
6209;17;622194599;6209;420;7455;7510;5.60;0.34;316.10;6.17;1246;20;2569.00;55
6213;17;622194613;6213;409;7455;7510;5.67;0.35;316.24;6.17;1242;20;2570.00;55
6218;17;622194627;6218;408;7456;7511;5.71;0.35;316.18;6.17;1238;20;2571.00;55
6219;17;622194642;6219;406;7459;7515;5.74;0.35;316.23;6.17;1240;20;2572.00;56
6224;17;622194656;6224;399;7459;7515;5.71;0.35;316.52;6.17;1235;20;2573.00;56
6230;17;622194670;6230;399;7462;7518;5.71;0.35;316.52;6.17;1232;20;2574.00;56
6237;17;622194684;6237;403;7462;7518;5.67;0.35;316.70;6.17;1225;20;2575.00;56
6240;17;622194698;6240;399;7462;7518;5.70;0.35;316.73;6.17;1222;20;2576.00;56
6247;17;622194711;6247;393;7462;7518;5.67;0.35;316.94;6.17;1215;20;2577.00;56
6252;17;622194725;6252;395;7465;7522;5.68;0.35;316.99;6.17;1213;20;2578.00;57
6258;17;622194739;6258;396;7465;7522;5.67;0.35;317.21;6.17;1207;20;2579.00;57
6263;17;622194761;6263;399;7465;7522;5.68;0.35;317.28;6.17;1202;20;2580.00;57
6269;17;622194775;6269;398;7466;7522;5.66;0.35;317.40;6.17;1197;20;2581.00;56
6275;17;622194788;6275;399;7466;7523;5.66;0.34;317.46;6.17;1191;20;2582.00;57
6280;17;622194802;6280;402;7468;7524;5.67;0.34;317.53;6.17;1188;20;2583.00;56
6284;17;622194816;6284;405;7468;7524;5.70;0.35;317.60;6.17;1184;20;2584.00;56
6285;17;622194830;6285;408;7469;7525;5.75;0.35;317.63;6.17;1184;20;2585.00;56
6288;17;622194843;6288;417;7469;7525;5.74;0.35;317.56;6.17;1181;20;2586.00;56
6294;17;622194857;6294;414;7469;7525;5.73;0.35;317.61;6.17;1175;20;2587.00;56
6296;17;622194870;6296;422;7469;7525;5.76;0.35;317.69;6.17;1173;20;2588.00;56
6303;17;622194884;6303;424;7469;7525;5.63;0.34;317.84;6.17;1166;20;2589.00;56
6309;17;622194897;6309;433;7469;7525;5.57;0.34;318.07;6.17;1160;20;2590.00;56
6311;17;622194910;6311;442;7469;7525;5.50;0.34;318.13;6.17;1158;20;2591.00;56
6313;17;622194923;6313;468;7534;7652;5.71;0.35;318.19;6.12;1221;20;2592.00;118
6315;17;622194946;6315;468;7540;7653;5.67;0.35;318.29;6.11;1225;20;2593.00;113
6320;17;622194960;6320;469;7546;7653;5.66;0.35;318.54;6.11;1226;20;2594.00;107
6323;17;622194973;6323;471;7548;7653;5.63;0.35;318.56;6.11;1225;20;2595.00;105
6325;17;622194987;6325;488;7552;7653;5.61;0.35;318.71;6.11;1227;20;2596.00;101
6327;17;622195000;6327;477;7556;7653;5.60;0.35;318.85;6.11;1229;20;2597.00;97
6330;17;622195013;6330;474;7559;7653;5.58;0.34;318.87;6.11;1229;20;2598.00;94
6330;17;622195027;6330;482;7563;7653;5.54;0.34;318.87;6.11;1233;20;2599.00;90
6334;17;622195046;6334;486;7564;7654;5.49;0.34;318.90;6.11;1230;20;2600.00;90
6336;17;622195064;6336;490;7568;7655;5.48;0.34;319.00;6.12;1232;20;2601.00;87
6338;17;622195078;6338;486;7571;7655;5.42;0.33;319.03;6.12;1233;20;2602.00;84
6340;17;622195091;6340;488;7573;7656;5.36;0.33;319.13;6.12;1233;20;2603.00;83
6345;17;622195105;6345;498;7576;7656;5.34;0.33;319.12;6.13;1231;20;2604.00;80
6349;17;622195119;6349;504;7576;7656;5.27;0.32;319.16;6.13;1227;20;2605.00;80
6350;17;622195132;6350;495;7577;7656;5.25;0.32;319.23;6.13;1227;20;2606.00;79
6354;17;622195146;6354;495;7582;7660;5.23;0.32;319.29;6.13;1228;20;2607.00;78
6354;17;622195161;6354;498;7584;7660;5.23;0.32;319.29;6.13;1230;20;2608.00;76
6356;17;622195175;6356;497;7585;7660;5.20;0.32;319.37;6.13;1229;20;2609.00;75
6361;17;622195196;6361;502;7589;7666;5.19;0.32;319.38;6.13;1228;20;2610.00;77
6364;17;622195210;6364;502;7591;7666;5.17;0.32;319.46;6.13;1227;20;2611.00;75
6369;17;622195224;6369;498;7594;7666;5.14;0.31;319.54;6.13;1225;20;2612.00;72
6370;17;622195238;6370;502;7598;7670;5.12;0.31;319.55;6.13;1228;20;2613.00;72
6373;17;622195253;6373;500;7600;7671;5.10;0.31;319.62;6.13;1227;20;2614.00;71
6375;17;622195267;6375;498;7600;7671;5.09;0.31;319.60;6.13;1225;20;2615.00;71
6375;17;622195281;6375;509;7603;7675;5.09;0.31;319.60;6.13;1228;20;2616.00;72
6378;17;622195294;6378;513;7605;7675;5.07;0.31;319.63;6.14;1227;20;2617.00;70
6380;17;622195308;6380;512;7606;7675;5.08;0.31;319.60;6.14;1226;20;2618.00;69
6382;17;622195322;6382;515;7607;7676;5.07;0.31;319.58;6.14;1225;20;2619.00;69
6382;17;622195336;6382;510;7608;7676;5.09;0.31;319.58;6.14;1226;20;2620.00;68
6384;17;622195349;6384;512;7613;7682;5.10;0.31;319.58;6.13;1229;20;2621.00;69
6385;17;622195363;6385;507;7613;7682;5.11;0.31;319.55;6.13;1228;20;2622.00;69
6389;17;622195376;6389;514;7613;7683;5.08;0.31;319.60;6.13;1224;20;2623.00;70
6391;17;622195390;6391;511;7613;7683;5.06;0.31;319.59;6.13;1222;20;2624.00;70
6393;17;622195403;6393;503;7613;7683;5.00;0.30;319.64;6.13;1220;20;2625.00;70
6395;17;622195416;6395;513;7613;7683;4.95;0.30;319.67;6.13;1218;20;2626.00;70
6398;17;622195428;6398;512;7613;7683;4.89;0.30;319.66;6.13;1215;20;2627.00;70
6400;17;622195441;6400;516;7623;7695;4.89;0.30;319.66;6.12;1223;20;2628.00;72
6401;17;622195455;6401;515;7624;7695;4.85;0.30;319.65;6.12;1223;20;2629.00;71
6405;17;622195467;6405;511;7624;7695;4.85;0.30;319.60;6.12;1219;20;2630.00;71
6407;17;622195480;6407;515;7624;7695;4.83;0.30;319.52;6.12;1217;20;2631.00;71
6409;17;622195493;6409;520;7624;7695;4.82;0.30;319.48;6.12;1215;20;2632.00;71
6409;17;622195521;6409;525;7624;7695;4.81;0.30;319.48;6.12;1215;20;2633.00;71
6411;17;622195540;6411;531;7627;7699;4.80;0.29;319.51;6.12;1216;20;2634.00;72
6416;17;622195561;6416;533;7627;7699;4.75;0.29;319.44;6.12;1211;20;2635.00;72
6420;17;622195580;6420;533;7631;7703;4.76;0.29;319.48;6.12;1211;20;2636.00;72
6424;17;622195601;6424;534;7632;7704;4.79;0.29;319.55;6.12;1208;20;2637.00;72
6426;17;622195619;6426;541;7632;7704;4.73;0.29;319.49;6.12;1206;20;2638.00;72
6428;17;622195633;6428;546;7632;7704;4.69;0.29;319.47;6.12;1204;20;2639.00;72
6428;17;622195649;6428;544;7654;7733;4.77;0.29;319.47;6.10;1226;20;2640.00;79
6429;17;622195666;6429;536;7654;7733;4.76;0.29;319.45;6.10;1225;20;2641.00;79
6432;17;622195680;6432;529;7656;7733;4.75;0.29;319.40;6.10;1224;20;2642.00;77
6432;17;622195694;6432;529;7658;7734;4.80;0.29;319.40;6.10;1226;20;2643.00;76
6434;17;622195708;6434;522;7658;7735;4.79;0.29;319.36;6.10;1224;20;2644.00;77
6437;17;622195721;6437;524;7658;7735;4.77;0.29;319.32;6.10;1221;20;2645.00;77
6438;17;622195735;6438;523;7660;7738;4.81;0.29;319.32;6.10;1222;20;2646.00;78
6441;17;622195749;6441;522;7660;7738;4.82;0.29;319.31;6.10;1219;20;2647.00;78
6444;17;622195762;6444;526;7661;7738;4.81;0.29;319.34;6.10;1217;20;2648.00;77
6446;17;622195775;6446;521;7661;7738;4.80;0.29;319.33;6.10;1215;20;2649.00;77
6447;17;622195788;6447;518;7666;7744;4.80;0.29;319.30;6.09;1219;20;2650.00;78
6447;17;622195802;6447;501;7666;7744;4.80;0.29;319.30;6.09;1219;20;2651.00;78
6450;17;622195815;6450;483;7666;7744;4.78;0.29;319.32;6.09;1216;20;2652.00;78
6453;17;622195829;6453;469;7666;7744;4.77;0.29;319.29;6.09;1213;20;2653.00;78
6453;17;622195843;6453;462;7669;7748;4.79;0.29;319.29;6.09;1216;20;2654.00;79
6456;17;622195859;6456;454;7673;7750;4.81;0.29;319.34;6.16;1217;20;2655.00;77
6457;17;622195876;6457;451;7673;7750;4.82;0.29;319.35;6.16;1216;20;2656.00;77
6459;17;622195891;6459;453;7674;7751;4.87;0.30;319.43;6.16;1215;20;2657.00;77
6464;18;622195911;6464;456;7674;7751;4.89;0.30;319.60;6.16;1210;21;2658.00;77
6467;18;622195946;6467;450;7674;7751;4.91;0.30;319.57;6.16;1207;21;2659.00;77
6467;18;622195960;6467;451;7674;7751;5.00;0.30;319.57;6.16;1207;21;2660.00;77
6468;18;622195974;6468;459;7674;7751;5.02;0.30;319.53;6.16;1206;21;2661.00;77
6471;18;622195987;6471;454;7674;7751;5.04;0.31;319.49;6.16;1203;21;2662.00;77
6472;18;622196000;6472;455;7674;7751;5.09;0.31;319.46;6.16;1202;21;2663.00;77
6472;18;622196013;6472;458;7707;7821;5.34;0.32;319.46;6.13;1235;21;2664.00;114
6474;18;622196033;6474;447;7710;7822;5.38;0.33;319.50;6.13;1236;21;2665.00;112
6477;18;622196046;6477;438;7717;7822;5.46;0.33;319.48;6.13;1240;21;2666.00;105
6480;18;622196060;6480;437;7720;7822;5.47;0.33;319.52;6.13;1240;21;2667.00;102
6482;18;622196074;6482;430;7724;7822;5.53;0.34;319.45;6.12;1242;21;2668.00;98
6482;18;622196087;6482;429;7727;7822;5.60;0.34;319.45;6.12;1245;21;2669.00;95
6484;18;622196103;6484;425;7731;7822;5.65;0.34;319.48;6.12;1247;21;2670.00;91
6485;18;622196117;6485;421;7734;7822;5.70;0.35;319.46;6.12;1249;21;2671.00;88
6486;18;622196130;6486;420;7736;7823;5.70;0.35;319.42;6.12;1250;21;2672.00;87
6488;18;622196144;6488;418;7739;7824;5.72;0.35;319.54;6.13;1251;21;2673.00;85
6489;18;622196158;6489;421;7740;7824;5.77;0.35;319.52;6.13;1251;21;2674.00;84
6490;18;622196172;6490;423;7744;7828;5.75;0.35;319.55;6.12;1254;21;2675.00;84
6494;18;622196186;6494;424;7745;7828;5.73;0.35;319.51;6.12;1251;21;2676.00;83
6496;18;622196199;6496;414;7745;7828;5.70;0.35;319.62;6.12;1249;21;2677.00;83
6502;18;622196213;6502;427;7745;7828;5.60;0.34;319.79;6.12;1243;21;2678.00;83
6502;18;622196227;6502;433;7750;7834;5.62;0.34;319.79;6.12;1248;21;2679.00;84
6503;18;622196241;6503;444;7751;7834;5.57;0.34;319.77;6.16;1248;21;2680.00;83
6504;18;622196256;6504;444;7752;7834;5.53;0.34;319.73;6.19;1248;21;2681.00;82
6507;18;622196270;6507;449;7754;7837;5.50;0.33;319.68;6.19;1247;21;2682.00;83
6510;18;622196285;6510;458;7754;7837;5.48;0.33;319.77;6.19;1244;21;2683.00;83
6511;18;622196299;6511;455;7756;7837;5.45;0.33;319.76;6.23;1245;21;2684.00;81
6513;18;622196313;6513;462;7757;7838;5.43;0.33;319.90;6.26;1244;21;2685.00;81
6516;18;622196326;6516;466;7759;7839;5.44;0.33;319.92;6.30;1243;21;2686.00;80
6517;18;622196340;6517;476;7759;7839;5.45;0.33;319.93;6.30;1242;21;2687.00;80
6518;18;622196354;6518;478;7771;7852;5.50;0.33;319.99;6.36;1253;21;2688.00;81
6519;18;622196369;6519;479;7772;7852;5.53;0.34;319.97;6.39;1253;21;2689.00;80
6520;18;622196388;6520;478;7774;7852;5.56;0.34;320.06;6.43;1254;21;2690.00;78
6521;18;622196401;6521;475;7775;7853;5.58;0.34;320.09;6.43;1254;21;2691.00;78
6524;18;622196415;6524;478;7776;7853;5.54;0.34;320.09;6.46;1252;21;2692.00;77
6526;18;622196428;6526;478;7781;7857;5.56;0.34;320.17;6.49;1255;21;2693.00;76
6528;18;622196442;6528;483;7782;7857;5.53;0.34;320.32;6.52;1254;21;2694.00;75
6530;18;622196456;6530;483;7786;7861;5.47;0.33;320.49;6.55;1256;21;2695.00;75
6533;18;622196470;6533;484;7787;7861;5.45;0.33;320.72;6.58;1254;21;2696.00;74
6535;18;622196491;6535;484;7787;7861;5.47;0.33;320.82;6.58;1252;21;2697.00;74
6537;18;622196506;6537;486;7789;7861;5.46;0.33;320.90;6.65;1252;21;2698.00;72
6540;18;622196520;6540;477;7789;7861;5.43;0.33;321.05;6.65;1249;21;2699.00;72
6544;18;622196535;6544;474;7815;7910;5.57;0.34;321.10;6.62;1271;21;2700.00;95
6546;18;622196558;6546;469;7818;7910;5.61;0.34;321.18;6.68;1272;21;2701.00;92
6548;18;622196572;6548;466;7821;7910;5.62;0.34;321.27;6.68;1273;21;2702.00;89
6552;18;622196586;6552;465;7822;7910;5.62;0.34;321.30;6.71;1270;21;2703.00;88
6554;18;622196599;6554;469;7826;7910;5.61;0.34;321.35;6.78;1272;21;2704.00;84
6557;18;622196612;6557;471;7826;7910;5.60;0.34;321.50;6.78;1269;21;2705.00;84
6559;18;622196626;6559;479;7828;7911;5.55;0.34;321.61;6.81;1269;21;2706.00;83
6561;18;622196640;6561;475;7829;7911;5.55;0.34;321.61;6.81;1268;21;2707.00;82
6563;18;622196653;6563;474;7836;7917;5.51;0.34;321.63;6.86;1273;21;2708.00;81
6565;18;622196673;6565;470;7837;7918;5.50;0.34;321.61;6.86;1272;21;2709.00;81
6569;18;622196687;6569;470;7837;7918;5.45;0.33;321.59;6.86;1268;21;2710.00;81
6571;18;622196701;6571;473;7837;7918;5.42;0.33;321.58;6.86;1266;21;2711.00;81
6576;18;622196714;6576;474;7844;7922;5.41;0.33;321.75;6.92;1268;21;2712.00;78
6581;18;622196728;6581;477;7845;7922;5.35;0.33;321.85;6.94;1264;21;2713.00;77
6584;18;622196742;6584;475;7846;7922;5.34;0.32;321.93;6.97;1262;21;2714.00;76
6588;18;622196755;6588;480;7847;7923;5.35;0.33;322.04;6.97;1259;21;2715.00;76
6590;18;622196769;6590;479;7851;7927;5.32;0.32;322.00;7.00;1261;21;2716.00;76
6593;18;622196783;6593;479;7852;7927;5.25;0.32;322.04;7.02;1259;21;2717.00;75
6597;18;622196796;6597;489;7857;7930;5.20;0.32;322.12;7.05;1260;21;2718.00;73
6600;18;622196809;6600;493;7858;7930;5.16;0.31;322.04;7.08;1258;21;2719.00;72
6605;18;622196822;6605;482;7859;7930;5.13;0.31;322.04;7.08;1254;21;2720.00;71
6612;18;622196836;6612;469;7861;7930;5.02;0.31;322.26;7.12;1249;21;2721.00;69
6615;18;622196849;6615;465;7864;7934;5.06;0.31;322.23;7.12;1249;21;2722.00;70
6618;18;622196863;6618;464;7866;7934;5.04;0.31;322.35;7.13;1248;21;2723.00;68
6620;18;622196876;6620;466;7866;7934;5.07;0.31;322.35;7.13;1246;21;2724.00;68
6623;18;622196890;6623;466;7866;7934;5.10;0.31;322.36;7.13;1243;21;2725.00;68
6626;18;622196903;6626;461;7866;7935;5.16;0.32;322.38;7.13;1240;21;2726.00;69
6629;18;622196917;6629;458;7867;7936;5.17;0.32;322.50;7.13;1238;21;2727.00;69
6632;18;622196930;6632;456;7868;7936;5.15;0.32;322.78;7.13;1236;21;2728.00;68
6634;18;622196944;6634;450;7870;7937;5.14;0.32;322.90;7.13;1236;21;2729.00;67
6639;18;622196960;6639;449;7870;7937;5.15;0.32;322.90;7.13;1231;21;2730.00;67
6646;18;622196974;6646;455;7871;7937;5.14;0.31;323.09;7.13;1225;21;2731.00;66
6651;18;622196987;6651;459;7872;7937;5.11;0.31;323.22;7.13;1221;21;2732.00;65
6656;18;622197001;6656;464;7872;7937;5.09;0.31;323.29;7.13;1216;21;2733.00;65
6660;18;622197015;6660;470;7872;7937;5.13;0.31;323.42;7.13;1212;21;2734.00;65
6666;18;622197028;6666;472;7873;7937;5.09;0.31;323.47;7.14;1207;21;2735.00;64
6670;18;622197042;6670;480;7940;8064;5.45;0.34;323.37;7.08;1270;21;2736.00;124
6672;18;622197066;6672;482;7947;8065;5.50;0.34;323.41;7.07;1275;21;2737.00;118
6677;18;622197083;6677;476;7951;8065;5.53;0.34;323.59;7.07;1274;21;2738.00;114
6683;18;622197098;6683;475;7955;8065;5.53;0.34;323.64;7.07;1272;21;2739.00;110
6687;18;622197112;6687;478;7958;8065;5.59;0.34;323.61;7.07;1271;21;2740.00;107
6693;18;622197125;6693;477;7961;8065;5.57;0.34;323.78;7.06;1268;21;2741.00;104
6697;18;622197140;6697;475;7963;8065;5.50;0.34;323.84;7.06;1266;21;2742.00;102
6701;18;622197159;6701;478;7967;8065;5.46;0.34;323.99;7.06;1266;21;2743.00;98
6705;18;622197173;6705;485;7970;8066;5.39;0.33;324.08;7.06;1265;21;2744.00;96
6710;18;622197187;6710;486;7974;8068;5.36;0.33;324.38;7.06;1264;21;2745.00;94
6714;18;622197201;6714;485;7977;8068;5.32;0.33;324.46;7.07;1263;21;2746.00;91
6716;18;622197215;6716;487;7980;8069;5.33;0.33;324.51;7.07;1264;21;2747.00;89
6721;18;622197229;6721;490;7981;8069;5.22;0.32;324.68;7.07;1260;21;2748.00;88
6725;18;622197244;6725;488;7984;8069;5.19;0.32;324.77;7.07;1259;21;2749.00;85
6729;18;622197258;6729;494;7985;8069;5.17;0.32;324.92;7.07;1256;21;2750.00;84
6732;18;622197271;6732;501;7990;8073;5.18;0.32;325.06;7.07;1258;21;2751.00;83
6736;18;622197285;6736;509;7992;8073;5.17;0.32;325.04;7.07;1256;21;2752.00;81
6739;18;622197299;6739;510;7993;8073;5.12;0.32;325.14;7.10;1254;21;2753.00;80
6741;18;622197313;6741;519;7994;8076;5.11;0.32;325.19;7.10;1253;21;2754.00;82
6745;18;622197327;6745;530;7996;8076;5.02;0.31;325.33;7.10;1251;21;2755.00;80
6748;18;622197340;6748;532;7996;8076;5.00;0.31;325.32;7.10;1248;21;2756.00;80
6749;18;622197354;6749;538;8000;8080;4.98;0.31;325.37;7.10;1251;21;2757.00;80
6755;18;622197368;6755;545;8002;8081;4.86;0.30;325.34;7.10;1247;21;2758.00;79
6758;18;622197381;6758;551;8002;8081;4.73;0.29;325.29;7.10;1244;21;2759.00;79
6763;18;622197396;6763;565;8006;8086;4.62;0.29;325.27;7.10;1243;21;2760.00;80
6764;18;622197409;6764;574;8007;8086;4.56;0.28;325.26;7.10;1243;21;2761.00;79
6766;18;622197427;6766;579;8008;8086;4.47;0.28;325.23;7.10;1242;21;2762.00;78
6774;18;622197451;6774;582;8009;8087;4.38;0.27;325.26;7.10;1235;21;2763.00;78
6775;18;622197464;6775;596;8009;8087;4.33;0.27;325.24;7.10;1234;21;2764.00;78
6779;18;622197476;6779;597;8014;8093;4.28;0.26;325.27;7.10;1235;21;2765.00;79
6783;18;622197490;6783;598;8015;8093;4.25;0.26;325.40;7.10;1232;21;2766.00;78
6783;18;622197516;6783;584;8016;8094;4.28;0.26;325.40;7.10;1233;21;2767.00;78
6788;18;622197538;6788;571;8016;8094;4.27;0.26;325.45;7.10;1228;21;2768.00;78
6791;18;622197561;6791;572;8016;8094;4.25;0.26;325.60;7.10;1225;21;2769.00;78
6791;18;622197582;6791;565;8016;8094;4.29;0.26;325.60;7.10;1225;21;2770.00;78
6795;18;622197601;6795;558;8016;8094;4.30;0.26;325.84;7.10;1221;21;2771.00;78
6798;18;622197619;6798;562;8027;8106;4.39;0.27;325.80;7.11;1229;21;2772.00;79
6799;18;622197634;6799;562;8028;8106;4.44;0.27;325.79;7.11;1229;21;2773.00;78
6805;18;622197649;6805;563;8028;8106;4.45;0.27;325.71;7.11;1223;21;2774.00;78
6807;18;622197664;6807;564;8028;8106;4.47;0.27;325.65;7.11;1221;21;2775.00;78
6809;18;622197679;6809;548;8028;8106;4.50;0.27;325.66;7.11;1219;21;2776.00;78
6812;18;622197693;6812;547;8028;8106;4.52;0.28;325.61;7.11;1216;21;2777.00;78
6815;18;622197708;6815;540;8031;8110;4.57;0.28;325.56;7.11;1216;21;2778.00;79
6817;18;622197723;6817;528;8031;8110;4.62;0.28;325.55;7.11;1214;21;2779.00;79
6819;18;622197738;6819;526;8035;8114;4.73;0.29;325.56;7.10;1216;21;2780.00;79
6822;18;622197753;6822;522;8035;8115;4.80;0.29;325.56;7.10;1213;21;2781.00;80
6824;18;622197768;6824;521;8036;8115;4.89;0.30;325.53;7.10;1212;21;2782.00;79
6825;18;622197783;6825;520;8036;8115;4.95;0.30;325.55;7.10;1211;21;2783.00;79
6826;18;622197799;6826;529;8047;8128;5.05;0.31;325.54;7.09;1221;21;2784.00;81
6828;18;622197822;6828;535;8047;8128;5.07;0.31;325.47;7.09;1219;21;2785.00;81
6830;18;622197837;6830;531;8047;8128;5.11;0.31;325.47;7.09;1217;21;2786.00;81
6831;18;622197851;6831;534;8048;8129;5.18;0.31;325.48;7.09;1217;21;2787.00;81
6834;18;622197865;6834;535;8048;8130;5.19;0.32;325.51;7.09;1214;21;2788.00;82
6837;18;622197880;6837;532;8048;8130;5.21;0.32;325.50;7.09;1211;21;2789.00;82
6839;18;622197897;6839;536;8053;8136;5.22;0.32;325.51;7.11;1214;21;2790.00;83
6839;18;622197912;6839;533;8053;8136;5.21;0.32;325.51;7.11;1214;21;2791.00;83
6842;18;622197926;6842;533;8055;8136;5.18;0.31;325.45;7.11;1213;21;2792.00;81
6845;18;622197940;6845;536;8055;8136;5.08;0.31;325.39;7.11;1210;21;2793.00;81
6847;18;622197954;6847;531;8060;8142;5.05;0.30;325.39;7.11;1213;21;2794.00;82
6848;18;622197969;6848;526;8060;8142;5.02;0.30;325.39;7.11;1212;21;2795.00;82
6850;18;622197983;6850;535;8060;8142;4.92;0.30;325.43;7.11;1210;21;2796.00;82
6850;18;622197997;6850;542;8060;8142;4.88;0.29;325.43;7.11;1210;21;2797.00;82
6851;18;622198010;6851;545;8063;8146;4.86;0.29;325.41;7.11;1212;21;2798.00;83
6852;18;622198025;6852;554;8064;8147;4.82;0.29;325.39;7.10;1212;21;2799.00;83
6854;18;622198040;6854;559;8064;8147;4.73;0.29;325.32;7.10;1210;21;2800.00;83
6855;18;622198059;6855;559;8065;8148;4.74;0.29;325.32;7.10;1210;21;2801.00;83
6855;18;622198072;6855;566;8065;8148;4.75;0.29;325.32;7.10;1210;21;2802.00;83
6855;18;622198086;6855;551;8065;8148;4.72;0.28;325.32;7.10;1210;21;2803.00;83
6855;18;622198100;6855;544;8065;8148;4.70;0.28;325.32;7.10;1210;21;2804.00;83
6855;18;622198114;6855;536;8065;8148;4.74;0.29;325.32;7.10;1210;21;2805.00;83
6855;18;622198127;6855;536;8065;8148;4.79;0.29;325.32;7.10;1210;21;2806.00;83
6855;18;622198146;6855;532;8065;8148;4.81;0.29;325.32;7.10;1210;21;2807.00;83
6856;18;622198160;6856;542;8104;8218;4.91;0.30;325.37;7.07;1248;21;2808.00;114
6858;18;622198180;6858;535;8104;8219;4.96;0.30;325.44;7.07;1246;21;2809.00;115
6859;18;622198200;6859;523;8111;8219;5.10;0.31;325.46;7.07;1252;21;2810.00;108
6861;18;622198215;6861;513;8113;8219;5.18;0.31;325.50;7.06;1252;21;2811.00;106
6863;18;622198230;6863;503;8116;8219;5.28;0.32;325.54;7.06;1253;21;2812.00;103
6864;18;622198251;6864;493;8117;8219;5.39;0.33;325.56;7.06;1253;21;2813.00;102
6865;18;622198266;6865;487;8121;8219;5.53;0.34;325.53;7.06;1256;21;2814.00;98
6865;18;622198280;6865;484;8124;8219;5.62;0.34;325.53;7.06;1259;21;2815.00;95
6867;18;622198301;6867;480;8127;8220;5.70;0.35;325.55;7.06;1260;21;2816.00;93
6867;18;622198317;6867;473;8130;8221;5.80;0.35;325.55;7.06;1263;21;2817.00;91
6868;18;622198332;6868;467;8132;8221;5.90;0.36;325.53;7.06;1264;21;2818.00;89
6870;18;622198346;6870;463;8136;8225;5.95;0.36;325.57;7.06;1266;21;2819.00;89
6871;18;622198370;6871;463;8136;8225;5.98;0.36;325.57;7.06;1265;21;2820.00;89
6874;18;622198386;6874;456;8136;8225;5.99;0.36;325.61;7.06;1262;21;2821.00;89
6876;18;622198402;6876;449;8136;8225;5.98;0.36;325.60;7.06;1260;21;2822.00;89
6878;18;622198416;6878;440;8141;8231;5.95;0.36;325.64;7.06;1263;21;2823.00;90
6883;18;622198431;6883;446;8141;8231;5.93;0.36;325.76;7.06;1258;21;2824.00;90
6884;18;622198446;6884;440;8142;8231;5.91;0.36;325.77;7.09;1258;21;2825.00;89
6888;18;622198462;6888;440;8144;8234;5.90;0.36;325.89;7.09;1256;21;2826.00;90
6891;18;622198478;6891;436;8144;8234;5.90;0.36;325.93;7.09;1253;21;2827.00;90
6896;18;622198493;6896;433;8145;8234;5.86;0.35;326.08;7.09;1249;21;2828.00;89
6901;18;622198511;6901;425;8145;8235;5.82;0.35;326.37;7.09;1244;21;2829.00;90
6903;18;622198526;6903;427;8146;8236;5.84;0.35;326.34;7.09;1243;21;2830.00;90
6904;18;622198541;6904;424;8146;8236;5.84;0.35;326.31;7.09;1242;21;2831.00;90
6912;18;622198556;6912;431;8157;8249;5.81;0.35;326.29;7.08;1245;21;2832.00;92
6913;18;622198572;6913;426;8157;8249;5.85;0.35;326.32;7.08;1244;21;2833.00;92
6916;18;622198586;6916;429;8158;8249;5.89;0.36;326.45;7.12;1242;21;2834.00;91
6918;18;622198599;6918;429;8160;8251;5.93;0.36;326.37;7.12;1242;21;2835.00;91
6919;18;622198619;6919;431;8160;8251;5.98;0.36;326.36;7.12;1241;21;2836.00;91
6919;18;622198633;6919;426;8163;8255;6.06;0.37;326.36;7.11;1244;21;2837.00;92
6921;18;622198647;6921;427;8163;8255;6.10;0.37;326.34;7.11;1242;21;2838.00;92
6923;18;622198661;6923;428;8166;8259;6.16;0.37;326.36;7.11;1243;21;2839.00;93
6926;18;622198675;6926;426;8166;8259;6.16;0.37;326.34;7.11;1240;21;2840.00;93
6929;18;622198689;6929;425;8167;8259;6.16;0.37;326.45;7.11;1238;21;2841.00;92
6932;18;622198703;6932;425;8167;8259;6.09;0.37;326.44;7.11;1235;21;2842.00;92
6933;18;622198717;6933;423;8167;8259;6.06;0.37;326.41;7.11;1234;21;2843.00;92
6933;18;622198730;6933;420;8177;8271;6.12;0.37;326.41;7.10;1244;21;2844.00;94
6935;18;622198745;6935;422;8178;8271;6.08;0.37;326.40;7.10;1243;21;2845.00;93
6936;18;622198765;6936;424;8179;8271;6.04;0.37;326.40;7.14;1243;21;2846.00;92
6936;18;622198779;6936;430;8179;8271;6.04;0.37;326.40;7.14;1243;21;2847.00;92
6937;18;622198793;6937;434;8179;8271;6.02;0.37;326.39;7.14;1242;21;2848.00;92
6941;18;622198806;6941;435;8179;8271;5.96;0.36;326.57;7.14;1238;21;2849.00;92
6943;18;622198823;6943;440;8183;8274;5.92;0.36;326.52;7.22;1240;21;2850.00;91
6944;18;622198845;6944;444;8183;8274;5.88;0.36;326.51;7.22;1239;21;2851.00;91
6946;18;622198858;6946;448;8189;8280;5.87;0.36;326.47;7.25;1243;21;2852.00;91
6952;18;622198879;6952;451;8190;8281;5.76;0.35;326.57;7.25;1238;21;2853.00;91
6955;18;622198893;6955;453;8190;8281;5.70;0.35;326.60;7.25;1235;21;2854.00;91
6956;18;622198907;6956;453;8191;8281;5.64;0.34;326.65;7.29;1235;21;2855.00;90
6957;18;622198921;6957;457;8194;8285;5.64;0.34;326.60;7.29;1237;21;2856.00;91
6959;18;622198936;6959;451;8196;8285;5.58;0.34;326.62;7.37;1237;21;2857.00;89
6960;18;622198949;6960;454;8197;8285;5.56;0.34;326.59;7.40;1237;21;2858.00;88
6961;18;622198963;6961;459;8198;8286;5.52;0.34;326.65;7.40;1237;21;2859.00;88
6961;18;622198977;6961;469;8203;8290;5.46;0.33;326.65;7.47;1242;21;2860.00;87
6963;18;622198990;6963;470;8203;8290;5.49;0.33;326.85;7.47;1240;21;2861.00;87
6966;18;622199003;6966;475;8206;8293;5.53;0.34;326.83;7.51;1240;21;2862.00;87
6966;18;622199016;6966;475;8207;8293;5.57;0.34;326.83;7.51;1241;21;2863.00;86
6969;18;622199035;6969;481;8211;8295;5.55;0.34;326.83;7.58;1242;21;2864.00;84
6971;18;622199049;6971;479;8212;8295;5.55;0.34;326.95;7.61;1241;21;2865.00;83
6972;18;622199062;6972;480;8217;8299;5.59;0.34;326.92;7.65;1245;21;2866.00;82
6975;18;622199075;6975;483;8217;8299;5.52;0.34;326.94;7.65;1242;21;2867.00;82
6978;18;622199095;6978;486;8219;8299;5.49;0.33;326.94;7.71;1241;21;2868.00;80
6980;18;622199108;6980;484;8219;8299;5.47;0.33;327.03;7.71;1239;21;2869.00;80
6981;18;622199122;6981;487;8221;8300;5.44;0.33;327.03;7.78;1240;21;2870.00;79
6984;18;622199135;6984;492;8222;8301;5.41;0.33;327.14;7.78;1238;21;2871.00;79
6986;18;622199148;6986;486;8222;8301;5.41;0.33;327.24;7.78;1236;21;2872.00;79
6990;18;622199161;6990;482;8225;8302;5.42;0.33;327.31;7.84;1235;21;2873.00;77
6992;18;622199175;6992;476;8225;8302;5.43;0.33;327.45;7.84;1233;21;2874.00;77
6998;18;622199188;6998;476;8225;8302;5.42;0.33;327.53;7.84;1227;21;2875.00;77
6998;18;622199201;6998;479;8227;8302;5.49;0.33;327.53;7.91;1229;21;2876.00;75
7000;18;622199215;7000;477;8227;8302;5.51;0.33;327.48;7.91;1227;21;2877.00;75
7002;18;622199228;7002;476;8227;8302;5.53;0.34;327.46;7.91;1225;21;2878.00;75
7005;18;622199241;7005;475;8229;8302;5.52;0.34;327.61;7.98;1224;21;2879.00;73
7006;18;622199256;7006;511;8330;8532;5.75;0.36;327.59;7.88;1324;21;2880.00;202
7010;18;622199287;7010;503;8335;8533;5.74;0.36;327.78;7.88;1325;21;2881.00;198
7012;18;622199301;7012;490;8347;8533;5.77;0.36;327.78;7.93;1335;21;2882.00;186
7015;18;622199315;7015;486;8354;8533;5.78;0.36;327.85;7.93;1339;21;2883.00;179
7018;18;622199329;7018;481;8361;8533;5.78;0.36;328.05;7.92;1343;21;2884.00;172
7024;18;622199343;7024;478;8367;8533;5.71;0.35;328.01;7.98;1343;21;2885.00;166
7028;18;622199357;7028;477;8375;8533;5.68;0.35;328.20;7.98;1347;21;2886.00;158
7033;18;622199371;7033;485;8380;8533;5.68;0.35;328.21;7.98;1347;21;2887.00;153
7036;18;622199384;7036;502;8387;8534;5.69;0.35;328.38;7.98;1351;21;2888.00;147
7041;18;622199398;7041;510;8390;8535;5.65;0.35;328.56;7.98;1349;21;2889.00;145
7044;18;622199412;7044;505;8396;8535;5.60;0.35;328.75;7.98;1352;21;2890.00;139
7048;18;622199426;7048;510;8400;8536;5.55;0.34;328.76;7.98;1352;21;2891.00;136
7052;18;622199440;7052;511;8406;8536;5.48;0.34;328.74;7.99;1354;21;2892.00;130
7055;18;622199453;7055;517;8408;8536;5.41;0.33;328.72;7.99;1353;21;2893.00;128
7059;18;622199467;7059;517;8410;8536;5.33;0.33;328.94;7.99;1351;21;2894.00;126
7062;18;622199482;7062;527;8414;8540;5.27;0.32;329.00;7.99;1352;21;2895.00;126
7065;18;622199496;7065;534;8416;8540;5.18;0.32;329.04;7.99;1351;21;2896.00;124
7069;18;622199517;7069;537;8417;8540;5.10;0.31;329.27;7.99;1348;21;2897.00;123
7072;18;622199564;7072;538;8418;8543;5.09;0.31;329.47;7.99;1346;21;2898.00;125
7076;18;622199586;7076;547;8422;8543;5.05;0.31;329.55;7.99;1346;21;2899.00;121
7080;18;622199611;7080;547;8424;8543;5.04;0.31;329.73;8.00;1344;21;2900.00;119
7083;18;622199635;7083;542;8427;8547;5.06;0.31;329.81;8.00;1344;21;2901.00;120
7085;18;622199652;7085;527;8430;8548;5.04;0.31;329.84;8.00;1345;21;2902.00;118
7089;18;622199669;7089;538;8432;8548;5.04;0.31;330.03;8.00;1343;21;2903.00;116
7094;18;622199701;7094;537;8435;8552;5.00;0.31;330.08;8.01;1341;21;2904.00;117
7098;18;622199717;7098;536;8438;8552;4.96;0.30;330.24;8.01;1340;21;2905.00;114
7104;18;622199732;7104;534;8439;8552;4.91;0.30;330.22;8.01;1335;21;2906.00;113
7104;18;622199747;7104;535;8442;8553;4.94;0.30;330.22;8.01;1338;21;2907.00;111
7107;18;622199762;7107;547;8443;8553;4.90;0.30;330.34;8.02;1336;21;2908.00;110
7113;18;622199778;7113;550;8447;8559;4.91;0.30;330.39;8.01;1334;21;2909.00;112
7115;18;622199796;7115;558;8448;8559;4.88;0.30;330.52;8.01;1333;21;2910.00;111
7120;18;622199812;7120;568;8449;8560;4.81;0.29;330.65;8.02;1329;21;2911.00;111
7125;18;622199828;7125;562;8449;8560;4.73;0.29;330.61;8.02;1324;21;2912.00;111
7128;18;622199843;7128;568;8449;8560;4.67;0.29;330.61;8.02;1321;21;2913.00;111
7135;18;622199859;7135;576;8451;8560;4.58;0.28;330.73;8.02;1316;21;2914.00;109
7139;18;622199874;7139;581;8451;8560;4.56;0.28;330.78;8.02;1312;21;2915.00;109
7143;18;622199888;7143;583;8459;8572;4.58;0.28;330.87;8.01;1316;21;2916.00;113
7148;18;622199904;7148;587;8461;8572;4.51;0.28;330.93;8.02;1313;21;2917.00;111
7156;18;622199919;7156;593;8462;8572;4.42;0.27;330.95;8.02;1306;21;2918.00;110
7159;18;622199935;7159;604;8462;8572;4.40;0.27;331.15;8.02;1303;21;2919.00;110
7162;18;622199949;7162;612;8463;8572;4.35;0.27;331.19;8.02;1301;21;2920.00;109
7165;18;622199967;7165;616;8464;8572;4.27;0.26;331.18;8.03;1299;21;2921.00;108
7169;18;622199982;7169;621;8467;8576;4.19;0.26;331.15;8.02;1298;21;2922.00;109
7175;18;622199998;7175;632;8468;8576;4.03;0.25;331.24;8.02;1293;21;2923.00;108
7177;18;622200022;7177;641;8472;8580;3.99;0.25;331.35;8.02;1295;21;2924.00;108
7179;18;622200041;7179;635;8474;8582;3.99;0.25;331.34;8.02;1295;21;2925.00;108
7183;18;622200059;7183;634;8475;8582;3.98;0.25;331.30;8.02;1292;21;2926.00;107
7190;18;622200073;7190;639;8476;8582;3.92;0.24;331.26;8.06;1286;21;2927.00;106
7191;18;622200089;7191;637;8487;8595;4.04;0.25;331.27;8.05;1296;21;2928.00;108
7194;18;622200104;7194;642;8489;8595;4.00;0.25;331.29;8.05;1295;21;2929.00;106
7198;18;622200118;7198;643;8489;8595;3.94;0.24;331.38;8.05;1291;21;2930.00;106
7201;18;622200133;7201;640;8490;8596;3.90;0.24;331.53;8.05;1289;21;2931.00;106
7202;18;622200147;7202;648;8490;8597;3.88;0.24;331.54;8.05;1288;21;2932.00;107
7209;18;622200161;7209;649;8490;8597;3.81;0.23;331.43;8.05;1281;21;2933.00;107
7212;18;622200174;7212;648;8492;8600;3.80;0.23;331.51;8.04;1280;21;2934.00;108
7215;18;622200189;7215;648;8494;8600;3.76;0.23;331.50;8.04;1279;21;2935.00;106
7216;18;622200203;7216;647;8494;8600;3.74;0.23;331.48;8.04;1278;21;2936.00;106
7219;18;622200216;7219;634;8494;8600;3.71;0.23;331.47;8.04;1275;21;2937.00;106
7223;18;622200231;7223;626;8499;8606;3.72;0.23;331.39;8.04;1276;21;2938.00;107
7225;18;622200245;7225;625;8499;8606;3.74;0.23;331.42;8.04;1274;21;2939.00;107
7226;18;622200262;7226;622;8499;8606;3.79;0.23;331.41;8.04;1273;21;2940.00;107
7232;18;622200276;7232;619;8499;8606;3.81;0.23;331.46;8.04;1267;21;2941.00;107
7232;18;622200290;7232;624;8503;8610;3.88;0.24;331.46;8.07;1271;21;2942.00;107
7233;18;622200304;7233;628;8504;8611;3.94;0.24;331.46;8.07;1271;21;2943.00;107
7237;18;622200317;7237;631;8504;8611;3.95;0.24;331.45;8.07;1267;21;2944.00;107
7239;18;622200331;7239;639;8505;8612;3.99;0.24;331.37;8.07;1266;21;2945.00;107
7239;18;622200345;7239;625;8505;8612;4.04;0.25;331.37;8.07;1266;21;2946.00;107
7242;18;622200358;7242;618;8505;8612;4.08;0.25;331.34;8.07;1263;21;2947.00;107
7244;18;622200373;7244;608;8505;8612;4.17;0.25;331.29;8.07;1261;21;2948.00;107
7247;18;622200386;7247;590;8505;8612;4.24;0.26;331.31;8.07;1258;21;2949.00;107
7248;18;622200400;7248;587;8505;8612;4.27;0.26;331.27;8.07;1257;21;2950.00;107
7248;18;622200414;7248;578;8505;8612;4.31;0.26;331.27;8.07;1257;21;2951.00;107
7249;18;622200428;7249;584;8538;8682;4.51;0.27;331.33;8.04;1289;21;2952.00;144
7250;18;622200449;7250;580;8539;8683;4.52;0.28;331.31;8.04;1289;21;2953.00;144
7253;18;622200470;7253;577;8546;8683;4.53;0.28;331.29;8.03;1293;21;2954.00;137
7253;18;622200485;7253;565;8547;8683;4.58;0.28;331.29;8.03;1294;21;2955.00;136
7254;18;622200504;7254;555;8550;8683;4.61;0.28;331.35;8.03;1296;21;2956.00;133
7254;18;622200520;7254;549;8551;8683;4.65;0.28;331.35;8.06;1297;21;2957.00;132
7255;18;622200534;7255;547;8555;8683;4.73;0.29;331.37;8.06;1300;21;2958.00;128
7258;18;622200550;7258;540;8556;8683;4.76;0.29;331.39;8.06;1298;21;2959.00;127
7260;18;622200565;7260;536;8559;8684;4.83;0.29;331.43;8.06;1299;21;2960.00;125
7260;18;622200580;7260;528;8562;8685;4.93;0.30;331.43;8.06;1302;21;2961.00;123
7261;18;622200599;7261;523;8565;8685;5.04;0.31;331.46;8.06;1304;21;2962.00;120
7261;18;622200614;7261;531;8571;8689;5.16;0.31;331.46;8.06;1310;21;2963.00;118
7262;18;622200629;7262;528;8572;8689;5.24;0.32;331.41;8.06;1310;21;2964.00;117
7266;18;622200644;7266;524;8572;8689;5.31;0.32;331.56;8.06;1306;21;2965.00;117
7268;18;622200665;7268;521;8572;8689;5.38;0.33;331.64;8.06;1304;21;2966.00;117
7270;18;622200680;7270;522;8576;8695;5.46;0.33;331.64;8.06;1306;21;2967.00;119
7272;18;622200696;7272;524;8576;8695;5.47;0.33;331.63;8.06;1304;21;2968.00;119
7273;18;622200711;7273;528;8576;8695;5.46;0.33;331.62;8.06;1303;21;2969.00;119
7274;18;622200727;7274;527;8580;8701;5.53;0.34;331.66;8.05;1306;21;2970.00;121
7276;18;622200742;7276;528;8580;8701;5.55;0.34;331.63;8.05;1304;21;2971.00;121
7277;18;622200757;7277;522;8582;8701;5.55;0.34;331.62;8.05;1305;21;2972.00;119
7278;18;622200772;7278;513;8582;8702;5.54;0.34;331.66;8.05;1304;21;2973.00;120
7278;18;622200793;7278;515;8584;8703;5.56;0.34;331.66;8.08;1306;21;2974.00;119
7280;18;622200809;7280;513;8584;8703;5.54;0.34;331.81;8.08;1304;21;2975.00;119
7280;18;622200824;7280;506;8593;8716;5.62;0.34;331.81;8.07;1313;21;2976.00;123
7282;18;622200839;7282;506;8593;8716;5.60;0.34;331.91;8.07;1311;21;2977.00;123
7283;18;622200854;7283;509;8593;8716;5.59;0.34;331.87;8.07;1310;21;2978.00;123
7287;18;622200875;7287;510;8594;8717;5.57;0.34;332.02;8.07;1307;21;2979.00;123
7288;18;622200890;7288;498;8594;8717;5.59;0.34;332.01;8.07;1306;21;2980.00;123
7290;18;622200904;7290;491;8597;8721;5.62;0.34;332.17;8.07;1307;21;2981.00;124
7295;18;622200920;7295;482;8597;8721;5.56;0.34;332.24;8.07;1302;21;2982.00;124
7297;18;622200935;7297;476;8600;8725;5.54;0.34;332.37;8.07;1303;21;2983.00;125
7298;18;622200951;7298;471;8600;8725;5.58;0.34;332.34;8.07;1302;21;2984.00;125
7300;18;622200966;7300;462;8600;8725;5.60;0.34;332.38;8.07;1300;21;2985.00;125
7302;18;622200980;7302;457;8600;8725;5.61;0.34;332.40;8.07;1298;21;2986.00;125
7306;18;622200995;7306;446;8600;8725;5.65;0.34;332.45;8.07;1294;21;2987.00;125
7307;18;622201016;7307;449;8609;8737;5.72;0.35;332.50;8.06;1302;21;2988.00;128
7310;18;622201031;7310;451;8609;8737;5.74;0.35;332.53;8.06;1299;21;2989.00;128
7313;18;622201045;7313;445;8611;8737;5.77;0.35;332.53;8.06;1298;21;2990.00;126
7314;18;622201060;7314;438;8611;8737;5.82;0.35;332.55;8.06;1297;21;2991.00;126
7315;18;622201075;7315;433;8611;8737;5.87;0.36;332.56;8.06;1296;21;2992.00;126
7319;18;622201089;7319;428;8611;8737;5.81;0.35;332.65;8.06;1292;21;2993.00;126
7324;18;622201104;7324;420;8613;8738;5.77;0.35;332.81;8.07;1289;21;2994.00;125
7326;18;622201119;7326;423;8615;8738;5.77;0.35;332.82;8.15;1289;21;2995.00;123
7327;18;622201135;7327;419;8619;8744;5.81;0.35;332.83;8.15;1292;21;2996.00;125
7332;18;622201150;7332;415;8620;8745;5.81;0.35;333.06;8.14;1288;21;2997.00;125
7334;18;622201171;7334;415;8620;8745;5.80;0.35;333.14;8.14;1286;21;2998.00;125
7337;18;622201185;7337;413;8620;8745;5.84;0.36;333.11;8.14;1283;21;2999.00;125
7343;18;622201202;7343;401;8626;8765;5.87;0.36;333.14;8.14;1283;21;3000.00;139
7344;18;622201223;7344;398;8626;8765;5.91;0.36;333.13;8.14;1282;21;3001.00;139
7345;18;622201238;7345;396;8626;8765;5.94;0.36;333.14;8.14;1281;21;3002.00;139
7349;18;622201253;7349;391;8627;8766;5.95;0.36;333.20;8.14;1278;21;3003.00;139
7353;18;622201268;7353;385;8630;8770;5.94;0.36;333.35;8.14;1277;21;3004.00;140
7354;18;622201283;7354;388;8632;8770;5.94;0.36;333.31;8.13;1278;21;3005.00;138
7358;18;622201298;7358;384;8634;8773;5.98;0.36;333.35;8.13;1276;21;3006.00;139
7363;18;622201313;7363;384;8636;8773;5.95;0.36;333.45;8.14;1273;21;3007.00;137
7364;18;622201327;7364;383;8637;8773;5.96;0.36;333.50;8.14;1273;21;3008.00;136
7367;18;622201342;7367;382;8637;8773;5.98;0.36;333.50;8.14;1270;21;3009.00;136
7369;18;622201356;7369;380;8642;8777;6.01;0.37;333.46;8.15;1273;21;3010.00;135
7374;18;622201371;7374;386;8644;8777;5.98;0.36;333.43;8.15;1270;21;3011.00;133
7378;18;622201385;7378;388;8645;8777;5.97;0.36;333.41;8.16;1267;21;3012.00;132
7381;18;622201399;7381;389;8647;8777;5.93;0.36;333.50;8.16;1266;21;3013.00;130
7385;18;622201414;7385;385;8650;8778;5.91;0.36;333.66;8.16;1265;21;3014.00;128
7386;18;622201428;7386;385;8652;8780;5.89;0.36;333.68;8.16;1266;21;3015.00;128
7389;18;622201442;7389;387;8652;8780;5.84;0.36;333.90;8.16;1263;21;3016.00;128
7392;18;622201457;7392;389;8654;8781;5.81;0.35;334.02;8.16;1262;21;3017.00;127
7395;18;622201471;7395;394;8654;8781;5.74;0.35;333.99;8.16;1259;21;3018.00;127
7398;18;622201485;7398;404;8655;8781;5.69;0.35;334.06;8.16;1257;21;3019.00;126
7400;18;622201501;7400;409;8657;8781;5.66;0.34;334.09;8.25;1257;21;3020.00;124
7401;18;622201524;7401;418;8657;8781;5.64;0.34;334.20;8.25;1256;21;3021.00;124
7402;18;622201547;7402;418;8657;8781;5.60;0.34;334.26;8.25;1255;21;3022.00;124
7403;18;622201569;7403;423;8660;8781;5.58;0.34;334.22;8.33;1257;21;3023.00;121
7403;19;622201591;7403;446;8724;8908;5.75;0.36;334.22;8.27;1321;22;3024.00;184
7404;19;622201641;7404;446;8731;8909;5.79;0.36;334.25;8.35;1327;22;3025.00;178
7406;19;622201657;7406;439;8739;8909;5.85;0.36;334.33;8.35;1333;22;3026.00;170
7407;19;622201673;7407;438;8744;8909;5.87;0.36;334.38;8.35;1337;22;3027.00;165
7410;19;622201688;7410;436;8752;8909;5.89;0.36;334.46;8.39;1342;22;3028.00;157
7413;19;622201704;7413;445;8755;8909;5.86;0.36;334.57;8.47;1342;22;3029.00;154
7413;19;622201723;7413;449;8758;8909;5.87;0.36;334.57;8.47;1345;22;3030.00;151
7415;19;622201739;7415;450;8763;8909;5.87;0.36;334.60;8.54;1348;22;3031.00;146
7417;19;622201754;7417;455;8765;8910;5.89;0.36;334.73;8.54;1348;22;3032.00;145
7421;19;622201770;7421;461;8770;8911;5.93;0.36;334.76;8.58;1349;22;3033.00;141
7422;19;622201785;7422;469;8776;8911;5.95;0.36;334.80;8.63;1354;22;3034.00;135
7424;19;622201802;7424;467;8778;8912;5.86;0.36;334.85;8.63;1354;22;3035.00;134
7428;19;622201818;7428;473;8781;8912;5.74;0.35;334.81;8.66;1353;22;3036.00;131
7431;19;622201834;7431;478;8783;8912;5.66;0.35;334.87;8.67;1352;22;3037.00;129
7433;19;622201849;7433;482;8789;8912;5.55;0.34;334.93;8.74;1356;22;3038.00;123
7437;19;622201865;7437;484;8792;8916;5.50;0.34;335.00;8.74;1355;22;3039.00;124
7438;19;622201881;7438;484;8792;8916;5.40;0.33;334.96;8.74;1354;22;3040.00;124
7439;19;622201895;7439;485;8795;8916;5.37;0.33;335.07;8.82;1356;22;3041.00;121
7440;19;622201910;7440;487;8798;8919;5.34;0.33;335.11;8.85;1358;22;3042.00;121
7443;19;622201926;7443;495;8799;8919;5.33;0.33;335.25;8.86;1356;22;3043.00;120
7445;19;622201941;7445;494;8800;8919;5.31;0.33;335.30;8.89;1355;22;3044.00;119
7448;19;622201957;7448;503;8803;8923;5.29;0.32;335.30;8.89;1355;22;3045.00;120
7451;19;622201973;7451;508;8805;8924;5.25;0.32;335.38;8.89;1354;22;3046.00;119
7453;19;622201987;7453;514;8807;8924;5.25;0.32;335.50;8.93;1354;22;3047.00;117
7457;19;622202002;7457;521;8810;8928;5.27;0.32;335.62;8.92;1353;22;3048.00;118
7458;19;622202023;7458;517;8812;8928;5.30;0.32;335.67;8.93;1354;22;3049.00;116
7460;19;622202039;7460;516;8814;8928;5.26;0.32;335.78;9.00;1354;22;3050.00;114
7464;19;622202053;7464;523;8816;8929;5.21;0.32;335.99;9.00;1352;22;3051.00;113
7467;19;622202068;7467;526;8816;8929;5.13;0.31;336.11;9.00;1349;22;3052.00;113
7472;19;622202095;7472;539;8824;8935;5.04;0.31;336.24;9.06;1352;22;3053.00;111
7475;19;622202110;7475;537;8824;8935;4.97;0.30;336.38;9.06;1349;22;3054.00;111
7481;19;622202125;7481;542;8824;8936;4.83;0.30;336.56;9.06;1343;22;3055.00;112
7485;19;622202139;7485;552;8826;8936;4.69;0.29;336.55;9.14;1341;22;3056.00;110
7488;19;622202154;7488;557;8826;8936;4.56;0.28;336.65;9.14;1338;22;3057.00;110
7495;19;622202167;7495;564;8828;8936;4.41;0.27;336.74;9.21;1333;22;3058.00;108
7497;19;622202181;7497;569;8828;8936;4.30;0.26;336.71;9.21;1331;22;3059.00;108
7499;19;622202196;7499;569;8855;8972;4.41;0.27;336.78;9.18;1356;22;3060.00;117
7504;19;622202213;7504;572;8858;8972;4.37;0.27;336.85;9.25;1354;22;3061.00;114
7505;19;622202227;7505;561;8859;8972;4.39;0.27;336.82;9.25;1354;22;3062.00;113
7508;19;622202241;7508;568;8859;8972;4.37;0.27;336.91;9.25;1351;22;3063.00;113
7513;19;622202255;7513;574;8860;8972;4.34;0.27;337.01;9.25;1347;22;3064.00;112
7516;19;622202270;7516;571;8860;8972;4.37;0.27;337.10;9.25;1344;22;3065.00;112
7522;19;622202283;7522;580;8864;8976;4.39;0.27;337.14;9.24;1342;22;3066.00;112
7524;19;622202297;7524;577;8864;8976;4.40;0.27;337.08;9.24;1340;22;3067.00;112
7527;19;622202312;7527;576;8868;8980;4.41;0.27;337.03;9.24;1341;22;3068.00;112
7529;19;622202325;7529;575;8869;8981;4.39;0.27;337.13;9.24;1340;22;3069.00;112
7532;19;622202339;7532;573;8869;8981;4.38;0.27;337.03;9.24;1337;22;3070.00;112
7535;19;622202352;7535;575;8869;8981;4.35;0.27;337.05;9.24;1334;22;3071.00;112
7539;19;622202366;7539;578;8880;8994;4.31;0.27;337.10;9.23;1341;22;3072.00;114
7543;19;622202381;7543;576;8880;8994;4.26;0.26;337.12;9.23;1337;22;3073.00;114
7546;19;622202395;7546;576;8880;8994;4.27;0.27;337.02;9.23;1334;22;3074.00;114
7554;19;622202410;7554;579;8881;8995;4.24;0.26;337.01;9.23;1327;22;3075.00;114
7556;19;622202425;7556;585;8881;8996;4.27;0.26;337.04;9.23;1325;22;3076.00;115
7560;19;622202438;7560;588;8881;8996;4.26;0.26;336.95;9.23;1321;22;3077.00;115
7563;19;622202452;7563;580;8883;8999;4.24;0.26;336.95;9.22;1320;22;3078.00;116
7569;19;622202467;7569;583;8883;8999;4.19;0.26;337.06;9.22;1314;22;3079.00;116
7574;19;622202481;7574;581;8883;8999;4.15;0.26;337.17;9.22;1309;22;3080.00;116
7575;19;622202495;7575;584;8883;8999;4.10;0.25;337.20;9.22;1308;22;3081.00;116
7580;19;622202509;7580;587;8887;9005;4.03;0.25;337.09;9.22;1307;22;3082.00;118
7581;19;622202525;7581;592;8887;9005;4.01;0.25;337.10;9.22;1306;22;3083.00;118
7588;19;622202538;7588;597;8887;9005;3.93;0.24;337.03;9.22;1299;22;3084.00;118
7593;19;622202552;7593;594;8888;9005;3.91;0.24;337.05;9.22;1295;22;3085.00;117
7594;19;622202565;7594;605;8891;9009;3.91;0.24;337.06;9.22;1297;22;3086.00;118
7601;19;622202578;7601;614;8892;9010;3.86;0.24;337.10;9.22;1291;22;3087.00;118
7606;19;622202591;7606;614;8892;9010;3.80;0.23;337.13;9.22;1286;22;3088.00;118
7609;19;622202604;7609;622;8893;9011;3.78;0.23;337.15;9.22;1284;22;3089.00;118
7612;19;622202618;7612;622;8893;9011;3.77;0.23;337.15;9.22;1281;22;3090.00;118
7616;19;622202631;7616;630;8893;9011;3.74;0.23;337.15;9.22;1277;22;3091.00;118
7621;19;622202644;7621;623;8894;9011;3.70;0.23;337.23;9.22;1273;22;3092.00;117
7624;19;622202656;7624;633;8894;9011;3.67;0.23;337.26;9.22;1270;22;3093.00;117
7626;19;622202669;7626;634;8894;9011;3.68;0.23;337.21;9.22;1268;22;3094.00;117
7628;19;622202681;7628;645;8894;9011;3.68;0.23;337.19;9.22;1266;22;3095.00;117
7632;19;622202694;7632;653;8932;9081;3.83;0.24;337.21;9.18;1300;22;3096.00;149
7636;19;622202712;7636;651;8933;9082;3.80;0.23;337.18;9.18;1297;22;3097.00;149
7639;19;622202725;7639;655;8939;9082;3.84;0.23;337.24;9.17;1300;22;3098.00;143
7642;19;622202738;7642;662;8940;9082;3.79;0.23;337.22;9.17;1298;22;3099.00;142
7644;19;622202750;7644;664;8943;9082;3.79;0.23;337.19;9.17;1299;22;3100.00;139
7647;19;622202767;7647;662;8943;9082;3.75;0.23;337.25;9.17;1296;22;3101.00;139
7649;19;622202780;7649;666;8948;9082;3.74;0.23;337.25;9.17;1299;22;3102.00;134
7654;19;622202793;7654;668;8950;9082;3.68;0.22;337.29;9.17;1296;22;3103.00;132
7657;19;622202805;7657;668;8953;9083;3.71;0.23;337.25;9.17;1296;22;3104.00;130
7659;19;622202818;7659;669;8956;9085;3.68;0.22;337.18;9.17;1297;22;3105.00;129
7660;19;622202831;7660;665;8959;9085;3.64;0.22;337.19;9.17;1299;22;3106.00;126
7661;19;622202843;7661;648;8965;9089;3.66;0.22;337.16;9.16;1304;22;3107.00;124
7663;19;622202857;7663;640;8966;9089;3.71;0.23;337.11;9.16;1303;22;3108.00;123
7664;19;622202870;7664;626;8966;9089;3.76;0.23;337.12;9.16;1302;22;3109.00;123
7667;19;622202883;7667;611;8967;9089;3.81;0.23;337.15;9.21;1300;22;3110.00;122
7669;19;622202898;7669;612;8972;9095;3.90;0.24;337.14;9.20;1303;22;3111.00;123
7671;19;622202912;7671;604;8972;9095;3.97;0.24;337.12;9.20;1301;22;3112.00;123
7672;19;622202926;7672;605;8972;9095;4.05;0.25;337.15;9.20;1300;22;3113.00;123
7673;19;622202946;7673;616;8975;9098;4.12;0.25;337.18;9.20;1302;22;3114.00;123
7674;19;622202960;7674;615;8975;9098;4.14;0.25;337.14;9.20;1301;22;3115.00;123
7674;19;622202975;7674;600;8975;9098;4.20;0.25;337.14;9.20;1301;22;3116.00;123
7674;19;622202989;7674;580;8975;9099;4.27;0.26;337.14;9.20;1301;22;3117.00;124
7675;19;622203003;7675;565;8976;9100;4.31;0.26;337.09;9.20;1301;22;3118.00;124
7675;19;622203017;7675;550;8976;9100;4.35;0.26;337.09;9.20;1301;22;3119.00;124
7676;19;622203033;7676;546;8995;9126;4.57;0.28;337.05;9.18;1319;22;3120.00;131
7678;19;622203049;7678;527;8996;9126;4.67;0.28;337.12;9.18;1318;22;3121.00;130
7679;19;622203069;7679;512;8998;9126;4.76;0.29;337.08;9.18;1319;22;3122.00;128
7681;19;622203084;7681;514;8999;9127;4.87;0.30;337.04;9.17;1318;22;3123.00;128
7683;19;622203099;7683;504;8999;9127;4.96;0.30;337.02;9.17;1316;22;3124.00;128
7683;19;622203114;7683;501;9003;9131;5.06;0.31;337.02;9.17;1320;22;3125.00;128
7688;19;622203131;7688;496;9003;9131;5.11;0.31;337.10;9.17;1315;22;3126.00;128
7690;19;622203147;7690;487;9007;9135;5.10;0.31;337.11;9.21;1317;22;3127.00;128
7691;19;622203163;7691;485;9007;9135;5.14;0.31;337.09;9.21;1316;22;3128.00;128
7692;19;622203178;7692;480;9007;9135;5.15;0.31;337.12;9.21;1315;22;3129.00;128
7694;19;622203192;7694;488;9007;9135;5.17;0.31;337.29;9.21;1313;22;3130.00;128
7696;19;622203208;7696;480;9007;9135;5.22;0.32;337.49;9.21;1311;22;3131.00;128
7697;19;622203222;7697;474;9017;9147;5.26;0.32;337.55;9.20;1320;22;3132.00;130
7700;19;622203238;7700;472;9017;9147;5.27;0.32;337.67;9.20;1317;22;3133.00;130
7705;19;622203254;7705;475;9019;9147;5.31;0.32;337.77;9.24;1314;22;3134.00;128
7708;19;622203270;7708;474;9019;9147;5.29;0.32;337.85;9.24;1311;22;3135.00;128
7713;19;622203284;7713;469;9019;9147;5.32;0.32;337.92;9.24;1306;22;3136.00;128
7715;19;622203299;7715;468;9019;9147;5.37;0.33;337.87;9.24;1304;22;3137.00;128
7717;19;622203313;7717;477;9019;9148;5.41;0.33;337.90;9.24;1302;22;3138.00;129
7718;19;622203328;7718;472;9019;9148;5.41;0.33;337.90;9.24;1301;22;3139.00;129
7719;19;622203343;7719;475;9024;9154;5.48;0.33;337.96;9.24;1305;22;3140.00;130
7719;19;622203357;7719;476;9025;9155;5.51;0.33;337.96;9.24;1306;22;3141.00;130
7721;19;622203378;7721;474;9026;9155;5.51;0.34;338.12;9.27;1305;22;3142.00;129
7721;19;622203392;7721;479;9026;9155;5.51;0.34;338.12;9.27;1305;22;3143.00;129
7725;19;622203408;7725;477;9029;9159;5.44;0.33;338.24;9.27;1304;22;3144.00;130
7727;19;622203423;7727;485;9029;9159;5.43;0.33;338.27;9.27;1302;22;3145.00;130
7728;19;622203437;7728;487;9029;9159;5.40;0.33;338.30;9.27;1301;22;3146.00;130
7731;19;622203451;7731;486;9030;9160;5.43;0.33;338.47;9.27;1299;22;3147.00;130
7733;19;622203466;7733;497;9033;9164;5.35;0.33;338.60;9.27;1300;22;3148.00;131
7736;19;622203481;7736;495;9033;9164;5.31;0.32;338.66;9.27;1297;22;3149.00;131
7739;19;622203498;7739;488;9037;9170;5.37;0.33;338.76;9.26;1298;22;3150.00;133
7741;19;622203527;7741;482;9037;9170;5.34;0.32;338.75;9.26;1296;22;3151.00;133
7742;19;622203561;7742;481;9039;9170;5.38;0.33;338.73;9.26;1297;22;3152.00;131
7745;19;622203588;7745;478;9039;9170;5.42;0.33;338.83;9.26;1294;22;3153.00;131
7748;19;622203610;7748;469;9043;9174;5.47;0.33;338.93;9.26;1295;22;3154.00;131
7750;19;622203632;7750;461;9043;9174;5.51;0.33;339.07;9.26;1293;22;3155.00;131
7752;19;622203650;7752;456;9043;9174;5.51;0.33;339.10;9.26;1291;22;3156.00;131
7756;19;622203666;7756;456;9043;9174;5.51;0.34;339.15;9.26;1287;22;3157.00;131
7760;19;622203682;7760;451;9043;9175;5.51;0.34;339.40;9.26;1283;22;3158.00;132
7763;19;622203698;7763;450;9044;9176;5.53;0.34;339.40;9.26;1281;22;3159.00;132
7767;19;622203714;7767;450;9045;9176;5.49;0.33;339.64;9.29;1278;22;3160.00;131
7769;19;622203730;7769;438;9046;9177;5.53;0.34;339.64;9.29;1277;22;3161.00;131
7772;19;622203745;7772;433;9046;9177;5.45;0.33;339.75;9.29;1274;22;3162.00;131
7775;19;622203760;7775;432;9046;9177;5.42;0.33;339.91;9.29;1271;22;3163.00;131
7778;19;622203790;7778;431;9046;9177;5.41;0.33;339.89;9.29;1268;22;3164.00;131
7781;19;622203805;7781;428;9048;9177;5.40;0.33;340.00;9.37;1267;22;3165.00;129
7785;19;622203822;7785;422;9048;9177;5.41;0.33;340.09;9.37;1263;22;3166.00;129
7787;19;622203839;7787;417;9048;9177;5.47;0.33;340.17;9.37;1261;22;3167.00;129
7791;19;622203854;7791;437;9116;9304;5.57;0.34;340.18;9.34;1325;22;3168.00;188
7796;19;622203880;7796;426;9118;9305;5.57;0.34;340.43;9.33;1322;22;3169.00;187
7797;19;622203896;7797;427;9123;9305;5.62;0.35;340.40;9.33;1326;22;3170.00;182
7799;19;622203911;7799;426;9125;9305;5.62;0.35;340.60;9.33;1326;22;3171.00;180
7801;19;622203927;7801;421;9128;9305;5.65;0.35;340.56;9.33;1327;22;3172.00;177
7805;19;622203944;7805;424;9131;9305;5.69;0.35;340.57;9.33;1326;22;3173.00;174
7812;19;622203960;7812;418;9132;9305;5.71;0.35;340.74;9.33;1320;22;3174.00;173
7813;19;622203976;7813;417;9134;9305;5.81;0.36;340.76;9.33;1321;22;3175.00;171
7815;19;622203992;7815;414;9138;9306;5.91;0.36;340.74;9.36;1323;22;3176.00;168
7819;19;622204008;7819;416;9143;9307;5.98;0.37;340.67;9.36;1324;22;3177.00;164
7821;19;622204026;7821;419;9147;9307;6.03;0.37;340.73;9.36;1326;22;3178.00;160
7825;19;622204042;7825;415;9151;9308;6.04;0.37;340.77;9.36;1326;22;3179.00;157
7829;19;622204064;7829;418;9155;9308;6.01;0.37;340.83;9.36;1326;22;3180.00;153
7831;19;622204081;7831;414;9158;9308;6.00;0.37;340.86;9.36;1327;22;3181.00;150
7834;19;622204098;7834;421;9161;9308;5.96;0.37;340.91;9.36;1327;22;3182.00;147
7836;19;622204117;7836;423;9167;9312;5.91;0.36;340.96;9.36;1331;22;3183.00;145
7838;19;622204145;7838;422;9167;9312;5.89;0.36;341.04;9.36;1329;22;3184.00;145
7841;19;622204168;7841;432;9170;9312;5.85;0.36;341.01;9.36;1329;22;3185.00;142
7842;19;622204191;7842;437;9173;9315;5.82;0.36;341.06;9.36;1331;22;3186.00;142
7846;19;622204225;7846;440;9174;9315;5.80;0.36;341.16;9.36;1328;22;3187.00;141
7847;19;622204249;7847;445;9175;9315;5.76;0.35;341.21;9.36;1328;22;3188.00;140
7851;19;622204273;7851;450;9179;9319;5.74;0.35;341.43;9.36;1328;22;3189.00;140
7858;19;622204293;7858;452;9181;9320;5.68;0.35;341.58;9.40;1323;22;3190.00;139
7859;19;622204316;7859;459;9183;9322;5.65;0.35;341.59;9.40;1324;22;3191.00;139
7862;19;622204337;7862;461;9186;9326;5.65;0.35;341.76;9.40;1324;22;3192.00;140
7865;19;622204354;7865;463;9188;9326;5.68;0.35;341.82;9.44;1323;22;3193.00;138
7869;19;622204371;7869;463;9188;9326;5.65;0.35;341.91;9.44;1319;22;3194.00;138
7873;19;622204387;7873;469;9190;9328;5.59;0.34;342.12;9.44;1317;22;3195.00;138
7878;19;622204403;7878;469;9191;9328;5.56;0.34;342.21;9.49;1313;22;3196.00;137
7879;19;622204419;7879;484;9196;9334;5.56;0.34;342.32;9.48;1317;22;3197.00;138
7883;19;622204435;7883;481;9196;9334;5.48;0.34;342.54;9.48;1313;22;3198.00;138
7885;19;622204451;7885;489;9197;9335;5.43;0.33;342.53;9.53;1312;22;3199.00;138
7889;19;622204468;7889;492;9200;9335;5.35;0.33;342.69;9.66;1311;22;3200.00;135
7890;19;622204489;7890;500;9200;9335;5.24;0.32;342.74;9.66;1310;22;3201.00;135
7891;19;622204507;7891;501;9201;9335;5.19;0.32;342.79;9.71;1310;22;3202.00;134
7892;19;622204522;7892;504;9203;9335;5.15;0.31;342.83;9.79;1311;22;3203.00;132
7893;19;622204537;7893;509;9214;9347;5.15;0.31;342.91;9.82;1321;22;3204.00;133
7896;19;622204553;7896;517;9214;9347;5.08;0.31;342.98;9.82;1318;22;3205.00;133
7900;19;622204568;7900;520;9216;9347;4.99;0.31;343.12;9.87;1316;22;3206.00;131
7902;19;622204582;7902;530;9216;9347;4.95;0.30;343.12;9.87;1314;22;3207.00;131
7903;19;622204596;7903;530;9218;9347;4.85;0.30;343.22;9.95;1315;22;3208.00;129
7903;19;622204610;7903;529;9219;9347;4.79;0.29;343.22;9.99;1316;22;3209.00;128
7906;19;622204624;7906;531;9223;9351;4.72;0.29;343.30;10.03;1317;22;3210.00;128
7908;19;622204638;7908;532;9223;9351;4.68;0.29;343.28;10.03;1315;22;3211.00;128
7913;19;622204652;7913;535;9227;9355;4.67;0.29;343.30;10.03;1314;22;3212.00;128
7915;19;622204666;7915;535;9230;9356;4.66;0.28;343.41;10.11;1315;22;3213.00;126
7918;19;622204680;7918;538;9231;9356;4.65;0.28;343.53;10.15;1313;22;3214.00;125
7920;19;622204699;7920;539;9232;9356;4.66;0.28;343.66;10.19;1312;22;3215.00;124
7924;19;622204713;7924;539;9243;9369;4.71;0.29;343.85;10.17;1319;22;3216.00;126
7927;19;622204728;7927;535;9243;9369;4.70;0.29;343.86;10.17;1316;22;3217.00;126
7930;19;622204741;7930;540;9245;9369;4.68;0.28;343.84;10.25;1315;22;3218.00;124
7932;19;622204754;7932;546;9246;9370;4.70;0.29;343.92;10.25;1314;22;3219.00;124
7933;19;622204767;7933;544;9246;9371;4.68;0.28;344.03;10.25;1313;22;3220.00;125
7935;19;622204781;7935;550;9248;9371;4.61;0.28;344.05;10.33;1313;22;3221.00;123
7944;19;622204793;7944;552;9251;9374;4.52;0.27;344.12;10.32;1307;22;3222.00;123
7944;19;622204807;7944;559;9253;9374;4.49;0.27;344.12;10.40;1309;22;3223.00;121
7948;19;622204820;7948;558;9253;9374;4.45;0.27;344.07;10.40;1305;22;3224.00;121
7950;19;622204832;7950;566;9253;9374;4.41;0.27;344.12;10.40;1303;22;3225.00;121
7953;19;622204846;7953;575;9260;9380;4.37;0.27;344.09;10.47;1307;22;3226.00;120
7956;19;622204859;7956;570;9260;9380;4.26;0.26;344.17;10.47;1304;22;3227.00;120
7959;19;622204872;7959;581;9260;9380;4.15;0.25;344.13;10.47;1301;22;3228.00;120
7964;19;622204884;7964;590;9260;9380;4.01;0.24;344.10;10.47;1296;22;3229.00;120
7967;19;622204896;7967;580;9263;9384;3.93;0.24;344.08;10.46;1296;22;3230.00;121
7972;19;622204909;7972;580;9264;9385;3.87;0.24;344.16;10.46;1292;22;3231.00;121
7975;19;622204921;7975;579;9264;9385;3.82;0.23;344.11;10.46;1289;22;3232.00;121
7980;19;622204933;7980;578;9265;9386;3.78;0.23;344.04;10.46;1285;22;3233.00;121
7982;19;622204946;7982;578;9265;9386;3.78;0.23;344.05;10.46;1283;22;3234.00;121
7985;19;622204958;7985;567;9265;9386;3.78;0.23;344.05;10.46;1280;22;3235.00;121
7988;19;622204971;7988;564;9265;9386;3.79;0.23;344.00;10.46;1277;22;3236.00;121
7992;19;622204982;7992;557;9265;9386;3.77;0.23;343.91;10.46;1273;22;3237.00;121
7996;19;622204995;7996;559;9265;9386;3.74;0.23;343.87;10.46;1269;22;3238.00;121
7999;19;622205007;7999;553;9265;9386;3.74;0.23;343.94;10.46;1266;22;3239.00;121
8001;19;622205021;8001;561;9324;9511;4.01;0.25;343.97;10.40;1323;22;3240.00;187
8005;19;622205042;8005;547;9329;9512;4.03;0.25;343.92;10.39;1324;22;3241.00;183
8007;19;622205055;8007;541;9338;9512;4.14;0.26;343.94;10.38;1331;22;3242.00;174
8010;19;622205068;8010;534;9341;9512;4.16;0.26;343.99;10.38;1331;22;3243.00;171
8014;19;622205080;8014;535;9345;9512;4.18;0.26;343.95;10.38;1331;22;3244.00;167
8019;19;622205094;8019;540;9349;9512;4.14;0.26;343.93;10.38;1330;22;3245.00;163
8021;19;622205107;8021;547;9352;9512;4.17;0.26;343.95;10.37;1331;22;3246.00;160
8026;19;622205120;8026;546;9354;9512;4.19;0.26;343.97;10.37;1328;22;3247.00;158
8028;19;622205133;8028;551;9357;9513;4.20;0.26;343.94;10.37;1329;22;3248.00;156
8030;19;622205147;8030;555;9359;9514;4.20;0.26;344.03;10.37;1329;22;3249.00;155
8032;19;622205160;8032;561;9362;9514;4.14;0.26;344.02;10.37;1330;22;3250.00;152
8038;19;622205178;8038;559;9367;9518;4.12;0.25;344.00;10.37;1329;22;3251.00;151
8042;19;622205192;8042;560;9367;9518;4.10;0.25;343.99;10.37;1325;22;3252.00;151
8045;19;622205205;8045;581;9367;9518;4.07;0.25;343.95;10.37;1322;22;3253.00;151
8049;19;622205219;8049;582;9367;9518;4.00;0.25;343.97;10.37;1318;22;3254.00;151
8051;19;622205232;8051;590;9371;9524;4.00;0.25;343.99;10.36;1320;22;3255.00;153
8054;19;622205246;8054;597;9372;9524;3.97;0.24;343.98;10.36;1318;22;3256.00;152
8057;19;622205260;8057;599;9372;9524;3.93;0.24;343.93;10.36;1315;22;3257.00;152
8062;19;622205278;8062;591;9373;9527;3.91;0.24;343.88;10.36;1311;22;3258.00;154
8062;19;622205292;8062;587;9373;9527;3.89;0.24;343.88;10.36;1311;22;3259.00;154
8066;19;622205305;8066;579;9374;9527;3.84;0.23;343.86;10.36;1308;22;3260.00;153
8067;19;622205325;8067;573;9374;9528;3.85;0.23;343.83;10.36;1307;22;3261.00;154
8073;19;622205338;8073;569;9375;9529;3.86;0.23;343.74;10.36;1302;22;3262.00;154
8076;19;622205352;8076;566;9377;9529;3.91;0.24;343.72;10.37;1301;22;3263.00;152
8079;19;622205365;8079;568;9386;9542;4.02;0.24;343.63;10.36;1307;22;3264.00;156
8081;19;622205379;8081;566;9387;9542;4.06;0.25;343.64;10.36;1306;22;3265.00;155
8083;19;622205399;8083;563;9389;9542;4.09;0.25;343.65;10.36;1306;22;3266.00;153
8084;19;622205412;8084;560;9389;9543;4.17;0.25;343.63;10.36;1305;22;3267.00;154
8087;19;622205426;8087;556;9389;9543;4.19;0.25;343.61;10.36;1302;22;3268.00;154
8089;19;622205440;8089;557;9393;9547;4.25;0.26;343.61;10.36;1304;22;3269.00;154
8092;19;622205455;8092;549;9394;9547;4.25;0.26;343.55;10.36;1302;22;3270.00;153
8095;19;622205469;8095;551;9399;9551;4.22;0.26;343.57;10.36;1304;22;3271.00;152
8096;19;622205483;8096;546;9399;9551;4.20;0.25;343.57;10.36;1303;22;3272.00;152
8098;19;622205497;8098;546;9400;9551;4.16;0.25;343.53;10.36;1302;22;3273.00;151
8099;19;622205516;8099;538;9400;9551;4.16;0.25;343.52;10.36;1301;22;3274.00;151
8101;19;622205544;8101;529;9401;9551;4.17;0.25;343.56;10.36;1300;22;3275.00;150
8102;19;622205567;8102;528;9410;9563;4.29;0.26;343.52;10.35;1308;22;3276.00;153
8103;19;622205588;8103;512;9411;9563;4.30;0.26;343.53;10.35;1308;22;3277.00;152
8104;19;622205610;8104;504;9412;9563;4.30;0.26;343.51;10.35;1308;22;3278.00;151
8104;19;622205629;8104;501;9413;9563;4.32;0.26;343.51;10.35;1309;22;3279.00;150
8106;19;622205644;8106;494;9415;9563;4.34;0.26;343.53;10.39;1309;22;3280.00;148
8110;19;622205660;8110;488;9415;9563;4.35;0.26;343.72;10.39;1305;22;3281.00;148
8110;19;622205676;8110;487;9415;9564;4.37;0.27;343.72;10.39;1305;22;3282.00;149
8113;19;622205691;8113;481;9415;9564;4.36;0.27;343.76;10.39;1302;22;3283.00;149
8115;19;622205707;8115;485;9420;9570;4.41;0.27;343.80;10.38;1305;22;3284.00;150
8117;19;622205723;8117;483;9422;9572;4.38;0.27;343.82;10.38;1305;22;3285.00;150
8119;19;622205744;8119;469;9422;9572;4.37;0.27;343.79;10.38;1303;22;3286.00;150
8121;19;622205760;8121;460;9422;9572;4.36;0.27;343.81;10.38;1301;22;3287.00;150
8122;19;622205775;8122;445;9425;9576;4.44;0.27;343.81;10.38;1303;22;3288.00;151
8125;19;622205791;8125;441;9425;9576;4.46;0.27;343.91;10.38;1300;22;3289.00;151
8125;19;622205813;8125;437;9425;9576;4.51;0.28;343.91;10.38;1300;22;3290.00;151
8127;19;622205828;8127;427;9426;9577;4.56;0.28;344.04;10.38;1299;22;3291.00;151
8127;19;622205844;8127;431;9429;9581;4.60;0.28;344.04;10.37;1302;22;3292.00;152
8130;19;622205867;8130;429;9429;9581;4.58;0.28;344.14;10.37;1299;22;3293.00;152
8133;19;622205882;8133;429;9431;9584;4.62;0.28;344.24;10.37;1298;22;3294.00;153
8135;19;622205899;8135;434;9431;9584;4.62;0.28;344.32;10.37;1296;22;3295.00;153
8137;19;622205913;8137;436;9432;9584;4.61;0.28;344.47;10.37;1295;22;3296.00;152
8138;19;622205928;8138;435;9432;9584;4.62;0.28;344.52;10.37;1294;22;3297.00;152
8143;19;622205943;8143;424;9437;9588;4.66;0.28;344.66;10.41;1294;22;3298.00;151
8147;19;622205960;8147;426;9437;9588;4.68;0.29;344.80;10.41;1290;22;3299.00;151
8149;19;622205978;8149;425;9442;9607;4.63;0.28;344.79;10.40;1293;22;3300.00;165
8153;19;622206000;8153;419;9442;9607;4.62;0.28;344.88;10.40;1289;22;3301.00;165
8156;19;622206015;8156;412;9442;9608;4.65;0.28;344.89;10.40;1286;22;3302.00;166
8158;19;622206032;8158;405;9443;9609;4.62;0.28;344.89;10.40;1285;22;3303.00;166
8161;19;622206047;8161;415;9443;9609;4.62;0.28;344.98;10.40;1282;22;3304.00;166
8164;19;622206063;8164;412;9444;9610;4.65;0.28;345.13;10.40;1280;22;3305.00;166
8165;19;622206077;8165;421;9446;9610;4.67;0.28;345.10;10.40;1281;22;3306.00;164
8170;19;622206093;8170;425;9447;9610;4.68;0.28;345.27;10.44;1277;22;3307.00;163
8170;19;622206107;8170;434;9447;9610;4.72;0.29;345.27;10.44;1277;22;3308.00;163
8172;19;622206122;8172;432;9447;9610;4.72;0.29;345.30;10.44;1275;22;3309.00;163
8174;19;622206136;8174;430;9447;9610;4.73;0.29;345.37;10.44;1273;22;3310.00;163
8176;19;622206151;8176;436;9447;9610;4.79;0.29;345.43;10.44;1271;22;3311.00;163
8178;19;622206166;8178;465;9517;9737;4.91;0.30;345.52;10.37;1339;22;3312.00;220
8182;19;622206191;8182;459;9518;9738;4.95;0.31;345.54;10.42;1336;22;3313.00;220
8184;19;622206207;8184;444;9522;9738;5.05;0.31;345.54;10.41;1338;22;3314.00;216
8189;19;622206222;8189;454;9522;9738;5.04;0.31;345.74;10.41;1333;22;3315.00;216
8190;19;622206238;8190;455;9525;9738;5.08;0.31;345.75;10.41;1335;22;3316.00;213
8191;19;622206254;8191;454;9526;9738;5.05;0.31;345.72;10.41;1335;22;3317.00;212
8194;19;622206269;8194;460;9531;9738;5.06;0.31;345.85;10.41;1337;22;3318.00;207
8195;19;622206284;8195;464;9532;9738;5.11;0.31;345.85;10.41;1337;22;3319.00;206
8195;19;622206300;8195;463;9535;9739;5.12;0.31;345.85;10.41;1340;22;3320.00;204
8197;19;622206316;8197;458;9538;9740;5.17;0.32;345.96;10.41;1341;22;3321.00;202
8198;19;622206333;8198;445;9541;9740;5.21;0.32;345.94;10.41;1343;22;3322.00;199
8199;19;622206348;8199;449;9545;9741;5.26;0.32;346.03;10.41;1346;22;3323.00;196
8201;19;622206365;8201;447;9549;9741;5.29;0.32;346.08;10.41;1348;22;3324.00;192
8201;19;622206381;8201;443;9551;9741;5.32;0.33;346.08;10.41;1350;22;3325.00;190
8202;19;622206397;8202;441;9553;9741;5.36;0.33;346.10;10.41;1351;22;3326.00;188
8205;19;622206412;8205;437;9556;9745;5.38;0.33;346.24;10.46;1351;22;3327.00;189
8208;19;622206429;8208;436;9558;9745;5.41;0.33;346.33;10.46;1350;22;3328.00;187
8209;19;622206445;8209;429;9560;9745;5.40;0.33;346.31;10.46;1351;22;3329.00;185
8210;19;622206463;8210;423;9564;9751;5.40;0.33;346.31;10.46;1354;22;3330.00;187
8214;19;622206486;8214;422;9565;9751;5.32;0.33;346.44;10.46;1351;22;3331.00;186
8220;19;622206504;8220;417;9566;9751;5.28;0.32;346.55;10.46;1346;22;3332.00;185
8225;19;622206522;8225;410;9571;9755;5.21;0.32;346.68;10.46;1346;22;3333.00;184
8228;19;622206538;8228;402;9574;9756;5.20;0.32;346.80;10.46;1346;22;3334.00;182
8230;19;622206554;8230;399;9578;9756;5.15;0.31;346.90;10.47;1348;22;3335.00;178
8233;19;622206579;8233;390;9582;9760;5.11;0.31;346.98;10.47;1349;22;3336.00;178
8237;19;622206594;8237;389;9584;9760;5.10;0.31;347.08;10.51;1347;22;3337.00;176
8240;19;622206611;8240;392;9587;9760;5.11;0.31;347.14;10.56;1347;22;3338.00;173
8242;19;622206627;8242;390;9588;9761;5.15;0.31;347.21;10.56;1346;22;3339.00;173
8245;19;622206643;8245;389;9589;9761;5.14;0.31;347.16;10.56;1344;22;3340.00;172
8247;19;622206662;8247;392;9596;9767;5.17;0.31;347.20;10.61;1349;22;3341.00;171
8251;20;622206680;8251;394;9596;9767;5.15;0.31;347.19;10.61;1345;23;3342.00;171
8254;20;622206718;8254;390;9598;9768;5.20;0.32;347.17;10.61;1344;23;3343.00;170
8256;20;622206734;8256;386;9598;9768;5.23;0.32;347.20;10.61;1342;23;3344.00;170
8259;20;622206750;8259;389;9599;9768;5.24;0.32;347.23;10.61;1340;23;3345.00;169
8261;20;622206766;8261;401;9599;9768;5.28;0.32;347.30;10.61;1338;23;3346.00;169
8266;20;622206787;8266;412;9600;9768;5.24;0.32;347.37;10.61;1334;23;3347.00;168
8267;20;622206803;8267;415;9610;9780;5.23;0.32;347.35;10.60;1343;23;3348.00;170
8270;20;622206820;8270;413;9610;9780;5.18;0.31;347.34;10.60;1340;23;3349.00;170
8275;20;622206835;8275;409;9612;9780;5.14;0.31;347.44;10.65;1337;23;3350.00;168
8276;20;622206850;8276;414;9614;9780;5.12;0.31;347.45;10.65;1338;23;3351.00;166
8280;20;622206866;8280;421;9615;9780;5.09;0.31;347.57;10.70;1335;23;3352.00;165
8280;20;622206882;8280;422;9615;9780;5.11;0.31;347.57;10.70;1335;23;3353.00;165
8282;20;622206897;8282;415;9619;9784;5.12;0.31;347.60;10.70;1337;23;3354.00;165
8286;20;622206913;8286;419;9619;9784;5.13;0.31;347.61;10.70;1333;23;3355.00;165
8288;20;622206929;8288;427;9624;9788;5.16;0.31;347.58;10.70;1336;23;3356.00;164
8291;20;622206945;8291;426;9625;9789;5.20;0.32;347.68;10.70;1334;23;3357.00;164
8291;20;622206962;8291;425;9626;9789;5.15;0.31;347.68;10.70;1335;23;3358.00;163
8293;20;622206978;8293;430;9627;9789;5.09;0.31;347.71;10.75;1334;23;3359.00;162
8296;20;622206996;8296;443;9650;9818;5.10;0.31;347.67;10.77;1354;23;3360.00;168
8297;20;622207015;8297;447;9650;9818;5.05;0.31;347.70;10.77;1353;23;3361.00;168
8299;20;622207029;8299;453;9655;9818;5.03;0.31;347.90;10.92;1356;23;3362.00;163
8302;20;622207045;8302;470;9657;9819;5.05;0.31;347.98;10.92;1355;23;3363.00;162
8304;20;622207060;8304;481;9659;9820;5.01;0.31;348.07;11.01;1355;23;3364.00;161
8307;20;622207076;8307;492;9659;9820;4.95;0.30;348.08;11.01;1352;23;3365.00;161
8309;20;622207092;8309;498;9662;9823;4.92;0.30;348.19;11.06;1353;23;3366.00;161
8311;20;622207108;8311;513;9663;9823;4.86;0.30;348.25;11.11;1352;23;3367.00;160
8313;20;622207123;8313;523;9664;9823;4.85;0.30;348.33;11.11;1351;23;3368.00;159
8315;20;622207138;8315;533;9666;9823;4.80;0.29;348.38;11.20;1351;23;3369.00;157
8317;20;622207154;8317;546;9671;9829;4.83;0.30;348.47;11.19;1354;23;3370.00;158
8318;20;622207170;8318;552;9672;9829;4.80;0.29;348.53;11.24;1354;23;3371.00;157
8321;20;622207185;8321;559;9673;9829;4.75;0.29;348.64;11.28;1352;23;3372.00;156
8323;20;622207200;8323;570;9674;9829;4.62;0.28;348.62;11.33;1351;23;3373.00;155
8323;20;622207215;8323;577;9677;9833;4.53;0.28;348.62;11.32;1354;23;3374.00;156
8326;20;622207231;8326;585;9681;9835;4.45;0.27;348.65;11.41;1355;23;3375.00;154
8328;20;622207246;8328;598;9681;9835;4.39;0.27;348.63;11.41;1353;23;3376.00;154
8328;20;622207260;8328;606;9683;9836;4.36;0.27;348.63;11.45;1355;23;3377.00;153
8330;20;622207274;8330;611;9684;9836;4.30;0.26;348.61;11.49;1354;23;3378.00;152
8330;20;622207288;8330;609;9684;9836;4.28;0.26;348.61;11.49;1354;23;3379.00;152
8333;20;622207303;8333;615;9685;9836;4.24;0.26;348.62;11.54;1352;23;3380.00;151
8336;20;622207318;8336;607;9685;9836;4.22;0.26;348.73;11.54;1349;23;3381.00;151
8339;20;622207333;8339;605;9688;9836;4.21;0.26;348.63;11.67;1349;23;3382.00;148
8339;20;622207347;8339;610;9688;9836;4.21;0.26;348.63;11.67;1349;23;3383.00;148
8343;20;622207361;8343;617;9725;9906;4.36;0.27;348.61;11.67;1382;23;3384.00;181
8344;20;622207381;8344;615;9727;9907;4.35;0.27;348.58;11.67;1383;23;3385.00;180
8347;20;622207395;8347;615;9736;9907;4.35;0.27;348.67;11.75;1389;23;3386.00;171
8347;20;622207410;8347;620;9739;9907;4.32;0.27;348.67;11.75;1392;23;3387.00;168
8353;20;622207423;8353;617;9744;9907;4.28;0.26;348.75;11.83;1391;23;3388.00;163
8355;20;622207438;8355;622;9745;9907;4.29;0.26;348.72;11.83;1390;23;3389.00;162
8357;20;622207457;8357;626;9747;9907;4.28;0.26;348.70;11.83;1390;23;3390.00;160
8360;20;622207472;8360;630;9748;9907;4.26;0.26;348.67;11.83;1388;23;3391.00;159
8364;20;622207486;8364;644;9750;9908;4.22;0.26;348.58;11.83;1386;23;3392.00;158
8370;20;622207501;8370;651;9751;9909;4.19;0.26;348.52;11.83;1381;23;3393.00;158
8375;20;622207521;8375;657;9752;9909;4.15;0.25;348.49;11.83;1377;23;3394.00;157
8378;20;622207541;8378;666;9756;9913;4.10;0.25;348.43;11.82;1378;23;3395.00;157
8383;20;622207563;8383;676;9757;9913;3.99;0.24;348.46;11.82;1374;23;3396.00;156
8386;20;622207584;8386;680;9759;9913;3.90;0.24;348.40;11.82;1373;23;3397.00;154
8389;20;622207603;8389;690;9761;9913;3.81;0.23;348.33;11.82;1372;23;3398.00;152
8393;20;622207620;8393;698;9765;9919;3.75;0.23;348.25;11.82;1372;23;3399.00;154
8395;20;622207636;8395;690;9766;9919;3.71;0.23;348.26;11.82;1371;23;3400.00;153
8397;20;622207655;8397;692;9766;9919;3.68;0.23;348.24;11.82;1369;23;3401.00;153
8401;20;622207670;8401;683;9767;9922;3.64;0.22;348.30;11.82;1366;23;3402.00;155
8403;20;622207685;8403;675;9767;9922;3.61;0.22;348.32;11.82;1364;23;3403.00;155
8404;20;622207700;8404;669;9767;9922;3.62;0.22;348.33;11.82;1363;23;3404.00;155
8411;20;622207714;8411;668;9767;9923;3.53;0.22;348.43;11.82;1356;23;3405.00;156
8413;20;622207730;8413;668;9768;9924;3.50;0.21;348.36;11.82;1355;23;3406.00;156
8416;20;622207745;8416;664;9768;9924;3.47;0.21;348.45;11.82;1352;23;3407.00;156
8416;20;622207759;8416;656;9777;9937;3.54;0.22;348.45;11.80;1361;23;3408.00;160
8420;20;622207774;8420;652;9777;9937;3.53;0.21;348.40;11.80;1357;23;3409.00;160
8422;20;622207789;8422;654;9778;9937;3.53;0.22;348.38;11.80;1356;23;3410.00;159
8426;20;622207803;8426;644;9778;9938;3.54;0.22;348.32;11.80;1352;23;3411.00;160
8429;20;622207818;8429;635;9778;9938;3.54;0.22;348.35;11.80;1349;23;3412.00;160
8430;20;622207832;8430;628;9781;9942;3.59;0.22;348.36;11.80;1351;23;3413.00;161
8431;20;622207847;8431;623;9781;9942;3.64;0.22;348.36;11.80;1350;23;3414.00;161
8437;20;622207863;8437;616;9784;9946;3.67;0.22;348.31;11.80;1347;23;3415.00;162
8437;20;622207879;8437;611;9784;9946;3.77;0.23;348.31;11.80;1347;23;3416.00;162
8440;20;622207894;8440;612;9784;9946;3.80;0.23;348.30;11.80;1344;23;3417.00;162
8443;20;622207922;8443;606;9784;9946;3.83;0.23;348.27;11.80;1341;23;3418.00;162
8447;20;622207937;8447;604;9784;9946;3.82;0.23;348.30;11.80;1337;23;3419.00;162
8450;20;622207954;8450;610;9810;9980;3.94;0.24;348.29;11.77;1360;23;3420.00;170
8451;20;622207972;8451;609;9811;9980;3.96;0.24;348.29;11.76;1360;23;3421.00;169
8452;20;622207986;8452;605;9811;9980;3.98;0.25;348.29;11.76;1359;23;3422.00;169
8456;20;622208001;8456;603;9811;9980;3.96;0.24;348.30;11.76;1355;23;3423.00;169
8461;20;622208016;8461;605;9811;9980;3.95;0.24;348.27;11.76;1350;23;3424.00;169
8462;20;622208030;8462;597;9811;9980;3.98;0.24;348.28;11.76;1349;23;3425.00;169
8467;20;622208044;8467;602;9812;9981;3.96;0.24;348.19;11.77;1345;23;3426.00;169
8469;20;622208059;8469;597;9812;9981;3.96;0.24;348.26;11.77;1343;23;3427.00;169
8473;20;622208074;8473;601;9816;9987;3.92;0.24;348.29;11.76;1343;23;3428.00;171
8475;20;622208096;8475;597;9816;9988;3.94;0.24;348.30;11.76;1341;23;3429.00;172
8477;20;622208111;8477;596;9817;9988;3.95;0.24;348.25;11.77;1340;23;3430.00;171
8481;20;622208126;8481;592;9818;9988;3.92;0.24;348.26;11.77;1337;23;3431.00;170
8485;20;622208141;8485;598;9821;9992;3.93;0.24;348.37;11.76;1336;23;3432.00;171
8487;20;622208159;8487;595;9821;9992;3.94;0.24;348.48;11.76;1334;23;3433.00;171
8489;20;622208173;8489;603;9823;9992;3.99;0.24;348.49;11.77;1334;23;3434.00;169
8493;20;622208189;8493;598;9824;9993;3.97;0.24;348.47;11.77;1331;23;3435.00;169
8495;20;622208205;8495;596;9827;9997;3.96;0.24;348.46;11.76;1332;23;3436.00;170
8499;20;622208223;8499;593;9827;9997;3.95;0.24;348.54;11.76;1328;23;3437.00;170
8502;20;622208239;8502;591;9830;10000;3.96;0.24;348.74;11.77;1328;23;3438.00;170
8504;20;622208254;8504;581;9830;10000;3.99;0.24;348.75;11.77;1326;23;3439.00;170
8508;20;622208268;8508;586;9831;10000;4.00;0.24;348.75;11.77;1323;23;3440.00;169
8512;20;622208284;8512;583;9833;10000;3.98;0.24;348.82;11.83;1321;23;3441.00;167
8513;20;622208302;8513;590;9836;10004;3.99;0.24;348.78;11.82;1323;23;3442.00;168
8518;20;622208317;8518;585;9837;10004;3.96;0.24;348.95;11.82;1319;23;3443.00;167
8521;20;622208332;8521;591;9838;10004;3.94;0.24;348.98;11.82;1317;23;3444.00;166
8522;20;622208347;8522;589;9839;10004;3.92;0.24;349.00;11.82;1317;23;3445.00;165
8524;20;622208360;8524;592;9840;10005;3.90;0.24;349.01;11.82;1316;23;3446.00;165
8528;20;622208375;8528;572;9841;10006;3.90;0.24;349.16;11.82;1313;23;3447.00;165
8528;20;622208391;8528;573;9842;10006;3.89;0.24;349.16;11.82;1314;23;3448.00;164
8531;20;622208405;8531;574;9843;10007;3.89;0.24;349.27;11.82;1312;23;3449.00;164
8531;20;622208424;8531;569;9843;10007;3.88;0.24;349.27;11.82;1312;23;3450.00;164
8533;20;622208439;8533;568;9844;10007;3.92;0.24;349.31;11.82;1311;23;3451.00;163
8535;20;622208453;8535;569;9844;10007;3.94;0.24;349.33;11.82;1309;23;3452.00;163
8538;20;622208476;8538;568;9844;10007;3.98;0.24;349.41;11.82;1306;23;3453.00;163
8540;20;622208491;8540;561;9844;10007;4.00;0.24;349.44;11.82;1304;23;3454.00;163
8541;20;622208507;8541;562;9844;10007;4.03;0.25;349.57;11.82;1303;23;3455.00;163
8543;20;622208526;8543;572;9917;10134;4.30;0.27;349.73;11.73;1374;23;3456.00;217
8544;20;622208552;8544;554;9919;10135;4.40;0.27;349.73;11.73;1375;23;3457.00;216
8546;20;622208567;8546;528;9927;10135;4.47;0.28;349.76;11.78;1381;23;3458.00;208
8550;20;622208583;8550;521;9931;10135;4.59;0.28;349.81;11.78;1381;23;3459.00;204
8552;20;622208599;8552;509;9934;10135;4.67;0.29;349.84;11.78;1382;23;3460.00;201
8554;20;622208614;8554;507;9936;10135;4.71;0.29;349.95;11.77;1382;23;3461.00;199
8557;20;622208629;8557;502;9939;10135;4.72;0.29;350.09;11.77;1382;23;3462.00;196
8559;20;622208652;8559;509;9942;10135;4.74;0.29;350.20;11.77;1383;23;3463.00;193
8560;20;622208667;8560;517;9945;10136;4.75;0.29;350.32;11.77;1385;23;3464.00;191
8561;20;622208689;8561;534;9949;10138;4.74;0.29;350.43;11.77;1388;23;3465.00;189
8562;20;622208708;8562;537;9952;10138;4.76;0.29;350.56;11.77;1390;23;3466.00;186
8564;20;622208723;8564;531;9956;10139;4.72;0.29;350.80;11.83;1392;23;3467.00;183
8568;20;622208739;8568;542;9957;10139;4.70;0.29;350.93;11.83;1389;23;3468.00;182
8571;20;622208754;8571;541;9958;10139;4.68;0.29;351.11;11.83;1387;23;3469.00;181
8573;20;622208769;8573;534;9958;10139;4.70;0.29;351.11;11.83;1385;24;3470.00;181
8576;20;622208792;8576;534;9962;10143;4.69;0.29;351.06;11.82;1386;24;3471.00;181
8578;20;622208809;8578;536;9963;10143;4.70;0.29;351.17;11.82;1385;24;3472.00;180
8582;20;622208823;8582;532;9963;10143;4.66;0.29;351.40;11.82;1381;24;3473.00;180
8586;20;622208840;8586;532;9966;10146;4.65;0.28;351.43;11.82;1380;24;3474.00;180
8588;20;622208855;8588;528;9966;10146;4.61;0.28;351.38;11.82;1378;24;3475.00;180
8590;20;622208870;8590;530;9968;10146;4.58;0.28;351.39;11.82;1378;24;3476.00;178
8590;20;622208885;8590;530;9971;10150;4.59;0.28;351.39;11.82;1381;24;3477.00;179
8592;20;622208900;8592;537;9974;10151;4.56;0.28;351.45;11.82;1382;24;3478.00;177
8594;20;622208922;8594;531;9974;10151;4.57;0.28;351.45;11.82;1380;24;3479.00;177
8598;20;622208946;8598;526;9979;10156;4.62;0.28;351.52;11.82;1381;24;3480.00;177
8599;20;622208963;8599;529;9980;10156;4.66;0.28;351.50;11.82;1381;24;3481.00;176
8602;20;622208981;8602;529;9981;10156;4.62;0.28;351.52;11.82;1379;24;3482.00;175
8603;20;622208997;8603;534;9982;10157;4.63;0.28;351.53;11.82;1379;24;3483.00;175
8604;20;622209013;8604;533;9983;10157;4.65;0.28;351.57;11.82;1379;24;3484.00;174
8607;20;622209035;8607;535;9987;10163;4.70;0.29;351.57;11.81;1380;24;3485.00;176
8607;20;622209053;8607;540;9988;10163;4.74;0.29;351.57;11.81;1381;24;3486.00;175
8609;20;622209067;8609;540;9988;10164;4.78;0.29;351.55;11.81;1379;24;3487.00;176
8610;20;622209083;8610;534;9988;10164;4.79;0.29;351.63;11.81;1378;24;3488.00;176
8611;20;622209098;8611;537;9988;10164;4.83;0.29;351.61;11.81;1377;24;3489.00;176
8611;20;622209113;8611;535;9988;10164;4.86;0.30;351.61;11.81;1377;24;3490.00;176
8612;20;622209128;8612;534;9988;10164;4.88;0.30;351.66;11.81;1376;24;3491.00;176
8613;20;622209144;8613;518;9998;10176;4.92;0.30;351.63;11.80;1385;24;3492.00;178
8615;20;622209160;8615;510;9999;10176;4.94;0.30;351.75;11.86;1384;24;3493.00;177
8615;20;622209176;8615;511;10000;10176;4.94;0.30;351.75;11.86;1385;24;3494.00;176
8620;20;622209191;8620;506;10000;10176;4.97;0.30;351.91;11.86;1380;24;3495.00;176
8625;20;622209207;8625;500;10000;10176;4.96;0.30;351.99;11.86;1375;24;3496.00;176
8625;20;622209223;8625;497;10000;10176;4.98;0.30;351.99;11.86;1375;24;3497.00;176
8628;20;622209238;8628;496;10003;10180;4.98;0.30;352.01;11.85;1375;24;3498.00;177
8632;20;622209254;8632;500;10003;10180;4.96;0.30;352.04;11.85;1371;24;3499.00;177
8633;20;622209271;8633;498;10007;10184;4.97;0.30;352.12;11.85;1374;24;3500.00;177
8637;20;622209291;8637;487;10008;10185;4.94;0.30;352.24;11.85;1371;24;3501.00;177
8639;20;622209307;8639;490;10008;10185;4.86;0.29;352.41;11.85;1369;24;3502.00;177
8644;20;622209321;8644;490;10008;10185;4.74;0.29;352.50;11.85;1364;24;3503.00;177
8644;20;622209337;8644;486;10019;10198;4.71;0.29;352.50;11.84;1375;24;3504.00;179
8646;20;622209352;8646;486;10019;10198;4.71;0.29;352.59;11.84;1373;24;3505.00;179
8649;20;622209367;8649;481;10019;10198;4.71;0.29;352.59;11.84;1370;24;3506.00;179
8652;20;622209382;8652;489;10020;10199;4.67;0.28;352.59;11.83;1368;24;3507.00;179
8658;20;622209396;8658;492;10020;10200;4.65;0.28;352.71;11.83;1362;24;3508.00;180
8660;20;622209411;8660;491;10020;10200;4.66;0.28;352.76;11.83;1360;24;3509.00;180
8662;20;622209427;8662;491;10024;10206;4.67;0.28;352.75;11.83;1362;24;3510.00;182
8664;20;622209442;8664;495;10024;10206;4.65;0.28;352.77;11.83;1360;24;3511.00;182
8666;20;622209456;8666;498;10026;10206;4.68;0.28;352.84;11.83;1360;24;3512.00;180
8667;20;622209471;8667;501;10026;10206;4.66;0.28;352.81;11.83;1359;24;3513.00;180
8669;20;622209486;8669;507;10031;10212;4.68;0.29;352.88;11.82;1362;24;3514.00;181
8672;20;622209500;8672;502;10031;10212;4.66;0.28;353.00;11.82;1359;24;3515.00;181
8672;20;622209519;8672;508;10031;10212;4.62;0.28;353.00;11.82;1359;24;3516.00;181
8679;20;622209542;8679;503;10031;10212;4.56;0.28;353.24;11.82;1352;24;3517.00;181
8682;20;622209566;8682;509;10034;10216;4.55;0.28;353.35;11.82;1352;24;3518.00;182
8688;20;622209589;8688;507;10037;10219;4.53;0.28;353.57;11.82;1349;24;3519.00;182
8691;20;622209612;8691;515;10037;10219;4.56;0.28;353.61;11.82;1346;24;3520.00;182
8696;20;622209632;8696;509;10038;10220;4.60;0.28;353.73;11.82;1342;24;3521.00;182
8699;20;622209649;8699;519;10038;10220;4.61;0.28;353.88;11.82;1339;24;3522.00;182
8701;20;622209665;8701;525;10038;10220;4.61;0.28;353.95;11.82;1337;24;3523.00;182
8705;20;622209680;8705;526;10038;10220;4.60;0.28;354.07;11.82;1333;24;3524.00;182
8709;20;622209695;8709;527;10038;10220;4.56;0.28;354.23;11.82;1329;24;3525.00;182
8712;20;622209711;8712;527;10038;10220;4.53;0.28;354.27;11.82;1326;24;3526.00;182
8713;20;622209726;8713;531;10038;10220;4.51;0.28;354.36;11.82;1325;24;3527.00;182
8714;20;622209742;8714;546;10074;10290;4.74;0.29;354.37;11.77;1360;24;3528.00;216
8719;20;622209763;8719;549;10076;10291;4.70;0.29;354.39;11.77;1357;24;3529.00;215
8720;20;622209779;8720;552;10084;10291;4.70;0.29;354.36;11.76;1364;24;3530.00;207
8721;20;622209795;8721;560;10088;10291;4.70;0.29;354.39;11.76;1367;24;3531.00;203
8726;20;622209810;8726;562;10092;10291;4.64;0.28;354.37;11.76;1366;24;3532.00;199
8727;20;622209825;8727;566;10095;10291;4.58;0.28;354.38;11.75;1368;24;3533.00;196
8728;20;622209840;8728;569;10098;10291;4.52;0.28;354.35;11.75;1370;24;3534.00;193
8729;20;622209863;8729;578;10100;10291;4.50;0.28;354.34;11.75;1371;24;3535.00;191
8730;20;622209877;8730;578;10103;10292;4.52;0.28;354.32;11.75;1373;24;3536.00;189
8732;20;622209893;8732;581;10104;10293;4.51;0.28;354.26;11.75;1372;24;3537.00;189
8732;20;622209907;8732;589;10106;10293;4.48;0.28;354.26;11.75;1374;24;3538.00;187
8735;20;622209923;8735;596;10109;10297;4.44;0.27;354.26;11.75;1374;24;3539.00;188
8736;20;622209940;8736;599;10109;10297;4.38;0.27;354.22;11.75;1373;24;3540.00;188
8738;20;622209955;8738;605;10109;10297;4.34;0.27;354.17;11.75;1371;24;3541.00;188
8739;20;622209970;8739;606;10109;10297;4.26;0.26;354.14;11.75;1370;24;3542.00;188
8741;20;622209985;8741;615;10114;10303;4.24;0.26;354.15;11.74;1373;24;3543.00;189
8743;20;622210002;8743;622;10114;10303;4.21;0.26;354.09;11.74;1371;24;3544.00;189
8747;20;622210016;8747;624;10114;10303;4.17;0.26;354.15;11.74;1367;24;3545.00;189
8747;20;622210031;8747;627;10116;10306;4.18;0.26;354.15;11.74;1369;24;3546.00;190
8750;20;622210045;8750;632;10116;10306;4.15;0.25;354.13;11.74;1366;24;3547.00;190
8754;20;622210061;8754;635;10116;10306;4.09;0.25;354.29;11.74;1362;24;3548.00;190
8756;20;622210075;8756;632;10116;10307;4.06;0.25;354.29;11.74;1360;24;3549.00;191
8758;20;622210089;8758;638;10117;10308;4.03;0.25;354.23;11.74;1359;24;3550.00;191
8759;20;622210104;8759;633;10117;10308;4.01;0.24;354.20;11.74;1358;24;3551.00;191
8761;20;622210117;8761;637;10126;10321;4.00;0.24;354.30;11.73;1365;24;3552.00;195
8761;20;622210133;8761;635;10126;10321;3.98;0.24;354.30;11.73;1365;24;3553.00;195
8762;20;622210146;8762;635;10127;10321;3.94;0.24;354.31;11.73;1365;24;3554.00;194
8765;20;622210160;8765;633;10128;10323;3.91;0.24;354.23;11.72;1363;24;3555.00;195
8767;20;622210174;8767;632;10128;10323;3.88;0.24;354.17;11.72;1361;24;3556.00;195
8769;20;622210187;8769;636;10131;10327;3.91;0.24;354.16;11.72;1362;24;3557.00;196
8769;20;622210202;8769;635;10131;10327;3.94;0.24;354.16;11.72;1362;24;3558.00;196
8771;20;622210216;8771;633;10134;10331;3.93;0.24;354.10;11.72;1363;24;3559.00;197
8773;20;622210230;8773;633;10134;10331;3.91;0.24;354.08;11.72;1361;24;3560.00;197
8776;20;622210244;8776;632;10134;10331;3.85;0.23;354.03;11.72;1358;24;3561.00;197
8777;20;622210258;8777;634;10134;10331;3.82;0.23;354.02;11.72;1357;24;3562.00;197
8777;20;622210272;8777;634;10134;10331;3.82;0.23;354.02;11.72;1357;24;3563.00;197
8778;20;622210286;8778;627;10143;10343;3.84;0.23;354.03;11.71;1365;24;3564.00;200
8781;20;622210300;8781;619;10143;10343;3.79;0.23;353.97;11.71;1362;24;3565.00;200
8784;20;622210314;8784;625;10143;10343;3.76;0.23;353.93;11.71;1359;24;3566.00;200
8788;20;622210327;8788;619;10143;10343;3.71;0.23;353.85;11.71;1355;24;3567.00;200
8791;20;622210341;8791;629;10143;10343;3.61;0.22;353.86;11.71;1352;24;3568.00;200
8793;21;622210355;8793;626;10143;10343;3.55;0.22;353.83;11.71;1350;25;3569.00;200
8797;21;622210390;8797;612;10143;10344;3.51;0.21;353.77;11.71;1346;25;3570.00;201
8797;21;622210405;8797;605;10143;10344;3.52;0.21;353.77;11.71;1346;25;3571.00;201
8800;21;622210427;8800;602;10147;10350;3.58;0.22;353.75;11.70;1347;25;3572.00;203
8803;21;622210441;8803;601;10147;10351;3.61;0.22;353.70;11.70;1344;25;3573.00;204
8803;21;622210455;8803;593;10147;10351;3.66;0.22;353.70;11.70;1344;25;3574.00;204
8805;21;622210469;8805;594;10148;10351;3.66;0.22;353.66;11.70;1343;25;3575.00;203
8805;21;622210484;8805;598;10151;10355;3.77;0.23;353.66;11.70;1346;25;3576.00;204
8808;21;622210498;8808;585;10151;10355;3.80;0.23;353.66;11.70;1343;25;3577.00;204
8811;21;622210519;8811;581;10151;10355;3.82;0.23;353.71;11.70;1340;25;3578.00;204
8811;21;622210533;8811;567;10152;10356;3.86;0.23;353.71;11.70;1341;25;3579.00;204
8815;21;622210547;8815;574;10155;10360;3.86;0.23;353.72;11.70;1340;25;3580.00;205
8817;21;622210562;8817;565;10155;10360;3.88;0.24;353.70;11.70;1338;25;3581.00;205
8818;21;622210576;8818;554;10156;10363;3.94;0.24;353.70;11.70;1338;25;3582.00;207
8819;21;622210607;8819;552;10156;10363;3.99;0.24;353.70;11.70;1337;25;3583.00;207
8821;21;622210621;8821;550;10156;10363;4.03;0.25;353.69;11.70;1335;25;3584.00;207
8826;21;622210635;8826;541;10156;10363;4.07;0.25;353.78;11.70;1330;25;3585.00;207
8828;21;622210649;8828;527;10159;10367;4.16;0.25;353.86;11.69;1331;25;3586.00;208
8832;21;622210664;8832;521;10159;10367;4.20;0.26;353.83;11.69;1327;25;3587.00;208
8836;21;622210678;8836;513;10159;10367;4.23;0.26;353.82;11.69;1323;25;3588.00;208
8839;21;622210693;8839;505;10159;10367;4.29;0.26;353.81;11.69;1320;25;3589.00;208
8842;21;622210707;8842;512;10159;10368;4.30;0.26;353.78;11.69;1317;25;3590.00;209
8843;21;622210721;8843;501;10159;10369;4.33;0.26;353.79;11.69;1316;25;3591.00;210
8847;21;622210736;8847;502;10159;10369;4.37;0.27;353.92;11.69;1312;25;3592.00;210
8852;21;622210750;8852;502;10160;10370;4.41;0.27;353.85;11.69;1308;25;3593.00;210
8853;21;622210765;8853;498;10160;10370;4.47;0.27;353.85;11.69;1307;25;3594.00;210
8854;21;622210779;8854;496;10160;10370;4.50;0.27;353.97;11.69;1306;25;3595.00;210
8860;21;622210793;8860;493;10160;10370;4.50;0.27;353.97;11.69;1300;25;3596.00;210
8862;21;622210808;8862;489;10161;10370;4.53;0.28;354.09;11.69;1299;25;3597.00;209
8866;21;622210823;8866;488;10161;10370;4.52;0.27;354.16;11.69;1295;25;3598.00;209
8869;21;622210837;8869;479;10161;10370;4.56;0.28;354.14;11.69;1292;25;3599.00;209
8874;21;622210854;8874;528;10289;10623;4.80;0.30;354.09;11.55;1415;25;3600.00;334
8878;21;622210891;8878;508;10294;10624;4.84;0.30;354.09;11.54;1416;25;3601.00;330
8881;21;622210908;8881;500;10303;10624;4.84;0.30;354.15;11.54;1422;25;3602.00;321
8884;21;622210923;8884;495;10310;10624;4.88;0.31;354.23;11.53;1426;25;3603.00;314
8888;21;622210940;8888;485;10314;10624;4.90;0.31;354.35;11.53;1426;25;3604.00;310
8891;21;622210956;8891;477;10316;10624;4.95;0.31;354.40;11.53;1425;25;3605.00;308
8897;21;622210971;8897;470;10320;10624;4.98;0.31;354.48;11.53;1423;25;3606.00;304
8899;21;622210987;8899;465;10325;10624;5.03;0.31;354.53;11.60;1426;25;3607.00;299
8902;21;622211004;8902;467;10330;10625;5.04;0.31;354.67;11.60;1428;25;3608.00;295
8906;21;622211021;8906;466;10330;10626;5.04;0.31;354.67;11.60;1424;25;3609.00;296
8910;21;622211036;8910;467;10332;10626;5.02;0.31;354.69;11.60;1422;25;3610.00;294
8913;21;622211052;8913;470;10334;10627;4.97;0.31;354.66;11.60;1421;25;3611.00;293
8918;21;622211068;8918;478;10339;10627;4.91;0.30;354.74;11.60;1421;25;3612.00;288
8924;21;622211083;8924;494;10340;10627;4.85;0.30;354.76;11.60;1416;25;3613.00;287
8927;21;622211100;8927;505;10343;10627;4.82;0.30;354.81;11.61;1416;25;3614.00;284
8929;21;622211115;8929;510;10346;10631;4.78;0.29;354.82;11.61;1417;25;3615.00;285
8933;21;622211131;8933;519;10347;10631;4.73;0.29;354.85;11.61;1414;25;3616.00;284
8934;21;622211147;8934;520;10349;10631;4.68;0.29;354.92;11.61;1415;25;3617.00;282
8936;21;622211163;8936;507;10351;10634;4.64;0.28;354.93;11.61;1415;25;3618.00;283
8939;21;622211186;8939;512;10353;10634;4.64;0.28;354.97;11.62;1414;25;3619.00;281
8943;21;622211208;8943;506;10354;10634;4.63;0.28;355.06;11.62;1411;25;3620.00;280
8944;21;622211225;8944;514;10358;10638;4.61;0.28;355.06;11.62;1414;25;3621.00;280
8945;21;622211242;8945;516;10359;10639;4.63;0.28;355.04;11.62;1414;25;3622.00;280
8947;21;622211264;8947;525;10362;10639;4.67;0.29;355.03;11.69;1415;25;3623.00;277
8949;21;622211280;8949;531;10365;10643;4.66;0.29;355.12;11.69;1416;25;3624.00;278
8950;21;622211296;8950;533;10368;10643;4.62;0.28;355.14;11.70;1418;25;3625.00;275
8951;21;622211312;8951;520;10370;10643;4.65;0.28;355.17;11.70;1419;25;3626.00;273
8953;21;622211328;8953;527;10372;10644;4.63;0.28;355.31;11.70;1419;25;3627.00;272
8954;21;622211349;8954;515;10373;10644;4.65;0.28;355.34;11.70;1419;25;3628.00;271
8960;21;622211364;8960;504;10377;10650;4.65;0.28;355.54;11.70;1417;25;3629.00;273
8962;21;622211383;8962;499;10383;10650;4.68;0.28;355.58;11.71;1421;25;3630.00;267
8964;21;622211399;8964;497;10383;10651;4.70;0.29;355.63;11.71;1419;25;3631.00;268
8968;21;622211421;8968;491;10386;10651;4.70;0.29;355.79;11.72;1418;25;3632.00;265
8969;21;622211437;8969;495;10389;10651;4.71;0.29;355.90;11.72;1420;25;3633.00;262
8970;21;622211453;8970;504;10391;10651;4.72;0.29;355.90;11.72;1421;25;3634.00;260
8975;21;622211476;8975;499;10394;10651;4.64;0.28;356.18;11.79;1419;25;3635.00;257
8979;21;622211493;8979;511;10401;10663;4.60;0.28;356.29;11.78;1422;25;3636.00;262
8980;21;622211510;8980;514;10402;10663;4.59;0.28;356.34;11.78;1422;25;3637.00;261
8984;21;622211533;8984;520;10403;10663;4.56;0.28;356.50;11.78;1419;25;3638.00;260
8990;21;622211560;8990;523;10405;10663;4.52;0.27;356.72;11.79;1415;25;3639.00;258
8993;21;622211584;8993;525;10407;10663;4.57;0.28;356.89;11.79;1414;25;3640.00;256
8997;21;622211607;8997;523;10409;10663;4.60;0.28;356.98;11.79;1412;25;3641.00;254
9001;21;622211631;9001;527;10415;10667;4.57;0.28;357.03;11.80;1414;25;3642.00;252
9004;21;622211650;9004;522;10415;10667;4.61;0.28;357.10;11.80;1411;25;3643.00;252
9006;21;622211667;9006;521;10420;10671;4.64;0.28;357.13;11.80;1414;25;3644.00;251
9007;21;622211687;9007;520;10423;10673;4.71;0.29;357.14;11.80;1416;25;3645.00;250
9008;21;622211704;9008;525;10423;10673;4.75;0.29;357.11;11.80;1415;25;3646.00;250
9010;21;622211721;9010;529;10425;10673;4.78;0.29;357.14;11.80;1415;25;3647.00;248
9010;21;622211737;9010;534;10432;10686;4.80;0.29;357.14;11.79;1422;25;3648.00;254
9012;21;622211754;9012;541;10436;10686;4.76;0.29;357.21;11.85;1424;25;3649.00;250
9014;21;622211771;9014;546;10436;10686;4.68;0.28;357.35;11.85;1422;25;3650.00;250
9015;21;622211787;9015;547;10438;10687;4.65;0.28;357.39;11.85;1423;25;3651.00;249
9016;21;622211804;9016;552;10439;10688;4.63;0.28;357.41;11.85;1423;25;3652.00;249
9017;21;622211821;9017;542;10440;10688;4.59;0.28;357.43;11.85;1423;25;3653.00;248
9017;21;622211837;9017;551;10442;10691;4.55;0.28;357.43;11.85;1425;25;3654.00;249
9018;21;622211854;9018;550;10443;10691;4.51;0.27;357.41;11.85;1425;25;3655.00;248
9019;21;622211870;9019;552;10443;10691;4.44;0.27;357.44;11.85;1424;25;3656.00;248
9020;21;622211885;9020;557;10443;10691;4.37;0.27;357.41;11.85;1423;25;3657.00;248
9022;21;622211902;9022;560;10448;10697;4.36;0.26;357.41;11.84;1426;25;3658.00;249
9022;21;622211920;9022;568;10448;10697;4.39;0.27;357.41;11.84;1426;25;3659.00;249
9024;21;622211938;9024;565;10449;10697;4.35;0.26;357.44;11.90;1425;25;3660.00;248
9026;21;622211957;9026;556;10449;10697;4.34;0.26;357.48;11.90;1423;25;3661.00;248
9027;21;622211977;9027;561;10452;10701;4.39;0.27;357.47;11.90;1425;25;3662.00;249
9029;21;622211994;9029;542;10453;10702;4.42;0.27;357.48;11.90;1424;25;3663.00;249
9031;21;622212012;9031;548;10456;10702;4.43;0.27;357.53;12.09;1425;26;3664.00;246
9031;21;622212041;9031;553;10457;10703;4.49;0.27;357.53;12.09;1426;26;3665.00;246
9035;21;622212059;9035;544;10457;10703;4.52;0.27;357.72;12.09;1422;27;3666.00;246
9035;21;622212080;9035;548;10457;10703;4.53;0.28;357.72;12.09;1422;27;3667.00;246
9040;21;622212095;9040;558;10457;10703;4.50;0.27;357.84;12.09;1417;27;3668.00;246
9043;21;622212110;9043;561;10458;10703;4.53;0.28;357.88;12.09;1415;27;3669.00;245
9047;21;622212126;9047;549;10458;10703;4.52;0.27;357.89;12.09;1411;27;3670.00;245
9051;21;622212142;9051;550;10458;10703;4.45;0.27;357.95;12.09;1407;27;3671.00;245
9052;21;622212157;9052;551;10489;10773;4.51;0.28;357.91;12.06;1437;27;3672.00;284
9054;21;622212178;9054;542;10489;10774;4.48;0.27;357.93;12.06;1435;27;3673.00;285
9057;21;622212195;9057;544;10497;10774;4.47;0.27;358.07;12.06;1440;27;3674.00;277
9059;21;622212212;9059;541;10500;10774;4.46;0.27;358.18;12.06;1441;27;3675.00;274
9060;21;622212228;9060;549;10503;10774;4.47;0.27;358.19;12.05;1443;27;3676.00;271
9062;21;622212245;9062;541;10505;10774;4.48;0.27;358.25;12.05;1443;27;3677.00;269
9065;21;622212269;9065;544;10507;10774;4.51;0.28;358.32;12.05;1442;27;3678.00;267
9067;21;622212287;9067;546;10509;10774;4.55;0.28;358.31;12.05;1442;27;3679.00;265
9068;21;622212304;9068;543;10511;10775;4.58;0.28;358.35;12.05;1443;27;3680.00;264
9069;21;622212323;9069;549;10513;10776;4.62;0.28;358.39;12.05;1444;27;3681.00;263
9069;21;622212340;9069;548;10514;10776;4.61;0.28;358.39;12.05;1445;27;3682.00;262
9070;21;622212356;9070;545;10519;10780;4.63;0.29;358.39;12.04;1449;27;3683.00;261
9075;21;622212372;9075;551;10521;10780;4.58;0.28;358.39;12.04;1446;28;3684.00;259
9080;21;622212398;9080;563;10522;10780;4.55;0.28;358.35;12.04;1442;28;3685.00;258
9083;21;622212415;9083;554;10523;10780;4.55;0.28;358.40;12.04;1440;28;3686.00;257
9084;21;622212432;9084;564;10528;10786;4.54;0.28;358.37;12.05;1444;28;3687.00;258
9087;21;622212449;9087;565;10528;10786;4.48;0.28;358.43;12.05;1441;28;3688.00;258
9089;21;622212466;9089;567;10528;10786;4.46;0.28;358.46;12.05;1439;28;3689.00;258
9093;21;622212483;9093;565;10533;10792;4.46;0.28;358.51;12.05;1440;28;3690.00;259
9096;21;622212500;9096;570;10533;10792;4.47;0.28;358.50;12.05;1437;28;3691.00;259
9097;21;622212520;9097;571;10537;10792;4.49;0.28;358.48;12.05;1440;28;3692.00;255
9101;21;622212536;9101;577;10538;10793;4.42;0.27;358.42;12.06;1437;28;3693.00;255
9104;21;622212553;9104;590;10541;10794;4.37;0.27;358.44;12.06;1437;28;3694.00;253
9104;21;622212569;9104;594;10542;10794;4.34;0.27;358.44;12.07;1438;28;3695.00;252
9106;21;622212584;9106;603;10550;10807;4.29;0.26;358.41;12.06;1444;28;3696.00;257
9109;21;622212601;9109;602;10551;10807;4.24;0.26;358.39;12.06;1442;28;3697.00;256
9117;21;622212615;9117;615;10555;10807;4.18;0.26;358.33;12.13;1438;28;3698.00;252
9119;21;622212631;9119;615;10556;10808;4.16;0.25;358.29;12.13;1437;28;3699.00;252
9122;21;622212647;9122;619;10557;10808;4.13;0.25;358.42;12.14;1435;28;3700.00;251
9123;21;622212666;9123;625;10561;10812;4.17;0.26;358.42;12.13;1438;28;3701.00;251
9126;21;622212681;9126;627;10562;10812;4.14;0.25;358.37;12.14;1436;28;3702.00;250
9130;21;622212695;9130;630;10565;10816;4.12;0.25;358.55;12.14;1435;28;3703.00;251
9130;21;622212711;9130;645;10566;10816;4.13;0.25;358.55;12.15;1436;28;3704.00;250
9132;21;622212725;9132;643;10567;10816;4.08;0.25;358.57;12.21;1435;28;3705.00;249
9132;21;622212740;9132;652;10567;10816;4.06;0.25;358.57;12.21;1435;28;3706.00;249
9136;21;622212754;9136;658;10567;10816;4.05;0.25;358.53;12.21;1431;28;3707.00;249
9138;21;622212768;9138;662;10577;10828;4.06;0.25;358.46;12.21;1439;28;3708.00;251
9144;21;622212784;9144;656;10578;10828;3.99;0.24;358.48;12.28;1434;28;3709.00;250
9146;21;622212798;9146;653;10580;10828;3.97;0.24;358.45;12.27;1434;28;3710.00;248
9151;21;622212812;9151;660;10580;10828;3.91;0.24;358.48;12.27;1429;28;3711.00;248
9153;21;622212826;9153;662;10580;10828;3.87;0.24;358.47;12.27;1427;28;3712.00;248
9153;21;622212840;9153;662;10582;10828;3.85;0.24;358.47;12.29;1429;28;3713.00;246
9156;21;622212861;9156;668;10582;10829;3.81;0.23;358.48;12.29;1426;28;3714.00;247
9156;21;622212881;9156;663;10583;10829;3.79;0.23;358.48;12.29;1427;28;3715.00;246
9156;21;622212901;9156;658;10589;10835;3.83;0.23;358.48;12.29;1433;28;3716.00;246
9158;21;622212916;9158;653;10591;10836;3.83;0.23;358.46;12.29;1433;28;3717.00;245
9159;21;622212930;9159;661;10591;10836;3.81;0.23;358.48;12.29;1432;28;3718.00;245
9159;21;622212945;9159;656;10592;10836;3.80;0.23;358.48;12.29;1433;28;3719.00;244
9161;21;622212961;9161;654;10595;10841;3.82;0.23;358.47;12.29;1434;28;3720.00;246
9163;21;622212976;9163;646;10596;10841;3.84;0.23;358.55;12.29;1433;28;3721.00;245
9164;21;622212996;9164;641;10597;10841;3.86;0.24;358.53;12.29;1433;28;3722.00;244
9164;21;622213011;9164;641;10598;10842;3.92;0.24;358.53;12.29;1434;28;3723.00;244
9166;21;622213025;9166;636;10601;10846;3.97;0.24;358.49;12.29;1435;28;3724.00;245
9167;21;622213041;9167;646;10601;10846;4.00;0.24;358.45;12.29;1434;28;3725.00;245
9169;21;622213056;9169;638;10603;10849;4.06;0.25;358.47;12.28;1434;28;3726.00;246
9172;21;622213082;9172;632;10603;10849;4.07;0.25;358.41;12.28;1431;28;3727.00;246
9173;21;622213098;9173;637;10604;10849;4.08;0.25;358.38;12.28;1431;28;3728.00;245
9174;21;622213113;9174;636;10604;10849;4.08;0.25;358.36;12.28;1430;28;3729.00;245
9175;21;622213133;9175;631;10608;10853;4.12;0.25;358.33;12.28;1433;28;3730.00;245
9178;21;622213149;9178;626;10608;10853;4.08;0.25;358.41;12.28;1430;28;3731.00;245
9180;21;622213163;9180;626;10608;10853;4.03;0.24;358.36;12.28;1428;28;3732.00;245
9183;21;622213182;9183;625;10608;10853;3.99;0.24;358.44;12.28;1425;28;3733.00;245
9184;21;622213196;9184;626;10608;10854;3.95;0.24;358.44;12.28;1424;28;3734.00;246
9185;21;622213211;9185;630;10610;10856;3.91;0.24;358.43;12.28;1425;28;3735.00;246
9191;21;622213225;9191;628;10610;10856;3.85;0.23;358.49;12.28;1419;28;3736.00;246
9194;21;622213239;9194;630;10611;10857;3.86;0.24;358.48;12.28;1417;28;3737.00;246
9195;21;622213253;9195;623;10611;10857;3.89;0.24;358.46;12.28;1416;28;3738.00;246
9200;21;622213267;9200;633;10611;10857;3.89;0.24;358.42;12.28;1411;28;3739.00;246
9205;21;622213281;9205;618;10611;10857;3.90;0.24;358.50;12.28;1406;28;3740.00;246
9205;21;622213295;9205;609;10611;10857;3.94;0.24;358.50;12.28;1406;28;3741.00;246
9210;21;622213308;9210;611;10611;10857;3.95;0.24;358.51;12.28;1401;28;3742.00;246
9214;21;622213322;9214;609;10611;10857;3.97;0.24;358.49;12.28;1397;28;3743.00;246
9215;21;622213336;9215;618;10680;10984;4.27;0.26;358.48;12.20;1465;28;3744.00;304
9219;21;622213360;9219;608;10683;10985;4.29;0.26;358.50;12.19;1464;28;3745.00;302
9223;21;622213374;9223;596;10690;10985;4.34;0.27;358.56;12.19;1467;28;3746.00;295
9226;21;622213389;9226;594;10697;10985;4.39;0.27;358.63;12.18;1471;28;3747.00;288
9230;21;622213403;9230;585;10701;10985;4.36;0.27;358.78;12.18;1471;28;3748.00;284
9233;21;622213418;9233;579;10706;10985;4.32;0.27;358.78;12.17;1473;28;3749.00;279
9235;21;622213434;9235;570;10708;10990;4.30;0.27;358.80;12.17;1473;28;3750.00;282
9242;21;622213450;9242;560;10708;10990;4.25;0.26;358.84;12.17;1466;28;3751.00;282
9242;21;622213465;9242;556;10708;10991;4.24;0.26;358.84;12.17;1466;28;3752.00;283
9248;21;622213480;9248;563;10710;10992;4.23;0.26;359.01;12.17;1462;28;3753.00;282
9251;21;622213495;9251;563;10710;10992;4.24;0.26;359.14;12.17;1459;28;3754.00;282
9252;21;622213511;9252;563;10714;10993;4.31;0.26;359.11;12.17;1462;28;3755.00;279
9255;21;622213530;9255;563;10715;10993;4.34;0.27;359.25;12.17;1460;28;3756.00;278
9260;21;622213563;9260;550;10716;10993;4.33;0.27;359.46;12.17;1456;28;3757.00;277
9261;21;622213590;9261;548;10716;10993;4.37;0.27;359.47;12.17;1455;28;3758.00;277
9265;21;622213612;9265;543;10718;10997;4.36;0.27;359.65;12.17;1453;28;3759.00;279
9267;21;622213636;9267;552;10721;10997;4.40;0.27;359.60;12.17;1454;28;3760.00;276
9271;21;622213654;9271;550;10722;10997;4.41;0.27;359.65;12.17;1451;28;3761.00;275
9273;21;622213672;9273;545;10722;11000;4.45;0.27;359.60;12.17;1449;28;3762.00;278
9275;21;622213690;9275;539;10722;11000;4.50;0.27;359.68;12.17;1447;28;3763.00;278
9281;21;622213707;9281;543;10722;11000;4.50;0.28;359.71;12.17;1441;28;3764.00;278
9282;21;622213725;9282;534;10725;11004;4.53;0.28;359.75;12.17;1443;28;3765.00;279
9287;21;622213743;9287;536;10726;11005;4.51;0.27;359.94;12.17;1439;28;3766.00;279
9292;22;622213760;9292;536;10727;11005;4.47;0.27;360.14;12.17;1435;29;3767.00;278
9292;22;622213793;9292;528;10729;11009;4.49;0.27;360.14;12.17;1437;29;3768.00;280
9300;22;622213816;9300;522;10729;11009;4.43;0.27;360.22;12.17;1429;29;3769.00;280
9301;22;622213834;9301;524;10731;11009;4.45;0.27;360.33;12.17;1430;29;3770.00;278
9305;22;622213856;9305;516;10731;11010;4.43;0.27;360.46;12.17;1426;29;3771.00;279
9309;22;622213880;9309;506;10731;11010;4.38;0.27;360.59;12.17;1422;29;3772.00;279
9311;22;622213896;9311;505;10736;11016;4.37;0.27;360.73;12.17;1425;29;3773.00;280
9314;22;622213913;9314;504;10736;11016;4.36;0.27;360.72;12.17;1422;29;3774.00;280
9318;22;622213930;9318;500;10738;11017;4.36;0.27;360.85;12.17;1420;29;3775.00;279
9320;22;622213946;9320;500;10738;11017;4.40;0.27;360.96;12.17;1418;29;3776.00;279
9323;22;622213963;9323;499;10740;11017;4.42;0.27;360.96;12.17;1417;29;3777.00;277
9327;22;622213980;9327;503;10740;11017;4.43;0.27;361.03;12.17;1413;29;3778.00;277
9328;22;622213996;9328;494;10741;11017;4.47;0.27;361.07;12.17;1413;29;3779.00;276
9330;22;622214014;9330;494;10764;11053;4.58;0.28;361.10;12.16;1434;29;3780.00;289
9334;22;622214034;9334;492;10768;11053;4.59;0.28;361.17;12.15;1434;29;3781.00;285
9338;22;622214051;9338;493;10769;11053;4.55;0.28;361.18;12.15;1431;29;3782.00;284
9341;22;622214068;9341;492;10770;11053;4.51;0.28;361.23;12.16;1429;29;3783.00;283
9344;22;622214086;9344;493;10773;11053;4.53;0.28;361.27;12.16;1429;29;3784.00;280
9347;22;622214103;9347;498;10774;11053;4.49;0.27;361.43;12.16;1427;29;3785.00;279
9349;22;622214119;9349;498;10779;11057;4.45;0.27;361.40;12.16;1430;29;3786.00;278
9354;22;622214136;9354;492;10782;11057;4.40;0.27;361.51;12.16;1428;29;3787.00;275
9360;22;622214153;9360;490;10785;11061;4.36;0.27;361.51;12.16;1425;29;3788.00;276
9362;22;622214170;9362;493;10790;11062;4.35;0.27;361.50;12.23;1428;29;3789.00;272
9365;22;622214188;9365;500;10791;11062;4.33;0.26;361.75;12.23;1426;29;3790.00;271
9367;22;622214204;9367;499;10791;11062;4.34;0.27;361.81;12.23;1424;29;3791.00;271
9369;22;622214221;9369;510;10800;11075;4.39;0.27;361.99;12.22;1431;29;3792.00;275
9372;22;622214238;9372;513;10804;11075;4.35;0.26;362.04;12.22;1432;29;3793.00;271
9375;22;622214255;9375;520;10804;11075;4.34;0.26;362.04;12.22;1429;29;3794.00;271
9377;22;622214278;9377;525;10805;11076;4.34;0.26;362.04;12.22;1428;29;3795.00;271
9379;22;622214294;9379;527;10806;11077;4.33;0.26;362.12;12.22;1427;29;3796.00;271
9381;22;622214311;9381;526;10807;11077;4.34;0.26;362.13;12.22;1426;29;3797.00;270
9383;22;622214328;9383;527;10809;11080;4.37;0.27;362.13;12.21;1426;29;3798.00;271
9385;22;622214344;9385;525;10811;11080;4.40;0.27;362.18;12.21;1426;29;3799.00;269
9387;22;622214366;9387;522;10811;11080;4.43;0.27;362.19;12.21;1424;29;3800.00;269
9390;22;622214387;9390;520;10811;11080;4.46;0.27;362.34;12.21;1421;29;3801.00;269
9392;22;622214404;9392;526;10816;11086;4.52;0.27;362.50;12.21;1424;29;3802.00;270
9395;22;622214422;9395;529;10816;11086;4.51;0.27;362.51;12.21;1421;29;3803.00;270
9398;22;622214439;9398;539;10816;11086;4.47;0.27;362.65;12.21;1418;29;3804.00;270
9401;22;622214456;9401;532;10816;11086;4.43;0.27;362.65;12.21;1415;29;3805.00;270
9403;22;622214473;9403;535;10819;11090;4.39;0.27;362.64;12.20;1416;29;3806.00;271
9406;22;622214490;9406;535;10820;11091;4.36;0.26;362.67;12.20;1414;29;3807.00;271
9408;22;622214512;9408;524;10820;11091;4.38;0.27;362.71;12.20;1412;29;3808.00;271
9412;22;622214530;9412;529;10821;11092;4.34;0.26;362.76;12.20;1409;29;3809.00;271
9414;22;622214549;9414;527;10821;11092;4.33;0.26;362.79;12.20;1407;29;3810.00;271
9417;22;622214566;9417;527;10821;11092;4.34;0.26;362.75;12.20;1404;29;3811.00;271
9419;22;622214582;9419;525;10821;11092;4.34;0.26;362.85;12.20;1402;29;3812.00;271
9422;22;622214597;9422;520;10821;11092;4.35;0.26;363.01;12.20;1399;29;3813.00;271
9425;22;622214613;9425;519;10821;11092;4.35;0.26;363.08;12.20;1396;29;3814.00;271
9428;22;622214628;9428;522;10821;11092;4.37;0.27;363.23;12.20;1393;29;3815.00;271
9428;22;622214643;9428;538;10858;11162;4.48;0.27;363.23;12.16;1430;29;3816.00;304
9430;22;622214663;9430;531;10859;11163;4.50;0.28;363.28;12.16;1429;29;3817.00;304
9431;22;622214679;9431;528;10866;11163;4.52;0.28;363.28;12.15;1435;29;3818.00;297
9434;22;622214694;9434;530;10868;11163;4.56;0.28;363.30;12.15;1434;29;3819.00;295
9442;22;622214709;9442;532;10870;11163;4.53;0.28;363.55;12.15;1428;29;3820.00;293
9444;22;622214725;9444;543;10874;11163;4.53;0.28;363.52;12.15;1430;29;3821.00;289
9449;22;622214740;9449;545;10877;11163;4.51;0.27;363.66;12.22;1428;29;3822.00;286
9451;22;622214755;9451;549;10879;11163;4.52;0.28;363.76;12.22;1428;29;3823.00;284
9453;22;622214770;9453;554;10882;11164;4.53;0.28;363.76;12.29;1429;29;3824.00;282
9457;22;622214785;9457;560;10885;11166;4.52;0.27;363.78;12.29;1428;29;3825.00;281
9459;22;622214801;9459;566;10888;11166;4.54;0.28;363.78;12.28;1429;29;3826.00;278
9461;22;622214816;9461;571;10893;11170;4.50;0.27;363.82;12.28;1432;29;3827.00;277
9461;22;622214831;9461;568;10894;11170;4.53;0.28;363.82;12.28;1433;29;3828.00;276
9463;22;622214847;9463;573;10894;11170;4.53;0.28;363.93;12.28;1431;29;3829.00;276
9464;22;622214862;9464;576;10894;11170;4.55;0.28;363.91;12.28;1430;29;3830.00;276
9466;22;622214877;9466;569;10898;11176;4.57;0.28;364.05;12.28;1432;29;3831.00;278
9467;22;622214894;9467;574;10898;11176;4.60;0.28;364.10;12.28;1431;29;3832.00;278
9470;22;622214908;9470;565;10898;11176;4.60;0.28;364.25;12.28;1428;29;3833.00;278
9475;22;622214924;9475;560;10900;11179;4.59;0.28;364.39;12.27;1425;29;3834.00;279
9476;22;622214940;9476;555;10900;11179;4.60;0.28;364.47;12.27;1424;29;3835.00;279
9480;22;622214955;9480;562;10901;11179;4.56;0.28;364.41;12.27;1421;29;3836.00;278
9483;22;622214971;9483;564;10901;11180;4.54;0.28;364.40;12.27;1418;29;3837.00;279
9486;22;622214986;9486;558;10902;11181;4.57;0.28;364.38;12.27;1416;29;3838.00;279
9488;22;622215001;9488;556;10902;11181;4.53;0.28;364.38;12.27;1414;29;3839.00;279
9491;22;622215017;9491;552;10918;11207;4.55;0.28;364.37;12.25;1427;29;3840.00;289
9495;22;622215034;9495;556;10919;11207;4.58;0.28;364.43;12.25;1424;29;3841.00;288
9501;22;622215049;9501;553;10921;11207;4.56;0.28;364.37;12.25;1420;29;3842.00;286
9506;22;622215064;9506;549;10923;11208;4.59;0.28;364.47;12.25;1417;29;3843.00;285
9510;22;622215079;9510;549;10923;11208;4.59;0.28;364.36;12.25;1413;29;3844.00;285
9514;22;622215094;9514;556;10927;11212;4.63;0.28;364.31;12.32;1413;29;3845.00;285
9517;22;622215113;9517;558;10928;11214;4.65;0.28;364.31;12.32;1411;29;3846.00;286
9520;22;622215128;9520;565;10932;11218;4.62;0.28;364.33;12.32;1412;29;3847.00;286
9525;22;622215144;9525;565;10932;11218;4.63;0.28;364.33;12.32;1407;29;3848.00;286
9528;22;622215159;9528;559;10932;11218;4.63;0.28;364.27;12.32;1404;29;3849.00;286
9529;22;622215178;9529;561;10932;11218;4.60;0.28;364.24;12.32;1403;29;3850.00;286
9531;22;622215193;9531;560;10932;11218;4.55;0.28;364.25;12.32;1401;29;3851.00;286
9532;22;622215208;9532;564;10942;11230;4.57;0.28;364.22;12.31;1410;29;3852.00;288
9537;22;622215224;9537;561;10943;11230;4.52;0.28;364.17;12.30;1406;29;3853.00;287
9540;22;622215239;9540;561;10943;11230;4.49;0.27;364.12;12.30;1403;29;3854.00;287
9544;22;622215255;9544;572;10943;11230;4.45;0.27;364.03;12.30;1399;29;3855.00;287
9544;22;622215270;9544;571;10943;11230;4.45;0.27;364.03;12.30;1399;29;3856.00;287
9545;22;622215285;9545;581;10944;11230;4.42;0.27;364.06;12.30;1399;29;3857.00;286
9547;22;622215300;9547;582;10944;11231;4.41;0.27;364.17;12.30;1397;29;3858.00;287
9549;22;622215315;9549;590;10945;11231;4.37;0.27;364.19;12.31;1396;29;3859.00;286
9552;22;622215330;9552;587;10950;11237;4.33;0.26;364.21;12.30;1398;29;3860.00;287
9554;22;622215345;9554;594;10952;11238;4.29;0.26;364.20;12.30;1398;29;3861.00;286
9556;22;622215360;9556;603;10952;11238;4.23;0.26;364.18;12.30;1396;29;3862.00;286
9557;22;622215375;9557;613;10953;11238;4.22;0.26;364.17;12.31;1396;29;3863.00;285
9559;22;622215389;9559;611;10957;11242;4.16;0.25;364.17;12.30;1398;29;3864.00;285
9563;22;622215404;9563;616;10957;11242;4.08;0.25;364.10;12.30;1394;29;3865.00;285
9564;22;622215418;9564;620;10957;11242;4.04;0.25;364.10;12.30;1393;29;3866.00;285
9564;22;622215432;9564;609;10958;11243;4.06;0.25;364.10;12.30;1394;29;3867.00;285
9568;22;622215447;9568;609;10961;11247;4.06;0.25;363.99;12.30;1393;29;3868.00;286
9569;22;622215462;9569;608;10961;11247;4.08;0.25;364.01;12.30;1392;29;3869.00;286
9570;22;622215483;9570;603;10966;11253;4.13;0.25;364.00;12.37;1396;29;3870.00;287
9570;22;622215498;9570;599;10966;11253;4.17;0.26;364.00;12.37;1396;29;3871.00;287
9570;22;622215513;9570;599;10968;11253;4.21;0.26;364.00;12.37;1398;29;3872.00;285
9572;22;622215531;9572;606;10968;11253;4.21;0.26;364.00;12.37;1396;29;3873.00;285
9574;22;622215563;9574;606;10972;11257;4.22;0.26;364.04;12.36;1398;29;3874.00;285
9577;22;622215589;9577;607;10972;11257;4.28;0.26;364.04;12.36;1395;29;3875.00;285
9578;22;622215611;9578;606;10972;11257;4.28;0.26;364.02;12.36;1394;29;3876.00;285
9580;22;622215632;9580;612;10972;11257;4.30;0.26;364.09;12.36;1392;29;3877.00;285
9582;22;622215649;9582;616;10972;11258;4.33;0.26;364.06;12.36;1390;29;3878.00;286
9582;22;622215665;9582;622;10973;11259;4.36;0.27;364.06;12.36;1391;29;3879.00;286
9583;22;622215681;9583;616;10973;11259;4.33;0.26;364.11;12.36;1390;29;3880.00;286
9586;22;622215704;9586;620;10974;11260;4.31;0.26;364.14;12.36;1388;29;3881.00;286
9586;22;622215720;9586;620;10974;11260;4.29;0.26;364.14;12.36;1388;29;3882.00;286
9588;22;622215735;9588;623;10974;11260;4.26;0.26;364.12;12.36;1386;29;3883.00;286
9589;22;622215750;9589;630;10974;11260;4.22;0.26;364.13;12.36;1385;29;3884.00;286
9590;22;622215765;9590;635;10974;11260;4.17;0.25;364.11;12.36;1384;29;3885.00;286
9592;22;622215779;9592;642;10974;11260;4.14;0.25;364.08;12.36;1382;29;3886.00;286
9593;22;622215793;9593;644;10974;11260;4.11;0.25;364.07;12.36;1381;29;3887.00;286
9593;22;622215808;9593;657;11036;11387;4.39;0.27;364.07;12.29;1443;29;3888.00;351
9594;22;622215834;9594;655;11040;11388;4.40;0.27;364.12;12.29;1446;29;3889.00;348
9596;22;622215850;9596;648;11051;11388;4.41;0.27;364.20;12.28;1455;29;3890.00;337
9598;22;622215865;9598;641;11055;11388;4.43;0.27;364.16;12.28;1457;29;3891.00;333
9599;22;622215880;9599;631;11061;11388;4.41;0.27;364.17;12.27;1462;29;3892.00;327
9602;22;622215896;9602;630;11065;11388;4.37;0.27;364.09;12.27;1463;29;3893.00;323
9606;22;622215911;9606;629;11067;11388;4.32;0.27;364.07;12.27;1461;29;3894.00;321
9609;22;622215927;9609;629;11069;11388;4.27;0.26;364.17;12.27;1460;29;3895.00;319
9610;22;622215943;9610;632;11071;11389;4.29;0.26;364.27;12.27;1461;29;3896.00;318
9613;22;622215959;9613;631;11073;11390;4.30;0.26;364.28;12.26;1460;29;3897.00;317
9613;22;622215975;9613;622;11075;11390;4.35;0.27;364.28;12.26;1462;29;3898.00;315
9615;22;622215990;9615;625;11077;11391;4.32;0.26;364.36;12.26;1462;29;3899.00;314
9617;22;622216008;9617;634;11086;11406;4.29;0.26;364.30;12.26;1469;29;3900.00;320
9619;22;622216031;9619;625;11088;11406;4.24;0.26;364.34;12.26;1469;29;3901.00;318
9622;22;622216047;9622;634;11090;11406;4.19;0.26;364.44;12.26;1468;29;3902.00;316
9624;22;622216062;9624;632;11093;11410;4.21;0.26;364.45;12.26;1469;29;3903.00;317
9627;22;622216081;9627;633;11095;11410;4.20;0.26;364.41;12.26;1468;29;3904.00;315
9630;22;622216097;9630;634;11097;11410;4.18;0.26;364.50;12.26;1467;29;3905.00;313
9631;22;622216112;9631;634;11100;11413;4.17;0.26;364.48;12.26;1469;29;3906.00;313
9637;22;622216127;9637;632;11100;11413;4.14;0.25;364.51;12.26;1463;29;3907.00;313
9641;22;622216153;9641;644;11101;11413;4.10;0.25;364.56;12.26;1460;29;3908.00;312
9642;22;622216191;9642;648;11105;11417;4.12;0.25;364.68;12.25;1463;29;3909.00;312
9647;22;622216227;9647;639;11106;11418;4.15;0.25;364.76;12.25;1459;29;3910.00;312
9650;22;622216251;9650;635;11108;11418;4.19;0.26;364.83;12.25;1458;29;3911.00;310
9655;22;622216270;9655;635;11113;11422;4.21;0.26;364.86;12.25;1458;29;3912.00;309
9658;22;622216302;9658;632;11113;11422;4.25;0.26;364.86;12.25;1455;29;3913.00;309
9659;22;622216323;9659;630;11113;11422;4.28;0.26;364.96;12.25;1454;29;3914.00;309
9662;22;622216343;9662;632;11114;11424;4.29;0.26;365.02;12.25;1452;29;3915.00;310
9666;22;622216364;9666;630;11114;11424;4.25;0.26;365.21;12.25;1448;29;3916.00;310
9669;22;622216384;9669;621;11118;11430;4.21;0.26;365.34;12.25;1449;29;3917.00;312
9671;22;622216404;9671;609;11119;11430;4.23;0.26;365.41;12.25;1448;29;3918.00;311
9675;22;622216426;9675;610;11119;11431;4.21;0.26;365.53;12.25;1444;29;3919.00;312
9678;22;622216447;9678;605;11119;11431;4.20;0.26;365.63;12.25;1441;29;3920.00;312
9680;22;622216470;9680;602;11119;11431;4.22;0.26;365.72;12.25;1439;29;3921.00;312
9686;22;622216489;9686;593;11120;11431;4.25;0.26;365.86;12.25;1434;29;3922.00;311
9688;22;622216511;9688;582;11120;11431;4.31;0.26;365.94;12.25;1432;29;3923.00;311
9692;22;622216532;9692;575;11125;11443;4.38;0.27;365.95;12.25;1433;29;3924.00;318
9694;22;622216554;9694;569;11125;11443;4.45;0.27;366.04;12.25;1431;29;3925.00;318
9699;22;622216577;9699;564;11126;11443;4.51;0.27;366.17;12.25;1427;29;3926.00;317
9699;22;622216595;9699;558;11126;11443;4.60;0.28;366.17;12.25;1427;29;3927.00;317
9704;22;622216612;9704;548;11128;11443;4.65;0.28;366.29;12.32;1424;29;3928.00;315
9708;22;622216635;9708;533;11129;11443;4.69;0.29;366.36;12.32;1421;29;3929.00;314
9713;22;622216657;9713;532;11132;11447;4.70;0.29;366.58;12.32;1419;29;3930.00;315
9715;22;622216676;9715;523;11133;11447;4.71;0.29;366.56;12.32;1418;29;3931.00;314
9719;22;622216693;9719;528;11135;11451;4.72;0.29;366.69;12.32;1416;29;3932.00;316
9724;22;622216716;9724;527;11136;11452;4.68;0.29;366.76;12.32;1412;29;3933.00;316
9730;22;622216734;9730;517;11138;11452;4.69;0.29;367.02;12.31;1408;29;3934.00;314
9735;22;622216753;9735;513;11138;11452;4.70;0.29;367.13;12.31;1403;29;3935.00;314
9740;22;622216772;9740;515;11147;11465;4.70;0.29;367.24;12.31;1407;29;3936.00;318
9744;22;622216791;9744;517;11148;11465;4.78;0.29;367.46;12.31;1404;29;3937.00;317
9749;22;622216811;9749;513;11148;11465;4.78;0.29;367.44;12.31;1399;29;3938.00;317
9753;22;622216830;9753;524;11149;11466;4.83;0.29;367.42;12.31;1396;29;3939.00;317
9759;22;622216849;9759;524;11149;11467;4.85;0.30;367.50;12.31;1390;29;3940.00;318
9764;22;622216869;9764;532;11152;11467;4.86;0.30;367.61;12.31;1388;29;3941.00;315
9767;22;622216886;9767;533;11154;11470;4.89;0.30;367.77;12.31;1387;29;3942.00;316
9773;22;622216904;9773;537;11154;11470;4.86;0.30;367.83;12.31;1381;29;3943.00;316
9778;22;622216925;9778;542;11155;11470;4.85;0.30;367.95;12.31;1377;29;3944.00;315
9782;22;622216943;9782;552;11157;11470;4.81;0.29;368.07;12.31;1375;29;3945.00;313
9784;22;622216964;9784;554;11163;11476;4.83;0.29;368.09;12.38;1379;29;3946.00;313
9787;22;622216987;9787;546;11165;11476;4.76;0.29;368.16;12.38;1378;29;3947.00;311
9790;22;622217004;9790;546;11166;11476;4.73;0.29;368.15;12.38;1376;29;3948.00;310
9795;22;622217023;9795;551;11167;11476;4.70;0.29;368.36;12.38;1372;29;3949.00;309
9799;22;622217040;9799;551;11171;11480;4.71;0.29;368.40;12.38;1372;29;3950.00;309
9802;22;622217059;9802;557;11172;11481;4.68;0.29;368.44;12.38;1370;29;3951.00;309
9806;22;622217077;9806;561;11173;11481;4.62;0.28;368.41;12.38;1367;29;3952.00;308
9810;22;622217096;9810;559;11174;11482;4.60;0.28;368.44;12.38;1364;29;3953.00;308
9813;22;622217113;9813;566;11175;11482;4.56;0.28;368.41;12.38;1362;29;3954.00;307
9817;22;622217130;9817;569;11175;11482;4.53;0.28;368.55;12.38;1358;29;3955.00;307
9820;22;622217148;9820;561;11175;11482;4.46;0.27;368.52;12.38;1355;29;3956.00;307
9825;22;622217167;9825;557;11175;11482;4.38;0.27;368.56;12.38;1350;29;3957.00;307
9827;22;622217185;9827;560;11175;11482;4.32;0.26;368.65;12.38;1348;29;3958.00;307
9831;22;622217203;9831;562;11175;11482;4.28;0.26;368.83;12.38;1344;29;3959.00;307
9836;22;622217223;9836;586;11245;11607;4.37;0.27;368.87;12.30;1409;29;3960.00;362
9839;22;622217251;9839;578;11246;11608;4.34;0.27;369.00;12.30;1407;29;3961.00;362
9843;22;622217268;9843;571;11253;11608;4.37;0.27;369.11;12.29;1410;29;3962.00;355
9847;22;622217287;9847;574;11256;11608;4.39;0.27;369.18;12.37;1409;29;3963.00;352
9848;22;622217304;9848;572;11261;11608;4.43;0.27;369.18;12.36;1413;29;3964.00;347
9851;22;622217322;9851;574;11264;11608;4.46;0.27;369.33;12.36;1413;29;3965.00;344
9852;23;622217346;9852;569;11268;11608;4.48;0.27;369.41;12.36;1416;30;3966.00;340
9855;23;622217378;9855;570;11271;11608;4.47;0.27;369.41;12.36;1416;30;3967.00;337
9857;23;622217397;9857;563;11274;11609;4.44;0.27;369.44;12.35;1417;30;3968.00;335
9860;23;622217414;9860;578;11278;11610;4.41;0.27;369.42;12.35;1418;30;3969.00;332
9863;23;622217434;9863;567;11279;11610;4.36;0.27;369.40;12.35;1416;30;3970.00;331
9863;23;622217460;9863;566;11284;11614;4.32;0.26;369.40;12.35;1421;30;3971.00;330
9866;23;622217487;9866;568;11286;11614;4.27;0.26;369.50;12.35;1420;30;3972.00;328
9868;23;622217505;9868;575;11287;11614;4.23;0.26;369.53;12.42;1419;30;3973.00;327
9870;23;622217523;9870;586;11287;11614;4.16;0.25;369.54;12.42;1417;30;3974.00;327
9872;23;622217549;9872;598;11292;11620;4.10;0.25;369.73;12.41;1420;31;3975.00;328
9873;23;622217590;9873;606;11292;11620;4.07;0.25;369.81;12.41;1419;31;3976.00;328
9875;23;622217613;9875;613;11292;11620;4.06;0.25;369.90;12.41;1417;31;3977.00;328
9878;23;622217643;9878;612;11294;11623;4.05;0.25;370.02;12.41;1416;31;3978.00;329
9880;23;622217672;9880;613;11295;11623;4.03;0.25;370.06;12.41;1415;31;3979.00;328
9881;23;622217692;9881;620;11295;11623;4.07;0.25;370.08;12.41;1414;31;3980.00;328
9887;23;622217711;9887;622;11295;11624;4.06;0.25;370.21;12.41;1408;31;3981.00;329
9887;23;622217731;9887;630;11296;11625;4.12;0.25;370.21;12.41;1409;31;3982.00;329
9890;23;622217753;9890;627;11296;11625;4.13;0.25;370.23;12.41;1406;31;3983.00;329
9892;23;622217771;9892;625;11307;11638;4.14;0.25;370.24;12.40;1415;31;3984.00;331
9893;23;622217793;9893;622;11307;11638;4.15;0.26;370.25;12.40;1414;31;3985.00;331
9896;23;622217811;9896;618;11307;11638;4.16;0.26;370.21;12.40;1411;31;3986.00;331
9896;23;622217829;9896;623;11308;11639;4.19;0.26;370.21;12.40;1412;31;3987.00;331
9902;23;622217847;9902;626;11308;11639;4.21;0.26;370.23;12.40;1406;31;3988.00;331
9902;23;622217865;9902;628;11312;11643;4.25;0.26;370.23;12.39;1410;31;3989.00;331
9903;23;622217896;9903;640;11312;11643;4.24;0.26;370.27;12.39;1409;31;3990.00;331
9909;23;622217919;9909;634;11318;11647;4.22;0.26;370.20;12.64;1409;32;3991.00;329
9912;23;622217961;9912;635;11318;11647;4.20;0.26;370.18;12.64;1406;32;3992.00;329
9913;23;622217983;9913;645;11318;11647;4.16;0.25;370.15;12.64;1405;32;3993.00;329
9914;23;622218001;9914;638;11318;11647;4.14;0.25;370.18;12.64;1404;32;3994.00;329
9915;23;622218019;9915;643;11318;11647;4.10;0.25;370.15;12.64;1403;32;3995.00;329
9915;23;622218044;9915;645;11328;11659;4.11;0.25;370.15;12.63;1413;32;3996.00;331
9917;23;622218066;9917;654;11329;11659;4.08;0.25;370.12;12.63;1412;32;3997.00;330
9920;23;622218085;9920;656;11329;11659;4.03;0.25;370.09;12.63;1409;32;3998.00;330
9922;23;622218104;9922;655;11329;11659;4.04;0.25;370.03;12.63;1407;32;3999.00;330
9922;23;622218129;9922;656;11329;11659;4.06;0.25;370.03;12.63;1407;32;4000.00;330
9923;23;622218152;9923;657;11329;11659;4.05;0.25;370.07;12.63;1406;32;4001.00;330
9926;23;622218174;9926;649;11329;11660;4.05;0.25;370.10;12.63;1403;32;4002.00;331
9928;23;622218191;9928;642;11329;11660;4.04;0.25;370.08;12.63;1401;32;4003.00;331
9929;23;622218211;9929;637;11334;11666;4.08;0.25;370.05;12.63;1405;32;4004.00;332
9933;23;622218234;9933;634;11336;11668;4.07;0.25;370.16;12.62;1403;32;4005.00;332
9934;23;622218256;9934;637;11336;11668;4.10;0.25;370.13;12.62;1402;32;4006.00;332
9936;23;622218278;9936;639;11336;11668;4.12;0.25;370.13;12.62;1400;32;4007.00;332
9939;23;622218297;9939;636;11339;11672;4.15;0.25;370.22;12.62;1400;32;4008.00;333
9942;23;622218324;9942;635;11339;11672;4.17;0.25;370.27;12.62;1397;32;4009.00;333
9946;23;622218350;9946;631;11339;11672;4.14;0.25;370.22;12.62;1393;32;4010.00;333
9949;23;622218370;9949;643;11340;11673;4.10;0.25;370.20;12.62;1391;32;4011.00;333
9952;23;622218394;9952;643;11343;11677;4.06;0.25;370.16;12.62;1391;32;4012.00;334
9954;23;622218413;9954;629;11343;11677;4.04;0.25;370.15;12.62;1389;32;4013.00;334
9956;23;622218432;9956;627;11345;11680;4.05;0.25;370.10;12.61;1389;33;4014.00;335
9958;23;622218465;9958;622;11346;11680;4.06;0.25;370.09;12.61;1388;33;4015.00;334
9961;23;622218483;9961;618;11346;11680;4.08;0.25;370.10;12.61;1385;33;4016.00;334
9964;23;622218502;9964;620;11346;11680;4.04;0.25;370.22;12.61;1382;33;4017.00;334
9966;23;622218523;9966;623;11350;11684;4.06;0.25;370.23;12.61;1384;33;4018.00;334
9968;23;622218541;9968;609;11350;11684;4.06;0.25;370.21;12.61;1382;33;4019.00;334
9971;23;622218561;9971;599;11350;11684;4.09;0.25;370.15;12.61;1379;33;4020.00;334
9974;23;622218580;9974;590;11350;11684;4.11;0.25;370.14;12.61;1376;33;4021.00;334
9975;23;622218598;9975;580;11350;11685;4.15;0.25;370.14;12.61;1375;33;4022.00;335
9977;23;622218616;9977;574;11351;11686;4.17;0.25;370.10;12.61;1374;33;4023.00;335
9977;23;622218632;9977;570;11351;11686;4.17;0.25;370.10;12.61;1374;33;4024.00;335
9981;23;622218649;9981;572;11352;11687;4.15;0.25;370.15;12.61;1371;33;4025.00;335
9982;24;622218685;9982;572;11352;11687;4.18;0.25;370.13;12.61;1370;34;4026.00;335
9983;24;622218722;9983;571;11352;11687;4.22;0.26;370.16;12.61;1369;34;4027.00;335
9985;24;622218745;9985;567;11352;11687;4.26;0.26;370.18;12.61;1367;34;4028.00;335
9987;24;622218765;9987;570;11352;11687;4.30;0.26;370.18;12.61;1365;34;4029.00;335
9989;24;622218785;9989;570;11352;11687;4.32;0.26;370.12;12.61;1363;34;4030.00;335
9990;24;622218802;9990;567;11352;11687;4.33;0.26;370.13;12.61;1362;34;4031.00;335
9991;24;622218819;9991;579;11419;11814;4.61;0.28;370.15;12.53;1428;34;4032.00;395
9993;24;622218854;9993;570;11420;11815;4.62;0.28;370.18;12.53;1427;34;4033.00;395
9994;24;622218876;9994;570;11428;11815;4.72;0.29;370.14;12.52;1434;34;4034.00;387
9994;24;622218892;9994;575;11432;11815;4.75;0.29;370.14;12.52;1438;34;4035.00;383
9994;24;622218913;9994;568;11439;11815;4.79;0.30;370.14;12.52;1445;34;4036.00;376
9995;24;622218932;9995;572;11442;11815;4.83;0.30;370.15;12.51;1447;34;4037.00;373
9996;24;622218950;9996;577;11444;11815;4.80;0.30;370.21;12.51;1448;34;4038.00;371
10000;24;622218974;10000;578;11446;11815;4.79;0.29;370.24;12.51;1446;34;4039.00;369
10002;24;622218996;10002;580;11448;11816;4.76;0.29;370.33;12.51;1446;34;4040.00;368
10003;24;622219014;10003;581;11452;11817;4.74;0.29;370.43;12.51;1449;34;4041.00;365
10006;24;622219033;10006;581;11456;11817;4.71;0.29;370.40;12.60;1450;34;4042.00;361
10009;24;622219052;10009;581;11458;11818;4.64;0.29;370.38;12.60;1449;34;4043.00;360
10011;24;622219070;10011;590;11461;11818;4.56;0.28;370.32;12.77;1450;34;4044.00;357
10014;24;622219092;10014;593;11465;11818;4.49;0.28;370.35;12.78;1451;34;4045.00;353
10016;24;622219109;10016;605;11466;11818;4.43;0.27;370.40;12.78;1450;34;4046.00;352
10017;24;622219130;10017;618;11473;11822;4.42;0.27;370.37;12.95;1456;34;4047.00;349
10020;24;622219149;10020;619;11475;11822;4.42;0.27;370.51;12.95;1455;35;4048.00;347
10024;24;622219177;10024;627;11478;11822;4.42;0.27;370.49;13.04;1454;35;4049.00;344
10027;24;622219197;10027;630;11483;11828;4.41;0.27;370.52;13.03;1456;35;4050.00;345
10028;24;622219217;10028;626;11483;11828;4.44;0.27;370.51;13.03;1455;35;4051.00;345
10032;24;622219237;10032;631;11486;11828;4.41;0.27;370.63;13.12;1454;35;4052.00;342
10034;24;622219257;10034;635;11490;11832;4.40;0.27;370.67;13.12;1456;35;4053.00;342
10036;24;622219276;10036;635;11494;11833;4.41;0.27;370.81;13.37;1458;35;4054.00;339
10040;24;622219293;10040;638;11495;11833;4.43;0.27;370.95;13.37;1455;35;4055.00;338
10043;24;622219313;10043;635;11500;11837;4.46;0.27;370.91;13.46;1457;35;4056.00;337
10046;24;622219339;10046;640;11500;11837;4.48;0.27;370.99;13.46;1454;35;4057.00;337
10048;24;622219364;10048;639;11501;11837;4.49;0.27;371.15;13.54;1453;35;4058.00;336
10050;24;622219388;10050;636;11503;11838;4.48;0.27;371.18;13.63;1453;35;4059.00;335
10050;24;622219409;10050;639;11503;11838;4.47;0.27;371.18;13.63;1453;35;4060.00;335
10051;24;622219428;10051;639;11510;11844;4.45;0.27;371.16;13.79;1459;35;4061.00;334
10054;24;622219445;10054;636;11510;11844;4.39;0.27;371.35;13.79;1456;35;4062.00;334
10057;24;622219464;10057;643;11511;11845;4.34;0.26;371.58;13.88;1454;35;4063.00;334
10058;24;622219482;10058;643;11512;11845;4.34;0.26;371.64;13.96;1454;35;4064.00;333
10060;24;622219502;10060;646;11513;11845;4.34;0.26;371.63;14.05;1453;35;4065.00;332
10063;24;622219524;10063;650;11513;11845;4.31;0.26;371.72;14.05;1450;35;4066.00;332
10064;24;622219555;10064;647;11513;11845;4.33;0.26;371.77;14.05;1449;35;4067.00;332
10067;24;622219580;10067;646;11524;11857;4.34;0.26;371.79;14.03;1457;35;4068.00;333
10068;24;622219613;10068;651;11524;11857;4.38;0.27;371.78;14.03;1456;35;4069.00;333
10070;24;622219648;10070;648;11524;11857;4.40;0.27;371.92;14.03;1454;35;4070.00;333
10071;24;622219668;10071;653;11524;11857;4.44;0.27;371.96;14.03;1453;35;4071.00;333
10075;24;622219690;10075;663;11524;11857;4.42;0.27;372.10;14.03;1449;35;4072.00;333
10077;24;622219711;10077;663;11524;11857;4.39;0.27;372.19;14.03;1447;35;4073.00;333
10080;25;622219731;10080;668;11527;11861;4.36;0.26;372.16;14.03;1447;36;4074.00;334
10084;25;622219755;10084;665;11527;11861;4.31;0.26;372.19;14.03;1443;36;4075.00;334
10088;25;622219777;10088;668;11531;11865;4.26;0.26;372.20;14.03;1443;36;4076.00;334
10089;25;622219794;10089;670;11532;11866;4.23;0.26;372.19;14.02;1443;36;4077.00;334
10093;25;622219809;10093;679;11532;11866;4.17;0.26;372.26;14.02;1439;36;4078.00;334
10098;25;622219825;10098;677;11532;11866;4.12;0.25;372.33;14.02;1434;36;4079.00;334
10100;25;622219842;10100;686;11553;11895;4.13;0.25;372.36;14.00;1453;36;4080.00;342
10107;25;622219860;10107;683;11554;11895;4.12;0.25;372.29;14.00;1447;36;4081.00;341
10110;25;622219876;10110;676;11556;11895;4.13;0.25;372.36;14.00;1446;36;4082.00;339
10113;25;622219892;10113;673;11558;11896;4.13;0.25;372.33;13.99;1445;36;4083.00;338
10115;25;622219907;10115;669;11558;11897;4.14;0.25;372.33;13.99;1443;36;4084.00;339
10120;25;622219923;10120;672;11558;11897;4.13;0.25;372.40;13.99;1438;36;4085.00;339
10126;25;622219940;10126;668;11561;11900;4.14;0.25;372.58;13.99;1435;36;4086.00;339
10130;25;622219956;10130;660;11561;11900;4.18;0.25;372.68;13.99;1431;36;4087.00;339
10134;25;622219973;10134;648;11561;11900;4.24;0.26;372.87;13.99;1427;36;4088.00;339
10135;25;622219990;10135;634;11561;11900;4.32;0.26;372.88;13.99;1426;36;4089.00;339
10139;25;622220007;10139;627;11565;11906;4.38;0.27;373.06;13.99;1426;36;4090.00;341
10143;25;622220024;10143;625;11565;11906;4.42;0.27;373.13;13.99;1422;36;4091.00;341
10145;25;622220041;10145;620;11565;11906;4.45;0.27;373.12;13.99;1420;36;4092.00;341
10150;25;622220057;10150;610;11565;11906;4.46;0.27;373.17;13.99;1415;36;4093.00;341
10154;25;622220074;10154;601;11568;11910;4.50;0.27;373.13;13.98;1414;36;4094.00;342
10156;25;622220092;10156;599;11570;11912;4.57;0.28;373.13;13.98;1414;36;4095.00;342
10157;25;622220109;10157;599;11570;11912;4.66;0.28;373.13;13.98;1413;36;4096.00;342
10163;25;622220126;10163;591;11571;11913;4.72;0.29;373.13;13.98;1408;36;4097.00;342
10166;25;622220143;10166;587;11571;11913;4.77;0.29;373.26;13.98;1405;36;4098.00;342
10169;25;622220159;10169;594;11571;11913;4.76;0.29;373.29;13.98;1402;36;4099.00;342
10174;25;622220177;10174;599;11571;11913;4.75;0.29;373.36;13.98;1397;36;4100.00;342
10183;25;622220197;10183;597;11571;11913;4.72;0.29;373.75;13.98;1388;36;4101.00;342
10184;25;622220220;10184;599;11571;11913;4.72;0.29;373.72;13.98;1387;36;4102.00;342
10189;25;622220236;10189;603;11571;11913;4.67;0.28;373.77;13.98;1382;36;4103.00;342
10194;25;622220253;10194;613;11607;11983;4.65;0.28;373.86;13.94;1413;36;4104.00;376
10197;25;622220275;10197;613;11608;11984;4.63;0.28;373.92;13.93;1411;36;4105.00;376
10204;25;622220291;10204;611;11612;11984;4.57;0.28;373.98;13.93;1408;36;4106.00;372
10206;25;622220309;10206;620;11612;11984;4.59;0.28;374.05;13.93;1406;36;4107.00;372
10210;25;622220326;10210;616;11613;11984;4.58;0.28;374.13;13.93;1403;36;4108.00;371
10215;25;622220349;10215;622;11614;11984;4.58;0.28;374.12;13.93;1399;36;4109.00;370
10221;25;622220367;10221;619;11616;11984;4.52;0.27;374.11;14.01;1395;36;4110.00;368
10224;25;622220385;10224;618;11617;11984;4.47;0.27;374.19;14.01;1393;36;4111.00;367
10229;25;622220401;10229;626;11619;11985;4.45;0.27;374.39;14.01;1390;36;4112.00;366
10232;25;622220417;10232;624;11621;11986;4.42;0.27;374.46;14.01;1389;36;4113.00;365
10235;25;622220433;10235;631;11622;11986;4.39;0.27;374.57;14.01;1387;36;4114.00;364
10238;25;622220449;10238;635;11626;11990;4.41;0.27;374.52;14.00;1388;36;4115.00;364
10244;25;622220469;10244;640;11628;11990;4.40;0.27;374.62;14.00;1384;36;4116.00;362
10247;25;622220486;10247;649;11631;11990;4.42;0.27;374.59;14.00;1384;36;4117.00;359
10252;25;622220503;10252;649;11632;11990;4.43;0.27;374.75;14.00;1380;36;4118.00;358
10254;25;622220522;10254;649;11637;11996;4.48;0.27;374.91;14.00;1383;36;4119.00;359
10257;25;622220539;10257;643;11639;11996;4.43;0.27;374.93;14.00;1382;36;4120.00;357
10262;25;622220555;10262;645;11643;11996;4.39;0.27;375.13;14.00;1381;36;4121.00;353
10264;25;622220571;10264;652;11645;11999;4.41;0.27;375.14;14.00;1381;36;4122.00;354
10268;25;622220587;10268;651;11648;11999;4.36;0.27;375.35;14.00;1380;36;4123.00;351
10271;25;622220602;10271;656;11649;11999;4.31;0.26;375.42;14.00;1378;36;4124.00;350
10273;25;622220617;10273;662;11650;12000;4.26;0.26;375.43;14.00;1377;36;4125.00;350
10276;25;622220631;10276;670;11652;12001;4.23;0.26;375.54;14.00;1376;36;4126.00;349
10279;25;622220647;10279;663;11652;12001;4.19;0.26;375.56;14.00;1373;36;4127.00;349
10283;25;622220661;10283;658;11662;12014;4.22;0.26;375.57;13.98;1379;36;4128.00;352
10286;25;622220678;10286;668;11662;12014;4.19;0.25;375.62;13.98;1376;36;4129.00;352
10291;25;622220693;10291;672;11663;12014;4.15;0.25;375.67;13.98;1372;36;4130.00;351
10292;25;622220708;10292;668;11664;12015;4.19;0.25;375.68;13.98;1372;36;4131.00;351
10296;25;622220724;10296;673;11664;12015;4.18;0.25;375.80;13.98;1368;36;4132.00;351
10296;25;622220739;10296;680;11668;12019;4.24;0.26;375.80;13.98;1372;36;4133.00;351
10298;25;622220754;10298;682;11669;12019;4.21;0.26;376.01;13.98;1371;36;4134.00;350
10299;25;622220774;10299;692;11672;12023;4.21;0.26;376.09;13.97;1373;36;4135.00;351
10300;25;622220790;10300;686;11672;12023;4.19;0.26;376.06;13.97;1372;36;4136.00;351
10302;25;622220805;10302;675;11672;12023;4.18;0.25;376.06;13.97;1370;36;4137.00;351
10304;25;622220820;10304;662;11672;12023;4.16;0.25;376.11;13.97;1368;36;4138.00;351
10305;25;622220836;10305;665;11672;12023;4.14;0.25;376.11;13.97;1367;36;4139.00;351
10308;25;622220853;10308;674;11697;12057;4.21;0.26;376.09;13.94;1389;36;4140.00;360
10308;25;622220871;10308;664;11698;12057;4.25;0.26;376.09;13.94;1390;36;4141.00;359
10309;25;622220886;10309;663;11700;12057;4.30;0.26;376.12;13.94;1391;36;4142.00;357
10311;25;622220902;10311;661;11700;12057;4.33;0.27;376.13;13.94;1389;36;4143.00;357
10312;25;622220916;10312;661;11701;12057;4.36;0.27;376.24;13.94;1389;36;4144.00;356
10313;25;622220933;10313;656;11701;12057;4.38;0.27;376.22;13.94;1388;36;4145.00;356
10313;25;622220948;10313;661;11701;12058;4.39;0.27;376.22;13.94;1388;36;4146.00;357
10317;25;622220963;10317;660;11701;12058;4.37;0.27;376.17;13.94;1384;36;4147.00;357
10317;25;622220979;10317;668;11706;12064;4.42;0.27;376.17;13.93;1389;36;4148.00;358
10319;25;622220994;10319;661;11707;12065;4.42;0.27;376.17;13.93;1388;36;4149.00;358
10322;25;622221010;10322;664;11707;12065;4.43;0.27;376.14;13.93;1385;36;4150.00;358
10325;25;622221025;10325;661;11707;12065;4.39;0.27;376.22;13.93;1382;36;4151.00;358
10328;25;622221046;10328;658;11710;12069;4.36;0.27;376.15;13.93;1382;36;4152.00;359
10329;25;622221062;10329;662;11710;12069;4.32;0.26;376.23;13.93;1381;36;4153.00;359
10332;25;622221076;10332;659;11710;12069;4.24;0.26;376.21;13.93;1378;36;4154.00;359
10337;25;622221091;10337;660;11711;12070;4.17;0.25;376.13;13.93;1374;36;4155.00;359
10340;25;622221106;10340;657;11714;12074;4.11;0.25;376.23;13.93;1374;36;4156.00;360
10342;25;622221123;10342;656;11714;12074;4.07;0.25;376.20;13.93;1372;36;4157.00;360
10345;25;622221145;10345;663;11716;12077;4.03;0.24;376.15;13.92;1371;36;4158.00;361
10346;25;622221161;10346;664;11716;12077;4.01;0.24;376.12;13.92;1370;36;4159.00;361
10347;25;622221175;10347;673;11717;12077;3.98;0.24;376.09;13.92;1370;36;4160.00;360
10351;25;622221190;10351;669;11717;12077;3.96;0.24;376.06;13.92;1366;36;4161.00;360
10351;25;622221218;10351;678;11721;12081;3.97;0.24;376.06;13.92;1370;36;4162.00;360
10351;25;622221232;10351;677;11721;12081;3.97;0.24;376.06;13.92;1370;36;4163.00;360
10353;25;622221247;10353;677;11721;12081;3.92;0.24;376.03;13.92;1368;36;4164.00;360
10354;25;622221260;10354;675;11721;12081;3.90;0.24;376.03;13.92;1367;36;4165.00;360
10355;25;622221275;10355;676;11721;12082;3.87;0.24;376.05;13.92;1366;36;4166.00;361
10357;25;622221289;10357;684;11722;12083;3.85;0.23;376.08;13.92;1365;36;4167.00;361
10358;25;622221303;10358;682;11722;12083;3.83;0.23;376.18;13.92;1364;36;4168.00;361
10359;25;622221317;10359;682;11723;12084;3.80;0.23;376.17;13.92;1364;36;4169.00;361
10359;25;622221333;10359;678;11723;12084;3.82;0.23;376.17;13.92;1364;36;4170.00;361
10362;25;622221347;10362;656;11723;12084;3.84;0.23;376.25;13.92;1361;36;4171.00;361
10363;25;622221361;10363;634;11723;12084;3.87;0.24;376.24;13.92;1360;36;4172.00;361
10365;25;622221375;10365;629;11725;12086;3.93;0.24;376.37;13.91;1360;36;4173.00;361
10365;25;622221391;10365;609;11725;12086;4.00;0.24;376.37;13.91;1360;36;4174.00;361
10366;25;622221405;10366;595;11725;12086;4.08;0.25;376.39;13.91;1359;36;4175.00;361
10367;26;622221419;10367;605;11791;12213;4.36;0.27;376.38;13.84;1424;37;4176.00;422
10368;26;622221455;10368;588;11792;12214;4.47;0.28;376.39;13.83;1424;37;4177.00;422
10370;26;622221477;10370;574;11797;12214;4.59;0.28;376.38;13.83;1427;37;4178.00;417
10372;26;622221492;10372;567;11799;12214;4.64;0.29;376.35;13.83;1427;37;4179.00;415
10373;26;622221512;10373;552;11805;12214;4.71;0.29;376.36;13.82;1432;37;4180.00;409
10373;26;622221529;10373;554;11808;12214;4.78;0.29;376.36;13.82;1435;37;4181.00;406
10375;26;622221552;10375;548;11810;12214;4.80;0.29;376.34;13.82;1435;37;4182.00;404
10378;26;622221580;10378;539;11816;12214;4.82;0.30;376.33;13.82;1438;37;4183.00;398
10379;26;622221602;10379;539;11820;12215;4.89;0.30;376.37;13.91;1441;37;4184.00;395
10380;26;622221647;10380;534;11823;12217;4.95;0.30;376.35;13.90;1443;37;4185.00;394
10384;26;622221665;10384;535;11827;12217;4.95;0.30;376.39;13.99;1443;37;4186.00;390
10388;26;622221682;10388;527;11830;12218;4.95;0.30;376.46;13.99;1442;37;4187.00;388
10392;26;622221699;10392;522;11831;12218;4.93;0.30;376.42;13.99;1439;37;4188.00;387
10395;26;622221716;10395;523;11835;12218;4.93;0.30;376.46;13.99;1440;37;4189.00;383
10396;26;622221734;10396;516;11836;12218;4.94;0.30;376.45;13.99;1440;37;4190.00;382
10398;26;622221751;10398;518;11840;12222;4.97;0.30;376.48;13.99;1442;37;4191.00;382
10401;26;622221768;10401;509;11842;12222;4.99;0.31;376.51;13.99;1441;37;4192.00;380
10402;26;622221784;10402;516;11843;12222;5.04;0.31;376.48;13.99;1441;37;4193.00;379
10405;26;622221800;10405;513;11844;12225;5.04;0.31;376.47;13.99;1439;37;4194.00;381
10410;26;622221817;10410;519;11845;12225;4.99;0.30;376.54;13.99;1435;37;4195.00;380
10413;26;622221833;10413;515;11847;12225;4.97;0.30;376.63;13.99;1434;37;4196.00;378
10414;26;622221849;10414;515;11851;12229;4.94;0.30;376.60;13.99;1437;37;4197.00;378
10419;26;622221866;10419;521;11854;12230;4.92;0.30;376.66;14.08;1435;37;4198.00;376
10422;26;622221882;10422;523;11855;12230;4.91;0.30;376.61;14.08;1433;37;4199.00;375
10425;26;622221901;10425;533;11864;12264;4.87;0.30;376.65;14.07;1439;37;4200.00;400
10430;26;622221925;10430;530;11868;12264;4.82;0.29;376.78;14.07;1438;37;4201.00;396
10434;26;622221941;10434;533;11869;12264;4.82;0.29;376.91;14.06;1435;37;4202.00;395
10436;26;622221958;10436;528;11873;12265;4.81;0.29;377.08;14.15;1437;37;4203.00;392
10441;26;622221975;10441;526;11873;12265;4.82;0.29;377.11;14.15;1432;37;4204.00;392
10444;26;622221998;10444;531;11878;12271;4.84;0.29;377.23;14.15;1434;37;4205.00;393
10445;26;622222017;10445;530;11880;12271;4.82;0.29;377.24;14.15;1435;37;4206.00;391
10447;26;622222033;10447;543;11882;12272;4.81;0.29;377.41;14.24;1435;37;4207.00;390
10447;26;622222049;10447;549;11883;12272;4.81;0.29;377.41;14.24;1436;37;4208.00;389
10449;26;622222067;10449;556;11884;12272;4.83;0.29;377.47;14.24;1435;37;4209.00;388
10452;26;622222083;10452;558;11884;12272;4.82;0.29;377.50;14.24;1432;37;4210.00;388
10455;26;622222099;10455;558;11887;12272;4.81;0.29;377.63;14.33;1432;37;4211.00;385
10456;26;622222115;10456;559;11894;12284;4.87;0.30;377.68;14.32;1438;37;4212.00;390
10457;26;622222132;10457;567;11894;12284;4.85;0.29;377.65;14.32;1437;37;4213.00;390
10457;26;622222154;10457;571;11900;12284;4.86;0.29;377.65;14.41;1443;37;4214.00;384
10458;26;622222170;10458;571;11900;12284;4.84;0.29;377.70;14.41;1442;37;4215.00;384
10459;26;622222186;10459;571;11902;12284;4.78;0.29;377.71;14.50;1443;37;4216.00;382
10459;26;622222202;10459;570;11904;12284;4.77;0.29;377.71;14.60;1445;37;4217.00;380
10460;26;622222224;10460;577;11907;12288;4.77;0.29;377.69;14.59;1447;37;4218.00;381
10463;26;622222240;10463;577;11908;12288;4.74;0.29;377.73;14.68;1445;37;4219.00;380
10465;26;622222257;10465;592;11912;12292;4.75;0.29;377.72;14.68;1447;37;4220.00;380
10467;26;622222274;10467;592;11914;12293;4.72;0.29;377.70;14.77;1447;37;4221.00;379
10468;26;622222290;10468;597;11915;12293;4.68;0.28;377.66;14.77;1447;37;4222.00;378
10468;26;622222305;10468;603;11917;12293;4.67;0.28;377.66;14.86;1449;37;4223.00;376
10469;26;622222320;10469;611;11927;12306;4.67;0.28;377.63;14.85;1458;37;4224.00;379
10473;26;622222337;10473;612;11930;12306;4.65;0.28;377.65;14.94;1457;37;4225.00;376
10475;26;622222353;10475;623;11930;12306;4.61;0.28;377.76;14.94;1455;37;4226.00;376
10477;26;622222369;10477;622;11934;12307;4.60;0.28;377.76;15.12;1457;37;4227.00;373
10479;26;622222385;10479;624;11934;12308;4.59;0.28;377.83;15.12;1455;37;4228.00;374
10481;26;622222401;10481;624;11936;12308;4.57;0.28;377.80;15.30;1455;37;4229.00;372
10485;26;622222425;10485;620;11941;12314;4.57;0.28;377.88;15.38;1456;37;4230.00;373
10486;26;622222441;10486;613;11942;12314;4.59;0.28;377.94;15.47;1456;37;4231.00;372
10489;26;622222457;10489;611;11944;12314;4.59;0.28;378.06;15.47;1455;37;4232.00;370
10490;26;622222475;10490;608;11945;12314;4.61;0.28;378.10;15.47;1455;37;4233.00;369
10493;26;622222491;10493;605;11952;12320;4.64;0.28;378.20;15.64;1459;37;4234.00;368
10494;26;622222508;10494;603;11953;12320;4.62;0.28;378.23;15.73;1459;37;4235.00;367
10494;26;622222525;10494;598;11954;12320;4.64;0.28;378.23;15.82;1460;37;4236.00;366
10499;26;622222544;10499;602;11954;12320;4.62;0.28;378.20;15.82;1455;37;4237.00;366
10500;26;622222560;10500;601;11959;12324;4.63;0.28;378.24;15.99;1459;37;4238.00;365
10502;26;622222577;10502;608;11961;12325;4.61;0.28;378.32;15.99;1459;37;4239.00;364
10502;26;622222598;10502;602;11963;12325;4.61;0.28;378.32;16.17;1461;37;4240.00;362
10505;26;622222613;10505;597;11964;12326;4.61;0.28;378.41;16.16;1459;37;4241.00;362
10509;26;622222628;10509;602;11964;12326;4.58;0.28;378.40;16.16;1455;37;4242.00;362
10514;26;622222644;10514;598;11966;12326;4.55;0.28;378.42;16.34;1452;37;4243.00;360
10517;26;622222659;10517;606;11966;12326;4.52;0.28;378.48;16.34;1449;37;4244.00;360
10518;26;622222677;10518;613;11967;12326;4.53;0.28;378.46;16.34;1449;37;4245.00;359
10522;26;622222691;10522;612;11969;12326;4.49;0.28;378.66;16.51;1447;37;4246.00;357
10526;26;622222707;10526;615;11969;12326;4.42;0.27;378.58;16.51;1443;37;4247.00;357
10531;26;622222722;10531;636;12012;12396;4.42;0.27;378.67;16.63;1481;37;4248.00;384
10537;26;622222743;10537;635;12012;12397;4.35;0.27;378.80;16.63;1475;37;4249.00;385
10542;26;622222758;10542;626;12018;12397;4.32;0.26;378.82;16.79;1476;37;4250.00;379
10549;26;622222773;10549;632;12022;12397;4.27;0.26;378.91;16.79;1473;37;4251.00;375
10554;26;622222788;10554;631;12025;12397;4.24;0.26;379.13;16.79;1471;37;4252.00;372
10556;26;622222803;10556;633;12027;12397;4.22;0.26;379.14;16.79;1471;37;4253.00;370
10559;26;622222818;10559;642;12031;12397;4.20;0.26;379.16;16.79;1472;37;4254.00;366
10563;26;622222833;10563;643;12031;12397;4.17;0.25;379.22;16.79;1468;37;4255.00;366
10566;26;622222849;10566;642;12033;12398;4.16;0.25;379.24;16.79;1467;37;4256.00;365
10570;26;622222863;10570;636;12035;12399;4.16;0.25;379.33;16.78;1465;37;4257.00;364
10572;26;622222878;10572;638;12037;12399;4.16;0.25;379.33;16.78;1465;37;4258.00;362
10576;26;622222893;10576;632;12040;12403;4.14;0.25;379.45;16.78;1464;37;4259.00;363
10578;26;622222910;10578;629;12040;12403;4.13;0.25;379.53;16.78;1462;37;4260.00;363
10582;26;622222925;10582;624;12040;12403;4.09;0.25;379.56;16.78;1458;37;4261.00;363
10583;26;622222940;10583;630;12040;12403;4.06;0.25;379.56;16.78;1457;37;4262.00;363
10589;26;622222955;10589;626;12044;12409;3.96;0.24;379.56;16.77;1455;37;4263.00;365
10592;26;622222971;10592;632;12044;12409;3.91;0.24;379.69;16.77;1452;37;4264.00;365
10596;26;622222986;10596;629;12044;12409;3.87;0.24;379.81;16.77;1448;37;4265.00;365
10601;26;622223001;10601;628;12045;12412;3.84;0.23;379.77;16.77;1444;37;4266.00;367
10605;26;622223016;10605;634;12045;12412;3.83;0.23;379.94;16.77;1440;37;4267.00;367
10609;26;622223030;10609;635;12045;12412;3.80;0.23;379.97;16.77;1436;37;4268.00;367
10611;26;622223045;10611;634;12045;12413;3.78;0.23;379.96;16.77;1434;37;4269.00;368
10613;26;622223060;10613;636;12046;12414;3.74;0.23;380.08;16.77;1433;37;4270.00;368
10616;26;622223074;10616;636;12046;12414;3.70;0.23;380.13;16.77;1430;37;4271.00;368
10620;26;622223089;10620;640;12056;12427;3.72;0.23;380.12;16.76;1436;37;4272.00;371
10626;26;622223106;10626;638;12058;12427;3.72;0.23;380.14;16.76;1432;37;4273.00;369
10630;26;622223121;10630;647;12058;12427;3.68;0.22;380.15;16.76;1428;37;4274.00;369
10633;26;622223136;10633;646;12059;12429;3.66;0.22;380.27;16.76;1426;37;4275.00;370
10634;26;622223151;10634;646;12059;12429;3.65;0.22;380.38;16.76;1425;37;4276.00;370
10637;26;622223166;10637;655;12062;12433;3.64;0.22;380.38;16.75;1425;37;4277.00;371
10641;26;622223181;10641;653;12062;12433;3.66;0.22;380.50;16.75;1421;37;4278.00;371
10643;26;622223196;10643;649;12066;12437;3.71;0.23;380.50;16.75;1423;37;4279.00;371
10647;26;622223211;10647;652;12066;12437;3.69;0.23;380.59;16.75;1419;37;4280.00;371
10653;26;622223225;10653;662;12067;12437;3.63;0.22;380.57;16.75;1414;37;4281.00;370
10658;26;622223240;10658;655;12067;12437;3.57;0.22;380.70;16.75;1409;37;4282.00;370
10662;26;622223255;10662;658;12067;12437;3.55;0.22;380.78;16.75;1405;37;4283.00;370
10664;26;622223270;10664;667;12076;12449;3.58;0.22;380.76;16.74;1412;37;4284.00;373
10667;26;622223290;10667;679;12078;12449;3.55;0.22;380.72;16.83;1411;37;4285.00;371
10672;26;622223312;10672;677;12079;12449;3.49;0.21;380.72;16.83;1407;37;4286.00;370
10674;26;622223331;10674;676;12081;12449;3.44;0.21;380.70;16.83;1407;37;4287.00;368
10676;26;622223346;10676;684;12082;12449;3.38;0.21;380.69;16.92;1406;37;4288.00;367
10677;26;622223360;10677;693;12083;12449;3.36;0.21;380.68;16.92;1406;37;4289.00;366
10678;26;622223377;10678;702;12084;12450;3.30;0.20;380.80;16.92;1406;37;4290.00;366
10681;26;622223392;10681;701;12085;12450;3.28;0.20;380.79;17.00;1404;37;4291.00;365
10685;26;622223407;10685;706;12090;12456;3.23;0.20;380.70;17.00;1405;37;4292.00;366
10686;26;622223421;10686;711;12092;12457;3.21;0.20;380.67;17.08;1406;37;4293.00;365
10686;26;622223436;10686;714;12094;12457;3.17;0.19;380.67;17.08;1408;37;4294.00;363
10687;26;622223450;10687;712;12094;12457;3.15;0.19;380.69;17.08;1407;37;4295.00;363
10690;26;622223464;10690;716;12097;12461;3.12;0.19;380.65;17.08;1407;37;4296.00;364
10693;26;622223479;10693;711;12100;12461;3.10;0.19;380.74;17.16;1407;37;4297.00;361
10694;26;622223495;10694;701;12100;12461;3.11;0.19;380.76;17.16;1406;37;4298.00;361
10697;26;622223510;10697;694;12102;12462;3.12;0.19;380.76;17.25;1405;37;4299.00;360
10701;26;622223526;10701;689;12106;12466;3.14;0.19;380.74;17.24;1405;37;4300.00;360
10701;26;622223554;10701;688;12107;12466;3.19;0.19;380.74;17.33;1406;37;4301.00;359
10705;26;622223577;10705;687;12109;12469;3.22;0.20;380.68;17.33;1404;37;4302.00;360
10709;26;622223602;10709;685;12111;12469;3.19;0.19;380.66;17.41;1402;37;4303.00;358
10709;26;622223623;10709;688;12111;12469;3.20;0.20;380.66;17.41;1402;37;4304.00;358
10710;26;622223644;10710;687;12111;12469;3.20;0.19;380.63;17.41;1401;37;4305.00;358
10712;26;622223662;10712;680;12116;12473;3.20;0.19;380.59;17.49;1404;37;4306.00;357
10713;26;622223679;10713;665;12116;12473;3.23;0.20;380.60;17.49;1403;37;4307.00;357
10713;26;622223695;10713;657;12117;12473;3.31;0.20;380.60;17.58;1404;37;4308.00;356
10716;26;622223715;10716;653;12117;12473;3.33;0.20;380.53;17.58;1401;37;4309.00;356
10716;26;622223739;10716;648;12117;12474;3.39;0.21;380.53;17.58;1401;37;4310.00;357
10718;26;622223757;10718;650;12119;12475;3.43;0.21;380.47;17.66;1401;37;4311.00;356
10720;26;622223774;10720;650;12119;12475;3.48;0.21;380.42;17.66;1399;37;4312.00;356
10720;26;622223790;10720;654;12121;12476;3.54;0.22;380.42;17.75;1401;37;4313.00;355
10720;26;622223806;10720;652;12121;12476;3.58;0.22;380.42;17.75;1401;37;4314.00;355
10720;26;622223822;10720;660;12121;12476;3.62;0.22;380.42;17.75;1401;37;4315.00;355
10720;26;622223839;10720;657;12122;12476;3.65;0.22;380.42;17.84;1402;37;4316.00;354
10721;26;622223855;10721;656;12122;12476;3.66;0.22;380.40;17.84;1401;37;4317.00;354
10721;26;622223871;10721;661;12123;12476;3.70;0.23;380.40;17.92;1402;37;4318.00;353
10722;26;622223888;10722;658;12123;12476;3.72;0.23;380.41;17.92;1401;37;4319.00;353
10723;26;622223906;10723;704;12238;12706;4.12;0.26;380.39;17.75;1515;37;4320.00;468
10726;26;622223943;10726;693;12243;12707;4.11;0.26;380.42;17.83;1517;37;4321.00;464
10728;26;622223960;10728;688;12254;12707;4.19;0.26;380.48;17.81;1526;37;4322.00;453
10729;26;622223977;10729;675;12260;12707;4.19;0.26;380.54;17.80;1531;37;4323.00;447
10730;26;622223994;10730;661;12267;12707;4.18;0.26;380.50;17.80;1537;37;4324.00;440
10731;26;622224009;10731;649;12270;12707;4.19;0.26;380.56;17.79;1539;37;4325.00;437
10732;26;622224026;10732;644;12276;12707;4.16;0.26;380.55;17.79;1544;37;4326.00;431
10734;26;622224048;10734;649;12281;12707;4.15;0.26;380.55;17.78;1547;37;4327.00;426
10734;26;622224065;10734;646;12285;12708;4.16;0.26;380.55;17.78;1551;37;4328.00;423
10734;26;622224083;10734;657;12288;12709;4.17;0.26;380.55;17.78;1554;37;4329.00;421
10734;26;622224106;10734;653;12292;12709;4.19;0.26;380.55;17.78;1558;37;4330.00;417
10736;26;622224124;10736;654;12295;12710;4.20;0.26;380.56;17.77;1559;37;4331.00;415
10739;26;622224141;10739;658;12299;12710;4.19;0.26;380.63;17.77;1560;37;4332.00;411
10742;27;622224158;10742;663;12301;12710;4.18;0.26;380.58;17.77;1559;38;4333.00;409
10745;27;622224184;10745;660;12303;12710;4.19;0.26;380.59;17.77;1558;38;4334.00;407
10746;27;622224201;10746;665;12305;12714;4.17;0.26;380.56;17.77;1559;38;4335.00;409
10748;27;622224220;10748;666;12306;12714;4.15;0.25;380.54;17.77;1558;38;4336.00;408
10750;27;622224238;10750;672;12307;12714;4.18;0.26;380.57;17.77;1557;38;4337.00;407
10750;27;622224256;10750;670;12308;12717;4.23;0.26;380.57;17.77;1558;38;4338.00;409
10752;27;622224275;10752;671;12308;12717;4.21;0.26;380.58;17.77;1556;38;4339.00;409
10754;27;622224296;10754;659;12308;12717;4.25;0.26;380.63;17.77;1554;38;4340.00;409
10756;27;622224314;10756;656;12311;12721;4.30;0.26;380.65;17.76;1555;38;4341.00;410
10756;27;622224333;10756;652;12313;12722;4.39;0.27;380.65;17.84;1557;38;4342.00;409
10759;27;622224357;10759;649;12313;12722;4.44;0.27;380.69;17.84;1554;38;4343.00;409
10761;27;622224381;10761;642;12315;12726;4.49;0.27;380.81;17.84;1554;38;4344.00;411
10764;27;622224402;10764;639;12316;12726;4.52;0.28;380.82;17.84;1552;38;4345.00;410
10764;27;622224421;10764;632;12316;12726;4.57;0.28;380.82;17.84;1552;38;4346.00;410
10765;27;622224439;10765;620;12317;12727;4.62;0.28;380.83;17.84;1552;38;4347.00;410
10767;27;622224462;10767;624;12318;12727;4.64;0.28;380.94;17.84;1551;38;4348.00;409
10771;27;622224482;10771;626;12321;12733;4.67;0.28;381.01;17.83;1550;38;4349.00;412
10777;27;622224510;10777;618;12322;12733;4.64;0.28;381.14;17.83;1545;38;4350.00;411
10780;27;622224536;10780;618;12323;12734;4.65;0.28;381.19;17.83;1543;38;4351.00;411
10783;27;622224557;10783;608;12323;12734;4.67;0.28;381.24;17.83;1540;38;4352.00;411
10788;27;622224578;10788;599;12327;12734;4.63;0.28;381.27;17.84;1539;38;4353.00;407
10792;27;622224603;10792;604;12327;12734;4.62;0.28;381.39;17.84;1535;38;4354.00;407
10794;27;622224629;10794;598;12329;12734;4.61;0.28;381.54;18.02;1535;38;4355.00;405
10799;27;622224651;10799;609;12339;12746;4.66;0.28;381.62;18.01;1540;38;4356.00;407
10801;27;622224669;10801;599;12340;12746;4.65;0.28;381.82;18.09;1539;38;4357.00;406
10805;27;622224687;10805;596;12341;12746;4.65;0.28;381.83;18.09;1536;38;4358.00;405
10806;27;622224704;10806;587;12341;12746;4.67;0.28;381.81;18.09;1535;38;4359.00;405
10809;27;622224721;10809;589;12342;12746;4.68;0.29;381.89;18.17;1533;38;4360.00;404
10812;27;622224739;10812;589;12343;12746;4.69;0.29;382.03;18.17;1531;38;4361.00;403
10819;27;622224756;10819;589;12347;12750;4.68;0.28;382.12;18.16;1528;38;4362.00;403
10820;27;622224774;10820;585;12348;12750;4.68;0.28;382.13;18.24;1528;38;4363.00;402
10824;27;622224792;10824;581;12351;12754;4.70;0.28;382.26;18.24;1527;38;4364.00;403
10825;27;622224811;10825;586;12354;12756;4.68;0.28;382.27;18.24;1529;38;4365.00;402
10827;27;622224828;10827;588;12354;12756;4.65;0.28;382.31;18.24;1527;38;4366.00;402
10830;27;622224846;10830;587;12356;12756;4.62;0.28;382.28;18.24;1526;38;4367.00;400
10831;27;622224863;10831;590;12367;12769;4.63;0.28;382.27;18.23;1536;38;4368.00;402
10831;27;622224882;10831;586;12368;12769;4.61;0.28;382.27;18.30;1537;38;4369.00;401
10832;27;622224900;10832;597;12369;12769;4.57;0.28;382.27;18.31;1537;38;4370.00;400
10832;27;622224917;10832;601;12373;12770;4.59;0.28;382.27;18.31;1541;38;4371.00;397
10836;27;622224934;10836;600;12377;12771;4.56;0.28;382.26;18.31;1541;38;4372.00;394
10837;27;622224951;10837;606;12377;12771;4.54;0.28;382.29;18.31;1540;38;4373.00;394
10838;27;622224968;10838;610;12381;12774;4.53;0.28;382.28;18.31;1543;38;4374.00;393
10841;27;622224985;10841;609;12382;12774;4.50;0.27;382.26;18.31;1541;38;4375.00;392
10845;27;622225002;10845;612;12382;12774;4.48;0.27;382.35;18.31;1537;38;4376.00;392
10848;27;622225020;10848;618;12382;12774;4.45;0.27;382.50;18.31;1534;38;4377.00;392
10850;27;622225038;10850;629;12388;12780;4.45;0.27;382.48;18.30;1538;38;4378.00;392
10853;27;622225055;10853;637;12389;12780;4.48;0.27;382.50;18.31;1536;38;4379.00;391
10858;27;622225073;10858;634;12391;12780;4.46;0.27;382.49;18.49;1533;38;4380.00;389
10860;27;622225090;10860;645;12392;12780;4.43;0.27;382.50;18.49;1532;38;4381.00;388
10861;27;622225108;10861;649;12395;12784;4.42;0.27;382.50;18.49;1534;38;4382.00;389
10863;27;622225125;10863;658;12398;12785;4.39;0.27;382.53;18.58;1535;38;4383.00;387
10865;27;622225142;10865;672;12399;12785;4.40;0.27;382.52;18.59;1534;38;4384.00;386
10865;27;622225158;10865;681;12402;12786;4.38;0.27;382.52;18.68;1537;38;4385.00;384
10868;27;622225174;10868;681;12402;12786;4.36;0.27;382.55;18.68;1534;38;4386.00;384
10870;27;622225191;10870;681;12404;12786;4.33;0.27;382.68;18.68;1534;38;4387.00;382
10875;27;622225207;10875;682;12404;12786;4.28;0.26;382.71;18.68;1529;38;4388.00;382
10881;27;622225224;10881;686;12406;12786;4.23;0.26;382.69;18.77;1525;38;4389.00;380
10881;27;622225240;10881;691;12406;12786;4.23;0.26;382.69;18.77;1525;38;4390.00;380
10883;27;622225256;10883;691;12410;12786;4.16;0.26;382.67;19.14;1527;38;4391.00;376
10887;27;622225273;10887;697;12457;12856;4.19;0.26;382.68;19.07;1570;38;4392.00;399
10889;27;622225294;10889;694;12457;12857;4.21;0.26;382.75;19.07;1568;38;4393.00;400
10892;27;622225312;10892;690;12462;12857;4.21;0.26;382.93;19.24;1570;38;4394.00;395
10894;27;622225329;10894;695;12463;12857;4.19;0.26;382.90;19.24;1569;38;4395.00;394
10898;27;622225345;10898;696;12468;12857;4.18;0.26;382.98;19.42;1570;38;4396.00;389
10900;27;622225362;10900;695;12470;12857;4.16;0.26;383.02;19.41;1570;38;4397.00;387
10901;27;622225379;10901;702;12471;12857;4.13;0.25;383.03;19.41;1570;38;4398.00;386
10904;27;622225395;10904;700;12475;12857;4.12;0.25;383.06;19.59;1571;38;4399.00;382
10907;27;622225413;10907;698;12477;12858;4.11;0.25;383.12;19.59;1570;38;4400.00;381
10910;27;622225434;10910;697;12479;12859;4.13;0.25;383.12;19.76;1569;38;4401.00;380
10910;27;622225451;10910;690;12479;12859;4.15;0.26;383.12;19.76;1569;38;4402.00;380
10914;27;622225468;10914;688;12481;12863;4.14;0.25;383.08;19.76;1567;38;4403.00;382
10920;27;622225485;10920;684;12483;12863;4.11;0.25;382.95;19.94;1563;38;4404.00;380
10922;27;622225502;10922;680;12483;12863;4.11;0.25;382.97;19.94;1561;38;4405.00;380
10923;27;622225519;10923;684;12485;12863;4.14;0.25;382.97;20.11;1562;38;4406.00;378
10927;27;622225538;10927;682;12489;12869;4.20;0.26;382.96;20.10;1562;38;4407.00;380
10930;27;622225566;10930;692;12489;12869;4.20;0.26;383.02;20.10;1559;38;4408.00;380
10936;27;622225594;10936;693;12489;12869;4.18;0.25;383.01;20.10;1553;38;4409.00;380
10942;27;622225621;10942;687;12492;12875;4.17;0.25;383.09;20.10;1550;38;4410.00;383
10943;27;622225645;10943;696;12495;12875;4.16;0.25;383.21;20.36;1552;38;4411.00;380
10949;27;622225667;10949;701;12496;12875;4.10;0.25;383.39;20.36;1547;38;4412.00;379
10953;27;622225685;10953;706;12497;12876;4.03;0.24;383.47;20.44;1544;38;4413.00;379
10954;27;622225702;10954;698;12499;12877;4.00;0.24;383.46;20.53;1545;38;4414.00;378
10960;27;622225720;10960;699;12499;12877;3.91;0.24;383.59;20.53;1539;38;4415.00;378
10962;27;622225739;10962;704;12509;12890;3.87;0.23;383.62;20.51;1547;38;4416.00;381
10965;27;622225757;10965;697;12509;12890;3.77;0.23;383.66;20.51;1544;38;4417.00;381
10967;27;622225781;10967;702;12509;12890;3.70;0.22;383.74;20.51;1542;38;4418.00;381
10970;27;622225800;10970;710;12509;12891;3.63;0.22;383.76;20.51;1539;38;4419.00;382
10973;27;622225817;10973;701;12509;12891;3.57;0.22;383.77;20.51;1536;38;4420.00;382
10975;27;622225835;10975;699;12512;12895;3.57;0.22;383.85;20.51;1537;38;4421.00;383
10977;27;622225853;10977;688;12512;12895;3.62;0.22;383.88;20.51;1535;38;4422.00;383
10979;27;622225870;10979;684;12514;12899;3.63;0.22;383.91;20.50;1535;38;4423.00;385
10982;27;622225889;10982;687;12514;12899;3.69;0.23;383.95;20.50;1532;38;4424.00;385
10987;27;622225907;10987;687;12515;12899;3.72;0.23;383.97;20.51;1528;38;4425.00;384
10990;27;622225924;10990;675;12516;12899;3.77;0.23;384.02;20.51;1526;38;4426.00;383
10994;27;622225941;10994;675;12517;12899;3.80;0.23;384.16;20.51;1523;38;4427.00;382
10996;27;622225960;10996;673;12527;12911;3.88;0.24;384.13;20.49;1531;38;4428.00;384
11000;27;622225980;11000;677;12528;12911;3.84;0.23;384.18;20.50;1528;38;4429.00;383
11003;27;622225998;11003;680;12529;12911;3.82;0.23;384.24;20.49;1526;38;4430.00;382
11005;27;622226017;11005;680;12529;12911;3.79;0.23;384.26;20.49;1524;38;4431.00;382
11011;27;622226034;11011;679;12529;12911;3.78;0.23;384.33;20.49;1518;38;4432.00;382
11014;27;622226053;11014;676;12529;12911;3.77;0.23;384.51;20.49;1515;38;4433.00;382
11018;27;622226070;11018;666;12529;12912;3.75;0.23;384.44;20.49;1511;38;4434.00;383
11023;27;622226089;11023;665;12529;12912;3.70;0.23;384.58;20.49;1506;38;4435.00;383
11025;27;622226107;11025;674;12533;12918;3.75;0.23;384.74;20.49;1508;38;4436.00;385
11029;27;622226125;11029;676;12533;12919;3.72;0.23;384.71;20.49;1504;38;4437.00;386
11031;27;622226150;11031;679;12533;12919;3.70;0.23;384.72;20.49;1502;38;4438.00;386
11035;27;622226166;11035;682;12534;12919;3.69;0.22;384.68;20.49;1499;38;4439.00;385
11041;27;622226185;11041;683;12538;12924;3.67;0.22;384.75;20.48;1497;38;4440.00;386
11045;27;622226201;11045;683;12538;12924;3.64;0.22;384.74;20.48;1493;38;4441.00;386
11049;27;622226218;11049;690;12538;12924;3.62;0.22;384.92;20.48;1489;38;4442.00;386
11054;27;622226234;11054;700;12539;12925;3.59;0.22;384.91;20.48;1485;38;4443.00;386
11058;27;622226253;11058;712;12544;12929;3.50;0.21;384.95;20.48;1486;38;4444.00;385
11062;27;622226271;11062;717;12544;12929;3.41;0.21;384.91;20.48;1482;38;4445.00;385
11062;27;622226290;11062;718;12545;12932;3.39;0.21;384.91;20.48;1483;38;4446.00;387
11065;27;622226311;11065;720;12546;12932;3.31;0.20;384.92;20.48;1481;38;4447.00;386
11068;27;622226329;11068;734;12546;12932;3.23;0.20;384.86;20.48;1478;38;4448.00;386
11070;27;622226348;11070;739;12547;12932;3.19;0.19;384.85;20.48;1477;38;4449.00;385
11072;27;622226364;11072;750;12551;12936;3.15;0.19;384.85;20.48;1479;38;4450.00;385
11076;27;622226380;11076;755;12551;12936;3.09;0.19;384.82;20.48;1475;38;4451.00;385
11079;27;622226396;11079;760;12551;12936;3.04;0.19;384.78;20.48;1472;38;4452.00;385
11085;27;622226411;11085;759;12553;12936;2.98;0.18;384.75;20.48;1468;38;4453.00;383
11088;27;622226426;11088;752;12555;12937;2.93;0.18;384.74;20.48;1467;38;4454.00;382
11090;27;622226442;11090;765;12557;12939;2.92;0.18;384.72;20.48;1467;38;4455.00;382
11093;27;622226457;11093;767;12558;12939;2.88;0.18;384.64;20.48;1465;38;4456.00;381
11096;27;622226473;11096;771;12560;12940;2.87;0.18;384.61;20.48;1464;38;4457.00;380
11099;27;622226488;11099;784;12561;12940;2.86;0.17;384.58;20.48;1462;38;4458.00;379
11102;27;622226503;11102;785;12562;12940;2.84;0.17;384.55;20.48;1460;38;4459.00;378
11104;27;622226518;11104;786;12562;12940;2.82;0.17;384.53;20.48;1458;38;4460.00;378
11107;27;622226533;11107;786;12563;12940;2.80;0.17;384.48;20.48;1456;38;4461.00;377
11108;27;622226551;11108;791;12564;12940;2.79;0.17;384.49;20.48;1456;38;4462.00;376
11110;27;622226566;11110;791;12564;12940;2.76;0.17;384.46;20.48;1454;38;4463.00;376
11111;27;622226580;11111;813;12629;13067;3.13;0.20;384.43;20.37;1518;38;4464.00;438
11116;27;622226604;11116;805;12632;13068;3.08;0.19;384.50;20.37;1516;38;4465.00;436
11118;27;622226618;11118;804;12639;13068;3.09;0.19;384.46;20.36;1521;38;4466.00;429
11120;27;622226632;11120;793;12642;13068;3.07;0.19;384.44;20.35;1522;38;4467.00;426
11121;27;622226647;11121;793;12648;13068;3.09;0.19;384.45;20.35;1527;38;4468.00;420
11124;27;622226661;11124;788;12651;13068;3.10;0.19;384.48;20.34;1527;38;4469.00;417
11126;27;622226678;11126;791;12656;13068;3.11;0.19;384.47;20.34;1530;38;4470.00;412
11129;27;622226692;11129;794;12658;13068;3.08;0.19;384.55;20.33;1529;38;4471.00;410
11130;27;622226707;11130;799;12662;13069;3.10;0.19;384.56;20.33;1532;38;4472.00;407
11132;27;622226722;11132;794;12663;13070;3.06;0.19;384.56;20.33;1531;38;4473.00;407
11133;27;622226737;11133;801;12665;13070;3.04;0.19;384.53;20.33;1532;38;4474.00;405
11135;27;622226752;11135;798;12667;13071;3.03;0.19;384.61;20.33;1532;38;4475.00;404
11137;27;622226767;11137;783;12668;13071;3.04;0.19;384.66;20.33;1531;38;4476.00;403
11139;27;622226783;11139;773;12669;13071;3.08;0.19;384.65;20.33;1530;38;4477.00;402
11139;27;622226799;11139;762;12671;13071;3.15;0.19;384.65;20.32;1532;38;4478.00;400
11141;27;622226815;11141;748;12676;13075;3.22;0.20;384.68;20.32;1535;38;4479.00;399
11141;27;622226837;11141;747;12676;13075;3.28;0.20;384.68;20.32;1535;38;4480.00;399
11141;27;622226854;11141;727;12677;13075;3.36;0.21;384.68;20.32;1536;38;4481.00;398
11141;27;622226870;11141;712;12679;13078;3.47;0.21;384.68;20.32;1538;38;4482.00;399
11141;27;622226887;11141;701;12679;13078;3.59;0.22;384.68;20.32;1538;38;4483.00;399
11142;27;622226903;11142;701;12680;13078;3.64;0.22;384.75;20.32;1538;38;4484.00;398
11143;27;622226926;11143;690;12685;13082;3.71;0.23;384.80;20.31;1542;38;4485.00;397
11145;27;622226943;11145;681;12687;13083;3.78;0.23;384.73;20.31;1542;38;4486.00;396
11145;27;622226961;11145;675;12687;13083;3.87;0.24;384.73;20.31;1542;38;4487.00;396
11145;27;622226978;11145;671;12690;13087;3.95;0.24;384.73;20.31;1545;38;4488.00;397
11146;27;622226995;11146;664;12690;13087;3.98;0.24;384.70;20.31;1544;38;4489.00;397
11146;27;622227012;11146;667;12692;13087;4.04;0.25;384.70;20.31;1546;38;4490.00;395
11147;27;622227035;11147;667;12692;13088;4.09;0.25;384.68;20.31;1545;38;4491.00;396
11148;27;622227052;11148;665;12692;13088;4.14;0.25;384.67;20.31;1544;38;4492.00;396
11149;27;622227069;11149;665;12696;13094;4.18;0.26;384.67;20.30;1547;38;4493.00;398
11151;27;622227087;11151;665;12696;13094;4.24;0.26;384.71;20.30;1545;38;4494.00;398
11152;27;622227104;11152;663;12696;13095;4.29;0.26;384.73;20.30;1544;38;4495.00;399
11154;27;622227122;11154;666;12697;13095;4.32;0.26;384.94;20.30;1543;38;4496.00;398
11156;27;622227138;11156;664;12698;13095;4.34;0.27;384.90;20.30;1542;38;4497.00;397
11160;27;622227155;11160;671;12698;13095;4.39;0.27;385.02;20.30;1538;38;4498.00;397
11164;28;622227172;11164;666;12698;13095;4.41;0.27;385.09;20.30;1534;39;4499.00;397
11166;28;622227197;11166;678;12723;13145;4.49;0.28;385.16;20.26;1557;39;4500.00;422
11167;28;622227222;11167;666;12725;13147;4.55;0.28;385.21;20.26;1558;39;4501.00;422
11170;28;622227239;11170;666;12728;13147;4.59;0.28;385.25;20.26;1558;39;4502.00;419
11171;28;622227261;11171;666;12729;13147;4.60;0.28;385.23;20.26;1558;39;4503.00;418
11174;28;622227280;11174;662;12731;13147;4.63;0.28;385.26;20.26;1557;39;4504.00;416
11176;28;622227298;11176;660;12732;13147;4.63;0.28;385.38;20.26;1556;39;4505.00;415
11180;28;622227316;11180;668;12736;13151;4.61;0.28;385.38;20.25;1556;39;4506.00;415
11182;28;622227336;11182;672;12736;13151;4.62;0.28;385.50;20.25;1554;39;4507.00;415
11185;29;622227354;11185;678;12739;13155;4.64;0.28;385.46;20.25;1554;40;4508.00;416
11188;29;622227387;11188;680;12739;13156;4.66;0.28;385.55;20.25;1551;40;4509.00;417
11189;29;622227406;11189;675;12741;13156;4.68;0.29;385.60;20.25;1552;40;4510.00;415
11191;29;622227425;11191;663;12742;13156;4.66;0.28;385.70;20.33;1551;40;4511.00;414
11196;29;622227444;11196;659;12752;13169;4.65;0.28;385.75;20.31;1556;40;4512.00;417
11200;29;622227464;11200;652;12752;13169;4.63;0.28;385.85;20.31;1552;40;4513.00;417
11203;29;622227483;11203;650;12753;13169;4.60;0.28;385.90;20.31;1550;40;4514.00;416
11206;29;622227503;11206;641;12754;13170;4.62;0.28;385.92;20.31;1548;40;4515.00;416
11207;29;622227522;11207;642;12754;13171;4.65;0.28;385.97;20.31;1547;40;4516.00;417
11211;29;622227545;11211;641;12755;13171;4.69;0.29;386.02;20.31;1544;40;4517.00;416
11212;29;622227580;11212;644;12756;13174;4.74;0.29;386.05;20.31;1544;40;4518.00;418
11215;29;622227608;11215;637;12756;13174;4.75;0.29;386.15;20.31;1541;40;4519.00;418
11217;29;622227634;11217;630;12757;13174;4.76;0.29;386.25;20.31;1540;40;4520.00;417
11218;29;622227662;11218;618;12757;13174;4.77;0.29;386.31;20.31;1539;40;4521.00;417
11220;29;622227680;11220;615;12759;13180;4.74;0.29;386.42;20.31;1539;40;4522.00;421
11223;29;622227701;11223;615;12760;13180;4.69;0.29;386.53;20.31;1537;40;4523.00;420
11227;29;622227721;11227;619;12760;13180;4.64;0.28;386.55;20.31;1533;40;4524.00;420
11229;29;622227747;11229;621;12760;13180;4.60;0.28;386.65;20.31;1531;40;4525.00;420
11233;29;622227774;11233;619;12764;13184;4.53;0.27;386.80;20.30;1531;40;4526.00;420
11238;29;622227791;11238;627;12764;13185;4.48;0.27;386.77;20.30;1526;40;4527.00;421
11240;29;622227810;11240;623;12765;13185;4.44;0.27;386.82;20.30;1525;40;4528.00;420
11245;29;622227827;11245;625;12766;13186;4.38;0.27;386.79;20.30;1521;40;4529.00;420
11249;29;622227847;11249;626;12767;13186;4.36;0.26;386.73;20.30;1518;40;4530.00;419
11254;29;622227864;11254;631;12768;13186;4.32;0.26;386.88;20.30;1514;40;4531.00;418
11258;29;622227883;11258;635;12769;13186;4.30;0.26;386.92;20.30;1511;40;4532.00;417
11259;29;622227900;11259;631;12770;13186;4.29;0.26;386.91;20.30;1511;40;4533.00;416
11259;29;622227917;11259;639;12770;13186;4.28;0.26;386.91;20.30;1511;40;4534.00;416
11260;29;622227934;11260;648;12770;13186;4.27;0.26;386.96;20.30;1510;40;4535.00;416
11262;29;622227952;11262;653;12803;13256;4.37;0.27;386.93;20.25;1541;40;4536.00;453
11263;29;622227975;11263;650;12803;13257;4.40;0.27;387.05;20.25;1540;40;4537.00;454
11266;29;622227992;11266;651;12809;13257;4.41;0.27;386.97;20.25;1543;40;4538.00;448
11267;29;622228009;11267;648;12811;13257;4.42;0.27;387.02;20.25;1544;40;4539.00;446
11268;29;622228027;11268;647;12814;13257;4.42;0.27;387.12;20.24;1546;40;4540.00;443
11272;29;622228045;11272;647;12816;13257;4.41;0.27;387.39;20.24;1544;40;4541.00;441
11272;29;622228062;11272;654;12817;13257;4.41;0.27;387.39;20.24;1545;40;4542.00;440
11274;29;622228080;11274;659;12822;13257;4.42;0.27;387.51;20.24;1548;40;4543.00;435
11278;29;622228098;11278;659;12824;13258;4.41;0.27;387.69;20.24;1546;40;4544.00;434
11281;29;622228116;11281;662;12826;13260;4.40;0.27;387.75;20.23;1545;40;4545.00;434
11286;29;622228133;11286;673;12829;13260;4.36;0.27;388.06;20.23;1543;40;4546.00;431
11289;29;622228150;11289;676;12831;13264;4.35;0.26;388.10;20.23;1542;40;4547.00;433
11293;29;622228168;11293;687;12831;13264;4.30;0.26;388.24;20.23;1538;40;4548.00;433
11294;29;622228187;11294;686;12832;13264;4.28;0.26;388.34;20.23;1538;40;4549.00;432
11295;29;622228204;11295;689;12832;13264;4.22;0.26;388.37;20.23;1537;40;4550.00;432
11295;29;622228221;11295;685;12836;13270;4.23;0.26;388.37;20.22;1541;40;4551.00;434
11296;29;622228240;11296;693;12836;13270;4.22;0.26;388.35;20.22;1540;40;4552.00;434
11299;29;622228257;11299;693;12836;13270;4.23;0.26;388.47;20.22;1537;40;4553.00;434
11302;29;622228275;11302;679;12837;13273;4.25;0.26;388.51;20.22;1535;40;4554.00;436
11305;29;622228293;11305;677;12837;13273;4.26;0.26;388.56;20.22;1532;40;4555.00;436
11307;29;622228310;11307;682;12837;13273;4.28;0.26;388.61;20.22;1530;40;4556.00;436
11310;29;622228329;11310;686;12837;13274;4.29;0.26;388.60;20.22;1527;40;4557.00;437
11311;29;622228347;11311;678;12838;13275;4.31;0.26;388.57;20.22;1527;40;4558.00;437
11315;29;622228364;11315;679;12838;13275;4.32;0.26;388.54;20.22;1523;40;4559.00;437
11317;29;622228383;11317;690;12854;13301;4.35;0.26;388.60;20.20;1537;40;4560.00;447
11319;29;622228403;11319;680;12855;13301;4.34;0.26;388.64;20.19;1536;40;4561.00;446
11322;29;622228421;11322;684;12857;13301;4.35;0.26;388.60;20.19;1535;40;4562.00;444
11324;29;622228439;11324;687;12857;13302;4.35;0.26;388.62;20.19;1533;40;4563.00;445
11329;29;622228456;11329;693;12857;13302;4.31;0.26;388.71;20.19;1528;40;4564.00;445
11333;29;622228473;11333;695;12860;13306;4.26;0.26;388.77;20.19;1527;40;4565.00;446
11338;29;622228489;11338;697;12860;13306;4.17;0.25;388.92;20.19;1522;40;4566.00;446
11340;29;622228507;11340;695;12861;13310;4.09;0.25;388.93;20.18;1521;40;4567.00;449
11342;29;622228524;11342;705;12861;13310;4.00;0.24;388.98;20.18;1519;40;4568.00;449
11344;29;622228542;11344;701;12861;13310;3.96;0.24;388.99;20.18;1517;40;4569.00;449
11345;29;622228559;11345;701;12861;13310;3.92;0.24;389.07;20.18;1516;40;4570.00;449
11346;29;622228576;11346;704;12861;13310;3.89;0.24;389.17;20.18;1515;40;4571.00;449
11348;29;622228593;11348;713;12869;13322;3.88;0.24;389.27;20.17;1521;40;4572.00;453
11349;29;622228609;11349;713;12869;13322;3.84;0.23;389.37;20.17;1520;40;4573.00;453
11350;29;622228625;11350;711;12870;13322;3.82;0.23;389.40;20.17;1520;40;4574.00;452
11354;29;622228641;11354;708;12870;13322;3.79;0.23;389.62;20.17;1516;40;4575.00;452
11354;29;622228658;11354;700;12870;13322;3.77;0.23;389.62;20.17;1516;40;4576.00;452
11356;29;622228674;11356;695;12870;13322;3.75;0.23;389.69;20.17;1514;40;4577.00;452
11357;29;622228689;11357;696;12870;13323;3.76;0.23;389.67;20.17;1513;40;4578.00;453
11360;29;622228705;11360;702;12870;13323;3.72;0.23;389.72;20.17;1510;40;4579.00;453
11362;29;622228721;11362;701;12874;13329;3.69;0.23;389.85;20.17;1512;40;4580.00;455
11364;29;622228736;11364;698;12874;13330;3.66;0.22;389.88;20.17;1510;40;4581.00;456
11368;29;622228750;11368;700;12874;13330;3.61;0.22;390.02;20.17;1506;40;4582.00;456
11371;29;622228765;11371;699;12874;13330;3.56;0.22;390.20;20.17;1503;40;4583.00;456
11375;29;622228779;11375;705;12877;13334;3.53;0.22;390.26;20.16;1502;40;4584.00;457
11381;29;622228793;11381;710;12878;13334;3.45;0.21;390.21;20.16;1497;40;4585.00;456
11385;29;622228808;11385;711;12879;13334;3.37;0.21;390.35;20.16;1494;40;4586.00;455
11387;29;622228822;11387;708;12880;13335;3.29;0.20;390.36;20.16;1493;40;4587.00;455
11391;29;622228837;11391;718;12881;13339;3.21;0.20;390.42;20.16;1490;40;4588.00;458
11395;29;622228851;11395;723;12881;13339;3.10;0.19;390.42;20.16;1486;40;4589.00;458
11398;29;622228866;11398;709;12884;13345;3.06;0.19;390.46;20.16;1486;40;4590.00;461
11405;29;622228881;11405;717;12884;13345;2.97;0.18;390.45;20.16;1479;40;4591.00;461
11410;29;622228895;11410;717;12884;13345;2.92;0.18;390.52;20.16;1474;40;4592.00;461
11412;29;622228909;11412;716;12884;13345;2.93;0.18;390.49;20.16;1472;40;4593.00;461
11414;29;622228923;11414;715;12887;13349;2.95;0.18;390.48;20.15;1473;40;4594.00;462
11418;29;622228937;11418;714;12887;13349;2.96;0.18;390.55;20.15;1469;40;4595.00;462
11423;29;622228952;11423;715;12887;13349;2.97;0.18;390.48;20.15;1464;40;4596.00;462
11425;29;622228965;11425;718;12887;13349;2.97;0.18;390.50;20.15;1462;40;4597.00;462
11427;29;622228980;11427;712;12887;13350;2.96;0.18;390.49;20.15;1460;40;4598.00;463
11430;29;622228994;11430;707;12887;13351;2.94;0.18;390.53;20.15;1457;40;4599.00;464
11433;29;622229009;11433;699;12887;13351;2.91;0.18;390.48;20.15;1454;40;4600.00;464
11437;29;622229027;11437;687;12888;13352;2.89;0.18;390.46;20.15;1451;40;4601.00;464
11443;29;622229043;11443;695;12888;13352;2.87;0.18;390.36;20.15;1445;40;4602.00;464
11445;29;622229058;11445;686;12888;13352;2.91;0.18;390.34;20.15;1443;40;4603.00;464
11449;29;622229073;11449;683;12888;13352;2.94;0.18;390.27;20.15;1439;40;4604.00;464
11450;29;622229090;11450;681;12888;13352;2.97;0.18;390.26;20.15;1438;40;4605.00;464
11454;29;622229105;11454;675;12888;13352;3.00;0.18;390.22;20.15;1434;40;4606.00;464
11458;29;622229120;11458;663;12888;13352;3.03;0.19;390.16;20.15;1430;40;4607.00;464
11463;29;622229135;11463;668;12943;13479;3.47;0.22;390.05;20.07;1480;40;4608.00;536
11468;29;622229162;11468;670;12946;13480;3.48;0.22;389.95;20.06;1478;40;4609.00;534
11471;29;622229178;11471;676;12950;13480;3.46;0.22;389.93;20.06;1479;40;4610.00;530
11474;29;622229194;11474;672;12955;13480;3.44;0.21;389.92;20.05;1481;40;4611.00;525
11478;29;622229209;11478;676;12958;13480;3.43;0.21;389.91;20.05;1480;40;4612.00;522
11480;29;622229225;11480;673;12960;13480;3.40;0.21;389.97;20.04;1480;40;4613.00;520
11484;29;622229239;11484;666;12964;13480;3.40;0.21;389.95;20.04;1480;40;4614.00;516
11488;29;622229255;11488;673;12968;13480;3.41;0.21;390.00;20.03;1480;40;4615.00;512
11492;29;622229271;11492;673;12970;13481;3.39;0.21;389.98;20.03;1478;40;4616.00;511
11497;29;622229287;11497;673;12972;13482;3.36;0.21;390.02;20.03;1475;40;4617.00;510
11500;29;622229303;11500;689;12973;13482;3.32;0.21;390.01;20.03;1473;40;4618.00;509
11502;29;622229318;11502;691;12975;13483;3.31;0.20;390.00;20.03;1473;40;4619.00;508
11504;29;622229337;11504;694;12977;13483;3.28;0.20;389.99;20.03;1473;40;4620.00;506
11506;29;622229352;11506;703;12980;13483;3.24;0.20;389.94;20.12;1474;40;4621.00;503
11511;29;622229368;11511;705;12981;13483;3.18;0.20;389.90;20.13;1470;40;4622.00;502
11514;29;622229384;11514;710;12985;13487;3.14;0.19;389.89;20.14;1471;40;4623.00;502
11514;29;622229401;11514;704;12986;13487;3.12;0.19;389.89;20.14;1472;40;4624.00;501
11519;29;622229416;11519;706;12987;13487;3.11;0.19;389.85;20.15;1468;40;4625.00;500
11520;29;622229432;11520;697;12990;13490;3.12;0.19;389.82;20.16;1470;40;4626.00;500
11522;29;622229447;11522;686;12992;13490;3.09;0.19;389.84;20.17;1470;40;4627.00;498
11525;29;622229463;11525;677;12993;13490;3.07;0.19;389.83;20.16;1468;40;4628.00;497
11530;29;622229479;11530;675;12995;13494;3.06;0.19;389.74;20.17;1465;40;4629.00;499
11533;29;622229495;11533;668;12997;13495;3.09;0.19;389.73;20.18;1464;40;4630.00;498
11537;29;622229511;11537;666;12998;13495;3.09;0.19;389.69;20.18;1461;40;4631.00;497
11539;29;622229527;11539;657;13002;13499;3.15;0.19;389.72;20.18;1463;40;4632.00;497
11541;29;622229547;11541;655;13003;13499;3.15;0.19;389.73;20.19;1462;40;4633.00;496
11545;29;622229584;11545;652;13004;13499;3.18;0.19;389.64;20.19;1459;40;4634.00;495
11546;29;622229609;11546;649;13006;13501;3.19;0.19;389.62;20.21;1460;40;4635.00;495
11547;29;622229631;11547;656;13006;13501;3.22;0.20;389.63;20.21;1459;40;4636.00;495
11550;29;622229654;11550;646;13011;13507;3.21;0.20;389.63;20.21;1461;40;4637.00;496
11550;29;622229675;11550;642;13012;13507;3.23;0.20;389.63;20.21;1462;40;4638.00;495
11554;29;622229693;11554;643;13015;13508;3.24;0.20;389.57;20.23;1461;40;4639.00;493
11555;29;622229710;11555;635;13016;13508;3.24;0.20;389.57;20.23;1461;40;4640.00;492
11557;29;622229727;11557;633;13019;13508;3.21;0.20;389.54;20.33;1462;40;4641.00;489
11559;29;622229745;11559;640;13020;13508;3.17;0.19;389.52;20.33;1461;40;4642.00;488
11561;29;622229761;11561;643;13021;13508;3.14;0.19;389.51;20.34;1460;40;4643.00;487
11561;29;622229778;11561;647;13030;13520;3.23;0.20;389.51;20.33;1469;40;4644.00;490
11562;29;622229794;11562;651;13032;13520;3.24;0.20;389.56;20.34;1470;40;4645.00;488
11562;29;622229811;11562;640;13034;13520;3.27;0.20;389.56;20.35;1472;40;4646.00;486
11565;29;622229826;11565;628;13036;13520;3.30;0.20;389.55;20.35;1471;40;4647.00;484
11565;29;622229844;11565;623;13036;13520;3.36;0.21;389.55;20.35;1471;40;4648.00;484
11569;29;622229860;11569;613;13037;13520;3.40;0.21;389.68;20.36;1468;40;4649.00;483
11573;29;622229878;11573;612;13040;13526;3.45;0.21;389.67;20.36;1467;40;4650.00;486
11574;29;622229903;11574;596;13041;13526;3.52;0.21;389.67;20.36;1467;40;4651.00;485
11576;29;622229921;11576;595;13046;13530;3.56;0.22;389.83;20.37;1470;40;4652.00;484
11577;29;622229939;11577;590;13046;13531;3.58;0.22;389.80;20.37;1469;40;4653.00;485
11580;29;622229957;11580;588;13048;13531;3.57;0.22;389.83;20.37;1468;40;4654.00;483
11582;29;622229975;11582;589;13049;13531;3.54;0.22;389.82;20.37;1467;40;4655.00;482
11584;29;622229991;11584;587;13062;13544;3.60;0.22;389.87;20.44;1478;41;4656.00;482
11584;29;622230021;11584;587;13062;13544;3.60;0.22;389.87;20.44;1478;41;4657.00;482
11588;29;622230042;11588;583;13063;13544;3.59;0.22;390.00;20.44;1475;41;4658.00;481
11591;29;622230062;11591;582;13065;13545;3.62;0.22;390.08;20.44;1474;41;4659.00;480
11593;29;622230081;11593;574;13067;13546;3.68;0.22;390.13;20.45;1474;41;4660.00;479
11597;29;622230099;11597;579;13067;13546;3.72;0.23;390.14;20.45;1470;41;4661.00;479
11599;29;622230115;11599;576;13069;13549;3.76;0.23;390.24;20.45;1470;41;4662.00;480
11600;29;622230133;11600;584;13071;13549;3.78;0.23;390.21;20.46;1471;41;4663.00;478
11602;29;622230150;11602;580;13071;13549;3.80;0.23;390.29;20.46;1469;41;4664.00;478
11604;29;622230167;11604;589;13071;13549;3.83;0.23;390.39;20.46;1467;41;4665.00;478
11606;29;622230183;11606;594;13076;13555;3.88;0.23;390.49;20.46;1470;41;4666.00;479
11609;29;622230201;11609;596;13078;13555;3.93;0.24;390.57;20.46;1469;41;4667.00;477
11612;29;622230217;11612;607;13079;13555;3.93;0.24;390.72;20.54;1467;41;4668.00;476
11614;29;622230234;11614;609;13080;13555;3.96;0.24;390.70;20.55;1466;41;4669.00;475
11615;29;622230250;11615;608;13081;13559;3.97;0.24;390.80;20.55;1466;41;4670.00;478
11616;29;622230268;11616;615;13081;13560;3.99;0.24;390.87;20.55;1465;41;4671.00;479
11618;29;622230286;11618;610;13082;13560;4.01;0.24;390.85;20.55;1464;41;4672.00;478
11619;29;622230302;11619;610;13083;13561;4.08;0.25;390.90;20.55;1464;41;4673.00;478
11620;29;622230318;11620;619;13084;13561;4.11;0.25;391.01;20.55;1464;41;4674.00;477
11623;29;622230335;11623;621;13085;13561;4.10;0.25;391.01;20.56;1462;41;4675.00;476
11625;29;622230352;11625;626;13086;13561;4.11;0.25;391.03;20.64;1461;41;4676.00;475
11627;29;622230369;11627;631;13087;13561;4.11;0.25;391.02;20.64;1460;41;4677.00;474
11630;29;622230385;11630;635;13087;13561;4.13;0.25;391.16;20.64;1457;41;4678.00;474
11632;29;622230402;11632;639;13087;13561;4.18;0.25;391.15;20.64;1455;41;4679.00;474
11635;29;622230420;11635;647;13144;13686;4.27;0.26;391.27;20.55;1509;41;4680.00;542
11638;29;622230448;11638;639;13145;13687;4.30;0.26;391.28;20.55;1507;41;4681.00;542
11642;29;622230466;11642;617;13150;13687;4.32;0.26;391.33;20.76;1508;42;4682.00;537
11645;29;622230496;11645;611;13154;13687;4.38;0.27;391.29;20.76;1509;42;4683.00;533
11647;29;622230514;11647;611;13156;13687;4.44;0.27;391.45;20.76;1509;42;4684.00;531
11650;29;622230531;11650;616;13159;13687;4.49;0.27;391.46;20.84;1509;42;4685.00;528
11652;29;622230549;11652;614;13161;13687;4.56;0.28;391.49;20.83;1509;42;4686.00;526
11658;29;622230566;11658;615;13163;13687;4.55;0.28;391.49;20.83;1505;42;4687.00;524
11660;29;622230584;11660;618;13165;13688;4.58;0.28;391.53;20.83;1505;42;4688.00;523
11663;29;622230602;11663;618;13166;13689;4.58;0.28;391.59;20.83;1503;43;4689.00;523
11664;29;622230623;11664;615;13167;13689;4.56;0.28;391.60;20.83;1503;43;4690.00;522
11666;29;622230639;11666;619;13170;13693;4.57;0.28;391.58;20.83;1504;43;4691.00;523
11670;29;622230657;11670;622;13170;13693;4.53;0.28;391.57;20.83;1500;43;4692.00;523
11671;29;622230674;11671;613;13170;13693;4.49;0.27;391.67;20.83;1499;43;4693.00;523
11672;29;622230689;11672;610;13170;13693;4.47;0.27;391.67;20.83;1498;43;4694.00;523
11674;29;622230706;11674;615;13172;13699;4.48;0.27;391.82;20.82;1498;43;4695.00;527
11674;29;622230722;11674;610;13172;13699;4.49;0.27;391.82;20.82;1498;43;4696.00;527
11674;29;622230739;11674;602;13174;13699;4.50;0.28;391.82;20.83;1500;43;4697.00;525
11675;29;622230755;11675;593;13175;13702;4.52;0.28;391.92;20.83;1500;43;4698.00;527
11677;29;622230771;11677;596;13175;13702;4.50;0.27;392.03;20.83;1498;43;4699.00;527
11678;29;622230789;11678;601;13176;13702;4.49;0.27;392.03;20.83;1498;43;4700.00;526
11681;29;622230809;11681;599;13176;13703;4.46;0.27;392.09;20.83;1495;43;4701.00;527
11683;29;622230826;11683;602;13177;13704;4.44;0.27;392.08;20.83;1494;43;4702.00;527
11689;29;622230842;11689;607;13177;13704;4.37;0.27;392.11;20.83;1488;43;4703.00;527
11694;29;622230858;11694;625;13186;13717;4.32;0.26;392.32;20.82;1492;43;4704.00;531
11696;29;622230876;11696;628;13188;13717;4.30;0.26;392.26;20.82;1492;43;4705.00;529
11697;29;622230893;11697;623;13190;13717;4.29;0.26;392.29;20.83;1493;43;4706.00;527
11698;29;622230909;11698;623;13190;13718;4.26;0.26;392.35;20.83;1492;43;4707.00;528
11701;29;622230924;11701;637;13190;13718;4.22;0.26;392.31;20.83;1489;43;4708.00;528
11704;29;622230942;11704;646;13192;13722;4.20;0.26;392.31;20.82;1488;43;4709.00;530
11708;29;622230960;11708;655;13193;13722;4.19;0.26;392.44;20.82;1485;43;4710.00;529
11711;29;622230977;11711;659;13195;13726;4.13;0.25;392.60;20.82;1484;43;4711.00;531
11716;29;622230993;11716;672;13196;13726;4.07;0.25;392.65;20.82;1480;43;4712.00;530
11717;29;622231008;11717;672;13196;13726;4.06;0.25;392.63;20.82;1479;43;4713.00;530
11719;29;622231025;11719;676;13197;13726;4.07;0.25;392.63;20.82;1478;43;4714.00;529
11722;29;622231040;11722;685;13198;13726;4.08;0.25;392.78;20.82;1476;43;4715.00;528
11723;29;622231056;11723;682;13206;13738;4.13;0.25;392.87;20.81;1483;43;4716.00;532
11726;29;622231073;11726;685;13207;13738;4.09;0.25;393.05;20.81;1481;43;4717.00;531
11729;29;622231089;11729;680;13208;13738;4.04;0.25;393.08;20.81;1479;43;4718.00;530
11732;29;622231104;11732;685;13208;13738;3.98;0.24;393.30;20.81;1476;43;4719.00;530
11735;29;622231120;11735;691;13208;13738;3.97;0.24;393.34;20.81;1473;43;4720.00;530
11736;29;622231135;11736;693;13208;13738;3.92;0.24;393.37;20.81;1472;43;4721.00;530
11738;29;622231151;11738;707;13208;13739;3.91;0.24;393.42;20.81;1470;43;4722.00;531
11740;29;622231167;11740;710;13208;13739;3.89;0.24;393.57;20.81;1468;43;4723.00;531
11740;29;622231181;11740;718;13211;13745;3.88;0.24;393.57;20.81;1471;43;4724.00;534
11745;29;622231197;11745;720;13211;13747;3.81;0.23;393.57;20.81;1466;43;4725.00;536
11745;29;622231212;11745;725;13211;13747;3.79;0.23;393.57;20.81;1466;43;4726.00;536
11747;29;622231227;11747;719;13211;13747;3.74;0.23;393.64;20.81;1464;43;4727.00;536
11749;29;622231242;11749;728;13214;13751;3.72;0.23;393.65;20.80;1465;43;4728.00;537
11749;29;622231257;11749;725;13214;13751;3.73;0.23;393.65;20.80;1465;43;4729.00;537
11753;29;622231272;11753;732;13214;13751;3.71;0.23;393.74;20.80;1461;43;4730.00;537
11756;29;622231287;11756;746;13215;13752;3.69;0.23;393.76;20.80;1459;43;4731.00;537
11758;29;622231301;11758;745;13216;13756;3.70;0.23;393.89;20.80;1458;43;4732.00;540
11758;29;622231317;11758;753;13216;13756;3.73;0.23;393.89;20.80;1458;43;4733.00;540
11758;29;622231332;11758;748;13217;13759;3.77;0.23;393.89;20.80;1459;43;4734.00;542
11758;29;622231347;11758;756;13217;13759;3.76;0.23;393.89;20.80;1459;43;4735.00;542
11762;29;622231361;11762;756;13217;13759;3.72;0.23;394.01;20.80;1455;43;4736.00;542
11763;29;622231376;11763;752;13217;13759;3.73;0.23;394.10;20.80;1454;43;4737.00;542
11768;29;622231390;11768;750;13219;13763;3.71;0.23;394.19;20.79;1451;43;4738.00;544
11771;29;622231405;11771;743;13219;13763;3.68;0.23;394.25;20.79;1448;43;4739.00;544
11773;29;622231421;11773;742;13219;13763;3.66;0.22;394.35;20.79;1446;43;4740.00;544
11774;29;622231435;11774;731;13219;13763;3.64;0.22;394.38;20.79;1445;43;4741.00;544
11778;29;622231455;11778;732;13219;13764;3.61;0.22;394.35;20.79;1441;43;4742.00;545
11778;29;622231471;11778;727;13219;13765;3.64;0.22;394.35;20.79;1441;43;4743.00;546
11782;29;622231485;11782;725;13219;13765;3.61;0.22;394.32;20.79;1437;43;4744.00;546
11786;29;622231499;11786;721;13220;13766;3.60;0.22;394.35;20.79;1434;43;4745.00;546
11787;29;622231514;11787;723;13220;13766;3.61;0.22;394.36;20.79;1433;43;4746.00;546
11788;29;622231528;11788;723;13220;13766;3.65;0.22;394.35;20.79;1432;43;4747.00;546
11790;29;622231543;11790;717;13220;13766;3.66;0.22;394.30;20.79;1430;43;4748.00;546
11797;29;622231569;11797;719;13220;13766;3.65;0.22;394.36;20.79;1423;43;4749.00;546
11799;29;622231594;11799;716;13220;13766;3.66;0.22;394.37;20.79;1421;43;4750.00;546
11801;29;622231615;11801;715;13220;13766;3.66;0.22;394.40;20.79;1419;43;4751.00;546
11804;29;622231636;11804;720;13275;13893;3.97;0.25;394.34;20.71;1471;43;4752.00;618
11808;29;622231667;11808;716;13276;13894;3.92;0.24;394.41;20.71;1468;43;4753.00;618
11811;29;622231684;11811;701;13284;13894;3.97;0.25;394.42;20.69;1473;43;4754.00;610
11817;29;622231700;11817;706;13291;13894;3.94;0.24;394.41;20.71;1474;43;4755.00;603
11817;29;622231718;11817;702;13295;13894;3.93;0.24;394.41;20.70;1478;43;4756.00;599
11821;29;622231732;11821;698;13298;13894;3.81;0.24;394.35;20.70;1477;43;4757.00;596
11824;29;622231748;11824;699;13299;13894;3.74;0.23;394.34;20.70;1475;43;4758.00;595
11827;29;622231764;11827;699;13301;13894;3.67;0.23;394.31;20.69;1474;43;4759.00;593
11829;29;622231779;11829;689;13304;13895;3.66;0.23;394.31;20.69;1475;43;4760.00;591
11832;29;622231797;11832;676;13305;13896;3.67;0.23;394.32;20.69;1473;43;4761.00;591
11835;29;622231813;11835;678;13306;13896;3.60;0.22;394.32;20.69;1471;43;4762.00;590
11839;29;622231828;11839;675;13307;13897;3.53;0.22;394.27;20.69;1468;43;4763.00;590
11841;29;622231849;11841;681;13308;13897;3.48;0.21;394.25;20.69;1467;43;4764.00;589
11843;29;622231865;11843;688;13310;13897;3.40;0.21;394.27;20.69;1467;43;4765.00;587
11846;29;622231882;11846;700;13311;13897;3.32;0.20;394.31;20.69;1465;43;4766.00;586
11849;29;622231901;11849;702;13314;13901;3.25;0.20;394.32;20.69;1465;43;4767.00;587
11851;29;622231925;11851;696;13314;13901;3.19;0.20;394.32;20.69;1463;43;4768.00;587
11854;29;622231941;11854;700;13315;13901;3.07;0.19;394.34;20.69;1461;43;4769.00;586
11856;29;622231958;11856;708;13316;13907;3.04;0.19;394.34;20.68;1460;43;4770.00;591
11858;29;622231975;11858;703;13316;13907;3.01;0.18;394.34;20.68;1458;43;4771.00;591
11861;29;622231990;11861;708;13316;13907;2.99;0.18;394.40;20.68;1455;43;4772.00;591
11862;29;622232006;11862;709;13318;13911;2.99;0.18;394.41;20.68;1456;43;4773.00;593
11865;29;622232026;11865;709;13319;13912;2.97;0.18;394.36;20.68;1454;43;4774.00;593
11868;29;622232042;11868;711;13320;13912;2.97;0.18;394.31;20.68;1452;43;4775.00;592
11872;29;622232057;11872;713;13323;13916;2.99;0.18;394.25;20.68;1451;43;4776.00;593
11873;29;622232076;11873;718;13324;13916;3.06;0.19;394.23;20.68;1451;43;4777.00;592
11875;29;622232093;11875;714;13325;13916;3.05;0.19;394.21;20.69;1450;43;4778.00;591
11877;29;622232111;11877;704;13326;13917;3.07;0.19;394.17;20.69;1449;43;4779.00;591
11878;29;622232129;11878;686;13327;13917;3.15;0.19;394.15;20.77;1449;43;4780.00;590
11883;29;622232149;11883;671;13330;13923;3.17;0.19;394.10;20.77;1447;43;4781.00;593
11885;29;622232170;11885;670;13331;13923;3.20;0.20;394.11;20.77;1446;43;4782.00;592
11887;29;622232191;11887;663;13331;13924;3.23;0.20;394.06;20.77;1444;43;4783.00;593
11893;29;622232210;11893;659;13331;13924;3.27;0.20;394.03;20.77;1438;43;4784.00;593
11893;29;622232227;11893;658;13332;13924;3.32;0.20;394.03;20.77;1439;43;4785.00;592
11897;29;622232243;11897;656;13332;13924;3.34;0.20;394.04;20.77;1435;43;4786.00;592
11899;29;622232260;11899;648;13332;13924;3.38;0.21;394.02;20.77;1433;43;4787.00;592
11901;29;622232276;11901;658;13339;13936;3.45;0.21;393.98;20.76;1438;43;4788.00;597
11905;29;622232306;11905;666;13340;13936;3.44;0.21;393.92;20.77;1435;43;4789.00;596
11905;29;622232323;11905;666;13341;13936;3.49;0.21;393.92;20.77;1436;43;4790.00;595
11909;29;622232339;11909;669;13341;13936;3.51;0.21;393.92;20.77;1432;43;4791.00;595
11914;29;622232356;11914;671;13341;13936;3.52;0.22;394.03;20.77;1427;43;4792.00;595
11915;29;622232373;11915;667;13341;13936;3.55;0.22;394.09;20.77;1426;43;4793.00;595
11920;29;622232388;11920;668;13342;13940;3.57;0.22;394.15;20.76;1422;43;4794.00;598
11922;29;622232404;11922;669;13342;13940;3.57;0.22;394.20;20.76;1420;43;4795.00;598
11924;29;622232420;11924;670;13344;13944;3.61;0.22;394.18;20.76;1420;43;4796.00;600
11926;29;622232436;11926;669;13344;13945;3.64;0.22;394.19;20.76;1418;43;4797.00;601
11928;29;622232452;11928;661;13344;13945;3.71;0.23;394.19;20.76;1416;43;4798.00;601
11930;29;622232468;11930;663;13344;13945;3.76;0.23;394.33;20.76;1414;43;4799.00;601
11933;29;622232487;11933;665;13366;13986;3.89;0.24;394.33;20.74;1433;43;4800.00;620
11939;29;622232511;11939;663;13366;13986;3.92;0.24;394.28;20.74;1427;43;4801.00;620
11941;29;622232527;11941;654;13368;13986;3.97;0.24;394.29;20.74;1427;43;4802.00;618
11944;29;622232544;11944;651;13370;13987;4.01;0.24;394.31;20.74;1426;43;4803.00;617
11948;29;622232568;11948;651;13370;13988;4.03;0.25;394.28;20.74;1422;43;4804.00;618
11949;29;622232584;11949;656;13370;13988;4.07;0.25;394.28;20.74;1421;43;4805.00;618
11954;29;622232600;11954;650;13373;13991;4.04;0.25;394.43;20.75;1419;43;4806.00;618
11957;29;622232615;11957;647;13373;13991;4.02;0.25;394.45;20.75;1416;43;4807.00;618
11962;29;622232631;11962;645;13373;13991;4.03;0.25;394.47;20.75;1411;43;4808.00;618
11964;29;622232647;11964;641;13374;13991;4.01;0.24;394.49;20.74;1410;43;4809.00;617
11967;29;622232662;11967;637;13377;13997;4.02;0.25;394.53;20.74;1410;43;4810.00;620
11969;29;622232679;11969;638;13377;13997;4.03;0.25;394.55;20.74;1408;43;4811.00;620
11971;29;622232695;11971;645;13379;13997;4.05;0.25;394.60;20.74;1408;43;4812.00;618
11975;29;622232717;11975;641;13380;13997;4.05;0.25;394.72;20.75;1405;43;4813.00;617
11981;29;622232739;11981;638;13382;14001;4.03;0.24;394.96;20.75;1401;43;4814.00;619
11986;29;622232757;11986;642;13383;14003;4.02;0.24;395.12;20.75;1397;43;4815.00;620
11989;29;622232775;11989;618;13383;14003;4.07;0.25;395.12;20.75;1394;43;4816.00;620
11992;29;622232792;11992;616;13384;14004;4.09;0.25;395.22;20.75;1392;43;4817.00;620
11994;29;622232807;11994;602;13384;14004;4.12;0.25;395.27;20.75;1390;43;4818.00;620
11997;29;622232831;11997;600;13384;14004;4.15;0.25;395.43;20.75;1387;43;4819.00;620
12001;29;622232854;12001;589;13385;14004;4.14;0.25;395.38;20.75;1384;43;4820.00;619
12004;29;622232870;12004;583;13386;14004;4.15;0.25;395.51;20.75;1382;43;4821.00;618
12006;29;622232886;12006;581;13387;14004;4.20;0.25;395.53;20.76;1381;43;4822.00;617
12008;29;622232903;12008;585;13387;14004;4.21;0.26;395.63;20.76;1379;43;4823.00;617
12011;29;622232917;12011;589;13428;14074;4.28;0.26;395.66;20.71;1417;43;4824.00;646
12013;29;622232939;12013;587;13429;14075;4.29;0.26;395.76;20.73;1416;43;4825.00;646
12015;29;622232955;12015;590;13433;14075;4.36;0.27;395.75;20.75;1418;43;4826.00;642
12017;29;622232972;12017;586;13436;14075;4.40;0.27;395.81;20.75;1419;43;4827.00;639
12018;29;622232987;12018;580;13439;14077;4.43;0.27;395.81;20.76;1421;43;4828.00;638
12018;29;622233003;12018;570;13440;14077;4.46;0.27;395.81;20.76;1422;43;4829.00;637
12021;29;622233021;12021;570;13442;14077;4.48;0.27;395.92;20.75;1421;43;4830.00;635
12023;29;622233037;12023;568;13445;14077;4.52;0.27;395.88;20.76;1422;43;4831.00;632
12027;29;622233052;12027;575;13447;14078;4.51;0.27;396.02;20.76;1420;43;4832.00;631
12029;29;622233074;12029;571;13449;14079;4.53;0.28;396.03;20.77;1420;43;4833.00;630
12030;29;622233090;12030;572;13451;14079;4.57;0.28;396.16;20.77;1421;43;4834.00;628
12034;29;622233105;12034;571;13453;14083;4.57;0.28;396.26;20.78;1419;43;4835.00;630
12036;29;622233120;12036;575;13453;14083;4.58;0.28;396.35;20.78;1417;43;4836.00;630
12038;29;622233136;12038;581;13454;14083;4.59;0.28;396.40;20.80;1416;43;4837.00;629
12040;29;622233151;12040;591;13455;14083;4.59;0.28;396.45;20.79;1415;43;4838.00;628
12041;29;622233167;12041;590;13460;14089;4.60;0.28;396.46;20.80;1419;43;4839.00;629
12043;29;622233189;12043;593;13460;14089;4.60;0.28;396.44;20.80;1417;43;4840.00;629
12045;29;622233204;12045;596;13461;14089;4.57;0.28;396.49;20.81;1416;43;4841.00;628
12045;29;622233220;12045;591;13463;14092;4.53;0.28;396.49;20.82;1418;43;4842.00;629
12048;29;622233236;12048;603;13463;14092;4.46;0.27;396.55;20.82;1415;43;4843.00;629
12051;29;622233252;12051;606;13463;14092;4.46;0.27;396.63;20.82;1412;43;4844.00;629
12053;29;622233267;12053;614;13464;14093;4.46;0.27;396.71;20.83;1411;43;4845.00;629
12057;29;622233282;12057;610;13465;14094;4.47;0.27;396.84;20.83;1408;43;4846.00;629
12061;29;622233298;12061;615;13465;14094;4.44;0.27;396.88;20.83;1404;43;4847.00;629
12064;29;622233313;12064;621;13476;14107;4.45;0.27;396.97;20.83;1412;43;4848.00;631
12067;29;622233330;12067;618;13476;14107;4.47;0.27;397.22;20.83;1409;43;4849.00;631
12068;29;622233345;12068;605;13476;14107;4.47;0.27;397.21;20.83;1408;43;4850.00;631
12072;29;622233361;12072;599;13476;14108;4.47;0.27;397.34;20.83;1404;43;4851.00;632
12075;29;622233376;12075;581;13477;14108;4.50;0.27;397.32;20.92;1402;43;4852.00;631
12076;29;622233393;12076;573;13479;14112;4.56;0.28;397.31;20.92;1403;43;4853.00;633
12077;29;622233409;12077;556;13480;14112;4.59;0.28;397.36;20.93;1403;43;4854.00;632
12078;29;622233424;12078;552;13481;14116;4.62;0.28;397.36;20.93;1403;43;4855.00;635
12084;29;622233440;12084;543;13481;14116;4.65;0.28;397.47;20.93;1397;43;4856.00;635
12085;29;622233455;12085;532;13481;14116;4.68;0.28;397.48;20.93;1396;43;4857.00;635
12087;29;622233471;12087;528;13481;14116;4.69;0.28;397.63;20.93;1394;43;4858.00;635
12089;29;622233485;12089;519;13481;14116;4.74;0.29;397.70;20.93;1392;43;4859.00;635
12090;29;622233502;12090;520;13495;14150;4.83;0.29;397.70;20.90;1405;43;4860.00;655
12092;29;622233520;12092;510;13495;14150;4.80;0.29;397.83;20.90;1403;43;4861.00;655
12097;29;622233535;12097;502;13499;14150;4.79;0.29;398.02;20.90;1402;43;4862.00;651
12100;29;622233556;12100;502;13501;14150;4.83;0.29;398.20;20.91;1401;43;4863.00;649
12104;30;622233582;12104;498;13502;14150;4.84;0.29;398.35;20.91;1398;44;4864.00;648
12105;30;622233618;12105;504;13502;14150;4.88;0.30;398.36;20.91;1397;44;4865.00;648
12109;30;622233649;12109;512;13502;14151;4.91;0.30;398.46;20.91;1393;44;4866.00;649
12111;30;622233672;12111;513;13502;14151;4.91;0.30;398.58;20.91;1391;44;4867.00;649
12116;30;622233691;12116;514;13507;14157;4.87;0.30;398.72;21.01;1391;44;4868.00;650
12118;30;622233721;12118;514;13507;14158;4.85;0.30;398.71;21.01;1389;44;4869.00;651
12125;30;622233738;12125;518;13507;14158;4.75;0.29;398.89;21.01;1382;44;4870.00;651
12127;30;622233756;12127;516;13507;14158;4.65;0.28;398.90;21.01;1380;44;4871.00;651
12129;30;622233777;12129;518;13510;14162;4.61;0.28;398.88;21.00;1381;44;4872.00;652
12132;30;622233794;12132;517;13511;14162;4.61;0.28;398.95;21.00;1379;44;4873.00;651
12137;30;622233811;12137;517;13512;14162;4.56;0.28;399.09;21.00;1375;44;4874.00;650
12138;30;622233826;12138;521;13513;14163;4.57;0.28;399.10;21.00;1375;44;4875.00;650
12142;30;622233844;12142;524;13514;14167;4.55;0.28;399.08;21.00;1372;44;4876.00;653
12144;30;622233859;12144;522;13514;14167;4.53;0.28;399.15;21.00;1370;44;4877.00;653
12147;30;622233875;12147;527;13516;14170;4.52;0.27;399.10;21.00;1369;44;4878.00;654
12151;30;622233892;12151;531;13516;14170;4.49;0.27;399.11;21.00;1365;44;4879.00;654
12152;30;622233908;12152;534;13517;14170;4.50;0.27;399.10;21.00;1365;44;4880.00;653
12155;30;622233925;12155;535;13517;14170;4.48;0.27;399.08;21.00;1362;44;4881.00;653
12155;30;622233941;12155;539;13520;14174;4.50;0.27;399.08;20.99;1365;44;4882.00;654
12158;30;622233957;12158;540;13520;14174;4.49;0.27;399.06;20.99;1362;44;4883.00;654
12159;30;622233973;12159;555;13520;14174;4.44;0.27;399.10;20.99;1361;44;4884.00;654
12162;30;622233989;12162;559;13520;14174;4.45;0.27;399.20;20.99;1358;44;4885.00;654
12163;30;622234004;12163;556;13520;14175;4.46;0.27;399.25;20.99;1357;44;4886.00;655
12166;30;622234020;12166;559;13520;14176;4.43;0.27;399.43;20.99;1354;44;4887.00;656
12166;30;622234035;12166;563;13520;14176;4.41;0.27;399.43;20.99;1354;44;4888.00;656
12171;30;622234051;12171;565;13521;14177;4.35;0.26;399.70;20.99;1350;44;4889.00;656
12173;30;622234069;12173;570;13521;14177;4.32;0.26;399.73;20.99;1348;44;4890.00;656
12173;30;622234085;12173;576;13521;14177;4.30;0.26;399.73;20.99;1348;44;4891.00;656
12177;30;622234100;12177;584;13521;14177;4.25;0.26;399.79;20.99;1344;44;4892.00;656
12178;30;622234114;12178;592;13521;14177;4.24;0.26;399.82;20.99;1343;44;4893.00;656
12181;30;622234128;12181;592;13521;14177;4.21;0.26;399.90;20.99;1340;44;4894.00;656
12183;30;622234143;12183;595;13521;14177;4.19;0.26;399.95;20.99;1338;44;4895.00;656
12186;30;622234157;12186;605;13578;14304;4.46;0.28;399.90;20.90;1392;44;4896.00;726
12187;30;622234181;12187;605;13582;14305;4.46;0.28;399.93;20.90;1395;44;4897.00;723
12189;30;622234196;12189;605;13590;14305;4.48;0.28;399.94;20.89;1401;44;4898.00;715
12189;30;622234211;12189;604;13593;14305;4.50;0.28;399.94;20.88;1404;44;4899.00;712
12190;30;622234227;12190;602;13597;14305;4.52;0.28;399.97;20.88;1407;44;4900.00;708
12192;30;622234245;12192;605;13599;14305;4.49;0.28;399.98;20.88;1407;44;4901.00;706
12195;30;622234261;12195;604;13600;14305;4.43;0.27;399.97;20.87;1405;44;4902.00;705
12198;30;622234277;12198;605;13602;14305;4.44;0.27;399.97;20.87;1404;44;4903.00;703
12200;30;622234292;12200;610;13603;14306;4.43;0.27;399.92;20.87;1403;44;4904.00;703
12203;30;622234307;12203;609;13605;14308;4.43;0.27;399.87;20.87;1402;44;4905.00;703
12205;30;622234322;12205;606;13606;14308;4.40;0.27;399.88;20.87;1401;44;4906.00;702
12205;30;622234336;12205;605;13607;14309;4.36;0.27;399.88;20.87;1402;44;4907.00;702
12208;30;622234351;12208;610;13608;14309;4.31;0.27;399.85;20.87;1400;44;4908.00;701
12211;30;622234365;12211;612;13609;14309;4.26;0.26;399.78;20.87;1398;44;4909.00;700
12214;30;622234384;12214;606;13611;14309;4.18;0.26;399.77;20.87;1397;44;4910.00;698
12215;30;622234399;12215;604;13614;14313;4.14;0.26;399.74;20.86;1399;44;4911.00;699
12218;30;622234414;12218;602;13615;14313;4.08;0.25;399.68;20.86;1397;44;4912.00;698
12219;30;622234428;12219;601;13615;14313;4.03;0.25;399.65;20.86;1396;44;4913.00;698
12220;30;622234443;12220;603;13616;14316;3.98;0.25;399.63;20.86;1396;44;4914.00;700
12221;30;622234457;12221;608;13616;14316;3.94;0.24;399.72;20.86;1395;44;4915.00;700
12222;30;622234472;12222;609;13616;14316;3.92;0.24;399.70;20.86;1394;44;4916.00;700
12222;30;622234485;12222;605;13617;14320;3.92;0.24;399.70;20.86;1395;44;4917.00;703
12224;30;622234500;12224;612;13618;14321;3.89;0.24;399.71;20.86;1394;44;4918.00;703
12226;30;622234514;12226;615;13618;14321;3.84;0.24;399.66;20.86;1392;44;4919.00;703
12229;30;622234530;12229;611;13622;14326;3.83;0.23;399.57;20.85;1393;44;4920.00;704
12229;30;622234545;12229;613;13622;14326;3.78;0.23;399.57;20.85;1393;44;4921.00;704
12230;30;622234559;12230;614;13622;14326;3.72;0.23;399.58;20.85;1392;44;4922.00;704
12236;30;622234573;12236;623;13622;14327;3.62;0.22;399.63;20.85;1386;44;4923.00;705
12239;30;622234588;12239;624;13622;14327;3.55;0.22;399.63;20.85;1383;44;4924.00;705
12242;30;622234603;12242;629;13628;14333;3.50;0.21;399.63;20.89;1386;44;4925.00;705
12243;30;622234618;12243;634;13628;14333;3.44;0.21;399.64;20.89;1385;44;4926.00;705
12245;30;622234631;12245;634;13628;14334;3.33;0.20;399.60;20.89;1383;44;4927.00;706
12246;30;622234644;12246;642;13628;14334;3.21;0.20;399.59;20.89;1382;44;4928.00;706
12248;30;622234656;12248;657;13628;14334;3.10;0.19;399.57;20.89;1380;44;4929.00;706
12249;30;622234673;12249;650;13628;14334;3.03;0.19;399.55;20.89;1379;44;4930.00;706
12251;30;622234685;12251;640;13628;14334;2.99;0.18;399.56;20.89;1377;44;4931.00;706
12254;30;622234698;12254;630;13636;14346;3.08;0.19;399.50;20.87;1382;44;4932.00;710
12257;30;622234712;12257;621;13636;14346;3.11;0.19;399.49;20.87;1379;44;4933.00;710
12260;30;622234726;12260;611;13636;14346;3.13;0.19;399.45;20.87;1376;44;4934.00;710
12262;30;622234740;12262;617;13636;14346;3.19;0.19;399.44;20.87;1374;44;4935.00;710
12262;30;622234753;12262;611;13636;14346;3.27;0.20;399.44;20.87;1374;44;4936.00;710
12265;31;622234767;12265;599;13636;14346;3.31;0.20;399.46;20.87;1371;45;4937.00;710
12268;31;622234792;12268;586;13637;14350;3.39;0.21;399.44;20.87;1369;45;4938.00;713
12269;31;622234808;12269;577;13637;14350;3.47;0.21;399.43;20.87;1368;45;4939.00;713
12273;31;622234827;12273;566;13640;14354;3.56;0.22;399.37;20.87;1367;45;4940.00;714
12275;31;622234849;12275;554;13640;14355;3.59;0.22;399.36;20.87;1365;45;4941.00;715
12276;31;622234869;12276;548;13641;14355;3.67;0.22;399.35;20.89;1365;45;4942.00;714
12279;31;622234884;12279;541;13642;14355;3.69;0.22;399.32;20.99;1363;45;4943.00;713
12281;31;622234901;12281;534;13651;14368;3.82;0.23;399.32;20.97;1370;45;4944.00;717
12285;31;622234918;12285;525;13651;14368;3.87;0.23;399.34;20.97;1366;45;4945.00;717
12289;31;622234934;12289;522;13652;14368;3.93;0.24;399.30;20.97;1363;45;4946.00;716
12291;31;622234949;12291;519;13653;14369;3.99;0.24;399.31;20.97;1362;45;4947.00;716
12293;31;622234965;12293;516;13653;14370;4.03;0.24;399.35;20.97;1360;45;4948.00;717
12297;31;622234981;12297;506;13653;14370;4.02;0.24;399.42;20.97;1356;45;4949.00;717
12297;31;622234999;12297;502;13657;14379;4.05;0.24;399.42;20.96;1360;45;4950.00;722
12301;31;622235015;12301;494;13657;14379;4.06;0.25;399.54;20.96;1356;45;4951.00;722
12303;31;622235031;12303;492;13658;14379;4.09;0.25;399.59;20.96;1355;45;4952.00;721
12307;31;622235046;12307;492;13658;14379;4.10;0.25;399.69;20.96;1351;45;4953.00;721
12311;31;622235062;12311;485;13662;14385;4.14;0.25;399.70;20.96;1351;45;4954.00;723
12314;31;622235078;12314;482;13662;14385;4.17;0.25;399.76;20.96;1348;45;4955.00;723
12317;31;622235095;12317;476;13663;14385;4.19;0.25;399.71;20.95;1346;45;4956.00;722
12319;31;622235111;12319;480;13663;14385;4.23;0.26;399.71;20.95;1344;45;4957.00;722
12324;31;622235127;12324;475;13665;14389;4.24;0.26;399.76;20.97;1341;45;4958.00;724
12326;31;622235144;12326;474;13667;14390;4.21;0.26;399.76;21.01;1341;45;4959.00;723
12328;31;622235160;12328;480;13667;14390;4.26;0.26;399.76;21.01;1339;45;4960.00;723
12331;31;622235175;12331;476;13669;14391;4.30;0.26;399.86;21.03;1338;45;4961.00;722
12336;31;622235190;12336;472;13670;14391;4.31;0.26;399.86;21.05;1334;45;4962.00;721
12340;31;622235206;12340;473;13671;14391;4.33;0.26;399.82;21.07;1331;45;4963.00;720
12344;31;622235222;12344;470;13673;14391;4.37;0.26;399.75;21.11;1329;45;4964.00;718
12346;31;622235237;12346;473;13676;14391;4.40;0.27;399.76;21.17;1330;45;4965.00;715
12351;31;622235254;12351;477;13677;14391;4.45;0.27;399.87;21.19;1326;45;4966.00;714
12353;31;622235270;12353;476;13678;14391;4.53;0.28;399.93;21.21;1325;45;4967.00;713
12356;31;622235285;12356;484;13719;14461;4.69;0.29;400.08;21.33;1363;45;4968.00;742
12360;31;622235308;12360;479;13722;14462;4.73;0.29;400.12;21.35;1362;45;4969.00;740
12364;31;622235324;12364;477;13726;14462;4.75;0.29;400.22;21.36;1362;45;4970.00;736
12366;31;622235340;12366;475;13729;14462;4.73;0.29;400.32;21.38;1363;45;4971.00;733
12367;31;622235357;12367;469;13731;14462;4.73;0.29;400.33;21.40;1364;45;4972.00;731
12370;31;622235372;12370;467;13733;14462;4.65;0.28;400.31;21.41;1363;45;4973.00;729
12372;31;622235388;12372;475;13739;14462;4.60;0.28;400.39;21.49;1367;45;4974.00;723
12376;31;622235403;12376;482;13743;14462;4.54;0.28;400.46;21.54;1367;45;4975.00;719
12376;31;622235420;12376;494;13746;14463;4.52;0.28;400.46;21.58;1370;45;4976.00;717
12379;31;622235436;12379;481;13748;14464;4.47;0.27;400.46;21.60;1369;45;4977.00;716
12383;31;622235453;12383;481;13750;14464;4.44;0.27;400.62;21.61;1367;45;4978.00;714
12384;31;622235469;12384;490;13757;14468;4.47;0.27;400.65;21.69;1373;45;4979.00;711
12389;31;622235488;12389;492;13758;14468;4.48;0.27;400.86;21.70;1369;45;4980.00;710
12391;31;622235505;12391;494;13759;14468;4.47;0.27;400.95;21.70;1368;45;4981.00;709
12395;31;622235523;12395;498;13762;14468;4.48;0.27;401.04;21.75;1367;45;4982.00;706
12395;31;622235539;12395;495;13770;14474;4.53;0.28;401.04;21.81;1375;46;4983.00;704
12398;31;622235578;12398;500;13772;14474;4.51;0.28;401.16;21.85;1374;46;4984.00;702
12398;31;622235602;12398;498;13773;14474;4.54;0.28;401.16;21.86;1375;46;4985.00;701
12404;31;622235627;12404;494;13778;14477;4.50;0.28;401.38;22.01;1374;46;4986.00;699
12407;31;622235651;12407;488;13779;14477;4.54;0.28;401.47;22.02;1372;46;4987.00;698
12410;31;622235671;12410;484;13782;14477;4.54;0.28;401.58;22.07;1372;46;4988.00;695
12411;31;622235689;12411;467;13782;14478;4.62;0.28;401.62;22.07;1371;46;4989.00;696
12414;31;622235708;12414;464;13784;14479;4.66;0.28;401.64;22.09;1370;46;4990.00;695
12420;31;622235730;12420;456;13786;14479;4.65;0.28;401.70;22.12;1366;46;4991.00;693
12423;31;622235748;12423;458;13797;14492;4.71;0.29;401.84;22.12;1374;46;4992.00;695
12427;31;622235767;12427;455;13801;14492;4.71;0.29;401.91;22.18;1374;46;4993.00;691
12429;31;622235785;12429;460;13804;14492;4.67;0.29;402.00;22.43;1375;47;4994.00;688
12431;31;622235815;12431;469;13806;14494;4.65;0.28;402.03;22.46;1375;47;4995.00;688
12434;31;622235833;12434;470;13808;14494;4.63;0.28;402.20;22.49;1374;47;4996.00;686
12436;31;622235850;12436;479;13811;14498;4.64;0.28;402.29;22.49;1375;47;4997.00;687
12440;31;622235868;12440;469;13814;14498;4.65;0.28;402.34;22.61;1374;47;4998.00;684
12443;31;622235884;12443;463;13816;14502;4.62;0.28;402.53;22.63;1373;47;4999.00;686
12446;31;622235903;12446;463;13817;14502;4.59;0.28;402.53;22.64;1371;47;5000.00;685
12448;31;622235925;12448;464;13819;14502;4.59;0.28;402.63;22.67;1371;47;5001.00;683
12449;31;622235941;12449;464;13820;14502;4.61;0.28;402.66;22.69;1371;47;5002.00;682
12449;31;622235958;12449;467;13821;14502;4.64;0.28;402.66;22.70;1372;47;5003.00;681
12455;31;622235976;12455;475;13831;14514;4.64;0.28;402.71;22.73;1376;47;5004.00;683
12455;31;622235994;12455;480;13832;14514;4.68;0.28;402.71;22.75;1377;47;5005.00;682
12458;31;622236010;12458;485;13835;14514;4.66;0.28;402.73;22.78;1377;47;5006.00;679
12460;31;622236029;12460;486;13836;14514;4.67;0.29;402.81;22.79;1376;47;5007.00;678
12461;31;622236046;12461;492;13837;14514;4.69;0.29;402.86;22.80;1376;47;5008.00;677
12466;31;622236063;12466;503;13839;14514;4.67;0.28;402.93;22.84;1373;47;5009.00;675
12466;31;622236081;12466;501;13841;14515;4.71;0.29;402.93;22.86;1375;47;5010.00;674
12466;31;622236099;12466;501;13842;14515;4.72;0.29;402.93;22.96;1376;47;5011.00;673
12468;31;622236116;12468;508;13849;14521;4.72;0.29;402.96;23.00;1381;47;5012.00;672
12471;31;622236133;12471;512;13851;14522;4.71;0.29;402.92;23.03;1380;47;5013.00;671
12473;31;622236157;12473;523;13852;14522;4.69;0.29;402.89;23.04;1379;47;5014.00;670
12476;31;622236180;12476;514;13854;14522;4.65;0.28;402.93;23.08;1378;47;5015.00;668
12477;31;622236197;12477;511;13857;14526;4.65;0.28;402.99;23.07;1380;47;5016.00;669
12478;31;622236214;12478;516;13859;14526;4.64;0.28;403.03;23.10;1381;47;5017.00;667
12480;31;622236230;12480;515;13859;14526;4.64;0.28;403.05;23.10;1379;47;5018.00;667
12482;31;622236247;12482;519;13860;14527;4.66;0.28;403.10;23.10;1378;47;5019.00;667
12482;31;622236264;12482;512;13863;14531;4.66;0.28;403.10;23.13;1381;47;5020.00;668
12486;31;622236281;12486;504;13863;14531;4.66;0.28;403.19;23.13;1377;47;5021.00;668
12487;31;622236298;12487;501;13865;14534;4.65;0.28;403.20;23.14;1378;47;5022.00;669
12488;31;622236314;12488;502;13865;14534;4.63;0.28;403.25;23.14;1377;47;5023.00;669
12491;31;622236331;12491;505;13866;14534;4.60;0.28;403.25;23.16;1375;47;5024.00;668
12493;31;622236347;12493;504;13866;14534;4.56;0.28;403.28;23.16;1373;47;5025.00;668
12496;31;622236364;12496;492;13870;14538;4.60;0.28;403.26;23.17;1374;47;5026.00;668
12500;31;622236380;12500;495;13872;14538;4.58;0.28;403.39;23.28;1372;47;5027.00;666
12503;31;622236396;12503;493;13873;14538;4.56;0.28;403.55;23.30;1370;47;5028.00;665
12508;31;622236412;12508;494;13873;14538;4.55;0.28;403.77;23.30;1365;47;5029.00;665
12510;31;622236428;12510;482;13874;14539;4.52;0.28;403.78;23.31;1364;47;5030.00;665
12511;31;622236445;12511;483;13874;14540;4.53;0.28;403.76;23.31;1363;47;5031.00;666
12517;31;622236460;12517;476;13875;14540;4.48;0.27;404.05;23.33;1358;47;5032.00;665
12518;31;622236476;12518;478;13876;14541;4.48;0.27;404.08;23.33;1358;47;5033.00;665
12522;32;622236493;12522;473;13877;14541;4.43;0.27;404.13;23.34;1355;48;5034.00;664
12527;32;622236520;12527;465;13878;14541;4.39;0.27;404.21;23.35;1351;48;5035.00;663
12529;32;622236539;12529;461;13878;14541;4.38;0.27;404.21;23.35;1349;48;5036.00;663
12534;32;622236557;12534;458;13878;14541;4.33;0.26;404.27;23.35;1344;48;5037.00;663
12535;32;622236573;12535;463;13878;14541;4.35;0.26;404.30;23.35;1343;48;5038.00;663
12541;32;622236588;12541;464;13878;14541;4.27;0.26;404.40;23.35;1337;48;5039.00;663
12544;32;622236606;12544;490;13960;14771;4.53;0.28;404.38;23.22;1416;48;5040.00;811
12547;32;622236637;12547;490;13964;14772;4.51;0.28;404.38;23.21;1417;48;5041.00;808
12551;32;622236653;12551;491;13970;14772;4.53;0.28;404.44;23.20;1419;48;5042.00;802
12553;32;622236669;12553;502;13974;14772;4.48;0.28;404.40;23.19;1421;48;5043.00;798
12554;32;622236689;12554;502;13981;14772;4.51;0.28;404.44;23.20;1427;48;5044.00;791
12555;32;622236709;12555;495;13986;14772;4.52;0.28;404.49;23.19;1431;48;5045.00;786
12556;32;622236725;12556;492;13992;14772;4.51;0.28;404.49;23.19;1436;48;5046.00;780
12557;32;622236740;12557;498;13997;14772;4.51;0.28;404.59;23.18;1440;48;5047.00;775
12559;32;622236755;12559;500;14002;14773;4.51;0.28;404.57;23.18;1443;48;5048.00;771
12559;32;622236770;12559;501;14006;14774;4.52;0.28;404.57;23.19;1447;48;5049.00;768
12561;32;622236786;12561;499;14011;14774;4.51;0.28;404.58;23.18;1450;48;5050.00;763
12563;32;622236807;12563;512;14013;14775;4.46;0.28;404.63;23.18;1450;48;5051.00;762
12564;32;622236823;12564;511;14017;14775;4.45;0.28;404.60;23.18;1453;48;5052.00;758
12565;32;622236839;12565;519;14019;14775;4.42;0.27;404.60;23.18;1454;48;5053.00;756
12567;32;622236863;12567;525;14020;14775;4.41;0.27;404.62;23.18;1453;48;5054.00;755
12568;32;622236879;12568;533;14024;14779;4.38;0.27;404.61;23.17;1456;48;5055.00;755
12570;32;622236898;12570;545;14026;14779;4.36;0.27;404.67;23.17;1456;48;5056.00;753
12573;32;622236914;12573;556;14028;14779;4.31;0.27;404.62;23.17;1455;48;5057.00;751
12574;32;622236932;12574;559;14030;14782;4.29;0.26;404.66;23.17;1456;48;5058.00;752
12576;32;622236948;12576;567;14032;14782;4.24;0.26;404.61;23.17;1456;48;5059.00;750
12580;32;622236964;12580;571;14034;14782;4.19;0.26;404.79;23.17;1454;48;5060.00;748
12583;32;622236980;12583;578;14037;14786;4.15;0.26;404.71;23.16;1454;48;5061.00;749
12585;32;622236996;12585;580;14039;14787;4.10;0.25;404.70;23.16;1454;48;5062.00;748
12586;32;622237012;12586;590;14042;14787;4.09;0.25;404.67;23.16;1456;48;5063.00;745
12588;32;622237027;12588;597;14044;14791;4.04;0.25;404.61;23.16;1456;48;5064.00;747
12591;32;622237043;12591;604;14046;14791;4.00;0.25;404.74;23.16;1455;48;5065.00;745
12595;32;622237060;12595;608;14048;14791;3.93;0.24;404.82;23.16;1453;48;5066.00;743
12598;32;622237075;12598;615;14049;14792;3.86;0.24;404.82;23.16;1451;48;5067.00;743
12599;32;622237091;12599;624;14050;14792;3.85;0.24;404.79;23.16;1451;48;5068.00;742
12602;32;622237106;12602;631;14054;14798;3.86;0.24;404.79;23.15;1452;48;5069.00;744
12602;32;622237123;12602;636;14056;14798;3.85;0.24;404.79;23.15;1454;48;5070.00;742
12604;32;622237138;12604;640;14056;14799;3.83;0.23;404.78;23.15;1452;48;5071.00;743
12607;32;622237153;12607;648;14057;14799;3.79;0.23;404.88;23.15;1450;48;5072.00;742
12610;32;622237168;12610;646;14057;14799;3.75;0.23;404.91;23.15;1447;48;5073.00;742
12611;32;622237183;12611;653;14057;14799;3.73;0.23;404.88;23.15;1446;48;5074.00;742
12611;32;622237202;12611;665;14057;14799;3.70;0.22;404.88;23.15;1446;48;5075.00;742
12612;32;622237217;12612;669;14064;14811;3.70;0.23;404.86;23.14;1452;48;5076.00;747
12612;32;622237233;12612;673;14064;14811;3.66;0.22;404.86;23.14;1452;48;5077.00;747
12613;32;622237247;12613;674;14065;14811;3.65;0.22;404.85;23.14;1452;48;5078.00;746
12613;32;622237262;12613;674;14065;14811;3.64;0.22;404.85;23.14;1452;48;5079.00;746
12613;32;622237277;12613;674;14065;14811;3.62;0.22;404.85;23.14;1452;48;5080.00;746
12614;32;622237292;12614;674;14065;14811;3.59;0.22;404.84;23.14;1451;48;5081.00;746
12615;32;622237307;12615;673;14066;14815;3.55;0.22;404.88;23.14;1451;48;5082.00;749
12615;32;622237322;12615;661;14066;14815;3.57;0.22;404.88;23.14;1451;48;5083.00;749
12617;32;622237336;12617;646;14069;14819;3.62;0.22;404.86;23.13;1452;48;5084.00;750
12619;32;622237351;12619;643;14069;14821;3.64;0.22;404.85;23.13;1450;48;5085.00;752
12621;32;622237366;12621;634;14069;14821;3.67;0.22;404.87;23.13;1448;48;5086.00;752
12622;32;622237381;12622;625;14069;14821;3.70;0.23;404.84;23.13;1447;48;5087.00;752
12622;32;622237395;12622;613;14078;14834;3.78;0.23;404.84;23.12;1456;48;5088.00;756
12624;32;622237412;12624;615;14078;14834;3.82;0.23;404.93;23.12;1454;48;5089.00;756
12624;32;622237437;12624;607;14079;14834;3.89;0.24;404.93;23.12;1455;48;5090.00;755
12626;32;622237452;12626;606;14080;14835;3.91;0.24;404.92;23.12;1454;48;5091.00;755
12627;32;622237467;12627;606;14080;14836;3.93;0.24;404.90;23.12;1453;48;5092.00;756
12630;32;622237482;12630;607;14080;14836;3.95;0.24;404.86;23.12;1450;48;5093.00;756
12635;32;622237497;12635;617;14082;14839;3.94;0.24;404.83;23.13;1447;48;5094.00;757
12636;32;622237513;12636;611;14083;14839;3.94;0.24;404.82;23.14;1447;48;5095.00;756
12638;32;622237528;12638;616;14083;14839;3.93;0.24;404.84;23.14;1445;48;5096.00;756
12641;32;622237543;12641;620;14083;14839;3.88;0.24;404.82;23.14;1442;48;5097.00;756
12642;32;622237569;12642;622;14087;14845;3.89;0.24;404.81;23.14;1445;48;5098.00;758
12644;32;622237595;12644;624;14087;14845;3.89;0.24;404.82;23.14;1443;48;5099.00;758
12647;32;622237623;12647;624;14091;14864;3.85;0.24;404.76;23.13;1444;48;5100.00;773
12650;32;622237657;12650;616;14091;14864;3.85;0.24;404.73;23.13;1441;48;5101.00;773
12652;32;622237676;12652;609;14092;14868;3.86;0.24;404.75;23.13;1440;48;5102.00;776
12653;32;622237693;12653;602;14092;14869;3.87;0.24;404.76;23.13;1439;48;5103.00;777
12656;32;622237709;12656;601;14092;14869;3.89;0.24;404.75;23.13;1436;48;5104.00;777
12660;32;622237725;12660;602;14094;14870;3.92;0.24;404.77;23.13;1434;48;5105.00;776
12663;32;622237743;12663;599;14096;14870;3.94;0.24;404.78;23.12;1433;48;5106.00;774
12667;32;622237759;12667;581;14096;14870;3.98;0.24;404.76;23.12;1429;48;5107.00;774
12671;32;622237776;12671;573;14096;14870;3.97;0.24;404.88;23.12;1425;48;5108.00;774
12675;32;622237791;12675;558;14096;14870;4.02;0.25;404.87;23.12;1421;48;5109.00;774
12675;32;622237808;12675;547;14096;14870;4.11;0.25;404.87;23.12;1421;48;5110.00;774
12679;32;622237823;12679;537;14098;14870;4.12;0.25;404.88;23.12;1419;48;5111.00;772
12682;32;622237840;12682;532;14126;14940;4.22;0.26;404.90;23.08;1444;48;5112.00;814
12687;32;622237864;12687;523;14128;14941;4.28;0.26;404.87;23.07;1441;48;5113.00;813
12691;32;622237884;12691;513;14132;14941;4.37;0.27;404.90;23.07;1441;48;5114.00;809
12694;32;622237901;12694;512;14137;14941;4.44;0.27;404.87;23.06;1443;48;5115.00;804
12697;32;622237918;12697;504;14141;14941;4.51;0.28;404.87;23.06;1444;48;5116.00;800
12704;32;622237935;12704;504;14144;14941;4.52;0.28;404.82;23.05;1440;48;5117.00;797
12707;32;622237953;12707;497;14146;14941;4.56;0.28;404.89;23.05;1439;48;5118.00;795
12709;32;622237971;12709;500;14147;14941;4.60;0.28;404.90;23.05;1438;48;5119.00;794
12711;32;622237988;12711;488;14148;14942;4.66;0.29;405.02;23.05;1437;48;5120.00;794
12715;32;622238007;12715;488;14149;14943;4.69;0.29;405.04;23.07;1434;48;5121.00;794
12720;32;622238025;12720;497;14153;14943;4.70;0.29;405.07;23.06;1433;48;5122.00;790
12723;32;622238043;12723;489;14155;14947;4.72;0.29;405.09;23.06;1432;48;5123.00;792
12728;32;622238061;12728;491;14155;14947;4.70;0.29;405.13;23.06;1427;48;5124.00;792
12732;32;622238079;12732;498;14157;14947;4.67;0.29;405.11;23.09;1425;48;5125.00;790
12736;32;622238098;12736;505;14158;14947;4.64;0.28;405.12;23.11;1422;48;5126.00;789
12740;32;622238114;12740;509;14162;14953;4.62;0.28;405.08;23.11;1422;48;5127.00;791
12746;32;622238132;12746;500;14163;14953;4.57;0.28;405.09;23.12;1417;48;5128.00;790
12750;32;622238150;12750;507;14165;14953;4.55;0.28;405.14;23.15;1415;48;5129.00;788
12752;32;622238169;12752;503;14170;14959;4.59;0.28;405.15;23.18;1418;48;5130.00;789
12755;32;622238187;12755;510;14171;14959;4.57;0.28;405.19;23.20;1416;48;5131.00;788
12759;32;622238204;12759;517;14174;14959;4.61;0.28;405.22;23.25;1415;48;5132.00;785
12761;32;622238221;12761;525;14176;14960;4.65;0.28;405.23;23.26;1415;48;5133.00;784
12765;32;622238239;12765;526;14179;14961;4.63;0.28;405.30;23.29;1414;48;5134.00;782
12771;32;622238257;12771;523;14183;14961;4.64;0.28;405.37;23.33;1412;48;5135.00;778
12774;32;622238274;12774;522;14194;14974;4.65;0.28;405.38;23.36;1420;48;5136.00;780
12778;32;622238293;12778;514;14196;14974;4.64;0.28;405.36;23.38;1418;48;5137.00;778
12780;32;622238310;12780;509;14201;14974;4.66;0.28;405.42;23.42;1421;48;5138.00;773
12782;32;622238328;12782;503;14202;14975;4.68;0.28;405.42;23.44;1420;48;5139.00;773
12787;32;622238345;12787;505;14202;14975;4.68;0.28;405.50;23.44;1415;48;5140.00;773
12789;32;622238363;12789;509;14209;14979;4.70;0.29;405.59;23.48;1420;48;5141.00;770
12791;32;622238380;12791;503;14211;14979;4.69;0.29;405.62;23.50;1420;48;5142.00;768
12795;32;622238399;12795;508;14215;14983;4.65;0.28;405.63;23.52;1420;48;5143.00;768
12796;32;622238416;12796;514;14215;14983;4.66;0.28;405.63;23.52;1419;48;5144.00;768
12802;32;622238434;12802;521;14218;14983;4.58;0.28;405.83;23.56;1416;48;5145.00;765
12804;32;622238451;12804;520;14219;14983;4.56;0.28;405.91;23.58;1415;48;5146.00;764
12807;32;622238473;12807;528;14221;14983;4.51;0.27;406.06;23.60;1414;48;5147.00;762
12807;32;622238490;12807;518;14226;14995;4.53;0.28;406.06;23.59;1419;48;5148.00;769
12812;32;622238508;12812;517;14229;14995;4.49;0.27;406.17;23.62;1417;48;5149.00;766
12816;32;622238527;12816;519;14232;14995;4.48;0.27;406.35;23.66;1416;48;5150.00;763
12816;32;622238547;12816;519;14235;14995;4.51;0.27;406.35;23.69;1419;48;5151.00;760
12818;32;622238565;12818;519;14236;14995;4.51;0.27;406.43;23.69;1418;48;5152.00;759
12820;32;622238583;12820;524;14239;14995;4.58;0.28;406.58;23.71;1419;48;5153.00;756
12823;32;622238607;12823;529;14240;14996;4.62;0.28;406.65;23.72;1417;48;5154.00;756
12827;32;622238623;12827;531;14242;14998;4.64;0.28;406.89;23.72;1415;48;5155.00;756
12830;32;622238641;12830;521;14247;15004;4.64;0.28;407.00;23.73;1417;48;5156.00;757
12834;32;622238658;12834;517;14248;15005;4.64;0.28;407.18;23.74;1414;48;5157.00;757
12838;32;622238682;12838;506;14249;15005;4.64;0.28;407.14;23.76;1411;48;5158.00;756
12840;32;622238705;12840;511;14252;15005;4.65;0.28;407.20;23.80;1412;48;5159.00;753
12842;32;622238724;12842;506;14257;15010;4.68;0.28;407.29;23.81;1415;48;5160.00;753
12845;32;622238741;12845;502;14261;15010;4.69;0.28;407.35;23.87;1416;48;5161.00;749
12848;32;622238759;12848;507;14263;15010;4.71;0.29;407.42;23.90;1415;48;5162.00;747
12849;32;622238776;12849;505;14264;15011;4.75;0.29;407.46;23.90;1415;48;5163.00;747
12855;32;622238793;12855;516;14268;15015;4.75;0.29;407.66;23.94;1413;48;5164.00;747
12858;32;622238811;12858;519;14269;15015;4.74;0.29;407.79;23.95;1411;48;5165.00;746
12858;32;622238828;12858;520;14271;15018;4.74;0.29;407.79;23.96;1413;48;5166.00;747
12861;32;622238846;12861;524;14274;15018;4.68;0.29;407.93;24.00;1413;48;5167.00;744
12864;32;622238863;12864;527;14275;15018;4.65;0.28;408.12;24.02;1411;48;5168.00;743
12867;32;622238880;12867;531;14277;15018;4.65;0.28;408.16;24.05;1410;48;5169.00;741
12869;32;622238897;12869;528;14283;15022;4.66;0.28;408.16;24.08;1414;48;5170.00;739
12871;32;622238915;12871;531;14284;15022;4.69;0.29;408.15;24.08;1413;48;5171.00;738
12872;32;622238931;12872;537;14287;15022;4.68;0.28;408.12;24.12;1415;48;5172.00;735
12874;32;622238947;12874;546;14287;15022;4.67;0.28;408.08;24.12;1413;48;5173.00;735
12877;32;622238964;12877;542;14290;15023;4.68;0.28;408.19;24.17;1413;48;5174.00;733
12879;32;622238980;12879;542;14290;15025;4.66;0.28;408.21;24.17;1411;48;5175.00;735
12881;32;622238997;12881;541;14290;15025;4.65;0.28;408.30;24.17;1409;48;5176.00;735
12883;32;622239012;12883;548;14293;15026;4.64;0.28;408.27;24.19;1410;48;5177.00;733
12887;32;622239029;12887;550;14297;15026;4.61;0.28;408.38;24.24;1410;48;5178.00;729
12889;32;622239045;12889;554;14298;15026;4.55;0.28;408.43;24.25;1409;48;5179.00;728
12892;32;622239066;12892;554;14300;15026;4.50;0.27;408.44;24.29;1408;48;5180.00;726
12892;32;622239082;12892;554;14301;15026;4.46;0.27;408.44;24.29;1409;48;5181.00;725
12895;32;622239097;12895;545;14305;15026;4.37;0.27;408.44;24.34;1410;48;5182.00;721
12899;32;622239112;12899;552;14306;15026;4.31;0.26;408.47;24.35;1407;48;5183.00;720
12905;32;622239128;12905;582;14369;15153;4.37;0.27;408.55;24.24;1464;48;5184.00;784
12911;32;622239153;12911;577;14372;15154;4.34;0.27;408.68;24.26;1461;48;5185.00;782
12913;32;622239170;12913;570;14378;15154;4.42;0.27;408.78;24.26;1465;48;5186.00;776
12916;32;622239186;12916;563;14379;15154;4.45;0.27;408.83;24.28;1463;48;5187.00;775
12916;32;622239202;12916;576;14383;15154;4.49;0.28;408.83;24.27;1467;48;5188.00;771
12917;32;622239219;12917;578;14387;15154;4.51;0.28;408.87;24.27;1470;48;5189.00;767
12917;32;622239237;12917;582;14392;15154;4.54;0.28;408.87;24.32;1475;48;5190.00;762
12918;32;622239253;12918;580;14395;15154;4.55;0.28;408.85;24.31;1477;48;5191.00;759
12919;32;622239275;12919;582;14398;15155;4.56;0.28;408.91;24.33;1479;48;5192.00;757
12920;32;622239291;12920;591;14399;15156;4.58;0.28;408.91;24.33;1479;48;5193.00;757
12922;32;622239307;12922;587;14401;15156;4.54;0.28;408.90;24.34;1479;48;5194.00;755
12924;32;622239323;12924;596;14401;15157;4.50;0.28;408.88;24.34;1477;48;5195.00;756
12925;32;622239340;12925;590;14402;15157;4.48;0.28;408.87;24.34;1477;48;5196.00;755
12931;32;622239357;12931;595;14404;15157;4.42;0.27;408.87;24.45;1473;48;5197.00;753
12934;32;622239374;12934;598;14406;15157;4.38;0.27;409.00;24.47;1472;48;5198.00;751
12937;32;622239391;12937;595;14410;15161;4.31;0.27;408.97;24.49;1473;48;5199.00;751
12941;32;622239408;12941;595;14411;15161;4.24;0.26;408.96;24.51;1470;48;5200.00;750
12943;32;622239428;12943;603;14411;15161;4.18;0.26;408.97;24.51;1468;48;5201.00;750
12947;32;622239443;12947;604;14413;15164;4.12;0.25;408.94;24.52;1466;48;5202.00;751
12952;32;622239459;12952;605;14413;15164;4.06;0.25;409.03;24.52;1461;48;5203.00;751
12954;32;622239475;12954;604;14415;15164;4.02;0.25;409.02;24.52;1461;48;5204.00;749
12957;32;622239491;12957;609;14417;15168;3.98;0.24;409.11;24.54;1460;48;5205.00;751
12959;32;622239507;12959;612;14418;15169;3.94;0.24;409.13;24.54;1459;48;5206.00;751
12962;32;622239523;12962;616;14418;15169;3.91;0.24;409.09;24.54;1456;48;5207.00;751
12963;32;622239538;12963;622;14419;15173;3.90;0.24;409.07;24.53;1456;48;5208.00;754
12965;32;622239557;12965;610;14420;15173;3.92;0.24;409.11;24.53;1455;48;5209.00;753
12965;32;622239588;12965;619;14420;15173;3.95;0.24;409.11;24.53;1455;48;5210.00;753
12967;32;622239610;12967;618;14420;15174;3.93;0.24;409.06;24.53;1453;48;5211.00;754
12969;32;622239632;12969;616;14420;15174;3.91;0.24;409.02;24.53;1451;48;5212.00;754
12973;32;622239655;12973;625;14424;15180;3.95;0.24;409.16;24.53;1451;48;5213.00;756
12976;32;622239677;12976;626;14424;15180;3.94;0.24;409.09;24.53;1448;48;5214.00;756
12980;32;622239695;12980;629;14424;15180;3.96;0.24;409.07;24.53;1444;48;5215.00;756
12981;32;622239712;12981;634;14425;15181;3.99;0.25;409.06;24.53;1444;48;5216.00;756
12982;32;622239729;12982;640;14425;15181;3.99;0.25;409.14;24.53;1443;48;5217.00;756
12983;32;622239746;12983;644;14425;15181;4.02;0.25;409.18;24.53;1442;48;5218.00;756
12989;32;622239763;12989;642;14426;15181;3.97;0.24;409.20;24.54;1437;48;5219.00;755
12990;32;622239782;12990;642;14443;15217;4.06;0.25;409.19;24.51;1453;48;5220.00;774
12995;32;622239801;12995;652;14445;15217;4.04;0.25;409.16;24.51;1450;48;5221.00;772
12996;32;622239818;12996;660;14446;15217;4.03;0.25;409.19;24.51;1450;48;5222.00;771
13000;32;622239834;13000;660;14447;15217;4.02;0.25;409.33;24.51;1447;48;5223.00;770
13002;32;622239850;13002;661;14449;15217;4.00;0.25;409.30;24.50;1447;48;5224.00;768
13004;32;622239866;13004;669;14450;15217;3.98;0.24;409.26;24.50;1446;48;5225.00;767
13007;33;622239883;13007;682;14451;15221;3.92;0.24;409.30;24.50;1444;49;5226.00;770
13009;33;622239908;13009;691;14451;15221;3.90;0.24;409.31;24.50;1442;49;5227.00;770
13011;33;622239930;13011;700;14454;15225;3.89;0.24;409.39;24.50;1443;49;5228.00;771
13012;33;622239947;13012;703;14454;15226;3.88;0.24;409.36;24.50;1442;49;5229.00;772
13013;33;622239963;13013;698;14454;15226;3.83;0.23;409.35;24.50;1441;49;5230.00;772
13015;33;622239979;13015;701;14454;15226;3.76;0.23;409.30;24.50;1439;49;5231.00;772
13019;33;622239995;13019;699;14464;15239;3.74;0.23;409.28;24.48;1445;49;5232.00;775
13019;33;622240012;13019;700;14464;15239;3.73;0.23;409.28;24.48;1445;49;5233.00;775
13019;33;622240028;13019;702;14464;15239;3.74;0.23;409.28;24.48;1445;49;5234.00;775
13020;33;622240043;13020;694;14465;15240;3.74;0.23;409.27;24.48;1445;49;5235.00;775
13022;33;622240059;13022;688;14465;15241;3.74;0.23;409.30;24.48;1443;49;5236.00;776
13022;33;622240076;13022;675;14465;15241;3.79;0.23;409.30;24.48;1443;49;5237.00;776
13024;33;622240092;13024;674;14466;15244;3.85;0.24;409.32;24.48;1442;49;5238.00;778
13026;33;622240115;13026;665;14466;15244;3.92;0.24;409.36;24.48;1440;49;5239.00;778
13028;33;622240131;13028;661;14466;15244;3.96;0.24;409.43;24.48;1438;49;5240.00;778
13029;33;622240147;13029;651;14466;15244;3.97;0.24;409.40;24.48;1437;49;5241.00;778
13031;33;622240169;13031;646;14469;15250;4.02;0.25;409.45;24.47;1438;49;5242.00;781
13032;33;622240185;13032;645;14469;15250;4.01;0.24;409.50;24.47;1437;49;5243.00;781
13032;33;622240200;13032;647;14469;15250;4.03;0.25;409.50;24.47;1437;49;5244.00;781
13037;33;622240216;13037;650;14469;15250;3.98;0.24;409.57;24.47;1432;49;5245.00;781
13040;33;622240233;13040;650;14470;15254;4.00;0.24;409.64;24.47;1430;49;5246.00;784
13041;33;622240249;13041;650;14470;15255;3.96;0.24;409.62;24.47;1429;49;5247.00;785
13044;33;622240265;13044;652;14470;15255;3.96;0.24;409.62;24.47;1426;49;5248.00;785
13045;33;622240280;13045;650;14471;15256;3.95;0.24;409.66;24.47;1426;49;5249.00;785
13045;33;622240305;13045;647;14471;15256;4.00;0.24;409.66;24.47;1426;49;5250.00;785
13045;33;622240320;13045;647;14471;15256;4.04;0.25;409.66;24.47;1426;49;5251.00;785
13045;33;622240335;13045;642;14471;15256;4.07;0.25;409.66;24.47;1426;49;5252.00;785
13046;33;622240351;13046;639;14471;15256;4.07;0.25;409.70;24.47;1425;49;5253.00;785
13048;33;622240366;13048;638;14471;15256;4.10;0.25;409.68;24.47;1423;49;5254.00;785
13049;33;622240381;13049;643;14471;15256;4.13;0.25;409.66;24.47;1422;49;5255.00;785
13050;33;622240395;13050;642;14505;15326;4.31;0.26;409.63;24.41;1455;49;5256.00;821
13053;33;622240416;13053;635;14505;15327;4.35;0.27;409.57;24.41;1452;49;5257.00;822
13054;33;622240432;13054;636;14508;15327;4.43;0.27;409.55;24.41;1454;49;5258.00;819
13059;33;622240447;13059;638;14513;15327;4.39;0.27;409.77;24.40;1454;49;5259.00;814
13059;33;622240462;13059;634;14516;15327;4.39;0.27;409.77;24.39;1457;49;5260.00;811
13063;33;622240477;13063;629;14518;15327;4.34;0.26;409.88;24.39;1455;49;5261.00;809
13066;33;622240493;13066;631;14520;15327;4.28;0.26;409.89;24.39;1454;49;5262.00;807
13070;34;622240508;13070;639;14520;15327;4.20;0.26;409.97;24.39;1450;50;5263.00;807
13073;34;622240531;13073;634;14521;15328;4.16;0.25;409.97;24.39;1448;50;5264.00;807
13076;34;622240550;13076;638;14524;15330;4.10;0.25;410.09;24.40;1448;50;5265.00;806
13081;34;622240573;13081;640;14526;15330;4.04;0.25;410.17;24.40;1445;50;5266.00;804
13086;34;622240590;13086;645;14527;15334;4.00;0.24;410.18;24.40;1441;50;5267.00;807
13088;34;622240607;13088;654;14527;15334;3.99;0.24;410.14;24.40;1439;50;5268.00;807
13093;34;622240621;13093;660;14527;15334;3.96;0.24;410.31;24.40;1434;50;5269.00;807
13094;34;622240637;13094;651;14527;15334;3.96;0.24;410.44;24.40;1433;50;5270.00;807
13097;34;622240652;13097;648;14530;15340;3.91;0.24;410.41;24.39;1433;50;5271.00;810
13100;34;622240667;13100;648;14531;15340;3.87;0.24;410.40;24.39;1431;50;5272.00;809
13104;34;622240682;13104;650;14531;15340;3.87;0.24;410.43;24.39;1427;50;5273.00;809
13108;34;622240697;13108;646;14532;15343;3.86;0.23;410.51;24.39;1424;50;5274.00;811
13110;34;622240713;13110;642;14532;15343;3.87;0.24;410.50;24.39;1422;50;5275.00;811
13113;34;622240728;13113;643;14532;15343;3.85;0.23;410.58;24.39;1419;50;5276.00;811
13115;34;622240743;13115;626;14532;15344;3.89;0.24;410.69;24.39;1417;50;5277.00;812
13116;34;622240758;13116;615;14533;15345;3.92;0.24;410.70;24.39;1417;50;5278.00;812
13119;34;622240773;13119;606;14533;15345;3.95;0.24;410.77;24.39;1414;50;5279.00;812
13120;34;622240790;13120;592;14549;15371;4.05;0.25;410.79;24.36;1429;50;5280.00;822
13123;34;622240807;13123;585;14549;15371;4.10;0.25;410.80;24.36;1426;50;5281.00;822
13128;34;622240823;13128;580;14551;15371;4.16;0.25;410.83;24.36;1423;50;5282.00;820
13132;34;622240847;13132;553;14552;15372;4.20;0.26;410.78;24.36;1420;50;5283.00;820
13134;34;622240863;13134;550;14553;15372;4.28;0.26;410.80;24.36;1419;50;5284.00;819
13139;34;622240879;13139;541;14555;15376;4.31;0.26;410.79;24.35;1416;50;5285.00;821
13141;34;622240895;13141;539;14555;15376;4.33;0.26;410.79;24.35;1414;50;5286.00;821
13145;34;622240911;13145;536;14557;15379;4.32;0.26;410.73;24.37;1412;50;5287.00;822
13152;34;622240928;13152;531;14557;15380;4.29;0.26;410.67;24.37;1405;50;5288.00;823
13153;34;622240945;13153;533;14557;15380;4.35;0.26;410.66;24.37;1404;50;5289.00;823
13157;34;622240961;13157;530;14557;15380;4.36;0.26;410.68;24.37;1400;50;5290.00;823
13161;34;622240981;13161;518;14558;15380;4.37;0.26;410.64;24.37;1397;50;5291.00;822
13165;34;622240998;13165;527;14564;15392;4.41;0.27;410.69;24.36;1399;50;5292.00;828
13171;34;622241016;13171;517;14564;15392;4.39;0.27;410.73;24.36;1393;50;5293.00;828
13175;34;622241034;13175;512;14565;15392;4.39;0.27;410.69;24.35;1390;50;5294.00;827
13179;34;622241049;13179;506;14568;15392;4.42;0.27;410.74;24.75;1389;51;5295.00;824
13183;34;622241082;13183;510;14569;15392;4.42;0.27;410.73;24.75;1386;51;5296.00;823
13185;34;622241099;13185;509;14569;15392;4.45;0.27;410.76;24.75;1384;51;5297.00;823
13189;34;622241115;13189;510;14569;15393;4.47;0.27;410.78;24.75;1380;51;5298.00;824
13190;34;622241130;13190;512;14572;15393;4.50;0.27;410.88;24.78;1382;51;5299.00;821
13193;34;622241146;13193;515;14575;15399;4.51;0.27;410.89;24.79;1382;51;5300.00;824
13197;34;622241167;13197;511;14577;15400;4.54;0.28;410.97;24.79;1380;51;5301.00;823
13202;34;622241183;13202;512;14578;15400;4.58;0.28;411.05;24.81;1376;51;5302.00;822
13203;34;622241199;13203;510;14579;15400;4.65;0.28;411.05;24.83;1376;51;5303.00;821
13206;34;622241214;13206;509;14582;15404;4.72;0.29;411.10;24.82;1376;51;5304.00;822
13207;34;622241230;13207;510;14582;15404;4.77;0.29;411.10;24.82;1375;51;5305.00;822
13211;34;622241246;13211;501;14586;15404;4.80;0.29;411.20;24.88;1375;51;5306.00;818
13216;34;622241262;13216;498;14587;15405;4.78;0.29;411.30;24.88;1371;51;5307.00;818
13220;34;622241278;13220;490;14592;15409;4.79;0.29;411.43;25.02;1372;51;5308.00;817
13222;34;622241296;13222;490;14594;15409;4.82;0.29;411.48;25.04;1372;51;5309.00;815
13226;34;622241314;13226;485;14599;15415;4.78;0.29;411.56;25.10;1373;51;5310.00;816
13232;34;622241330;13232;487;14599;15415;4.72;0.29;411.79;25.10;1367;51;5311.00;816
13234;34;622241346;13234;482;14601;15415;4.69;0.29;411.83;25.13;1367;51;5312.00;814
13240;34;622241362;13240;497;14602;15415;4.64;0.28;411.78;25.13;1362;51;5313.00;813
13244;34;622241377;13244;496;14606;15419;4.58;0.28;412.00;25.16;1362;51;5314.00;813
13248;35;622241399;13248;498;14607;15419;4.53;0.28;412.12;25.19;1359;52;5315.00;812
13251;35;622241427;13251;504;14610;15419;4.46;0.27;412.12;25.21;1359;52;5316.00;809
13254;35;622241443;13254;493;14611;15419;4.40;0.27;412.18;25.23;1357;52;5317.00;808
13255;35;622241463;13255;497;14615;15420;4.39;0.27;412.15;25.29;1360;52;5318.00;805
13257;35;622241480;13257;506;14617;15421;4.36;0.27;412.15;25.29;1360;52;5319.00;804
13257;35;622241502;13257;503;14619;15421;4.34;0.26;412.15;25.33;1362;52;5320.00;802
13261;35;622241518;13261;504;14621;15422;4.29;0.26;412.20;25.34;1360;52;5321.00;801
13264;35;622241534;13264;504;14624;15422;4.25;0.26;412.35;25.38;1360;52;5322.00;798
13269;35;622241550;13269;512;14626;15422;4.20;0.26;412.38;25.40;1357;52;5323.00;796
13272;35;622241572;13272;521;14630;15422;4.17;0.25;412.58;25.54;1358;52;5324.00;792
13273;35;622241606;13273;518;14630;15422;4.17;0.25;412.57;25.54;1357;52;5325.00;792
13275;35;622241641;13275;510;14634;15422;4.16;0.25;412.58;25.57;1359;52;5326.00;788
13275;35;622241664;13275;507;14634;15422;4.17;0.25;412.58;25.57;1359;52;5327.00;788
13276;35;622241682;13276;526;14695;15549;4.35;0.27;412.61;25.47;1419;52;5328.00;854
13279;35;622241715;13279;518;14701;15550;4.35;0.27;412.65;25.51;1422;52;5329.00;849
13281;35;622241734;13281;519;14706;15550;4.40;0.27;412.64;25.51;1425;52;5330.00;844
13283;35;622241752;13283;517;14709;15550;4.45;0.27;412.69;25.53;1426;52;5331.00;841
13285;35;622241769;13285;516;14714;15550;4.51;0.28;412.65;25.53;1429;52;5332.00;836
13292;35;622241786;13292;519;14717;15550;4.54;0.28;412.77;25.54;1425;52;5333.00;833
13293;35;622241803;13293;526;14720;15550;4.60;0.28;412.80;25.65;1427;52;5334.00;830
13295;35;622241820;13295;523;14725;15550;4.61;0.28;412.83;25.69;1430;52;5335.00;825
13296;35;622241836;13296;532;14729;15551;4.63;0.28;412.88;25.70;1433;52;5336.00;822
13299;35;622241853;13299;523;14733;15552;4.63;0.28;412.97;25.71;1434;52;5337.00;819
13302;35;622241870;13302;519;14739;15552;4.62;0.28;413.15;25.74;1437;52;5338.00;813
13302;35;622241886;13302;515;14744;15553;4.61;0.28;413.15;25.77;1442;53;5339.00;809
13306;35;622241910;13306;514;14748;15553;4.65;0.28;413.10;25.79;1442;53;5340.00;805
13306;35;622241927;13306;523;14751;15553;4.67;0.29;413.10;25.79;1445;53;5341.00;802
13308;35;622241946;13308;519;14753;15553;4.69;0.29;413.14;25.83;1445;53;5342.00;800
13310;35;622241963;13310;523;14758;15557;4.70;0.29;413.19;25.83;1448;53;5343.00;799
13313;35;622241988;13313;524;14760;15557;4.68;0.29;413.25;25.85;1447;53;5344.00;797
13314;35;622242005;13314;525;14762;15557;4.72;0.29;413.24;25.89;1448;53;5345.00;795
13318;35;622242029;13318;538;14764;15560;4.74;0.29;413.21;25.89;1446;53;5346.00;796
13321;35;622242046;13321;536;14764;15560;4.72;0.29;413.25;25.89;1443;53;5347.00;796
13323;35;622242063;13323;540;14769;15560;4.72;0.29;413.24;25.92;1446;53;5348.00;791
13324;35;622242080;13324;546;14771;15564;4.69;0.29;413.21;26.03;1447;53;5349.00;793
13324;35;622242098;13324;544;14773;15565;4.69;0.29;413.21;26.05;1449;53;5350.00;792
13326;35;622242115;13326;546;14776;15565;4.69;0.29;413.24;26.08;1450;53;5351.00;789
13330;35;622242132;13330;549;14778;15569;4.64;0.29;413.30;26.08;1448;53;5352.00;791
13332;35;622242150;13332;554;14780;15569;4.65;0.29;413.35;26.10;1448;53;5353.00;789
13334;35;622242167;13334;563;14782;15569;4.63;0.29;413.37;26.12;1448;53;5354.00;787
13337;35;622242184;13337;573;14783;15571;4.62;0.28;413.44;26.11;1446;53;5355.00;788
13338;35;622242201;13338;573;14785;15571;4.59;0.28;413.42;26.15;1447;53;5356.00;786
13340;35;622242218;13340;575;14789;15577;4.57;0.28;413.45;26.15;1449;53;5357.00;788
13341;35;622242235;13341;580;14790;15577;4.53;0.28;413.48;26.17;1449;53;5358.00;787
13344;35;622242252;13344;589;14791;15577;4.48;0.27;413.49;26.19;1447;53;5359.00;786
13349;35;622242269;13349;585;14792;15578;4.41;0.27;413.53;26.21;1443;53;5360.00;786
13351;35;622242285;13351;593;14792;15578;4.44;0.27;413.49;26.21;1441;53;5361.00;786
13352;35;622242302;13352;594;14794;15578;4.45;0.27;413.47;26.33;1442;53;5362.00;784
13357;35;622242319;13357;590;14795;15578;4.44;0.27;413.44;26.35;1438;53;5363.00;783
13360;35;622242337;13360;592;14804;15590;4.47;0.27;413.39;26.34;1444;53;5364.00;786
13363;35;622242354;13363;596;14805;15590;4.50;0.28;413.33;26.36;1442;53;5365.00;785
13363;35;622242371;13363;588;14806;15590;4.57;0.28;413.33;26.38;1443;53;5366.00;784
13364;35;622242387;13364;589;14808;15590;4.58;0.28;413.31;26.50;1444;53;5367.00;782
13370;35;622242404;13370;593;14808;15590;4.56;0.28;413.35;26.50;1438;53;5368.00;782
13371;35;622242421;13371;592;14810;15590;4.58;0.28;413.33;26.54;1439;53;5369.00;780
13375;35;622242439;13375;590;14815;15594;4.53;0.28;413.36;26.57;1440;53;5370.00;779
13376;35;622242456;13376;589;14817;15594;4.50;0.28;413.41;26.61;1441;53;5371.00;777
13378;35;622242473;13378;583;14820;15598;4.48;0.27;413.38;26.60;1442;53;5372.00;778
13380;35;622242489;13380;585;14821;15599;4.50;0.28;413.37;26.62;1441;53;5373.00;778
13386;35;622242506;13386;584;14822;15599;4.46;0.27;413.28;26.64;1436;53;5374.00;777
13389;35;622242524;13389;576;14824;15599;4.47;0.27;413.26;26.79;1435;53;5375.00;775
13392;35;622242547;13392;580;14834;15612;4.48;0.27;413.29;26.77;1442;53;5376.00;778
13395;35;622242567;13395;573;14836;15612;4.46;0.27;413.29;26.80;1441;53;5377.00;776
13399;35;622242584;13399;581;14837;15612;4.45;0.27;413.32;26.82;1438;53;5378.00;775
13404;35;622242602;13404;579;14838;15613;4.45;0.27;413.31;26.82;1434;53;5379.00;775
13407;35;622242619;13407;583;14838;15614;4.47;0.27;413.32;26.82;1431;53;5380.00;776
13410;35;622242636;13410;583;14838;15614;4.42;0.27;413.33;26.82;1428;53;5381.00;776
13411;35;622242652;13411;583;14841;15617;4.41;0.27;413.42;26.94;1430;53;5382.00;776
13413;35;622242669;13413;585;14844;15617;4.37;0.27;413.38;26.99;1431;53;5383.00;773
13415;35;622242684;13415;601;14844;15617;4.37;0.27;413.35;26.99;1429;53;5384.00;773
13417;35;622242700;13417;597;14845;15617;4.34;0.27;413.35;27.01;1428;53;5385.00;772
13420;35;622242717;13420;597;14849;15623;4.37;0.27;413.39;27.00;1429;53;5386.00;774
13420;35;622242734;13420;585;14851;15623;4.37;0.27;413.39;27.03;1431;53;5387.00;772
13421;35;622242749;13421;573;14851;15623;4.37;0.27;413.47;27.03;1430;53;5388.00;772
13424;35;622242766;13424;570;14851;15623;4.37;0.27;413.46;27.03;1427;53;5389.00;772
13424;35;622242782;13424;571;14853;15627;4.40;0.27;413.46;27.05;1429;53;5390.00;774
13427;35;622242798;13427;567;14853;15628;4.44;0.27;413.53;27.05;1426;53;5391.00;775
13427;35;622242814;13427;574;14854;15628;4.47;0.27;413.53;27.06;1427;53;5392.00;774
13429;35;622242830;13429;571;14856;15629;4.50;0.28;413.53;27.08;1427;53;5393.00;773
13430;35;622242847;13430;565;14857;15629;4.53;0.28;413.58;27.10;1427;53;5394.00;772
13432;35;622242863;13432;569;14857;15629;4.56;0.28;413.53;27.10;1425;53;5395.00;772
13434;35;622242879;13434;567;14857;15629;4.58;0.28;413.57;27.10;1423;53;5396.00;772
13435;35;622242900;13435;573;14857;15629;4.60;0.28;413.56;27.10;1422;53;5397.00;772
13436;35;622242921;13436;569;14858;15629;4.58;0.28;413.59;27.11;1422;53;5398.00;771
13438;35;622242937;13438;572;14859;15629;4.59;0.28;413.57;27.25;1421;53;5399.00;770
