step_arrived;step_collisions;step_duration;step_ended;step_halting;step_inserted;step_loaded;step_meanSpeed;step_meanSpeedRelative;step_meanTravelTime;step_meanWaitingTime;step_running;step_teleports;step_time;step_waiting
0;0;621038233;0;1;90;245;16.22;1.14;-1.00;0.00;90;0;0.00;155
0;0;621038261;0;1;102;245;15.43;1.07;-1.00;0.12;102;0;1.00;143
0;0;621038262;0;2;122;245;14.50;0.99;-1.00;0.43;122;0;2.00;123
0;0;621038263;0;3;137;245;13.34;0.90;-1.00;0.71;137;0;3.00;108
0;0;621038264;0;2;149;245;12.39;0.83;-1.00;0.97;149;0;4.00;96
0;0;621038266;0;6;154;245;11.70;0.78;-1.00;1.10;154;0;5.00;91
0;0;621038267;0;7;166;245;10.71;0.71;-1.00;1.46;166;0;6.00;79
0;0;621038269;0;12;173;245;10.20;0.68;-1.00;1.68;173;0;7.00;72
0;0;621038270;0;17;184;246;9.74;0.64;-1.00;2.06;184;0;8.00;62
0;0;621038273;0;22;189;247;9.58;0.63;-1.00;2.24;189;0;9.00;58
0;0;621038276;0;27;198;247;9.22;0.61;-1.00;2.60;198;0;10.00;49
1;0;621038278;1;32;205;248;8.86;0.58;11.00;2.83;204;0;11.00;43
2;0;621038280;2;34;206;248;8.71;0.57;11.50;2.88;204;0;12.00;42
2;0;621038282;2;37;211;248;8.51;0.56;11.50;3.12;209;0;13.00;37
2;0;621038285;2;42;217;248;8.35;0.54;11.50;3.42;215;0;14.00;31
2;0;621038287;2;45;223;252;8.17;0.53;11.50;3.61;221;0;15.00;29
2;0;621038290;2;48;225;252;8.17;0.53;11.50;3.68;223;0;16.00;27
2;0;621038292;2;54;227;252;8.17;0.52;11.50;3.74;225;0;17.00;25
3;0;621038294;3;56;230;255;8.13;0.52;13.67;3.93;227;0;18.00;25
3;0;621038297;3;59;233;255;8.14;0.52;13.67;3.98;230;0;19.00;22
4;0;621038300;4;68;234;255;8.14;0.51;15.25;4.05;230;0;20.00;21
4;0;621038302;4;73;240;259;8.32;0.53;15.25;4.14;236;0;21.00;19
4;0;621038306;4;75;242;260;8.43;0.53;15.25;4.20;238;0;22.00;18
5;0;621038309;5;81;245;260;8.51;0.54;16.80;4.43;240;0;23.00;15
5;0;621038312;5;84;248;264;8.58;0.54;16.80;4.38;243;0;24.00;16
5;0;621038315;5;87;251;264;8.59;0.54;16.80;4.46;246;0;25.00;13
5;0;621038323;5;87;253;264;8.59;0.53;16.80;4.63;248;0;26.00;11
6;0;621038327;6;85;253;265;8.59;0.53;18.50;4.63;247;0;27.00;12
6;0;621038330;6;86;254;265;8.64;0.54;18.50;4.72;248;0;28.00;11
6;0;621038333;6;89;260;271;8.62;0.53;18.50;4.63;254;0;29.00;11
6;0;621038339;6;91;260;271;8.57;0.53;18.50;4.63;254;0;30.00;11
7;0;621038342;7;94;262;272;8.44;0.52;19.86;4.72;255;0;31.00;10
7;0;621038345;7;95;263;272;8.42;0.52;19.86;4.83;256;0;32.00;9
7;0;621038348;7;98;263;272;8.51;0.53;19.86;4.83;256;0;33.00;9
8;0;621038351;8;99;265;272;8.45;0.52;21.63;5.05;257;0;34.00;7
10;0;621038354;10;105;266;272;8.42;0.52;23.60;5.16;256;0;35.00;6
10;0;621038357;10;111;277;284;8.63;0.53;23.60;4.95;267;0;36.00;7
11;0;621038361;11;112;278;284;8.45;0.52;24.45;5.04;267;0;37.00;6
11;0;621038364;11;114;280;284;8.34;0.52;24.45;5.11;269;0;38.00;4
12;0;621038367;12;118;281;284;8.15;0.51;25.25;5.10;269;0;39.00;3
12;0;621038370;12;120;281;284;8.05;0.50;25.25;5.10;269;0;40.00;3
15;0;621038372;15;122;281;284;7.87;0.49;26.67;5.10;266;0;41.00;3
15;0;621038375;15;125;285;288;7.89;0.49;26.67;5.05;270;0;42.00;3
15;0;621038378;15;130;285;288;7.80;0.48;26.67;5.05;270;0;43.00;3
16;0;621038381;16;132;289;292;7.78;0.48;27.13;4.99;273;0;44.00;3
16;0;621038385;16;136;291;294;7.74;0.48;27.13;4.96;275;0;45.00;3
16;0;621038388;16;140;291;294;7.60;0.48;27.13;4.96;275;0;46.00;3
17;0;621038391;17;141;291;294;7.52;0.47;27.88;4.96;274;0;47.00;3
17;0;621038394;17;145;302;307;7.79;0.49;27.88;4.77;285;0;48.00;5
17;0;621038397;17;147;302;307;7.65;0.48;27.88;4.77;285;0;49.00;5
18;0;621038400;18;149;302;307;7.52;0.47;29.11;4.77;284;0;50.00;5
18;0;621038403;18;150;303;308;7.47;0.47;29.11;4.76;285;0;51.00;5
19;0;621038406;19;151;304;309;7.34;0.46;29.26;4.75;285;0;52.00;5
20;0;621038409;20;153;304;309;7.28;0.45;30.45;4.75;284;0;53.00;5
20;0;621038412;20;156;306;312;7.32;0.46;30.45;4.72;286;0;54.00;6
20;0;621038415;20;157;306;312;7.30;0.46;30.45;4.72;286;0;55.00;6
22;0;621038417;22;145;307;312;7.20;0.45;31.73;4.71;285;0;56.00;5
24;0;621038420;24;143;307;312;7.10;0.44;32.21;4.71;283;0;57.00;5
25;0;621038423;25;141;312;318;7.26;0.45;33.24;4.65;287;0;58.00;6
27;0;621038426;27;139;312;318;7.22;0.45;35.04;4.65;285;0;59.00;6
27;0;621038431;27;143;312;318;7.28;0.45;35.04;4.65;285;0;60.00;6
27;0;621038434;27;146;312;318;7.33;0.45;35.04;4.65;285;0;61.00;6
27;0;621038437;27;147;316;322;7.40;0.46;35.04;4.60;289;0;62.00;6
27;0;621038441;27;152;317;323;7.54;0.46;35.04;4.59;290;0;63.00;6
30;0;621038445;30;153;317;323;7.48;0.46;36.10;4.59;287;0;64.00;6
30;0;621038449;30;154;318;324;7.60;0.46;36.10;4.58;288;0;65.00;6
30;0;621038452;30;156;318;324;7.59;0.46;36.10;4.58;288;0;66.00;6
32;0;621038455;32;145;318;324;7.62;0.47;37.94;4.58;286;0;67.00;6
32;0;621038459;32;140;318;324;7.78;0.48;37.94;4.58;286;0;68.00;6
33;0;621038461;33;136;318;324;7.87;0.48;38.88;4.58;285;0;69.00;6
33;0;621038464;33;134;318;324;7.99;0.49;38.88;4.58;285;0;70.00;6
34;0;621038467;34;129;318;324;8.12;0.49;39.82;4.58;284;0;71.00;6
34;0;621038471;34;134;352;394;8.37;0.51;39.82;4.14;318;0;72.00;42
34;0;621038480;34;129;353;395;8.47;0.52;39.82;4.13;319;0;73.00;42
35;0;621038483;35;121;360;395;8.71;0.53;40.80;4.09;325;0;74.00;35
35;0;621038487;35;121;364;395;8.84;0.54;40.80;4.07;329;0;75.00;31
36;0;621038490;36;118;367;395;8.97;0.54;41.78;4.07;331;0;76.00;28
36;0;621038500;36;116;368;395;9.05;0.55;41.78;4.08;332;0;77.00;27
37;0;621038504;37;117;371;395;9.06;0.55;42.76;4.09;334;0;78.00;24
37;0;621038508;37;120;374;395;9.20;0.56;42.76;4.11;337;0;79.00;21
37;0;621038512;37;120;377;396;9.24;0.56;42.76;4.15;340;0;80.00;19
39;0;621038517;39;121;379;397;9.27;0.56;44.26;4.15;340;0;81.00;18
39;1;621038522;39;122;380;397;9.33;0.57;44.26;4.17;341;1;82.00;17
39;1;621038541;39;122;385;401;9.21;0.56;44.26;4.13;346;1;83.00;16
40;1;621038546;40;125;385;401;9.13;0.55;45.25;4.13;345;1;84.00;16
40;1;621038550;40;126;385;401;9.08;0.55;45.25;4.13;345;1;85.00;16
40;1;621038554;40;128;385;401;8.92;0.54;45.25;4.13;345;1;86.00;16
42;1;621038558;42;130;390;407;8.80;0.54;47.00;4.09;348;1;87.00;17
43;1;621038562;43;133;390;407;8.62;0.53;47.95;4.09;347;1;88.00;17
43;1;621038566;43;132;390;407;8.57;0.52;47.95;4.09;347;1;89.00;17
46;1;621038571;46;129;394;413;8.47;0.52;50.59;4.05;348;1;90.00;19
46;1;621038575;46;129;394;413;8.43;0.51;50.59;4.05;348;1;91.00;19
49;1;621038578;49;128;396;413;8.41;0.51;53.12;4.04;347;1;92.00;17
49;1;621038588;49;128;397;414;8.41;0.51;53.12;4.03;348;1;93.00;17
49;1;621038592;49;129;398;415;8.45;0.52;53.12;4.02;349;1;94.00;17
50;1;621038596;50;128;398;415;8.54;0.52;53.96;4.02;348;1;95.00;17
51;1;621038600;51;132;409;428;8.55;0.52;54.78;3.91;358;1;96.00;19
55;1;621038604;55;129;409;428;8.56;0.52;56.55;3.91;354;1;97.00;19
56;1;621038608;56;130;409;428;8.59;0.53;57.29;3.91;353;1;98.00;19
58;1;621038612;58;129;410;429;8.65;0.53;58.62;3.90;352;1;99.00;19
60;1;621038616;60;128;410;429;8.70;0.53;59.93;3.90;350;1;100.00;19
60;1;621038626;60;126;413;433;8.83;0.54;59.93;3.88;353;1;101.00;20
61;1;621038630;61;119;413;433;8.88;0.54;60.62;3.88;352;1;102.00;20
61;1;621038634;61;115;417;437;8.92;0.55;60.62;3.86;356;1;103.00;20
63;1;621038638;63;108;419;437;9.04;0.55;61.84;4.03;356;1;104.00;18
65;1;621038644;65;104;419;437;9.21;0.56;62.85;4.03;354;1;105.00;18
65;1;621038648;65;98;419;437;9.40;0.57;62.85;4.03;354;1;106.00;18
66;1;621038652;66;92;419;437;9.59;0.58;63.48;4.03;353;1;107.00;18
66;1;621038657;66;89;429;449;9.76;0.60;63.48;3.93;363;1;108.00;20
66;1;621038664;66;83;430;449;9.96;0.61;63.48;3.93;364;1;109.00;19
67;1;621038669;67;80;431;449;10.09;0.62;64.18;3.92;364;1;110.00;18
67;1;621038674;67;75;431;449;10.22;0.63;64.18;3.92;364;1;111.00;18
67;1;621038679;67;72;431;449;10.41;0.64;64.18;3.92;364;1;112.00;18
68;1;621038684;68;71;431;449;10.51;0.64;64.90;3.92;363;1;113.00;18
68;1;621038689;68;68;432;450;10.58;0.65;64.90;3.91;364;1;114.00;18
69;1;621038694;69;69;432;450;10.54;0.65;65.10;3.91;363;1;115.00;18
69;1;621038700;69;66;437;456;10.67;0.65;65.10;3.88;368;1;116.00;19
70;1;621038705;70;66;439;457;10.62;0.65;65.80;4.23;369;1;117.00;18
71;1;621038710;71;68;441;457;10.61;0.65;66.54;4.32;370;1;118.00;16
74;1;621038715;74;70;441;457;10.62;0.65;68.61;4.32;367;1;119.00;16
75;1;621038725;75;74;448;462;10.69;0.65;69.27;4.73;373;1;120.00;14
77;1;621038731;77;75;448;462;10.83;0.66;70.30;4.73;371;1;121.00;14
77;1;621038736;77;74;448;462;10.93;0.67;70.30;4.73;371;1;122.00;14
78;1;621038742;78;77;451;463;11.06;0.68;70.92;5.09;373;1;123.00;12
81;1;621038748;81;78;456;467;11.05;0.68;72.72;5.16;375;1;124.00;11
82;1;621038754;82;79;458;467;11.17;0.68;73.30;5.42;376;1;125.00;9
83;1;621038759;83;80;461;470;11.36;0.69;73.94;5.47;378;1;126.00;9
86;1;621038765;86;82;464;470;11.43;0.70;75.56;5.67;378;1;127.00;6
87;1;621038771;87;84;465;470;11.51;0.70;75.75;5.77;378;1;128.00;5
89;1;621038777;89;85;466;470;11.63;0.71;75.98;5.79;377;1;129.00;4
90;1;621038783;90;86;470;474;11.78;0.72;76.04;5.75;380;1;130.00;4
91;1;621038789;91;89;471;474;11.86;0.72;76.63;5.86;380;1;131.00;3
92;1;621038795;92;88;471;474;11.81;0.72;76.45;5.86;379;1;132.00;3
93;1;621038801;93;88;472;474;11.82;0.72;76.74;5.93;379;1;133.00;2
93;1;621038806;93;90;473;475;11.77;0.72;76.74;5.92;380;1;134.00;2
94;1;621038813;94;90;476;477;11.69;0.71;77.34;5.96;382;1;135.00;1
94;1;621038818;94;91;476;477;11.62;0.71;77.34;5.96;382;1;136.00;1
94;1;621038824;94;93;478;478;11.57;0.71;77.34;5.98;384;1;137.00;0
95;1;621038831;95;96;478;478;11.49;0.70;76.84;5.98;383;1;138.00;0
96;1;621038837;96;97;478;478;11.52;0.70;76.74;5.98;382;1;139.00;0
99;1;621038843;99;100;478;478;11.52;0.70;78.49;5.98;379;1;140.00;0
100;1;621038849;100;103;478;478;11.53;0.71;79.12;5.98;378;1;141.00;0
102;1;621038856;102;103;478;478;11.51;0.71;80.12;5.98;376;1;142.00;0
102;1;621038865;102;104;478;478;11.40;0.70;80.12;5.98;376;1;143.00;0
103;1;621038873;103;126;554;605;10.98;0.69;80.74;5.16;451;1;144.00;51
106;1;621038895;106;120;560;606;10.86;0.68;82.38;5.12;454;1;145.00;46
109;1;621038904;109;113;567;606;10.78;0.68;83.03;5.08;458;1;146.00;39
110;1;621038913;110;116;567;606;10.64;0.67;83.28;5.08;457;1;147.00;39
112;1;621038921;112;116;572;606;10.53;0.67;84.43;5.07;460;1;148.00;34
114;1;621038929;114;117;574;606;10.48;0.66;85.18;5.07;460;1;149.00;32
114;1;621038940;114;123;578;611;10.41;0.66;85.18;5.06;464;1;150.00;33
116;1;621038953;116;116;580;611;10.38;0.65;86.30;5.06;464;1;151.00;31
121;1;621038962;121;118;582;612;10.35;0.65;88.29;5.07;461;1;152.00;30
124;1;621038972;124;119;586;613;10.29;0.64;89.23;5.10;462;1;153.00;27
125;1;621038981;125;122;588;613;10.30;0.64;89.74;5.12;463;1;154.00;25
126;1;621038991;126;124;592;614;10.26;0.64;90.21;5.13;466;1;155.00;22
127;1;621039001;127;129;594;614;10.24;0.64;90.16;5.14;467;1;156.00;20
128;1;621039009;128;130;596;614;10.18;0.63;90.48;5.17;468;1;157.00;18
131;1;621039016;131;133;600;614;10.11;0.63;91.44;5.23;469;1;158.00;14
133;1;621039023;133;138;603;618;10.10;0.62;91.33;5.23;470;1;159.00;15
138;1;621039030;138;142;604;618;9.97;0.61;92.64;5.25;466;1;160.00;14
139;1;621039036;139;143;606;618;9.94;0.61;93.09;5.29;467;1;161.00;12
141;1;621039044;141;146;607;621;9.85;0.61;93.76;5.31;466;1;162.00;14
143;1;621039052;143;149;610;621;9.76;0.60;94.64;5.35;467;1;163.00;11
143;1;621039061;143;151;611;621;9.82;0.61;94.64;5.36;468;1;164.00;10
143;1;621039068;143;149;618;625;9.84;0.61;94.64;5.39;475;1;165.00;7
143;1;621039075;143;148;619;626;9.89;0.61;94.64;5.39;476;1;166.00;7
146;1;621039081;146;147;620;626;9.86;0.61;95.08;5.38;474;1;167.00;6
146;1;621039087;146;146;623;630;9.75;0.60;95.08;5.36;477;1;168.00;7
148;1;621039094;148;150;626;630;9.62;0.60;95.84;5.40;478;1;169.00;4
152;1;621039104;152;139;628;630;9.44;0.58;97.02;5.44;476;1;170.00;2
152;1;621039114;152;134;629;631;9.36;0.58;97.02;5.43;477;1;171.00;2
153;1;621039122;153;130;629;631;9.26;0.57;97.49;5.43;476;1;172.00;2
154;1;621039128;154;130;635;637;9.30;0.57;97.22;5.39;481;1;173.00;2
156;1;621039135;156;132;637;637;9.21;0.57;96.96;5.42;481;1;174.00;0
156;1;621039141;156;131;638;638;9.18;0.56;96.96;5.42;482;1;175.00;0
156;1;621039148;156;130;638;638;9.18;0.56;96.96;5.42;482;1;176.00;0
158;1;621039154;158;130;638;638;9.20;0.56;97.09;5.42;480;1;177.00;0
158;1;621039161;158;127;638;638;9.15;0.56;97.09;5.42;480;1;178.00;0
159;1;621039167;159;125;638;638;9.06;0.56;97.60;5.42;479;1;179.00;0
159;1;621039174;159;133;669;672;9.22;0.57;97.60;5.16;510;1;180.00;3
161;1;621039183;161;126;669;672;9.15;0.56;98.61;5.16;508;1;181.00;3
161;1;621039189;161;125;671;672;9.16;0.57;98.61;5.15;510;1;182.00;1
163;1;621039196;163;127;671;672;9.09;0.56;98.72;5.15;508;1;183.00;1
163;1;621039204;163;134;672;672;9.17;0.57;98.72;5.15;509;1;184.00;0
165;1;621039214;165;138;672;672;9.23;0.57;99.02;5.15;507;1;185.00;0
166;1;621039224;166;141;676;676;9.29;0.58;99.53;5.13;510;1;186.00;0
167;1;621039231;167;150;676;676;9.27;0.58;99.61;5.13;509;1;187.00;0
168;1;621039239;168;152;680;680;9.21;0.57;99.70;5.10;512;1;188.00;0
172;1;621039246;172;152;681;681;9.11;0.57;100.01;5.10;509;1;189.00;0
174;1;621039254;174;162;681;681;9.03;0.56;100.22;5.10;507;1;190.00;0
178;1;621039260;178;168;681;681;8.93;0.55;99.46;5.10;503;1;191.00;0
178;1;621039269;178;177;694;694;8.99;0.56;99.46;5.00;516;1;192.00;0
179;1;621039277;179;179;694;694;8.92;0.55;99.17;5.00;515;1;193.00;0
183;1;621039284;183;179;694;694;8.85;0.55;99.53;5.00;511;1;194.00;0
184;1;621039291;184;186;695;695;8.81;0.55;99.66;5.00;511;1;195.00;0
186;1;621039306;186;191;696;696;8.72;0.54;99.38;4.99;510;1;196.00;0
190;1;621039313;190;193;696;696;8.60;0.53;99.88;4.99;506;1;197.00;0
193;1;621039319;193;200;698;699;8.48;0.52;99.91;4.98;505;1;198.00;1
199;1;621039326;199;205;698;699;8.24;0.50;100.37;4.98;499;1;199.00;1
200;1;621039335;200;209;699;699;8.06;0.49;100.00;4.97;499;1;200.00;0
201;1;621039353;201;216;699;699;7.95;0.49;100.02;4.97;498;1;201.00;0
203;1;621039365;203;224;704;705;7.84;0.48;100.15;4.94;501;1;202.00;1
206;1;621039378;206;224;705;705;7.64;0.47;100.41;4.94;499;1;203.00;0
207;1;621039389;207;226;705;705;7.52;0.46;100.04;4.94;498;1;204.00;0
209;1;621039398;209;229;705;705;7.38;0.45;100.91;4.94;496;1;205.00;0
209;1;621039405;209;234;709;709;7.36;0.45;100.91;4.92;500;1;206.00;0
210;1;621039412;210;242;710;710;7.28;0.45;101.40;4.91;500;1;207.00;0
212;1;621039417;212;249;710;710;7.22;0.44;101.61;4.91;498;1;208.00;0
213;1;621039423;213;249;711;711;7.18;0.44;101.21;4.90;498;1;209.00;0
214;1;621039431;214;253;711;711;7.14;0.44;100.93;4.90;497;1;210.00;0
215;1;621039438;215;256;711;711;7.12;0.44;101.19;4.90;496;1;211.00;0
216;1;621039443;216;257;711;711;6.97;0.43;101.67;4.90;495;1;212.00;0
218;1;621039449;218;263;711;711;6.85;0.42;101.17;4.90;493;1;213.00;0
218;1;621039455;218;268;711;711;6.73;0.42;101.17;4.90;493;1;214.00;0
218;1;621039461;218;268;711;711;6.64;0.41;101.17;4.90;493;1;215.00;0
220;1;621039466;220;282;752;781;6.64;0.41;101.56;4.64;532;1;216.00;29
221;1;621039478;221;268;754;782;6.55;0.41;102.07;4.63;533;1;217.00;28
224;1;621039485;224;265;762;782;6.62;0.41;103.40;4.60;538;1;218.00;20
224;1;621039491;224;247;763;782;6.75;0.42;103.40;4.60;539;1;219.00;19
227;1;621039498;227;240;765;782;6.96;0.43;104.66;4.60;538;1;220.00;17
228;1;621039507;228;236;767;782;7.18;0.44;105.17;4.60;539;1;221.00;15
229;1;621039516;229;230;768;782;7.40;0.46;105.64;4.60;539;1;222.00;14
231;1;621039525;231;228;771;782;7.64;0.47;105.96;4.61;540;1;223.00;11
233;1;621039533;233;230;775;783;7.79;0.48;106.55;4.63;542;1;224.00;8
235;1;621039543;235;228;778;785;7.78;0.48;107.53;4.63;543;1;225.00;7
236;1;621039554;236;216;781;785;7.97;0.49;107.83;4.65;545;1;226.00;4
236;1;621039566;236;204;787;789;8.14;0.50;107.83;4.65;551;1;227.00;2
238;1;621039574;238;201;789;789;8.26;0.51;108.39;4.65;551;1;228.00;0
239;1;621039582;239;197;789;789;8.39;0.51;108.51;4.65;550;1;229.00;0
240;1;621039590;240;194;789;789;8.51;0.52;109.00;4.65;549;1;230.00;0
241;1;621039601;241;190;795;795;8.60;0.53;108.90;4.62;554;1;231.00;0
241;1;621039615;241;188;795;795;8.71;0.53;108.90;4.62;554;1;232.00;0
242;1;621039627;242;185;795;795;8.79;0.54;108.57;4.62;553;1;233.00;0
243;1;621039646;243;181;797;798;8.94;0.55;109.05;4.61;554;1;234.00;1
245;1;621039654;245;177;797;798;9.02;0.55;109.53;4.61;552;1;235.00;1
247;1;621039662;247;174;798;798;9.10;0.56;109.58;4.61;551;1;236.00;0
247;1;621039670;247;168;799;799;9.11;0.56;109.58;4.60;552;1;237.00;0
247;1;621039677;247;161;800;800;9.16;0.56;109.58;4.60;553;1;238.00;0
250;1;621039685;250;156;800;800;9.21;0.56;110.90;4.60;550;1;239.00;0
255;2;621039694;255;160;824;826;9.15;0.56;111.00;4.46;569;2;240.00;2
256;2;621039722;256;148;824;826;9.23;0.56;111.34;4.46;568;2;241.00;2
259;2;621039730;259;137;825;826;9.34;0.57;111.87;4.46;566;2;242.00;1
260;2;621039739;260;132;826;827;9.50;0.58;112.33;4.45;566;2;243.00;1
262;2;621039746;262;129;827;827;9.61;0.59;112.52;4.45;565;2;244.00;0
265;2;621039755;265;131;831;831;9.64;0.59;112.38;4.44;566;2;245.00;0
268;2;621039763;268;131;831;831;9.71;0.59;113.83;4.44;563;2;246.00;0
274;2;621039770;274;131;835;835;9.65;0.59;114.97;4.42;561;2;247.00;0
278;2;621039778;278;132;835;835;9.70;0.59;116.10;4.42;557;2;248.00;0
279;2;621039785;279;129;835;835;9.84;0.60;115.91;4.42;556;2;249.00;0
280;2;621039791;280;132;835;835;9.94;0.60;116.13;4.42;555;2;250.00;0
281;2;621039799;281;127;835;835;9.96;0.60;116.10;4.42;554;2;251.00;0
282;2;621039805;282;127;845;847;9.97;0.60;116.58;4.37;563;2;252.00;2
282;2;621039814;282;132;845;847;9.94;0.60;116.58;4.37;563;2;253.00;2
283;2;621039820;283;134;847;847;9.96;0.60;117.01;4.36;564;2;254.00;0
283;2;621039827;283;138;847;847;10.04;0.61;117.01;4.36;564;2;255.00;0
283;2;621039834;283;138;847;847;10.11;0.61;117.01;4.36;564;2;256.00;0
283;2;621039840;283;144;847;847;10.14;0.62;117.01;4.36;564;2;257.00;0
283;2;621039849;283;147;848;848;10.13;0.62;117.01;4.36;565;2;258.00;0
284;2;621039857;284;150;848;848;10.06;0.61;117.01;4.36;564;2;259.00;0
285;2;621039867;285;147;854;854;10.04;0.61;117.15;4.33;569;2;260.00;0
285;2;621039875;285;145;855;855;10.01;0.61;117.15;4.33;570;2;261.00;0
286;2;621039888;286;142;855;855;9.94;0.60;117.36;4.33;569;2;262.00;0
289;2;621039896;289;141;855;855;9.89;0.60;117.49;4.33;566;2;263.00;0
289;2;621039904;289;137;859;859;9.91;0.60;117.49;4.31;570;2;264.00;0
291;2;621039912;291;133;859;859;9.97;0.61;117.94;4.31;568;2;265.00;0
294;2;621039919;294;133;859;859;10.03;0.61;118.47;4.31;565;2;266.00;0
298;2;621039928;298;131;860;860;10.13;0.62;119.41;4.31;562;2;267.00;0
302;2;621039935;302;130;864;864;10.11;0.61;120.26;4.29;562;2;268.00;0
303;2;621039944;303;126;864;864;10.21;0.62;120.59;4.29;561;2;269.00;0
307;2;621039951;307;124;868;870;10.29;0.62;121.50;4.27;561;2;270.00;2
310;2;621039960;310;122;868;870;10.35;0.63;122.30;4.27;558;2;271.00;2
313;2;621039966;313;115;870;870;10.39;0.63;122.79;4.27;557;2;272.00;0
316;2;621039973;316;114;870;870;10.42;0.63;122.59;4.27;554;2;273.00;0
317;2;621039981;317;109;874;874;10.54;0.64;123.00;4.25;557;2;274.00;0
318;2;621039988;318;106;874;874;10.58;0.64;123.03;4.25;556;2;275.00;0
322;2;621039996;322;99;874;874;10.67;0.65;123.35;4.25;552;2;276.00;0
324;2;621040005;324;96;874;874;10.77;0.65;123.30;4.25;550;2;277.00;0
325;2;621040013;325;93;875;875;11.00;0.67;123.33;4.25;550;2;278.00;0
331;2;621040022;331;89;876;876;11.13;0.67;123.88;4.24;545;2;279.00;0
335;2;621040031;335;83;876;876;11.24;0.68;123.75;4.24;541;2;280.00;0
335;2;621040038;335;77;877;877;11.24;0.68;123.75;4.24;542;2;281.00;0
336;2;621040045;336;76;877;877;11.30;0.68;123.58;4.24;541;2;282.00;0
336;2;621040052;336;75;877;877;11.36;0.69;123.58;4.24;541;2;283.00;0
338;2;621040059;338;77;877;877;11.42;0.69;123.57;4.24;539;2;284.00;0
340;2;621040067;340;81;877;877;11.52;0.70;124.08;4.24;537;2;285.00;0
343;2;621040081;343;81;877;877;11.56;0.70;124.91;4.24;534;2;286.00;0
344;2;621040090;344;82;877;877;11.69;0.71;124.86;4.24;533;2;287.00;0
346;2;621040098;346;99;949;1004;11.41;0.70;125.36;3.92;603;2;288.00;55
347;2;621040119;347;88;951;1005;11.41;0.70;125.80;3.91;604;2;289.00;54
349;2;621040127;349;82;960;1005;11.44;0.70;126.13;3.90;611;2;290.00;45
349;2;621040135;349;83;961;1005;11.44;0.71;126.13;3.89;612;2;291.00;44
349;2;621040144;349;88;967;1005;11.46;0.71;126.13;3.90;618;2;292.00;38
349;2;621040152;349;85;969;1005;11.43;0.70;126.13;3.90;620;2;293.00;36
350;3;621040160;350;86;970;1005;11.39;0.70;126.47;3.90;620;3;294.00;35
352;3;621040180;352;88;973;1005;11.32;0.70;126.79;3.91;621;3;295.00;32
354;3;621040192;354;88;974;1006;11.30;0.69;127.73;3.91;620;3;296.00;32
355;3;621040201;355;93;977;1007;11.41;0.70;127.53;3.93;622;3;297.00;30
358;3;621040210;358;94;981;1007;11.46;0.70;126.95;3.95;623;3;298.00;26
360;3;621040219;360;96;984;1008;11.44;0.70;126.84;3.98;624;3;299.00;24
360;3;621040231;360;97;989;1014;11.32;0.70;126.84;3.99;629;3;300.00;25
363;3;621040246;363;96;995;1014;11.12;0.68;127.82;4.05;632;3;301.00;19
364;3;621040263;364;103;998;1014;11.01;0.68;128.20;4.07;634;3;302.00;16
369;3;621040273;369;103;1000;1018;10.96;0.67;128.61;4.08;631;3;303.00;18
371;3;621040283;371;108;1003;1018;10.94;0.67;128.90;4.10;632;3;304.00;15
372;3;621040292;372;115;1004;1018;10.98;0.67;129.12;4.10;632;3;305.00;14
374;3;621040303;374;123;1010;1021;11.01;0.68;129.76;4.13;636;3;306.00;11
374;3;621040313;374;128;1010;1021;11.04;0.68;129.76;4.13;636;3;307.00;11
377;3;621040323;377;131;1011;1021;11.03;0.68;130.30;4.14;634;3;308.00;10
378;3;621040334;378;135;1015;1025;10.87;0.67;130.46;4.15;637;3;309.00;10
380;3;621040344;380;141;1018;1026;10.79;0.66;131.16;4.16;638;3;310.00;8
382;3;621040354;382;144;1019;1026;10.73;0.66;131.77;4.16;637;3;311.00;7
386;3;621040363;386;150;1026;1030;10.63;0.65;132.13;4.16;640;3;312.00;4
387;3;621040374;387;148;1026;1030;10.56;0.65;132.21;4.16;639;3;313.00;4
387;3;621040384;387;151;1027;1030;10.43;0.64;132.21;4.18;640;3;314.00;3
388;3;621040393;388;163;1029;1032;10.29;0.63;132.65;4.18;641;3;315.00;3
389;3;621040409;389;164;1030;1032;10.21;0.63;132.83;4.20;641;3;316.00;2
391;3;621040419;391;161;1037;1038;10.11;0.62;133.41;4.19;646;3;317.00;1
395;3;621040437;395;171;1037;1038;9.90;0.61;134.04;4.19;642;3;318.00;1
396;3;621040447;396;171;1039;1039;9.68;0.59;133.78;4.21;643;3;319.00;0
398;3;621040455;398;171;1039;1039;9.55;0.59;133.78;4.21;641;3;320.00;0
400;3;621040463;400;176;1039;1039;9.37;0.58;133.98;4.21;639;3;321.00;0
402;3;621040471;402;181;1039;1039;9.28;0.57;134.18;4.21;637;3;322.00;0
405;3;621040479;405;188;1039;1039;9.19;0.56;134.01;4.21;634;3;323.00;0
405;3;621040486;405;195;1050;1051;9.17;0.56;134.01;4.16;645;3;324.00;1
406;3;621040494;406;194;1050;1051;9.10;0.56;134.17;4.16;644;3;325.00;1
411;3;621040502;411;195;1051;1051;9.07;0.55;135.24;4.16;640;3;326.00;0
412;3;621040509;412;199;1051;1051;9.07;0.56;135.18;4.16;639;3;327.00;0
413;3;621040517;413;203;1051;1051;9.11;0.56;135.64;4.16;638;3;328.00;0
415;3;621040523;415;207;1051;1051;9.14;0.56;136.03;4.16;636;3;329.00;0
417;3;621040532;417;210;1055;1055;9.15;0.56;136.52;4.15;638;3;330.00;0
417;3;621040540;417;214;1055;1055;9.19;0.56;136.52;4.15;638;3;331.00;0
418;3;621040547;418;215;1059;1059;9.23;0.57;136.98;4.14;641;3;332.00;0
423;3;621040555;423;223;1060;1060;9.05;0.55;137.28;4.13;637;3;333.00;0
425;3;621040562;425;222;1060;1060;8.94;0.55;137.85;4.13;635;3;334.00;0
429;3;621040569;429;227;1060;1060;8.77;0.54;137.79;4.13;631;3;335.00;0
432;3;621040576;432;228;1073;1073;8.64;0.53;137.75;4.08;641;3;336.00;0
437;3;621040585;437;230;1073;1073;8.54;0.52;138.62;4.08;636;3;337.00;0
442;3;621040591;442;233;1073;1073;8.48;0.52;140.34;4.08;631;3;338.00;0
444;3;621040598;444;241;1074;1074;8.47;0.52;140.86;4.08;630;3;339.00;0
449;3;621040604;449;226;1075;1075;8.38;0.51;142.04;4.08;626;3;340.00;0
451;3;621040612;451;221;1075;1075;8.31;0.51;142.49;4.08;624;3;341.00;0
453;3;621040620;453;216;1078;1078;8.34;0.51;142.74;4.07;625;3;342.00;0
458;3;621040630;458;207;1078;1078;8.33;0.51;143.29;4.07;620;3;343.00;0
460;3;621040639;460;202;1078;1078;8.38;0.52;143.52;4.07;618;3;344.00;0
465;3;621040647;465;209;1078;1078;8.32;0.51;144.05;4.07;613;3;345.00;0
467;3;621040655;467;207;1084;1084;8.39;0.52;144.87;4.05;617;3;346.00;0
472;3;621040662;472;205;1084;1084;8.24;0.51;145.76;4.05;612;3;347.00;0
473;3;621040669;473;202;1084;1084;8.19;0.51;145.52;4.05;611;3;348.00;0
481;3;621040677;481;200;1084;1084;8.07;0.50;146.86;4.05;603;3;349.00;0
483;3;621040684;483;202;1088;1088;8.00;0.49;147.17;4.04;605;3;350.00;0
486;3;621040691;486;203;1089;1089;8.01;0.49;147.18;4.03;603;3;351.00;0
490;3;621040698;490;203;1089;1089;7.93;0.49;147.96;4.03;599;3;352.00;0
491;3;621040705;491;205;1090;1090;7.91;0.49;147.92;4.03;599;3;353.00;0
495;3;621040712;495;207;1090;1090;7.80;0.48;148.07;4.03;595;3;354.00;0
499;3;621040719;499;211;1090;1090;7.74;0.48;147.80;4.03;591;3;355.00;0
502;3;621040726;502;213;1090;1090;7.71;0.48;147.59;4.03;588;3;356.00;0
504;3;621040732;504;220;1090;1090;7.58;0.47;147.57;4.03;586;3;357.00;0
506;3;621040739;506;224;1090;1090;7.49;0.46;147.31;4.03;584;3;358.00;0
510;3;621040746;510;228;1090;1090;7.37;0.45;147.62;4.03;580;3;359.00;0
512;3;621040754;512;236;1153;1215;7.79;0.49;147.75;3.81;641;3;360.00;62
513;3;621040771;513;237;1161;1216;7.75;0.48;147.68;3.79;648;3;361.00;55
515;3;621040778;515;238;1175;1216;7.81;0.49;148.09;3.77;660;3;362.00;41
516;3;621040786;516;238;1176;1216;7.72;0.48;147.95;3.77;660;3;363.00;40
521;3;621040793;521;240;1183;1216;7.65;0.48;147.58;3.77;662;3;364.00;33
523;3;621040803;523;243;1187;1216;7.59;0.47;147.72;3.78;664;3;365.00;29
524;3;621040811;524;251;1192;1216;7.42;0.46;147.73;3.79;668;3;366.00;24
526;3;621040818;526;255;1198;1216;7.25;0.45;147.91;3.80;672;3;367.00;18
527;3;621040825;527;262;1204;1217;7.03;0.43;147.90;3.82;677;3;368.00;13
528;3;621040833;528;271;1207;1218;6.82;0.42;147.87;3.84;679;3;369.00;11
530;3;621040840;530;275;1212;1218;6.58;0.41;147.73;3.86;682;3;370.00;6
531;3;621040854;531;272;1219;1222;6.53;0.40;147.60;3.86;688;3;371.00;3
532;3;621040867;532;264;1219;1222;6.49;0.40;147.37;3.86;687;3;372.00;3
532;3;621040877;532;264;1220;1222;6.48;0.40;147.37;3.86;688;3;373.00;2
532;3;621040892;532;269;1220;1222;6.55;0.40;147.37;3.86;688;3;374.00;2
534;3;621040903;534;273;1226;1228;6.59;0.41;147.34;3.86;692;3;375.00;2
535;3;621040918;535;275;1226;1228;6.64;0.41;147.60;3.86;691;3;376.00;2
536;3;621040932;536;276;1226;1228;6.69;0.41;147.66;3.86;690;3;377.00;2
536;3;621040958;536;278;1230;1231;6.74;0.41;147.66;3.87;694;3;378.00;1
536;3;621040971;536;285;1230;1231;6.80;0.42;147.66;3.87;694;3;379.00;1
537;3;621040989;537;278;1230;1231;6.85;0.42;147.89;3.87;693;3;380.00;1
539;3;621040999;539;278;1231;1232;6.84;0.42;147.49;3.86;692;3;381.00;1
542;3;621041016;542;277;1233;1233;6.90;0.42;147.17;3.86;691;3;382.00;0
542;3;621041027;542;274;1233;1233;6.94;0.42;147.17;3.86;691;3;383.00;0
542;3;621041037;542;276;1246;1246;7.05;0.43;147.17;3.82;704;3;384.00;0
543;3;621041047;543;275;1246;1246;7.02;0.43;146.94;3.82;703;3;385.00;0
546;3;621041057;546;275;1246;1246;6.99;0.43;147.20;3.82;700;3;386.00;0
547;3;621041069;547;265;1247;1247;7.03;0.43;146.98;3.82;700;3;387.00;0
549;3;621041084;549;262;1247;1247;7.09;0.43;147.13;3.82;698;3;388.00;0
552;3;621041097;552;261;1251;1251;7.15;0.44;147.13;3.81;699;3;389.00;0
552;3;621041111;552;257;1251;1251;7.24;0.44;147.13;3.81;699;3;390.00;0
555;3;621041125;555;258;1255;1255;7.28;0.44;147.48;3.80;700;3;391.00;0
556;3;621041143;556;262;1255;1255;7.32;0.44;147.66;3.80;699;3;392.00;0
558;3;621041153;558;264;1255;1255;7.37;0.45;147.79;3.80;697;3;393.00;0
559;3;621041165;559;262;1255;1255;7.46;0.46;148.00;3.80;696;3;394.00;0
562;3;621041175;562;265;1255;1255;7.50;0.46;147.99;3.80;693;3;395.00;0
563;3;621041196;563;254;1265;1267;7.66;0.47;148.14;3.77;702;3;396.00;2
565;3;621041209;565;245;1266;1267;7.69;0.47;148.38;3.77;701;3;397.00;1
566;3;621041221;566;231;1267;1267;7.78;0.48;148.52;3.77;701;3;398.00;0
570;3;621041232;570;225;1267;1267;7.87;0.48;149.01;3.77;697;3;399.00;0
571;3;621041247;571;221;1267;1267;7.98;0.49;149.09;3.77;696;3;400.00;0
575;3;621041264;575;221;1267;1267;8.04;0.49;150.05;3.77;692;3;401.00;0
575;3;621041279;575;222;1268;1268;8.10;0.50;150.05;3.76;693;3;402.00;0
577;3;621041293;577;221;1268;1268;8.11;0.50;150.44;3.76;691;3;403.00;0
579;3;621041304;579;223;1274;1274;8.18;0.50;150.44;3.75;695;3;404.00;0
581;3;621041314;581;224;1276;1276;8.24;0.50;151.10;3.75;695;3;405.00;0
582;3;621041325;582;226;1276;1276;8.27;0.51;151.29;3.75;694;3;406.00;0
584;3;621041337;584;221;1276;1276;8.34;0.51;151.62;3.75;692;3;407.00;0
586;3;621041349;586;211;1280;1280;8.40;0.51;151.83;3.73;694;3;408.00;0
588;3;621041360;588;205;1280;1280;8.46;0.52;152.17;3.73;692;3;409.00;0
589;3;621041371;589;196;1280;1280;8.53;0.52;152.42;3.73;691;3;410.00;0
592;3;621041382;592;195;1281;1281;8.61;0.53;153.10;3.73;689;3;411.00;0
596;3;621041393;596;188;1285;1285;8.61;0.53;154.03;3.72;689;3;412.00;0
597;3;621041405;597;187;1285;1285;8.66;0.53;153.98;3.72;688;3;413.00;0
599;3;621041415;599;186;1287;1288;8.77;0.53;154.62;3.72;688;3;414.00;1
599;3;621041426;599;183;1287;1288;8.90;0.54;154.62;3.72;688;3;415.00;1
600;3;621041436;600;180;1288;1288;9.06;0.55;155.00;3.72;688;3;416.00;0
606;3;621041447;606;180;1288;1288;9.10;0.56;155.91;3.72;682;3;417.00;0
608;3;621041458;608;177;1292;1292;9.20;0.56;156.14;3.71;684;3;418.00;0
612;3;621041476;612;174;1292;1292;9.28;0.57;157.31;3.71;680;3;419.00;0
617;3;621041489;617;170;1292;1292;9.30;0.57;158.07;3.71;675;3;420.00;0
618;3;621041501;618;171;1292;1292;9.38;0.57;158.15;3.71;674;3;421.00;0
621;3;621041512;621;164;1293;1293;9.49;0.58;158.49;3.71;672;3;422.00;0
626;3;621041523;626;167;1294;1294;9.50;0.58;158.80;3.70;668;3;423.00;0
630;3;621041536;630;169;1294;1294;9.50;0.58;159.34;3.70;664;3;424.00;0
631;3;621041547;631;170;1295;1295;9.54;0.58;159.30;3.70;664;3;425.00;0
634;3;621041558;634;165;1295;1295;9.55;0.58;160.04;3.70;661;3;426.00;0
634;3;621041577;634;167;1295;1295;9.59;0.58;160.04;3.70;661;3;427.00;0
636;3;621041587;636;170;1295;1295;9.61;0.58;160.42;3.70;659;3;428.00;0
636;3;621041598;636;174;1295;1295;9.72;0.59;160.42;3.70;659;3;429.00;0
637;3;621041609;637;168;1295;1295;9.76;0.59;160.61;3.70;658;3;430.00;0
638;3;621041620;638;162;1295;1295;9.85;0.60;160.66;3.70;657;3;431.00;0
639;3;621041632;639;187;1374;1422;9.52;0.59;160.85;3.49;735;3;432.00;48
640;3;621041656;640;167;1375;1423;9.63;0.59;161.22;3.49;735;3;433.00;48
642;3;621041668;642;150;1380;1423;9.80;0.61;161.72;3.48;738;3;434.00;43
645;3;621041680;645;149;1382;1423;9.94;0.61;162.22;3.48;737;3;435.00;41
648;3;621041691;648;141;1387;1423;10.09;0.62;162.72;3.48;739;3;436.00;36
651;3;621041702;651;137;1390;1423;10.20;0.63;163.52;3.49;739;3;437.00;33
655;3;621041713;655;143;1392;1423;10.28;0.63;163.46;3.49;737;3;438.00;31
658;3;621041726;658;144;1395;1423;10.38;0.64;163.89;3.50;737;3;439.00;28
660;3;621041744;660;143;1398;1424;10.47;0.64;164.37;3.51;738;3;440.00;26
663;3;621041755;663;135;1399;1425;10.54;0.65;164.85;3.51;736;3;441.00;26
668;3;621041768;668;127;1402;1425;10.49;0.64;165.74;3.53;734;3;442.00;23
674;3;621041780;674;127;1406;1426;10.42;0.64;166.61;3.55;732;3;443.00;20
676;3;621041792;676;124;1407;1426;10.37;0.63;167.11;3.55;731;3;444.00;19
678;3;621041805;678;126;1413;1426;10.36;0.63;167.24;3.59;735;3;445.00;13
683;3;621041818;683;122;1417;1426;10.21;0.63;168.45;3.62;734;3;446.00;9
686;3;621041838;686;118;1419;1430;10.18;0.62;169.03;3.61;733;3;447.00;11
690;3;621041849;690;121;1421;1430;10.17;0.62;169.82;3.62;731;3;448.00;9
694;3;621041860;694;117;1422;1430;10.09;0.62;170.51;3.62;728;3;449.00;8
698;3;621041873;698;117;1427;1436;10.05;0.61;170.66;3.64;729;3;450.00;9
702;3;621041883;702;116;1428;1436;10.08;0.61;170.90;3.63;726;3;451.00;8
705;3;621041894;705;119;1430;1436;10.06;0.61;171.02;3.64;725;3;452.00;6
708;3;621041904;708;116;1432;1440;10.06;0.61;171.39;3.64;724;3;453.00;8
713;3;621041915;713;120;1434;1441;10.06;0.62;172.13;3.65;721;3;454.00;7
715;3;621041927;715;123;1435;1441;10.14;0.62;171.71;3.65;720;3;455.00;6
718;3;621041937;718;124;1438;1445;10.22;0.63;172.18;3.64;720;3;456.00;7
722;3;621041946;722;122;1438;1445;10.23;0.63;172.43;3.64;716;3;457.00;7
725;3;621041956;725;123;1438;1445;10.25;0.63;172.72;3.64;713;3;458.00;7
727;3;621041964;727;124;1439;1446;10.31;0.63;172.61;3.64;712;3;459.00;7
730;3;621041974;730;128;1441;1446;10.33;0.63;172.70;3.67;711;3;460.00;5
731;3;621041983;731;132;1445;1452;10.35;0.63;172.70;3.66;714;3;461.00;7
735;3;621041993;735;133;1445;1452;10.30;0.63;172.89;3.66;710;3;462.00;7
738;3;621042002;738;133;1447;1453;10.24;0.62;172.63;3.69;709;3;463.00;6
743;3;621042011;743;142;1447;1453;10.22;0.62;172.80;3.69;704;3;464.00;6
744;3;621042020;744;139;1447;1453;10.28;0.63;172.92;3.69;703;3;465.00;6
746;3;621042029;746;146;1449;1453;10.24;0.62;173.12;3.70;703;3;466.00;4
749;3;621042050;749;138;1449;1453;10.20;0.62;173.54;3.70;700;3;467.00;4
751;3;621042062;751;143;1458;1465;10.17;0.62;173.55;3.68;707;3;468.00;7
753;3;621042072;753;150;1459;1465;10.13;0.62;174.09;3.69;706;3;469.00;6
754;3;621042082;754;152;1462;1465;10.05;0.61;174.10;3.69;708;3;470.00;3
756;3;621042090;756;157;1462;1465;10.00;0.61;173.97;3.69;706;3;471.00;3
758;3;621042099;758;166;1463;1465;9.94;0.61;173.99;3.70;705;3;472.00;2
760;3;621042108;760;172;1464;1465;9.90;0.61;174.48;3.70;704;3;473.00;1
762;3;621042117;762;175;1467;1469;9.88;0.61;174.64;3.70;705;3;474.00;2
766;3;621042126;766;183;1468;1469;9.86;0.60;174.74;3.70;702;3;475.00;1
768;3;621042135;768;183;1472;1473;9.98;0.61;174.80;3.69;704;3;476.00;1
771;3;621042144;771;191;1473;1474;9.95;0.61;174.83;3.69;702;3;477.00;1
771;3;621042153;771;196;1474;1474;9.85;0.60;174.83;3.69;703;3;478.00;0
773;3;621042162;773;199;1474;1474;9.73;0.60;174.77;3.69;701;3;479.00;0
774;3;621042172;774;208;1494;1500;9.63;0.59;174.56;3.64;720;3;480.00;6
775;3;621042182;775;209;1497;1500;9.55;0.59;174.49;3.63;722;3;481.00;3
776;3;621042191;776;210;1500;1500;9.49;0.58;174.52;3.63;724;3;482.00;0
778;3;621042199;778;220;1501;1501;9.41;0.58;174.57;3.63;723;3;483.00;0
780;3;621042207;780;227;1502;1502;9.39;0.58;174.66;3.63;722;3;484.00;0
782;3;621042216;782;233;1502;1502;9.31;0.57;174.78;3.63;720;3;485.00;0
785;3;621042224;785;236;1504;1505;9.22;0.57;174.91;3.62;719;3;486.00;1
787;3;621042233;787;239;1504;1505;9.16;0.56;174.91;3.62;717;3;487.00;1
787;3;621042241;787;248;1505;1505;9.08;0.56;174.91;3.62;718;3;488.00;0
790;3;621042262;790;246;1505;1505;9.03;0.55;175.08;3.62;715;3;489.00;0
793;3;621042270;793;252;1511;1511;9.05;0.55;175.07;3.61;718;3;490.00;0
794;3;621042279;794;253;1511;1511;8.99;0.55;174.99;3.61;717;3;491.00;0
798;3;621042287;798;255;1511;1511;8.90;0.55;174.74;3.61;713;3;492.00;0
802;3;621042295;802;256;1511;1511;8.86;0.54;174.50;3.61;709;3;493.00;0
803;3;621042303;803;259;1515;1515;8.80;0.54;174.44;3.60;712;3;494.00;0
807;3;621042311;807;257;1517;1517;8.71;0.53;174.78;3.60;710;3;495.00;0
810;3;621042319;810;260;1517;1517;8.67;0.53;174.45;3.60;707;3;496.00;0
812;3;621042327;812;260;1518;1518;8.63;0.53;174.47;3.60;706;3;497.00;0
814;3;621042335;814;263;1518;1518;8.67;0.53;174.32;3.60;704;3;498.00;0
816;3;621042342;816;263;1518;1518;8.61;0.53;174.31;3.60;702;3;499.00;0
817;3;621042350;817;268;1518;1518;8.59;0.53;174.13;3.60;701;3;500.00;0
820;3;621042362;820;266;1518;1518;8.48;0.52;173.83;3.60;698;3;501.00;0
821;3;621042369;821;269;1518;1518;8.37;0.51;173.79;3.60;697;3;502.00;0
825;3;621042376;825;272;1518;1518;8.20;0.50;174.31;3.60;693;3;503.00;0
828;3;621042383;828;282;1556;1588;8.24;0.50;174.59;3.51;728;3;504.00;32
831;3;621042395;831;280;1558;1589;8.07;0.49;174.42;3.51;727;3;505.00;31
834;3;621042403;834;278;1567;1589;8.03;0.49;174.80;3.50;733;3;506.00;22
837;3;621042410;837;282;1570;1589;7.92;0.48;174.55;3.50;733;3;507.00;19
840;3;621042417;840;280;1574;1589;7.83;0.48;174.97;3.50;734;3;508.00;15
841;3;621042425;841;281;1577;1589;7.75;0.47;175.28;3.50;736;3;509.00;12
844;3;621042433;844;269;1581;1589;7.68;0.47;175.92;3.51;737;3;510.00;8
848;3;621042441;848;267;1584;1589;7.64;0.47;175.69;3.51;736;3;511.00;5
850;3;621042449;850;263;1586;1590;7.59;0.46;176.05;3.52;736;3;512.00;4
855;3;621042457;855;260;1587;1591;7.50;0.46;176.96;3.52;732;3;513.00;4
857;3;621042465;857;263;1588;1591;7.43;0.45;177.39;3.53;731;3;514.00;3
860;3;621042473;860;264;1594;1595;7.37;0.45;177.70;3.53;734;3;515.00;1
860;3;621042481;860;269;1594;1595;7.36;0.45;177.70;3.53;734;3;516.00;1
864;3;621042488;864;274;1595;1595;7.34;0.45;178.59;3.53;731;3;517.00;0
866;3;621042496;866;276;1595;1595;7.28;0.44;179.10;3.53;729;3;518.00;0
867;3;621042504;867;283;1600;1601;7.23;0.44;179.40;3.52;733;3;519.00;1
870;3;621042511;870;285;1601;1601;7.16;0.44;179.79;3.52;731;3;520.00;0
873;3;621042519;873;282;1601;1601;7.02;0.43;180.23;3.52;728;3;521.00;0
873;3;621042527;873;285;1604;1604;6.96;0.42;180.23;3.51;731;3;522.00;0
875;3;621042535;875;273;1604;1604;6.88;0.42;180.52;3.51;729;3;523.00;0
877;3;621042543;877;271;1604;1604;6.84;0.42;180.85;3.51;727;3;524.00;0
880;3;621042551;880;260;1605;1605;6.82;0.42;181.08;3.51;725;3;525.00;0
882;3;621042559;882;262;1606;1606;6.87;0.42;181.07;3.51;724;3;526.00;0
885;3;621042568;885;259;1606;1606;6.82;0.42;180.94;3.51;721;3;527.00;0
888;3;621042575;888;259;1619;1619;6.87;0.42;181.32;3.48;731;3;528.00;0
891;3;621042585;891;255;1619;1619;6.85;0.42;181.25;3.48;728;3;529.00;0
895;3;621042594;895;262;1619;1619;6.82;0.42;181.54;3.48;724;3;530.00;0
896;3;621042602;896;262;1620;1620;6.90;0.42;181.52;3.48;724;3;531.00;0
898;3;621042611;898;265;1620;1620;6.95;0.42;181.57;3.48;722;3;532.00;0
899;3;621042626;899;263;1624;1624;7.04;0.43;181.59;3.47;725;3;533.00;0
900;3;621042641;900;256;1624;1624;7.04;0.43;181.90;3.47;724;3;534.00;0
902;3;621042649;902;257;1628;1628;7.17;0.44;181.80;3.47;726;3;535.00;0
906;3;621042658;906;250;1628;1628;7.18;0.44;181.65;3.47;722;3;536.00;0
912;3;621042667;912;250;1628;1628;7.17;0.44;181.23;3.47;716;3;537.00;0
913;3;621042677;913;254;1628;1628;7.17;0.44;181.22;3.47;715;3;538.00;0
916;3;621042685;916;255;1628;1628;7.15;0.43;181.58;3.47;712;3;539.00;0
916;3;621042695;916;259;1658;1662;7.33;0.45;181.58;3.40;742;3;540.00;4
920;3;621042705;920;257;1658;1662;7.38;0.45;181.78;3.40;738;3;541.00;4
921;3;621042714;921;258;1661;1662;7.53;0.46;181.91;3.40;740;3;542.00;1
922;3;621042723;922;252;1661;1662;7.68;0.47;182.12;3.40;739;3;543.00;1
925;3;621042732;925;253;1662;1662;7.80;0.48;182.28;3.40;737;3;544.00;0
931;3;621042742;931;252;1662;1662;7.74;0.47;182.47;3.40;731;3;545.00;0
934;3;621042751;934;252;1663;1663;7.70;0.47;182.59;3.40;729;3;546.00;0
934;3;621042761;934;255;1663;1663;7.73;0.47;182.59;3.40;729;3;547.00;0
936;3;621042770;936;252;1669;1669;7.75;0.47;182.51;3.39;733;3;548.00;0
937;3;621042780;937;255;1670;1670;7.73;0.47;182.59;3.39;733;3;549.00;0
939;3;621042789;939;252;1670;1670;7.73;0.47;182.85;3.39;731;3;550.00;0
940;3;621042798;940;253;1670;1670;7.74;0.47;182.68;3.39;730;3;551.00;0
942;3;621042807;942;252;1674;1674;7.68;0.47;182.62;3.38;732;3;552.00;0
945;3;621042817;945;255;1674;1674;7.59;0.46;182.67;3.38;729;3;553.00;0
946;3;621042827;946;257;1674;1674;7.56;0.46;182.53;3.38;728;3;554.00;0
947;3;621042836;947;263;1675;1675;7.53;0.46;182.51;3.38;728;3;555.00;0
950;3;621042844;950;270;1679;1679;7.47;0.46;182.62;3.37;729;3;556.00;0
952;3;621042853;952;266;1679;1679;7.51;0.46;182.60;3.37;727;3;557.00;0
953;3;621042865;953;256;1681;1682;7.56;0.46;182.75;3.37;728;3;558.00;1
955;3;621042878;955;247;1681;1682;7.50;0.46;182.85;3.37;726;3;559.00;1
958;3;621042893;958;243;1682;1682;7.55;0.46;182.95;3.37;724;3;560.00;0
961;3;621042907;961;241;1682;1682;7.55;0.46;182.89;3.37;721;3;561.00;0
962;3;621042921;962;239;1686;1686;7.61;0.47;182.91;3.36;724;3;562.00;0
962;3;621042936;962;233;1686;1686;7.67;0.47;182.91;3.36;724;3;563.00;0
965;3;621042948;965;233;1686;1686;7.67;0.47;183.35;3.36;721;3;564.00;0
968;3;621042961;968;235;1686;1686;7.75;0.47;183.76;3.36;718;3;565.00;0
973;3;621042981;973;221;1687;1687;7.80;0.48;183.93;3.36;714;3;566.00;0
978;3;621042992;978;214;1688;1688;7.85;0.48;184.25;3.36;710;3;567.00;0
981;3;621043008;981;214;1688;1688;7.93;0.48;184.59;3.36;707;3;568.00;0
985;3;621043018;985;209;1689;1689;8.01;0.49;185.08;3.36;704;3;569.00;0
989;3;621043030;989;204;1689;1689;8.08;0.49;185.34;3.36;700;3;570.00;0
990;3;621043041;990;198;1689;1689;8.12;0.49;185.67;3.36;699;3;571.00;0
991;3;621043054;991;202;1689;1689;8.13;0.49;185.74;3.36;698;3;572.00;0
994;3;621043063;994;202;1689;1689;8.17;0.49;186.38;3.36;695;3;573.00;0
996;3;621043073;996;197;1689;1689;8.23;0.50;186.61;3.36;693;3;574.00;0
998;3;621043082;998;203;1689;1689;8.26;0.50;186.84;3.36;691;3;575.00;0
1001;3;621043092;1001;234;1771;1816;8.28;0.51;187.30;3.20;770;3;576.00;45
1004;3;621043112;1004;216;1774;1817;8.27;0.51;187.97;3.20;770;3;577.00;43
1005;3;621043124;1005;203;1782;1817;8.35;0.52;188.24;3.20;777;3;578.00;35
1006;3;621043134;1006;197;1782;1817;8.41;0.52;188.27;3.20;776;3;579.00;35
1008;3;621043143;1008;192;1787;1817;8.54;0.53;188.45;3.20;779;3;580.00;30
1008;3;621043153;1008;191;1787;1817;8.59;0.53;188.45;3.20;779;3;581.00;30
1010;3;621043162;1010;188;1789;1817;8.68;0.54;188.50;3.20;779;3;582.00;28
1011;3;621043179;1011;190;1792;1817;8.78;0.54;188.86;3.21;781;3;583.00;25
1011;3;621043189;1011;188;1794;1818;8.86;0.55;188.86;3.21;783;3;584.00;24
1015;3;621043198;1015;195;1798;1820;8.85;0.54;189.19;3.22;783;3;585.00;22
1017;3;621043209;1017;203;1800;1820;8.85;0.54;189.19;3.23;783;3;586.00;20
1021;3;621043219;1021;205;1802;1821;8.83;0.54;189.29;3.23;781;3;587.00;19
1024;3;621043229;1024;207;1806;1821;8.83;0.54;189.50;3.25;782;3;588.00;15
1028;3;621043245;1028;210;1808;1821;8.89;0.55;189.94;3.26;780;3;589.00;13
1029;3;621043257;1029;212;1809;1821;8.92;0.55;190.00;3.27;780;3;590.00;12
1031;3;621043267;1031;212;1814;1825;8.91;0.55;190.26;3.28;783;3;591.00;11
1034;3;621043278;1034;215;1815;1825;8.88;0.54;190.55;3.28;781;3;592.00;10
1038;3;621043288;1038;224;1817;1825;8.86;0.54;190.75;3.30;779;3;593.00;8
1039;3;621043298;1039;227;1819;1828;8.94;0.55;190.85;3.31;780;3;594.00;9
1042;3;621043308;1042;231;1821;1828;8.99;0.55;191.32;3.33;779;3;595.00;7
1042;3;621043319;1042;225;1823;1828;9.07;0.55;191.32;3.34;781;3;596.00;5
1045;3;621043328;1045;231;1828;1832;9.07;0.55;192.03;3.33;783;3;597.00;4
1047;3;621043339;1047;235;1831;1833;9.15;0.56;192.38;3.34;784;3;598.00;2
1050;3;621043349;1050;233;1831;1833;9.25;0.56;192.64;3.34;781;3;599.00;2
1051;3;621043361;1051;235;1843;1859;9.27;0.57;192.97;3.33;792;3;600.00;16
1053;3;621043379;1053;224;1846;1859;9.34;0.57;193.10;3.33;793;3;601.00;13
1054;3;621043392;1054;222;1846;1859;9.40;0.57;193.21;3.33;792;3;602.00;13
1055;3;621043403;1055;214;1847;1860;9.52;0.58;193.19;3.33;792;3;603.00;13
1057;3;621043417;1057;211;1848;1860;9.58;0.58;193.53;3.33;791;3;604.00;12
1061;3;621043428;1061;205;1852;1866;9.59;0.58;193.73;3.32;791;3;605.00;14
1065;3;621043439;1065;206;1854;1866;9.62;0.58;194.09;3.33;789;3;606.00;12
1070;3;621043450;1070;199;1855;1867;9.66;0.59;194.54;3.33;785;3;607.00;12
1072;3;621043460;1072;196;1855;1867;9.75;0.59;195.02;3.33;783;3;608.00;12
1076;3;621043471;1076;191;1856;1867;9.76;0.59;195.61;3.33;780;3;609.00;11
1079;3;621043482;1079;190;1856;1867;9.74;0.59;195.66;3.33;777;3;610.00;11
1082;3;621043492;1082;184;1857;1867;9.71;0.59;195.68;3.33;775;3;611.00;10
1086;3;621043501;1086;184;1868;1879;9.69;0.59;196.19;3.32;782;3;612.00;11
1092;3;621043512;1092;185;1868;1879;9.60;0.58;197.27;3.32;776;3;613.00;11
1094;3;621043522;1094;175;1868;1879;9.55;0.58;197.81;3.32;774;3;614.00;11
1098;3;621043532;1098;171;1870;1879;9.44;0.57;198.40;3.32;772;3;615.00;9
1102;3;621043542;1102;170;1870;1879;9.39;0.57;199.11;3.32;768;3;616.00;9
1104;3;621043551;1104;167;1871;1879;9.38;0.57;199.58;3.33;767;3;617.00;8
1109;3;621043560;1109;167;1874;1883;9.24;0.56;200.16;3.32;765;3;618.00;9
1114;3;621043569;1114;167;1874;1883;9.22;0.56;200.50;3.32;760;3;619.00;9
1118;3;621043578;1118;166;1878;1887;9.22;0.56;200.86;3.33;760;3;620.00;9
1123;3;621043588;1123;167;1879;1888;9.25;0.56;201.59;3.33;756;3;621.00;9
1124;3;621043598;1124;164;1879;1888;9.28;0.56;201.48;3.33;755;3;622.00;9
1127;3;621043608;1127;166;1880;1888;9.26;0.56;201.78;3.34;753;3;623.00;8
1129;3;621043618;1129;169;1888;1901;9.24;0.56;201.51;3.32;759;3;624.00;13
1132;4;621043628;1132;171;1888;1901;9.27;0.56;201.58;3.32;756;4;625.00;13
1135;4;621043649;1135;178;1888;1901;9.28;0.56;201.61;3.32;753;4;626.00;13
1137;4;621043658;1137;180;1890;1902;9.24;0.56;202.13;3.34;753;4;627.00;12
1138;4;621043667;1138;185;1892;1903;9.18;0.56;202.31;3.35;754;4;628.00;11
1140;4;621043676;1140;187;1894;1903;9.17;0.56;202.58;3.37;754;4;629.00;9
1140;4;621043691;1140;191;1898;1909;9.14;0.56;202.58;3.36;758;4;630.00;11
1143;4;621043701;1143;197;1900;1909;9.09;0.55;202.96;3.36;757;4;631.00;9
1146;4;621043710;1146;196;1901;1909;9.06;0.55;202.89;3.36;755;4;632.00;8
1150;4;621043719;1150;197;1902;1909;9.06;0.55;202.71;3.38;752;4;633.00;7
1153;4;621043729;1153;203;1907;1915;9.15;0.56;202.63;3.37;754;4;634.00;8
1154;4;621043739;1154;208;1907;1915;9.18;0.56;202.47;3.37;753;4;635.00;8
1156;4;621043748;1156;213;1907;1915;9.15;0.56;202.64;3.37;751;4;636.00;8
1157;4;621043757;1157;217;1907;1915;9.05;0.55;202.58;3.37;750;4;637.00;8
1159;4;621043766;1159;219;1910;1919;9.00;0.55;202.56;3.37;751;4;638.00;9
1161;4;621043775;1161;228;1914;1920;8.90;0.54;202.51;3.40;753;4;639.00;6
1161;4;621043784;1161;232;1914;1920;8.85;0.54;202.51;3.40;753;4;640.00;6
1162;4;621043793;1162;236;1916;1921;8.82;0.54;202.48;3.41;754;4;641.00;5
1162;4;621043803;1162;242;1916;1921;8.75;0.53;202.48;3.41;754;4;642.00;5
1165;4;621043812;1165;243;1917;1921;8.64;0.53;202.40;3.42;752;4;643.00;4
1167;4;621043821;1167;251;1919;1921;8.64;0.53;202.31;3.43;752;4;644.00;2
1170;4;621043831;1170;251;1920;1921;8.66;0.53;201.97;3.44;750;4;645.00;1
1170;4;621043842;1170;252;1921;1921;8.68;0.53;201.97;3.44;751;4;646.00;0
1171;5;621043851;1171;258;1921;1921;8.63;0.53;201.84;3.44;750;5;647.00;0
1172;5;621043877;1172;269;1960;1991;8.71;0.53;201.85;3.37;788;5;648.00;31
1173;5;621043892;1173;273;1962;1992;8.60;0.53;201.86;3.37;789;5;649.00;30
1174;5;621043900;1174;268;1973;1992;8.69;0.53;201.93;3.36;799;5;650.00;19
1176;5;621043910;1176;270;1979;1992;8.66;0.53;201.88;3.36;803;5;651.00;13
1177;5;621043919;1177;267;1980;1992;8.60;0.53;201.86;3.36;803;5;652.00;12
1178;5;621043928;1178;267;1982;1992;8.58;0.53;201.93;3.36;804;5;653.00;10
1178;5;621043937;1178;271;1984;1992;8.55;0.53;201.93;3.36;806;5;654.00;8
1183;5;621043945;1183;273;1987;1992;8.39;0.51;201.55;3.37;804;5;655.00;5
1187;5;621043953;1187;276;1989;1993;8.21;0.50;201.38;3.37;802;5;656.00;4
1187;5;621043961;1187;280;1991;1994;8.10;0.50;201.38;3.38;804;5;657.00;3
1188;5;621043970;1188;288;1992;1994;7.95;0.49;201.46;3.38;804;5;658.00;2
1190;5;621043979;1190;287;1997;1998;7.76;0.48;201.43;3.38;807;5;659.00;1
1191;5;621043989;1191;295;1998;1998;7.58;0.47;201.33;3.38;807;5;660.00;0
1193;5;621043998;1193;297;1998;1998;7.42;0.46;201.27;3.38;805;5;661.00;0
1193;5;621044006;1193;304;1998;1998;7.31;0.45;201.27;3.38;805;5;662.00;0
1196;5;621044014;1196;303;2004;2004;7.28;0.45;201.14;3.37;808;5;663.00;0
1198;5;621044023;1198;311;2004;2004;7.21;0.44;201.22;3.37;806;5;664.00;0
1201;5;621044031;1201;312;2004;2004;7.11;0.44;201.05;3.37;803;5;665.00;0
1202;5;621044040;1202;317;2006;2007;7.14;0.44;200.98;3.37;804;5;666.00;1
1205;5;621044048;1205;322;2006;2007;7.14;0.44;200.95;3.37;801;5;667.00;1
1209;5;621044056;1209;331;2007;2007;7.12;0.43;201.09;3.37;798;5;668.00;0
1209;5;621044065;1209;329;2008;2008;7.09;0.43;201.09;3.37;799;5;669.00;0
1209;5;621044073;1209;331;2009;2009;7.08;0.43;201.09;3.36;800;5;670.00;0
1210;5;621044081;1210;333;2009;2009;6.99;0.43;200.94;3.36;799;5;671.00;0
1213;5;621044088;1213;344;2022;2022;6.89;0.42;201.04;3.34;809;5;672.00;0
1216;5;621044097;1216;343;2022;2022;6.77;0.41;200.84;3.34;806;5;673.00;0
1220;5;621044104;1220;344;2022;2022;6.63;0.40;200.94;3.34;802;5;674.00;0
1225;5;621044112;1225;330;2024;2024;6.52;0.40;201.22;3.34;799;5;675.00;0
1225;5;621044120;1225;322;2024;2024;6.51;0.40;201.22;3.34;799;5;676.00;0
1230;5;621044127;1230;315;2028;2028;6.47;0.39;201.65;3.34;798;5;677.00;0
1231;5;621044135;1231;315;2028;2028;6.48;0.40;201.92;3.34;797;5;678.00;0
1237;5;621044143;1237;317;2032;2032;6.36;0.39;202.26;3.33;795;5;679.00;0
1239;5;621044151;1239;302;2032;2032;6.35;0.39;202.45;3.33;793;5;680.00;0
1243;5;621044159;1243;290;2032;2032;6.32;0.39;202.45;3.33;789;5;681.00;0
1245;5;621044173;1245;286;2032;2032;6.35;0.39;202.64;3.33;787;5;682.00;0
1248;5;621044180;1248;276;2032;2032;6.36;0.39;202.68;3.33;784;5;683.00;0
1249;5;621044189;1249;280;2042;2044;6.51;0.40;202.87;3.31;793;5;684.00;2
1251;5;621044205;1251;280;2042;2044;6.60;0.40;202.78;3.31;791;5;685.00;2
1253;5;621044213;1253;284;2044;2044;6.71;0.41;202.74;3.31;791;5;686.00;0
1256;5;621044221;1256;273;2044;2044;6.80;0.41;202.75;3.31;788;5;687.00;0
1258;5;621044230;1258;262;2044;2044;6.94;0.42;202.95;3.31;786;5;688.00;0
1259;5;621044238;1259;256;2044;2044;6.99;0.43;202.88;3.31;785;5;689.00;0
1261;5;621044248;1261;257;2045;2045;7.10;0.43;203.11;3.31;784;5;690.00;0
1263;5;621044257;1263;250;2045;2045;7.19;0.44;203.45;3.31;782;5;691.00;0
1266;5;621044265;1266;244;2051;2051;7.29;0.45;203.82;3.31;785;5;692.00;0
1268;5;621044274;1268;246;2052;2052;7.33;0.45;203.97;3.30;784;5;693.00;0
1273;5;621044283;1273;244;2052;2052;7.42;0.45;204.55;3.30;779;5;694.00;0
1277;5;621044292;1277;243;2052;2052;7.48;0.46;204.97;3.30;775;5;695.00;0
1278;5;621044301;1278;244;2056;2056;7.56;0.46;205.13;3.30;778;5;696.00;0
1282;5;621044310;1282;251;2056;2056;7.63;0.47;205.46;3.30;774;5;697.00;0
1288;5;621044319;1288;253;2056;2056;7.64;0.47;205.46;3.30;768;5;698.00;0
1291;5;621044329;1291;251;2057;2057;7.63;0.47;205.66;3.30;766;5;699.00;0
1294;5;621044338;1294;245;2061;2061;7.68;0.47;205.85;3.29;767;5;700.00;0
1301;5;621044351;1301;240;2061;2061;7.67;0.47;206.13;3.29;760;5;701.00;0
1306;5;621044360;1306;232;2063;2064;7.65;0.47;206.07;3.29;757;5;702.00;1
1309;5;621044369;1309;231;2063;2064;7.70;0.47;206.11;3.29;754;5;703.00;1
1315;5;621044379;1315;234;2064;2064;7.73;0.47;206.26;3.29;749;5;704.00;0
1318;5;621044388;1318;229;2064;2064;7.73;0.47;206.57;3.29;746;5;705.00;0
1323;5;621044397;1323;222;2068;2068;7.80;0.47;206.57;3.28;745;5;706.00;0
1327;5;621044406;1327;221;2068;2068;7.86;0.48;207.09;3.28;741;5;707.00;0
1327;5;621044415;1327;219;2068;2068;7.93;0.48;207.09;3.28;741;5;708.00;0
1329;5;621044424;1329;217;2068;2068;8.00;0.49;207.35;3.28;739;5;709.00;0
1334;5;621044433;1334;217;2069;2069;7.94;0.48;207.51;3.28;735;5;710.00;0
1336;5;621044447;1336;217;2070;2070;8.04;0.49;207.88;3.28;734;5;711.00;0
1342;5;621044456;1342;218;2070;2070;8.05;0.49;208.33;3.28;728;5;712.00;0
1344;5;621044466;1344;219;2071;2071;8.04;0.49;208.52;3.28;727;5;713.00;0
1349;5;621044474;1349;220;2071;2071;8.07;0.49;209.48;3.28;722;5;714.00;0
1352;5;621044484;1352;218;2071;2071;8.09;0.49;209.69;3.28;719;5;715.00;0
1356;5;621044492;1356;217;2071;2071;8.13;0.49;210.03;3.28;715;5;716.00;0
1362;5;621044501;1362;221;2071;2071;8.14;0.49;211.02;3.28;709;5;717.00;0
1365;5;621044510;1365;216;2071;2071;8.21;0.50;211.09;3.28;706;5;718.00;0
1366;5;621044519;1366;218;2071;2071;8.26;0.50;211.18;3.28;705;5;719.00;0
1371;5;621044529;1371;265;2201;2301;8.29;0.52;211.19;3.09;830;5;720.00;100
1372;5;621044556;1372;254;2211;2302;8.28;0.52;211.34;3.08;839;5;721.00;91
1377;5;621044566;1377;237;2222;2302;8.21;0.51;211.59;3.07;845;5;722.00;80
1380;5;621044575;1380;235;2230;2302;8.15;0.51;211.94;3.07;850;5;723.00;72
1382;5;621044585;1382;237;2237;2302;8.10;0.51;212.00;3.08;855;5;724.00;65
1385;5;621044595;1385;238;2241;2302;7.99;0.50;212.20;3.08;856;5;725.00;61
1386;5;621044611;1386;238;2244;2302;7.86;0.49;212.26;3.08;858;5;726.00;58
1387;5;621044620;1387;229;2248;2302;7.78;0.49;212.32;3.09;861;5;727.00;54
1389;5;621044631;1389;231;2252;2303;7.74;0.48;212.44;3.10;863;5;728.00;51
1390;5;621044647;1390;225;2257;2304;7.68;0.48;212.43;3.11;867;5;729.00;47
1391;5;621044657;1391;233;2263;2304;7.63;0.47;212.49;3.13;872;5;730.00;41
1395;5;621044668;1395;235;2267;2305;7.49;0.46;212.18;3.14;872;5;731.00;38
1397;5;621044678;1397;242;2269;2305;7.38;0.46;212.28;3.15;872;5;732.00;36
1397;5;621044688;1397;247;2270;2305;7.38;0.46;212.28;3.15;873;5;733.00;35
1398;5;621044698;1398;249;2273;2305;7.36;0.45;212.39;3.17;875;5;734.00;32
1400;5;621044708;1400;257;2275;2309;7.39;0.46;212.53;3.16;875;5;735.00;34
1401;5;621044719;1401;249;2276;2309;7.44;0.46;212.71;3.17;875;5;736.00;33
1406;5;621044730;1406;247;2278;2309;7.44;0.46;212.92;3.18;872;5;737.00;31
1409;5;621044746;1409;250;2279;2312;7.50;0.46;212.71;3.19;870;5;738.00;33
1412;5;621044757;1412;252;2279;2312;7.58;0.47;213.07;3.19;867;5;739.00;33
1415;5;621044768;1415;259;2280;2312;7.62;0.47;213.01;3.20;865;5;740.00;32
1418;5;621044779;1418;258;2286;2316;7.62;0.47;212.94;3.21;868;5;741.00;30
1418;5;621044795;1418;254;2286;2317;7.70;0.47;212.94;3.21;868;5;742.00;31
1420;5;621044806;1420;256;2288;2317;7.71;0.47;212.68;3.22;868;5;743.00;29
1423;5;621044817;1423;262;2290;2321;7.76;0.48;213.11;3.22;867;5;744.00;31
1424;5;621044828;1424;270;2292;2321;7.78;0.48;213.15;3.24;868;5;745.00;29
1425;5;621044838;1425;276;2292;2321;7.78;0.48;213.19;3.24;867;5;746.00;29
1427;5;621044855;1427;273;2294;2322;7.81;0.48;213.28;3.26;867;5;747.00;28
1431;5;621044870;1431;270;2297;2322;7.82;0.48;213.54;3.29;866;5;748.00;25
1433;5;621044887;1433;273;2302;2328;7.83;0.48;213.61;3.30;869;5;749.00;26
1435;5;621044907;1435;270;2304;2328;7.90;0.48;213.72;3.32;869;5;750.00;24
1436;5;621044925;1436;272;2305;2329;7.94;0.49;213.89;3.32;869;5;751.00;24
1439;5;621044942;1439;270;2307;2329;8.02;0.49;213.99;3.34;868;5;752.00;22
1444;5;621044957;1444;265;2309;2329;8.02;0.49;214.08;3.36;865;5;753.00;20
1447;5;621044974;1447;260;2311;2329;8.02;0.49;214.38;3.37;864;5;754.00;18
1447;5;621044988;1447;260;2312;2329;8.07;0.49;214.38;3.38;865;5;755.00;17
1451;5;621045001;1451;258;2320;2341;8.11;0.49;214.56;3.37;869;5;756.00;21
1451;5;621045013;1451;267;2323;2341;8.15;0.50;214.56;3.40;872;5;757.00;18
1453;5;621045025;1453;260;2328;2341;8.17;0.50;214.63;3.41;875;5;758.00;13
1456;5;621045037;1456;260;2328;2341;8.15;0.50;214.71;3.41;872;5;759.00;13
1459;5;621045055;1459;253;2331;2341;8.19;0.50;214.93;3.41;872;5;760.00;10
1461;5;621045067;1461;256;2331;2341;8.24;0.50;215.03;3.41;870;5;761.00;10
1462;5;621045080;1462;252;2336;2345;8.28;0.50;215.06;3.41;874;5;762.00;9
1467;5;621045093;1467;254;2336;2345;8.34;0.51;215.02;3.41;869;5;763.00;9
1469;5;621045104;1469;261;2340;2349;8.32;0.51;215.00;3.41;871;5;764.00;9
1469;5;621045115;1469;264;2342;2351;8.29;0.50;215.00;3.40;873;5;765.00;9
1470;5;621045127;1470;269;2342;2351;8.21;0.50;215.14;3.40;872;5;766.00;9
1471;5;621045138;1471;274;2342;2351;8.11;0.49;215.03;3.40;871;5;767.00;9
1473;5;621045148;1473;276;2352;2364;8.00;0.49;215.19;3.39;879;5;768.00;12
1477;5;621045160;1477;277;2352;2364;7.92;0.48;215.47;3.39;875;5;769.00;12
1479;5;621045171;1479;277;2352;2364;7.82;0.48;215.56;3.39;873;5;770.00;12
1482;5;621045181;1482;276;2353;2365;7.76;0.47;215.78;3.39;871;5;771.00;12
1483;5;621045192;1483;272;2353;2366;7.74;0.47;215.85;3.39;870;5;772.00;13
1485;5;621045202;1485;277;2353;2366;7.69;0.47;216.01;3.39;868;5;773.00;13
1485;5;621045213;1485;272;2355;2369;7.68;0.47;216.01;3.38;870;5;774.00;14
1488;5;621045223;1488;268;2355;2369;7.62;0.46;216.21;3.38;867;5;775.00;14
1492;5;621045233;1492;268;2356;2369;7.62;0.46;216.41;3.38;864;5;776.00;13
1493;5;621045243;1493;267;2356;2369;7.56;0.46;216.49;3.38;863;5;777.00;13
1495;5;621045253;1495;277;2361;2375;7.60;0.46;216.50;3.38;866;5;778.00;14
1497;5;621045264;1497;273;2361;2375;7.54;0.46;216.69;3.38;864;5;779.00;14
1501;5;621045276;1501;274;2361;2375;7.48;0.45;216.85;3.38;860;5;780.00;14
1503;5;621045286;1503;274;2361;2375;7.45;0.45;217.07;3.38;858;5;781.00;14
1509;5;621045296;1509;274;2364;2379;7.30;0.44;217.52;3.38;855;5;782.00;15
1512;5;621045307;1512;271;2365;2380;7.25;0.44;217.57;3.37;853;5;783.00;15
1514;5;621045317;1514;266;2365;2380;7.14;0.44;217.56;3.37;851;5;784.00;15
1515;5;621045327;1515;265;2368;2381;7.12;0.43;217.65;3.38;853;5;785.00;13
1515;5;621045337;1515;261;2368;2381;7.13;0.43;217.65;3.38;853;5;786.00;13
1518;5;621045347;1518;263;2368;2381;7.02;0.43;217.94;3.38;850;5;787.00;13
1523;5;621045357;1523;264;2368;2381;6.99;0.43;218.16;3.38;845;5;788.00;13
1525;5;621045366;1525;268;2368;2381;7.02;0.43;218.30;3.38;843;5;789.00;13
1526;5;621045376;1526;263;2368;2381;7.10;0.43;218.39;3.38;842;5;790.00;13
1526;5;621045385;1526;265;2368;2381;7.19;0.44;218.39;3.38;842;5;791.00;13
1526;5;621045395;1526;273;2401;2451;7.40;0.45;218.39;3.34;875;5;792.00;50
1529;5;621045411;1529;276;2402;2452;7.41;0.45;218.21;3.34;873;5;793.00;50
1530;5;621045421;1530;279;2410;2452;7.54;0.46;218.26;3.33;880;5;794.00;42
1532;5;621045432;1532;279;2411;2452;7.57;0.46;218.50;3.33;879;5;795.00;41
1534;5;621045443;1534;282;2415;2452;7.58;0.46;218.61;3.33;881;5;796.00;37
1536;5;621045453;1536;283;2416;2452;7.56;0.46;218.45;3.36;880;5;797.00;36
1537;5;621045463;1537;284;2420;2452;7.56;0.46;218.37;3.37;883;5;798.00;32
1537;5;621045474;1537;284;2425;2452;7.57;0.46;218.37;3.40;888;5;799.00;27
1538;5;621045484;1538;285;2427;2453;7.52;0.46;218.28;3.41;889;5;800.00;26
1540;5;621045499;1540;292;2431;2454;7.53;0.46;218.15;3.45;891;5;801.00;23
1543;5;621045511;1543;292;2434;2454;7.49;0.46;218.07;3.46;891;5;802.00;20
1545;5;621045522;1545;302;2441;2458;7.46;0.45;217.92;3.49;896;5;803.00;17
1545;5;621045533;1545;301;2442;2458;7.41;0.45;217.92;3.49;897;5;804.00;16
1547;5;621045543;1547;302;2443;2458;7.34;0.45;217.83;3.52;896;5;805.00;15
1548;5;621045554;1548;310;2443;2458;7.27;0.44;217.74;3.52;895;5;806.00;15
1552;5;621045564;1552;319;2448;2464;7.19;0.44;217.63;3.52;896;5;807.00;16
1553;6;621045575;1553;320;2449;2464;7.19;0.44;217.52;3.55;896;6;808.00;15
1556;6;621045610;1556;321;2449;2464;7.12;0.43;217.38;3.55;893;6;809.00;15
1556;6;621045622;1556;332;2456;2470;7.12;0.43;217.38;3.61;900;6;810.00;14
1559;6;621045633;1559;335;2457;2470;7.08;0.43;217.20;3.60;898;6;811.00;13
1561;6;621045645;1561;345;2459;2470;6.99;0.43;217.09;3.64;898;6;812.00;11
1562;6;621045655;1562;348;2461;2471;6.89;0.42;217.23;3.68;899;6;813.00;10
1563;6;621045666;1563;350;2464;2472;6.81;0.42;217.11;3.71;901;6;814.00;8
1566;6;621045677;1566;363;2464;2472;6.72;0.41;216.96;3.71;898;6;815.00;8
1567;6;621045687;1567;368;2476;2485;6.62;0.40;216.99;3.72;909;6;816.00;9
1568;6;621045698;1568;369;2476;2485;6.62;0.40;217.00;3.72;908;6;817.00;9
1569;6;621045708;1569;376;2478;2485;6.60;0.40;216.91;3.74;909;6;818.00;7
1571;6;621045718;1571;382;2480;2486;6.56;0.40;216.82;3.75;909;6;819.00;6
1572;6;621045728;1572;384;2481;2486;6.58;0.40;216.75;3.75;909;6;820.00;5
1573;6;621045738;1573;395;2485;2490;6.55;0.40;216.67;3.75;912;6;821.00;5
1576;6;621045748;1576;397;2489;2490;6.53;0.40;216.62;3.75;913;6;822.00;1
1579;6;621045758;1579;403;2492;2494;6.56;0.40;216.63;3.75;913;6;823.00;2
1584;6;621045769;1584;407;2493;2494;6.51;0.40;216.22;3.75;909;6;824.00;1
1585;6;621045779;1585;408;2494;2494;6.44;0.39;216.22;3.75;909;6;825.00;0
1585;6;621045788;1585;414;2494;2494;6.31;0.39;216.22;3.75;909;6;826.00;0
1586;6;621045797;1586;400;2494;2494;6.21;0.38;216.22;3.75;908;6;827.00;0
1586;6;621045807;1586;393;2505;2506;6.14;0.38;216.22;3.74;919;6;828.00;1
1588;6;621045818;1588;379;2506;2506;6.10;0.37;216.12;3.73;918;6;829.00;0
1588;6;621045828;1588;371;2506;2506;6.12;0.38;216.12;3.73;918;6;830.00;0
1589;6;621045838;1589;366;2506;2506;6.16;0.38;216.14;3.73;917;6;831.00;0
1590;6;621045848;1590;365;2506;2506;6.22;0.38;216.17;3.73;916;6;832.00;0
1590;6;621045866;1590;354;2506;2506;6.33;0.39;216.17;3.73;916;6;833.00;0
1591;6;621045876;1591;350;2507;2507;6.41;0.39;216.13;3.73;916;6;834.00;0
1591;6;621045887;1591;341;2507;2507;6.50;0.40;216.13;3.73;916;6;835.00;0
1593;6;621045896;1593;340;2513;2513;6.60;0.40;216.09;3.73;920;6;836.00;0
1595;6;621045907;1595;343;2514;2514;6.68;0.41;216.14;3.73;919;6;837.00;0
1597;6;621045917;1597;344;2514;2514;6.78;0.41;216.19;3.73;917;6;838.00;0
1599;6;621045927;1599;340;2514;2514;6.82;0.42;216.12;3.73;915;6;839.00;0
1602;6;621045938;1602;338;2519;2519;6.81;0.42;215.96;3.72;917;6;840.00;0
1602;6;621045948;1602;335;2519;2519;6.80;0.42;215.96;3.72;917;6;841.00;0
1606;6;621045958;1606;337;2519;2519;6.78;0.41;216.17;3.72;913;6;842.00;0
1607;6;621045967;1607;344;2520;2520;6.74;0.41;216.29;3.72;913;6;843.00;0
1609;6;621045982;1609;346;2524;2524;6.68;0.41;216.39;3.71;915;6;844.00;0
1615;6;621045992;1615;346;2524;2524;6.62;0.40;216.59;3.71;909;6;845.00;0
1619;6;621046001;1619;347;2526;2527;6.57;0.40;216.58;3.71;907;6;846.00;1
1620;6;621046011;1620;343;2527;2527;6.53;0.40;216.61;3.71;907;6;847.00;0
1624;6;621046020;1624;345;2527;2527;6.44;0.39;216.92;3.71;903;6;848.00;0
1628;6;621046030;1628;351;2527;2527;6.38;0.39;216.74;3.71;899;6;849.00;0
1629;6;621046039;1629;335;2531;2531;6.42;0.39;217.00;3.70;902;6;850.00;0
1633;6;621046049;1633;326;2531;2531;6.33;0.39;217.03;3.70;898;6;851.00;0
1636;6;621046058;1636;323;2531;2531;6.28;0.39;217.21;3.70;895;6;852.00;0
1640;6;621046068;1640;318;2531;2531;6.28;0.38;217.28;3.70;891;6;853.00;0
1644;6;621046077;1644;314;2532;2532;6.25;0.38;217.36;3.70;888;6;854.00;0
1646;6;621046086;1646;317;2534;2534;6.29;0.38;217.58;3.70;888;6;855.00;0
1648;6;621046096;1648;316;2534;2534;6.31;0.39;217.86;3.70;886;6;856.00;0
1652;6;621046105;1652;312;2535;2535;6.31;0.39;218.34;3.70;883;6;857.00;0
1653;6;621046115;1653;304;2535;2535;6.36;0.39;218.39;3.70;882;6;858.00;0
1657;6;621046124;1657;290;2535;2535;6.36;0.39;218.49;3.70;878;6;859.00;0
1661;6;621046133;1661;285;2535;2535;6.41;0.39;218.89;3.70;874;6;860.00;0
1663;6;621046143;1663;278;2535;2535;6.53;0.40;219.13;3.70;872;6;861.00;0
1666;6;621046152;1666;272;2535;2535;6.61;0.40;219.40;3.70;869;6;862.00;0
1667;6;621046161;1667;271;2535;2535;6.71;0.41;219.56;3.70;868;6;863.00;0
1672;6;621046171;1672;278;2616;2662;6.96;0.43;219.86;3.59;944;6;864.00;46
1674;6;621046191;1674;265;2620;2663;7.02;0.44;220.08;3.58;946;6;865.00;43
1679;6;621046202;1679;259;2625;2663;7.06;0.44;220.47;3.58;946;6;866.00;38
1682;6;621046212;1682;256;2627;2663;7.16;0.44;220.85;3.58;945;6;867.00;36
1686;6;621046222;1686;254;2630;2663;7.25;0.45;220.91;3.58;944;6;868.00;33
1689;6;621046233;1689;255;2632;2663;7.29;0.45;221.26;3.58;943;6;869.00;31
1696;6;621046246;1696;254;2633;2663;7.25;0.45;221.81;3.58;937;6;870.00;30
1698;6;621046257;1698;258;2634;2663;7.27;0.45;222.00;3.58;936;6;871.00;29
1705;6;621046268;1705;257;2635;2664;7.27;0.45;222.08;3.58;930;6;872.00;29
1708;6;621046279;1708;260;2637;2665;7.28;0.45;222.10;3.59;929;6;873.00;28
1714;6;621046290;1714;262;2638;2665;7.29;0.45;222.77;3.59;924;6;874.00;27
1717;6;621046301;1717;269;2640;2666;7.34;0.45;223.32;3.59;923;6;875.00;26
1719;6;621046320;1719;270;2641;2666;7.37;0.45;223.31;3.60;922;6;876.00;25
1726;6;621046333;1726;268;2642;2666;7.35;0.45;223.80;3.60;916;6;877.00;24
1730;6;621046346;1730;266;2642;2666;7.38;0.45;224.09;3.60;912;6;878.00;24
1734;6;621046360;1734;262;2648;2670;7.33;0.45;224.50;3.61;914;6;879.00;22
1738;6;621046373;1738;265;2648;2670;7.32;0.45;225.07;3.61;910;6;880.00;22
1741;6;621046384;1741;270;2649;2670;7.28;0.45;225.34;3.61;908;6;881.00;21
1744;6;621046395;1744;267;2649;2673;7.27;0.45;225.71;3.61;905;6;882.00;24
1751;6;621046406;1751;271;2650;2673;7.24;0.44;225.92;3.62;899;6;883.00;23
1754;6;621046417;1754;272;2651;2673;7.22;0.44;226.04;3.63;897;6;884.00;22
1757;6;621046428;1757;271;2656;2677;7.29;0.45;226.42;3.63;899;6;885.00;21
1762;6;621046439;1762;263;2656;2678;7.37;0.45;227.15;3.63;894;6;886.00;22
1766;6;621046452;1766;266;2657;2678;7.41;0.45;227.32;3.63;891;6;887.00;21
1768;6;621046464;1768;261;2660;2682;7.48;0.46;227.30;3.63;892;6;888.00;22
1773;6;621046477;1773;268;2661;2682;7.54;0.46;227.23;3.63;888;6;889.00;21
1776;6;621046488;1776;267;2661;2682;7.55;0.46;227.34;3.63;885;6;890.00;21
1781;6;621046498;1781;265;2662;2683;7.53;0.46;227.54;3.63;881;6;891.00;21
1783;6;621046509;1783;268;2663;2683;7.50;0.46;227.65;3.64;880;6;892.00;20
1785;6;621046525;1785;274;2668;2689;7.48;0.46;227.70;3.63;883;6;893.00;21
1790;6;621046536;1790;276;2669;2689;7.48;0.46;227.87;3.64;879;6;894.00;20
1791;6;621046547;1791;281;2671;2690;7.46;0.46;227.95;3.65;880;6;895.00;19
1797;6;621046558;1797;283;2671;2690;7.42;0.45;228.52;3.65;874;6;896.00;19
1802;6;621046568;1802;273;2672;2690;7.39;0.45;228.92;3.67;870;6;897.00;18
1807;6;621046580;1807;273;2672;2690;7.36;0.45;229.40;3.67;865;6;898.00;18
1809;6;621046591;1809;272;2672;2690;7.33;0.45;229.69;3.67;863;6;899.00;18
1813;6;621046604;1813;269;2704;2736;7.31;0.45;229.90;3.67;891;6;900.00;32
1817;6;621046624;1817;261;2705;2736;7.32;0.45;229.96;3.67;888;6;901.00;31
1825;6;621046635;1825;260;2708;2736;7.36;0.45;230.11;3.67;883;6;902.00;28
1827;6;621046647;1827;259;2709;2736;7.43;0.45;230.11;3.69;882;6;903.00;27
1831;6;621046658;1831;267;2711;2736;7.49;0.46;230.32;3.69;880;6;904.00;25
1835;6;621046670;1835;269;2713;2736;7.50;0.46;230.57;3.70;878;6;905.00;23
1836;6;621046686;1836;261;2719;2740;7.49;0.46;230.54;3.71;883;6;906.00;21
1840;6;621046698;1840;254;2720;2740;7.47;0.46;230.96;3.71;880;6;907.00;20
1844;6;621046709;1844;243;2723;2744;7.49;0.46;231.15;3.72;879;6;908.00;21
1848;6;621046720;1848;246;2725;2745;7.57;0.46;231.17;3.74;877;6;909.00;20
1850;6;621046732;1850;247;2726;2745;7.58;0.46;231.47;3.74;876;6;910.00;19
1852;6;621046743;1852;250;2727;2745;7.58;0.46;231.62;3.76;875;6;911.00;18
1854;6;621046754;1854;258;2738;2758;7.64;0.47;232.02;3.75;884;6;912.00;20
1856;6;621046766;1856;255;2738;2758;7.71;0.47;232.20;3.75;882;6;913.00;20
1859;6;621046777;1859;251;2740;2758;7.76;0.47;232.27;3.78;881;6;914.00;18
1860;6;621046788;1860;254;2743;2759;7.86;0.48;232.18;3.80;883;6;915.00;16
1862;6;621046800;1862;258;2744;2760;7.90;0.48;232.33;3.80;882;6;916.00;16
1864;6;621046812;1864;255;2746;2760;7.89;0.48;232.42;3.82;882;6;917.00;14
1865;6;621046824;1865;252;2748;2763;7.94;0.49;232.55;3.83;883;6;918.00;15
1869;6;621046835;1869;254;2748;2763;7.93;0.49;232.72;3.83;879;6;919.00;15
1870;6;621046847;1870;251;2751;2763;7.96;0.49;232.76;3.84;881;6;920.00;12
1872;6;621046859;1872;255;2754;2763;7.94;0.49;232.96;3.86;882;6;921.00;9
1880;6;621046875;1880;253;2759;2769;7.87;0.48;233.43;3.87;879;6;922.00;10
1882;6;621046895;1882;250;2760;2769;7.86;0.48;233.62;3.87;878;6;923.00;9
1882;6;621046912;1882;256;2764;2769;7.90;0.48;233.62;3.88;882;6;924.00;5
1888;7;621046930;1888;259;2765;2769;7.85;0.48;234.09;3.89;877;7;925.00;4
1890;7;621046957;1890;255;2770;2773;7.80;0.48;234.29;3.89;880;7;926.00;3
1892;7;621046975;1892;257;2772;2774;7.80;0.48;234.55;3.89;880;7;927.00;2
1899;7;621046991;1899;263;2774;2774;7.71;0.47;234.79;3.89;875;7;928.00;0
1902;7;621047003;1902;263;2774;2775;7.69;0.47;234.91;3.89;872;7;929.00;1
1903;7;621047016;1903;263;2775;2775;7.68;0.47;234.83;3.89;872;7;930.00;0
1906;7;621047028;1906;267;2775;2775;7.67;0.47;234.88;3.89;869;7;931.00;0
1909;7;621047040;1909;268;2775;2775;7.71;0.47;234.89;3.89;866;7;932.00;0
1914;7;621047050;1914;280;2775;2775;7.67;0.46;235.10;3.89;861;7;933.00;0
1916;7;621047062;1916;275;2775;2775;7.66;0.46;235.14;3.89;859;7;934.00;0
1917;7;621047073;1917;282;2775;2775;7.65;0.46;235.20;3.89;858;7;935.00;0
1919;7;621047084;1919;291;2812;2845;7.55;0.46;235.18;3.84;893;7;936.00;33
1920;7;621047101;1920;293;2813;2846;7.55;0.46;235.17;3.84;893;7;937.00;33
1921;7;621047113;1921;298;2819;2846;7.56;0.46;235.19;3.84;898;7;938.00;27
1923;7;621047125;1923;302;2821;2846;7.56;0.46;235.17;3.84;898;7;939.00;25
1923;7;621047136;1923;298;2824;2846;7.57;0.46;235.17;3.84;901;7;940.00;22
1924;7;621047148;1924;293;2826;2846;7.57;0.46;235.16;3.84;902;7;941.00;20
1924;7;621047170;1924;289;2829;2846;7.61;0.46;235.16;3.84;905;7;942.00;17
1925;7;621047180;1925;288;2831;2846;7.68;0.47;235.19;3.84;906;7;943.00;15
1927;7;621047192;1927;288;2833;2847;7.73;0.47;235.35;3.84;906;7;944.00;14
1930;7;621047204;1930;287;2836;2849;7.79;0.47;235.44;3.85;906;7;945.00;13
1933;7;621047216;1933;281;2839;2849;7.78;0.47;235.61;3.85;906;7;946.00;10
1937;7;621047226;1937;281;2844;2853;7.76;0.47;235.64;3.85;907;7;947.00;9
1939;7;621047238;1939;285;2845;2853;7.71;0.47;235.58;3.85;906;7;948.00;8
1941;7;621047249;1941;282;2845;2853;7.63;0.46;235.51;3.85;904;7;949.00;8
1943;7;621047260;1943;280;2845;2853;7.51;0.46;235.50;3.85;902;7;950.00;8
1946;7;621047270;1946;280;2849;2859;7.38;0.45;235.46;3.85;903;7;951.00;10
1951;7;621047281;1951;274;2849;2859;7.24;0.44;235.67;3.85;898;7;952.00;10
1953;7;621047292;1953;283;2849;2859;7.12;0.43;235.60;3.85;896;7;953.00;10
1955;7;621047302;1955;287;2851;2862;7.09;0.43;235.66;3.84;896;7;954.00;11
1955;7;621047312;1955;285;2855;2862;7.13;0.43;235.66;3.87;900;7;955.00;7
1956;7;621047323;1956;282;2856;2862;7.09;0.43;235.57;3.87;900;7;956.00;6
1959;7;621047333;1959;285;2856;2863;7.03;0.43;235.72;3.87;897;7;957.00;7
1961;7;621047344;1961;289;2857;2864;7.02;0.43;235.71;3.86;896;7;958.00;7
1965;7;621047355;1965;293;2857;2864;6.96;0.42;236.03;3.86;892;7;959.00;7
1969;7;621047369;1969;298;2874;2890;6.97;0.42;235.91;3.84;905;7;960.00;16
1970;7;621047381;1970;296;2874;2890;6.97;0.42;235.93;3.84;904;7;961.00;16
1973;7;621047392;1973;298;2876;2890;6.98;0.43;235.81;3.84;903;7;962.00;14
1975;7;621047402;1975;301;2879;2891;6.99;0.43;235.74;3.85;904;7;963.00;12
1976;7;621047413;1976;305;2880;2891;7.01;0.43;235.64;3.85;904;7;964.00;11
1979;7;621047423;1979;305;2883;2895;7.04;0.43;235.32;3.84;904;7;965.00;12
1981;7;621047433;1981;306;2883;2895;7.05;0.43;235.29;3.84;902;7;966.00;12
1983;7;621047443;1983;311;2887;2899;7.02;0.43;235.26;3.84;904;7;967.00;12
1986;7;621047454;1986;311;2887;2899;7.01;0.43;235.12;3.84;901;7;968.00;12
1989;7;621047464;1989;313;2887;2899;7.02;0.43;235.02;3.84;898;7;969.00;12
1989;7;621047475;1989;319;2888;2899;7.00;0.43;235.02;3.84;899;7;970.00;11
1990;7;621047485;1990;321;2890;2899;7.01;0.43;234.95;3.87;900;7;971.00;9
1992;7;621047495;1992;327;2900;2911;7.02;0.43;234.93;3.86;908;7;972.00;11
1994;7;621047507;1994;328;2901;2911;6.98;0.43;234.84;3.86;907;7;973.00;10
1994;7;621047519;1994;337;2903;2911;6.97;0.43;234.84;3.86;909;7;974.00;8
1995;7;621047530;1995;334;2904;2911;6.87;0.42;234.87;3.86;909;7;975.00;7
1995;7;621047541;1995;339;2904;2911;6.81;0.42;234.87;3.86;909;7;976.00;7
1996;7;621047552;1996;343;2904;2911;6.74;0.41;234.86;3.86;908;7;977.00;7
1998;7;621047563;1998;343;2904;2912;6.72;0.41;234.78;3.86;906;7;978.00;8
1998;7;621047573;1998;337;2905;2912;6.67;0.41;234.78;3.87;907;7;979.00;7
1999;7;621047585;1999;334;2911;2918;6.73;0.41;234.80;3.88;912;7;980.00;7
2001;7;621047596;2001;328;2912;2919;6.75;0.41;234.82;3.88;911;7;981.00;7
2002;7;621047609;2002;327;2913;2919;6.73;0.41;234.84;3.88;911;7;982.00;6
2005;7;621047620;2005;327;2914;2919;6.75;0.41;234.92;3.88;909;7;983.00;5
2007;7;621047631;2007;326;2916;2923;6.80;0.42;234.85;3.88;909;7;984.00;7
2007;7;621047643;2007;329;2918;2923;6.87;0.42;234.85;3.89;911;7;985.00;5
2009;7;621047660;2009;329;2918;2923;6.89;0.42;234.76;3.89;909;7;986.00;5
2009;7;621047671;2009;328;2920;2924;6.92;0.42;234.76;3.90;911;7;987.00;4
2011;7;621047681;2011;333;2924;2928;7.01;0.43;234.89;3.90;913;7;988.00;4
2012;7;621047692;2012;335;2924;2928;7.08;0.43;234.90;3.90;912;7;989.00;4
2017;7;621047704;2017;342;2929;2934;7.12;0.44;234.82;3.90;912;7;990.00;5
2019;7;621047721;2019;340;2932;2934;7.14;0.44;234.84;3.90;913;7;991.00;2
2020;7;621047731;2020;338;2934;2934;7.21;0.44;234.86;3.90;914;7;992.00;0
2020;7;621047741;2020;334;2934;2934;7.21;0.44;234.86;3.90;914;7;993.00;0
2021;7;621047751;2021;332;2938;2938;7.24;0.44;234.83;3.90;917;7;994.00;0
2022;7;621047761;2022;327;2938;2938;7.21;0.44;234.77;3.90;916;7;995.00;0
2023;7;621047771;2023;325;2938;2938;7.17;0.44;234.73;3.90;915;7;996.00;0
2026;7;621047781;2026;330;2938;2938;7.04;0.43;234.79;3.90;912;7;997.00;0
2027;7;621047791;2027;327;2939;2939;6.92;0.42;234.74;3.90;912;7;998.00;0
2028;7;621047801;2028;324;2940;2940;6.89;0.42;234.75;3.89;912;7;999.00;0
2030;7;621047814;2030;323;2940;2940;6.76;0.41;234.68;3.89;910;7;1000.00;0
2035;7;621047829;2035;314;2941;2941;6.69;0.41;234.41;3.89;906;7;1001.00;0
2036;7;621047839;2036;312;2941;2941;6.67;0.41;234.41;3.89;905;7;1002.00;0
2039;7;621047849;2039;312;2941;2941;6.63;0.41;234.55;3.89;902;7;1003.00;0
2041;7;621047859;2041;305;2941;2941;6.62;0.40;234.70;3.89;900;7;1004.00;0
2043;7;621047871;2043;301;2941;2941;6.64;0.41;234.76;3.89;898;7;1005.00;0
2045;7;621047881;2045;297;2941;2941;6.63;0.41;234.89;3.89;896;7;1006.00;0
2052;7;621047890;2052;296;2941;2941;6.61;0.40;235.12;3.89;889;7;1007.00;0
2052;7;621047900;2052;319;3020;3068;6.79;0.42;235.12;3.79;968;7;1008.00;48
2056;7;621047920;2056;307;3025;3069;6.82;0.42;234.97;3.79;969;7;1009.00;44
2058;7;621047930;2058;299;3033;3069;6.81;0.42;235.10;3.78;975;7;1010.00;36
2061;7;621047940;2061;296;3036;3069;6.75;0.42;235.16;3.78;975;7;1011.00;33
2065;7;621047950;2065;292;3041;3069;6.75;0.42;235.26;3.78;976;7;1012.00;28
2068;7;621047959;2068;301;3042;3069;6.69;0.41;235.24;3.78;974;7;1013.00;27
2072;7;621047969;2072;300;3044;3069;6.60;0.41;235.36;3.79;972;7;1014.00;25
2073;7;621047979;2073;305;3045;3069;6.60;0.41;235.36;3.79;972;7;1015.00;24
2078;7;621047988;2078;310;3046;3070;6.61;0.41;235.47;3.79;968;7;1016.00;24
2080;7;621047998;2080;310;3049;3071;6.62;0.41;235.54;3.79;969;7;1017.00;22
2083;7;621048008;2083;318;3050;3071;6.62;0.41;235.61;3.79;967;7;1018.00;21
2086;7;621048018;2086;315;3052;3072;6.54;0.40;235.43;3.80;966;7;1019.00;20
2088;7;621048035;2088;310;3055;3072;6.53;0.40;235.45;3.80;967;7;1020.00;17
2097;7;621048046;2097;296;3056;3072;6.47;0.40;235.62;3.81;959;7;1021.00;16
2100;7;621048057;2100;289;3056;3072;6.50;0.40;235.70;3.81;956;7;1022.00;16
2107;7;621048067;2107;283;3060;3076;6.52;0.40;236.00;3.81;953;7;1023.00;16
2110;7;621048078;2110;286;3060;3076;6.56;0.40;236.30;3.81;950;7;1024.00;16
2113;7;621048089;2113;287;3061;3076;6.61;0.41;236.42;3.81;948;7;1025.00;15
2118;7;621048099;2118;281;3062;3079;6.69;0.41;236.54;3.82;944;7;1026.00;17
2120;7;621048110;2120;269;3063;3079;6.80;0.42;236.74;3.82;943;7;1027.00;16
2123;7;621048120;2123;263;3063;3079;6.90;0.42;237.08;3.82;940;7;1028.00;16
2124;7;621048131;2124;255;3068;3083;6.99;0.43;237.17;3.83;944;7;1029.00;15
2127;7;621048142;2127;256;3069;3084;7.12;0.44;237.47;3.83;942;7;1030.00;15
2131;7;621048153;2131;245;3071;3084;7.24;0.44;237.69;3.84;940;7;1031.00;13
2136;7;621048165;2136;241;3073;3088;7.34;0.45;237.87;3.84;937;7;1032.00;15
2142;7;621048176;2142;236;3075;3088;7.46;0.46;238.07;3.84;933;7;1033.00;13
2145;7;621048187;2145;240;3075;3088;7.61;0.47;238.17;3.84;930;7;1034.00;13
2151;7;621048198;2151;242;3077;3090;7.67;0.47;238.48;3.84;926;7;1035.00;13
2153;7;621048209;2153;236;3077;3090;7.79;0.48;238.51;3.84;924;7;1036.00;13
2159;7;621048220;2159;238;3082;3096;7.83;0.48;238.72;3.83;923;7;1037.00;14
2163;7;621048232;2163;242;3082;3096;7.87;0.48;238.99;3.83;919;7;1038.00;14
2168;7;621048243;2168;237;3083;3097;7.88;0.48;239.27;3.83;915;7;1039.00;14
2174;7;621048255;2174;233;3083;3097;7.88;0.48;239.65;3.83;909;7;1040.00;14
2177;7;621048266;2177;233;3083;3097;7.86;0.48;239.99;3.83;906;7;1041.00;14
2182;7;621048277;2182;232;3084;3097;7.83;0.48;239.93;3.84;902;7;1042.00;13
2187;7;621048289;2187;229;3084;3097;7.74;0.47;240.46;3.84;897;7;1043.00;13
2193;7;621048306;2193;231;3091;3109;7.72;0.47;240.57;3.83;898;7;1044.00;18
2195;7;621048318;2195;231;3094;3109;7.68;0.47;240.73;3.85;899;7;1045.00;15
2202;7;621048329;2202;228;3095;3109;7.60;0.46;241.12;3.85;893;7;1046.00;14
2204;7;621048340;2204;228;3095;3109;7.61;0.46;241.16;3.85;891;7;1047.00;14
2209;7;621048351;2209;229;3097;3109;7.59;0.46;241.21;3.88;888;7;1048.00;12
2215;7;621048362;2215;232;3097;3109;7.60;0.46;241.63;3.88;882;7;1049.00;12
2221;7;621048375;2221;236;3103;3115;7.64;0.46;241.73;3.87;882;7;1050.00;12
2222;7;621048387;2222;237;3104;3115;7.69;0.47;241.88;3.88;882;7;1051.00;11
2226;7;621048399;2226;237;3107;3119;7.71;0.47;242.33;3.88;881;7;1052.00;12
2231;7;621048410;2231;242;3109;3120;7.75;0.47;242.69;3.89;878;7;1053.00;11
2234;7;621048421;2234;245;3109;3120;7.79;0.47;242.72;3.89;875;7;1054.00;11
2239;7;621048432;2239;241;3110;3120;7.84;0.48;243.10;3.90;871;7;1055.00;10
2242;7;621048444;2242;241;3122;3133;7.89;0.48;243.16;3.90;880;7;1056.00;11
2244;7;621048457;2244;241;3122;3133;8.01;0.49;243.39;3.90;878;7;1057.00;11
2246;7;621048468;2246;240;3123;3133;8.10;0.49;243.61;3.91;877;7;1058.00;10
2249;7;621048484;2249;240;3123;3134;8.13;0.49;243.57;3.91;874;7;1059.00;11
2253;7;621048495;2253;238;3125;3135;8.09;0.49;243.72;3.92;872;7;1060.00;10
2257;7;621048506;2257;236;3126;3135;8.06;0.49;243.82;3.92;869;7;1061.00;9
2261;7;621048517;2261;238;3128;3138;8.05;0.49;244.08;3.93;867;7;1062.00;10
2263;7;621048529;2263;238;3129;3138;8.00;0.49;244.11;3.94;866;7;1063.00;9
2267;7;621048540;2267;243;3131;3138;7.92;0.48;244.34;3.94;864;7;1064.00;7
2269;7;621048551;2269;249;3131;3138;7.87;0.48;244.48;3.94;862;7;1065.00;7
2275;7;621048562;2275;254;3137;3144;7.88;0.48;244.88;3.94;862;7;1066.00;7
2279;7;621048574;2279;252;3137;3144;7.85;0.48;245.04;3.94;858;7;1067.00;7
2283;7;621048586;2283;245;3137;3144;7.79;0.47;245.28;3.94;854;7;1068.00;7
2287;7;621048598;2287;244;3140;3144;7.73;0.47;245.45;3.96;853;7;1069.00;4
2289;7;621048612;2289;244;3144;3148;7.78;0.48;245.56;3.95;855;7;1070.00;4
2291;7;621048624;2291;248;3145;3149;7.77;0.47;245.61;3.95;854;7;1071.00;4
2294;7;621048635;2294;255;3148;3149;7.73;0.47;245.84;3.96;854;7;1072.00;1
2302;7;621048646;2302;260;3148;3150;7.62;0.46;246.10;3.96;846;7;1073.00;2
2303;7;621048658;2303;273;3150;3150;7.54;0.46;246.21;3.96;847;7;1074.00;0
2307;7;621048669;2307;279;3150;3150;7.45;0.45;246.15;3.96;843;7;1075.00;0
2311;7;621048679;2311;278;3150;3150;7.38;0.45;246.23;3.96;839;7;1076.00;0
2312;7;621048690;2312;271;3150;3150;7.39;0.45;246.28;3.96;838;7;1077.00;0
2314;7;621048700;2314;266;3150;3150;7.44;0.45;246.39;3.96;836;7;1078.00;0
2316;7;621048710;2316;263;3150;3150;7.49;0.46;246.55;3.96;834;7;1079.00;0
2318;7;621048728;2318;290;3227;3275;7.55;0.47;246.66;3.87;909;7;1080.00;48
2322;7;621048748;2322;284;3233;3276;7.59;0.47;246.78;3.86;911;7;1081.00;43
2324;7;621048759;2324;282;3240;3276;7.67;0.47;246.84;3.86;916;7;1082.00;36
2326;7;621048771;2326;280;3243;3276;7.66;0.47;247.04;3.86;917;7;1083.00;33
2327;7;621048781;2327;284;3249;3276;7.67;0.47;247.25;3.86;922;7;1084.00;27
2328;7;621048792;2328;283;3251;3276;7.62;0.47;247.39;3.86;923;7;1085.00;25
2332;7;621048803;2332;280;3257;3276;7.58;0.47;247.52;3.86;925;7;1086.00;19
2336;7;621048815;2336;279;3261;3276;7.55;0.46;247.66;3.87;925;7;1087.00;15
2338;7;621048826;2338;271;3264;3277;7.47;0.46;247.91;3.87;926;7;1088.00;13
2339;7;621048838;2339;271;3269;3278;7.44;0.46;247.96;3.88;930;7;1089.00;9
2342;7;621048850;2342;277;3269;3278;7.36;0.45;247.92;3.88;927;7;1090.00;9
2345;7;621048861;2345;276;3277;3282;7.30;0.45;248.41;3.88;932;7;1091.00;5
2346;7;621048878;2346;274;3278;3282;7.27;0.45;248.42;3.88;932;7;1092.00;4
2350;7;621048896;2350;279;3279;3282;7.21;0.44;248.59;3.88;929;7;1093.00;3
2353;7;621048916;2353;285;3279;3282;7.14;0.44;248.74;3.88;926;7;1094.00;3
2355;7;621048935;2355;296;3284;3288;7.09;0.43;248.82;3.88;929;7;1095.00;4
2358;7;621048954;2358;299;3285;3288;7.10;0.43;249.02;3.88;927;7;1096.00;3
2364;7;621048973;2364;302;3285;3288;7.06;0.43;249.20;3.88;921;7;1097.00;3
2366;7;621048987;2366;304;3286;3291;7.13;0.44;249.53;3.88;920;7;1098.00;5
2368;7;621049000;2368;313;3288;3291;7.13;0.44;249.60;3.89;920;7;1099.00;3
2369;7;621049014;2369;308;3288;3291;7.20;0.44;249.54;3.89;919;7;1100.00;3
2372;7;621049031;2372;310;3290;3292;7.20;0.44;249.58;3.89;918;7;1101.00;2
2376;7;621049043;2376;311;3291;3293;7.19;0.44;249.91;3.89;915;7;1102.00;2
2379;7;621049056;2379;317;3291;3293;7.21;0.44;249.99;3.89;912;7;1103.00;2
2380;7;621049067;2380;316;3301;3306;7.24;0.44;250.01;3.88;921;7;1104.00;5
2382;7;621049080;2382;317;3301;3306;7.26;0.44;250.00;3.88;919;7;1105.00;5
2385;7;621049093;2385;319;3302;3306;7.22;0.44;249.94;3.88;917;7;1106.00;4
2386;7;621049105;2386;317;3303;3307;7.22;0.44;249.96;3.88;917;7;1107.00;4
2388;7;621049117;2388;325;3303;3307;7.18;0.44;249.94;3.88;915;7;1108.00;4
2391;7;621049129;2391;325;3306;3311;7.14;0.44;249.89;3.88;915;7;1109.00;5
2393;7;621049143;2393;324;3306;3311;7.16;0.44;249.71;3.88;913;7;1110.00;5
2395;7;621049154;2395;321;3310;3315;7.14;0.44;249.55;3.88;915;7;1111.00;5
2399;7;621049165;2399;320;3311;3315;7.18;0.44;249.56;3.88;912;7;1112.00;4
2400;7;621049178;2400;313;3311;3315;7.19;0.44;249.62;3.88;911;7;1113.00;4
2402;7;621049190;2402;311;3312;3315;7.21;0.44;249.65;3.88;910;7;1114.00;3
2402;7;621049201;2402;305;3312;3315;7.27;0.44;249.65;3.88;910;7;1115.00;3
2405;7;621049212;2405;302;3322;3327;7.34;0.45;249.70;3.87;917;7;1116.00;5
2407;7;621049225;2407;302;3322;3327;7.34;0.45;249.54;3.87;915;7;1117.00;5
2408;7;621049236;2408;303;3323;3327;7.43;0.45;249.51;3.87;915;7;1118.00;4
2416;7;621049246;2416;302;3323;3327;7.28;0.44;249.37;3.87;907;7;1119.00;4
2418;7;621049258;2418;295;3323;3327;7.23;0.44;249.60;3.87;905;7;1120.00;4
2419;7;621049269;2419;302;3323;3327;7.19;0.44;249.52;3.87;904;7;1121.00;4
2421;7;621049279;2421;289;3323;3328;7.12;0.43;249.42;3.87;902;7;1122.00;5
2424;7;621049290;2424;296;3323;3328;7.02;0.43;249.33;3.87;899;7;1123.00;5
2425;7;621049300;2425;293;3328;3334;6.97;0.42;249.27;3.86;903;7;1124.00;6
2427;7;621049311;2427;296;3331;3336;6.87;0.42;249.23;3.87;904;7;1125.00;5
2428;7;621049321;2428;295;3332;3336;6.91;0.42;249.22;3.87;904;7;1126.00;4
2431;7;621049332;2431;303;3332;3336;6.92;0.42;249.17;3.87;901;7;1127.00;4
2432;7;621049342;2432;305;3335;3340;6.95;0.42;249.10;3.87;903;7;1128.00;5
2436;7;621049352;2436;302;3335;3340;6.89;0.42;248.99;3.87;899;7;1129.00;5
2437;7;621049362;2437;299;3335;3340;6.91;0.42;248.90;3.87;898;7;1130.00;5
2437;7;621049372;2437;288;3336;3341;6.93;0.42;248.90;3.87;899;7;1131.00;5
2439;7;621049383;2439;281;3339;3345;6.98;0.42;248.81;3.86;900;7;1132.00;6
2440;7;621049394;2440;268;3339;3345;7.06;0.43;248.79;3.86;899;7;1133.00;6
2442;7;621049412;2442;261;3342;3348;7.17;0.43;248.64;3.86;900;7;1134.00;6
2444;7;621049424;2444;248;3343;3348;7.20;0.44;248.61;3.86;899;7;1135.00;5
2444;7;621049441;2444;245;3343;3348;7.31;0.44;248.61;3.86;899;7;1136.00;5
2445;7;621049451;2445;242;3343;3348;7.39;0.45;248.73;3.86;898;7;1137.00;5
2447;7;621049468;2447;245;3347;3352;7.55;0.46;248.77;3.86;900;7;1138.00;5
2448;7;621049480;2448;241;3347;3352;7.66;0.47;248.69;3.86;899;7;1139.00;5
2448;7;621049498;2448;239;3347;3352;7.77;0.47;248.69;3.86;899;7;1140.00;5
2449;7;621049508;2449;236;3347;3352;7.85;0.48;248.69;3.86;898;7;1141.00;5
2450;7;621049519;2450;234;3347;3353;7.84;0.48;248.68;3.86;897;7;1142.00;6
2452;7;621049531;2452;227;3348;3354;7.82;0.47;248.72;3.86;896;7;1143.00;6
2452;8;621049542;2452;227;3348;3354;7.87;0.48;248.72;3.86;896;8;1144.00;6
2453;8;621049560;2453;227;3349;3355;7.91;0.48;248.75;3.86;896;8;1145.00;6
2453;8;621049571;2453;228;3349;3355;7.95;0.48;248.75;3.86;896;8;1146.00;6
2453;8;621049588;2453;228;3349;3355;7.99;0.49;248.75;3.86;896;8;1147.00;6
2454;8;621049607;2454;227;3349;3355;8.01;0.49;248.74;3.86;895;8;1148.00;6
2457;8;621049618;2457;230;3349;3355;7.96;0.48;248.72;3.86;892;8;1149.00;6
2458;8;621049629;2458;228;3350;3355;7.99;0.49;248.67;3.87;892;8;1150.00;5
2461;8;621049643;2461;226;3350;3355;8.02;0.49;248.74;3.87;889;8;1151.00;5
2462;8;621049654;2462;244;3416;3482;8.20;0.51;248.69;3.79;954;8;1152.00;66
2463;8;621049674;2463;237;3419;3483;8.20;0.51;248.72;3.79;956;8;1153.00;64
2467;8;621049684;2467;237;3429;3483;8.26;0.51;248.68;3.80;962;8;1154.00;54
2472;8;621049695;2472;238;3436;3483;8.25;0.51;248.66;3.79;964;8;1155.00;47
2475;8;621049706;2475;236;3443;3483;8.21;0.51;248.78;3.80;968;8;1156.00;40
2475;8;621049717;2475;239;3446;3483;8.18;0.50;248.78;3.80;971;8;1157.00;37
2476;8;621049728;2476;242;3450;3483;8.17;0.50;248.89;3.82;974;8;1158.00;33
2477;8;621049739;2477;242;3452;3483;8.14;0.50;248.98;3.82;975;8;1159.00;31
2478;9;621049750;2478;244;3455;3484;8.11;0.50;248.98;3.83;977;9;1160.00;29
2480;9;621049773;2480;251;3459;3485;8.10;0.50;248.94;3.83;979;9;1161.00;26
2481;9;621049790;2481;248;3464;3485;8.09;0.50;249.02;3.84;983;9;1162.00;21
2483;9;621049800;2483;254;3466;3486;8.02;0.49;249.00;3.85;983;9;1163.00;20
2486;9;621049816;2486;258;3469;3486;7.92;0.49;248.90;3.86;983;9;1164.00;17
2488;9;621049827;2488;260;3470;3486;7.83;0.48;248.84;3.86;982;9;1165.00;16
2492;9;621049838;2492;267;3475;3486;7.71;0.48;249.07;3.87;983;9;1166.00;11
2494;9;621049849;2494;275;3478;3490;7.54;0.47;249.06;3.87;984;9;1167.00;12
2495;9;621049861;2495;272;3482;3490;7.42;0.46;249.11;3.88;987;9;1168.00;8
2499;9;621049873;2499;269;3484;3490;7.31;0.45;249.19;3.89;985;9;1169.00;6
2502;9;621049885;2502;276;3486;3496;7.22;0.45;249.27;3.89;984;9;1170.00;10
2504;9;621049897;2504;277;3487;3496;7.18;0.44;249.32;3.89;983;9;1171.00;9
2506;9;621049907;2506;278;3491;3496;7.19;0.44;249.22;3.90;985;9;1172.00;5
2507;9;621049924;2507;284;3498;3500;7.19;0.44;249.18;3.90;991;9;1173.00;2
2507;9;621049935;2507;286;3499;3501;7.24;0.45;249.18;3.90;992;9;1174.00;2
2509;9;621049946;2509;284;3500;3501;7.31;0.45;249.27;3.90;991;9;1175.00;1
2513;9;621049956;2513;286;3503;3505;7.34;0.45;249.28;3.90;990;9;1176.00;2
2518;9;621049968;2518;286;3504;3505;7.36;0.45;249.55;3.90;986;9;1177.00;1
2524;9;621049979;2524;282;3505;3505;7.36;0.45;249.60;3.90;981;9;1178.00;0
2530;9;621049990;2530;282;3506;3506;7.31;0.45;249.83;3.90;976;9;1179.00;0
2536;9;621050001;2536;282;3506;3506;7.25;0.44;250.01;3.90;970;9;1180.00;0
2540;9;621050012;2540;282;3512;3512;7.22;0.44;250.15;3.89;972;9;1181.00;0
2545;9;621050024;2545;287;3512;3512;7.13;0.43;250.20;3.89;967;9;1182.00;0
2548;9;621050034;2548;290;3513;3513;7.03;0.43;250.35;3.89;965;9;1183.00;0
2548;9;621050044;2548;286;3513;3513;6.98;0.43;250.35;3.89;965;9;1184.00;0
2552;9;621050054;2552;283;3513;3513;6.93;0.42;250.51;3.89;961;9;1185.00;0
2559;9;621050064;2559;286;3513;3513;6.82;0.42;250.56;3.89;954;9;1186.00;0
2561;9;621050074;2561;289;3513;3513;6.78;0.41;250.64;3.89;952;9;1187.00;0
2567;9;621050084;2567;284;3523;3525;6.76;0.41;250.74;3.88;956;9;1188.00;2
2571;9;621050095;2571;285;3523;3525;6.73;0.41;250.83;3.88;952;9;1189.00;2
2576;9;621050105;2576;268;3523;3525;6.74;0.41;250.89;3.88;947;9;1190.00;2
2579;9;621050116;2579;266;3523;3525;6.83;0.42;250.97;3.88;944;9;1191.00;2
2581;9;621050126;2581;262;3523;3525;6.90;0.42;251.09;3.88;942;9;1192.00;2
2585;9;621050136;2585;259;3525;3525;6.99;0.43;251.17;3.88;940;9;1193.00;0
2588;9;621050146;2588;258;3529;3529;7.08;0.44;251.41;3.88;941;9;1194.00;0
2593;9;621050156;2593;255;3529;3529;7.14;0.44;251.71;3.88;936;9;1195.00;0
2596;9;621050167;2596;255;3533;3533;7.23;0.44;251.82;3.87;937;9;1196.00;0
2597;9;621050178;2597;249;3534;3534;7.35;0.45;251.95;3.87;937;9;1197.00;0
2601;9;621050188;2601;246;3534;3534;7.46;0.46;252.22;3.87;933;9;1198.00;0
2605;9;621050199;2605;238;3534;3534;7.50;0.46;252.47;3.87;929;9;1199.00;0
2609;9;621050212;2609;240;3560;3575;7.51;0.46;252.51;3.84;951;9;1200.00;15
2614;9;621050232;2614;236;3561;3575;7.55;0.46;252.87;3.84;947;9;1201.00;14
2618;9;621050245;2618;233;3564;3575;7.58;0.46;253.12;3.84;946;9;1202.00;11
2624;9;621050258;2624;236;3565;3576;7.57;0.46;253.20;3.84;941;9;1203.00;11
2629;9;621050271;2629;241;3568;3577;7.54;0.46;253.34;3.84;939;9;1204.00;9
2634;9;621050283;2634;238;3569;3577;7.57;0.46;253.62;3.84;935;9;1205.00;8
2638;9;621050295;2638;245;3572;3580;7.61;0.46;253.64;3.84;934;9;1206.00;8
2642;9;621050307;2642;248;3572;3580;7.57;0.46;253.89;3.84;930;9;1207.00;8
2649;9;621050320;2649;253;3574;3580;7.56;0.46;253.98;3.84;925;9;1208.00;6
2651;9;621050331;2651;254;3575;3580;7.55;0.46;254.12;3.84;924;9;1209.00;5
2655;9;621050343;2655;257;3582;3586;7.54;0.46;254.09;3.84;927;9;1210.00;4
2659;9;621050356;2659;260;3582;3586;7.51;0.46;254.33;3.84;923;9;1211.00;4
2662;9;621050368;2662;260;3582;3586;7.52;0.46;254.53;3.84;920;9;1212.00;4
2667;9;621050380;2667;262;3582;3586;7.48;0.46;254.62;3.84;915;9;1213.00;4
2672;9;621050392;2672;263;3587;3590;7.40;0.45;254.86;3.84;915;9;1214.00;3
2674;9;621050404;2674;269;3589;3592;7.40;0.45;254.91;3.84;915;9;1215.00;3
2678;9;621050416;2678;268;3589;3592;7.33;0.45;254.97;3.84;911;9;1216.00;3
2682;9;621050428;2682;273;3590;3593;7.35;0.45;255.26;3.84;908;9;1217.00;3
2686;9;621050440;2686;273;3590;3593;7.36;0.45;255.45;3.84;904;9;1218.00;3
2690;9;621050452;2690;275;3591;3593;7.33;0.45;255.73;3.84;901;9;1219.00;2
2696;9;621050464;2696;276;3591;3593;7.26;0.44;255.95;3.84;895;9;1220.00;2
2700;9;621050476;2700;279;3591;3593;7.23;0.44;255.90;3.84;891;9;1221.00;2
2707;9;621050488;2707;284;3591;3593;7.11;0.43;256.11;3.84;884;9;1222.00;2
2711;9;621050500;2711;285;3591;3593;7.02;0.43;256.21;3.84;880;9;1223.00;2
2714;9;621050511;2714;295;3633;3663;7.02;0.43;256.36;3.80;919;9;1224.00;30
2717;9;621050530;2717;298;3636;3664;6.95;0.42;256.63;3.80;919;9;1225.00;28
2720;9;621050563;2720;299;3642;3664;7.01;0.43;256.85;3.80;922;9;1226.00;22
2722;9;621050575;2722;296;3644;3664;7.05;0.43;256.98;3.80;922;9;1227.00;20
2724;9;621050586;2724;299;3647;3666;7.07;0.43;257.08;3.80;923;9;1228.00;19
2726;9;621050598;2726;301;3649;3666;7.09;0.43;257.12;3.80;923;9;1229.00;17
2730;9;621050612;2730;301;3652;3666;7.02;0.43;257.21;3.80;922;9;1230.00;14
2733;9;621050623;2733;315;3656;3666;6.98;0.43;257.42;3.81;923;9;1231.00;10
2739;9;621050635;2739;319;3658;3667;6.91;0.42;257.56;3.81;919;9;1232.00;9
2740;9;621050648;2740;325;3659;3668;6.85;0.42;257.71;3.81;919;9;1233.00;9
2744;9;621050660;2744;332;3662;3668;6.82;0.42;258.00;3.82;918;9;1234.00;6
2745;9;621050670;2745;340;3669;3672;6.79;0.41;258.00;3.82;924;9;1235.00;3
2747;9;621050681;2747;348;3670;3672;6.76;0.41;258.13;3.82;923;9;1236.00;2
2751;9;621050691;2751;349;3672;3672;6.69;0.41;258.31;3.82;921;9;1237.00;0
2753;9;621050702;2753;347;3672;3672;6.62;0.41;258.36;3.82;919;9;1238.00;0
2755;9;621050714;2755;347;3678;3678;6.66;0.41;258.45;3.82;923;9;1239.00;0
2758;9;621050725;2758;347;3678;3678;6.72;0.41;258.68;3.82;920;9;1240.00;0
2761;9;621050736;2761;351;3678;3678;6.72;0.41;258.93;3.82;917;9;1241.00;0
2762;9;621050747;2762;353;3680;3681;6.79;0.42;258.87;3.81;918;9;1242.00;1
2766;9;621050758;2766;351;3680;3681;6.78;0.41;259.21;3.81;914;9;1243.00;1
2769;9;621050769;2769;350;3681;3681;6.82;0.42;259.52;3.81;912;9;1244.00;0
2772;9;621050780;2772;353;3682;3682;6.78;0.41;259.55;3.81;910;9;1245.00;0
2775;9;621050791;2775;347;3683;3683;6.81;0.42;259.82;3.81;908;9;1246.00;0
2778;9;621050807;2778;337;3683;3683;6.81;0.42;259.92;3.81;905;9;1247.00;0
2782;9;621050818;2782;334;3696;3696;6.92;0.42;259.85;3.80;914;9;1248.00;0
2783;9;621050831;2783;330;3696;3696;6.93;0.42;259.89;3.80;913;9;1249.00;0
2787;9;621050842;2787;333;3696;3696;6.97;0.42;259.89;3.80;909;9;1250.00;0
2787;9;621050854;2787;329;3697;3697;6.98;0.43;259.89;3.80;910;9;1251.00;0
2789;9;621050865;2789;328;3697;3697;6.99;0.43;259.80;3.80;908;9;1252.00;0
2792;9;621050880;2792;329;3701;3701;7.02;0.43;259.63;3.80;909;9;1253.00;0
2793;9;621050899;2793;332;3701;3701;7.07;0.43;259.62;3.80;908;9;1254.00;0
2793;9;621050916;2793;332;3705;3705;7.13;0.43;259.62;3.79;912;9;1255.00;0
2796;9;621050936;2796;338;3705;3705;7.09;0.43;259.58;3.79;909;9;1256.00;0
2796;9;621050953;2796;329;3705;3705;7.09;0.43;259.58;3.79;909;9;1257.00;0
2799;9;621050972;2799;332;3705;3705;7.10;0.43;259.49;3.79;906;9;1258.00;0
2799;9;621050987;2799;332;3705;3705;7.14;0.44;259.49;3.79;906;9;1259.00;0
2801;9;621051006;2801;341;3735;3739;7.18;0.44;259.56;3.76;934;9;1260.00;4
2803;9;621051023;2803;337;3735;3739;7.19;0.44;259.49;3.76;932;9;1261.00;4
2805;9;621051036;2805;343;3737;3739;7.25;0.44;259.42;3.76;932;9;1262.00;2
2808;9;621051048;2808;341;3737;3739;7.24;0.44;259.54;3.76;929;9;1263.00;2
2811;9;621051062;2811;347;3738;3739;7.21;0.44;259.39;3.76;927;9;1264.00;1
2814;10;621051075;2814;355;3738;3739;7.18;0.44;259.35;3.76;924;10;1265.00;1
2814;10;621051102;2814;354;3738;3740;7.19;0.44;259.35;3.76;924;10;1266.00;2
2817;10;621051113;2817;353;3738;3740;7.18;0.44;259.31;3.76;921;10;1267.00;2
2821;10;621051124;2821;355;3743;3746;7.14;0.43;259.21;3.76;922;10;1268.00;3
2825;10;621051136;2825;353;3744;3747;7.08;0.43;259.23;3.76;919;10;1269.00;3
2826;10;621051148;2826;354;3744;3747;7.03;0.43;259.16;3.76;918;10;1270.00;3
2830;10;621051159;2830;357;3744;3747;6.93;0.42;259.22;3.76;914;10;1271.00;3
2832;10;621051169;2832;363;3747;3751;6.84;0.41;259.20;3.75;915;10;1272.00;4
2833;10;621051188;2833;368;3747;3751;6.75;0.41;259.24;3.75;914;10;1273.00;4
2834;10;621051200;2834;368;3747;3751;6.69;0.40;259.19;3.75;913;10;1274.00;4
2836;10;621051212;2836;370;3748;3752;6.65;0.40;259.25;3.75;912;10;1275.00;4
2836;10;621051224;2836;378;3751;3756;6.65;0.40;259.25;3.75;915;10;1276.00;5
2836;10;621051235;2836;378;3751;3756;6.54;0.40;259.25;3.75;915;10;1277.00;5
2836;10;621051247;2836;384;3753;3759;6.55;0.40;259.25;3.75;917;10;1278.00;6
2837;10;621051259;2837;378;3753;3759;6.47;0.39;259.20;3.75;916;10;1279.00;6
2839;10;621051270;2839;374;3754;3759;6.46;0.39;259.13;3.75;915;10;1280.00;5
2841;10;621051283;2841;371;3754;3759;6.45;0.39;259.17;3.75;913;10;1281.00;5
2843;10;621051294;2843;369;3758;3763;6.53;0.40;259.29;3.75;915;10;1282.00;5
2843;10;621051306;2843;343;3758;3763;6.58;0.40;259.29;3.75;915;10;1283.00;5
2844;10;621051318;2844;330;3758;3763;6.61;0.40;259.29;3.75;914;10;1284.00;5
2845;10;621051330;2845;318;3758;3763;6.60;0.40;259.35;3.75;913;10;1285.00;5
2848;10;621051342;2848;312;3758;3764;6.61;0.40;259.34;3.75;910;10;1286.00;6
2848;10;621051355;2848;297;3759;3765;6.66;0.40;259.34;3.74;911;10;1287.00;6
2849;10;621051367;2849;289;3759;3765;6.71;0.40;259.42;3.74;910;10;1288.00;6
2851;10;621051378;2851;284;3760;3766;6.74;0.41;259.53;3.74;909;10;1289.00;6
2852;10;621051403;2852;270;3760;3766;6.72;0.41;259.62;3.74;908;10;1290.00;6
2853;10;621051417;2853;262;3760;3766;6.72;0.41;259.61;3.74;907;10;1291.00;6
2856;10;621051429;2856;244;3760;3766;6.71;0.41;259.64;3.74;904;10;1292.00;6
2858;10;621051441;2858;244;3760;3766;6.77;0.41;259.75;3.74;902;10;1293.00;6
2860;10;621051453;2860;241;3761;3766;6.84;0.41;259.74;3.75;901;10;1294.00;5
2861;10;621051465;2861;235;3761;3766;6.92;0.42;259.84;3.75;900;10;1295.00;5
2862;10;621051477;2862;244;3824;3893;7.14;0.44;259.88;3.70;962;10;1296.00;69
2863;10;621051501;2863;238;3824;3894;7.16;0.44;259.92;3.70;961;10;1297.00;70
2867;10;621051514;2867;228;3832;3894;7.25;0.45;259.89;3.69;965;10;1298.00;62
2869;10;621051527;2869;221;3833;3894;7.30;0.45;259.84;3.69;964;10;1299.00;61
2871;10;621051540;2871;216;3840;3894;7.39;0.45;259.86;3.70;969;10;1300.00;54
2871;10;621051556;2871;210;3841;3894;7.44;0.46;259.86;3.70;970;10;1301.00;53
2871;10;621051569;2871;203;3844;3894;7.57;0.46;259.86;3.70;973;10;1302.00;50
2873;10;621051581;2873;199;3847;3894;7.68;0.47;259.82;3.70;974;10;1303.00;47
2876;10;621051593;2876;199;3851;3895;7.78;0.47;259.93;3.70;975;10;1304.00;44
2880;10;621051606;2880;192;3857;3897;7.87;0.48;259.81;3.71;977;10;1305.00;40
2883;10;621051619;2883;194;3860;3897;7.98;0.49;260.00;3.72;977;10;1306.00;37
2885;10;621051632;2885;186;3864;3898;8.13;0.49;259.89;3.72;979;10;1307.00;34
2888;10;621051645;2888;182;3869;3898;8.14;0.49;260.00;3.73;981;10;1308.00;29
2890;10;621051658;2890;182;3871;3898;8.12;0.49;260.14;3.74;981;10;1309.00;27
2893;10;621051671;2893;183;3873;3898;8.12;0.50;260.09;3.74;980;10;1310.00;25
2895;10;621051684;2895;175;3878;3902;8.11;0.49;260.08;3.75;983;10;1311.00;24
2899;10;621051697;2899;178;3879;3902;8.09;0.49;260.06;3.75;980;10;1312.00;23
2900;10;621051709;2900;174;3881;3902;8.09;0.49;260.22;3.76;981;10;1313.00;21
2902;10;621051722;2902;184;3886;3905;8.06;0.49;260.21;3.77;984;10;1314.00;19
2908;10;621051736;2908;184;3887;3905;8.03;0.49;260.45;3.78;979;10;1315.00;18
2909;10;621051750;2909;197;3889;3905;8.00;0.49;260.42;3.78;980;10;1316.00;16
2912;10;621051762;2912;197;3894;3909;7.97;0.48;260.52;3.79;982;10;1317.00;15
2913;10;621051776;2913;196;3895;3910;7.95;0.48;260.54;3.79;982;10;1318.00;15
2915;10;621051790;2915;202;3896;3910;7.97;0.48;260.46;3.79;981;10;1319.00;14
2918;10;621051804;2918;206;3902;3915;8.01;0.49;260.60;3.81;984;10;1320.00;13
2923;10;621051818;2923;204;3904;3915;8.05;0.49;260.98;3.81;981;10;1321.00;11
2924;10;621051831;2924;211;3905;3915;8.05;0.49;261.04;3.82;981;10;1322.00;10
2926;10;621051844;2926;210;3907;3916;8.06;0.49;261.17;3.83;981;10;1323.00;9
2927;10;621051857;2927;207;3907;3916;8.09;0.49;261.14;3.83;980;10;1324.00;9
2930;10;621051871;2930;214;3914;3922;8.14;0.49;261.21;3.83;984;10;1325.00;8
2932;10;621051886;2932;213;3914;3922;8.11;0.49;261.41;3.83;982;10;1326.00;8
2935;10;621051900;2935;222;3914;3923;8.11;0.49;261.48;3.83;979;10;1327.00;9
2937;10;621051914;2937;230;3915;3923;8.10;0.49;261.55;3.84;978;10;1328.00;8
2937;10;621051933;2937;229;3915;3923;8.07;0.49;261.55;3.84;978;10;1329.00;8
2940;10;621051944;2940;240;3916;3923;8.05;0.49;261.65;3.84;976;10;1330.00;7
2941;10;621051955;2941;243;3916;3923;8.07;0.49;261.65;3.84;975;10;1331.00;7
2943;10;621051966;2943;250;3927;3935;8.07;0.49;261.65;3.85;984;10;1332.00;8
2947;10;621051978;2947;251;3929;3935;8.05;0.49;261.71;3.87;982;10;1333.00;6
2949;10;621051989;2949;249;3931;3935;8.03;0.49;261.73;3.86;982;10;1334.00;4
2952;10;621052001;2952;253;3933;3935;7.95;0.49;261.77;3.87;981;10;1335.00;2
2955;10;621052012;2955;251;3935;3935;7.83;0.48;262.04;3.87;980;10;1336.00;0
2958;10;621052023;2958;261;3935;3935;7.73;0.47;261.97;3.87;977;10;1337.00;0
2961;10;621052034;2961;269;3938;3939;7.56;0.46;262.05;3.87;977;10;1338.00;1
2961;10;621052045;2961;263;3939;3939;7.50;0.46;262.05;3.87;978;10;1339.00;0
2962;10;621052055;2962;258;3943;3943;7.55;0.46;262.17;3.87;981;10;1340.00;0
2963;10;621052067;2963;260;3944;3944;7.55;0.46;262.28;3.87;981;10;1341.00;0
2967;10;621052085;2967;255;3944;3944;7.51;0.46;262.28;3.87;977;10;1342.00;0
2971;10;621052095;2971;256;3944;3944;7.45;0.46;262.13;3.87;973;10;1343.00;0
2972;10;621052106;2972;256;3957;3957;7.47;0.46;262.11;3.85;985;10;1344.00;0
2975;10;621052118;2975;252;3957;3957;7.47;0.46;262.37;3.85;982;10;1345.00;0
2975;10;621052129;2975;257;3957;3957;7.51;0.46;262.37;3.85;982;10;1346.00;0
2982;10;621052139;2982;257;3958;3958;7.53;0.46;262.43;3.85;976;10;1347.00;0
2983;10;621052150;2983;253;3959;3959;7.55;0.46;262.51;3.85;976;10;1348.00;0
2985;10;621052161;2985;254;3959;3959;7.60;0.47;262.57;3.85;974;10;1349.00;0
2988;10;621052173;2988;262;3966;3968;7.59;0.47;262.70;3.85;978;10;1350.00;2
2992;10;621052185;2992;258;3966;3968;7.58;0.46;262.79;3.85;974;10;1351.00;2
2996;10;621052195;2996;262;3967;3968;7.54;0.46;262.78;3.85;971;10;1352.00;1
3001;10;621052205;3001;262;3967;3968;7.49;0.46;262.82;3.85;966;10;1353.00;1
3006;10;621052216;3006;266;3973;3974;7.47;0.46;262.87;3.84;967;10;1354.00;1
3010;10;621052227;3010;265;3974;3974;7.42;0.45;262.94;3.84;964;10;1355.00;0
3013;10;621052237;3013;261;3974;3974;7.30;0.45;262.89;3.84;961;10;1356.00;0
3017;10;621052247;3017;269;3974;3974;7.15;0.44;262.81;3.84;957;10;1357.00;0
3020;10;621052257;3020;273;3978;3978;6.96;0.43;262.89;3.84;958;10;1358.00;0
3021;10;621052267;3021;283;3979;3979;6.87;0.42;262.87;3.84;958;10;1359.00;0
3025;10;621052277;3025;268;3979;3979;6.81;0.42;262.92;3.84;954;10;1360.00;0
3028;10;621052287;3028;265;3980;3980;6.79;0.42;262.97;3.84;952;10;1361.00;0
3036;10;621052297;3036;264;3980;3980;6.74;0.41;263.04;3.84;944;10;1362.00;0
3041;10;621052307;3041;261;3980;3980;6.75;0.41;263.02;3.84;939;10;1363.00;0
3043;10;621052317;3043;262;3980;3980;6.82;0.42;263.03;3.84;937;10;1364.00;0
3049;10;621052327;3049;260;3980;3980;6.86;0.42;263.01;3.84;931;10;1365.00;0
3053;10;621052337;3053;260;3980;3980;6.85;0.42;263.35;3.84;927;10;1366.00;0
3058;10;621052347;3058;261;3980;3980;6.90;0.42;263.57;3.84;922;10;1367.00;0
3060;10;621052357;3060;260;4019;4050;7.14;0.44;263.68;3.80;959;10;1368.00;31
3061;10;621052379;3061;253;4023;4051;7.24;0.45;263.77;3.80;962;10;1369.00;28
3066;10;621052389;3066;250;4031;4051;7.25;0.45;264.02;3.79;965;10;1370.00;20
3069;10;621052400;3069;252;4033;4051;7.30;0.45;264.06;3.79;964;10;1371.00;18
3074;10;621052410;3074;257;4035;4051;7.31;0.45;264.29;3.79;961;10;1372.00;16
3077;10;621052421;3077;261;4038;4051;7.30;0.45;264.50;3.79;961;10;1373.00;13
3083;10;621052432;3083;265;4041;4051;7.25;0.44;264.77;3.80;958;10;1374.00;10
3087;10;621052443;3087;274;4043;4051;7.17;0.44;264.90;3.80;956;10;1375.00;8
3092;10;621052454;3092;280;4045;4052;7.07;0.43;264.89;3.80;953;10;1376.00;7
3097;10;621052464;3097;280;4046;4053;6.96;0.43;265.10;3.80;949;10;1377.00;7
3102;10;621052476;3102;291;4047;4053;6.94;0.43;265.17;3.80;945;10;1378.00;6
3107;10;621052486;3107;293;4051;4057;6.97;0.43;265.23;3.80;944;10;1379.00;6
3110;10;621052499;3110;304;4053;4057;6.98;0.43;265.37;3.80;943;10;1380.00;4
3113;10;621052510;3113;306;4054;4057;6.96;0.43;265.31;3.80;941;10;1381.00;3
3122;10;621052520;3122;307;4054;4057;6.97;0.43;265.42;3.80;932;10;1382.00;3
3124;10;621052532;3124;312;4061;4063;6.99;0.43;265.51;3.80;937;10;1383.00;2
3131;10;621052544;3131;310;4062;4063;6.98;0.43;265.65;3.81;931;10;1384.00;1
3135;10;621052555;3135;319;4062;4063;6.95;0.43;266.06;3.81;927;10;1385.00;1
3138;10;621052566;3138;322;4064;4066;6.92;0.42;266.11;3.80;926;10;1386.00;2
3143;10;621052576;3143;330;4065;4066;6.85;0.42;266.43;3.80;922;10;1387.00;1
3147;10;621052587;3147;336;4066;4066;6.82;0.42;266.63;3.80;919;10;1388.00;0
3149;10;621052598;3149;334;4067;4067;6.76;0.41;266.65;3.80;918;10;1389.00;0
3153;10;621052609;3153;336;4068;4068;6.62;0.41;266.85;3.80;915;10;1390.00;0
3158;10;621052620;3158;342;4068;4068;6.50;0.40;266.89;3.80;910;10;1391.00;0
3160;10;621052629;3160;349;4080;4081;6.54;0.40;267.04;3.79;920;10;1392.00;1
3166;10;621052641;3166;352;4081;4081;6.49;0.40;267.15;3.79;915;10;1393.00;0
3168;10;621052652;3168;354;4081;4081;6.48;0.39;267.15;3.79;913;10;1394.00;0
3172;10;621052662;3172;351;4083;4083;6.46;0.39;267.16;3.79;911;10;1395.00;0
3174;10;621052673;3174;357;4083;4083;6.45;0.39;267.23;3.79;909;10;1396.00;0
3176;10;621052683;3176;362;4087;4087;6.42;0.39;267.25;3.79;911;10;1397.00;0
3180;10;621052693;3180;371;4087;4087;6.31;0.39;267.31;3.79;907;10;1398.00;0
3183;10;621052704;3183;379;4091;4091;6.27;0.38;267.42;3.78;908;10;1399.00;0
3186;10;621052714;3186;386;4091;4091;6.09;0.37;267.35;3.78;905;10;1400.00;0
3192;10;621052729;3192;394;4091;4091;5.95;0.36;267.43;3.78;899;10;1401.00;0
3195;10;621052741;3195;400;4091;4091;5.83;0.36;267.52;3.78;896;10;1402.00;0
3196;10;621052757;3196;402;4091;4091;5.76;0.35;267.64;3.78;895;10;1403.00;0
3198;10;621052767;3198;410;4101;4103;5.74;0.35;267.72;3.77;903;10;1404.00;2
3200;10;621052779;3200;406;4101;4103;5.66;0.35;267.82;3.77;901;10;1405.00;2
3201;10;621052790;3201;411;4103;4103;5.62;0.35;267.77;3.77;902;10;1406.00;0
3203;10;621052800;3203;409;4103;4103;5.63;0.35;267.72;3.77;900;10;1407.00;0
3206;10;621052811;3206;404;4103;4103;5.60;0.34;267.66;3.77;897;10;1408.00;0
3208;10;621052822;3208;395;4103;4103;5.64;0.35;267.80;3.77;895;10;1409.00;0
3211;10;621052835;3211;396;4104;4104;5.66;0.35;267.70;3.77;893;10;1410.00;0
3216;10;621052846;3216;391;4104;4104;5.68;0.35;267.60;3.77;888;10;1411.00;0
3220;10;621052857;3220;386;4110;4110;5.71;0.35;267.62;3.77;890;10;1412.00;0
3221;10;621052869;3221;389;4111;4111;5.78;0.35;267.64;3.77;890;10;1413.00;0
3223;10;621052884;3223;387;4111;4111;5.86;0.36;267.62;3.77;888;10;1414.00;0
3225;10;621052902;3225;388;4111;4111;5.90;0.36;267.61;3.77;886;10;1415.00;0
3229;10;621052919;3229;375;4115;4115;5.96;0.36;267.67;3.76;886;10;1416.00;0
3234;10;621052935;3234;366;4115;4115;5.96;0.36;267.71;3.76;881;10;1417.00;0
3235;10;621052950;3235;359;4115;4115;6.07;0.37;267.65;3.76;880;10;1418.00;0
3235;10;621052965;3235;351;4116;4116;6.20;0.38;267.65;3.76;881;10;1419.00;0
3238;10;621052981;3238;354;4120;4120;6.31;0.39;267.53;3.76;882;10;1420.00;0
3242;10;621053000;3242;349;4120;4120;6.44;0.39;267.59;3.76;878;10;1421.00;0
3246;10;621053012;3246;348;4122;4123;6.59;0.40;267.67;3.76;876;10;1422.00;1
3249;10;621053024;3249;351;4122;4123;6.66;0.41;267.62;3.76;873;10;1423.00;1
3252;10;621053036;3252;353;4123;4123;6.71;0.41;267.67;3.76;871;10;1424.00;0
3253;10;621053047;3253;357;4123;4123;6.79;0.41;267.70;3.76;870;10;1425.00;0
3255;10;621053061;3255;354;4127;4127;6.95;0.42;267.72;3.76;872;10;1426.00;0
3257;10;621053072;3257;355;4127;4127;7.02;0.43;267.79;3.76;870;10;1427.00;0
3259;10;621053084;3259;356;4127;4127;7.07;0.43;267.82;3.76;868;10;1428.00;0
3261;10;621053095;3261;356;4127;4127;7.15;0.43;267.79;3.76;866;10;1429.00;0
3262;10;621053105;3262;351;4128;4128;7.15;0.43;267.78;3.76;866;10;1430.00;0
3265;10;621053116;3265;351;4129;4129;7.14;0.43;267.85;3.75;864;10;1431.00;0
3266;10;621053127;3266;352;4129;4129;7.11;0.43;267.85;3.75;863;10;1432.00;0
3266;10;621053137;3266;352;4130;4130;7.07;0.43;267.85;3.75;864;10;1433.00;0
3269;10;621053148;3269;356;4130;4130;7.05;0.43;267.94;3.75;861;10;1434.00;0
3270;10;621053158;3270;339;4130;4130;7.06;0.43;267.90;3.75;860;10;1435.00;0
3271;10;621053169;3271;335;4130;4130;7.08;0.43;267.91;3.75;859;10;1436.00;0
3273;10;621053179;3273;332;4130;4130;7.07;0.43;267.94;3.75;857;10;1437.00;0
3275;10;621053191;3275;330;4130;4130;7.07;0.43;267.94;3.75;855;10;1438.00;0
3277;10;621053202;3277;323;4130;4130;7.15;0.43;267.97;3.75;853;10;1439.00;0
3278;10;621053214;3278;385;4267;4360;7.13;0.44;267.93;3.63;989;10;1440.00;93
3278;10;621053243;3278;365;4269;4361;7.15;0.44;267.93;3.63;991;10;1441.00;92
3280;11;621053256;3280;337;4278;4361;7.29;0.45;267.88;3.63;998;11;1442.00;83
3281;11;621053286;3281;335;4283;4361;7.44;0.46;267.92;3.63;1002;11;1443.00;78
3283;11;621053298;3283;332;4289;4361;7.42;0.46;267.89;3.63;1006;11;1444.00;72
3287;11;621053316;3287;327;4292;4361;7.47;0.46;268.13;3.63;1005;11;1445.00;69
3288;11;621053335;3288;322;4297;4361;7.47;0.46;268.14;3.63;1009;11;1446.00;64
3288;11;621053347;3288;324;4301;4361;7.50;0.46;268.14;3.64;1013;11;1447.00;60
3288;11;621053359;3288;332;4305;4362;7.52;0.46;268.14;3.64;1017;11;1448.00;57
3288;11;621053371;3288;330;4310;4363;7.52;0.46;268.14;3.65;1022;11;1449.00;53
3289;11;621053383;3289;327;4313;4363;7.47;0.46;268.12;3.65;1024;11;1450.00;50
3291;11;621053397;3291;326;4316;4364;7.47;0.46;268.15;3.66;1025;11;1451.00;48
3291;11;621053410;3291;322;4318;4364;7.45;0.46;268.15;3.66;1027;11;1452.00;46
3292;11;621053424;3292;320;4321;4364;7.44;0.45;268.13;3.67;1029;11;1453.00;43
3294;11;621053436;3294;325;4323;4364;7.44;0.45;268.17;3.67;1029;11;1454.00;41
3295;11;621053449;3295;327;4325;4368;7.39;0.45;268.20;3.67;1030;11;1455.00;43
3296;11;621053470;3296;327;4327;4368;7.32;0.45;268.33;3.68;1031;11;1456.00;41
3296;11;621053484;3296;323;4328;4368;7.32;0.45;268.33;3.68;1032;11;1457.00;40
3299;11;621053499;3299;321;4330;4371;7.31;0.45;268.40;3.68;1031;11;1458.00;41
3300;11;621053513;3300;319;4330;4371;7.33;0.45;268.41;3.68;1030;11;1459.00;41
3303;11;621053526;3303;318;4330;4371;7.30;0.45;268.46;3.68;1027;11;1460.00;41
3307;11;621053540;3307;313;4333;4375;7.26;0.44;268.50;3.68;1026;11;1461.00;42
3309;11;621053552;3309;304;4334;4376;7.26;0.44;268.55;3.68;1025;11;1462.00;42
3311;11;621053567;3311;303;4337;4376;7.26;0.44;268.60;3.69;1026;11;1463.00;39
3312;11;621053579;3312;295;4338;4380;7.33;0.45;268.62;3.69;1026;11;1464.00;42
3315;11;621053593;3315;292;4340;4380;7.33;0.45;268.75;3.70;1025;11;1465.00;40
3318;11;621053606;3318;288;4342;4380;7.39;0.45;268.80;3.70;1024;11;1466.00;38
3321;11;621053618;3321;286;4343;4381;7.37;0.45;268.87;3.71;1022;11;1467.00;38
3323;11;621053631;3323;282;4344;4381;7.46;0.45;268.93;3.72;1021;11;1468.00;37
3326;11;621053644;3326;272;4348;4387;7.53;0.46;268.95;3.72;1022;11;1469.00;39
3330;11;621053659;3330;268;4349;4387;7.56;0.46;269.01;3.72;1019;11;1470.00;38
3334;11;621053671;3334;262;4349;4388;7.57;0.46;268.92;3.72;1015;11;1471.00;39
3338;11;621053685;3338;254;4350;4388;7.60;0.46;268.98;3.73;1012;11;1472.00;38
3339;11;621053697;3339;258;4352;4388;7.61;0.46;269.11;3.74;1013;11;1473.00;36
3343;11;621053710;3343;252;4353;4388;7.59;0.46;269.14;3.74;1010;11;1474.00;35
3344;11;621053722;3344;258;4355;4388;7.63;0.46;269.25;3.75;1011;11;1475.00;33
3345;11;621053734;3345;256;4364;4400;7.69;0.47;269.23;3.75;1019;11;1476.00;36
3348;11;621053748;3348;255;4365;4400;7.77;0.47;269.23;3.76;1017;11;1477.00;35
3350;12;621053760;3350;264;4368;4400;7.86;0.48;269.27;3.77;1018;12;1478.00;32
3351;12;621053785;3351;259;4371;4400;7.95;0.48;269.42;3.79;1020;12;1479.00;29
3353;12;621053801;3353;259;4373;4400;8.02;0.49;269.54;3.80;1020;12;1480.00;27
3354;13;621053814;3354;255;4376;4400;8.08;0.49;269.66;3.81;1022;13;1481.00;24
3357;14;621053834;3357;251;4380;4404;8.09;0.49;269.83;3.82;1023;14;1482.00;24
3363;14;621053868;3363;251;4381;4404;8.09;0.49;269.87;3.83;1018;14;1483.00;23
3366;14;621053883;3366;247;4385;4408;8.12;0.50;269.95;3.83;1019;14;1484.00;23
3368;14;621053903;3368;252;4388;4410;8.07;0.49;270.12;3.83;1020;14;1485.00;22
3369;14;621053928;3369;255;4389;4410;8.07;0.49;270.23;3.83;1020;14;1486.00;21
3372;14;621053944;3372;256;4390;4410;8.06;0.49;270.24;3.84;1018;14;1487.00;20
3378;14;621053956;3378;257;4400;4423;8.06;0.49;270.53;3.85;1022;14;1488.00;23
3380;14;621053969;3380;257;4400;4423;8.07;0.49;270.71;3.85;1020;14;1489.00;23
3383;14;621053981;3383;265;4401;4423;8.11;0.50;270.78;3.86;1018;14;1490.00;22
3387;14;621053993;3387;271;4404;4424;8.10;0.50;270.92;3.88;1017;14;1491.00;20
3391;14;621054005;3391;272;4404;4425;8.12;0.50;270.82;3.88;1013;14;1492.00;21
3393;14;621054018;3393;277;4405;4425;8.06;0.49;270.88;3.89;1012;14;1493.00;20
3397;14;621054029;3397;279;4409;4428;8.00;0.49;270.83;3.91;1012;14;1494.00;19
3401;14;621054041;3401;288;4412;4428;7.91;0.48;270.91;3.94;1011;14;1495.00;16
3408;14;621054053;3408;290;4414;4428;7.89;0.48;271.16;3.95;1006;14;1496.00;14
3410;14;621054065;3410;294;4414;4428;7.85;0.48;271.26;3.95;1004;14;1497.00;14
3415;14;621054077;3415;298;4420;4434;7.84;0.48;271.34;3.96;1005;14;1498.00;14
3420;14;621054089;3420;312;4421;4434;7.77;0.48;271.35;3.97;1001;14;1499.00;13
3423;14;621054103;3423;315;4429;4453;7.68;0.47;271.47;4.00;1006;14;1500.00;24
3423;14;621054122;3423;317;4432;4453;7.63;0.47;271.47;4.01;1009;14;1501.00;21
3426;14;621054134;3426;324;4436;4457;7.56;0.46;271.50;4.01;1010;14;1502.00;21
3428;14;621054146;3428;317;4439;4458;7.54;0.46;271.52;4.02;1011;14;1503.00;19
3428;14;621054157;3428;329;4440;4458;7.44;0.46;271.52;4.02;1012;14;1504.00;18
3431;14;621054168;3431;327;4443;4459;7.31;0.45;271.58;4.02;1012;14;1505.00;16
3437;14;621054179;3437;331;4445;4459;7.17;0.44;271.58;4.02;1008;14;1506.00;14
3437;14;621054191;3437;330;4446;4459;7.13;0.44;271.58;4.03;1009;14;1507.00;13
3440;14;621054201;3440;340;4447;4459;7.05;0.43;271.69;4.03;1007;14;1508.00;12
3441;14;621054212;3441;341;4448;4459;6.98;0.43;271.72;4.03;1007;14;1509.00;11
3443;14;621054223;3443;340;4448;4459;6.94;0.43;271.79;4.03;1005;14;1510.00;11
3447;14;621054234;3447;330;4449;4459;6.91;0.42;271.74;4.03;1002;14;1511.00;10
3448;14;621054245;3448;336;4487;4529;6.91;0.42;271.80;4.00;1039;14;1512.00;42
3451;14;621054262;3451;333;4489;4530;6.94;0.43;271.84;4.00;1038;14;1513.00;41
3452;14;621054274;3452;325;4496;4530;7.01;0.43;271.95;4.00;1044;14;1514.00;34
3457;14;621054284;3457;323;4500;4530;7.06;0.43;272.00;3.99;1043;14;1515.00;30
3461;14;621054296;3461;325;4504;4530;7.12;0.44;272.06;3.99;1043;14;1516.00;26
3465;14;621054313;3465;323;4507;4530;7.15;0.44;272.14;4.00;1042;14;1517.00;23
3466;14;621054324;3466;326;4510;4530;7.24;0.44;272.19;4.00;1044;14;1518.00;20
3469;14;621054336;3469;321;4512;4530;7.35;0.45;272.18;4.00;1043;14;1519.00;18
3470;14;621054348;3470;324;4514;4531;7.46;0.46;272.20;4.01;1044;14;1520.00;17
3473;14;621054360;3473;325;4516;4532;7.49;0.46;272.26;4.01;1043;14;1521.00;16
3478;14;621054371;3478;326;4517;4532;7.44;0.45;272.49;4.01;1039;14;1522.00;15
3482;14;621054383;3482;329;4522;4536;7.34;0.45;272.48;4.01;1040;14;1523.00;14
3487;14;621054394;3487;333;4523;4536;7.25;0.44;272.63;4.02;1036;14;1524.00;13
3490;14;621054405;3490;340;4523;4536;7.19;0.44;272.55;4.02;1033;14;1525.00;13
3495;14;621054416;3495;343;4523;4536;7.08;0.43;272.81;4.02;1028;14;1526.00;13
3496;14;621054427;3496;350;4527;4542;7.03;0.43;272.89;4.01;1031;14;1527.00;15
3498;14;621054439;3498;359;4527;4542;6.92;0.42;273.13;4.01;1029;14;1528.00;15
3502;14;621054449;3502;363;4529;4542;6.77;0.42;273.24;4.02;1027;14;1529.00;13
3505;14;621054461;3505;355;4531;4548;6.71;0.41;273.25;4.02;1026;14;1530.00;17
3509;14;621054479;3509;343;4531;4548;6.66;0.41;273.19;4.02;1022;14;1531.00;17
3514;14;621054490;3514;340;4533;4548;6.61;0.41;273.28;4.03;1019;14;1532.00;15
3518;14;621054501;3518;332;4535;4549;6.58;0.40;273.38;4.03;1017;14;1533.00;14
3520;14;621054512;3520;334;4538;4550;6.56;0.40;273.59;4.04;1018;14;1534.00;12
3528;14;621054523;3528;332;4539;4550;6.51;0.40;273.77;4.04;1011;14;1535.00;11
3530;14;621054534;3530;336;4551;4563;6.55;0.40;273.79;4.04;1021;14;1536.00;12
3532;14;621054546;3532;333;4552;4563;6.58;0.40;273.66;4.04;1020;14;1537.00;11
3537;14;621054557;3537;339;4553;4563;6.61;0.40;273.69;4.04;1016;14;1538.00;10
3538;14;621054567;3538;337;4555;4564;6.64;0.41;273.81;4.05;1017;14;1539.00;9
3542;14;621054579;3542;337;4558;4564;6.63;0.41;273.96;4.06;1016;14;1540.00;6
3548;14;621054590;3548;334;4563;4568;6.62;0.40;274.09;4.07;1015;14;1541.00;5
3555;14;621054602;3555;337;4566;4568;6.53;0.40;274.06;4.07;1011;14;1542.00;2
3562;14;621054613;3562;335;4570;4572;6.43;0.39;274.11;4.06;1008;14;1543.00;2
3564;14;621054625;3564;336;4570;4572;6.40;0.39;274.00;4.06;1006;14;1544.00;2
3569;14;621054636;3569;332;4571;4572;6.32;0.39;274.09;4.07;1002;14;1545.00;1
3571;14;621054648;3571;344;4571;4572;6.34;0.39;274.14;4.07;1000;14;1546.00;1
3579;14;621054659;3579;346;4572;4572;6.23;0.38;274.29;4.07;993;14;1547.00;0
3581;14;621054670;3581;350;4581;4584;6.21;0.38;274.33;4.06;1000;14;1548.00;3
3585;14;621054682;3585;359;4583;4584;6.17;0.38;274.42;4.06;998;14;1549.00;1
3589;14;621054693;3589;364;4584;4584;6.16;0.38;274.50;4.06;995;14;1550.00;0
3592;14;621054704;3592;367;4584;4584;6.15;0.38;274.51;4.06;992;14;1551.00;0
3597;14;621054714;3597;365;4584;4584;6.12;0.38;274.59;4.06;987;14;1552.00;0
3600;14;621054726;3600;370;4584;4584;6.10;0.37;274.79;4.06;984;14;1553.00;0
3602;14;621054736;3602;367;4585;4585;6.05;0.37;274.70;4.06;983;14;1554.00;0
3609;14;621054747;3609;372;4587;4587;5.94;0.36;274.72;4.05;978;14;1555.00;0
3615;14;621054758;3615;379;4593;4593;5.85;0.36;274.61;4.05;978;14;1556.00;0
3619;14;621054770;3619;386;4594;4594;5.84;0.36;274.65;4.05;975;14;1557.00;0
3623;14;621054780;3623;390;4594;4594;5.82;0.36;274.74;4.05;971;14;1558.00;0
3624;14;621054790;3624;396;4594;4594;5.80;0.35;274.68;4.05;970;14;1559.00;0
3629;14;621054803;3629;407;4599;4599;5.80;0.35;274.81;4.05;970;14;1560.00;0
3632;14;621054813;3632;411;4599;4599;5.74;0.35;274.90;4.05;967;14;1561.00;0
3635;14;621054823;3635;405;4599;4599;5.70;0.35;274.90;4.05;964;14;1562.00;0
3640;14;621054834;3640;408;4600;4600;5.61;0.34;274.85;4.04;960;14;1563.00;0
3643;14;621054844;3643;417;4604;4604;5.60;0.34;274.83;4.04;961;14;1564.00;0
3647;14;621054854;3647;421;4604;4604;5.51;0.34;274.79;4.04;957;14;1565.00;0
3651;14;621054864;3651;427;4606;4607;5.48;0.33;274.92;4.04;955;14;1566.00;1
3656;14;621054875;3656;435;4606;4607;5.40;0.33;274.87;4.04;950;14;1567.00;1
3660;14;621054890;3660;431;4607;4607;5.32;0.32;274.85;4.04;947;14;1568.00;0
3665;14;621054906;3665;435;4607;4607;5.21;0.32;274.91;4.04;942;14;1569.00;0
3670;14;621054922;3670;442;4611;4611;5.17;0.31;274.84;4.04;941;14;1570.00;0
3673;14;621054939;3673;442;4611;4611;5.14;0.31;274.77;4.04;938;14;1571.00;0
3676;14;621054955;3676;446;4611;4611;5.06;0.31;274.63;4.04;935;14;1572.00;0
3676;15;621054970;3676;449;4611;4611;5.01;0.30;274.63;4.04;935;15;1573.00;0
3676;15;621055004;3676;455;4612;4612;5.01;0.30;274.63;4.04;936;15;1574.00;0
3678;15;621055015;3678;459;4614;4614;4.99;0.30;274.59;4.03;936;15;1575.00;0
3680;15;621055027;3680;459;4614;4614;4.94;0.30;274.61;4.03;934;15;1576.00;0
3681;15;621055038;3681;452;4615;4615;4.96;0.30;274.57;4.03;934;15;1577.00;0
3681;15;621055049;3681;446;4615;4615;4.94;0.30;274.57;4.03;934;15;1578.00;0
3684;15;621055060;3684;445;4615;4615;4.97;0.30;274.62;4.03;931;15;1579.00;0
3686;15;621055071;3686;445;4615;4615;5.04;0.31;274.60;4.03;929;15;1580.00;0
3687;15;621055083;3687;442;4615;4615;5.13;0.31;274.62;4.03;928;15;1581.00;0
3688;15;621055098;3688;436;4615;4615;5.20;0.32;274.66;4.03;927;15;1582.00;0
3689;15;621055112;3689;439;4615;4615;5.25;0.32;274.63;4.03;926;15;1583.00;0
3689;15;621055123;3689;456;4690;4742;5.70;0.35;274.63;3.97;1001;15;1584.00;52
3691;15;621055152;3691;452;4693;4743;5.71;0.35;274.64;3.97;1002;15;1585.00;50
3691;15;621055174;3691;437;4702;4743;5.88;0.36;274.64;3.96;1011;15;1586.00;41
3692;15;621055186;3692;413;4706;4743;6.01;0.37;274.69;3.96;1014;15;1587.00;37
3692;15;621055198;3692;396;4711;4743;6.14;0.38;274.69;3.96;1019;15;1588.00;32
3693;15;621055209;3693;385;4713;4743;6.25;0.39;274.65;3.96;1020;15;1589.00;30
3696;15;621055223;3696;369;4715;4743;6.34;0.39;274.57;3.97;1019;15;1590.00;28
3697;15;621055236;3697;367;4717;4743;6.49;0.40;274.59;3.97;1020;15;1591.00;26
3698;15;621055249;3698;360;4720;4744;6.62;0.41;274.63;3.97;1022;15;1592.00;24
3700;15;621055262;3700;357;4724;4745;6.70;0.41;274.67;3.97;1024;15;1593.00;21
3701;15;621055282;3701;354;4726;4745;6.79;0.42;274.69;3.98;1025;15;1594.00;19
3702;15;621055294;3702;351;4728;4746;6.90;0.42;274.69;3.98;1026;15;1595.00;18
3702;15;621055308;3702;353;4730;4746;7.06;0.43;274.69;3.98;1028;16;1596.00;16
3703;15;621055331;3703;351;4731;4746;7.20;0.44;274.68;3.98;1028;16;1597.00;15
3703;15;621055350;3703;354;4735;4746;7.24;0.44;274.68;3.99;1032;16;1598.00;11
3707;15;621055370;3707;354;4738;4750;7.26;0.44;274.70;3.99;1031;16;1599.00;12
3708;15;621055385;3708;350;4739;4750;7.35;0.45;274.66;3.99;1031;16;1600.00;11
3710;15;621055402;3710;344;4741;4750;7.36;0.45;274.60;4.00;1031;16;1601.00;9
3710;15;621055416;3710;333;4742;4753;7.40;0.45;274.60;4.00;1032;16;1602.00;11
3711;15;621055430;3711;333;4743;4753;7.45;0.45;274.63;4.00;1032;16;1603.00;10
3713;15;621055444;3713;332;4744;4753;7.43;0.45;274.71;4.00;1031;16;1604.00;9
3714;15;621055458;3714;326;4747;4757;7.42;0.45;274.72;4.00;1033;16;1605.00;10
3714;15;621055472;3714;327;4748;4758;7.49;0.46;274.72;4.00;1034;16;1606.00;10
3714;15;621055486;3714;331;4750;4758;7.55;0.46;274.72;4.01;1036;16;1607.00;8
3719;15;621055499;3719;331;4753;4762;7.58;0.46;274.91;4.00;1034;16;1608.00;9
3723;15;621055513;3723;325;4755;4762;7.57;0.46;274.76;4.01;1032;16;1609.00;7
3725;15;621055526;3725;326;4756;4762;7.60;0.46;274.96;4.01;1031;16;1610.00;6
3727;15;621055539;3727;321;4757;4763;7.61;0.46;275.07;4.01;1030;16;1611.00;6
3733;15;621055553;3733;323;4757;4763;7.61;0.46;275.28;4.01;1024;16;1612.00;6
3735;15;621055566;3735;322;4762;4769;7.63;0.46;275.20;4.00;1027;16;1613.00;7
3738;15;621055580;3738;320;4762;4769;7.60;0.46;275.22;4.00;1024;16;1614.00;7
3744;15;621055594;3744;323;4762;4770;7.52;0.46;275.46;4.00;1018;16;1615.00;8
3745;15;621055607;3745;318;4762;4770;7.51;0.46;275.59;4.00;1017;16;1616.00;8
3746;15;621055620;3746;323;4762;4770;7.54;0.46;275.68;4.00;1016;16;1617.00;8
3746;15;621055633;3746;316;4762;4770;7.57;0.46;275.68;4.00;1016;16;1618.00;8
3748;15;621055646;3748;318;4762;4770;7.49;0.45;275.81;4.00;1014;16;1619.00;8
3750;15;621055666;3750;329;4790;4806;7.47;0.46;275.98;3.98;1040;16;1620.00;16
3752;15;621055683;3752;322;4790;4806;7.51;0.46;275.93;3.98;1038;16;1621.00;16
3753;15;621055696;3753;322;4793;4806;7.58;0.46;275.89;3.98;1040;16;1622.00;13
3757;15;621055709;3757;314;4793;4806;7.62;0.46;275.95;3.98;1036;16;1623.00;13
3763;15;621055723;3763;308;4794;4806;7.62;0.46;275.93;3.98;1031;16;1624.00;12
3765;15;621055736;3765;304;4794;4806;7.69;0.47;275.99;3.98;1029;16;1625.00;12
3767;15;621055749;3767;303;4798;4810;7.72;0.47;275.99;3.98;1031;16;1626.00;12
3768;15;621055769;3768;303;4798;4810;7.81;0.47;276.10;3.98;1030;16;1627.00;12
3768;15;621055787;3768;302;4802;4814;7.88;0.48;276.10;3.97;1034;16;1628.00;12
3770;15;621055800;3770;298;4803;4815;7.91;0.48;276.19;3.97;1033;16;1629.00;12
3770;15;621055813;3770;297;4803;4815;7.91;0.48;276.19;3.97;1033;16;1630.00;12
3773;15;621055833;3773;301;4803;4815;7.84;0.48;276.40;3.97;1030;16;1631.00;12
3776;15;621055845;3776;294;4814;4828;7.77;0.47;276.60;3.96;1038;16;1632.00;14
3780;15;621055859;3780;285;4814;4828;7.69;0.47;276.68;3.96;1034;16;1633.00;14
3786;15;621055873;3786;277;4814;4828;7.66;0.47;276.67;3.96;1028;16;1634.00;14
3789;15;621055893;3789;278;4816;4829;7.62;0.46;276.74;3.97;1027;16;1635.00;13
3792;15;621055906;3792;280;4816;4830;7.62;0.46;276.92;3.97;1024;16;1636.00;14
3796;15;621055918;3796;276;4816;4830;7.59;0.46;277.08;3.97;1020;16;1637.00;14
3799;15;621055931;3799;268;4818;4833;7.62;0.46;277.30;3.97;1019;16;1638.00;15
3806;15;621055943;3806;266;4819;4833;7.65;0.46;277.33;3.97;1013;16;1639.00;14
3809;15;621055955;3809;266;4819;4833;7.64;0.46;277.37;3.97;1010;16;1640.00;14
3811;15;621055968;3811;265;4819;4833;7.66;0.46;277.25;3.97;1008;16;1641.00;14
3811;15;621055979;3811;268;4824;4839;7.69;0.47;277.25;3.97;1013;16;1642.00;15
3815;15;621055992;3815;261;4824;4839;7.66;0.46;277.23;3.97;1009;16;1643.00;15
3817;15;621056004;3817;270;4824;4839;7.64;0.46;277.32;3.97;1007;16;1644.00;15
3819;15;621056022;3819;266;4824;4839;7.61;0.46;277.32;3.97;1005;16;1645.00;15
3819;15;621056034;3819;275;4827;4843;7.61;0.46;277.32;3.97;1008;16;1646.00;16
3823;15;621056046;3823;275;4828;4844;7.59;0.46;277.36;3.97;1005;16;1647.00;16
3823;15;621056058;3823;269;4829;4844;7.61;0.46;277.36;3.98;1006;16;1648.00;15
3825;15;621056069;3825;268;4830;4845;7.61;0.46;277.38;3.98;1005;16;1649.00;15
3827;15;621056083;3827;274;4830;4845;7.66;0.47;277.41;3.98;1003;16;1650.00;15
3829;15;621056094;3829;272;4830;4845;7.70;0.47;277.45;3.98;1001;16;1651.00;15
3833;15;621056112;3833;278;4830;4845;7.70;0.47;277.47;3.98;997;16;1652.00;15
3835;15;621056129;3835;279;4830;4845;7.73;0.47;277.60;3.98;995;16;1653.00;15
3839;15;621056140;3839;272;4830;4845;7.75;0.47;277.54;3.98;991;16;1654.00;15
3842;15;621056152;3842;274;4830;4845;7.75;0.47;277.72;3.98;988;16;1655.00;15
3845;15;621056163;3845;283;4873;4915;7.78;0.47;277.84;3.94;1028;16;1656.00;42
3847;16;621056180;3847;279;4874;4916;7.80;0.48;277.90;3.95;1027;17;1657.00;42
3849;16;621056202;3849;287;4879;4916;7.80;0.48;277.99;3.95;1030;17;1658.00;37
3849;16;621056214;3849;276;4881;4916;7.84;0.48;277.99;3.95;1032;17;1659.00;35
3852;16;621056225;3852;274;4884;4916;7.84;0.48;278.15;3.96;1032;17;1660.00;32
3853;16;621056237;3853;278;4888;4916;7.88;0.48;278.08;3.97;1035;17;1661.00;28
3856;16;621056249;3856;281;4890;4916;7.89;0.48;278.16;3.97;1034;17;1662.00;26
3862;16;621056260;3862;289;4893;4916;7.88;0.48;278.39;3.98;1031;17;1663.00;23
3864;16;621056272;3864;283;4895;4917;7.86;0.48;278.31;4.00;1031;17;1664.00;22
3867;16;621056284;3867;277;4898;4919;7.84;0.48;278.38;4.00;1031;17;1665.00;21
3869;16;621056296;3869;283;4903;4919;7.87;0.48;278.33;4.02;1034;17;1666.00;16
3876;16;621056307;3876;281;4907;4923;7.86;0.48;278.26;4.02;1031;17;1667.00;16
3877;16;621056319;3877;283;4910;4923;7.83;0.48;278.27;4.03;1033;17;1668.00;13
3881;16;621056331;3881;280;4911;4923;7.81;0.48;278.34;4.04;1030;17;1669.00;12
3886;16;621056343;3886;279;4911;4923;7.74;0.47;278.37;4.04;1025;17;1670.00;12
3887;16;621056355;3887;289;4918;4929;7.75;0.47;278.34;4.05;1031;17;1671.00;11
3891;16;621056367;3891;294;4918;4929;7.64;0.47;278.44;4.05;1027;17;1672.00;11
3891;16;621056379;3891;301;4918;4929;7.58;0.46;278.44;4.05;1027;17;1673.00;11
3895;16;621056390;3895;305;4921;4932;7.46;0.46;278.41;4.05;1026;17;1674.00;11
3900;16;621056402;3900;316;4921;4932;7.33;0.45;278.62;4.05;1021;17;1675.00;11
3903;16;621056413;3903;323;4924;4932;7.17;0.44;278.70;4.07;1021;17;1676.00;8
3904;16;621056424;3904;327;4924;4933;7.10;0.43;278.78;4.07;1020;17;1677.00;9
3909;16;621056436;3909;336;4928;4934;6.97;0.43;278.99;4.09;1019;17;1678.00;6
3909;16;621056447;3909;335;4928;4934;6.91;0.42;278.99;4.09;1019;17;1679.00;6
3914;16;621056459;3914;350;4949;4960;6.86;0.42;279.00;4.08;1035;17;1680.00;11
3917;16;621056473;3917;342;4950;4960;6.84;0.42;279.01;4.08;1033;17;1681.00;10
3919;16;621056484;3919;352;4955;4960;6.86;0.42;278.97;4.08;1036;17;1682.00;5
3920;16;621056495;3920;345;4956;4961;6.87;0.42;279.05;4.08;1036;17;1683.00;5
3921;16;621056505;3921;341;4956;4961;6.85;0.42;279.16;4.08;1035;17;1684.00;5
3924;16;621056516;3924;342;4962;4965;6.83;0.42;279.19;4.08;1038;17;1685.00;3
3926;16;621056527;3926;344;4963;4965;6.72;0.41;279.13;4.08;1037;17;1686.00;2
3929;16;621056543;3929;347;4965;4969;6.63;0.41;279.18;4.08;1036;17;1687.00;4
3931;16;621056554;3931;347;4967;4969;6.58;0.40;279.10;4.08;1036;17;1688.00;2
3932;16;621056565;3932;351;4967;4969;6.55;0.40;279.21;4.08;1035;17;1689.00;2
3935;16;621056574;3935;355;4968;4969;6.53;0.40;279.40;4.08;1033;17;1690.00;1
3939;16;621056585;3939;348;4969;4969;6.48;0.40;279.58;4.08;1030;17;1691.00;0
3943;16;621056595;3943;350;4980;4981;6.52;0.40;279.51;4.08;1037;17;1692.00;1
3947;16;621056607;3947;353;4980;4981;6.41;0.39;279.63;4.08;1033;17;1693.00;1
3950;16;621056617;3950;358;4981;4981;6.37;0.39;279.86;4.08;1031;17;1694.00;0
3957;16;621056627;3957;368;4981;4981;6.29;0.38;279.93;4.08;1024;17;1695.00;0
3962;16;621056637;3962;363;4981;4981;6.20;0.38;280.05;4.08;1019;17;1696.00;0
3965;16;621056647;3965;366;4981;4981;6.06;0.37;280.19;4.08;1016;17;1697.00;0
3971;16;621056657;3971;371;4982;4982;5.91;0.36;280.48;4.07;1011;17;1698.00;0
3973;16;621056668;3973;377;4982;4982;5.82;0.35;280.59;4.07;1009;17;1699.00;0
3979;16;621056678;3979;370;4988;4988;5.81;0.35;280.61;4.07;1009;17;1700.00;0
3983;16;621056692;3983;370;4989;4989;5.75;0.35;280.61;4.07;1006;17;1701.00;0
3984;16;621056702;3984;364;4989;4989;5.74;0.35;280.66;4.07;1005;17;1702.00;0
3988;16;621056712;3988;361;4989;4989;5.67;0.35;280.93;4.07;1001;17;1703.00;0
3990;16;621056722;3990;370;4993;4993;5.70;0.35;280.91;4.07;1003;17;1704.00;0
3992;16;621056731;3992;374;4993;4993;5.68;0.35;281.07;4.07;1001;17;1705.00;0
3995;16;621056742;3995;374;4993;4993;5.68;0.35;281.19;4.07;998;17;1706.00;0
3999;16;621056751;3999;366;4994;4994;5.65;0.34;281.14;4.07;995;17;1707.00;0
4002;16;621056761;4002;360;4998;4998;5.64;0.34;281.14;4.06;996;17;1708.00;0
4006;16;621056771;4006;362;4998;4998;5.64;0.35;281.15;4.06;992;17;1709.00;0
4007;16;621056783;4007;365;5002;5004;5.64;0.35;281.11;4.06;995;17;1710.00;2
4010;16;621056793;4010;373;5003;5004;5.60;0.34;281.12;4.06;993;17;1711.00;1
4013;16;621056803;4013;380;5004;5004;5.56;0.34;281.01;4.06;991;17;1712.00;0
4016;16;621056813;4016;384;5004;5004;5.51;0.34;280.93;4.06;988;17;1713.00;0
4020;16;621056822;4020;389;5008;5008;5.51;0.34;280.87;4.06;988;17;1714.00;0
4022;16;621056833;4022;393;5008;5008;5.52;0.34;280.80;4.06;986;17;1715.00;0
4027;16;621056843;4027;391;5008;5008;5.49;0.34;280.79;4.06;981;17;1716.00;0
4031;16;621056852;4031;395;5008;5008;5.47;0.33;280.76;4.06;977;17;1717.00;0
4034;16;621056862;4034;399;5009;5009;5.42;0.33;280.69;4.06;975;17;1718.00;0
4037;16;621056872;4037;406;5010;5010;5.34;0.33;280.74;4.06;973;17;1719.00;0
4040;16;621056884;4040;409;5010;5010;5.25;0.32;280.64;4.06;970;17;1720.00;0
4042;16;621056898;4042;413;5011;5011;5.20;0.32;280.72;4.06;969;17;1721.00;0
4048;16;621056916;4048;412;5011;5011;5.09;0.31;280.66;4.06;963;17;1722.00;0
4054;16;621056931;4054;408;5011;5011;4.99;0.31;280.64;4.06;957;17;1723.00;0
4058;16;621056946;4058;410;5011;5011;4.94;0.30;280.68;4.06;953;17;1724.00;0
4064;16;621056961;4064;418;5011;5011;4.87;0.30;280.60;4.06;947;17;1725.00;0
4067;16;621056975;4067;419;5011;5011;4.88;0.30;280.55;4.06;944;17;1726.00;0
4070;16;621056997;4070;424;5011;5011;4.94;0.30;280.65;4.06;941;17;1727.00;0
4077;16;621057015;4077;440;5090;5138;5.30;0.33;280.55;3.99;1013;17;1728.00;48
4079;16;621057037;4079;438;5094;5139;5.33;0.33;280.54;3.99;1015;17;1729.00;45
4082;16;621057048;4082;431;5101;5139;5.39;0.34;280.54;3.99;1019;17;1730.00;38
4087;16;621057059;4087;439;5101;5139;5.35;0.33;280.38;3.99;1014;17;1731.00;38
4088;16;621057070;4088;434;5107;5139;5.45;0.34;280.42;3.99;1019;17;1732.00;32
4090;16;621057082;4090;439;5111;5139;5.53;0.34;280.41;3.99;1021;17;1733.00;28
4091;16;621057093;4091;443;5114;5139;5.55;0.34;280.46;3.99;1023;17;1734.00;25
4095;16;621057105;4095;447;5117;5139;5.55;0.34;280.48;3.99;1022;17;1735.00;22
4098;16;621057116;4098;447;5120;5140;5.46;0.34;280.45;3.99;1022;17;1736.00;20
4101;16;621057127;4101;454;5125;5141;5.36;0.33;280.52;4.00;1024;17;1737.00;16
4104;16;621057138;4104;462;5127;5141;5.28;0.33;280.57;4.00;1023;17;1738.00;14
4105;16;621057149;4105;457;5130;5142;5.26;0.32;280.63;4.00;1025;17;1739.00;12
4107;16;621057161;4107;452;5133;5142;5.31;0.33;280.67;4.01;1026;17;1740.00;9
4108;16;621057171;4108;446;5134;5142;5.34;0.33;280.72;4.01;1026;17;1741.00;8
4110;16;621057183;4110;453;5135;5142;5.38;0.33;280.76;4.01;1025;17;1742.00;7
4112;16;621057193;4112;452;5139;5146;5.46;0.34;280.84;4.01;1027;17;1743.00;7
4116;16;621057205;4116;450;5141;5146;5.44;0.34;280.90;4.01;1025;17;1744.00;5
4119;16;621057216;4119;452;5142;5146;5.47;0.34;280.93;4.01;1023;17;1745.00;4
4122;16;621057227;4122;447;5145;5149;5.51;0.34;281.06;4.02;1023;17;1746.00;4
4127;16;621057240;4127;440;5145;5149;5.58;0.34;281.21;4.02;1018;17;1747.00;4
4128;16;621057253;4128;437;5147;5149;5.63;0.35;281.25;4.02;1019;17;1748.00;2
4129;16;621057271;4129;430;5151;5153;5.77;0.35;281.27;4.02;1022;17;1749.00;2
4133;16;621057283;4133;423;5153;5154;5.78;0.35;281.24;4.02;1020;17;1750.00;1
4135;16;621057295;4135;421;5153;5154;5.84;0.36;281.21;4.02;1018;17;1751.00;1
4137;16;621057307;4137;422;5158;5158;5.90;0.36;281.18;4.02;1021;17;1752.00;0
4139;16;621057321;4139;412;5158;5158;5.94;0.36;281.13;4.02;1019;17;1753.00;0
4142;16;621057334;4142;414;5158;5158;5.99;0.37;281.20;4.02;1016;17;1754.00;0
4144;16;621057346;4144;413;5160;5160;6.01;0.37;281.22;4.02;1016;17;1755.00;0
4145;16;621057360;4145;399;5160;5160;6.03;0.37;281.23;4.02;1015;17;1756.00;0
4145;16;621057372;4145;388;5165;5166;6.09;0.37;281.23;4.01;1020;17;1757.00;1
4145;16;621057386;4145;387;5165;5166;6.12;0.38;281.23;4.01;1020;17;1758.00;1
4147;16;621057398;4147;383;5165;5167;6.18;0.38;281.20;4.01;1018;17;1759.00;2
4154;16;621057409;4154;380;5165;5167;6.13;0.37;281.31;4.01;1011;17;1760.00;2
4157;16;621057423;4157;368;5165;5167;6.15;0.37;281.32;4.01;1008;17;1761.00;2
4161;16;621057435;4161;364;5165;5167;6.18;0.38;281.59;4.01;1004;17;1762.00;2
4165;16;621057448;4165;368;5165;5167;6.24;0.38;281.49;4.01;1000;17;1763.00;2
4168;16;621057461;4168;366;5175;5179;6.35;0.39;281.46;4.01;1007;17;1764.00;4
4170;16;621057475;4170;362;5175;5179;6.37;0.39;281.58;4.01;1005;17;1765.00;4
4171;16;621057487;4171;361;5176;5179;6.40;0.39;281.54;4.01;1005;17;1766.00;3
4175;16;621057498;4175;352;5176;5179;6.47;0.39;281.66;4.01;1001;17;1767.00;3
4177;16;621057511;4177;347;5176;5179;6.47;0.39;281.80;4.01;999;17;1768.00;3
4180;16;621057523;4180;343;5176;5179;6.52;0.40;281.99;4.01;996;17;1769.00;3
4181;16;621057538;4181;340;5179;5183;6.58;0.40;282.08;4.00;998;17;1770.00;4
4186;16;621057550;4186;336;5179;5183;6.61;0.40;282.33;4.00;993;17;1771.00;4
4188;16;621057564;4188;337;5183;5187;6.68;0.41;282.44;4.00;995;17;1772.00;4
4189;16;621057577;4189;338;5184;5188;6.76;0.41;282.50;4.00;995;17;1773.00;4
4192;16;621057591;4192;334;5184;5188;6.82;0.41;282.63;4.00;992;17;1774.00;4
4195;16;621057606;4195;338;5184;5188;6.84;0.41;282.70;4.00;989;17;1775.00;4
4197;16;621057620;4197;330;5195;5201;6.95;0.42;282.77;3.99;998;17;1776.00;6
4198;16;621057635;4198;328;5195;5201;7.04;0.43;282.78;3.99;997;17;1777.00;6
4201;16;621057648;4201;327;5195;5201;7.08;0.43;282.86;3.99;994;17;1778.00;6
4202;16;621057660;4202;328;5196;5202;7.15;0.43;282.87;3.99;994;17;1779.00;6
4203;16;621057672;4203;333;5196;5203;7.17;0.44;282.90;3.99;993;17;1780.00;7
4205;16;621057685;4205;340;5196;5203;7.16;0.44;282.92;3.99;991;17;1781.00;7
4207;16;621057704;4207;338;5198;5206;7.16;0.44;282.93;3.99;991;17;1782.00;8
4210;16;621057717;4210;345;5198;5206;7.14;0.43;282.88;3.99;988;17;1783.00;8
4212;16;621057729;4212;348;5199;5206;7.13;0.43;282.94;3.99;987;17;1784.00;7
4215;16;621057742;4215;347;5199;5206;7.14;0.43;282.95;3.99;984;17;1785.00;7
4219;16;621057754;4219;351;5204;5212;7.10;0.43;283.08;3.99;985;17;1786.00;8
4223;16;621057767;4223;355;5204;5212;7.09;0.43;283.24;3.99;981;17;1787.00;8
4224;16;621057779;4224;353;5204;5212;7.13;0.43;283.29;3.99;980;17;1788.00;8
4227;16;621057792;4227;356;5204;5212;7.15;0.43;283.56;3.99;977;17;1789.00;8
4231;16;621057805;4231;350;5207;5216;7.16;0.43;283.72;3.99;976;17;1790.00;9
4235;16;621057817;4235;349;5208;5217;7.24;0.44;283.76;3.98;973;17;1791.00;9
4236;16;621057830;4236;343;5208;5217;7.30;0.44;283.75;3.98;972;17;1792.00;9
4241;16;621057842;4241;340;5209;5218;7.31;0.44;283.91;3.98;968;17;1793.00;9
4246;16;621057854;4246;339;5209;5218;7.32;0.44;284.01;3.98;963;17;1794.00;9
4249;16;621057867;4249;338;5209;5218;7.26;0.44;284.08;3.98;960;17;1795.00;9
4251;16;621057878;4251;334;5209;5218;7.25;0.44;284.09;3.98;958;17;1796.00;9
4254;16;621057892;4254;333;5209;5218;7.19;0.44;284.16;3.98;955;17;1797.00;9
4257;16;621057904;4257;327;5209;5218;7.17;0.43;284.21;3.98;952;17;1798.00;9
4261;16;621057915;4261;324;5209;5218;7.12;0.43;284.25;3.98;948;17;1799.00;9
4261;16;621057930;4261;339;5274;5356;7.16;0.44;284.25;3.93;1013;17;1800.00;82
4262;16;621057956;4262;318;5275;5357;7.20;0.44;284.30;3.93;1013;17;1801.00;82
4263;16;621057968;4263;299;5286;5357;7.26;0.45;284.42;3.93;1023;17;1802.00;71
4264;16;621057980;4264;291;5288;5357;7.31;0.45;284.53;3.93;1024;17;1803.00;69
4265;16;621057991;4265;291;5295;5357;7.38;0.45;284.58;3.93;1030;17;1804.00;62
4267;16;621058003;4267;282;5300;5357;7.42;0.46;284.70;3.95;1033;17;1805.00;57
4269;16;621058015;4269;287;5307;5357;7.45;0.46;284.78;3.95;1038;17;1806.00;50
4273;16;621058027;4273;288;5316;5357;7.45;0.46;284.83;3.96;1043;17;1807.00;41
4277;16;621058044;4277;283;5319;5358;7.48;0.46;284.91;3.96;1042;17;1808.00;39
4283;16;621058057;4283;282;5322;5359;7.44;0.46;284.86;3.96;1039;17;1809.00;37
4288;16;621058069;4288;280;5325;5359;7.41;0.45;284.84;3.96;1037;17;1810.00;34
4291;16;621058082;4291;279;5331;5363;7.37;0.45;284.82;3.96;1040;17;1811.00;32
4294;16;621058095;4294;268;5333;5363;7.34;0.45;284.75;3.97;1039;17;1812.00;30
4297;16;621058106;4297;268;5333;5363;7.32;0.45;284.79;3.97;1036;17;1813.00;30
4300;16;621058118;4300;264;5333;5363;7.27;0.44;284.86;3.97;1033;17;1814.00;30
4302;17;621058130;4302;260;5336;5369;7.30;0.45;284.88;3.96;1034;18;1815.00;33
4306;17;621058154;4306;266;5339;5369;7.32;0.45;284.88;3.97;1033;18;1816.00;30
4308;17;621058171;4308;264;5339;5369;7.38;0.45;285.03;3.97;1031;18;1817.00;30
4312;17;621058183;4312;267;5341;5372;7.46;0.46;285.22;3.97;1029;18;1818.00;31
4315;17;621058196;4315;266;5342;5372;7.50;0.46;285.24;3.97;1027;18;1819.00;30
4319;17;621058208;4319;264;5343;5372;7.48;0.46;285.40;3.98;1024;18;1820.00;29
4324;17;621058220;4324;265;5345;5373;7.46;0.46;285.53;3.98;1021;18;1821.00;28
4328;17;621058238;4328;267;5348;5374;7.45;0.45;285.49;3.99;1020;18;1822.00;26
4330;17;621058250;4330;269;5349;5374;7.36;0.45;285.50;3.99;1019;18;1823.00;25
4332;17;621058268;4332;268;5360;5387;7.31;0.45;285.53;3.99;1028;18;1824.00;27
4334;17;621058280;4334;266;5363;5387;7.33;0.45;285.45;3.99;1029;18;1825.00;24
4337;17;621058292;4337;267;5364;5387;7.38;0.45;285.44;4.00;1027;18;1826.00;23
4341;17;621058304;4341;263;5364;5388;7.36;0.45;285.67;4.00;1023;18;1827.00;24
4344;17;621058316;4344;267;5364;5388;7.38;0.45;285.77;4.00;1020;18;1828.00;24
4349;17;621058329;4349;271;5369;5392;7.38;0.45;285.79;4.00;1020;18;1829.00;23
4352;17;621058343;4352;273;5370;5392;7.37;0.45;285.91;4.01;1018;18;1830.00;22
4352;17;621058355;4352;272;5374;5396;7.32;0.45;285.91;4.01;1022;18;1831.00;22
4354;17;621058367;4354;274;5375;5396;7.23;0.44;286.01;4.02;1021;18;1832.00;21
4359;17;621058378;4359;274;5375;5396;7.17;0.44;286.12;4.02;1016;18;1833.00;21
4359;17;621058391;4359;278;5377;5396;7.18;0.44;286.12;4.03;1018;18;1834.00;19
4361;17;621058402;4361;282;5377;5396;7.21;0.44;286.17;4.03;1016;18;1835.00;19
4367;17;621058413;4367;289;5390;5408;7.20;0.44;286.30;4.04;1023;18;1836.00;18
4369;17;621058426;4369;292;5391;5408;7.22;0.44;286.35;4.05;1022;18;1837.00;17
4371;17;621058437;4371;288;5393;5408;7.22;0.44;286.38;4.06;1022;18;1838.00;15
4373;17;621058449;4373;295;5393;5408;7.21;0.44;286.43;4.06;1020;18;1839.00;15
4374;17;621058461;4374;297;5394;5408;7.19;0.44;286.40;4.07;1020;18;1840.00;14
4377;17;621058472;4377;303;5395;5408;7.13;0.44;286.51;4.08;1018;18;1841.00;13
4380;17;621058484;4380;312;5395;5409;7.04;0.43;286.52;4.08;1015;18;1842.00;14
4382;17;621058495;4382;319;5397;5409;6.98;0.43;286.57;4.09;1015;18;1843.00;12
4384;17;621058505;4384;326;5404;5415;6.99;0.43;286.75;4.10;1020;18;1844.00;11
4385;17;621058517;4385;332;5406;5417;6.95;0.43;286.71;4.10;1021;18;1845.00;11
4390;17;621058528;4390;336;5406;5417;6.88;0.42;286.96;4.10;1016;18;1846.00;11
4394;17;621058539;4394;346;5406;5417;6.80;0.42;286.82;4.10;1012;18;1847.00;11
4400;17;621058550;4400;349;5412;5421;6.70;0.41;287.00;4.12;1012;18;1848.00;9
4403;17;621058561;4403;352;5412;5421;6.64;0.41;287.01;4.12;1009;18;1849.00;9
4405;17;621058572;4405;350;5415;5421;6.55;0.40;287.07;4.13;1010;18;1850.00;6
4406;17;621058583;4406;350;5416;5422;6.56;0.40;287.10;4.13;1010;18;1851.00;6
4408;17;621058593;4408;354;5420;5426;6.56;0.40;287.10;4.13;1012;18;1852.00;6
4410;17;621058605;4410;359;5420;5426;6.60;0.41;287.11;4.13;1010;18;1853.00;6
4412;17;621058615;4412;354;5422;5429;6.60;0.41;287.09;4.13;1010;18;1854.00;7
4413;17;621058626;4413;355;5423;5429;6.60;0.41;287.05;4.13;1010;18;1855.00;6
4414;17;621058637;4414;352;5426;5429;6.57;0.40;287.01;4.14;1012;18;1856.00;3
4419;17;621058648;4419;350;5427;5429;6.48;0.40;286.93;4.14;1008;18;1857.00;2
4420;17;621058659;4420;351;5431;5433;6.48;0.40;286.96;4.14;1011;18;1858.00;2
4423;17;621058669;4423;355;5431;5433;6.42;0.39;286.90;4.14;1008;18;1859.00;2
4425;17;621058681;4425;352;5432;5433;6.30;0.39;286.80;4.14;1007;18;1860.00;1
4427;17;621058691;4427;353;5432;5433;6.25;0.38;286.71;4.14;1005;18;1861.00;1
4432;17;621058701;4432;356;5433;5434;6.15;0.38;286.74;4.14;1001;18;1862.00;1
4436;17;621058711;4436;361;5434;5435;6.08;0.37;286.68;4.14;998;18;1863.00;1
4436;17;621058722;4436;360;5434;5435;6.02;0.37;286.68;4.14;998;18;1864.00;1
4438;17;621058731;4438;367;5435;5436;5.96;0.37;286.66;4.14;997;18;1865.00;1
4442;17;621058742;4442;379;5435;5436;5.81;0.36;286.68;4.14;993;18;1866.00;1
4446;17;621058751;4446;390;5435;5436;5.64;0.35;286.54;4.14;989;18;1867.00;1
4450;17;621058761;4450;394;5435;5436;5.53;0.34;286.53;4.14;985;18;1868.00;1
4452;17;621058770;4452;400;5435;5436;5.45;0.34;286.53;4.14;983;18;1869.00;1
4455;17;621058779;4455;393;5435;5436;5.37;0.33;286.49;4.14;980;18;1870.00;1
4460;17;621058788;4460;384;5435;5436;5.30;0.33;286.45;4.14;975;18;1871.00;1
4463;17;621058797;4463;401;5509;5563;5.58;0.35;286.64;4.08;1046;18;1872.00;54
4466;17;621058817;4466;388;5514;5564;5.51;0.34;286.60;4.08;1048;18;1873.00;50
4467;17;621058827;4467;386;5524;5564;5.56;0.35;286.65;4.08;1057;18;1874.00;40
4472;17;621058838;4472;383;5526;5564;5.52;0.34;286.61;4.07;1054;18;1875.00;38
4475;17;621058848;4475;387;5532;5564;5.49;0.34;286.56;4.07;1057;18;1876.00;32
4477;17;621058858;4477;382;5532;5564;5.42;0.34;286.60;4.07;1055;18;1877.00;32
4477;17;621058868;4477;382;5534;5564;5.45;0.34;286.60;4.08;1057;18;1878.00;30
4480;17;621058878;4480;385;5536;5564;5.43;0.34;286.55;4.08;1056;18;1879.00;28
4483;17;621058892;4483;392;5537;5565;5.36;0.33;286.57;4.08;1054;18;1880.00;28
4485;17;621058911;4485;394;5539;5566;5.36;0.33;286.55;4.08;1054;18;1881.00;27
4488;17;621058928;4488;401;5542;5568;5.32;0.33;286.58;4.08;1054;18;1882.00;26
4494;17;621058946;4494;403;5544;5569;5.27;0.33;286.57;4.08;1050;18;1883.00;25
4497;17;621058962;4497;414;5545;5569;5.20;0.32;286.59;4.08;1048;18;1884.00;24
4500;17;621058978;4500;426;5547;5569;5.19;0.32;286.57;4.08;1047;18;1885.00;22
4505;17;621058993;4505;431;5550;5569;5.15;0.32;286.57;4.09;1045;18;1886.00;19
4505;17;621059006;4505;437;5556;5573;5.20;0.32;286.57;4.09;1051;18;1887.00;17
4507;17;621059018;4507;442;5556;5573;5.17;0.32;286.61;4.09;1049;18;1888.00;17
4511;17;621059029;4511;449;5559;5573;5.15;0.32;286.68;4.10;1048;18;1889.00;14
4513;17;621059042;4513;452;5564;5579;5.15;0.32;286.71;4.11;1051;18;1890.00;15
4518;17;621059054;4518;442;5566;5579;5.12;0.32;286.62;4.11;1048;18;1891.00;13
4519;17;621059067;4519;438;5567;5579;5.10;0.31;286.57;4.11;1048;18;1892.00;12
4521;17;621059079;4521;439;5573;5583;5.17;0.32;286.60;4.12;1052;18;1893.00;10
4525;17;621059091;4525;430;5576;5584;5.19;0.32;286.56;4.12;1051;18;1894.00;8
4528;17;621059103;4528;436;5577;5584;5.26;0.32;286.51;4.12;1049;18;1895.00;7
4531;17;621059115;4531;430;5580;5588;5.29;0.33;286.65;4.12;1049;18;1896.00;8
4535;17;621059128;4535;429;5583;5588;5.29;0.32;286.59;4.13;1048;18;1897.00;5
4538;17;621059146;4538;433;5586;5588;5.28;0.32;286.53;4.13;1048;18;1898.00;2
4542;17;621059158;4542;427;5587;5589;5.21;0.32;286.55;4.13;1045;18;1899.00;2
4546;17;621059172;4546;427;5587;5589;5.21;0.32;286.51;4.13;1041;18;1900.00;2
4548;17;621059196;4548;431;5593;5595;5.29;0.32;286.55;4.13;1045;18;1901.00;2
4553;17;621059211;4553;427;5593;5595;5.28;0.32;286.53;4.13;1040;18;1902.00;2
4558;17;621059224;4558;433;5593;5596;5.27;0.32;286.45;4.13;1035;18;1903.00;3
4560;17;621059237;4560;430;5593;5596;5.30;0.32;286.50;4.13;1033;18;1904.00;3
4564;17;621059250;4564;428;5593;5596;5.33;0.32;286.46;4.13;1029;18;1905.00;3
4566;17;621059264;4566;428;5593;5596;5.36;0.33;286.49;4.13;1027;18;1906.00;3
4570;17;621059276;4570;426;5593;5596;5.32;0.32;286.47;4.13;1023;18;1907.00;3
4571;17;621059290;4571;425;5603;5608;5.48;0.33;286.48;4.12;1032;18;1908.00;5
4575;17;621059309;4575;421;5603;5608;5.50;0.33;286.53;4.12;1028;18;1909.00;5
4577;17;621059320;4577;417;5604;5608;5.52;0.33;286.51;4.12;1027;18;1910.00;4
4579;17;621059332;4579;415;5604;5608;5.54;0.34;286.45;4.12;1025;18;1911.00;4
4582;17;621059344;4582;417;5604;5608;5.57;0.34;286.57;4.12;1022;18;1912.00;4
4583;17;621059355;4583;414;5604;5608;5.59;0.34;286.51;4.12;1021;18;1913.00;4
4584;17;621059367;4584;421;5607;5612;5.64;0.34;286.53;4.12;1023;18;1914.00;5
4587;17;621059379;4587;426;5607;5612;5.61;0.34;286.62;4.12;1020;18;1915.00;5
4589;17;621059392;4589;427;5611;5616;5.68;0.35;286.61;4.12;1022;18;1916.00;5
4591;17;621059403;4591;419;5612;5617;5.72;0.35;286.57;4.11;1021;18;1917.00;5
4593;17;621059415;4593;406;5612;5617;5.72;0.35;286.66;4.11;1019;18;1918.00;5
4594;17;621059428;4594;394;5612;5617;5.76;0.35;286.76;4.11;1018;18;1919.00;5
4597;17;621059442;4597;396;5636;5646;5.88;0.36;286.93;4.10;1039;18;1920.00;10
4599;17;621059457;4599;389;5636;5646;5.89;0.36;287.03;4.10;1037;18;1921.00;10
4603;17;621059470;4603;387;5637;5646;5.90;0.36;287.24;4.10;1034;18;1922.00;9
4605;17;621059482;4605;390;5638;5647;5.89;0.36;287.27;4.10;1033;18;1923.00;9
4609;17;621059494;4609;390;5638;5648;5.86;0.36;287.30;4.10;1029;18;1924.00;10
4611;17;621059506;4611;390;5638;5648;5.89;0.36;287.39;4.10;1027;18;1925.00;10
4614;17;621059525;4614;378;5640;5651;5.91;0.36;287.50;4.10;1026;18;1926.00;11
4616;17;621059537;4616;364;5641;5651;5.92;0.36;287.56;4.09;1025;18;1927.00;10
4620;17;621059548;4620;363;5641;5651;5.93;0.36;287.52;4.09;1021;18;1928.00;10
4624;17;621059561;4624;358;5641;5651;6.01;0.37;287.61;4.09;1017;18;1929.00;10
4628;18;621059575;4628;357;5647;5657;6.08;0.37;287.78;4.11;1019;19;1930.00;10
4632;18;621059606;4632;355;5647;5657;6.08;0.37;288.03;4.11;1015;19;1931.00;10
4632;18;621059620;4632;350;5648;5657;6.15;0.38;288.03;4.12;1016;19;1932.00;9
4635;18;621059632;4635;345;5648;5657;6.17;0.38;288.16;4.12;1013;19;1933.00;9
4638;18;621059645;4638;350;5652;5661;6.18;0.38;288.30;4.12;1014;19;1934.00;9
4641;18;621059656;4641;359;5654;5663;6.20;0.38;288.40;4.11;1013;19;1935.00;9
4643;18;621059670;4643;357;5654;5663;6.22;0.38;288.48;4.11;1011;19;1936.00;9
4646;18;621059682;4646;348;5655;5664;6.23;0.38;288.67;4.11;1009;19;1937.00;9
4648;18;621059695;4648;344;5655;5664;6.29;0.38;288.82;4.11;1007;19;1938.00;9
4652;18;621059712;4652;346;5655;5664;6.29;0.38;288.98;4.11;1003;19;1939.00;9
4655;18;621059725;4655;342;5655;5664;6.35;0.39;289.05;4.11;1000;19;1940.00;9
4659;18;621059737;4659;336;5655;5664;6.39;0.39;289.23;4.11;996;19;1941.00;9
4661;18;621059749;4661;338;5655;5664;6.43;0.39;289.30;4.11;994;19;1942.00;9
4665;18;621059761;4665;331;5655;5664;6.46;0.39;289.47;4.11;990;19;1943.00;9
4667;18;621059773;4667;352;5700;5734;6.45;0.39;289.50;4.08;1033;19;1944.00;34
4672;18;621059792;4672;344;5700;5735;6.50;0.40;289.59;4.08;1028;19;1945.00;35
4672;18;621059805;4672;341;5706;5735;6.61;0.40;289.59;4.08;1034;19;1946.00;29
4672;18;621059817;4672;335;5708;5735;6.70;0.41;289.59;4.08;1036;19;1947.00;27
4673;18;621059829;4673;343;5710;5735;6.75;0.41;289.63;4.08;1037;19;1948.00;25
4674;18;621059841;4674;338;5712;5735;6.75;0.41;289.59;4.08;1038;19;1949.00;23
4676;18;621059855;4676;344;5716;5737;6.72;0.41;289.63;4.08;1040;19;1950.00;21
4678;18;621059869;4678;347;5719;5737;6.79;0.41;289.65;4.08;1041;19;1951.00;18
4680;18;621059889;4680;351;5720;5738;6.83;0.42;289.69;4.08;1040;19;1952.00;18
4682;18;621059901;4682;355;5722;5739;6.84;0.42;289.71;4.08;1040;19;1953.00;17
4683;18;621059914;4683;355;5724;5739;6.86;0.42;289.70;4.08;1041;19;1954.00;15
4686;19;621059926;4686;352;5728;5743;6.83;0.42;289.81;4.08;1042;20;1955.00;15
4687;19;621059950;4687;355;5729;5743;6.80;0.42;289.81;4.08;1042;20;1956.00;14
4691;19;621059962;4691;355;5729;5743;6.78;0.41;289.90;4.08;1038;20;1957.00;14
4693;19;621059974;4693;356;5729;5743;6.73;0.41;289.93;4.08;1036;20;1958.00;14
4694;19;621059986;4694;361;5734;5749;6.73;0.41;289.90;4.08;1040;20;1959.00;15
4697;19;621059998;4697;350;5734;5749;6.68;0.41;289.91;4.08;1037;20;1960.00;15
4698;19;621060016;4698;356;5734;5749;6.64;0.40;289.89;4.08;1036;20;1961.00;15
4700;19;621060039;4700;354;5736;5752;6.61;0.40;289.91;4.08;1036;20;1962.00;16
4704;19;621060076;4704;348;5736;5752;6.57;0.40;289.91;4.08;1032;20;1963.00;16
4706;19;621060107;4706;346;5737;5752;6.58;0.40;289.97;4.08;1031;20;1964.00;15
4708;19;621060128;4708;335;5737;5753;6.58;0.40;289.97;4.08;1029;20;1965.00;16
4708;19;621060144;4708;338;5738;5754;6.60;0.40;289.97;4.08;1030;20;1966.00;16
4712;19;621060165;4712;337;5738;5754;6.57;0.40;290.09;4.08;1026;20;1967.00;16
4714;19;621060192;4714;332;5748;5767;6.57;0.40;290.18;4.07;1034;20;1968.00;19
4719;19;621060210;4719;328;5748;5767;6.55;0.40;290.15;4.07;1029;20;1969.00;19
4722;19;621060227;4722;326;5748;5767;6.53;0.40;290.17;4.07;1026;20;1970.00;19
4723;19;621060243;4723;328;5749;5768;6.55;0.40;290.15;4.07;1026;20;1971.00;19
4725;19;621060261;4725;314;5749;5768;6.54;0.40;290.31;4.07;1024;20;1972.00;19
4726;19;621060275;4726;309;5754;5772;6.55;0.40;290.38;4.07;1028;20;1973.00;18
4729;20;621060290;4729;305;5755;5772;6.51;0.40;290.48;4.08;1026;21;1974.00;17
4731;20;621060312;4731;302;5758;5776;6.52;0.40;290.57;4.08;1027;21;1975.00;18
4736;20;621060327;4736;296;5759;5776;6.55;0.40;290.85;4.09;1023;21;1976.00;17
4740;20;621060345;4740;291;5759;5776;6.56;0.40;290.87;4.09;1019;21;1977.00;17
4743;20;621060358;4743;293;5759;5776;6.61;0.40;291.00;4.09;1016;21;1978.00;17
4747;20;621060371;4747;285;5759;5776;6.61;0.40;291.19;4.09;1012;21;1979.00;17
4751;20;621060384;4751;289;5782;5810;6.74;0.41;291.40;4.07;1031;21;1980.00;28
4753;20;621060400;4753;276;5783;5810;6.80;0.42;291.32;4.07;1030;21;1981.00;27
4754;20;621060413;4754;277;5784;5810;6.88;0.42;291.28;4.07;1030;21;1982.00;26
4757;20;621060426;4757;277;5785;5810;6.88;0.42;291.33;4.07;1028;21;1983.00;25
4758;20;621060439;4758;274;5785;5810;6.90;0.42;291.34;4.07;1027;21;1984.00;25
4763;20;621060455;4763;271;5785;5810;6.89;0.42;291.44;4.07;1022;21;1985.00;25
4765;20;621060469;4765;265;5785;5811;6.89;0.42;291.38;4.07;1020;21;1986.00;26
4768;20;621060482;4768;272;5786;5811;6.90;0.42;291.48;4.07;1018;21;1987.00;25
4772;20;621060494;4772;268;5790;5817;6.94;0.42;291.54;4.07;1018;21;1988.00;27
4776;20;621060507;4776;267;5792;5818;7.00;0.43;291.55;4.08;1016;21;1989.00;26
4780;20;621060521;4780;273;5793;5818;6.94;0.42;291.49;4.08;1013;21;1990.00;25
4783;20;621060533;4783;275;5794;5818;6.91;0.42;291.50;4.09;1011;21;1991.00;24
4785;20;621060546;4785;281;5797;5822;6.88;0.42;291.50;4.08;1012;21;1992.00;25
4787;20;621060559;4787;285;5799;5822;6.87;0.42;291.51;4.09;1012;21;1993.00;23
4791;20;621060573;4791;293;5799;5822;6.80;0.41;291.55;4.09;1008;21;1994.00;23
4794;20;621060589;4794;297;5800;5823;6.82;0.41;291.66;4.09;1006;21;1995.00;23
4795;20;621060603;4795;304;5805;5827;6.78;0.41;291.69;4.10;1010;21;1996.00;22
4798;20;621060616;4798;302;5805;5827;6.74;0.41;291.79;4.10;1007;21;1997.00;22
4801;20;621060627;4801;306;5807;5830;6.74;0.41;291.76;4.10;1006;21;1998.00;23
4802;20;621060639;4802;314;5808;5830;6.75;0.41;291.86;4.09;1006;21;1999.00;22
4802;20;621060652;4802;318;5809;5830;6.75;0.41;291.86;4.10;1007;21;2000.00;21
4804;20;621060669;4804;326;5810;5830;6.69;0.41;291.91;4.12;1006;21;2001.00;20
4806;20;621060682;4806;336;5815;5834;6.62;0.40;291.88;4.12;1009;21;2002.00;19
4807;20;621060696;4807;343;5815;5834;6.55;0.40;291.95;4.12;1008;21;2003.00;19
4809;20;621060708;4809;341;5816;5834;6.51;0.40;291.89;4.14;1007;21;2004.00;18
4810;20;621060720;4810;339;5817;5834;6.48;0.39;291.90;4.14;1007;21;2005.00;17
4812;20;621060731;4812;345;5819;5835;6.43;0.39;291.89;4.17;1007;21;2006.00;16
4813;20;621060743;4813;351;5821;5836;6.37;0.39;291.94;4.18;1008;21;2007.00;15
4813;20;621060754;4813;357;5821;5836;6.32;0.39;291.94;4.18;1008;21;2008.00;15
4815;20;621060765;4815;362;5823;5837;6.31;0.38;291.88;4.19;1008;21;2009.00;14
4816;20;621060778;4816;374;5823;5837;6.24;0.38;291.84;4.19;1007;21;2010.00;14
4817;20;621060788;4817;390;5823;5837;6.21;0.38;291.90;4.19;1006;21;2011.00;14
4819;20;621060799;4819;396;5824;5837;6.13;0.38;291.87;4.20;1005;21;2012.00;13
4823;20;621060810;4823;394;5825;5837;6.09;0.37;291.81;4.21;1002;21;2013.00;12
4823;20;621060821;4823;398;5826;5837;6.05;0.37;291.81;4.22;1003;21;2014.00;11
4826;20;621060832;4826;404;5826;5837;6.04;0.37;291.72;4.22;1000;21;2015.00;11
4826;20;621060842;4826;427;5895;5964;6.31;0.39;291.72;4.19;1069;21;2016.00;69
4830;20;621060863;4830;425;5898;5965;6.25;0.39;291.74;4.19;1068;21;2017.00;67
4832;20;621060875;4832;420;5911;5965;6.29;0.39;291.74;4.20;1079;21;2018.00;54
4835;20;621060889;4835;412;5914;5965;6.25;0.39;291.61;4.20;1079;21;2019.00;51
4839;20;621060908;4839;411;5922;5965;6.19;0.38;291.64;4.21;1083;21;2020.00;43
4842;20;621060925;4842;406;5924;5965;6.16;0.38;291.55;4.21;1082;21;2021.00;41
4845;20;621060945;4845;402;5927;5965;6.11;0.38;291.66;4.21;1082;21;2022.00;38
4846;20;621060963;4846;405;5932;5965;6.12;0.38;291.69;4.22;1086;21;2023.00;33
4851;20;621060979;4851;406;5934;5966;6.14;0.38;291.71;4.22;1083;21;2024.00;32
4853;20;621060998;4853;404;5939;5968;6.14;0.38;291.66;4.23;1086;21;2025.00;29
4854;20;621061014;4854;401;5943;5968;6.14;0.38;291.64;4.24;1089;21;2026.00;25
4855;20;621061027;4855;401;5946;5969;6.15;0.38;291.61;4.24;1091;21;2027.00;23
4857;20;621061039;4857;403;5948;5969;6.11;0.38;291.51;4.24;1091;21;2028.00;21
4858;20;621061051;4858;407;5953;5969;6.04;0.37;291.48;4.25;1095;21;2029.00;16
4860;20;621061063;4860;419;5955;5969;5.97;0.37;291.43;4.25;1095;21;2030.00;14
4863;20;621061074;4863;425;5962;5973;5.87;0.36;291.36;4.26;1099;21;2031.00;11
4867;20;621061087;4867;428;5962;5973;5.70;0.35;291.40;4.26;1095;21;2032.00;11
4869;20;621061099;4869;441;5965;5973;5.54;0.34;291.41;4.26;1096;21;2033.00;8
4871;20;621061110;4871;444;5967;5976;5.41;0.33;291.44;4.27;1096;21;2034.00;9
4873;20;621061121;4873;462;5968;5976;5.27;0.32;291.46;4.27;1095;21;2035.00;8
4876;20;621061132;4876;466;5970;5976;5.09;0.31;291.53;4.27;1094;21;2036.00;6
4877;20;621061143;4877;476;5975;5980;4.96;0.31;291.53;4.28;1098;21;2037.00;5
4882;20;621061153;4882;486;5976;5981;4.78;0.29;291.51;4.28;1094;21;2038.00;5
4884;20;621061164;4884;502;5977;5981;4.64;0.29;291.49;4.28;1093;21;2039.00;4
4888;20;621061176;4888;497;5982;5986;4.55;0.28;291.57;4.28;1094;21;2040.00;4
4892;20;621061195;4892;497;5982;5986;4.44;0.27;291.52;4.28;1090;21;2041.00;4
4894;20;621061205;4894;494;5986;5986;4.38;0.27;291.47;4.28;1092;21;2042.00;0
4897;20;621061215;4897;476;5987;5987;4.38;0.27;291.52;4.28;1090;21;2043.00;0
4899;20;621061225;4899;466;5987;5987;4.41;0.27;291.57;4.28;1088;21;2044.00;0
4901;20;621061236;4901;466;5993;5993;4.50;0.28;291.49;4.27;1092;21;2045.00;0
4904;20;621061247;4904;458;5993;5993;4.48;0.27;291.48;4.27;1089;21;2046.00;0
4907;20;621061258;4907;449;5994;5994;4.50;0.27;291.46;4.27;1087;21;2047.00;0
4912;20;621061269;4912;451;5994;5994;4.57;0.28;291.36;4.27;1082;21;2048.00;0
4913;20;621061279;4913;439;5994;5994;4.64;0.28;291.38;4.27;1081;21;2049.00;0
4916;20;621061296;4916;441;5994;5994;4.71;0.29;291.29;4.27;1078;21;2050.00;0
4918;20;621061307;4918;432;5994;5994;4.80;0.29;291.19;4.27;1076;21;2051.00;0
4920;20;621061318;4920;431;6005;6006;4.92;0.30;291.16;4.27;1085;21;2052.00;1
4922;20;621061330;4922;428;6005;6006;4.95;0.30;291.09;4.27;1083;21;2053.00;1
4924;20;621061342;4924;423;6005;6006;5.05;0.31;291.04;4.27;1081;21;2054.00;1
4927;20;621061353;4927;426;6005;6006;5.09;0.31;291.00;4.27;1078;21;2055.00;1
4929;20;621061365;4929;425;6005;6006;5.16;0.31;291.03;4.27;1076;21;2056.00;1
4932;20;621061377;4932;423;6005;6006;5.18;0.31;290.96;4.27;1073;21;2057.00;1
4933;20;621061388;4933;434;6008;6010;5.24;0.32;291.00;4.26;1075;21;2058.00;2
4936;20;621061405;4936;425;6008;6010;5.27;0.32;291.00;4.26;1072;21;2059.00;2
4936;20;621061417;4936;425;6012;6014;5.36;0.32;291.00;4.26;1076;21;2060.00;2
4938;20;621061429;4938;420;6012;6015;5.42;0.33;291.03;4.26;1074;21;2061.00;3
4941;20;621061442;4941;410;6013;6015;5.39;0.33;291.13;4.26;1072;21;2062.00;2
4942;20;621061454;4942;420;6013;6015;5.41;0.33;291.16;4.26;1071;21;2063.00;2
4944;20;621061466;4944;421;6024;6028;5.45;0.33;291.21;4.25;1080;21;2064.00;4
4946;20;621061480;4946;421;6024;6028;5.47;0.33;291.20;4.25;1078;21;2065.00;4
4951;20;621061491;4951;426;6024;6028;5.49;0.33;291.20;4.25;1073;21;2066.00;4
4956;20;621061503;4956;421;6025;6029;5.54;0.33;291.24;4.25;1069;21;2067.00;4
4961;20;621061516;4961;419;6025;6030;5.57;0.34;291.28;4.25;1064;21;2068.00;5
4965;20;621061528;4965;422;6025;6030;5.57;0.34;291.36;4.25;1060;21;2069.00;5
4968;20;621061542;4968;417;6030;6036;5.65;0.34;291.44;4.25;1062;21;2070.00;6
4973;20;621061554;4973;412;6030;6036;5.68;0.34;291.66;4.25;1057;21;2071.00;6
4975;20;621061566;4975;409;6031;6036;5.72;0.35;291.73;4.25;1056;21;2072.00;5
4978;20;621061578;4978;408;6031;6036;5.75;0.35;291.81;4.25;1053;21;2073.00;5
4980;20;621061590;4980;408;6036;6042;5.80;0.35;291.87;4.25;1056;21;2074.00;6
4981;20;621061603;4981;402;6036;6042;5.89;0.36;291.89;4.25;1055;21;2075.00;6
4989;20;621061614;4989;405;6036;6042;5.88;0.36;292.06;4.25;1047;21;2076.00;6
4991;20;621061628;4991;402;6036;6042;5.92;0.36;292.12;4.25;1045;21;2077.00;6
4993;20;621061640;4993;400;6039;6046;5.98;0.36;292.13;4.25;1046;21;2078.00;7
4998;20;621061652;4998;396;6040;6047;5.94;0.36;292.25;4.24;1042;21;2079.00;7
4999;20;621061665;4999;384;6040;6047;5.96;0.36;292.23;4.24;1041;21;2080.00;7
5003;20;621061676;5003;388;6041;6048;5.97;0.36;292.39;4.24;1038;21;2081.00;7
5007;20;621061688;5007;393;6041;6048;5.91;0.36;292.37;4.24;1034;21;2082.00;7
5010;20;621061700;5010;391;6041;6048;5.87;0.36;292.42;4.24;1031;21;2083.00;7
5012;20;621061712;5012;396;6041;6048;5.82;0.35;292.55;4.24;1029;21;2084.00;7
5016;20;621061723;5016;403;6041;6048;5.72;0.35;292.55;4.24;1025;21;2085.00;7
5019;20;621061734;5019;405;6041;6048;5.67;0.34;292.71;4.24;1022;21;2086.00;7
5021;20;621061751;5021;395;6041;6048;5.64;0.34;292.78;4.24;1020;21;2087.00;7
5025;20;621061765;5025;407;6088;6118;5.57;0.34;292.89;4.21;1063;21;2088.00;30
5028;20;621061788;5028;395;6090;6119;5.58;0.34;292.90;4.21;1062;21;2089.00;29
5028;20;621061801;5028;392;6093;6119;5.62;0.34;292.90;4.21;1065;21;2090.00;26
5029;20;621061813;5029;398;6095;6119;5.65;0.34;292.91;4.21;1066;21;2091.00;24
5034;20;621061825;5034;399;6096;6119;5.70;0.35;292.94;4.21;1062;21;2092.00;23
5036;20;621061837;5036;398;6098;6119;5.72;0.35;292.91;4.21;1062;21;2093.00;21
5037;20;621061849;5037;396;6100;6119;5.78;0.35;292.93;4.21;1063;21;2094.00;19
5040;20;621061861;5040;399;6102;6119;5.79;0.35;293.04;4.21;1062;21;2095.00;17
5043;20;621061873;5043;391;6104;6120;5.81;0.35;293.00;4.21;1061;21;2096.00;16
5047;20;621061886;5047;380;6105;6121;5.82;0.35;293.19;4.21;1058;21;2097.00;16
5049;20;621061898;5049;377;6107;6121;5.92;0.36;293.27;4.21;1058;21;2098.00;14
5050;20;621061912;5050;379;6112;6125;5.99;0.37;293.34;4.21;1062;21;2099.00;13
5051;20;621061928;5051;383;6117;6140;6.06;0.37;293.35;4.21;1066;21;2100.00;23
5054;20;621061947;5054;386;6117;6140;6.11;0.37;293.48;4.21;1063;21;2101.00;23
5057;20;621061966;5057;384;6117;6140;6.12;0.37;293.51;4.21;1060;21;2102.00;23
5060;20;621061979;5060;389;6121;6146;6.10;0.37;293.63;4.21;1061;21;2103.00;25
5063;20;621061992;5063;394;6121;6146;6.09;0.37;293.68;4.21;1058;21;2104.00;25
5063;20;621062004;5063;397;6122;6146;6.13;0.37;293.68;4.21;1059;21;2105.00;24
5064;20;621062017;5064;400;6125;6149;6.16;0.37;293.75;4.21;1061;21;2106.00;24
5066;20;621062029;5066;398;6125;6149;6.19;0.38;293.90;4.21;1059;21;2107.00;24
5070;20;621062042;5070;401;6126;6149;6.20;0.38;294.02;4.21;1056;21;2108.00;23
5071;20;621062054;5071;398;6126;6150;6.23;0.38;294.02;4.21;1055;21;2109.00;24
5075;20;621062067;5075;401;6128;6151;6.25;0.38;294.25;4.21;1053;21;2110.00;23
5079;20;621062079;5079;398;6128;6151;6.31;0.38;294.44;4.21;1049;21;2111.00;23
5079;20;621062092;5079;394;6139;6164;6.36;0.39;294.44;4.20;1060;21;2112.00;25
5084;20;621062104;5084;385;6139;6164;6.33;0.38;294.70;4.20;1055;21;2113.00;25
5088;20;621062117;5088;384;6139;6164;6.36;0.39;294.70;4.20;1051;21;2114.00;25
5092;20;621062129;5092;391;6141;6166;6.37;0.39;294.78;4.20;1049;21;2115.00;25
5093;20;621062141;5093;393;6142;6166;6.38;0.39;294.79;4.20;1049;21;2116.00;24
5098;20;621062154;5098;387;6145;6170;6.39;0.39;295.05;4.20;1047;21;2117.00;25
5099;20;621062167;5099;388;6146;6170;6.35;0.38;295.03;4.20;1047;21;2118.00;24
5101;20;621062179;5101;394;6149;6174;6.32;0.38;295.05;4.20;1048;21;2119.00;25
5104;20;621062198;5104;394;6149;6174;6.28;0.38;295.07;4.20;1045;21;2120.00;25
5104;20;621062210;5104;396;6149;6174;6.29;0.38;295.07;4.20;1045;21;2121.00;25
5108;20;621062227;5108;398;6150;6174;6.25;0.38;295.16;4.21;1042;21;2122.00;24
5110;20;621062238;5110;398;6151;6174;6.23;0.38;295.21;4.21;1041;21;2123.00;23
5110;20;621062251;5110;403;6159;6186;6.29;0.38;295.21;4.20;1049;21;2124.00;27
5112;20;621062269;5112;405;6161;6186;6.34;0.38;295.21;4.21;1049;21;2125.00;25
5112;20;621062281;5112;406;6163;6186;6.37;0.39;295.21;4.21;1051;21;2126.00;23
5115;20;621062292;5115;410;6163;6186;6.36;0.39;295.31;4.21;1048;21;2127.00;23
5116;20;621062304;5116;418;6163;6186;6.37;0.39;295.34;4.21;1047;21;2128.00;23
5116;20;621062316;5116;417;6165;6186;6.36;0.38;295.34;4.21;1049;21;2129.00;21
5117;20;621062329;5117;411;6166;6187;6.34;0.38;295.41;4.21;1049;21;2130.00;21
5118;20;621062342;5118;405;6166;6187;6.33;0.38;295.36;4.21;1048;21;2131.00;21
5120;20;621062353;5120;401;6171;6193;6.31;0.38;295.45;4.21;1051;21;2132.00;22
5122;20;621062366;5122;401;6172;6194;6.30;0.38;295.51;4.21;1050;21;2133.00;22
5122;20;621062378;5122;398;6172;6194;6.24;0.38;295.51;4.21;1050;21;2134.00;22
5122;20;621062389;5122;393;6172;6194;6.16;0.37;295.51;4.21;1050;21;2135.00;22
5123;20;621062401;5123;392;6175;6198;6.16;0.37;295.57;4.21;1052;21;2136.00;23
5125;20;621062412;5125;388;6175;6198;6.12;0.37;295.70;4.21;1050;21;2137.00;23
5128;20;621062423;5128;390;6175;6198;6.11;0.37;295.79;4.21;1047;21;2138.00;23
5130;20;621062434;5130;389;6176;6199;6.10;0.37;295.89;4.21;1046;21;2139.00;23
5133;20;621062446;5133;389;6179;6203;6.05;0.37;295.92;4.20;1046;21;2140.00;24
5136;20;621062458;5136;386;6179;6203;6.02;0.37;296.05;4.20;1043;21;2141.00;24
5137;20;621062469;5137;377;6181;6206;6.01;0.36;296.08;4.20;1044;21;2142.00;25
5141;20;621062480;5141;381;6182;6206;5.89;0.36;296.13;4.20;1041;21;2143.00;24
5141;20;621062491;5141;380;6182;6206;5.87;0.36;296.13;4.20;1041;21;2144.00;24
5142;20;621062501;5142;376;6184;6206;5.87;0.36;296.22;4.23;1042;21;2145.00;22
5146;20;621062513;5146;372;6188;6210;5.88;0.36;296.29;4.23;1042;21;2146.00;22
5150;20;621062524;5150;369;6188;6210;5.94;0.36;296.50;4.23;1038;21;2147.00;22
5154;20;621062535;5154;368;6188;6210;5.94;0.36;296.59;4.23;1034;21;2148.00;22
5159;20;621062546;5159;359;6188;6210;5.92;0.36;296.74;4.23;1029;21;2149.00;22
5164;20;621062557;5164;362;6188;6211;5.89;0.36;296.70;4.23;1024;21;2150.00;23
5166;20;621062568;5166;357;6189;6212;5.94;0.36;296.79;4.23;1023;21;2151.00;23
5167;20;621062579;5167;357;6189;6212;5.93;0.36;296.75;4.23;1022;21;2152.00;23
5168;20;621062589;5168;361;6190;6213;5.96;0.36;296.82;4.23;1022;21;2153.00;23
5171;20;621062600;5171;360;6190;6213;5.94;0.36;296.78;4.23;1019;21;2154.00;23
5173;20;621062611;5173;367;6190;6213;5.90;0.36;296.75;4.23;1017;21;2155.00;23
5175;21;621062626;5175;366;6190;6213;5.87;0.36;296.84;4.23;1015;22;2156.00;23
5178;21;621062657;5178;365;6190;6213;5.85;0.36;296.77;4.23;1012;22;2157.00;23
5178;21;621062667;5178;358;6190;6213;5.87;0.36;296.77;4.23;1012;22;2158.00;23
5180;21;621062677;5180;358;6190;6213;5.83;0.36;296.72;4.23;1010;22;2159.00;23
5183;21;621062689;5183;389;6291;6443;6.14;0.39;296.75;4.16;1108;22;2160.00;152
5184;21;621062718;5184;390;6296;6444;6.16;0.39;296.80;4.16;1112;22;2161.00;148
5188;21;621062729;5188;383;6307;6444;6.22;0.39;296.76;4.15;1119;22;2162.00;137
5190;21;621062741;5190;378;6315;6444;6.21;0.39;296.70;4.15;1125;22;2163.00;129
5193;21;621062752;5193;372;6322;6444;6.25;0.39;296.69;4.15;1129;22;2164.00;122
5194;21;621062764;5194;375;6331;6444;6.30;0.39;296.72;4.15;1137;22;2165.00;113
5195;21;621062775;5195;371;6339;6444;6.36;0.40;296.68;4.16;1144;22;2166.00;105
5195;22;621062787;5195;372;6348;6444;6.36;0.40;296.68;4.16;1153;23;2167.00;96
5196;22;621062817;5196;370;6357;6445;6.35;0.40;296.66;4.17;1161;23;2168.00;88
5199;22;621062834;5199;379;6363;6446;6.26;0.39;296.73;4.17;1164;23;2169.00;83
5199;22;621062852;5199;371;6371;6446;6.28;0.39;296.73;4.21;1172;23;2170.00;75
5205;22;621062865;5205;385;6375;6447;6.22;0.39;296.76;4.21;1170;23;2171.00;72
5209;22;621062879;5209;394;6380;6447;6.11;0.38;296.66;4.24;1171;23;2172.00;67
5211;22;621062898;5211;394;6384;6447;6.03;0.38;296.55;4.25;1173;23;2173.00;63
5213;22;621062915;5213;403;6386;6447;5.95;0.37;296.52;4.25;1173;23;2174.00;61
5214;22;621062938;5214;410;6393;6451;5.84;0.36;296.47;4.29;1179;23;2175.00;58
5217;22;621062959;5217;422;6395;6451;5.77;0.36;296.56;4.29;1178;23;2176.00;56
5220;22;621062980;5220;424;6397;6451;5.69;0.35;296.60;4.29;1177;23;2177.00;54
5222;22;621062999;5222;435;6402;6454;5.61;0.35;296.57;4.31;1180;23;2178.00;52
5223;22;621063017;5223;441;6404;6454;5.54;0.34;296.53;4.31;1181;23;2179.00;50
5226;22;621063032;5226;452;6406;6454;5.49;0.34;296.52;4.32;1180;23;2180.00;48
5227;22;621063045;5227;463;6411;6458;5.43;0.34;296.50;4.33;1184;23;2181.00;47
5231;22;621063058;5231;471;6416;6459;5.40;0.34;296.38;4.34;1185;23;2182.00;43
5232;22;621063072;5232;475;6420;6459;5.39;0.33;296.39;4.38;1188;23;2183.00;39
5236;22;621063086;5236;482;6425;6463;5.36;0.33;296.27;4.39;1189;23;2184.00;38
5236;22;621063100;5236;491;6427;6463;5.31;0.33;296.27;4.39;1191;23;2185.00;36
5238;22;621063121;5238;501;6427;6463;5.26;0.33;296.33;4.39;1189;23;2186.00;36
5243;22;621063141;5243;508;6427;6464;5.21;0.32;296.22;4.39;1184;23;2187.00;37
5243;22;621063154;5243;514;6430;6464;5.14;0.32;296.22;4.41;1187;23;2188.00;34
5247;22;621063166;5247;516;6435;6470;5.10;0.31;296.08;4.41;1188;23;2189.00;35
5250;22;621063181;5250;517;6435;6470;5.03;0.31;295.96;4.41;1185;23;2190.00;35
5253;22;621063194;5253;517;6437;6471;4.97;0.30;295.95;4.42;1184;23;2191.00;34
5256;22;621063206;5256;526;6440;6471;4.92;0.30;295.93;4.45;1184;23;2192.00;31
5256;22;621063218;5256;523;6442;6471;4.92;0.30;295.93;4.46;1186;24;2193.00;29
5261;22;621063240;5261;528;6443;6471;4.88;0.30;296.07;4.47;1182;24;2194.00;28
5262;22;621063253;5262;516;6444;6471;4.89;0.30;296.01;4.47;1182;24;2195.00;27
5262;22;621063267;5262;505;6454;6483;4.95;0.30;296.01;4.47;1192;24;2196.00;29
5266;22;621063281;5266;499;6457;6483;4.94;0.30;296.01;4.51;1191;24;2197.00;26
5267;22;621063295;5267;495;6460;6483;5.00;0.31;295.96;4.51;1193;25;2198.00;23
5269;22;621063323;5269;490;6463;6483;5.00;0.31;295.96;4.53;1194;25;2199.00;20
5269;22;621063338;5269;495;6463;6483;5.03;0.31;295.96;4.53;1194;25;2200.00;20
5270;23;621063356;5270;500;6463;6483;4.96;0.30;295.99;4.53;1193;26;2201.00;20
5272;23;621063390;5272;497;6468;6487;4.95;0.30;295.99;4.54;1196;26;2202.00;19
5273;23;621063403;5273;502;6468;6487;4.95;0.30;295.97;4.54;1195;26;2203.00;19
5274;23;621063421;5274;505;6473;6491;4.95;0.30;296.01;4.55;1199;26;2204.00;18
5276;23;621063435;5276;499;6475;6493;4.96;0.30;296.08;4.55;1199;26;2205.00;18
5280;23;621063448;5280;502;6476;6493;4.89;0.30;296.12;4.56;1196;26;2206.00;17
5282;23;621063460;5282;511;6479;6493;4.80;0.29;296.08;4.57;1197;26;2207.00;14
5284;23;621063473;5284;516;6490;6506;4.76;0.29;296.04;4.57;1206;26;2208.00;16
5285;23;621063486;5285;519;6491;6506;4.74;0.29;296.00;4.57;1206;26;2209.00;15
5287;23;621063498;5287;512;6494;6508;4.73;0.29;296.01;4.58;1207;26;2210.00;14
5291;23;621063517;5291;503;6495;6509;4.79;0.30;295.96;4.58;1204;26;2211.00;14
5293;23;621063531;5293;498;6496;6510;4.85;0.30;296.00;4.59;1203;26;2212.00;14
5296;23;621063543;5296;486;6496;6510;4.89;0.30;295.93;4.59;1200;26;2213.00;14
5298;23;621063555;5298;482;6499;6513;4.92;0.30;296.02;4.58;1201;26;2214.00;14
5301;23;621063567;5301;474;6500;6513;4.96;0.31;296.06;4.59;1199;26;2215.00;13
5307;23;621063585;5307;479;6500;6513;5.02;0.31;295.95;4.59;1193;26;2216.00;13
5310;23;621063598;5310;467;6500;6513;5.08;0.31;295.95;4.59;1190;26;2217.00;13
5312;23;621063610;5312;462;6504;6519;5.20;0.32;295.99;4.59;1192;26;2218.00;15
5317;23;621063623;5317;456;6504;6519;5.18;0.32;296.04;4.59;1187;26;2219.00;15
5320;23;621063637;5320;448;6504;6519;5.20;0.32;296.03;4.59;1184;26;2220.00;15
5325;23;621063650;5325;449;6504;6519;5.22;0.32;296.00;4.59;1179;26;2221.00;15
5330;23;621063664;5330;436;6507;6523;5.24;0.32;296.24;4.59;1177;26;2222.00;16
5332;23;621063676;5332;434;6508;6524;5.29;0.32;296.31;4.59;1176;26;2223.00;16
5338;23;621063690;5338;424;6508;6524;5.32;0.33;296.33;4.59;1170;26;2224.00;16
5340;23;621063703;5340;417;6509;6525;5.33;0.33;296.39;4.59;1169;26;2225.00;16
5346;23;621063715;5346;420;6509;6525;5.33;0.33;296.53;4.59;1163;26;2226.00;16
5349;23;621063728;5349;415;6509;6525;5.38;0.33;296.67;4.59;1160;26;2227.00;16
5352;23;621063740;5352;414;6509;6525;5.45;0.33;296.68;4.59;1157;26;2228.00;16
5357;23;621063752;5357;417;6509;6525;5.50;0.34;296.84;4.59;1152;26;2229.00;16
5360;23;621063766;5360;413;6509;6525;5.55;0.34;297.01;4.59;1149;26;2230.00;16
5362;23;621063779;5362;411;6509;6525;5.59;0.34;297.06;4.59;1147;26;2231.00;16
5368;23;621063792;5368;422;6550;6595;5.63;0.35;297.19;4.56;1182;26;2232.00;45
5369;23;621063812;5369;408;6552;6596;5.71;0.35;297.23;4.56;1183;26;2233.00;44
5378;23;621063825;5378;399;6557;6596;5.70;0.35;297.40;4.56;1179;26;2234.00;39
5379;23;621063840;5379;395;6557;6596;5.71;0.35;297.49;4.56;1178;26;2235.00;39
5384;23;621063859;5384;392;6557;6596;5.67;0.35;297.51;4.56;1173;26;2236.00;39
5389;23;621063873;5389;397;6559;6596;5.61;0.34;297.74;4.56;1170;26;2237.00;37
5392;23;621063886;5392;394;6559;6596;5.58;0.34;297.87;4.56;1167;26;2238.00;37
5397;23;621063907;5397;391;6561;6596;5.54;0.34;297.74;4.57;1164;26;2239.00;35
5402;23;621063921;5402;397;6561;6597;5.52;0.34;298.04;4.57;1159;26;2240.00;36
5406;23;621063934;5406;400;6561;6598;5.52;0.34;298.19;4.57;1155;26;2241.00;37
5409;23;621063949;5409;401;6562;6598;5.49;0.34;298.27;4.57;1153;26;2242.00;36
5413;23;621063962;5413;405;6567;6602;5.52;0.34;298.27;4.57;1154;26;2243.00;35
5416;23;621063975;5416;413;6567;6602;5.55;0.34;298.22;4.57;1151;26;2244.00;35
5420;23;621063988;5420;421;6569;6602;5.56;0.34;298.29;4.57;1149;26;2245.00;33
5425;23;621064002;5425;413;6570;6602;5.54;0.34;298.54;4.57;1145;26;2246.00;32
5428;23;621064020;5428;413;6574;6608;5.58;0.34;298.59;4.57;1146;26;2247.00;34
5431;23;621064033;5431;413;6576;6608;5.59;0.34;298.77;4.58;1145;26;2248.00;32
5434;23;621064047;5434;412;6576;6608;5.59;0.34;298.73;4.58;1142;26;2249.00;32
5435;23;621064061;5435;410;6579;6614;5.64;0.35;298.84;4.58;1144;26;2250.00;35
5438;23;621064075;5438;406;6581;6614;5.70;0.35;298.80;4.58;1143;26;2251.00;33
5442;23;621064088;5442;408;6582;6614;5.69;0.35;298.86;4.58;1140;26;2252.00;32
5445;23;621064101;5445;412;6583;6615;5.68;0.35;298.92;4.59;1138;26;2253.00;32
5447;23;621064114;5447;413;6585;6616;5.69;0.35;298.94;4.59;1138;26;2254.00;31
5452;23;621064127;5452;415;6585;6616;5.66;0.34;299.04;4.59;1133;26;2255.00;31
5455;23;621064140;5455;410;6592;6629;5.62;0.34;299.10;4.58;1137;26;2256.00;37
5458;23;621064154;5458;400;6594;6629;5.60;0.34;299.14;4.58;1136;26;2257.00;35
5460;23;621064167;5460;398;6596;6629;5.63;0.34;299.17;4.59;1136;26;2258.00;33
5461;23;621064180;5461;394;6597;6630;5.67;0.35;299.21;4.59;1136;26;2259.00;33
5464;23;621064193;5464;391;6599;6630;5.66;0.35;299.32;4.60;1135;26;2260.00;31
5472;23;621064207;5472;391;6602;6634;5.65;0.34;299.36;4.60;1130;26;2261.00;32
5475;23;621064220;5475;395;6602;6634;5.72;0.35;299.38;4.60;1127;26;2262.00;32
5477;23;621064233;5477;397;6607;6638;5.72;0.35;299.40;4.60;1130;26;2263.00;31
5480;23;621064246;5480;398;6608;6638;5.78;0.35;299.38;4.60;1128;26;2264.00;30
5484;23;621064259;5484;399;6609;6638;5.82;0.35;299.52;4.60;1125;26;2265.00;29
5488;23;621064271;5488;393;6609;6638;5.87;0.36;299.66;4.60;1121;26;2266.00;29
5489;23;621064284;5489;395;6610;6638;5.88;0.36;299.73;4.60;1121;26;2267.00;28
5490;23;621064296;5490;399;6618;6650;5.93;0.36;299.76;4.59;1128;26;2268.00;32
5494;23;621064310;5494;400;6622;6650;5.91;0.36;299.89;4.60;1128;26;2269.00;28
5494;23;621064323;5494;402;6622;6650;5.96;0.36;299.89;4.60;1128;26;2270.00;28
5499;23;621064336;5499;409;6623;6650;5.97;0.36;299.97;4.60;1124;26;2271.00;27
5501;23;621064349;5501;415;6623;6650;6.02;0.37;300.04;4.60;1122;26;2272.00;27
5503;23;621064362;5503;414;6625;6650;6.07;0.37;300.07;4.60;1122;26;2273.00;25
5506;23;621064375;5506;420;6625;6651;6.11;0.37;300.08;4.60;1119;26;2274.00;26
5506;23;621064387;5506;432;6625;6651;6.09;0.37;300.08;4.60;1119;26;2275.00;26
5508;23;621064400;5508;436;6630;6657;6.10;0.37;300.24;4.60;1122;27;2276.00;27
5509;23;621064421;5509;429;6630;6658;6.10;0.37;300.21;4.60;1121;27;2277.00;28
5513;23;621064435;5513;426;6631;6658;6.13;0.37;300.22;4.60;1118;27;2278.00;27
5515;23;621064448;5515;425;6631;6658;6.09;0.37;300.31;4.60;1116;27;2279.00;27
5517;23;621064462;5517;427;6635;6663;6.04;0.37;300.33;4.59;1118;27;2280.00;28
5519;23;621064476;5519;429;6635;6663;5.98;0.37;300.46;4.59;1116;27;2281.00;28
5525;23;621064488;5525;427;6635;6663;5.98;0.36;300.63;4.59;1110;27;2282.00;28
5529;23;621064501;5529;425;6636;6664;5.95;0.36;300.76;4.59;1107;27;2283.00;28
5533;23;621064514;5533;426;6639;6668;5.88;0.36;300.77;4.59;1106;27;2284.00;29
5536;23;621064526;5536;429;6639;6668;5.88;0.36;300.82;4.59;1103;27;2285.00;29
5538;23;621064539;5538;425;6641;6671;5.89;0.36;300.81;4.59;1103;27;2286.00;30
5540;23;621064552;5540;428;6642;6671;5.92;0.36;300.97;4.59;1102;27;2287.00;29
5542;23;621064564;5542;431;6642;6671;5.93;0.36;301.14;4.59;1100;27;2288.00;29
5545;23;621064576;5545;432;6642;6671;5.92;0.36;301.22;4.59;1097;27;2289.00;29
5549;23;621064588;5549;437;6646;6675;5.93;0.36;301.30;4.59;1097;27;2290.00;29
5550;23;621064601;5550;433;6646;6675;5.90;0.36;301.29;4.59;1096;27;2291.00;29
5552;23;621064612;5552;428;6646;6675;5.86;0.36;301.26;4.59;1094;27;2292.00;29
5556;23;621064624;5556;425;6646;6675;5.81;0.35;301.29;4.59;1090;27;2293.00;29
5559;23;621064636;5559;425;6646;6676;5.74;0.35;301.32;4.59;1087;27;2294.00;30
5560;23;621064648;5560;425;6648;6678;5.75;0.35;301.31;4.59;1088;27;2295.00;30
5560;23;621064660;5560;425;6648;6678;5.70;0.35;301.31;4.59;1088;27;2296.00;30
5561;23;621064672;5561;432;6649;6679;5.65;0.34;301.33;4.59;1088;27;2297.00;30
5563;23;621064683;5563;440;6649;6679;5.61;0.34;301.36;4.59;1086;27;2298.00;30
5564;23;621064695;5564;439;6649;6679;5.53;0.34;301.48;4.59;1085;27;2299.00;30
5564;23;621064707;5564;435;6649;6679;5.53;0.34;301.48;4.59;1085;27;2300.00;30
5566;23;621064722;5566;438;6649;6679;5.52;0.33;301.62;4.59;1083;27;2301.00;30
5570;23;621064734;5570;436;6649;6679;5.49;0.33;301.62;4.59;1079;27;2302.00;30
5571;23;621064745;5571;430;6649;6679;5.47;0.33;301.59;4.59;1078;27;2303.00;30
5575;23;621064756;5575;456;6722;6806;5.47;0.34;301.65;4.54;1147;27;2304.00;84
5577;23;621064780;5577;446;6723;6807;5.50;0.34;301.60;4.54;1146;27;2305.00;84
5577;23;621064792;5577;431;6729;6807;5.56;0.34;301.60;4.53;1152;27;2306.00;78
5579;23;621064805;5579;424;6729;6807;5.56;0.34;301.61;4.53;1150;27;2307.00;78
5580;23;621064817;5580;423;6735;6807;5.64;0.35;301.63;4.53;1155;27;2308.00;72
5583;23;621064828;5583;427;6737;6807;5.63;0.35;301.74;4.53;1154;27;2309.00;70
5585;23;621064842;5585;427;6739;6807;5.64;0.35;301.78;4.53;1154;27;2310.00;68
5590;23;621064854;5590;428;6743;6807;5.63;0.34;301.91;4.53;1153;27;2311.00;64
5591;23;621064866;5591;430;6744;6808;5.57;0.34;301.95;4.54;1153;27;2312.00;64
5591;23;621064878;5591;441;6749;6809;5.57;0.34;301.95;4.54;1158;27;2313.00;60
5595;23;621064889;5595;433;6753;6809;5.49;0.34;301.95;4.56;1158;27;2314.00;56
5598;23;621064907;5598;439;6758;6810;5.43;0.33;302.00;4.59;1160;27;2315.00;52
5598;23;621064928;5598;440;6760;6810;5.43;0.34;302.00;4.59;1162;27;2316.00;50
5602;23;621064947;5602;446;6763;6810;5.38;0.33;301.93;4.60;1161;27;2317.00;47
5602;23;621064965;5602;442;6766;6810;5.38;0.33;301.93;4.60;1164;27;2318.00;44
5605;23;621064980;5605;437;6770;6814;5.38;0.33;301.87;4.60;1165;27;2319.00;44
5608;23;621064999;5608;443;6772;6814;5.37;0.33;301.86;4.60;1164;27;2320.00;42
5608;23;621065015;5608;449;6773;6814;5.37;0.33;301.86;4.60;1165;27;2321.00;41
5614;23;621065027;5614;446;6775;6817;5.36;0.33;301.72;4.60;1161;27;2322.00;42
5617;23;621065041;5617;447;6776;6817;5.37;0.33;301.62;4.60;1159;27;2323.00;41
5619;23;621065055;5619;447;6776;6817;5.38;0.33;301.63;4.60;1157;27;2324.00;41
5621;23;621065072;5621;441;6780;6821;5.38;0.33;301.54;4.63;1159;27;2325.00;41
5625;23;621065093;5625;445;6783;6822;5.40;0.33;301.50;4.63;1158;27;2326.00;39
5628;23;621065113;5628;445;6784;6822;5.39;0.33;301.42;4.63;1156;27;2327.00;38
5628;23;621065137;5628;445;6788;6826;5.39;0.33;301.42;4.63;1160;27;2328.00;38
5629;23;621065162;5629;445;6788;6826;5.35;0.33;301.38;4.63;1159;27;2329.00;38
5630;23;621065182;5630;449;6789;6826;5.36;0.33;301.33;4.65;1159;27;2330.00;37
5633;23;621065196;5633;445;6790;6827;5.31;0.33;301.31;4.65;1157;27;2331.00;37
5634;23;621065210;5634;446;6790;6827;5.29;0.32;301.30;4.65;1156;27;2332.00;37
5638;23;621065222;5638;452;6795;6833;5.33;0.33;301.16;4.64;1157;27;2333.00;38
5641;23;621065235;5641;449;6795;6833;5.28;0.32;301.15;4.64;1154;27;2334.00;38
5641;23;621065248;5641;458;6795;6834;5.26;0.32;301.15;4.64;1154;27;2335.00;39
5643;23;621065260;5643;457;6796;6834;5.22;0.32;301.12;4.66;1153;27;2336.00;38
5643;23;621065272;5643;462;6796;6834;5.19;0.32;301.12;4.66;1153;27;2337.00;38
5644;23;621065284;5644;463;6796;6834;5.15;0.32;301.15;4.66;1152;27;2338.00;38
5646;23;621065296;5646;470;6797;6834;5.12;0.31;301.08;4.68;1151;27;2339.00;37
5649;23;621065311;5649;478;6825;6870;5.16;0.32;301.06;4.68;1176;27;2340.00;45
5651;23;621065327;5651;485;6825;6870;5.14;0.32;301.08;4.68;1174;27;2341.00;45
5653;23;621065339;5653;490;6830;6870;5.11;0.31;301.10;4.69;1177;27;2342.00;40
5654;23;621065352;5654;494;6831;6870;5.10;0.31;301.09;4.71;1177;27;2343.00;39
5656;23;621065365;5656;495;6833;6870;5.10;0.31;301.10;4.72;1177;27;2344.00;37
5658;23;621065378;5658;498;6834;6870;5.04;0.31;301.08;4.75;1176;27;2345.00;36
5661;23;621065390;5661;505;6839;6874;4.97;0.30;301.10;4.75;1178;27;2346.00;35
5663;23;621065409;5663;494;6841;6874;4.92;0.30;301.06;4.78;1178;27;2347.00;33
5664;23;621065427;5664;485;6845;6878;4.94;0.30;301.04;4.77;1181;27;2348.00;33
5665;23;621065442;5665;485;6847;6879;4.94;0.30;301.02;4.78;1182;27;2349.00;32
5666;23;621065454;5666;482;6848;6879;4.95;0.30;301.04;4.80;1182;27;2350.00;31
5668;23;621065466;5668;475;6849;6879;4.95;0.30;301.06;4.80;1181;27;2351.00;30
5670;23;621065479;5670;473;6859;6892;5.01;0.31;301.01;4.79;1189;27;2352.00;33
5670;23;621065493;5670;470;6862;6892;5.03;0.31;301.01;4.81;1192;27;2353.00;30
5670;23;621065511;5670;470;6862;6892;4.99;0.31;301.01;4.81;1192;27;2354.00;30
5672;23;621065523;5672;469;6864;6893;4.99;0.31;300.95;4.83;1192;27;2355.00;29
5673;23;621065537;5673;477;6865;6894;5.01;0.31;301.04;4.85;1192;27;2356.00;29
5674;23;621065549;5674;471;6865;6894;5.03;0.31;301.01;4.85;1191;27;2357.00;29
5675;23;621065561;5675;469;6868;6897;5.07;0.31;300.96;4.87;1193;27;2358.00;29
5678;23;621065573;5678;465;6868;6897;5.07;0.31;300.96;4.87;1190;27;2359.00;29
5679;23;621065586;5679;465;6871;6897;5.09;0.31;300.93;4.91;1192;27;2360.00;26
5680;23;621065598;5680;462;6872;6897;5.07;0.31;300.89;4.92;1192;27;2361.00;25
5681;23;621065616;5681;459;6878;6903;5.09;0.31;300.89;4.94;1197;27;2362.00;25
5682;23;621065635;5682;460;6878;6903;5.11;0.31;300.94;4.94;1196;27;2363.00;25
5686;23;621065648;5686;454;6880;6903;5.12;0.31;300.97;4.97;1194;27;2364.00;23
5688;23;621065661;5688;451;6880;6903;5.09;0.31;300.99;4.97;1192;27;2365.00;23
5689;23;621065673;5689;447;6883;6907;5.11;0.31;300.95;4.97;1194;27;2366.00;24
5691;23;621065686;5691;448;6884;6908;5.14;0.31;300.93;4.97;1193;27;2367.00;24
5693;23;621065698;5693;447;6886;6908;5.09;0.31;300.86;5.00;1193;27;2368.00;22
5696;23;621065710;5696;445;6887;6909;5.10;0.31;300.76;5.00;1191;27;2369.00;22
5697;23;621065725;5697;446;6891;6909;5.15;0.31;300.80;5.05;1194;27;2370.00;18
5699;23;621065737;5699;445;6891;6909;5.16;0.31;300.86;5.05;1192;27;2371.00;18
5703;23;621065749;5703;444;6892;6909;5.10;0.31;300.96;5.06;1189;27;2372.00;17
5703;23;621065760;5703;442;6893;6909;5.09;0.31;300.96;5.07;1190;27;2373.00;16
5706;23;621065772;5706;442;6893;6909;5.05;0.31;301.00;5.07;1187;27;2374.00;16
5710;23;621065784;5710;444;6893;6909;4.98;0.30;301.05;5.07;1183;27;2375.00;16
5711;23;621065797;5711;457;6948;6979;5.00;0.31;301.05;5.05;1237;27;2376.00;31
5712;23;621065815;5712;459;6950;6980;4.99;0.30;301.03;5.05;1238;27;2377.00;30
5715;23;621065827;5715;457;6956;6980;4.92;0.30;301.09;5.06;1241;27;2378.00;24
5718;23;621065840;5718;455;6957;6980;4.88;0.30;301.10;5.06;1239;27;2379.00;23
5719;23;621065852;5719;437;6958;6980;4.91;0.30;301.09;5.07;1239;27;2380.00;22
5721;23;621065864;5721;434;6960;6980;4.93;0.30;301.13;5.08;1239;27;2381.00;20
5727;23;621065876;5727;433;6960;6980;4.94;0.30;301.17;5.08;1233;27;2382.00;20
5732;23;621065888;5732;438;6962;6980;4.92;0.30;301.09;5.09;1230;27;2383.00;18
5734;23;621065908;5734;449;6964;6981;4.96;0.30;301.10;5.09;1230;27;2384.00;17
5740;23;621065920;5740;449;6966;6983;4.97;0.30;301.25;5.10;1226;27;2385.00;17
5741;23;621065933;5741;458;6967;6983;5.02;0.31;301.28;5.11;1226;27;2386.00;16
5745;23;621065947;5745;456;6971;6987;5.03;0.31;301.55;5.11;1226;27;2387.00;16
5752;23;621065960;5752;452;6973;6987;5.06;0.31;301.57;5.11;1221;27;2388.00;14
5754;23;621065973;5754;447;6974;6987;5.06;0.31;301.64;5.11;1220;27;2389.00;13
5757;23;621065985;5757;438;6974;6987;5.07;0.31;301.66;5.11;1217;27;2390.00;13
5762;23;621065997;5762;438;6977;6993;5.06;0.31;301.96;5.11;1215;27;2391.00;16
5766;23;621066011;5766;432;6977;6993;5.06;0.31;302.16;5.11;1211;27;2392.00;16
5767;23;621066023;5767;431;6978;6993;5.10;0.31;302.15;5.11;1211;27;2393.00;15
5773;23;621066035;5773;431;6979;6996;5.10;0.31;302.35;5.11;1206;27;2394.00;17
5775;23;621066048;5775;433;6979;6996;5.17;0.32;302.38;5.11;1204;27;2395.00;17
5779;23;621066061;5779;431;6979;6996;5.19;0.32;302.51;5.11;1200;27;2396.00;17
5783;23;621066073;5783;426;6979;6997;5.19;0.32;302.69;5.11;1196;27;2397.00;18
5786;23;621066087;5786;419;6979;6998;5.26;0.32;302.73;5.11;1193;27;2398.00;19
5790;23;621066101;5790;413;6979;6998;5.27;0.32;302.87;5.11;1189;27;2399.00;19
5795;23;621066117;5795;418;6998;7057;5.29;0.32;303.00;5.09;1203;28;2400.00;59
5798;23;621066144;5798;416;6999;7057;5.35;0.33;303.20;5.09;1201;28;2401.00;58
5803;23;621066157;5803;414;7002;7057;5.42;0.33;303.24;5.09;1199;28;2402.00;55
5809;23;621066170;5809;414;7004;7058;5.48;0.33;303.52;5.09;1195;28;2403.00;54
5814;23;621066183;5814;409;7006;7058;5.55;0.34;303.70;5.09;1192;28;2404.00;52
5815;23;621066196;5815;404;7008;7062;5.65;0.35;303.71;5.09;1193;28;2405.00;54
5821;23;621066209;5821;401;7010;7062;5.68;0.35;303.93;5.09;1189;28;2406.00;52
5826;23;621066223;5826;397;7013;7066;5.71;0.35;304.03;5.09;1187;28;2407.00;53
5829;23;621066236;5829;396;7014;7066;5.74;0.35;304.16;5.09;1185;28;2408.00;52
5833;23;621066250;5833;391;7014;7066;5.76;0.35;304.34;5.09;1181;28;2409.00;52
5839;23;621066263;5839;394;7018;7066;5.75;0.35;304.37;5.09;1179;28;2410.00;48
5845;23;621066276;5845;389;7019;7066;5.73;0.35;304.47;5.09;1174;28;2411.00;47
5852;23;621066289;5852;393;7022;7078;5.71;0.35;304.80;5.09;1170;28;2412.00;56
5854;24;621066304;5854;402;7023;7078;5.78;0.35;304.77;5.10;1169;29;2413.00;55
5860;24;621066329;5860;399;7026;7078;5.81;0.35;304.90;5.10;1166;29;2414.00;52
5865;24;621066343;5865;405;7030;7078;5.82;0.35;305.04;5.11;1165;29;2415.00;48
5867;24;621066356;5867;408;7030;7078;5.91;0.36;305.07;5.11;1163;29;2416.00;48
5873;24;621066368;5873;413;7033;7078;5.89;0.36;305.31;5.11;1160;29;2417.00;45
5876;24;621066382;5876;415;7036;7079;5.89;0.36;305.43;5.12;1160;29;2418.00;43
5883;24;621066401;5883;419;7038;7079;5.88;0.36;305.44;5.12;1155;29;2419.00;41
5889;24;621066414;5889;429;7042;7085;5.87;0.36;305.60;5.12;1153;29;2420.00;43
5892;24;621066428;5892;435;7045;7086;5.88;0.36;305.63;5.12;1153;29;2421.00;41
5894;24;621066441;5894;436;7046;7086;5.87;0.36;305.69;5.12;1152;29;2422.00;40
5898;24;621066460;5898;444;7048;7086;5.79;0.35;305.79;5.13;1150;29;2423.00;38
5899;25;621066472;5899;450;7050;7090;5.74;0.35;305.79;5.13;1151;30;2424.00;40
5902;25;621066496;5902;458;7051;7090;5.68;0.34;305.88;5.13;1149;30;2425.00;39
5903;25;621066509;5903;463;7055;7090;5.64;0.34;305.98;5.13;1152;30;2426.00;35
5904;25;621066521;5904;456;7058;7091;5.61;0.34;306.08;5.13;1154;30;2427.00;33
5905;25;621066539;5905;455;7061;7095;5.64;0.34;306.05;5.13;1156;30;2428.00;34
5908;25;621066552;5908;455;7062;7095;5.62;0.34;306.22;5.14;1154;30;2429.00;33
5912;25;621066566;5912;455;7067;7101;5.60;0.34;306.37;5.13;1155;30;2430.00;34
5913;25;621066580;5913;453;7067;7101;5.63;0.34;306.42;5.13;1154;30;2431.00;34
5914;25;621066592;5914;455;7068;7101;5.62;0.34;306.53;5.13;1154;30;2432.00;33
5919;25;621066605;5919;461;7068;7101;5.56;0.34;306.85;5.13;1149;30;2433.00;33
5922;25;621066619;5922;465;7073;7105;5.56;0.34;306.81;5.13;1151;30;2434.00;32
5924;25;621066632;5924;472;7073;7105;5.57;0.34;306.83;5.13;1149;30;2435.00;32
5927;25;621066644;5927;465;7073;7105;5.54;0.34;306.92;5.13;1146;30;2436.00;32
5930;25;621066658;5930;456;7073;7105;5.52;0.34;307.00;5.13;1143;30;2437.00;32
5932;25;621066671;5932;451;7073;7106;5.54;0.34;306.99;5.13;1141;30;2438.00;33
5934;25;621066688;5934;457;7074;7107;5.57;0.34;307.07;5.13;1140;30;2439.00;33
5936;25;621066701;5936;461;7075;7107;5.57;0.34;307.08;5.14;1139;30;2440.00;32
5938;25;621066714;5938;459;7076;7108;5.57;0.34;307.15;5.14;1138;30;2441.00;32
5939;25;621066727;5939;460;7076;7108;5.60;0.34;307.25;5.14;1137;30;2442.00;32
5944;25;621066740;5944;468;7076;7108;5.60;0.34;307.35;5.14;1132;30;2443.00;32
5945;25;621066753;5945;470;7076;7108;5.58;0.34;307.46;5.14;1131;30;2444.00;32
5948;25;621066765;5948;476;7076;7108;5.54;0.34;307.49;5.14;1128;30;2445.00;32
5951;25;621066777;5951;475;7077;7108;5.50;0.33;307.70;5.14;1126;30;2446.00;31
5955;25;621066789;5955;477;7077;7108;5.46;0.33;307.72;5.14;1122;30;2447.00;31
5956;25;621066802;5956;493;7143;7235;5.53;0.34;307.69;5.10;1187;30;2448.00;92
5960;25;621066825;5960;485;7143;7236;5.54;0.34;307.98;5.10;1183;30;2449.00;93
5961;25;621066838;5961;484;7150;7236;5.64;0.35;308.01;5.09;1189;30;2450.00;86
5963;25;621066850;5963;481;7151;7236;5.68;0.35;308.08;5.09;1188;30;2451.00;85
5965;25;621066862;5965;474;7157;7236;5.71;0.35;308.08;5.10;1192;30;2452.00;79
5967;25;621066875;5967;475;7161;7236;5.71;0.35;308.10;5.10;1194;30;2453.00;75
5971;25;621066889;5971;477;7166;7236;5.71;0.35;308.15;5.10;1195;30;2454.00;70
5973;25;621066918;5973;483;7170;7236;5.71;0.35;308.12;5.10;1197;30;2455.00;66
5977;25;621066941;5977;481;7173;7237;5.66;0.35;308.26;5.10;1196;30;2456.00;64
5978;25;621066962;5978;486;7178;7238;5.67;0.35;308.25;5.11;1200;30;2457.00;60
5979;25;621066981;5979;486;7181;7238;5.63;0.35;308.27;5.12;1202;30;2458.00;57
5981;25;621067000;5981;488;7182;7239;5.53;0.34;308.31;5.12;1201;30;2459.00;57
5984;25;621067021;5984;492;7186;7239;5.47;0.33;308.27;5.12;1202;30;2460.00;53
5984;25;621067035;5984;497;7187;7239;5.41;0.33;308.27;5.12;1203;30;2461.00;52
5985;25;621067055;5985;506;7188;7239;5.33;0.33;308.27;5.12;1203;30;2462.00;51
5989;25;621067069;5989;512;7194;7243;5.27;0.32;308.27;5.12;1205;30;2463.00;49
5991;25;621067083;5991;513;7196;7243;5.19;0.32;308.32;5.13;1205;30;2464.00;47
5993;25;621067098;5993;518;7196;7243;5.14;0.31;308.34;5.13;1203;30;2465.00;47
5994;25;621067111;5994;522;7199;7246;5.09;0.31;308.31;5.13;1205;30;2466.00;47
5994;25;621067124;5994;529;7200;7246;5.09;0.31;308.31;5.13;1206;30;2467.00;46
5995;25;621067137;5995;537;7201;7246;5.07;0.31;308.31;5.14;1206;30;2468.00;45
5996;25;621067149;5996;543;7204;7250;5.05;0.31;308.28;5.13;1208;30;2469.00;46
5998;25;621067163;5998;540;7208;7251;5.00;0.31;308.25;5.15;1210;30;2470.00;43
6000;25;621067176;6000;537;7209;7251;4.99;0.31;308.26;5.15;1209;30;2471.00;42
6003;25;621067196;6003;529;7212;7255;5.01;0.31;308.18;5.16;1209;30;2472.00;43
6003;25;621067209;6003;528;7213;7255;5.09;0.31;308.18;5.16;1210;30;2473.00;42
6005;25;621067222;6005;526;7213;7255;5.10;0.31;308.17;5.16;1208;30;2474.00;42
6006;25;621067234;6006;520;7216;7257;5.15;0.32;308.20;5.16;1210;30;2475.00;41
6008;25;621067247;6008;525;7216;7257;5.19;0.32;308.25;5.16;1208;30;2476.00;41
6010;25;621067260;6010;523;7221;7263;5.23;0.32;308.24;5.15;1211;30;2477.00;42
6012;25;621067274;6012;519;7221;7263;5.22;0.32;308.22;5.15;1209;30;2478.00;42
6017;25;621067287;6017;511;7221;7264;5.20;0.32;308.31;5.15;1204;30;2479.00;43
6021;25;621067300;6021;512;7221;7264;5.17;0.32;308.40;5.15;1200;30;2480.00;43
6023;25;621067313;6023;508;7221;7264;5.07;0.31;308.42;5.15;1198;30;2481.00;43
6026;25;621067326;6026;505;7221;7264;4.98;0.30;308.46;5.15;1195;30;2482.00;43
6026;25;621067339;6026;509;7221;7264;4.91;0.30;308.46;5.15;1195;30;2483.00;43
6028;25;621067352;6028;511;7231;7276;4.94;0.30;308.45;5.15;1203;30;2484.00;45
6032;25;621067364;6032;511;7234;7276;4.91;0.30;308.40;5.18;1202;30;2485.00;42
6034;25;621067379;6034;517;7234;7276;4.90;0.30;308.38;5.18;1200;30;2486.00;42
6038;25;621067396;6038;514;7234;7276;4.86;0.30;308.30;5.18;1196;30;2487.00;42
6041;25;621067411;6041;520;7234;7276;4.89;0.30;308.28;5.18;1193;30;2488.00;42
6043;25;621067423;6043;517;7234;7276;4.86;0.30;308.29;5.18;1191;30;2489.00;42
6045;25;621067439;6045;513;7237;7280;4.87;0.30;308.27;5.18;1192;30;2490.00;43
6047;25;621067453;6047;511;7237;7280;4.84;0.29;308.28;5.18;1190;30;2491.00;43
6049;25;621067467;6049;509;7241;7284;4.87;0.30;308.21;5.18;1192;30;2492.00;43
6049;25;621067481;6049;502;7242;7285;4.93;0.30;308.21;5.18;1193;30;2493.00;43
6050;25;621067494;6050;506;7242;7285;4.97;0.30;308.19;5.18;1192;30;2494.00;43
6053;25;621067506;6053;508;7243;7285;4.98;0.30;308.19;5.19;1190;30;2495.00;42
6053;25;621067519;6053;515;7252;7298;5.04;0.31;308.19;5.18;1199;30;2496.00;46
6054;25;621067540;6054;513;7252;7298;5.05;0.31;308.15;5.18;1198;30;2497.00;46
6057;25;621067553;6057;510;7252;7298;5.10;0.31;308.25;5.18;1195;30;2498.00;46
6060;25;621067565;6060;498;7253;7299;5.14;0.31;308.21;5.18;1193;30;2499.00;46
6063;25;621067579;6063;491;7253;7300;5.18;0.32;308.16;5.18;1190;30;2500.00;47
6065;25;621067597;6065;479;7255;7300;5.18;0.31;308.20;5.20;1190;30;2501.00;45
6066;25;621067613;6066;466;7257;7303;5.24;0.32;308.16;5.20;1191;30;2502.00;46
6069;25;621067626;6069;452;7259;7303;5.23;0.32;308.35;5.21;1190;30;2503.00;44
6071;25;621067639;6071;453;7259;7303;5.21;0.32;308.31;5.21;1188;30;2504.00;44
6073;25;621067652;6073;446;7260;7303;5.23;0.32;308.32;5.21;1187;30;2505.00;43
6074;25;621067665;6074;441;7267;7309;5.34;0.32;308.35;5.24;1193;30;2506.00;42
6075;25;621067679;6075;440;7267;7309;5.38;0.33;308.31;5.24;1192;30;2507.00;42
6075;25;621067694;6075;440;7267;7309;5.42;0.33;308.31;5.24;1192;30;2508.00;42
6076;25;621067707;6076;434;7269;7309;5.44;0.33;308.30;5.26;1193;30;2509.00;40
6077;25;621067720;6077;438;7273;7313;5.42;0.33;308.25;5.28;1196;30;2510.00;40
6079;25;621067734;6079;440;7275;7314;5.44;0.33;308.23;5.28;1196;30;2511.00;39
6079;25;621067748;6079;441;7275;7314;5.44;0.33;308.23;5.28;1196;30;2512.00;39
6082;25;621067768;6082;443;7278;7315;5.42;0.33;308.24;5.30;1196;30;2513.00;37
6082;25;621067782;6082;443;7278;7315;5.43;0.33;308.24;5.30;1196;30;2514.00;37
6083;25;621067795;6083;446;7280;7315;5.42;0.33;308.23;5.34;1197;30;2515.00;35
6085;25;621067809;6085;445;7280;7315;5.42;0.33;308.20;5.34;1195;30;2516.00;35
6086;25;621067821;6086;445;7281;7315;5.44;0.33;308.18;5.35;1195;30;2517.00;34
6088;25;621067835;6088;445;7282;7315;5.44;0.33;308.16;5.37;1194;30;2518.00;33
6090;25;621067847;6090;444;7282;7315;5.43;0.33;308.09;5.37;1192;30;2519.00;33
6090;25;621067861;6090;459;7344;7440;5.59;0.34;308.09;5.35;1254;30;2520.00;96
6094;25;621067884;6094;454;7348;7441;5.53;0.34;308.04;5.35;1254;30;2521.00;93
6095;25;621067899;6095;449;7359;7441;5.57;0.34;308.02;5.35;1264;30;2522.00;82
6097;25;621067913;6097;444;7366;7441;5.59;0.34;308.11;5.37;1269;30;2523.00;75
6099;25;621067927;6099;449;7373;7441;5.57;0.34;308.19;5.37;1274;30;2524.00;68
6102;25;621067940;6102;450;7378;7441;5.49;0.34;308.20;5.40;1276;30;2525.00;63
6104;25;621067953;6104;460;7382;7441;5.44;0.33;308.32;5.40;1278;30;2526.00;59
6104;25;621067971;6104;454;7389;7441;5.38;0.33;308.32;5.42;1285;31;2527.00;52
6106;25;621067989;6106;463;7394;7442;5.31;0.33;308.43;5.42;1288;31;2528.00;48
6110;25;621068001;6110;464;7397;7443;5.25;0.32;308.39;5.42;1287;31;2529.00;46
6112;25;621068014;6112;460;7401;7443;5.20;0.32;308.48;5.44;1289;31;2530.00;42
6114;25;621068027;6114;462;7406;7447;5.17;0.32;308.52;5.44;1292;31;2531.00;41
6116;25;621068047;6116;466;7407;7447;5.15;0.32;308.66;5.44;1291;31;2532.00;40
6121;25;621068060;6121;466;7409;7447;5.14;0.32;308.61;5.46;1288;31;2533.00;38
6122;25;621068072;6122;470;7409;7447;5.16;0.32;308.60;5.46;1287;31;2534.00;38
6124;25;621068086;6124;473;7414;7453;5.17;0.32;308.68;5.46;1290;31;2535.00;39
6128;25;621068100;6128;480;7414;7453;5.19;0.32;308.73;5.46;1286;31;2536.00;39
6130;25;621068113;6130;485;7416;7455;5.27;0.32;308.77;5.47;1286;31;2537.00;39
6132;25;621068126;6132;479;7418;7458;5.30;0.32;308.86;5.47;1286;31;2538.00;40
6133;25;621068140;6133;481;7419;7458;5.29;0.32;308.91;5.47;1286;31;2539.00;39
6136;25;621068153;6136;479;7419;7458;5.26;0.32;309.04;5.47;1283;31;2540.00;39
6141;25;621068166;6141;478;7419;7459;5.20;0.32;309.07;5.47;1278;31;2541.00;40
6142;25;621068179;6142;473;7420;7460;5.17;0.32;309.04;5.47;1278;31;2542.00;40
6146;25;621068192;6146;474;7420;7460;5.16;0.31;309.17;5.47;1274;31;2543.00;40
6150;25;621068205;6150;475;7430;7473;5.13;0.31;309.28;5.46;1280;31;2544.00;43
6155;25;621068218;6155;466;7431;7473;5.14;0.31;309.20;5.46;1276;31;2545.00;42
6160;25;621068231;6160;471;7431;7473;5.13;0.31;309.35;5.46;1271;31;2546.00;42
6164;25;621068244;6164;465;7432;7474;5.12;0.31;309.35;5.46;1268;31;2547.00;42
6166;25;621068262;6166;466;7432;7474;5.07;0.31;309.51;5.46;1266;31;2548.00;42
6171;25;621068284;6171;461;7435;7478;5.00;0.31;309.70;5.46;1264;31;2549.00;43
6175;25;621068299;6175;452;7437;7481;5.00;0.31;309.75;5.46;1262;31;2550.00;44
6178;25;621068312;6178;442;7440;7485;4.99;0.31;309.84;5.46;1262;31;2551.00;45
6184;25;621068325;6184;440;7442;7485;5.01;0.31;309.89;5.46;1258;31;2552.00;43
6187;25;621068339;6187;435;7442;7485;5.09;0.31;309.99;5.46;1255;31;2553.00;43
6192;25;621068352;6192;426;7442;7485;5.13;0.32;310.14;5.46;1250;31;2554.00;43
6194;25;621068365;6194;426;7443;7485;5.20;0.32;310.17;5.46;1249;31;2555.00;42
6197;25;621068378;6197;428;7454;7497;5.28;0.32;310.21;5.45;1257;31;2556.00;43
6200;25;621068402;6200;418;7454;7497;5.35;0.33;310.39;5.45;1254;31;2557.00;43
6205;25;621068420;6205;418;7454;7497;5.40;0.33;310.52;5.45;1249;31;2558.00;43
6209;25;621068435;6209;413;7454;7497;5.42;0.33;310.54;5.45;1245;31;2559.00;43
6212;25;621068450;6212;411;7454;7497;5.43;0.34;310.68;5.45;1242;31;2560.00;43
6216;25;621068464;6216;411;7454;7497;5.46;0.34;310.83;5.45;1238;31;2561.00;43
6217;25;621068479;6217;397;7454;7498;5.50;0.34;310.87;5.45;1237;31;2562.00;44
6222;25;621068492;6222;392;7454;7498;5.46;0.34;311.05;5.45;1232;31;2563.00;44
6228;25;621068506;6228;390;7459;7504;5.52;0.34;311.07;5.45;1231;31;2564.00;45
6233;25;621068520;6233;389;7461;7506;5.57;0.34;311.11;5.45;1228;31;2565.00;45
6238;25;621068533;6238;384;7461;7506;5.62;0.35;311.15;5.45;1223;31;2566.00;45
6240;25;621068547;6240;383;7461;7506;5.68;0.35;311.11;5.45;1221;31;2567.00;45
6247;25;621068560;6247;371;7464;7510;5.72;0.35;311.17;5.44;1217;31;2568.00;46
6249;25;621068574;6249;372;7464;7510;5.75;0.35;311.24;5.44;1215;31;2569.00;46
6254;25;621068587;6254;372;7464;7510;5.75;0.35;311.42;5.44;1210;31;2570.00;46
6258;25;621068602;6258;372;7465;7511;5.82;0.36;311.39;5.44;1207;31;2571.00;46
6262;25;621068615;6262;375;7468;7515;5.86;0.36;311.48;5.44;1206;31;2572.00;47
6265;25;621068629;6265;366;7468;7515;5.87;0.36;311.44;5.44;1203;31;2573.00;47
6271;25;621068643;6271;364;7471;7518;5.82;0.36;311.41;5.44;1200;31;2574.00;47
6273;25;621068657;6273;367;7471;7518;5.84;0.36;311.45;5.44;1198;31;2575.00;47
6280;25;621068670;6280;368;7471;7518;5.83;0.36;311.45;5.44;1191;31;2576.00;47
6284;25;621068684;6284;373;7471;7518;5.84;0.36;311.48;5.44;1187;31;2577.00;47
6288;25;621068697;6288;380;7475;7522;5.87;0.36;311.50;5.44;1187;31;2578.00;47
6293;25;621068711;6293;381;7476;7522;5.87;0.36;311.60;5.44;1183;31;2579.00;46
6299;25;621068730;6299;383;7476;7522;5.88;0.36;311.69;5.44;1177;31;2580.00;46
6302;25;621068746;6302;386;7476;7522;5.91;0.36;311.70;5.44;1174;31;2581.00;46
6308;25;621068759;6308;390;7477;7523;5.91;0.36;311.95;5.45;1169;31;2582.00;46
6313;25;621068772;6313;392;7478;7524;5.85;0.36;312.04;5.45;1165;31;2583.00;46
6319;25;621068785;6319;402;7478;7524;5.81;0.35;312.25;5.45;1159;31;2584.00;46
6325;25;621068799;6325;402;7479;7525;5.78;0.35;312.32;5.45;1154;31;2585.00;46
6332;25;621068812;6332;409;7480;7525;5.74;0.35;312.56;5.46;1148;31;2586.00;45
6336;25;621068826;6336;408;7480;7525;5.71;0.35;312.61;5.46;1144;31;2587.00;45
6339;25;621068839;6339;413;7480;7525;5.73;0.35;312.71;5.46;1141;31;2588.00;45
6343;25;621068853;6343;419;7480;7525;5.72;0.35;312.77;5.46;1137;31;2589.00;45
6349;25;621068865;6349;420;7480;7525;5.65;0.34;312.83;5.46;1131;31;2590.00;45
6350;25;621068878;6350;416;7480;7525;5.64;0.34;312.85;5.46;1130;31;2591.00;45
6353;25;621068891;6353;436;7552;7652;5.77;0.36;312.92;5.41;1199;31;2592.00;100
6355;25;621068923;6355;432;7555;7653;5.74;0.35;312.94;5.40;1200;31;2593.00;98
6358;25;621068943;6358;424;7560;7653;5.74;0.36;312.98;5.40;1202;31;2594.00;93
6359;25;621068967;6359;428;7563;7653;5.76;0.36;313.02;5.40;1204;31;2595.00;90
6364;25;621068987;6364;445;7566;7653;5.74;0.35;313.00;5.40;1202;31;2596.00;87
6366;25;621069007;6366;437;7570;7653;5.75;0.35;313.08;5.41;1204;31;2597.00;83
6368;25;621069034;6368;443;7571;7653;5.78;0.36;313.11;5.41;1203;31;2598.00;82
6374;25;621069049;6374;438;7574;7653;5.78;0.35;313.37;5.41;1200;31;2599.00;79
6376;25;621069065;6376;433;7577;7654;5.79;0.36;313.43;5.41;1201;31;2600.00;77
6379;25;621069085;6379;438;7578;7655;5.79;0.36;313.42;5.41;1199;31;2601.00;77
6379;25;621069104;6379;444;7582;7655;5.78;0.36;313.42;5.41;1203;31;2602.00;73
6383;25;621069118;6383;446;7584;7656;5.70;0.35;313.52;5.42;1201;31;2603.00;72
6387;25;621069133;6387;453;7587;7656;5.63;0.34;313.49;5.42;1200;31;2604.00;69
6390;25;621069148;6390;474;7589;7656;5.62;0.34;313.54;5.42;1199;31;2605.00;67
6391;25;621069165;6391;470;7591;7656;5.63;0.35;313.63;5.42;1200;31;2606.00;65
6393;25;621069179;6393;476;7595;7660;5.68;0.35;313.68;5.42;1202;31;2607.00;65
6394;25;621069194;6394;481;7599;7660;5.68;0.35;313.74;5.43;1205;31;2608.00;61
6398;25;621069209;6398;481;7599;7660;5.65;0.35;313.85;5.43;1201;31;2609.00;61
6399;25;621069226;6399;482;7604;7666;5.71;0.35;313.95;5.43;1205;31;2610.00;62
6402;25;621069241;6402;481;7604;7666;5.69;0.35;314.09;5.43;1202;31;2611.00;62
6406;25;621069257;6406;488;7607;7666;5.61;0.34;314.44;5.43;1201;31;2612.00;59
6408;25;621069271;6408;496;7611;7670;5.56;0.34;314.51;5.43;1203;31;2613.00;59
6412;25;621069286;6412;505;7613;7671;5.57;0.34;314.63;5.43;1201;31;2614.00;58
6413;25;621069301;6413;509;7613;7671;5.56;0.34;314.72;5.43;1200;31;2615.00;58
6413;25;621069315;6413;511;7617;7675;5.54;0.34;314.72;5.44;1204;31;2616.00;58
6414;25;621069329;6414;506;7619;7675;5.50;0.34;314.69;5.44;1205;31;2617.00;56
6418;25;621069344;6418;507;7619;7675;5.45;0.33;314.60;5.44;1201;31;2618.00;56
6419;25;621069358;6419;507;7620;7676;5.49;0.34;314.60;5.44;1201;31;2619.00;56
6423;25;621069372;6423;511;7620;7676;5.43;0.33;314.64;5.44;1197;31;2620.00;56
6427;25;621069386;6427;504;7625;7682;5.44;0.33;314.66;5.44;1198;31;2621.00;57
6429;25;621069402;6429;488;7625;7682;5.42;0.33;314.70;5.44;1196;31;2622.00;57
6429;25;621069415;6429;497;7625;7683;5.41;0.33;314.70;5.44;1196;31;2623.00;58
6430;25;621069429;6430;495;7625;7683;5.35;0.33;314.72;5.44;1195;31;2624.00;58
6431;25;621069443;6431;498;7625;7683;5.28;0.32;314.68;5.44;1194;31;2625.00;58
6433;25;621069457;6433;506;7625;7683;5.19;0.32;314.68;5.44;1192;31;2626.00;58
6435;25;621069472;6435;504;7625;7683;5.11;0.31;314.74;5.44;1190;31;2627.00;58
6438;25;621069485;6438;506;7635;7695;5.08;0.31;314.76;5.43;1197;31;2628.00;60
6441;25;621069499;6441;504;7635;7695;4.99;0.30;314.77;5.43;1194;31;2629.00;60
6444;25;621069512;6444;505;7636;7695;4.93;0.30;314.75;5.43;1192;31;2630.00;59
6446;25;621069526;6446;507;7636;7695;4.91;0.30;314.74;5.43;1190;31;2631.00;59
6449;25;621069539;6449;516;7636;7695;4.89;0.30;314.68;5.43;1187;31;2632.00;59
6451;25;621069553;6451;513;7637;7695;4.88;0.30;314.74;5.44;1186;31;2633.00;58
6452;25;621069567;6452;509;7640;7699;4.89;0.30;314.76;5.44;1188;31;2634.00;59
6458;25;621069580;6458;519;7640;7699;4.84;0.29;314.62;5.44;1182;31;2635.00;59
6460;25;621069600;6460;521;7644;7703;4.86;0.30;314.66;5.44;1184;31;2636.00;59
6461;25;621069615;6461;528;7645;7704;4.88;0.30;314.65;5.44;1184;31;2637.00;59
6464;25;621069629;6464;530;7645;7704;4.85;0.29;314.65;5.44;1181;31;2638.00;59
6465;25;621069649;6465;526;7645;7704;4.78;0.29;314.66;5.44;1180;31;2639.00;59
6467;25;621069664;6467;534;7667;7733;4.80;0.29;314.67;5.42;1200;31;2640.00;66
6469;25;621069687;6469;524;7667;7733;4.80;0.29;314.66;5.42;1198;31;2641.00;66
6470;25;621069700;6470;521;7669;7733;4.85;0.29;314.69;5.42;1199;31;2642.00;64
6471;25;621069713;6471;519;7672;7734;4.88;0.30;314.70;5.44;1201;31;2643.00;62
6472;25;621069726;6472;520;7672;7735;4.88;0.30;314.74;5.44;1200;31;2644.00;63
6473;25;621069738;6473;524;7672;7735;4.87;0.30;314.74;5.44;1199;31;2645.00;63
6476;25;621069751;6476;520;7674;7738;4.91;0.30;314.81;5.43;1198;31;2646.00;64
6477;25;621069765;6477;527;7674;7738;4.94;0.30;314.82;5.43;1197;31;2647.00;64
6479;25;621069778;6479;527;7675;7738;4.93;0.30;314.81;5.43;1196;31;2648.00;63
6483;25;621069791;6483;524;7675;7738;4.89;0.30;314.81;5.43;1192;31;2649.00;63
6485;25;621069805;6485;526;7680;7744;4.85;0.29;314.80;5.43;1195;31;2650.00;64
6485;25;621069818;6485;512;7680;7744;4.87;0.30;314.80;5.43;1195;31;2651.00;64
6487;25;621069831;6487;497;7680;7744;4.83;0.29;314.81;5.43;1193;31;2652.00;64
6489;25;621069851;6489;483;7680;7744;4.82;0.29;314.83;5.43;1191;31;2653.00;64
6491;25;621069864;6491;473;7684;7748;4.84;0.29;314.92;5.46;1193;31;2654.00;64
6492;25;621069879;6492;460;7687;7750;4.90;0.30;314.92;5.49;1195;31;2655.00;63
6495;25;621069895;6495;454;7687;7750;4.98;0.30;314.86;5.49;1192;31;2656.00;63
6500;25;621069911;6500;449;7688;7751;5.01;0.30;314.97;5.49;1188;31;2657.00;63
6501;25;621069932;6501;449;7688;7751;5.09;0.31;314.98;5.49;1187;31;2658.00;63
6504;25;621069945;6504;452;7688;7751;5.15;0.31;314.96;5.49;1184;31;2659.00;63
6505;25;621069958;6505;444;7688;7751;5.22;0.32;314.92;5.49;1183;31;2660.00;63
6505;25;621069971;6505;438;7688;7751;5.34;0.33;314.92;5.49;1183;31;2661.00;63
6507;25;621069984;6507;433;7688;7751;5.43;0.33;314.89;5.49;1181;31;2662.00;63
6508;25;621069996;6508;436;7688;7751;5.50;0.33;314.84;5.49;1180;31;2663.00;63
6510;25;621070011;6510;438;7725;7821;5.71;0.35;314.90;5.46;1215;31;2664.00;96
6512;26;621070033;6512;435;7726;7822;5.70;0.35;314.92;5.46;1214;32;2665.00;96
6515;26;621070053;6515;428;7734;7822;5.75;0.35;314.86;5.46;1219;32;2666.00;88
6516;26;621070066;6516;430;7736;7822;5.71;0.35;314.86;5.46;1220;32;2667.00;86
6516;26;621070079;6516;433;7740;7822;5.72;0.35;314.86;5.46;1224;32;2668.00;82
6519;26;621070093;6519;433;7744;7822;5.78;0.35;314.78;5.46;1225;32;2669.00;78
6520;26;621070112;6520;427;7747;7822;5.81;0.35;314.77;5.46;1227;32;2670.00;75
6522;26;621070125;6522;429;7751;7822;5.82;0.35;314.78;5.49;1229;32;2671.00;71
6525;26;621070138;6525;424;7753;7823;5.83;0.35;314.81;5.49;1228;32;2672.00;70
6527;26;621070151;6527;420;7754;7824;5.82;0.35;314.75;5.49;1227;32;2673.00;70
6529;26;621070165;6529;419;7755;7824;5.86;0.35;314.73;5.49;1226;32;2674.00;69
6531;26;621070178;6531;420;7759;7828;5.85;0.35;314.79;5.49;1228;32;2675.00;69
6536;26;621070192;6536;415;7761;7828;5.82;0.35;314.83;5.51;1225;32;2676.00;67
6539;26;621070206;6539;419;7761;7828;5.84;0.35;314.76;5.51;1222;32;2677.00;67
6541;26;621070219;6541;426;7761;7828;5.85;0.36;314.78;5.51;1220;32;2678.00;67
6543;26;621070232;6543;435;7766;7834;5.90;0.36;314.80;5.51;1223;32;2679.00;68
6547;26;621070246;6547;441;7767;7834;5.90;0.36;314.84;5.54;1220;32;2680.00;67
6548;26;621070259;6548;449;7767;7834;5.92;0.36;314.88;5.54;1219;32;2681.00;67
6550;26;621070272;6550;444;7769;7837;5.95;0.36;314.96;5.54;1219;32;2682.00;68
6552;26;621070286;6552;450;7771;7837;6.00;0.36;315.06;5.57;1219;32;2683.00;66
6554;26;621070304;6554;452;7771;7837;6.00;0.36;315.13;5.57;1217;32;2684.00;66
6557;26;621070317;6557;447;7772;7838;6.00;0.36;315.25;5.60;1215;32;2685.00;66
6560;26;621070330;6560;451;7774;7839;5.98;0.36;315.31;5.63;1214;32;2686.00;65
6563;26;621070344;6563;444;7775;7839;5.93;0.36;315.39;5.66;1212;32;2687.00;64
6565;26;621070357;6565;456;7785;7852;5.90;0.36;315.53;5.68;1220;32;2688.00;67
6568;26;621070370;6568;453;7787;7852;5.81;0.35;315.53;5.71;1219;32;2689.00;65
6569;26;621070394;6569;459;7788;7852;5.79;0.35;315.57;5.71;1219;32;2690.00;64
6572;26;621070407;6572;462;7790;7853;5.76;0.35;315.69;5.74;1218;32;2691.00;63
6575;26;621070420;6575;470;7790;7853;5.67;0.34;315.77;5.74;1215;32;2692.00;63
6578;26;621070433;6578;466;7795;7857;5.68;0.35;315.86;5.77;1217;32;2693.00;62
6579;26;621070446;6579;467;7795;7857;5.64;0.34;315.90;5.77;1216;32;2694.00;62
6582;26;621070460;6582;466;7799;7861;5.63;0.34;315.97;5.80;1217;32;2695.00;62
6585;26;621070473;6585;470;7799;7861;5.60;0.34;315.99;5.80;1214;32;2696.00;62
6588;26;621070485;6588;473;7801;7861;5.61;0.34;315.98;5.86;1213;32;2697.00;60
6589;26;621070498;6589;478;7802;7861;5.60;0.34;316.01;5.88;1213;32;2698.00;59
6590;26;621070511;6590;470;7803;7861;5.62;0.34;316.05;5.91;1213;32;2699.00;58
6594;26;621070525;6594;473;7829;7910;5.77;0.35;316.00;5.89;1235;32;2700.00;81
6598;26;621070547;6598;462;7832;7910;5.80;0.36;316.00;5.94;1234;32;2701.00;78
6599;26;621070561;6599;460;7836;7910;5.86;0.36;315.97;5.97;1237;32;2702.00;74
6600;26;621070573;6600;455;7837;7910;5.89;0.36;315.96;5.99;1237;32;2703.00;73
6601;26;621070592;6601;457;7839;7910;5.91;0.36;315.99;5.99;1238;32;2704.00;71
6603;26;621070604;6603;453;7841;7910;5.93;0.36;315.95;6.04;1238;32;2705.00;69
6607;26;621070618;6607;458;7842;7911;5.93;0.36;316.14;6.04;1235;32;2706.00;69
6612;26;621070631;6612;458;7843;7911;5.92;0.36;316.43;6.04;1231;32;2707.00;68
6615;26;621070644;6615;456;7848;7917;5.98;0.36;316.49;6.03;1233;32;2708.00;69
6618;26;621070659;6618;450;7851;7918;5.98;0.36;316.53;6.08;1233;32;2709.00;67
6619;26;621070673;6619;457;7852;7918;6.02;0.37;316.50;6.10;1233;32;2710.00;66
6622;26;621070686;6622;458;7854;7918;5.98;0.36;316.50;6.13;1232;32;2711.00;64
6626;26;621070699;6626;464;7857;7922;5.96;0.36;316.50;6.12;1231;32;2712.00;65
6629;26;621070712;6629;468;7857;7922;5.89;0.36;316.53;6.12;1228;32;2713.00;65
6633;26;621070725;6633;474;7860;7922;5.78;0.35;316.54;6.17;1227;32;2714.00;62
6635;26;621070739;6635;477;7861;7923;5.76;0.35;316.55;6.17;1226;32;2715.00;62
6639;26;621070751;6639;479;7865;7927;5.69;0.35;316.51;6.17;1226;32;2716.00;62
6644;26;621070764;6644;486;7867;7927;5.63;0.34;316.60;6.21;1223;32;2717.00;60
6646;26;621070782;6646;483;7869;7930;5.59;0.34;316.55;6.21;1223;32;2718.00;61
6650;26;621070794;6650;487;7869;7930;5.53;0.34;316.50;6.21;1219;32;2719.00;61
6652;26;621070807;6652;476;7873;7930;5.52;0.34;316.56;6.26;1221;32;2720.00;57
6655;26;621070820;6655;469;7874;7930;5.44;0.33;316.68;6.26;1219;32;2721.00;56
6657;26;621070832;6657;466;7879;7934;5.45;0.33;316.73;6.30;1222;32;2722.00;55
6660;26;621070845;6660;459;7879;7934;5.42;0.33;316.76;6.30;1219;32;2723.00;55
6664;26;621070858;6664;451;7879;7934;5.40;0.33;316.81;6.30;1215;32;2724.00;55
6669;26;621070871;6669;449;7879;7934;5.42;0.33;316.87;6.30;1210;32;2725.00;55
6672;26;621070884;6672;443;7880;7935;5.44;0.33;316.93;6.30;1208;32;2726.00;55
6674;27;621070897;6674;442;7882;7936;5.48;0.34;316.97;6.30;1208;33;2727.00;54
6676;27;621070938;6676;428;7882;7936;5.53;0.34;316.97;6.30;1206;33;2728.00;54
6680;27;621070967;6680;423;7883;7937;5.50;0.34;317.02;6.30;1203;33;2729.00;54
6682;27;621070995;6682;421;7885;7937;5.49;0.34;317.09;6.31;1203;33;2730.00;52
6686;27;621071017;6686;414;7885;7937;5.46;0.33;317.05;6.31;1199;33;2731.00;52
6689;27;621071037;6689;408;7886;7937;5.48;0.34;317.19;6.31;1197;33;2732.00;51
6693;27;621071055;6693;409;7886;7937;5.51;0.34;317.26;6.31;1193;33;2733.00;51
6699;27;621071070;6699;410;7886;7937;5.50;0.34;317.33;6.31;1187;33;2734.00;51
6704;27;621071085;6704;406;7886;7937;5.53;0.34;317.47;6.31;1182;33;2735.00;51
6707;27;621071100;6707;413;7945;8064;5.70;0.35;317.53;6.26;1238;33;2736.00;119
6710;27;621071126;6710;405;7951;8065;5.67;0.35;317.61;6.26;1241;33;2737.00;114
6713;27;621071142;6713;411;7959;8065;5.68;0.35;317.69;6.26;1246;33;2738.00;106
6718;27;621071156;6718;410;7965;8065;5.66;0.35;317.69;6.26;1247;33;2739.00;100
6721;27;621071171;6721;413;7971;8065;5.68;0.35;317.70;6.26;1250;33;2740.00;94
6724;27;621071186;6724;420;7976;8065;5.61;0.35;317.85;6.25;1252;33;2741.00;89
6727;27;621071200;6727;417;7979;8065;5.57;0.35;317.95;6.25;1252;33;2742.00;86
6735;27;621071215;6735;423;7982;8065;5.49;0.34;318.00;6.25;1247;33;2743.00;83
6737;27;621071230;6737;425;7985;8066;5.49;0.34;318.14;6.26;1248;33;2744.00;81
6742;27;621071244;6742;427;7989;8068;5.45;0.34;318.18;6.26;1247;33;2745.00;79
6745;27;621071260;6745;438;7992;8068;5.40;0.33;318.31;6.26;1247;33;2746.00;76
6748;27;621071275;6748;431;7994;8069;5.38;0.33;318.43;6.26;1246;33;2747.00;75
6751;27;621071288;6751;442;7995;8069;5.41;0.33;318.60;6.26;1244;33;2748.00;74
6757;27;621071303;6757;447;7998;8069;5.35;0.33;318.69;6.26;1241;33;2749.00;71
6759;27;621071318;6759;445;7999;8069;5.37;0.33;318.81;6.26;1240;33;2750.00;70
6764;27;621071332;6764;447;8003;8073;5.34;0.33;318.87;6.26;1239;33;2751.00;70
6768;27;621071347;6768;457;8006;8073;5.36;0.33;318.98;6.26;1238;33;2752.00;67
6769;27;621071362;6769;462;8008;8073;5.34;0.33;318.94;6.26;1239;33;2753.00;65
6774;27;621071385;6774;468;8010;8076;5.33;0.33;318.97;6.27;1236;33;2754.00;66
6779;27;621071401;6779;474;8011;8076;5.27;0.33;319.05;6.27;1232;33;2755.00;65
6786;27;621071416;6786;477;8012;8076;5.20;0.32;319.07;6.27;1226;33;2756.00;64
6791;27;621071432;6791;484;8017;8080;5.19;0.32;319.21;6.29;1226;33;2757.00;63
6793;27;621071449;6793;479;8018;8081;5.20;0.32;319.21;6.29;1225;33;2758.00;63
6798;27;621071465;6798;479;8020;8081;5.13;0.32;319.35;6.29;1222;33;2759.00;61
6801;27;621071482;6801;481;8024;8086;5.14;0.32;319.43;6.28;1223;33;2760.00;62
6809;27;621071498;6809;489;8024;8086;5.08;0.31;319.33;6.28;1215;33;2761.00;62
6810;27;621071517;6810;492;8024;8086;5.10;0.31;319.42;6.28;1214;33;2762.00;62
6818;27;621071532;6818;497;8025;8087;5.03;0.31;319.54;6.28;1207;33;2763.00;62
6821;27;621071549;6821;502;8025;8087;4.98;0.30;319.54;6.28;1204;33;2764.00;62
6824;27;621071565;6824;506;8030;8093;4.95;0.30;319.69;6.28;1206;33;2765.00;63
6827;27;621071582;6827;510;8030;8093;4.87;0.30;319.69;6.28;1203;33;2766.00;63
6829;27;621071605;6829;503;8030;8094;4.82;0.29;319.81;6.28;1201;33;2767.00;64
6831;27;621071619;6831;497;8030;8094;4.74;0.29;319.82;6.28;1199;33;2768.00;64
6835;27;621071632;6835;494;8030;8094;4.74;0.29;319.87;6.28;1195;33;2769.00;64
6837;27;621071647;6837;504;8030;8094;4.71;0.29;319.81;6.28;1193;33;2770.00;64
6840;27;621071661;6840;500;8030;8094;4.71;0.29;319.83;6.28;1190;33;2771.00;64
6843;27;621071675;6843;507;8040;8106;4.74;0.29;320.07;6.27;1197;33;2772.00;66
6845;27;621071689;6845;505;8042;8106;4.72;0.29;320.10;6.29;1197;33;2773.00;64
6851;27;621071702;6851;508;8042;8106;4.72;0.29;320.12;6.29;1191;33;2774.00;64
6854;27;621071716;6854;511;8042;8106;4.71;0.29;320.11;6.29;1188;33;2775.00;64
6856;27;621071729;6856;500;8042;8106;4.75;0.29;320.14;6.29;1186;33;2776.00;64
6859;27;621071743;6859;501;8042;8106;4.78;0.29;320.10;6.29;1183;33;2777.00;64
6862;27;621071756;6862;501;8045;8110;4.85;0.30;320.10;6.29;1183;33;2778.00;65
6864;27;621071770;6864;492;8045;8110;4.89;0.30;320.12;6.29;1181;33;2779.00;65
6864;27;621071784;6864;487;8049;8114;4.99;0.30;320.12;6.29;1185;33;2780.00;65
6867;27;621071804;6867;491;8050;8115;5.03;0.31;320.23;6.29;1183;33;2781.00;65
6869;27;621071819;6869;487;8050;8115;5.03;0.31;320.17;6.29;1181;33;2782.00;65
6871;27;621071833;6871;484;8050;8115;5.08;0.31;320.16;6.29;1179;33;2783.00;65
6872;27;621071846;6872;489;8061;8128;5.11;0.31;320.18;6.28;1189;33;2784.00;67
6875;27;621071862;6875;490;8062;8128;5.12;0.31;320.26;6.30;1187;33;2785.00;66
6877;27;621071876;6877;498;8062;8128;5.15;0.31;320.23;6.30;1185;33;2786.00;66
6880;27;621071890;6880;496;8063;8129;5.16;0.31;320.13;6.30;1183;33;2787.00;66
6881;27;621071910;6881;500;8063;8130;5.22;0.32;320.09;6.30;1182;33;2788.00;67
6882;27;621071926;6882;504;8063;8130;5.28;0.32;320.06;6.30;1181;33;2789.00;67
6887;27;621071942;6887;503;8067;8136;5.31;0.32;320.17;6.29;1180;33;2790.00;69
6891;27;621071958;6891;507;8067;8136;5.31;0.32;320.09;6.29;1176;33;2791.00;69
6893;27;621071971;6893;506;8069;8136;5.32;0.32;320.05;6.29;1176;33;2792.00;67
6893;27;621071985;6893;506;8069;8136;5.29;0.32;320.05;6.29;1176;33;2793.00;67
6893;27;621071997;6893;510;8074;8142;5.24;0.32;320.05;6.29;1181;33;2794.00;68
6895;27;621072010;6895;512;8074;8142;5.13;0.31;320.11;6.29;1179;33;2795.00;68
6895;27;621072024;6895;520;8074;8142;5.03;0.30;320.11;6.29;1179;33;2796.00;68
6895;27;621072037;6895;518;8074;8142;4.95;0.30;320.11;6.29;1179;33;2797.00;68
6896;27;621072049;6896;526;8077;8146;4.88;0.30;320.09;6.29;1181;33;2798.00;69
6896;27;621072061;6896;530;8078;8147;4.84;0.29;320.09;6.28;1182;33;2799.00;69
6897;27;621072074;6897;530;8078;8147;4.79;0.29;320.09;6.28;1181;33;2800.00;69
6897;27;621072090;6897;537;8079;8148;4.80;0.29;320.09;6.28;1182;33;2801.00;69
6902;27;621072103;6902;544;8079;8148;4.74;0.29;320.04;6.28;1177;33;2802.00;69
6902;27;621072121;6902;539;8079;8148;4.72;0.29;320.04;6.28;1177;33;2803.00;69
6903;27;621072133;6903;540;8079;8148;4.72;0.29;320.03;6.28;1176;33;2804.00;69
6906;27;621072146;6906;536;8079;8148;4.74;0.29;320.16;6.28;1173;33;2805.00;69
6907;27;621072164;6907;526;8079;8148;4.74;0.29;320.18;6.28;1172;33;2806.00;69
6909;27;621072177;6909;522;8079;8148;4.80;0.29;320.20;6.28;1170;33;2807.00;69
6910;27;621072190;6910;528;8117;8218;4.89;0.30;320.20;6.25;1207;33;2808.00;101
6914;27;621072208;6914;522;8117;8219;4.92;0.30;320.32;6.25;1203;33;2809.00;102
6914;27;621072222;6914;498;8123;8219;5.06;0.31;320.32;6.25;1209;33;2810.00;96
6915;27;621072235;6915;491;8125;8219;5.18;0.32;320.34;6.25;1210;33;2811.00;94
6915;27;621072249;6915;480;8128;8219;5.29;0.32;320.34;6.25;1213;33;2812.00;91
6918;27;621072267;6918;474;8132;8219;5.40;0.33;320.40;6.25;1214;33;2813.00;87
6920;27;621072280;6920;464;8136;8219;5.49;0.33;320.35;6.25;1216;33;2814.00;83
6920;27;621072299;6920;461;8139;8219;5.58;0.34;320.35;6.25;1219;33;2815.00;80
6921;27;621072312;6921;448;8141;8220;5.65;0.34;320.37;6.25;1220;33;2816.00;79
6922;27;621072325;6922;440;8144;8221;5.74;0.35;320.39;6.25;1222;33;2817.00;77
6923;27;621072338;6923;436;8146;8221;5.80;0.35;320.39;6.25;1223;33;2818.00;75
6926;27;621072351;6926;431;8150;8225;5.80;0.35;320.46;6.25;1224;33;2819.00;75
6929;27;621072366;6929;430;8150;8225;5.82;0.36;320.47;6.25;1221;33;2820.00;75
6929;27;621072379;6929;425;8150;8225;5.83;0.36;320.47;6.25;1221;33;2821.00;75
6933;27;621072392;6933;415;8151;8225;5.82;0.35;320.45;6.27;1218;33;2822.00;74
6934;27;621072406;6934;419;8156;8231;5.85;0.36;320.45;6.27;1222;33;2823.00;75
6936;27;621072420;6936;415;8156;8231;5.81;0.35;320.47;6.27;1220;33;2824.00;75
6939;27;621072433;6939;415;8157;8231;5.79;0.35;320.56;6.30;1218;33;2825.00;74
6945;27;621072447;6945;414;8160;8234;5.76;0.35;320.65;6.33;1215;33;2826.00;74
6949;27;621072462;6949;410;8161;8234;5.74;0.35;320.70;6.36;1212;33;2827.00;73
6952;27;621072475;6952;409;8162;8234;5.76;0.35;320.79;6.36;1210;33;2828.00;72
6954;27;621072493;6954;403;8162;8235;5.85;0.36;320.79;6.36;1208;33;2829.00;73
6961;27;621072506;6961;404;8163;8236;5.86;0.36;320.78;6.36;1202;33;2830.00;73
6963;27;621072520;6963;407;8163;8236;5.91;0.36;320.72;6.36;1200;33;2831.00;73
6970;27;621072533;6970;407;8174;8249;5.89;0.36;320.67;6.35;1204;33;2832.00;75
6971;27;621072547;6971;405;8174;8249;5.93;0.36;320.66;6.35;1203;33;2833.00;75
6972;27;621072560;6972;404;8174;8249;5.96;0.36;320.62;6.35;1202;33;2834.00;75
6977;27;621072573;6977;410;8176;8251;5.94;0.36;320.78;6.35;1199;33;2835.00;75
6979;27;621072586;6979;416;8176;8251;5.99;0.36;320.74;6.35;1197;33;2836.00;75
6983;27;621072599;6983;403;8179;8255;6.03;0.37;320.78;6.35;1196;33;2837.00;76
6984;27;621072614;6984;398;8179;8255;6.06;0.37;320.75;6.35;1195;33;2838.00;76
6985;27;621072626;6985;404;8182;8259;6.09;0.37;320.74;6.34;1197;33;2839.00;77
6986;27;621072640;6986;403;8182;8259;6.13;0.37;320.78;6.34;1196;33;2840.00;77
6987;27;621072653;6987;409;8183;8259;6.18;0.38;320.84;6.34;1196;33;2841.00;76
6990;27;621072671;6990;416;8183;8259;6.17;0.38;320.82;6.34;1193;33;2842.00;76
6992;27;621072684;6992;404;8183;8259;6.16;0.37;320.81;6.34;1191;33;2843.00;76
6994;27;621072696;6994;412;8192;8271;6.25;0.38;320.83;6.34;1198;33;2844.00;79
6998;27;621072711;6998;410;8193;8271;6.26;0.38;320.87;6.34;1195;33;2845.00;78
7000;27;621072724;7000;410;8195;8271;6.30;0.38;320.91;6.37;1195;33;2846.00;76
7000;27;621072737;7000;409;8195;8271;6.36;0.39;320.91;6.37;1195;33;2847.00;76
7002;27;621072751;7002;414;8195;8271;6.38;0.39;320.91;6.37;1193;33;2848.00;76
7007;27;621072764;7007;412;8195;8271;6.38;0.39;320.95;6.37;1188;33;2849.00;76
7009;27;621072779;7009;413;8198;8274;6.34;0.39;320.91;6.40;1189;33;2850.00;76
7011;27;621072793;7011;412;8199;8274;6.29;0.38;320.98;6.43;1188;33;2851.00;75
7013;27;621072807;7013;412;8204;8280;6.31;0.38;321.03;6.43;1191;33;2852.00;76
7014;27;621072820;7014;412;8205;8281;6.29;0.38;321.06;6.43;1191;33;2853.00;76
7017;27;621072834;7017;411;8207;8281;6.27;0.38;321.07;6.49;1190;33;2854.00;74
7019;27;621072847;7019;413;8208;8281;6.22;0.38;321.07;6.52;1189;33;2855.00;73
7021;27;621072860;7021;421;8212;8285;6.25;0.38;321.08;6.55;1191;33;2856.00;73
7024;27;621072874;7024;417;8213;8285;6.21;0.38;321.22;6.58;1189;33;2857.00;72
7027;27;621072887;7027;419;8213;8285;6.20;0.38;321.17;6.58;1186;33;2858.00;72
7030;27;621072900;7030;416;8215;8286;6.20;0.38;321.17;6.61;1185;33;2859.00;71
7032;27;621072919;7032;422;8219;8290;6.19;0.38;321.19;6.63;1187;33;2860.00;71
7032;27;621072948;7032;416;8220;8290;6.23;0.38;321.19;6.66;1188;33;2861.00;70
7033;27;621072975;7033;417;8223;8293;6.26;0.38;321.29;6.68;1190;33;2862.00;70
7037;27;621072996;7037;423;8224;8293;6.25;0.38;321.40;6.68;1187;33;2863.00;69
7040;27;621073030;7040;430;8228;8295;6.21;0.38;321.51;6.74;1188;33;2864.00;67
7043;27;621073046;7043;428;8228;8295;6.20;0.38;321.61;6.74;1185;33;2865.00;67
7046;27;621073060;7046;430;8233;8299;6.19;0.38;321.68;6.76;1187;33;2866.00;66
7049;27;621073075;7049;435;8234;8299;6.13;0.37;321.76;6.78;1185;33;2867.00;65
7052;27;621073097;7052;442;8235;8299;6.10;0.37;321.87;6.81;1183;33;2868.00;64
7055;27;621073111;7055;443;8235;8299;6.09;0.37;321.98;6.81;1180;33;2869.00;64
7059;27;621073126;7059;442;8237;8300;6.03;0.37;322.07;6.87;1178;33;2870.00;63
7060;27;621073140;7060;443;8238;8301;6.02;0.37;322.13;6.87;1178;33;2871.00;63
7063;27;621073153;7063;443;8239;8301;5.96;0.36;322.24;6.89;1176;33;2872.00;62
7066;27;621073167;7066;443;8240;8302;5.97;0.36;322.30;6.89;1174;33;2873.00;62
7068;27;621073181;7068;447;8241;8302;5.95;0.36;322.39;6.92;1173;33;2874.00;61
7069;27;621073195;7069;445;8242;8302;5.94;0.36;322.38;6.94;1173;33;2875.00;60
7073;27;621073208;7073;447;8243;8302;5.91;0.36;322.44;6.97;1170;33;2876.00;59
7075;27;621073221;7075;446;8243;8302;5.93;0.36;322.49;6.97;1168;33;2877.00;59
7077;27;621073234;7077;439;8243;8302;5.94;0.36;322.52;6.97;1166;33;2878.00;59
7078;27;621073248;7078;444;8245;8302;5.92;0.36;322.55;7.03;1167;33;2879.00;57
7082;27;621073264;7082;478;8345;8532;6.09;0.38;322.57;6.94;1263;33;2880.00;187
7084;27;621073296;7084;464;8347;8533;6.10;0.38;322.56;6.94;1263;33;2881.00;186
7089;27;621073311;7089;450;8356;8533;6.13;0.38;322.65;6.93;1267;33;2882.00;177
7091;27;621073325;7091;457;8362;8533;6.14;0.38;322.67;6.93;1271;33;2883.00;171
7096;27;621073338;7096;447;8371;8533;6.15;0.38;322.75;6.93;1275;33;2884.00;162
7099;27;621073352;7099;445;8378;8533;6.14;0.38;322.84;6.93;1279;33;2885.00;155
7100;27;621073366;7100;450;8387;8533;6.14;0.38;322.87;6.93;1287;33;2886.00;146
7106;27;621073380;7106;452;8394;8533;6.13;0.38;322.92;6.93;1288;33;2887.00;139
7111;27;621073395;7111;459;8400;8534;6.06;0.37;322.88;6.93;1289;33;2888.00;134
7115;27;621073409;7115;462;8406;8535;6.02;0.37;322.92;6.93;1291;33;2889.00;129
7118;27;621073424;7118;457;8412;8535;5.96;0.37;322.96;6.93;1294;33;2890.00;123
7125;27;621073438;7125;447;8415;8536;5.83;0.36;323.07;6.93;1290;33;2891.00;121
7129;27;621073453;7129;447;8418;8536;5.73;0.35;323.25;6.93;1289;33;2892.00;118
7131;27;621073468;7131;448;8422;8536;5.59;0.34;323.36;6.94;1291;33;2893.00;114
7135;27;621073482;7135;449;8422;8536;5.52;0.34;323.29;6.94;1287;33;2894.00;114
7139;27;621073496;7139;452;8426;8540;5.44;0.33;323.45;6.93;1287;33;2895.00;114
7142;27;621073511;7142;462;8427;8540;5.39;0.33;323.44;6.94;1285;33;2896.00;113
7147;27;621073525;7147;448;8428;8540;5.39;0.33;323.58;6.94;1281;33;2897.00;112
7149;27;621073540;7149;441;8430;8543;5.39;0.33;323.67;6.94;1281;33;2898.00;113
7152;27;621073555;7152;445;8430;8543;5.38;0.33;323.72;6.94;1278;33;2899.00;113
7157;27;621073570;7157;443;8433;8543;5.35;0.33;323.98;6.94;1276;33;2900.00;110
7158;27;621073595;7158;434;8437;8547;5.37;0.33;324.08;6.94;1279;33;2901.00;110
7161;27;621073610;7161;431;8438;8548;5.36;0.33;324.21;6.94;1277;33;2902.00;110
7166;27;621073624;7166;431;8440;8548;5.32;0.33;324.21;6.95;1274;33;2903.00;108
7169;27;621073639;7169;436;8444;8552;5.36;0.33;324.38;6.95;1275;33;2904.00;108
7175;27;621073654;7175;440;8445;8552;5.39;0.33;324.60;6.95;1270;33;2905.00;107
7177;27;621073669;7177;433;8449;8552;5.42;0.33;324.57;6.96;1272;33;2906.00;103
7180;27;621073683;7180;433;8451;8553;5.45;0.33;324.69;6.97;1271;33;2907.00;102
7182;27;621073698;7182;435;8452;8553;5.44;0.33;324.69;6.97;1270;33;2908.00;101
7186;27;621073713;7186;435;8458;8559;5.46;0.33;324.72;6.97;1272;33;2909.00;101
7192;27;621073731;7192;432;8459;8559;5.42;0.33;324.91;6.97;1267;33;2910.00;100
7195;27;621073746;7195;435;8460;8560;5.37;0.33;324.96;6.97;1265;33;2911.00;100
7199;27;621073760;7199;443;8460;8560;5.26;0.32;325.02;6.97;1261;33;2912.00;100
7203;27;621073774;7203;456;8460;8560;5.15;0.32;325.07;6.97;1257;33;2913.00;100
7213;27;621073788;7213;463;8462;8560;5.00;0.31;325.18;6.97;1249;33;2914.00;98
7215;27;621073809;7215;470;8462;8560;4.96;0.30;325.22;6.97;1247;33;2915.00;98
7222;27;621073823;7222;477;8472;8572;4.89;0.30;325.29;6.97;1250;33;2916.00;100
7224;27;621073839;7224;489;8473;8572;4.82;0.29;325.35;6.97;1249;33;2917.00;99
7228;27;621073854;7228;499;8474;8572;4.79;0.29;325.41;6.97;1246;33;2918.00;98
7232;27;621073867;7232;509;8474;8572;4.75;0.29;325.45;6.97;1242;33;2919.00;98
7236;27;621073881;7236;507;8475;8572;4.70;0.29;325.45;6.97;1239;33;2920.00;97
7239;27;621073895;7239;508;8475;8572;4.70;0.29;325.52;6.97;1236;33;2921.00;97
7241;27;621073911;7241;510;8479;8576;4.77;0.29;325.51;6.97;1238;33;2922.00;97
7244;27;621073925;7244;522;8479;8576;4.73;0.29;325.61;6.97;1235;33;2923.00;97
7251;27;621073939;7251;527;8484;8580;4.67;0.29;325.64;6.98;1233;33;2924.00;96
7253;27;621073953;7253;539;8485;8582;4.63;0.29;325.65;6.98;1232;33;2925.00;97
7256;27;621073967;7256;546;8486;8582;4.58;0.28;325.73;6.98;1230;33;2926.00;96
7264;27;621073979;7264;545;8486;8582;4.49;0.28;325.65;6.98;1222;33;2927.00;96
7265;27;621073992;7265;546;8498;8595;4.55;0.28;325.66;6.97;1233;33;2928.00;97
7269;27;621074005;7269;539;8498;8595;4.49;0.28;325.60;6.97;1229;33;2929.00;97
7270;27;621074018;7270;543;8499;8595;4.49;0.28;325.62;6.97;1229;33;2930.00;96
7271;27;621074030;7271;544;8501;8596;4.50;0.28;325.60;6.98;1230;33;2931.00;95
7273;27;621074043;7273;543;8501;8597;4.47;0.28;325.62;6.98;1228;33;2932.00;96
7274;27;621074055;7274;544;8501;8597;4.49;0.28;325.60;6.98;1227;33;2933.00;96
7278;27;621074067;7278;549;8504;8600;4.49;0.28;325.63;6.97;1226;33;2934.00;96
7282;27;621074080;7282;549;8504;8600;4.48;0.28;325.67;6.97;1222;33;2935.00;96
7284;27;621074093;7284;556;8505;8600;4.50;0.28;325.62;6.97;1221;33;2936.00;95
7288;27;621074106;7288;552;8505;8600;4.52;0.28;325.61;6.97;1217;33;2937.00;95
7294;27;621074118;7294;555;8510;8606;4.51;0.28;325.73;6.97;1216;33;2938.00;96
7297;27;621074132;7297;558;8510;8606;4.53;0.28;325.79;6.97;1213;33;2939.00;96
7300;27;621074147;7300;554;8510;8606;4.55;0.28;325.84;6.97;1210;33;2940.00;96
7302;27;621074159;7302;558;8510;8606;4.60;0.28;325.82;6.97;1208;33;2941.00;96
7302;27;621074172;7302;552;8513;8610;4.68;0.28;325.82;6.97;1211;33;2942.00;97
7308;27;621074185;7308;559;8514;8611;4.68;0.28;325.77;6.97;1206;33;2943.00;97
7311;27;621074198;7311;559;8514;8611;4.71;0.29;325.70;6.97;1203;33;2944.00;97
7312;27;621074211;7312;565;8515;8612;4.75;0.29;325.67;6.97;1203;33;2945.00;97
7317;27;621074224;7317;553;8515;8612;4.76;0.29;325.51;6.97;1198;33;2946.00;97
7319;27;621074236;7319;546;8515;8612;4.81;0.29;325.48;6.97;1196;33;2947.00;97
7321;27;621074250;7321;532;8515;8612;4.82;0.29;325.46;6.97;1194;33;2948.00;97
7324;27;621074263;7324;518;8515;8612;4.82;0.29;325.36;6.97;1191;33;2949.00;97
7326;27;621074281;7326;509;8515;8612;4.85;0.29;325.38;6.97;1189;33;2950.00;97
7326;27;621074294;7326;505;8515;8612;4.85;0.30;325.38;6.97;1189;33;2951.00;97
7326;27;621074306;7326;506;8550;8682;5.01;0.31;325.38;6.94;1224;33;2952.00;132
7328;27;621074324;7328;494;8550;8683;5.04;0.31;325.40;6.94;1222;33;2953.00;133
7329;27;621074338;7329;495;8557;8683;5.12;0.31;325.37;6.93;1228;33;2954.00;126
7330;27;621074351;7330;480;8560;8683;5.26;0.32;325.39;6.93;1230;33;2955.00;123
7331;27;621074364;7331;476;8564;8683;5.36;0.33;325.42;6.96;1233;33;2956.00;119
7332;27;621074379;7332;466;8565;8683;5.43;0.33;325.43;6.96;1233;33;2957.00;118
7334;27;621074393;7334;460;8567;8683;5.52;0.34;325.47;6.96;1233;33;2958.00;116
7337;27;621074407;7337;460;8570;8683;5.58;0.34;325.50;6.99;1233;33;2959.00;113
7338;27;621074420;7338;457;8573;8684;5.66;0.35;325.50;6.99;1235;33;2960.00;111
7338;28;621074434;7338;457;8577;8685;5.74;0.35;325.50;6.99;1239;34;2961.00;108
7339;28;621074458;7339;451;8579;8685;5.78;0.35;325.51;6.99;1240;34;2962.00;106
7341;28;621074474;7341;448;8582;8689;5.83;0.36;325.60;6.99;1241;34;2963.00;107
7343;28;621074488;7343;452;8583;8689;5.89;0.36;325.63;7.02;1240;34;2964.00;106
7344;28;621074508;7344;451;8583;8689;5.92;0.36;325.59;7.02;1239;34;2965.00;106
7346;28;621074522;7346;443;8583;8689;5.94;0.36;325.56;7.02;1237;34;2966.00;106
7349;28;621074536;7349;451;8587;8695;5.96;0.36;325.55;7.02;1238;34;2967.00;108
7350;28;621074550;7350;453;8587;8695;5.95;0.36;325.54;7.02;1237;34;2968.00;108
7353;28;621074564;7353;455;8587;8695;5.94;0.36;325.51;7.02;1234;34;2969.00;108
7355;28;621074580;7355;455;8592;8701;5.97;0.36;325.54;7.04;1237;34;2970.00;109
7357;28;621074595;7357;459;8592;8701;5.93;0.36;325.57;7.04;1235;34;2971.00;109
7359;28;621074609;7359;464;8594;8701;5.93;0.36;325.62;7.04;1235;34;2972.00;107
7360;28;621074622;7360;466;8594;8702;5.90;0.36;325.69;7.04;1234;34;2973.00;108
7362;28;621074636;7362;473;8595;8703;5.87;0.36;325.72;7.04;1233;34;2974.00;108
7362;28;621074650;7362;468;8595;8703;5.85;0.35;325.72;7.04;1233;34;2975.00;108
7364;28;621074664;7364;472;8604;8716;5.89;0.36;325.75;7.03;1240;34;2976.00;112
7368;28;621074679;7368;476;8604;8716;5.86;0.35;325.79;7.03;1236;34;2977.00;112
7368;28;621074693;7368;475;8604;8716;5.89;0.36;325.79;7.03;1236;34;2978.00;112
7368;28;621074707;7368;478;8605;8717;5.89;0.36;325.79;7.03;1237;34;2979.00;112
7370;28;621074721;7370;478;8605;8717;5.89;0.36;325.84;7.03;1235;34;2980.00;112
7372;28;621074735;7372;465;8608;8721;5.94;0.36;325.80;7.03;1236;34;2981.00;113
7374;28;621074749;7374;457;8608;8721;5.92;0.36;325.73;7.03;1234;34;2982.00;113
7376;28;621074764;7376;456;8611;8725;5.89;0.36;325.69;7.03;1235;34;2983.00;114
7376;28;621074778;7376;449;8611;8725;5.92;0.36;325.69;7.03;1235;34;2984.00;114
7379;28;621074791;7379;451;8611;8725;5.89;0.36;325.74;7.03;1232;34;2985.00;114
7384;28;621074806;7384;448;8611;8725;5.90;0.36;325.85;7.03;1227;34;2986.00;114
7388;28;621074819;7388;442;8611;8725;5.92;0.36;325.90;7.03;1223;34;2987.00;114
7393;28;621074833;7393;439;8620;8737;5.97;0.36;326.10;7.02;1227;34;2988.00;117
7397;28;621074848;7397;442;8620;8737;5.98;0.36;326.16;7.02;1223;34;2989.00;117
7400;28;621074862;7400;436;8622;8737;6.03;0.36;326.17;7.02;1222;34;2990.00;115
7403;28;621074875;7403;432;8622;8737;6.07;0.37;326.35;7.02;1219;34;2991.00;115
7405;28;621074889;7405;427;8622;8737;6.13;0.37;326.30;7.02;1217;34;2992.00;115
7410;28;621074903;7410;425;8622;8737;6.16;0.37;326.43;7.02;1212;34;2993.00;115
7412;28;621074923;7412;414;8625;8738;6.16;0.37;326.43;7.03;1213;34;2994.00;113
7417;28;621074945;7417;422;8627;8738;6.15;0.37;326.48;7.11;1210;34;2995.00;111
7421;28;621074972;7421;424;8631;8744;6.19;0.37;326.55;7.11;1210;34;2996.00;113
7423;28;621074995;7423;424;8632;8745;6.15;0.37;326.60;7.11;1209;34;2997.00;113
7426;28;621075017;7426;419;8632;8745;6.12;0.37;326.60;7.11;1206;34;2998.00;113
7430;28;621075035;7430;420;8632;8745;6.05;0.37;326.68;7.11;1202;34;2999.00;113
7431;28;621075053;7431;410;8638;8765;6.07;0.37;326.73;7.10;1207;34;3000.00;127
7432;28;621075075;7432;402;8638;8765;6.11;0.37;326.69;7.10;1206;34;3001.00;127
7435;28;621075092;7435;411;8638;8765;6.08;0.37;326.82;7.10;1203;34;3002.00;127
7439;28;621075107;7439;401;8639;8766;6.08;0.37;326.86;7.10;1200;34;3003.00;127
7443;28;621075122;7443;394;8642;8770;6.07;0.37;326.83;7.10;1199;34;3004.00;128
7444;28;621075137;7444;394;8643;8770;6.11;0.37;326.83;7.10;1199;34;3005.00;127
7444;28;621075152;7444;400;8646;8773;6.16;0.37;326.83;7.10;1202;34;3006.00;127
7445;28;621075168;7445;407;8649;8773;6.14;0.37;326.81;7.10;1204;34;3007.00;124
7447;28;621075182;7447;408;8650;8773;6.13;0.37;326.84;7.11;1203;34;3008.00;123
7449;28;621075196;7449;406;8651;8773;6.17;0.38;326.92;7.11;1202;34;3009.00;122
7449;28;621075210;7449;400;8655;8777;6.25;0.38;326.92;7.12;1206;34;3010.00;122
7454;28;621075224;7454;405;8656;8777;6.27;0.38;327.03;7.12;1202;34;3011.00;121
7460;28;621075239;7460;407;8659;8777;6.34;0.39;327.05;7.13;1199;34;3012.00;118
7461;28;621075255;7461;403;8661;8777;6.38;0.39;327.04;7.13;1200;34;3013.00;116
7464;28;621075270;7464;409;8661;8778;6.36;0.39;327.05;7.13;1197;34;3014.00;117
7468;28;621075284;7468;407;8664;8780;6.32;0.38;327.18;7.12;1196;34;3015.00;116
7471;28;621075299;7471;408;8665;8780;6.29;0.38;327.25;7.13;1194;34;3016.00;115
7472;28;621075313;7472;412;8667;8781;6.26;0.38;327.36;7.13;1195;34;3017.00;114
7473;28;621075327;7473;418;8667;8781;6.25;0.38;327.41;7.13;1194;34;3018.00;114
7477;28;621075342;7477;419;8667;8781;6.20;0.38;327.47;7.13;1190;34;3019.00;114
7479;28;621075356;7479;424;8669;8781;6.21;0.38;327.43;7.21;1190;34;3020.00;112
7482;28;621075370;7482;425;8669;8781;6.16;0.37;327.51;7.21;1187;34;3021.00;112
7484;28;621075385;7484;433;8671;8781;6.12;0.37;327.47;7.25;1187;34;3022.00;110
7485;28;621075399;7485;435;8672;8781;6.08;0.37;327.45;7.25;1187;34;3023.00;109
7487;28;621075412;7487;459;8736;8908;6.18;0.38;327.54;7.20;1249;34;3024.00;172
7489;28;621075437;7489;454;8740;8909;6.14;0.38;327.59;7.27;1251;34;3025.00;169
7490;28;621075460;7490;451;8747;8909;6.20;0.38;327.58;7.27;1257;34;3026.00;162
7492;28;621075475;7492;448;8752;8909;6.20;0.38;327.65;7.31;1260;34;3027.00;157
7496;28;621075490;7496;453;8760;8909;6.26;0.38;327.60;7.30;1264;34;3028.00;149
7497;28;621075505;7497;455;8762;8909;6.27;0.39;327.62;7.31;1265;34;3029.00;147
7499;28;621075522;7499;455;8766;8909;6.32;0.39;327.61;7.34;1267;34;3030.00;143
7502;28;621075537;7502;458;8769;8909;6.40;0.39;327.66;7.34;1267;34;3031.00;140
7502;28;621075552;7502;466;8771;8910;6.40;0.39;327.66;7.34;1269;34;3032.00;139
7505;28;621075567;7505;468;8776;8911;6.41;0.39;327.73;7.38;1271;34;3033.00;135
7507;28;621075583;7507;470;8779;8911;6.43;0.39;327.79;7.38;1272;34;3034.00;132
7509;28;621075599;7509;466;8784;8912;6.41;0.39;327.81;7.39;1275;34;3035.00;128
7512;28;621075617;7512;462;8787;8912;6.39;0.39;327.99;7.43;1275;34;3036.00;125
7514;28;621075632;7514;465;8792;8912;6.32;0.39;328.04;7.43;1278;34;3037.00;120
7518;29;621075648;7518;473;8794;8912;6.23;0.38;328.06;7.47;1276;35;3038.00;118
7520;29;621075684;7520;471;8798;8916;6.19;0.38;328.15;7.46;1278;35;3039.00;118
7522;29;621075699;7522;466;8801;8916;6.04;0.37;328.22;7.54;1279;35;3040.00;115
7524;29;621075714;7524;479;8801;8916;5.99;0.37;328.33;7.54;1277;35;3041.00;115
7526;29;621075729;7526;471;8805;8919;5.96;0.37;328.30;7.60;1279;35;3042.00;114
7528;29;621075744;7528;471;8807;8919;5.91;0.36;328.39;7.64;1279;35;3043.00;112
7529;29;621075758;7529;467;8810;8919;5.90;0.36;328.36;7.68;1281;35;3044.00;109
7532;29;621075773;7532;465;8812;8923;5.85;0.36;328.38;7.67;1280;35;3045.00;111
7535;29;621075787;7535;463;8816;8924;5.77;0.35;328.44;7.74;1281;35;3046.00;108
7536;29;621075803;7536;475;8816;8924;5.75;0.35;328.46;7.74;1280;35;3047.00;108
7539;29;621075817;7539;474;8819;8928;5.73;0.35;328.56;7.74;1280;35;3048.00;109
7541;29;621075832;7541;471;8822;8928;5.67;0.35;328.66;7.81;1281;35;3049.00;106
7542;29;621075846;7542;474;8824;8928;5.61;0.34;328.71;7.81;1282;35;3050.00;104
7544;29;621075859;7544;478;8828;8929;5.53;0.34;328.68;7.88;1284;35;3051.00;101
7549;29;621075879;7549;479;8829;8929;5.42;0.33;328.78;7.91;1280;35;3052.00;100
7554;29;621075900;7554;491;8835;8935;5.36;0.33;328.80;7.94;1281;35;3053.00;100
7558;29;621075917;7558;489;8835;8935;5.26;0.32;328.93;7.94;1277;35;3054.00;100
7560;29;621075930;7560;495;8835;8936;5.17;0.32;329.00;7.94;1275;35;3055.00;101
7565;29;621075945;7565;510;8837;8936;5.04;0.31;328.96;8.01;1272;35;3056.00;99
7571;29;621075958;7571;505;8838;8936;4.89;0.30;329.02;8.04;1267;35;3057.00;98
7575;29;621075972;7575;510;8839;8936;4.74;0.29;329.16;8.07;1264;35;3058.00;97
7580;29;621075984;7580;526;8839;8936;4.63;0.28;329.26;8.07;1259;35;3059.00;97
7583;29;621075998;7583;523;8868;8972;4.65;0.29;329.40;8.10;1285;35;3060.00;104
7585;29;621076014;7585;509;8868;8972;4.61;0.28;329.36;8.10;1283;35;3061.00;104
7588;29;621076027;7588;517;8870;8972;4.59;0.28;329.45;8.10;1282;35;3062.00;102
7593;29;621076039;7593;516;8872;8972;4.57;0.28;329.71;8.16;1279;35;3063.00;100
7594;29;621076052;7594;525;8873;8972;4.61;0.28;329.79;8.16;1279;35;3064.00;99
7598;29;621076064;7598;521;8873;8972;4.62;0.29;329.78;8.16;1275;35;3065.00;99
7600;29;621076077;7600;522;8877;8976;4.64;0.29;329.74;8.16;1277;35;3066.00;99
7601;29;621076090;7601;517;8877;8976;4.63;0.29;329.72;8.16;1276;35;3067.00;99
7607;29;621076103;7607;516;8881;8980;4.58;0.28;329.57;8.16;1274;35;3068.00;99
7609;29;621076122;7609;513;8882;8981;4.55;0.28;329.58;8.15;1273;35;3069.00;99
7610;29;621076134;7610;519;8882;8981;4.53;0.28;329.58;8.15;1272;35;3070.00;99
7613;29;621076147;7613;522;8882;8981;4.52;0.28;329.63;8.15;1269;35;3071.00;99
7617;29;621076160;7617;520;8893;8994;4.58;0.28;329.69;8.14;1276;35;3072.00;101
7620;29;621076174;7620;520;8893;8994;4.60;0.28;329.71;8.14;1273;35;3073.00;101
7625;29;621076186;7625;529;8893;8994;4.58;0.28;329.87;8.14;1268;35;3074.00;101
7627;29;621076199;7627;536;8894;8995;4.59;0.28;329.94;8.14;1267;35;3075.00;101
7631;29;621076212;7631;538;8894;8996;4.57;0.28;330.09;8.14;1263;35;3076.00;102
7640;29;621076224;7640;543;8894;8996;4.52;0.28;330.07;8.14;1254;35;3077.00;102
7645;29;621076238;7645;545;8897;8999;4.49;0.28;330.00;8.14;1252;35;3078.00;102
7649;29;621076251;7649;543;8897;8999;4.48;0.28;330.11;8.14;1248;35;3079.00;102
7653;29;621076264;7653;536;8897;8999;4.47;0.28;330.03;8.14;1244;35;3080.00;102
7654;29;621076277;7654;542;8897;8999;4.45;0.27;330.04;8.14;1243;35;3081.00;102
7657;29;621076290;7657;541;8901;9005;4.42;0.27;330.07;8.14;1244;35;3082.00;104
7659;29;621076303;7659;548;8902;9005;4.39;0.27;330.07;8.14;1243;35;3083.00;103
7664;29;621076316;7664;547;8902;9005;4.34;0.27;330.16;8.14;1238;35;3084.00;103
7669;29;621076329;7669;556;8902;9005;4.28;0.26;330.21;8.14;1233;35;3085.00;103
7674;29;621076342;7674;564;8905;9009;4.25;0.26;330.22;8.13;1231;35;3086.00;104
7682;29;621076360;7682;567;8906;9010;4.12;0.25;330.22;8.13;1224;35;3087.00;104
7684;29;621076373;7684;570;8906;9010;4.07;0.25;330.20;8.13;1222;35;3088.00;104
7687;29;621076385;7687;568;8907;9011;4.02;0.25;330.13;8.13;1220;35;3089.00;104
7690;29;621076399;7690;572;8907;9011;3.95;0.24;330.15;8.13;1217;35;3090.00;104
7697;29;621076411;7697;572;8908;9011;3.86;0.24;330.04;8.17;1211;35;3091.00;103
7697;29;621076424;7697;573;8908;9011;3.85;0.24;330.04;8.17;1211;35;3092.00;103
7702;29;621076435;7702;578;8908;9011;3.80;0.23;330.03;8.17;1206;35;3093.00;103
7702;29;621076448;7702;579;8908;9011;3.82;0.23;330.03;8.17;1206;35;3094.00;103
7707;29;621076460;7707;578;8908;9011;3.78;0.23;329.97;8.17;1201;35;3095.00;103
7710;29;621076473;7710;589;8947;9081;3.95;0.24;329.94;8.14;1237;35;3096.00;134
7712;29;621076490;7712;583;8948;9082;3.99;0.24;329.90;8.14;1236;35;3097.00;134
7713;29;621076502;7713;581;8954;9082;4.07;0.25;329.92;8.13;1241;35;3098.00;128
7718;29;621076515;7718;583;8957;9082;4.05;0.25;329.91;8.13;1239;35;3099.00;125
7719;29;621076528;7719;579;8961;9082;4.09;0.25;329.93;8.13;1242;35;3100.00;121
7720;29;621076544;7720;575;8963;9082;4.13;0.25;329.95;8.13;1243;35;3101.00;119
7722;29;621076556;7722;576;8965;9082;4.11;0.25;329.95;8.13;1243;35;3102.00;117
7725;29;621076569;7725;577;8966;9082;4.07;0.25;329.95;8.13;1241;35;3103.00;116
7726;29;621076581;7726;576;8969;9083;4.08;0.25;329.97;8.13;1243;35;3104.00;114
7727;29;621076594;7727;582;8972;9085;4.07;0.25;329.97;8.13;1245;35;3105.00;113
7730;29;621076606;7730;585;8974;9085;4.03;0.25;329.97;8.13;1244;35;3106.00;111
7732;29;621076619;7732;565;8978;9089;4.02;0.25;330.00;8.12;1246;35;3107.00;111
7733;29;621076632;7733;551;8979;9089;4.04;0.25;330.01;8.12;1246;35;3108.00;110
7738;29;621076645;7738;545;8980;9089;4.07;0.25;330.08;8.12;1242;35;3109.00;109
7740;29;621076658;7740;535;8980;9089;4.13;0.25;330.09;8.12;1240;35;3110.00;109
7744;29;621076672;7744;532;8985;9095;4.25;0.26;330.08;8.12;1241;35;3111.00;110
7744;29;621076686;7744;526;8985;9095;4.37;0.27;330.08;8.12;1241;35;3112.00;110
7745;29;621076700;7745;523;8985;9095;4.46;0.27;330.06;8.12;1240;35;3113.00;110
7746;29;621076714;7746;527;8987;9098;4.54;0.28;330.07;8.12;1241;35;3114.00;111
7746;29;621076728;7746;522;8987;9098;4.64;0.28;330.07;8.12;1241;35;3115.00;111
7746;29;621076746;7746;505;8988;9098;4.70;0.29;330.07;8.12;1242;35;3116.00;110
7749;29;621076760;7749;495;8988;9099;4.77;0.29;330.07;8.12;1239;35;3117.00;111
7755;29;621076774;7755;477;8989;9100;4.84;0.29;329.95;8.12;1234;35;3118.00;111
7755;29;621076788;7755;463;8989;9100;4.94;0.30;329.95;8.12;1234;35;3119.00;111
7757;30;621076804;7757;455;9008;9126;5.14;0.31;329.93;8.10;1251;36;3120.00;118
7758;30;621076833;7758;453;9009;9126;5.21;0.32;329.93;8.13;1251;36;3121.00;117
7759;30;621076847;7759;445;9011;9126;5.28;0.32;329.89;8.13;1252;36;3122.00;115
7761;30;621076868;7761;441;9013;9127;5.34;0.32;329.85;8.13;1252;36;3123.00;114
7761;30;621076882;7761;441;9013;9127;5.38;0.33;329.85;8.13;1252;36;3124.00;114
7761;30;621076897;7761;438;9017;9131;5.38;0.33;329.85;8.13;1256;36;3125.00;114
7764;30;621076913;7764;434;9017;9131;5.34;0.32;329.82;8.13;1253;36;3126.00;114
7765;30;621076943;7765;423;9020;9135;5.32;0.32;329.79;8.12;1255;36;3127.00;115
7766;30;621076968;7766;427;9020;9135;5.30;0.32;329.77;8.12;1254;36;3128.00;115
7768;30;621076990;7768;422;9020;9135;5.31;0.32;329.86;8.12;1252;36;3129.00;115
7768;30;621077011;7768;417;9020;9135;5.30;0.32;329.86;8.12;1252;36;3130.00;115
7771;30;621077032;7771;420;9020;9135;5.31;0.32;329.91;8.12;1249;36;3131.00;115
7774;30;621077050;7774;420;9029;9147;5.41;0.33;329.96;8.12;1255;36;3132.00;118
7776;30;621077068;7776;417;9029;9147;5.43;0.33;330.01;8.12;1253;36;3133.00;118
7777;30;621077084;7777;405;9031;9147;5.53;0.34;330.03;8.11;1254;36;3134.00;116
7779;30;621077099;7779;397;9031;9147;5.61;0.34;330.03;8.11;1252;36;3135.00;116
7780;30;621077116;7780;394;9031;9147;5.62;0.34;330.02;8.11;1251;36;3136.00;116
7783;30;621077132;7783;399;9032;9147;5.61;0.34;330.10;8.14;1249;36;3137.00;115
7785;30;621077148;7785;400;9032;9148;5.64;0.34;330.17;8.14;1247;36;3138.00;116
7787;30;621077162;7787;403;9032;9148;5.63;0.34;330.20;8.14;1245;36;3139.00;116
7788;30;621077177;7788;404;9037;9154;5.65;0.34;330.18;8.14;1249;36;3140.00;117
7790;30;621077192;7790;406;9038;9155;5.69;0.35;330.14;8.14;1248;36;3141.00;117
7791;30;621077207;7791;409;9038;9155;5.72;0.35;330.17;8.14;1247;36;3142.00;117
7792;30;621077221;7792;419;9038;9155;5.76;0.35;330.22;8.14;1246;36;3143.00;117
7793;30;621077236;7793;424;9041;9159;5.83;0.36;330.21;8.13;1248;36;3144.00;118
7796;30;621077252;7796;424;9041;9159;5.83;0.35;330.31;8.13;1245;36;3145.00;118
7797;30;621077267;7797;426;9041;9159;5.85;0.36;330.35;8.13;1244;36;3146.00;118
7798;30;621077281;7798;429;9042;9160;5.90;0.36;330.35;8.13;1244;36;3147.00;118
7802;30;621077295;7802;431;9045;9164;5.85;0.36;330.46;8.13;1243;36;3148.00;119
7804;30;621077310;7804;433;9045;9164;5.82;0.35;330.57;8.13;1241;36;3149.00;119
7809;30;621077326;7809;436;9049;9170;5.82;0.35;330.67;8.13;1240;36;3150.00;121
7810;30;621077342;7810;428;9049;9170;5.85;0.35;330.76;8.13;1239;36;3151.00;121
7812;30;621077358;7812;433;9051;9170;5.87;0.36;330.82;8.13;1239;36;3152.00;119
7817;30;621077373;7817;425;9051;9170;5.85;0.35;330.92;8.13;1234;36;3153.00;119
7819;30;621077388;7819;421;9055;9174;5.92;0.36;330.94;8.12;1236;36;3154.00;119
7821;30;621077404;7821;423;9055;9174;5.93;0.36;331.01;8.12;1234;36;3155.00;119
7824;30;621077418;7824;416;9055;9174;5.97;0.36;331.13;8.12;1231;36;3156.00;119
7827;30;621077433;7827;414;9055;9174;6.03;0.36;331.21;8.12;1228;36;3157.00;119
7828;30;621077449;7828;413;9055;9175;6.04;0.37;331.20;8.12;1227;36;3158.00;120
7832;30;621077464;7832;411;9056;9176;6.07;0.37;331.35;8.12;1224;36;3159.00;120
7833;30;621077480;7833;399;9056;9176;6.10;0.37;331.46;8.12;1223;36;3160.00;120
7835;30;621077494;7835;402;9057;9177;6.09;0.37;331.46;8.12;1222;36;3161.00;120
7839;30;621077508;7839;390;9057;9177;6.01;0.36;331.53;8.12;1218;36;3162.00;120
7842;30;621077523;7842;389;9057;9177;5.92;0.36;331.60;8.12;1215;36;3163.00;120
7844;31;621077537;7844;387;9057;9177;5.93;0.36;331.63;8.12;1213;37;3164.00;120
7847;31;621077563;7847;383;9059;9177;5.90;0.36;331.71;8.20;1212;37;3165.00;118
7850;31;621077580;7850;382;9059;9177;5.94;0.36;331.78;8.20;1209;37;3166.00;118
7851;31;621077598;7851;376;9059;9177;5.97;0.36;331.83;8.20;1208;37;3167.00;118
7855;31;621077612;7855;393;9123;9304;6.08;0.37;331.89;8.14;1268;37;3168.00;181
7856;31;621077637;7856;377;9127;9305;6.15;0.38;331.93;8.14;1271;37;3169.00;178
7860;31;621077652;7860;365;9133;9305;6.20;0.38;332.07;8.14;1273;37;3170.00;172
7861;31;621077667;7861;374;9134;9305;6.18;0.38;332.05;8.14;1273;37;3171.00;171
7864;31;621077681;7864;369;9141;9305;6.19;0.38;332.08;8.13;1277;37;3172.00;164
7868;31;621077701;7868;364;9141;9305;6.16;0.38;332.00;8.13;1273;37;3173.00;164
7871;31;621077716;7871;360;9144;9305;6.20;0.38;332.07;8.13;1273;37;3174.00;161
7876;31;621077730;7876;359;9147;9305;6.24;0.38;332.12;8.13;1271;37;3175.00;158
7879;31;621077745;7879;361;9150;9306;6.27;0.38;332.11;8.13;1271;37;3176.00;156
7882;32;621077766;7882;367;9155;9307;6.28;0.38;332.20;8.13;1273;38;3177.00;152
7884;32;621077794;7884;370;9160;9307;6.25;0.38;332.23;8.13;1276;38;3178.00;147
7886;32;621077816;7886;372;9162;9308;6.23;0.38;332.24;8.13;1276;38;3179.00;146
7889;32;621077833;7889;379;9164;9308;6.20;0.38;332.31;8.13;1275;38;3180.00;144
7893;32;621077850;7893;385;9167;9308;6.12;0.37;332.30;8.14;1274;38;3181.00;141
7896;32;621077866;7896;390;9170;9308;6.04;0.37;332.29;8.18;1274;38;3182.00;138
7901;32;621077882;7901;399;9175;9312;5.98;0.36;332.40;8.18;1274;38;3183.00;137
7903;32;621077899;7903;400;9177;9312;5.96;0.36;332.53;8.18;1274;38;3184.00;135
7907;32;621077916;7907;408;9179;9312;5.96;0.36;332.68;8.18;1272;38;3185.00;133
7910;32;621077932;7910;412;9182;9315;5.97;0.36;332.84;8.18;1272;38;3186.00;133
7914;32;621077947;7914;418;9183;9315;5.99;0.37;332.91;8.18;1269;38;3187.00;132
7916;32;621077963;7916;419;9184;9315;5.98;0.37;333.00;8.18;1268;38;3188.00;131
7920;32;621077978;7920;424;9186;9319;5.92;0.36;333.08;8.18;1266;38;3189.00;133
7921;32;621077992;7921;429;9190;9320;5.92;0.36;333.08;8.26;1269;38;3190.00;130
7923;32;621078006;7923;432;9194;9322;5.92;0.36;333.20;8.26;1271;38;3191.00;128
7925;32;621078021;7925;436;9199;9326;5.96;0.37;333.31;8.33;1274;38;3192.00;127
7928;32;621078034;7928;432;9199;9326;5.93;0.36;333.39;8.33;1271;38;3193.00;127
7933;32;621078049;7933;441;9199;9326;5.90;0.36;333.53;8.33;1266;38;3194.00;127
7936;32;621078063;7936;446;9201;9328;5.87;0.36;333.62;8.33;1265;38;3195.00;127
7940;32;621078077;7940;452;9203;9328;5.84;0.36;333.73;8.41;1263;38;3196.00;125
7944;32;621078092;7944;448;9208;9334;5.83;0.36;333.94;8.41;1264;38;3197.00;126
7946;32;621078106;7946;450;9210;9334;5.73;0.35;333.90;8.48;1264;38;3198.00;124
7949;32;621078120;7949;450;9210;9335;5.64;0.35;334.05;8.48;1261;38;3199.00;125
7954;32;621078135;7954;448;9210;9335;5.51;0.34;334.30;8.48;1256;38;3200.00;125
7957;32;621078152;7957;452;9212;9335;5.42;0.33;334.29;8.56;1255;38;3201.00;123
7963;32;621078165;7963;454;9212;9335;5.35;0.33;334.42;8.56;1249;38;3202.00;123
7965;32;621078179;7965;470;9214;9335;5.29;0.32;334.55;8.63;1249;38;3203.00;121
7967;32;621078192;7967;469;9223;9347;5.31;0.33;334.53;8.62;1256;38;3204.00;124
7973;32;621078205;7973;476;9223;9347;5.25;0.32;334.66;8.62;1250;38;3205.00;124
7978;32;621078219;7978;489;9228;9347;5.19;0.32;334.71;8.70;1250;38;3206.00;119
7980;32;621078231;7980;494;9228;9347;5.14;0.31;334.73;8.70;1248;38;3207.00;119
7985;32;621078244;7985;505;9229;9347;5.08;0.31;334.95;8.73;1244;38;3208.00;118
7988;32;621078257;7988;513;9230;9347;5.08;0.31;335.05;8.77;1242;38;3209.00;117
7989;32;621078271;7989;510;9233;9351;5.03;0.31;335.05;8.76;1244;38;3210.00;118
7992;32;621078284;7992;510;9233;9351;5.04;0.31;335.15;8.76;1241;38;3211.00;118
7994;32;621078297;7994;505;9237;9355;5.11;0.31;335.21;8.76;1243;38;3212.00;118
7996;32;621078309;7996;500;9238;9356;5.12;0.31;335.20;8.76;1242;38;3213.00;118
7997;32;621078327;7997;502;9238;9356;5.09;0.31;335.29;8.76;1241;38;3214.00;118
7998;32;621078339;7998;497;9238;9356;5.10;0.31;335.25;8.76;1240;38;3215.00;118
8001;32;621078352;8001;504;9249;9369;5.14;0.31;335.41;8.75;1248;38;3216.00;120
8004;32;621078365;8004;500;9249;9369;5.13;0.31;335.43;8.75;1245;38;3217.00;120
8005;32;621078378;8005;500;9249;9369;5.17;0.32;335.46;8.75;1244;38;3218.00;120
8010;32;621078390;8010;509;9250;9370;5.17;0.31;335.61;8.75;1240;38;3219.00;120
8011;32;621078402;8011;507;9250;9371;5.17;0.32;335.66;8.75;1239;38;3220.00;121
8015;32;621078415;8015;508;9250;9371;5.12;0.31;335.71;8.75;1235;38;3221.00;121
8020;32;621078427;8020;508;9253;9374;5.05;0.31;335.67;8.74;1233;38;3222.00;121
8024;32;621078440;8024;513;9253;9374;5.03;0.31;335.63;8.74;1229;38;3223.00;121
8026;32;621078451;8026;517;9253;9374;5.05;0.31;335.69;8.74;1227;38;3224.00;121
8031;32;621078463;8031;520;9253;9374;5.00;0.30;335.83;8.74;1222;38;3225.00;121
8033;32;621078475;8033;522;9258;9380;5.00;0.30;335.92;8.74;1225;38;3226.00;122
8038;32;621078488;8038;522;9258;9380;4.87;0.30;336.11;8.74;1220;38;3227.00;122
8040;32;621078499;8040;530;9258;9380;4.76;0.29;336.11;8.74;1218;38;3228.00;122
8045;32;621078510;8045;535;9258;9380;4.63;0.28;336.10;8.74;1213;38;3229.00;122
8048;32;621078522;8048;530;9261;9384;4.57;0.28;336.12;8.74;1213;38;3230.00;123
8052;32;621078534;8052;522;9262;9385;4.52;0.28;336.06;8.74;1210;38;3231.00;123
8056;32;621078546;8056;521;9262;9385;4.50;0.28;336.04;8.74;1206;38;3232.00;123
8058;32;621078557;8058;521;9263;9386;4.50;0.28;336.01;8.74;1205;38;3233.00;123
8060;32;621078569;8060;520;9263;9386;4.55;0.28;336.07;8.74;1203;38;3234.00;123
8064;32;621078580;8064;517;9263;9386;4.56;0.28;335.99;8.74;1199;38;3235.00;123
8066;32;621078592;8066;513;9263;9386;4.61;0.28;336.00;8.74;1197;38;3236.00;123
8069;32;621078603;8069;507;9263;9386;4.60;0.28;335.93;8.74;1194;38;3237.00;123
8074;32;621078615;8074;498;9263;9386;4.59;0.28;335.95;8.74;1189;38;3238.00;123
8078;32;621078626;8078;499;9263;9386;4.56;0.28;335.98;8.74;1185;38;3239.00;123
8082;32;621078639;8082;497;9326;9511;4.83;0.30;335.98;8.68;1244;38;3240.00;185
8087;32;621078663;8087;496;9331;9512;4.82;0.30;336.06;8.67;1244;38;3241.00;181
8091;32;621078676;8091;488;9340;9512;4.84;0.30;336.05;8.67;1249;38;3242.00;172
8096;32;621078689;8096;488;9341;9512;4.77;0.29;335.97;8.67;1245;38;3243.00;171
8101;32;621078702;8101;489;9347;9512;4.74;0.29;336.00;8.66;1246;38;3244.00;165
8103;32;621078714;8103;497;9347;9512;4.70;0.29;336.03;8.66;1244;38;3245.00;165
8107;32;621078727;8107;493;9351;9512;4.73;0.29;336.01;8.66;1244;38;3246.00;161
8110;32;621078740;8110;490;9353;9512;4.78;0.29;336.01;8.66;1243;38;3247.00;159
8114;32;621078752;8114;491;9358;9513;4.81;0.30;336.06;8.66;1244;38;3248.00;155
8117;32;621078765;8117;489;9360;9514;4.85;0.30;335.99;8.66;1243;38;3249.00;154
8120;32;621078778;8120;488;9362;9514;4.85;0.30;335.97;8.66;1242;38;3250.00;152
8122;32;621078791;8122;493;9365;9518;4.87;0.30;336.01;8.66;1243;38;3251.00;153
8126;32;621078804;8126;485;9365;9518;4.81;0.30;335.97;8.66;1239;38;3252.00;153
8126;32;621078818;8126;483;9365;9518;4.80;0.29;335.97;8.66;1239;38;3253.00;153
8128;32;621078831;8128;481;9365;9518;4.76;0.29;336.00;8.66;1237;38;3254.00;153
8131;32;621078844;8131;496;9369;9524;4.73;0.29;336.06;8.66;1238;38;3255.00;155
8135;32;621078858;8135;494;9369;9524;4.68;0.29;336.05;8.66;1234;38;3256.00;155
8136;32;621078871;8136;506;9369;9524;4.60;0.28;336.08;8.66;1233;38;3257.00;155
8140;32;621078884;8140;513;9370;9527;4.53;0.28;336.04;8.65;1230;38;3258.00;157
8144;32;621078897;8144;502;9371;9527;4.47;0.27;336.03;8.66;1227;38;3259.00;156
8145;32;621078911;8145;498;9371;9527;4.45;0.27;336.05;8.66;1226;38;3260.00;156
8151;32;621078931;8151;503;9372;9528;4.40;0.27;336.15;8.66;1221;38;3261.00;156
8152;32;621078951;8152;502;9374;9529;4.42;0.27;336.15;8.66;1222;38;3262.00;155
8158;32;621078972;8158;503;9374;9529;4.39;0.27;336.13;8.66;1216;38;3263.00;155
8162;32;621078991;8162;509;9385;9542;4.47;0.27;336.11;8.65;1223;38;3264.00;157
8164;32;621079011;8164;509;9385;9542;4.47;0.27;336.08;8.65;1221;38;3265.00;157
8174;32;621079045;8174;507;9387;9542;4.45;0.27;336.12;8.65;1213;38;3266.00;155
8177;32;621079060;8177;503;9389;9543;4.53;0.28;336.12;8.66;1212;38;3267.00;154
8180;32;621079074;8180;503;9389;9543;4.57;0.28;336.10;8.66;1209;38;3268.00;154
8184;32;621079089;8184;505;9393;9547;4.62;0.28;336.08;8.69;1209;38;3269.00;154
8186;32;621079107;8186;498;9396;9547;4.65;0.28;336.09;8.69;1210;38;3270.00;151
8189;32;621079122;8189;496;9399;9551;4.67;0.28;336.03;8.69;1210;38;3271.00;152
8192;32;621079136;8192;490;9400;9551;4.65;0.28;335.97;8.69;1208;38;3272.00;151
8194;32;621079149;8194;483;9401;9551;4.64;0.28;335.97;8.69;1207;38;3273.00;150
8196;32;621079164;8196;486;9401;9551;4.64;0.28;335.94;8.69;1205;38;3274.00;150
8197;32;621079178;8197;480;9402;9551;4.61;0.28;335.93;8.69;1205;38;3275.00;149
8198;32;621079191;8198;484;9412;9563;4.71;0.29;335.91;8.68;1214;38;3276.00;151
8200;32;621079206;8200;470;9412;9563;4.70;0.29;335.86;8.68;1212;38;3277.00;151
8201;32;621079222;8201;471;9413;9563;4.72;0.29;335.86;8.68;1212;38;3278.00;150
8202;32;621079236;8202;462;9413;9563;4.75;0.29;335.84;8.68;1211;38;3279.00;150
8203;32;621079250;8203;467;9413;9563;4.78;0.29;335.81;8.68;1210;38;3280.00;150
8204;32;621079265;8204;472;9413;9563;4.78;0.29;335.86;8.68;1209;38;3281.00;150
8205;32;621079278;8205;475;9413;9564;4.77;0.29;335.95;8.68;1208;38;3282.00;151
8208;32;621079293;8208;469;9413;9564;4.76;0.29;335.88;8.68;1205;38;3283.00;151
8210;32;621079307;8210;468;9418;9570;4.76;0.29;335.96;8.68;1208;38;3284.00;152
8212;32;621079322;8212;470;9420;9572;4.74;0.29;335.98;8.68;1208;38;3285.00;152
8213;32;621079345;8213;454;9420;9572;4.81;0.29;336.03;8.68;1207;38;3286.00;152
8215;32;621079359;8215;441;9420;9572;4.89;0.30;336.05;8.68;1205;38;3287.00;152
8217;32;621079373;8217;430;9423;9576;5.00;0.30;336.06;8.67;1206;38;3288.00;153
8218;32;621079388;8218;421;9423;9576;5.03;0.31;336.10;8.67;1205;38;3289.00;153
8220;32;621079402;8220;417;9423;9576;5.14;0.31;336.16;8.67;1203;38;3290.00;153
8222;32;621079417;8222;419;9424;9577;5.25;0.32;336.14;8.67;1202;38;3291.00;153
8223;32;621079432;8223;412;9427;9581;5.36;0.33;336.17;8.67;1204;38;3292.00;154
8224;32;621079447;8224;409;9427;9581;5.41;0.33;336.18;8.67;1203;38;3293.00;154
8225;32;621079462;8225;410;9429;9584;5.48;0.33;336.22;8.67;1204;38;3294.00;155
8226;32;621079478;8226;413;9429;9584;5.51;0.34;336.27;8.67;1203;38;3295.00;155
8226;32;621079492;8226;410;9430;9584;5.53;0.34;336.27;8.67;1204;38;3296.00;154
8228;32;621079506;8228;413;9430;9584;5.52;0.34;336.34;8.67;1202;38;3297.00;154
8232;32;621079521;8232;410;9434;9588;5.52;0.34;336.41;8.67;1202;38;3298.00;154
8236;32;621079536;8236;402;9434;9588;5.50;0.34;336.50;8.67;1198;38;3299.00;154
8238;32;621079555;8238;402;9439;9607;5.44;0.33;336.65;8.66;1201;38;3300.00;168
8240;32;621079576;8240;400;9439;9607;5.42;0.33;336.78;8.66;1199;38;3301.00;168
8243;32;621079598;8243;397;9440;9608;5.42;0.33;336.80;8.70;1197;38;3302.00;168
8247;32;621079612;8247;408;9441;9609;5.42;0.33;336.93;8.70;1194;38;3303.00;168
8249;32;621079628;8249;406;9441;9609;5.43;0.33;336.99;8.70;1192;38;3304.00;168
8250;32;621079643;8250;406;9443;9610;5.46;0.33;337.04;8.70;1193;38;3305.00;167
8252;32;621079660;8252;409;9444;9610;5.47;0.33;337.14;8.70;1192;38;3306.00;166
8257;32;621079675;8257;404;9444;9610;5.46;0.33;337.41;8.70;1187;38;3307.00;166
8259;32;621079691;8259;410;9444;9610;5.46;0.33;337.42;8.70;1185;38;3308.00;166
8261;32;621079706;8261;414;9444;9610;5.51;0.34;337.48;8.70;1183;38;3309.00;166
8262;32;621079724;8262;409;9445;9610;5.48;0.33;337.50;8.70;1183;38;3310.00;165
8262;32;621079739;8262;411;9446;9610;5.49;0.34;337.50;8.70;1184;38;3311.00;164
8266;32;621079753;8266;433;9515;9737;5.62;0.35;337.64;8.64;1249;38;3312.00;222
8268;32;621079779;8268;431;9515;9738;5.62;0.35;337.72;8.64;1247;38;3313.00;223
8272;32;621079794;8272;433;9519;9738;5.65;0.35;337.86;8.64;1247;38;3314.00;219
8274;32;621079809;8274;431;9521;9738;5.70;0.35;337.92;8.64;1247;38;3315.00;217
8276;32;621079823;8276;435;9526;9738;5.67;0.35;337.95;8.64;1250;38;3316.00;212
8278;32;621079838;8278;427;9527;9738;5.69;0.35;338.01;8.64;1249;38;3317.00;211
8279;32;621079852;8279;429;9530;9738;5.70;0.35;338.12;8.63;1251;38;3318.00;208
8280;32;621079867;8280;435;9532;9738;5.69;0.35;338.17;8.63;1252;38;3319.00;206
8281;32;621079890;8281;430;9534;9739;5.75;0.35;338.15;8.63;1253;38;3320.00;205
8285;32;621079904;8285;431;9536;9740;5.78;0.35;338.21;8.63;1251;38;3321.00;204
8288;32;621079922;8288;430;9540;9740;5.82;0.36;338.28;8.64;1252;38;3322.00;200
8290;32;621079937;8290;427;9543;9741;5.84;0.36;338.28;8.64;1253;38;3323.00;198
8291;32;621079952;8291;426;9545;9741;5.87;0.36;338.29;8.64;1254;38;3324.00;196
8292;32;621079969;8292;428;9547;9741;5.91;0.36;338.34;8.64;1255;38;3325.00;194
8296;32;621079982;8296;428;9549;9741;5.90;0.36;338.44;8.64;1253;38;3326.00;192
8296;32;621079996;8296;430;9552;9745;5.94;0.36;338.44;8.64;1256;38;3327.00;193
8298;32;621080011;8298;428;9555;9745;5.95;0.36;338.45;8.65;1257;38;3328.00;190
8302;32;621080025;8302;427;9556;9745;5.92;0.36;338.53;8.65;1254;38;3329.00;189
8304;32;621080041;8304;422;9562;9751;5.94;0.36;338.55;8.69;1258;38;3330.00;189
8307;32;621080057;8307;422;9563;9751;5.91;0.36;338.59;8.69;1256;38;3331.00;188
8311;32;621080071;8311;412;9564;9751;5.84;0.36;338.86;8.70;1253;38;3332.00;187
8313;32;621080085;8313;411;9572;9755;5.78;0.35;338.95;8.70;1259;38;3333.00;183
8316;32;621080100;8316;399;9573;9756;5.77;0.35;339.07;8.70;1257;38;3334.00;183
8318;32;621080114;8318;397;9578;9756;5.79;0.35;339.07;8.79;1260;38;3335.00;178
8323;32;621080131;8323;395;9582;9760;5.83;0.35;339.12;8.79;1259;38;3336.00;178
8325;32;621080146;8325;395;9583;9760;5.87;0.36;339.23;8.79;1258;38;3337.00;177
8327;32;621080161;8327;392;9584;9760;5.85;0.36;339.35;8.79;1257;38;3338.00;176
8329;32;621080176;8329;395;9587;9761;5.86;0.36;339.38;8.80;1258;38;3339.00;174
8332;32;621080192;8332;393;9587;9761;5.83;0.36;339.44;8.80;1255;38;3340.00;174
8337;32;621080207;8337;392;9592;9767;5.80;0.35;339.45;8.79;1255;38;3341.00;175
8342;32;621080223;8342;392;9592;9767;5.78;0.35;339.51;8.79;1250;38;3342.00;175
8345;32;621080237;8345;401;9593;9768;5.75;0.35;339.55;8.80;1248;38;3343.00;175
8349;32;621080252;8349;404;9593;9768;5.76;0.35;339.62;8.80;1244;38;3344.00;175
8352;32;621080267;8352;408;9593;9768;5.69;0.35;339.67;8.80;1241;38;3345.00;175
8355;32;621080287;8355;410;9594;9768;5.64;0.34;339.69;8.80;1239;38;3346.00;174
8359;32;621080301;8359;396;9595;9768;5.62;0.34;339.79;8.80;1236;38;3347.00;173
8361;32;621080318;8361;405;9603;9780;5.65;0.34;339.86;8.79;1242;38;3348.00;177
8365;32;621080333;8365;404;9605;9780;5.62;0.34;339.89;8.79;1240;38;3349.00;175
8367;32;621080347;8367;407;9606;9780;5.53;0.33;339.97;8.79;1239;38;3350.00;174
8367;32;621080360;8367;426;9608;9780;5.50;0.33;339.97;8.80;1241;38;3351.00;172
8369;32;621080373;8369;425;9608;9780;5.46;0.33;339.98;8.80;1239;38;3352.00;172
8372;32;621080387;8372;424;9608;9780;5.41;0.33;340.03;8.80;1236;38;3353.00;172
8374;32;621080400;8374;433;9612;9784;5.37;0.33;340.07;8.80;1238;38;3354.00;172
8378;32;621080414;8378;437;9613;9784;5.32;0.32;340.08;8.80;1235;38;3355.00;171
8380;32;621080428;8380;440;9617;9788;5.33;0.32;340.05;8.80;1237;38;3356.00;171
8382;32;621080441;8382;445;9619;9789;5.28;0.32;340.05;8.80;1237;38;3357.00;170
8384;32;621080454;8384;452;9619;9789;5.27;0.32;340.05;8.80;1235;38;3358.00;170
8386;33;621080468;8386;448;9619;9789;5.23;0.32;340.02;8.80;1233;39;3359.00;170
8387;33;621080499;8387;456;9642;9818;5.23;0.32;340.02;8.87;1255;39;3360.00;176
8388;33;621080515;8388;463;9644;9818;5.22;0.32;340.03;8.87;1256;39;3361.00;174
8391;33;621080528;8391;466;9646;9818;5.24;0.32;339.99;8.87;1255;39;3362.00;172
8394;33;621080542;8394;481;9649;9819;5.22;0.32;340.18;8.97;1255;39;3363.00;170
8397;33;621080556;8397;488;9649;9820;5.22;0.32;340.24;8.97;1252;39;3364.00;171
8401;33;621080570;8401;491;9649;9820;5.19;0.32;340.31;8.97;1248;39;3365.00;171
8403;33;621080583;8403;494;9653;9823;5.19;0.32;340.37;9.07;1250;39;3366.00;170
8406;33;621080597;8406;498;9654;9823;5.16;0.31;340.37;9.12;1248;39;3367.00;169
8406;33;621080610;8406;504;9656;9823;5.16;0.31;340.37;9.16;1250;39;3368.00;167
8408;33;621080623;8408;505;9657;9823;5.12;0.31;340.38;9.21;1249;39;3369.00;166
8409;33;621080636;8409;510;9662;9829;5.11;0.31;340.36;9.21;1253;39;3370.00;167
8412;33;621080651;8412;514;9663;9829;5.08;0.31;340.48;9.26;1251;39;3371.00;166
8413;33;621080665;8413;515;9664;9829;5.04;0.31;340.46;9.30;1251;39;3372.00;165
8416;33;621080678;8416;527;9664;9829;4.94;0.30;340.59;9.30;1248;39;3373.00;165
8416;33;621080691;8416;535;9667;9833;4.86;0.30;340.59;9.30;1251;39;3374.00;166
8419;33;621080704;8419;537;9670;9835;4.80;0.29;340.68;9.35;1251;39;3375.00;165
8422;33;621080723;8422;549;9670;9835;4.70;0.29;340.62;9.35;1248;39;3376.00;165
8422;33;621080736;8422;550;9673;9836;4.68;0.29;340.62;9.44;1251;39;3377.00;163
8423;33;621080748;8423;560;9674;9836;4.60;0.28;340.59;9.49;1251;39;3378.00;162
8426;33;621080760;8426;559;9675;9836;4.53;0.28;340.60;9.53;1249;39;3379.00;161
8429;33;621080773;8429;553;9675;9836;4.53;0.28;340.59;9.53;1246;39;3380.00;161
8431;33;621080785;8431;554;9675;9836;4.51;0.28;340.56;9.53;1244;39;3381.00;161
8437;33;621080798;8437;557;9677;9836;4.47;0.27;340.44;9.62;1240;39;3382.00;159
8440;33;621080811;8440;554;9677;9836;4.50;0.28;340.49;9.62;1237;39;3383.00;159
8441;33;621080824;8441;563;9710;9906;4.74;0.29;340.46;9.68;1269;39;3384.00;196
8443;33;621080843;8443;560;9711;9907;4.74;0.29;340.39;9.68;1268;39;3385.00;196
8444;33;621080855;8444;555;9722;9907;4.81;0.30;340.37;9.76;1278;39;3386.00;185
8447;33;621080868;8447;557;9729;9907;4.84;0.30;340.30;9.76;1282;39;3387.00;178
8450;33;621080881;8450;550;9734;9907;4.83;0.30;340.23;9.75;1284;39;3388.00;173
8451;33;621080894;8451;553;9736;9907;4.85;0.30;340.19;9.75;1285;39;3389.00;171
8454;33;621080908;8454;557;9741;9907;4.85;0.30;340.25;9.84;1287;39;3390.00;166
8456;33;621080928;8456;562;9746;9907;4.85;0.30;340.30;9.92;1290;39;3391.00;161
8460;33;621080950;8460;565;9750;9908;4.84;0.30;340.37;10.01;1290;39;3392.00;158
8465;33;621080977;8465;570;9752;9909;4.75;0.29;340.30;10.01;1287;39;3393.00;157
8470;33;621080998;8470;567;9754;9909;4.62;0.28;340.23;10.05;1284;39;3394.00;155
8474;33;621081018;8474;576;9759;9913;4.52;0.28;340.13;10.09;1285;39;3395.00;154
8479;33;621081040;8479;593;9760;9913;4.39;0.27;340.06;10.13;1281;39;3396.00;153
8481;33;621081055;8481;598;9761;9913;4.27;0.26;340.06;10.17;1280;39;3397.00;152
8483;33;621081069;8483;611;9761;9913;4.17;0.25;340.10;10.17;1278;39;3398.00;152
8486;33;621081082;8486;621;9765;9919;4.07;0.25;340.11;10.16;1279;39;3399.00;154
8491;33;621081097;8491;614;9766;9919;3.97;0.24;340.13;10.20;1275;39;3400.00;153
8493;33;621081115;8493;605;9767;9919;3.89;0.24;340.11;10.24;1274;39;3401.00;152
8498;33;621081128;8498;611;9768;9922;3.86;0.23;340.04;10.24;1270;39;3402.00;154
8499;33;621081142;8499;604;9771;9922;3.86;0.23;340.03;10.32;1272;39;3403.00;151
8501;33;621081156;8501;604;9771;9922;3.87;0.24;340.10;10.32;1270;39;3404.00;151
8502;33;621081168;8502;606;9772;9923;3.89;0.24;340.12;10.36;1270;39;3405.00;151
8504;33;621081181;8504;606;9774;9924;3.91;0.24;340.10;10.40;1270;39;3406.00;150
8507;33;621081194;8507;604;9774;9924;3.93;0.24;340.03;10.40;1267;39;3407.00;150
8508;33;621081206;8508;598;9782;9937;4.02;0.25;340.02;10.39;1274;39;3408.00;155
8512;33;621081221;8512;594;9783;9937;4.02;0.24;339.96;10.39;1271;39;3409.00;154
8513;33;621081233;8513;589;9784;9937;4.03;0.25;339.95;10.39;1271;39;3410.00;153
8515;33;621081246;8515;571;9784;9938;4.05;0.25;339.93;10.39;1269;39;3411.00;154
8518;33;621081260;8518;564;9784;9938;4.05;0.25;339.90;10.39;1266;39;3412.00;154
8519;33;621081273;8519;545;9787;9942;4.14;0.25;339.91;10.38;1268;39;3413.00;155
8524;33;621081287;8524;543;9787;9942;4.17;0.25;339.93;10.38;1263;39;3414.00;155
8527;33;621081301;8527;535;9790;9946;4.21;0.26;339.96;10.38;1263;39;3415.00;156
8533;33;621081315;8533;539;9790;9946;4.19;0.25;339.98;10.38;1257;39;3416.00;156
8535;33;621081330;8535;537;9790;9946;4.23;0.26;339.99;10.38;1255;39;3417.00;156
8537;33;621081350;8537;532;9790;9946;4.26;0.26;339.97;10.38;1253;39;3418.00;156
8540;33;621081364;8540;531;9790;9946;4.31;0.26;339.91;10.38;1250;39;3419.00;156
8545;33;621081379;8545;524;9816;9980;4.49;0.27;339.91;10.35;1271;39;3420.00;164
8547;33;621081402;8547;524;9817;9980;4.53;0.28;339.90;10.35;1270;39;3421.00;163
8551;33;621081415;8551;520;9817;9980;4.52;0.28;339.89;10.35;1266;39;3422.00;163
8552;33;621081429;8552;522;9819;9980;4.54;0.28;339.91;10.41;1267;39;3423.00;161
8553;33;621081444;8553;516;9819;9980;4.59;0.28;339.93;10.41;1266;39;3424.00;161
8557;33;621081459;8557;517;9819;9980;4.53;0.28;339.88;10.41;1262;39;3425.00;161
8559;33;621081474;8559;510;9820;9981;4.51;0.28;339.94;10.41;1261;39;3426.00;161
8563;33;621081487;8563;520;9820;9981;4.50;0.27;339.92;10.41;1257;39;3427.00;161
8565;33;621081502;8565;519;9823;9987;4.47;0.27;339.94;10.41;1258;39;3428.00;164
8568;33;621081517;8568;518;9823;9988;4.44;0.27;339.91;10.41;1255;39;3429.00;165
8571;33;621081532;8571;513;9824;9988;4.45;0.27;339.90;10.41;1253;39;3430.00;164
8574;33;621081545;8574;515;9824;9988;4.45;0.27;339.88;10.41;1250;39;3431.00;164
8578;33;621081558;8578;517;9828;9992;4.45;0.27;339.89;10.41;1250;39;3432.00;164
8582;33;621081572;8582;514;9828;9992;4.46;0.27;339.93;10.41;1246;39;3433.00;164
8584;33;621081587;8584;506;9828;9992;4.51;0.27;339.90;10.41;1244;39;3434.00;164
8586;33;621081601;8586;495;9830;9993;4.57;0.28;339.92;10.41;1244;39;3435.00;163
8587;33;621081614;8587;493;9835;9997;4.63;0.28;339.92;10.41;1248;39;3436.00;162
8591;33;621081629;8591;476;9836;9997;4.65;0.28;339.90;10.40;1245;39;3437.00;161
8593;33;621081643;8593;476;9837;10000;4.71;0.29;339.94;10.40;1244;39;3438.00;163
8596;33;621081659;8596;477;9839;10000;4.73;0.29;340.09;10.40;1243;39;3439.00;161
8599;33;621081672;8599;474;9840;10000;4.73;0.29;340.15;10.46;1241;39;3440.00;160
8600;33;621081686;8600;477;9841;10000;4.74;0.29;340.12;10.46;1241;39;3441.00;159
8606;33;621081700;8606;475;9843;10004;4.71;0.29;340.10;10.46;1237;39;3442.00;161
8609;33;621081714;8609;478;9844;10004;4.66;0.28;340.18;10.46;1235;39;3443.00;160
8611;33;621081728;8611;484;9845;10004;4.57;0.28;340.15;10.46;1234;39;3444.00;159
8614;33;621081741;8614;475;9847;10004;4.53;0.28;340.22;10.46;1233;39;3445.00;157
8617;33;621081754;8617;478;9847;10005;4.42;0.27;340.28;10.46;1230;39;3446.00;158
8618;33;621081767;8618;473;9848;10006;4.41;0.27;340.31;10.46;1230;39;3447.00;158
8621;33;621081781;8621;470;9848;10006;4.38;0.27;340.41;10.46;1227;39;3448.00;158
8626;33;621081794;8626;466;9849;10007;4.36;0.27;340.57;10.46;1223;39;3449.00;158
8630;33;621081810;8630;469;9849;10007;4.36;0.27;340.56;10.46;1219;39;3450.00;158
8632;33;621081824;8632;463;9849;10007;4.39;0.27;340.58;10.46;1217;39;3451.00;158
8633;33;621081845;8633;469;9849;10007;4.44;0.27;340.61;10.46;1216;39;3452.00;158
8636;33;621081859;8636;465;9849;10007;4.52;0.27;340.61;10.46;1213;39;3453.00;158
8637;33;621081873;8637;467;9849;10007;4.60;0.28;340.70;10.46;1212;39;3454.00;158
8639;33;621081886;8639;469;9849;10007;4.64;0.28;340.80;10.46;1210;39;3455.00;158
8641;33;621081901;8641;479;9922;10134;4.92;0.31;340.89;10.38;1281;39;3456.00;212
8644;33;621081937;8644;468;9924;10135;4.96;0.31;340.96;10.38;1280;39;3457.00;211
8650;33;621081959;8650;450;9931;10135;4.98;0.31;341.20;10.37;1281;39;3458.00;204
8654;33;621081974;8654;439;9935;10135;5.00;0.31;341.23;10.43;1281;39;3459.00;200
8657;33;621081988;8657;434;9939;10135;5.02;0.31;341.33;10.42;1282;39;3460.00;196
8659;33;621082007;8659;424;9940;10135;5.06;0.31;341.48;10.42;1281;39;3461.00;195
8660;33;621082021;8660;431;9942;10135;5.08;0.31;341.60;10.42;1282;39;3462.00;193
8660;33;621082035;8660;438;9944;10135;5.11;0.31;341.60;10.42;1284;39;3463.00;191
8666;33;621082055;8666;447;9946;10136;5.07;0.31;341.86;10.42;1280;39;3464.00;190
8668;33;621082075;8668;446;9949;10138;5.03;0.31;341.91;10.42;1281;39;3465.00;189
8670;33;621082089;8670;459;9950;10138;4.99;0.31;342.01;10.42;1280;39;3466.00;188
8673;33;621082104;8673;462;9953;10139;4.96;0.30;342.09;10.42;1280;39;3467.00;186
8673;33;621082118;8673;466;9956;10139;4.99;0.31;342.09;10.42;1283;39;3468.00;183
8674;33;621082133;8674;470;9959;10139;5.01;0.31;342.20;10.42;1285;39;3469.00;180
8676;34;621082147;8676;462;9960;10139;5.05;0.31;342.16;10.42;1284;40;3470.00;179
8676;34;621082173;8676;462;9965;10143;5.08;0.31;342.16;10.42;1289;40;3471.00;178
8676;34;621082188;8676;459;9966;10143;5.12;0.31;342.16;10.42;1290;40;3472.00;177
8681;34;621082203;8681;457;9969;10143;5.11;0.31;342.28;10.48;1288;40;3473.00;174
8682;34;621082217;8682;457;9970;10146;5.13;0.31;342.37;10.48;1288;40;3474.00;176
8685;34;621082232;8685;461;9972;10146;5.16;0.32;342.48;10.48;1287;40;3475.00;174
8688;34;621082247;8688;457;9973;10146;5.20;0.32;342.53;10.48;1285;40;3476.00;173
8690;34;621082262;8690;465;9976;10150;5.18;0.32;342.64;10.48;1286;40;3477.00;174
8692;34;621082277;8692;462;9979;10151;5.21;0.32;342.61;10.48;1287;40;3478.00;172
8693;34;621082291;8693;457;9979;10151;5.26;0.32;342.60;10.48;1286;40;3479.00;172
8695;34;621082307;8695;450;9984;10156;5.26;0.32;342.71;10.48;1289;40;3480.00;172
8700;34;621082328;8700;451;9985;10156;5.25;0.32;342.74;10.48;1285;40;3481.00;171
8702;34;621082353;8702;443;9986;10156;5.26;0.32;342.75;10.48;1284;40;3482.00;170
8704;34;621082367;8704;442;9987;10157;5.27;0.32;342.82;10.48;1283;40;3483.00;170
8707;34;621082382;8707;444;9988;10157;5.28;0.32;342.90;10.47;1281;40;3484.00;169
8711;34;621082397;8711;450;9994;10163;5.30;0.32;343.01;10.53;1283;40;3485.00;169
8714;34;621082412;8714;444;9994;10163;5.31;0.32;342.93;10.53;1280;40;3486.00;169
8714;34;621082427;8714;438;9994;10164;5.31;0.32;342.93;10.53;1280;40;3487.00;170
8715;34;621082441;8715;440;9994;10164;5.28;0.32;342.95;10.53;1279;40;3488.00;170
8717;34;621082456;8717;440;9994;10164;5.23;0.32;342.91;10.53;1277;40;3489.00;170
8718;34;621082471;8718;434;9995;10164;5.19;0.31;342.90;10.59;1277;40;3490.00;169
8719;34;621082485;8719;430;9995;10164;5.16;0.31;342.89;10.59;1276;40;3491.00;169
8721;34;621082500;8721;425;10005;10176;5.20;0.32;342.87;10.58;1284;40;3492.00;171
8721;34;621082515;8721;423;10006;10176;5.25;0.32;342.87;10.58;1285;40;3493.00;170
8721;34;621082530;8721;420;10006;10176;5.26;0.32;342.87;10.58;1285;40;3494.00;170
8724;34;621082545;8724;420;10006;10176;5.29;0.32;342.81;10.58;1282;40;3495.00;170
8725;34;621082559;8725;414;10006;10176;5.30;0.32;342.81;10.58;1281;40;3496.00;170
8731;34;621082573;8731;413;10006;10176;5.29;0.32;343.00;10.58;1275;40;3497.00;170
8732;34;621082588;8732;414;10009;10180;5.34;0.32;343.06;10.58;1277;40;3498.00;171
8733;34;621082603;8733;409;10009;10180;5.37;0.33;343.12;10.58;1276;40;3499.00;171
8735;34;621082619;8735;405;10013;10184;5.40;0.33;343.25;10.57;1278;40;3500.00;171
8736;34;621082636;8736;392;10014;10185;5.38;0.33;343.25;10.57;1278;40;3501.00;171
8738;34;621082651;8738;394;10014;10185;5.33;0.32;343.35;10.57;1276;40;3502.00;171
8741;34;621082665;8741;388;10014;10185;5.28;0.32;343.40;10.57;1273;40;3503.00;171
8744;34;621082685;8744;390;10026;10198;5.29;0.32;343.40;10.62;1282;40;3504.00;172
8745;34;621082700;8745;379;10028;10198;5.27;0.32;343.48;10.71;1283;40;3505.00;170
8749;34;621082716;8749;379;10028;10198;5.26;0.32;343.58;10.71;1279;40;3506.00;170
8751;34;621082730;8751;377;10029;10199;5.31;0.32;343.64;10.71;1278;40;3507.00;170
8753;34;621082744;8753;392;10029;10200;5.31;0.32;343.74;10.71;1276;40;3508.00;171
8758;34;621082758;8758;387;10029;10200;5.28;0.32;343.98;10.71;1271;40;3509.00;171
8762;34;621082774;8762;388;10033;10206;5.29;0.32;344.01;10.71;1271;40;3510.00;173
8763;34;621082788;8763;386;10034;10206;5.30;0.32;344.03;10.71;1271;40;3511.00;172
8766;34;621082802;8766;392;10035;10206;5.29;0.32;344.14;10.71;1269;40;3512.00;171
8766;34;621082817;8766;400;10035;10206;5.30;0.32;344.14;10.71;1269;40;3513.00;171
8768;34;621082830;8768;393;10040;10212;5.32;0.32;344.24;10.70;1272;40;3514.00;172
8771;34;621082845;8771;399;10040;10212;5.31;0.32;344.23;10.70;1269;40;3515.00;172
8773;34;621082859;8773;408;10040;10212;5.26;0.32;344.34;10.70;1267;40;3516.00;172
8775;34;621082872;8775;405;10040;10212;5.19;0.31;344.46;10.70;1265;40;3517.00;172
8777;34;621082885;8777;421;10043;10216;5.13;0.31;344.50;10.70;1266;40;3518.00;173
8781;34;621082899;8781;426;10046;10219;5.04;0.31;344.56;10.70;1265;40;3519.00;173
8783;34;621082915;8783;440;10046;10219;5.01;0.30;344.60;10.70;1263;40;3520.00;173
8785;34;621082936;8785;447;10047;10220;4.96;0.30;344.77;10.70;1262;40;3521.00;173
8789;34;621082957;8789;449;10047;10220;4.93;0.30;344.82;10.70;1258;40;3522.00;173
8790;34;621082980;8790;452;10047;10220;4.91;0.30;344.87;10.70;1257;40;3523.00;173
8792;34;621082999;8792;457;10047;10220;4.86;0.30;344.93;10.70;1255;40;3524.00;173
8792;34;621083020;8792;455;10047;10220;4.85;0.29;344.93;10.70;1255;40;3525.00;173
8792;34;621083035;8792;455;10047;10220;4.88;0.30;344.93;10.70;1255;40;3526.00;173
8792;34;621083049;8792;460;10047;10220;4.86;0.30;344.93;10.70;1255;40;3527.00;173
8795;34;621083063;8795;463;10083;10290;5.01;0.31;344.98;10.66;1288;40;3528.00;207
8798;34;621083084;8798;468;10085;10291;4.93;0.30;344.98;10.65;1287;40;3529.00;206
8801;34;621083098;8801;474;10091;10291;4.90;0.30;345.10;10.65;1290;40;3530.00;200
8804;34;621083113;8804;471;10094;10291;4.84;0.30;345.13;10.65;1290;40;3531.00;197
8807;34;621083127;8807;478;10096;10291;4.78;0.29;345.10;10.65;1289;40;3532.00;195
8808;34;621083142;8808;483;10098;10291;4.75;0.29;345.07;10.70;1290;40;3533.00;193
8810;34;621083156;8810;485;10099;10291;4.70;0.29;345.03;10.70;1289;40;3534.00;192
8814;34;621083170;8814;493;10103;10291;4.66;0.29;345.02;10.80;1289;40;3535.00;188
8816;34;621083185;8816;498;10104;10292;4.60;0.28;344.96;10.79;1288;40;3536.00;188
8818;34;621083199;8818;506;10106;10293;4.61;0.28;344.96;10.79;1288;40;3537.00;187
8819;34;621083219;8819;516;10108;10293;4.63;0.28;344.94;10.84;1289;40;3538.00;185
8823;34;621083233;8823;522;10114;10297;4.64;0.28;344.89;10.84;1291;40;3539.00;183
8824;34;621083249;8824;522;10117;10297;4.65;0.29;344.87;10.84;1293;40;3540.00;180
8827;34;621083264;8827;534;10123;10297;4.61;0.28;344.84;10.99;1296;40;3541.00;174
8829;34;621083277;8829;545;10125;10297;4.56;0.28;344.80;10.99;1296;40;3542.00;172
8834;34;621083289;8834;543;10130;10303;4.51;0.28;344.81;10.98;1296;40;3543.00;173
8838;34;621083304;8838;557;10132;10303;4.45;0.27;344.80;11.08;1294;40;3544.00;171
8840;34;621083317;8840;566;10132;10303;4.38;0.27;344.79;11.08;1292;40;3545.00;171
8843;34;621083330;8843;569;10135;10306;4.32;0.26;344.79;11.08;1292;40;3546.00;171
8845;34;621083343;8845;575;10137;10306;4.24;0.26;344.75;11.17;1292;40;3547.00;169
8846;34;621083356;8846;582;10137;10306;4.18;0.26;344.77;11.17;1291;40;3548.00;169
8848;34;621083369;8848;587;10140;10307;4.07;0.25;344.73;11.31;1292;40;3549.00;167
8848;34;621083389;8848;584;10141;10308;4.03;0.25;344.73;11.31;1293;40;3550.00;167
8849;34;621083403;8849;588;10141;10308;4.00;0.24;344.71;11.31;1292;40;3551.00;167
8850;34;621083415;8850;583;10152;10321;4.01;0.25;344.67;11.30;1302;40;3552.00;169
8853;34;621083428;8853;592;10153;10321;3.99;0.24;344.65;11.34;1300;40;3553.00;168
8854;34;621083441;8854;588;10154;10321;3.99;0.24;344.62;11.39;1300;40;3554.00;167
8854;34;621083454;8854;591;10156;10323;3.98;0.24;344.62;11.39;1302;40;3555.00;167
8858;34;621083467;8858;596;10156;10323;3.96;0.24;344.53;11.39;1298;40;3556.00;167
8860;34;621083480;8860;590;10160;10327;4.00;0.24;344.59;11.38;1300;40;3557.00;167
8860;34;621083493;8860;588;10160;10327;4.01;0.24;344.59;11.38;1300;40;3558.00;167
8861;34;621083506;8861;593;10163;10331;4.02;0.24;344.63;11.38;1302;40;3559.00;168
8863;34;621083518;8863;593;10163;10331;4.01;0.24;344.56;11.38;1300;40;3560.00;168
8863;34;621083531;8863;593;10163;10331;4.01;0.24;344.56;11.38;1300;40;3561.00;168
8866;34;621083543;8866;598;10163;10331;3.95;0.24;344.54;11.38;1297;40;3562.00;168
8867;34;621083556;8867;584;10163;10331;3.93;0.24;344.52;11.38;1296;40;3563.00;168
8869;34;621083569;8869;573;10174;10343;3.97;0.24;344.50;11.37;1305;40;3564.00;169
8874;34;621083582;8874;572;10174;10343;3.94;0.24;344.43;11.37;1300;40;3565.00;169
8875;34;621083595;8875;566;10174;10343;3.91;0.24;344.40;11.37;1299;40;3566.00;169
8877;34;621083608;8877;571;10174;10343;3.86;0.24;344.45;11.37;1297;40;3567.00;169
8880;34;621083620;8880;578;10174;10343;3.79;0.23;344.43;11.37;1294;40;3568.00;169
8882;34;621083633;8882;576;10174;10343;3.74;0.23;344.47;11.37;1292;40;3569.00;169
8884;34;621083652;8884;564;10174;10344;3.76;0.23;344.50;11.37;1290;40;3570.00;170
8885;34;621083665;8885;565;10174;10344;3.79;0.23;344.46;11.37;1289;40;3571.00;170
8887;34;621083679;8887;568;10179;10350;3.88;0.24;344.48;11.36;1292;40;3572.00;171
8888;34;621083692;8888;560;10180;10351;3.95;0.24;344.49;11.36;1292;40;3573.00;171
8890;34;621083705;8890;561;10180;10351;3.97;0.24;344.48;11.36;1290;40;3574.00;171
8892;34;621083724;8892;556;10180;10351;4.05;0.25;344.46;11.36;1288;40;3575.00;171
8894;34;621083736;8894;546;10182;10355;4.16;0.25;344.47;11.36;1288;40;3576.00;173
8895;34;621083749;8895;535;10183;10355;4.20;0.26;344.46;11.36;1288;40;3577.00;172
8897;34;621083762;8897;530;10183;10355;4.24;0.26;344.45;11.36;1286;40;3578.00;172
8899;34;621083776;8899;520;10184;10356;4.29;0.26;344.43;11.36;1285;40;3579.00;172
8902;34;621083790;8902;510;10187;10360;4.29;0.26;344.43;11.36;1285;40;3580.00;173
8904;34;621083804;8904;502;10187;10360;4.29;0.26;344.41;11.36;1283;40;3581.00;173
8905;34;621083820;8905;501;10190;10363;4.34;0.26;344.39;11.35;1285;40;3582.00;173
8909;34;621083836;8909;495;10190;10363;4.35;0.26;344.47;11.35;1281;40;3583.00;173
8912;34;621083851;8912;494;10190;10363;4.39;0.27;344.45;11.35;1278;40;3584.00;173
8915;34;621083866;8915;479;10190;10363;4.46;0.27;344.44;11.35;1275;40;3585.00;173
8920;34;621083881;8920;473;10194;10367;4.54;0.28;344.49;11.35;1274;40;3586.00;173
8924;34;621083896;8924;463;10194;10367;4.56;0.28;344.60;11.35;1270;40;3587.00;173
8926;34;621083911;8926;459;10194;10367;4.63;0.28;344.57;11.35;1268;40;3588.00;173
8930;34;621083927;8930;451;10194;10367;4.65;0.28;344.56;11.35;1264;40;3589.00;173
8933;34;621083942;8933;449;10194;10368;4.68;0.29;344.57;11.35;1261;40;3590.00;174
8937;34;621083956;8937;445;10195;10369;4.66;0.28;344.55;11.35;1258;40;3591.00;174
8940;34;621083971;8940;448;10195;10369;4.70;0.29;344.54;11.35;1255;40;3592.00;174
8944;34;621083984;8944;439;10196;10370;4.76;0.29;344.57;11.35;1252;40;3593.00;174
8946;34;621083998;8946;444;10196;10370;4.81;0.29;344.56;11.35;1250;40;3594.00;174
8952;34;621084011;8952;442;10196;10370;4.81;0.29;344.62;11.35;1244;40;3595.00;174
8955;34;621084025;8955;446;10196;10370;4.84;0.30;344.73;11.35;1241;40;3596.00;174
8957;34;621084038;8957;445;10196;10370;4.89;0.30;344.82;11.35;1239;40;3597.00;174
8960;34;621084052;8960;449;10196;10370;4.94;0.30;344.86;11.35;1236;40;3598.00;174
8963;34;621084066;8963;450;10196;10370;4.97;0.30;344.89;11.35;1233;40;3599.00;174
8966;34;621084082;8966;485;10321;10623;5.23;0.33;344.96;11.21;1355;40;3600.00;302
8971;34;621084118;8971;477;10328;10624;5.25;0.33;345.01;11.20;1357;40;3601.00;296
8975;34;621084133;8975;466;10337;10624;5.29;0.33;345.03;11.19;1362;40;3602.00;287
8980;34;621084147;8980;467;10346;10624;5.33;0.33;345.09;11.19;1366;40;3603.00;278
8984;34;621084161;8984;458;10352;10624;5.32;0.33;345.10;11.18;1368;40;3604.00;272
8991;34;621084176;8991;455;10355;10624;5.30;0.33;345.12;11.18;1364;40;3605.00;269
8993;34;621084191;8993;447;10358;10624;5.30;0.33;345.14;11.18;1365;40;3606.00;266
8997;34;621084210;8997;444;10360;10624;5.30;0.33;345.27;11.18;1363;40;3607.00;264
9001;34;621084225;9001;448;10363;10625;5.30;0.33;345.35;11.18;1362;40;3608.00;262
9007;34;621084240;9007;454;10366;10626;5.24;0.32;345.47;11.18;1359;40;3609.00;260
9009;34;621084255;9009;455;10371;10626;5.23;0.32;345.52;11.18;1362;40;3610.00;255
9011;34;621084269;9011;459;10372;10627;5.16;0.32;345.53;11.18;1361;40;3611.00;255
9015;34;621084283;9015;462;10374;10627;5.10;0.32;345.55;11.18;1359;40;3612.00;253
9023;34;621084298;9023;464;10380;10627;5.01;0.31;345.68;11.25;1357;40;3613.00;247
9026;34;621084314;9026;472;10380;10627;4.99;0.31;345.70;11.25;1354;40;3614.00;247
9029;34;621084333;9029;472;10383;10631;4.97;0.31;345.75;11.24;1354;40;3615.00;248
9032;34;621084348;9032;486;10384;10631;4.93;0.31;345.81;11.25;1352;40;3616.00;247
9034;34;621084363;9034;478;10387;10631;4.89;0.30;345.79;11.25;1353;40;3617.00;244
9038;34;621084377;9038;479;10387;10634;4.85;0.30;345.78;11.25;1349;40;3618.00;247
9040;34;621084392;9040;480;10388;10634;4.84;0.30;345.79;11.25;1348;40;3619.00;246
9043;34;621084407;9043;473;10390;10634;4.86;0.30;345.79;11.25;1347;40;3620.00;244
9048;34;621084421;9048;477;10394;10638;4.90;0.30;345.93;11.24;1346;40;3621.00;244
9051;34;621084437;9051;480;10395;10639;4.91;0.30;345.92;11.25;1344;40;3622.00;244
9058;34;621084452;9058;486;10395;10639;4.91;0.30;346.20;11.25;1337;40;3623.00;244
9062;34;621084466;9062;487;10395;10643;4.94;0.30;346.34;11.25;1333;40;3624.00;248
9065;34;621084482;9065;496;10397;10643;4.95;0.30;346.44;11.25;1332;40;3625.00;246
9067;34;621084496;9067;489;10397;10643;5.00;0.31;346.51;11.25;1330;40;3626.00;246
9071;34;621084510;9071;485;10399;10644;5.02;0.31;346.73;11.25;1328;40;3627.00;245
9072;34;621084526;9072;483;10401;10644;5.06;0.31;346.73;11.25;1329;40;3628.00;243
9075;34;621084540;9075;489;10406;10650;5.07;0.31;346.88;11.25;1331;40;3629.00;244
9077;34;621084558;9077;493;10408;10650;5.16;0.32;346.91;11.26;1331;40;3630.00;242
9078;34;621084573;9078;497;10411;10651;5.17;0.32;346.90;11.26;1333;40;3631.00;240
9080;34;621084588;9080;500;10413;10651;5.14;0.31;346.96;11.26;1333;40;3632.00;238
9081;34;621084603;9081;511;10414;10651;5.13;0.31;347.05;11.26;1333;40;3633.00;237
9082;34;621084618;9082;506;10415;10651;5.09;0.31;347.06;11.26;1333;40;3634.00;236
9085;34;621084634;9085;512;10417;10651;5.03;0.31;347.22;11.27;1332;40;3635.00;234
9087;34;621084649;9087;520;10425;10663;5.01;0.31;347.34;11.33;1338;40;3636.00;238
9091;34;621084665;9091;518;10426;10663;4.99;0.30;347.40;11.33;1335;40;3637.00;237
9094;34;621084681;9094;519;10427;10663;4.97;0.30;347.50;11.34;1333;40;3638.00;236
9097;34;621084696;9097;522;10429;10663;4.98;0.30;347.57;11.34;1332;40;3639.00;234
9098;34;621084711;9098;519;10430;10663;4.95;0.30;347.62;11.34;1332;40;3640.00;233
9101;34;621084726;9101;519;10431;10663;4.96;0.30;347.60;11.34;1330;40;3641.00;232
9102;34;621084741;9102;521;10435;10667;4.99;0.30;347.69;11.34;1333;40;3642.00;232
9104;34;621084756;9104;524;10436;10667;5.00;0.30;347.71;11.34;1332;40;3643.00;231
9107;34;621084771;9107;528;10440;10671;4.99;0.30;347.78;11.34;1333;40;3644.00;231
9109;34;621084786;9109;523;10443;10673;5.00;0.30;347.82;11.34;1334;40;3645.00;230
9113;34;621084801;9113;526;10444;10673;5.00;0.30;347.94;11.34;1331;40;3646.00;229
9115;34;621084818;9115;522;10446;10673;5.03;0.31;348.08;11.34;1331;40;3647.00;227
9117;34;621084833;9117;521;10454;10686;5.03;0.31;348.12;11.34;1337;40;3648.00;232
9121;34;621084848;9121;516;10454;10686;5.04;0.31;348.21;11.34;1333;40;3649.00;232
9123;34;621084864;9123;524;10455;10686;5.02;0.31;348.19;11.34;1332;40;3650.00;231
9126;34;621084879;9126;523;10458;10687;5.01;0.31;348.16;11.41;1332;40;3651.00;229
9127;34;621084893;9127;521;10460;10688;5.02;0.31;348.20;11.41;1333;40;3652.00;228
9130;34;621084908;9130;523;10460;10688;4.98;0.30;348.25;11.41;1330;40;3653.00;228
9132;34;621084927;9132;524;10462;10691;4.94;0.30;348.21;11.41;1330;40;3654.00;229
9133;34;621084954;9133;524;10462;10691;4.88;0.30;348.23;11.41;1329;40;3655.00;229
9135;34;621084976;9135;532;10463;10691;4.81;0.29;348.21;11.41;1328;40;3656.00;228
9135;34;621084998;9135;530;10463;10691;4.71;0.29;348.21;11.41;1328;40;3657.00;228
9136;34;621085019;9136;531;10470;10697;4.71;0.29;348.26;11.41;1334;40;3658.00;227
9139;34;621085041;9139;525;10470;10697;4.66;0.28;348.23;11.41;1331;40;3659.00;227
9139;34;621085060;9139;526;10471;10697;4.64;0.28;348.23;11.41;1332;40;3660.00;226
9142;34;621085077;9142;525;10471;10697;4.58;0.28;348.31;11.41;1329;40;3661.00;226
9143;34;621085093;9143;530;10474;10701;4.60;0.28;348.32;11.41;1331;40;3662.00;227
9146;34;621085111;9146;522;10475;10702;4.61;0.28;348.34;11.40;1329;40;3663.00;227
9150;34;621085127;9150;522;10475;10702;4.60;0.28;348.39;11.40;1325;40;3664.00;227
9151;34;621085143;9151;525;10477;10703;4.63;0.28;348.38;11.48;1326;40;3665.00;226
9153;34;621085158;9153;520;10477;10703;4.63;0.28;348.41;11.48;1324;40;3666.00;226
9157;34;621085174;9157;519;10477;10703;4.64;0.28;348.41;11.48;1320;40;3667.00;226
9159;34;621085189;9159;529;10477;10703;4.67;0.28;348.51;11.48;1318;40;3668.00;226
9159;34;621085204;9159;535;10477;10703;4.70;0.29;348.51;11.48;1318;40;3669.00;226
9163;34;621085220;9163;524;10478;10703;4.68;0.28;348.67;11.48;1315;40;3670.00;225
9163;34;621085236;9163;522;10478;10703;4.68;0.28;348.67;11.48;1315;40;3671.00;225
9165;34;621085252;9165;520;10509;10773;4.72;0.29;348.69;11.52;1344;40;3672.00;264
9168;34;621085274;9168;511;10511;10774;4.71;0.29;348.74;11.52;1343;40;3673.00;263
9171;34;621085290;9171;506;10517;10774;4.75;0.29;348.80;11.57;1346;40;3674.00;257
9174;34;621085308;9174;505;10520;10774;4.77;0.29;348.80;11.57;1346;40;3675.00;254
9176;34;621085323;9176;506;10526;10774;4.78;0.29;348.78;11.63;1350;40;3676.00;248
9178;34;621085339;9178;505;10528;10774;4.78;0.29;348.79;11.63;1350;40;3677.00;246
9180;34;621085354;9180;510;10530;10774;4.80;0.29;348.77;11.63;1350;40;3678.00;244
9185;34;621085369;9185;506;10533;10774;4.79;0.29;348.77;11.63;1348;40;3679.00;241
9185;34;621085385;9185;510;10534;10775;4.77;0.29;348.77;11.63;1349;40;3680.00;241
9185;34;621085400;9185;514;10536;10776;4.79;0.29;348.77;11.63;1351;40;3681.00;240
9186;34;621085415;9186;512;10539;10776;4.80;0.29;348.74;11.63;1353;40;3682.00;237
9189;34;621085431;9189;516;10544;10780;4.82;0.30;348.72;11.62;1355;40;3683.00;236
9190;34;621085447;9190;514;10546;10780;4.81;0.29;348.71;11.62;1356;40;3684.00;234
9192;34;621085463;9192;517;10547;10780;4.81;0.29;348.74;11.62;1355;40;3685.00;233
9194;34;621085479;9194;521;10548;10780;4.76;0.29;348.76;11.63;1354;40;3686.00;232
9197;34;621085494;9197;529;10552;10786;4.74;0.29;348.69;11.62;1355;40;3687.00;234
9200;34;621085510;9200;521;10552;10786;4.72;0.29;348.66;11.62;1352;40;3688.00;234
9206;34;621085526;9206;533;10553;10786;4.64;0.28;348.60;11.68;1347;40;3689.00;233
9208;34;621085543;9208;540;10558;10792;4.65;0.28;348.60;11.68;1350;40;3690.00;234
9210;34;621085559;9210;538;10559;10792;4.58;0.28;348.55;11.68;1349;40;3691.00;233
9213;34;621085574;9213;533;10563;10792;4.57;0.28;348.49;11.69;1350;40;3692.00;229
9215;34;621085590;9215;540;10563;10793;4.54;0.28;348.52;11.69;1348;40;3693.00;230
9216;34;621085605;9216;543;10567;10794;4.49;0.27;348.58;11.70;1351;40;3694.00;227
9219;34;621085620;9219;544;10568;10794;4.43;0.27;348.56;11.75;1349;40;3695.00;226
9222;34;621085635;9222;551;10579;10807;4.39;0.27;348.52;11.81;1357;40;3696.00;228
9223;34;621085651;9223;557;10579;10807;4.35;0.27;348.53;11.81;1356;40;3697.00;228
9225;34;621085667;9225;560;10581;10807;4.33;0.26;348.54;11.82;1356;40;3698.00;226
9227;34;621085684;9227;570;10583;10808;4.30;0.26;348.47;11.82;1356;40;3699.00;225
9230;34;621085700;9230;569;10584;10808;4.27;0.26;348.52;11.88;1354;40;3700.00;224
9232;34;621085719;9232;575;10589;10812;4.28;0.26;348.47;11.93;1357;40;3701.00;223
9236;34;621085734;9236;578;10590;10812;4.23;0.26;348.40;11.94;1354;40;3702.00;222
9237;34;621085749;9237;586;10593;10816;4.21;0.26;348.49;11.94;1356;40;3703.00;223
9238;34;621085764;9238;595;10595;10816;4.19;0.25;348.46;12.00;1357;40;3704.00;221
9239;34;621085778;9239;594;10595;10816;4.17;0.25;348.42;12.00;1356;40;3705.00;221
9242;34;621085794;9242;603;10595;10816;4.11;0.25;348.35;12.00;1353;40;3706.00;221
9244;34;621085807;9244;611;10597;10816;4.08;0.25;348.28;12.07;1353;40;3707.00;219
9246;34;621085822;9246;611;10607;10828;4.09;0.25;348.28;12.05;1361;40;3708.00;221
9246;34;621085837;9246;611;10610;10828;4.06;0.25;348.28;12.16;1364;40;3709.00;218
9249;34;621085851;9249;610;10610;10828;4.03;0.25;348.25;12.16;1361;40;3710.00;218
9252;34;621085866;9252;614;10612;10828;3.99;0.24;348.29;12.27;1360;40;3711.00;216
9253;34;621085880;9253;623;10612;10828;3.95;0.24;348.27;12.27;1359;40;3712.00;216
9254;34;621085894;9254;630;10614;10828;3.93;0.24;348.29;12.28;1360;40;3713.00;214
9256;34;621085909;9256;635;10615;10829;3.91;0.24;348.25;12.34;1359;40;3714.00;214
9258;34;621085924;9258;636;10617;10829;3.92;0.24;348.23;12.35;1359;40;3715.00;212
9258;34;621085939;9258;622;10624;10835;3.99;0.24;348.23;12.45;1366;40;3716.00;211
9259;34;621085953;9259;616;10625;10836;4.02;0.25;348.24;12.45;1366;40;3717.00;211
9260;34;621085970;9260;617;10626;10836;4.06;0.25;348.24;12.45;1366;40;3718.00;210
9261;34;621085984;9261;608;10629;10836;4.06;0.25;348.20;12.56;1368;40;3719.00;207
9263;34;621086009;9263;599;10633;10841;4.05;0.25;348.17;12.55;1370;40;3720.00;208
9263;34;621086023;9263;589;10636;10841;4.05;0.25;348.17;12.66;1373;40;3721.00;205
9264;34;621086048;9264;583;10636;10841;4.07;0.25;348.18;12.66;1372;40;3722.00;205
9264;34;621086061;9264;583;10639;10842;4.13;0.25;348.18;12.76;1375;40;3723.00;203
9266;34;621086075;9266;585;10642;10846;4.16;0.25;348.16;12.75;1376;40;3724.00;204
9266;34;621086090;9266;578;10643;10846;4.25;0.26;348.16;12.80;1377;40;3725.00;203
9266;34;621086103;9266;582;10646;10849;4.29;0.26;348.16;12.85;1380;40;3726.00;203
9271;34;621086117;9271;573;10646;10849;4.30;0.26;348.08;12.85;1375;40;3727.00;203
9274;34;621086132;9274;567;10649;10849;4.33;0.26;348.13;12.95;1375;40;3728.00;200
9276;34;621086146;9276;567;10649;10849;4.39;0.27;348.08;12.95;1373;40;3729.00;200
9276;35;621086160;9276;562;10654;10853;4.45;0.27;348.08;13.00;1378;41;3730.00;199
9280;35;621086187;9280;571;10655;10853;4.44;0.27;348.07;13.05;1375;41;3731.00;198
9281;35;621086201;9281;577;10655;10853;4.38;0.27;348.05;13.05;1374;41;3732.00;198
9283;35;621086220;9283;581;10657;10853;4.36;0.26;348.12;13.15;1374;41;3733.00;196
9284;35;621086233;9284;586;10657;10854;4.29;0.26;348.10;13.15;1373;41;3734.00;197
9287;35;621086249;9287;587;10661;10856;4.27;0.26;348.11;13.25;1374;41;3735.00;195
9290;35;621086263;9290;590;10661;10856;4.23;0.26;348.13;13.25;1371;41;3736.00;195
9291;35;621086276;9291;588;10662;10857;4.23;0.26;348.13;13.25;1371;41;3737.00;195
9294;35;621086290;9294;595;10663;10857;4.22;0.26;348.14;13.29;1369;41;3738.00;194
9295;35;621086307;9295;591;10664;10857;4.21;0.26;348.12;13.34;1369;41;3739.00;193
9298;35;621086321;9298;580;10664;10857;4.26;0.26;348.21;13.34;1366;41;3740.00;193
9302;35;621086335;9302;568;10664;10857;4.27;0.26;348.29;13.34;1362;41;3741.00;193
9305;35;621086348;9305;561;10664;10857;4.24;0.26;348.27;13.34;1359;41;3742.00;193
9308;35;621086362;9308;565;10664;10857;4.22;0.26;348.25;13.34;1356;41;3743.00;193
9310;35;621086376;9310;582;10736;10984;4.45;0.28;348.36;13.25;1426;41;3744.00;248
9313;35;621086399;9313;585;10740;10985;4.43;0.27;348.38;13.25;1427;41;3745.00;245
9316;35;621086414;9316;587;10748;10985;4.42;0.27;348.43;13.24;1432;41;3746.00;237
9320;35;621086428;9320;579;10750;10985;4.41;0.27;348.49;13.24;1430;41;3747.00;235
9321;35;621086442;9321;578;10756;10985;4.46;0.28;348.51;13.23;1435;41;3748.00;229
9323;35;621086456;9323;564;10757;10985;4.45;0.28;348.61;13.23;1434;41;3749.00;228
9325;35;621086472;9325;570;10761;10990;4.42;0.27;348.66;13.23;1436;41;3750.00;229
9328;35;621086488;9328;559;10762;10990;4.45;0.28;348.70;13.23;1434;41;3751.00;228
9331;35;621086503;9331;564;10763;10991;4.47;0.28;348.68;13.23;1432;41;3752.00;228
9335;35;621086517;9335;552;10764;10992;4.47;0.28;348.73;13.23;1429;41;3753.00;228
9338;35;621086533;9338;555;10766;10992;4.47;0.28;348.84;13.23;1428;41;3754.00;226
9342;35;621086547;9342;559;10772;10993;4.46;0.28;348.92;13.22;1430;41;3755.00;221
9345;35;621086562;9345;559;10772;10993;4.49;0.28;349.03;13.22;1427;41;3756.00;221
9351;35;621086577;9351;561;10773;10993;4.45;0.27;349.14;13.22;1422;41;3757.00;220
9356;35;621086592;9356;568;10773;10993;4.47;0.27;349.34;13.22;1417;41;3758.00;220
9362;35;621086607;9362;568;10776;10997;4.46;0.27;349.52;13.22;1414;41;3759.00;221
9365;35;621086622;9365;567;10777;10997;4.53;0.28;349.50;13.22;1412;41;3760.00;220
9369;35;621086638;9369;571;10777;10997;4.51;0.28;349.67;13.22;1408;41;3761.00;220
9374;35;621086654;9374;556;10778;11000;4.50;0.27;349.78;13.22;1404;41;3762.00;222
9377;35;621086669;9377;563;10778;11000;4.49;0.27;349.80;13.22;1401;41;3763.00;222
9381;35;621086684;9381;550;10778;11000;4.48;0.27;349.86;13.22;1397;41;3764.00;222
9385;35;621086699;9385;551;10783;11004;4.50;0.27;349.94;13.22;1398;41;3765.00;221
9389;35;621086715;9389;546;10783;11005;4.52;0.28;349.94;13.22;1394;41;3766.00;222
9391;35;621086736;9391;534;10783;11005;4.56;0.28;349.95;13.22;1392;41;3767.00;222
9396;35;621086751;9396;531;10785;11009;4.52;0.28;350.23;13.22;1389;41;3768.00;224
9401;35;621086767;9401;522;10785;11009;4.49;0.27;350.38;13.22;1384;41;3769.00;224
9403;35;621086782;9403;517;10785;11009;4.51;0.27;350.36;13.22;1382;41;3770.00;224
9408;35;621086796;9408;514;10786;11010;4.49;0.27;350.40;13.22;1378;41;3771.00;224
9410;35;621086812;9410;509;10786;11010;4.50;0.27;350.40;13.22;1376;41;3772.00;224
9415;35;621086833;9415;506;10789;11016;4.52;0.27;350.51;13.22;1374;41;3773.00;227
9418;35;621086848;9418;504;10789;11016;4.56;0.28;350.57;13.22;1371;41;3774.00;227
9420;35;621086863;9420;511;10790;11017;4.60;0.28;350.68;13.22;1370;41;3775.00;227
9422;35;621086878;9422;512;10791;11017;4.63;0.28;350.66;13.22;1369;41;3776.00;226
9423;35;621086893;9423;521;10792;11017;4.68;0.28;350.74;13.22;1369;41;3777.00;225
9424;35;621086908;9424;523;10795;11017;4.72;0.29;350.80;13.22;1371;41;3778.00;222
9428;35;621086928;9428;528;10795;11017;4.75;0.29;350.86;13.22;1367;41;3779.00;222
9431;35;621086953;9431;537;10818;11053;4.82;0.29;350.84;13.19;1387;41;3780.00;235
9434;35;621086981;9434;536;10821;11053;4.81;0.29;350.89;13.19;1387;41;3781.00;232
9437;35;621087004;9437;540;10822;11053;4.76;0.29;350.90;13.19;1385;41;3782.00;231
9438;35;621087025;9438;544;10822;11053;4.71;0.29;350.89;13.19;1384;41;3783.00;231
9442;35;621087045;9442;549;10824;11053;4.67;0.28;351.02;13.19;1382;41;3784.00;229
9443;35;621087061;9443;557;10824;11053;4.63;0.28;351.08;13.19;1381;41;3785.00;229
9446;35;621087085;9446;565;10831;11057;4.59;0.28;351.17;13.19;1385;41;3786.00;226
9447;35;621087102;9447;559;10831;11057;4.54;0.28;351.29;13.19;1384;41;3787.00;226
9451;35;621087118;9451;558;10835;11061;4.48;0.27;351.44;13.19;1384;41;3788.00;226
9453;35;621087136;9453;553;10836;11062;4.50;0.28;351.57;13.19;1383;41;3789.00;226
9456;35;621087152;9456;550;10836;11062;4.47;0.27;351.57;13.19;1380;41;3790.00;226
9458;35;621087168;9458;547;10836;11062;4.45;0.27;351.55;13.19;1378;41;3791.00;226
9459;35;621087185;9459;545;10848;11075;4.48;0.27;351.65;13.19;1389;41;3792.00;227
9460;35;621087203;9460;553;10848;11075;4.50;0.28;351.65;13.19;1388;41;3793.00;227
9465;35;621087219;9465;547;10849;11075;4.49;0.27;351.80;13.19;1384;41;3794.00;226
9468;35;621087236;9468;550;10850;11076;4.50;0.27;351.81;13.19;1382;41;3795.00;226
9471;35;621087253;9471;541;10850;11077;4.49;0.27;351.89;13.19;1379;41;3796.00;227
9474;35;621087276;9474;535;10851;11077;4.48;0.27;351.88;13.19;1377;41;3797.00;226
9477;35;621087300;9477;523;10854;11080;4.48;0.27;352.02;13.27;1377;41;3798.00;226
9479;35;621087316;9479;511;10855;11080;4.54;0.28;352.09;13.27;1376;41;3799.00;225
9483;35;621087333;9483;522;10856;11080;4.53;0.28;352.32;13.27;1373;41;3800.00;224
9483;35;621087374;9483;514;10856;11080;4.55;0.28;352.32;13.27;1373;41;3801.00;224
9487;35;621087391;9487;521;10862;11086;4.56;0.28;352.45;13.27;1375;41;3802.00;224
9488;35;621087408;9488;518;10862;11086;4.60;0.28;352.53;13.27;1374;41;3803.00;224
9490;35;621087424;9490;530;10862;11086;4.60;0.28;352.52;13.27;1372;41;3804.00;224
9492;35;621087441;9492;530;10863;11086;4.58;0.28;352.62;13.27;1371;41;3805.00;223
9497;35;621087456;9497;528;10866;11090;4.54;0.28;352.58;13.27;1369;41;3806.00;224
9500;35;621087475;9500;530;10869;11091;4.54;0.28;352.65;13.27;1369;41;3807.00;222
9503;35;621087491;9503;529;10870;11091;4.52;0.27;352.62;13.27;1367;41;3808.00;221
9507;35;621087507;9507;530;10870;11092;4.50;0.27;352.76;13.27;1363;41;3809.00;222
9509;35;621087526;9509;528;10872;11092;4.54;0.28;352.89;13.27;1363;41;3810.00;220
9511;35;621087542;9511;527;10874;11092;4.58;0.28;352.92;13.27;1363;41;3811.00;218
9516;35;621087558;9516;527;10874;11092;4.57;0.28;352.96;13.27;1358;41;3812.00;218
9518;35;621087581;9518;528;10874;11092;4.58;0.28;353.01;13.27;1356;41;3813.00;218
9518;35;621087597;9518;527;10874;11092;4.58;0.28;353.01;13.27;1356;41;3814.00;218
9520;35;621087613;9520;538;10874;11092;4.55;0.28;353.11;13.27;1354;41;3815.00;218
9522;35;621087632;9522;555;10911;11162;4.58;0.28;353.12;13.22;1389;41;3816.00;251
9526;35;621087653;9526;560;10913;11163;4.59;0.28;353.23;13.22;1387;41;3817.00;250
9529;35;621087670;9529;560;10919;11163;4.61;0.28;353.31;13.21;1390;41;3818.00;244
9531;35;621087692;9531;573;10921;11163;4.61;0.28;353.35;13.21;1390;41;3819.00;242
9532;35;621087708;9532;572;10924;11163;4.61;0.28;353.34;13.21;1392;41;3820.00;239
9535;35;621087724;9535;576;10927;11163;4.64;0.28;353.42;13.21;1392;41;3821.00;236
9538;35;621087739;9538;581;10929;11163;4.66;0.28;353.45;13.20;1391;41;3822.00;234
9539;35;621087755;9539;584;10933;11163;4.69;0.28;353.49;13.27;1394;41;3823.00;230
9541;35;621087771;9541;588;10934;11164;4.67;0.28;353.53;13.27;1393;41;3824.00;230
9543;35;621087786;9543;595;10937;11166;4.66;0.28;353.50;13.27;1394;41;3825.00;229
9543;35;621087802;9543;598;10939;11166;4.62;0.28;353.50;13.27;1396;41;3826.00;227
9544;35;621087817;9544;602;10945;11170;4.62;0.28;353.57;13.27;1401;41;3827.00;225
9547;35;621087834;9547;610;10946;11170;4.57;0.28;353.75;13.27;1399;41;3828.00;224
9552;35;621087849;9552;616;10946;11170;4.51;0.27;353.74;13.27;1394;41;3829.00;224
9554;35;621087864;9554;615;10946;11170;4.48;0.27;353.88;13.27;1392;41;3830.00;224
9555;35;621087880;9555;609;10950;11176;4.49;0.27;353.89;13.26;1395;41;3831.00;226
9557;35;621087897;9557;603;10950;11176;4.47;0.27;353.92;13.26;1393;41;3832.00;226
9559;35;621087917;9559;606;10950;11176;4.48;0.27;353.97;13.26;1391;41;3833.00;226
9561;35;621087938;9561;603;10952;11179;4.47;0.27;353.96;13.26;1391;41;3834.00;227
9563;35;621087956;9563;602;10952;11179;4.44;0.27;353.91;13.26;1389;41;3835.00;227
9564;35;621087973;9564;600;10953;11179;4.48;0.27;353.96;13.26;1389;41;3836.00;226
9566;35;621087989;9566;593;10953;11180;4.49;0.27;353.94;13.26;1387;41;3837.00;227
9567;35;621088003;9567;600;10954;11181;4.50;0.27;353.94;13.26;1387;41;3838.00;227
9569;35;621088018;9569;597;10954;11181;4.49;0.27;353.92;13.26;1385;41;3839.00;227
9571;35;621088034;9571;602;10971;11207;4.52;0.28;353.91;13.24;1400;41;3840.00;236
9579;35;621088051;9579;594;10971;11207;4.49;0.27;353.94;13.24;1392;41;3841.00;236
9581;35;621088066;9581;590;10973;11207;4.52;0.28;353.94;13.23;1392;41;3842.00;234
9584;35;621088081;9584;581;10975;11208;4.53;0.28;353.97;13.23;1391;41;3843.00;233
9587;35;621088096;9587;581;10975;11208;4.53;0.28;354.00;13.23;1388;41;3844.00;233
9590;35;621088110;9590;582;10980;11212;4.53;0.28;353.94;13.34;1390;41;3845.00;232
9592;35;621088128;9592;585;10982;11214;4.52;0.28;353.94;13.34;1390;41;3846.00;232
9595;35;621088142;9595;589;10985;11218;4.50;0.28;353.90;13.34;1390;41;3847.00;233
9599;35;621088157;9599;590;10985;11218;4.44;0.27;353.98;13.34;1386;41;3848.00;233
9600;35;621088172;9600;590;10985;11218;4.44;0.27;354.00;13.34;1385;41;3849.00;233
9605;35;621088187;9605;587;10985;11218;4.39;0.27;353.96;13.34;1380;41;3850.00;233
9606;35;621088201;9606;589;10985;11218;4.43;0.27;353.93;13.34;1379;41;3851.00;233
9611;35;621088215;9611;592;10995;11230;4.51;0.28;353.84;13.32;1384;41;3852.00;235
9614;35;621088231;9614;589;10996;11230;4.54;0.28;353.79;13.32;1382;41;3853.00;234
9617;35;621088245;9617;589;10996;11230;4.52;0.28;353.79;13.32;1379;41;3854.00;234
9623;35;621088260;9623;598;10996;11230;4.49;0.27;353.69;13.32;1373;41;3855.00;234
9624;35;621088274;9624;603;10996;11230;4.48;0.27;353.77;13.32;1372;41;3856.00;234
9625;35;621088288;9625;607;10997;11230;4.46;0.27;353.76;13.32;1372;41;3857.00;233
9627;35;621088302;9627;614;10997;11231;4.46;0.27;353.76;13.32;1370;41;3858.00;234
9629;36;621088317;9629;613;10997;11231;4.47;0.27;353.73;13.32;1368;42;3859.00;234
9631;36;621088342;9631;618;11002;11237;4.48;0.27;353.75;13.32;1371;42;3860.00;235
9633;36;621088357;9633;625;11004;11238;4.49;0.27;353.69;13.32;1371;42;3861.00;234
9633;36;621088372;9633;622;11004;11238;4.47;0.27;353.69;13.32;1371;42;3862.00;234
9633;36;621088386;9633;622;11005;11238;4.46;0.27;353.69;13.32;1372;42;3863.00;233
9633;36;621088401;9633;626;11009;11242;4.46;0.27;353.69;13.32;1376;42;3864.00;233
9636;36;621088415;9636;629;11009;11242;4.42;0.27;353.78;13.32;1373;42;3865.00;233
9638;36;621088429;9638;629;11010;11242;4.37;0.27;353.74;13.32;1372;42;3866.00;232
9643;36;621088443;9643;622;11011;11243;4.35;0.27;353.70;13.32;1368;42;3867.00;232
9644;36;621088458;9644;619;11014;11247;4.35;0.27;353.69;13.31;1370;42;3868.00;233
9646;36;621088472;9646;606;11014;11247;4.34;0.26;353.70;13.31;1368;42;3869.00;233
9647;36;621088488;9647;601;11018;11253;4.38;0.27;353.66;13.31;1371;42;3870.00;235
9648;36;621088503;9648;602;11020;11253;4.43;0.27;353.76;13.37;1372;42;3871.00;233
9649;36;621088517;9649;588;11021;11253;4.48;0.27;353.74;13.37;1372;42;3872.00;232
9650;36;621088532;9650;582;11022;11253;4.48;0.27;353.75;13.42;1372;42;3873.00;231
9650;36;621088552;9650;578;11026;11257;4.56;0.28;353.75;13.42;1376;42;3874.00;231
9651;36;621088567;9651;575;11027;11257;4.64;0.28;353.74;13.48;1376;42;3875.00;230
9652;36;621088581;9652;577;11027;11257;4.65;0.29;353.73;13.48;1375;42;3876.00;230
9654;36;621088601;9654;574;11028;11257;4.64;0.28;353.72;13.53;1374;42;3877.00;229
9657;36;621088616;9657;579;11028;11258;4.63;0.28;353.84;13.53;1371;42;3878.00;230
9658;36;621088630;9658;577;11030;11259;4.57;0.28;353.82;13.59;1372;42;3879.00;229
9658;36;621088644;9658;586;11030;11259;4.54;0.28;353.82;13.59;1372;42;3880.00;229
9660;36;621088658;9660;581;11032;11260;4.52;0.28;353.78;13.64;1372;42;3881.00;228
9661;36;621088673;9661;587;11032;11260;4.50;0.28;353.78;13.64;1371;42;3882.00;228
9664;36;621088686;9664;592;11033;11260;4.46;0.27;353.74;13.70;1369;42;3883.00;227
9666;36;621088700;9666;597;11033;11260;4.44;0.27;353.76;13.70;1367;42;3884.00;227
9667;36;621088715;9667;599;11033;11260;4.45;0.27;353.77;13.70;1366;42;3885.00;227
9669;36;621088728;9669;599;11035;11260;4.46;0.27;353.78;13.82;1366;42;3886.00;225
9672;36;621088742;9672;605;11035;11260;4.41;0.27;353.83;13.82;1363;42;3887.00;225
9674;36;621088757;9674;617;11101;11387;4.69;0.29;353.83;13.85;1427;42;3888.00;286
9676;36;621088780;9676;609;11107;11388;4.67;0.29;353.79;13.96;1431;42;3889.00;281
9677;36;621088794;9677;608;11117;11388;4.67;0.29;353.79;13.95;1440;42;3890.00;271
9678;36;621088808;9678;601;11125;11388;4.67;0.29;353.76;14.05;1447;42;3891.00;263
9680;36;621088823;9680;596;11130;11388;4.64;0.29;353.83;14.05;1450;42;3892.00;258
9683;36;621088837;9683;585;11133;11388;4.59;0.28;353.83;14.05;1450;42;3893.00;255
9685;36;621088852;9685;586;11136;11388;4.58;0.28;353.92;14.15;1451;42;3894.00;252
9686;36;621088866;9686;592;11139;11388;4.58;0.28;353.96;14.15;1453;42;3895.00;249
9687;36;621088881;9687;587;11142;11389;4.60;0.28;353.97;14.26;1455;42;3896.00;247
9692;36;621088901;9692;595;11147;11390;4.60;0.28;354.00;14.26;1455;42;3897.00;243
9695;36;621088916;9695;590;11150;11390;4.63;0.28;354.07;14.36;1455;42;3898.00;240
9696;36;621088942;9696;600;11151;11391;4.65;0.29;354.04;14.36;1455;42;3899.00;240
9698;36;621088975;9698;600;11159;11406;4.65;0.29;354.00;14.36;1461;42;3900.00;247
9704;36;621089009;9704;595;11162;11406;4.59;0.28;354.09;14.46;1458;42;3901.00;244
9708;36;621089034;9708;596;11165;11406;4.57;0.28;354.13;14.46;1457;42;3902.00;241
9710;36;621089052;9710;610;11168;11410;4.53;0.28;354.15;14.46;1458;42;3903.00;242
9716;36;621089068;9716;615;11170;11410;4.47;0.27;354.30;14.56;1454;42;3904.00;240
9718;36;621089085;9718;612;11172;11410;4.43;0.27;354.43;14.56;1454;42;3905.00;238
9722;36;621089101;9722;618;11176;11413;4.36;0.27;354.54;14.56;1454;42;3906.00;237
9727;36;621089118;9727;625;11176;11413;4.30;0.26;354.60;14.56;1449;42;3907.00;237
9732;36;621089134;9732;627;11179;11413;4.26;0.26;354.59;14.56;1447;42;3908.00;234
9733;36;621089150;9733;638;11182;11417;4.23;0.26;354.61;14.56;1449;42;3909.00;235
9736;36;621089165;9736;627;11183;11418;4.19;0.26;354.58;14.56;1447;42;3910.00;235
9741;36;621089181;9741;625;11185;11418;4.16;0.25;354.81;14.56;1444;42;3911.00;233
9745;36;621089197;9745;620;11188;11422;4.15;0.25;354.91;14.56;1443;42;3912.00;234
9750;36;621089219;9750;619;11188;11422;4.16;0.25;354.90;14.56;1438;42;3913.00;234
9753;36;621089234;9753;609;11188;11422;4.16;0.25;354.98;14.56;1435;42;3914.00;234
9757;36;621089251;9757;604;11190;11424;4.22;0.26;354.99;14.55;1433;42;3915.00;234
9760;36;621089267;9760;605;11190;11424;4.27;0.26;355.11;14.55;1430;42;3916.00;234
9763;36;621089282;9763;595;11195;11430;4.33;0.26;355.18;14.55;1432;42;3917.00;235
9765;36;621089298;9765;586;11195;11430;4.40;0.27;355.15;14.55;1430;42;3918.00;235
9767;36;621089313;9767;585;11195;11431;4.42;0.27;355.28;14.55;1428;42;3919.00;236
9769;36;621089329;9769;575;11195;11431;4.44;0.27;355.29;14.55;1426;42;3920.00;236
9774;36;621089345;9774;559;11195;11431;4.46;0.27;355.38;14.55;1421;42;3921.00;236
9776;36;621089361;9776;559;11195;11431;4.50;0.27;355.50;14.55;1419;42;3922.00;236
9778;36;621089377;9778;549;11197;11431;4.52;0.28;355.59;14.55;1419;42;3923.00;234
9781;36;621089394;9781;543;11203;11443;4.59;0.28;355.71;14.55;1422;42;3924.00;240
9789;36;621089411;9789;544;11204;11443;4.59;0.28;355.82;14.54;1415;42;3925.00;239
9792;36;621089427;9792;535;11206;11443;4.63;0.28;355.90;14.54;1414;42;3926.00;237
9794;36;621089442;9794;536;11207;11443;4.66;0.29;355.92;14.55;1413;42;3927.00;236
9800;36;621089458;9800;534;11209;11443;4.66;0.28;355.94;14.55;1409;42;3928.00;234
9803;36;621089476;9803;520;11209;11443;4.70;0.29;356.11;14.55;1406;42;3929.00;234
9806;36;621089494;9806;515;11212;11447;4.71;0.29;356.16;14.54;1406;42;3930.00;235
9811;36;621089511;9811;509;11212;11447;4.69;0.28;356.39;14.54;1401;42;3931.00;235
9817;36;621089527;9817;513;11214;11451;4.66;0.28;356.42;14.54;1397;42;3932.00;237
9820;36;621089542;9820;519;11216;11452;4.65;0.28;356.52;14.54;1396;42;3933.00;236
9825;36;621089559;9825;521;11216;11452;4.69;0.28;356.57;14.54;1391;42;3934.00;236
9829;36;621089575;9829;516;11217;11452;4.72;0.29;356.63;14.54;1388;42;3935.00;235
9833;36;621089591;9833;512;11224;11465;4.73;0.29;356.73;14.53;1391;42;3936.00;241
9836;36;621089608;9836;506;11225;11465;4.76;0.29;356.97;14.53;1389;42;3937.00;240
9839;36;621089625;9839;504;11226;11465;4.80;0.29;357.14;14.53;1387;42;3938.00;239
9844;36;621089641;9844;510;11226;11466;4.81;0.29;357.20;14.53;1382;42;3939.00;240
9850;36;621089656;9850;507;11226;11467;4.83;0.29;357.27;14.53;1376;42;3940.00;241
9850;36;621089673;9850;500;11228;11467;4.89;0.30;357.27;14.53;1378;42;3941.00;239
9852;36;621089689;9852;496;11228;11470;4.90;0.30;357.35;14.53;1376;42;3942.00;242
9854;36;621089705;9854;496;11230;11470;4.86;0.30;357.42;14.53;1376;42;3943.00;240
9857;36;621089721;9857;494;11233;11470;4.85;0.30;357.46;14.61;1376;42;3944.00;237
9859;36;621089738;9859;495;11234;11470;4.81;0.29;357.48;14.61;1375;42;3945.00;236
9862;36;621089753;9862;502;11238;11476;4.80;0.29;357.50;14.61;1376;42;3946.00;238
9864;36;621089769;9864;501;11239;11476;4.80;0.29;357.51;14.61;1375;42;3947.00;237
9869;36;621089784;9869;498;11241;11476;4.82;0.29;357.58;14.61;1372;42;3948.00;235
9873;36;621089800;9873;500;11242;11476;4.75;0.29;357.58;14.61;1369;42;3949.00;234
9875;36;621089816;9875;497;11246;11480;4.75;0.29;357.68;14.61;1371;42;3950.00;234
9877;36;621089832;9877;489;11249;11481;4.77;0.29;357.80;14.60;1372;42;3951.00;232
9879;36;621089847;9879;499;11250;11481;4.70;0.29;357.82;14.60;1371;42;3952.00;231
9883;36;621089863;9883;499;11251;11482;4.66;0.28;357.87;14.60;1368;42;3953.00;231
9887;36;621089878;9887;501;11251;11482;4.62;0.28;357.89;14.60;1364;42;3954.00;231
9891;36;621089894;9891;505;11251;11482;4.56;0.28;357.97;14.60;1360;42;3955.00;231
9897;36;621089910;9897;501;11251;11482;4.44;0.27;358.00;14.60;1354;42;3956.00;231
9901;36;621089932;9901;490;11251;11482;4.32;0.26;358.01;14.60;1350;42;3957.00;231
9903;36;621089948;9903;496;11251;11482;4.30;0.26;358.07;14.60;1348;42;3958.00;231
9906;36;621089963;9906;501;11251;11482;4.24;0.26;358.16;14.60;1345;42;3959.00;231
9908;36;621089981;9908;522;11321;11607;4.35;0.27;358.21;14.51;1413;42;3960.00;286
9910;36;621090006;9910;513;11323;11608;4.38;0.27;358.21;14.51;1413;42;3961.00;285
9915;36;621090022;9915;505;11329;11608;4.42;0.27;358.32;14.50;1414;42;3962.00;279
9918;36;621090040;9918;499;11329;11608;4.42;0.27;358.37;14.50;1411;42;3963.00;279
9919;36;621090057;9919;492;11333;11608;4.47;0.28;358.43;14.50;1414;42;3964.00;275
9922;36;621090073;9922;505;11335;11608;4.49;0.28;358.48;14.50;1413;42;3965.00;273
9924;36;621090088;9924;498;11339;11608;4.51;0.28;358.46;14.49;1415;42;3966.00;269
9927;36;621090104;9927;491;11342;11608;4.52;0.28;358.53;14.49;1415;42;3967.00;266
9930;36;621090125;9930;495;11346;11609;4.52;0.28;358.58;14.49;1416;42;3968.00;263
9932;36;621090141;9932;496;11350;11610;4.48;0.28;358.68;14.49;1418;42;3969.00;260
9936;36;621090157;9936;499;11354;11610;4.44;0.27;358.72;14.49;1418;42;3970.00;256
9940;36;621090183;9940;512;11360;11614;4.36;0.27;358.83;14.48;1420;42;3971.00;254
9941;36;621090201;9941;514;11361;11614;4.29;0.26;358.88;14.48;1420;42;3972.00;253
9943;36;621090217;9943;522;11362;11614;4.28;0.26;358.93;14.56;1419;42;3973.00;252
9943;36;621090233;9943;531;11362;11614;4.26;0.26;358.93;14.56;1419;42;3974.00;252
9948;36;621090253;9948;545;11366;11620;4.21;0.26;359.05;14.56;1418;42;3975.00;254
9950;36;621090270;9950;552;11367;11620;4.18;0.26;359.16;14.64;1417;42;3976.00;253
9952;36;621090285;9952;551;11367;11620;4.25;0.26;359.21;14.64;1415;43;3977.00;253
9957;36;621090309;9957;563;11369;11623;4.28;0.26;359.40;14.64;1412;43;3978.00;254
9960;36;621090324;9960;557;11369;11623;4.28;0.26;359.45;14.64;1409;43;3979.00;254
9963;36;621090339;9963;552;11369;11623;4.27;0.26;359.44;14.64;1406;43;3980.00;254
9968;36;621090354;9968;556;11370;11624;4.30;0.26;359.55;14.63;1402;43;3981.00;254
9969;36;621090369;9969;548;11371;11625;4.37;0.27;359.58;14.63;1402;43;3982.00;254
9971;36;621090384;9971;553;11371;11625;4.43;0.27;359.79;14.63;1400;43;3983.00;254
9972;36;621090398;9972;557;11381;11638;4.47;0.27;359.80;14.62;1409;43;3984.00;257
9974;36;621090414;9974;553;11382;11638;4.48;0.27;359.83;14.62;1408;43;3985.00;256
9977;36;621090429;9977;553;11382;11638;4.50;0.28;359.99;14.62;1405;43;3986.00;256
9979;36;621090444;9979;552;11385;11639;4.51;0.28;359.97;14.70;1406;43;3987.00;254
9982;36;621090459;9982;555;11385;11639;4.50;0.28;359.92;14.70;1403;43;3988.00;254
9984;36;621090474;9984;550;11388;11643;4.53;0.28;359.90;14.69;1404;43;3989.00;255
9986;36;621090491;9986;547;11389;11643;4.50;0.28;359.91;14.69;1403;43;3990.00;254
9987;36;621090505;9987;553;11392;11647;4.51;0.28;359.89;14.69;1405;43;3991.00;255
9989;36;621090520;9989;553;11392;11647;4.52;0.28;359.91;14.69;1403;43;3992.00;255
9992;36;621090535;9992;559;11392;11647;4.52;0.28;359.89;14.69;1400;43;3993.00;255
9995;36;621090549;9995;558;11392;11647;4.48;0.27;359.88;14.69;1397;43;3994.00;255
9998;36;621090564;9998;563;11392;11647;4.47;0.27;359.86;14.69;1394;43;3995.00;255
9999;36;621090578;9999;566;11402;11659;4.47;0.27;359.88;14.68;1403;43;3996.00;257
10001;36;621090593;10001;570;11402;11659;4.46;0.27;359.91;14.68;1401;43;3997.00;257
10002;36;621090607;10002;571;11403;11659;4.48;0.27;359.88;14.68;1401;43;3998.00;256
10005;36;621090621;10005;579;11404;11659;4.46;0.27;359.82;14.75;1399;43;3999.00;255
10007;36;621090637;10007;575;11404;11659;4.46;0.27;359.82;14.75;1397;43;4000.00;255
10010;36;621090656;10010;575;11404;11659;4.43;0.27;359.91;14.75;1394;43;4001.00;255
10012;36;621090672;10012;575;11404;11660;4.41;0.27;359.95;14.75;1392;43;4002.00;256
10015;36;621090686;10015;577;11404;11660;4.39;0.27;359.96;14.75;1389;43;4003.00;256
10018;36;621090701;10018;567;11409;11666;4.42;0.27;359.93;14.75;1391;43;4004.00;257
10020;36;621090715;10020;570;11411;11668;4.42;0.27;359.92;14.74;1391;43;4005.00;257
10021;36;621090730;10021;574;11411;11668;4.45;0.27;359.93;14.74;1390;43;4006.00;257
10026;36;621090744;10026;574;11411;11668;4.42;0.27;359.97;14.74;1385;43;4007.00;257
10028;36;621090758;10028;579;11414;11672;4.47;0.27;359.97;14.74;1386;43;4008.00;258
10032;36;621090772;10032;575;11414;11672;4.43;0.27;359.98;14.74;1382;43;4009.00;258
10034;36;621090787;10034;574;11414;11672;4.40;0.27;359.98;14.74;1380;43;4010.00;258
10035;36;621090801;10035;574;11415;11673;4.41;0.27;359.96;14.74;1380;43;4011.00;258
10039;36;621090815;10039;574;11418;11677;4.38;0.27;359.97;14.74;1379;43;4012.00;259
10041;36;621090829;10041;571;11418;11677;4.33;0.26;359.97;14.74;1377;43;4013.00;259
10044;36;621090843;10044;567;11420;11680;4.26;0.26;360.00;14.73;1376;43;4014.00;260
10046;36;621090857;10046;568;11423;11680;4.20;0.26;359.98;14.85;1377;43;4015.00;257
10047;36;621090874;10047;565;11423;11680;4.18;0.25;359.97;14.85;1376;43;4016.00;257
10048;36;621090889;10048;576;11423;11680;4.20;0.26;359.96;14.85;1375;43;4017.00;257
10051;36;621090905;10051;580;11427;11684;4.24;0.26;359.93;14.85;1376;43;4018.00;257
10053;36;621090922;10053;568;11427;11684;4.25;0.26;359.90;14.85;1374;43;4019.00;257
10057;36;621090949;10057;552;11427;11684;4.28;0.26;359.90;14.85;1370;43;4020.00;257
10059;36;621090973;10059;544;11427;11684;4.36;0.26;359.88;14.85;1368;43;4021.00;257
10060;36;621090998;10060;535;11427;11685;4.43;0.27;359.88;14.85;1367;43;4022.00;258
10061;36;621091021;10061;524;11428;11686;4.50;0.27;359.85;14.85;1367;43;4023.00;258
10062;36;621091045;10062;524;11428;11686;4.53;0.28;359.82;14.85;1366;43;4024.00;258
10064;36;621091070;10064;527;11429;11687;4.53;0.28;359.83;14.85;1365;43;4025.00;258
10068;36;621091093;10068;520;11429;11687;4.50;0.27;359.76;14.85;1361;43;4026.00;258
10068;36;621091109;10068;525;11429;11687;4.56;0.28;359.76;14.85;1361;43;4027.00;258
10068;36;621091124;10068;522;11429;11687;4.61;0.28;359.76;14.85;1361;43;4028.00;258
10068;36;621091145;10068;525;11429;11687;4.64;0.28;359.76;14.85;1361;43;4029.00;258
10068;36;621091160;10068;521;11429;11687;4.68;0.29;359.76;14.85;1361;43;4030.00;258
10069;36;621091175;10069;518;11429;11687;4.70;0.29;359.77;14.85;1360;43;4031.00;258
10070;36;621091190;10070;526;11495;11814;4.92;0.30;359.74;14.76;1425;43;4032.00;319
10073;36;621091216;10073;522;11498;11815;4.94;0.31;359.78;14.76;1425;43;4033.00;317
10073;36;621091233;10073;523;11506;11815;5.04;0.31;359.78;14.75;1433;43;4034.00;309
10075;36;621091249;10075;515;11509;11815;5.03;0.31;359.75;14.74;1434;43;4035.00;306
10076;36;621091265;10076;526;11515;11815;5.04;0.31;359.78;14.74;1439;43;4036.00;300
10078;36;621091281;10078;521;11518;11815;5.03;0.31;359.78;14.74;1440;43;4037.00;297
10081;36;621091297;10081;518;11521;11815;4.99;0.31;359.73;14.73;1440;43;4038.00;294
10082;36;621091319;10082;527;11525;11815;4.99;0.31;359.71;14.79;1443;43;4039.00;290
10083;36;621091335;10083;529;11528;11816;4.97;0.31;359.69;14.79;1445;43;4040.00;288
10085;36;621091351;10085;538;11532;11817;4.94;0.30;359.76;14.79;1447;43;4041.00;285
10090;36;621091380;10090;536;11534;11817;4.81;0.29;359.86;14.79;1444;43;4042.00;283
10091;36;621091396;10091;543;11537;11818;4.79;0.29;359.91;14.91;1446;43;4043.00;281
10095;36;621091419;10095;545;11539;11818;4.75;0.29;359.90;14.91;1444;43;4044.00;279
10100;36;621091436;10100;547;11544;11818;4.68;0.29;359.95;14.98;1444;43;4045.00;274
10103;36;621091453;10103;556;11545;11818;4.66;0.29;360.02;14.98;1442;43;4046.00;273
10105;36;621091470;10105;560;11550;11822;4.62;0.28;360.00;14.97;1445;43;4047.00;272
10108;36;621091486;10108;566;11552;11822;4.60;0.28;360.21;14.97;1444;43;4048.00;270
10109;36;621091501;10109;573;11557;11822;4.57;0.28;360.21;15.22;1448;43;4049.00;265
10114;36;621091518;10114;580;11562;11828;4.53;0.28;360.25;15.21;1448;43;4050.00;266
10117;36;621091535;10117;580;11564;11828;4.47;0.27;360.36;15.33;1447;43;4051.00;264
10119;36;621091551;10119;587;11565;11828;4.45;0.27;360.41;15.33;1446;43;4052.00;263
10121;36;621091567;10121;588;11570;11832;4.43;0.27;360.39;15.33;1449;43;4053.00;262
10121;36;621091582;10121;589;11572;11833;4.43;0.27;360.39;15.39;1451;43;4054.00;261
10122;36;621091598;10122;589;11572;11833;4.43;0.27;360.39;15.39;1450;43;4055.00;261
10126;36;621091613;10126;595;11576;11837;4.42;0.27;360.45;15.38;1450;43;4056.00;261
10127;36;621091637;10127;602;11579;11837;4.40;0.27;360.43;15.50;1452;43;4057.00;258
10129;36;621091652;10129;611;11579;11837;4.37;0.27;360.46;15.50;1450;43;4058.00;258
10131;36;621091668;10131;607;11583;11838;4.32;0.26;360.47;15.68;1452;43;4059.00;255
10133;36;621091685;10133;600;11584;11838;4.29;0.26;360.48;15.74;1451;43;4060.00;254
10135;36;621091700;10135;604;11589;11844;4.28;0.26;360.49;15.73;1454;43;4061.00;255
10136;36;621091716;10136;596;11590;11844;4.29;0.26;360.47;15.79;1454;44;4062.00;254
10139;36;621091736;10139;597;11590;11845;4.31;0.26;360.54;15.79;1451;44;4063.00;255
10141;36;621091753;10141;596;11591;11845;4.30;0.26;360.57;15.85;1450;44;4064.00;254
10141;36;621091769;10141;598;11591;11845;4.32;0.26;360.57;15.85;1450;44;4065.00;254
10142;36;621091789;10142;595;11592;11845;4.35;0.27;360.55;15.90;1450;44;4066.00;253
10143;36;621091804;10143;595;11594;11845;4.36;0.27;360.60;16.02;1451;44;4067.00;251
10144;36;621091820;10144;596;11606;11857;4.37;0.27;360.58;16.06;1462;44;4068.00;251
10146;36;621091836;10146;596;11606;11857;4.38;0.27;360.67;16.06;1460;44;4069.00;251
10149;36;621091851;10149;592;11607;11857;4.43;0.27;360.74;16.12;1458;44;4070.00;250
10152;36;621091866;10152;590;11608;11857;4.42;0.27;360.77;16.17;1456;44;4071.00;249
10154;36;621091881;10154;594;11610;11857;4.41;0.27;360.75;16.29;1456;44;4072.00;247
10156;36;621091897;10156;599;11610;11857;4.36;0.27;360.75;16.29;1454;44;4073.00;247
10157;36;621091912;10157;607;11613;11861;4.37;0.27;360.74;16.28;1456;44;4074.00;248
10159;36;621091928;10159;606;11613;11861;4.35;0.27;360.82;16.28;1454;44;4075.00;248
10163;36;621091952;10163;608;11617;11865;4.33;0.27;360.84;16.28;1454;44;4076.00;248
10168;36;621091969;10168;611;11619;11866;4.27;0.26;360.91;16.33;1451;44;4077.00;247
10171;36;621091985;10171;610;11622;11866;4.22;0.26;360.94;16.50;1451;44;4078.00;244
10176;36;621092000;10176;617;11622;11866;4.18;0.26;360.96;16.50;1446;44;4079.00;244
10180;36;621092018;10180;619;11643;11895;4.20;0.26;361.01;16.47;1463;44;4080.00;252
10184;36;621092040;10184;609;11645;11895;4.20;0.26;361.00;16.46;1461;44;4081.00;250
10188;36;621092056;10188;608;11647;11895;4.24;0.26;361.06;16.46;1459;44;4082.00;248
10189;36;621092072;10189;612;11648;11896;4.30;0.26;361.08;16.46;1459;44;4083.00;248
10194;36;621092088;10194;608;11648;11897;4.29;0.26;361.06;16.46;1454;44;4084.00;249
10200;36;621092103;10200;609;11648;11897;4.28;0.26;361.10;16.46;1448;44;4085.00;249
10207;36;621092119;10207;615;11651;11900;4.27;0.26;361.20;16.45;1444;44;4086.00;249
10210;36;621092134;10210;611;11651;11900;4.31;0.26;361.29;16.45;1441;44;4087.00;249
10212;36;621092150;10212;607;11651;11900;4.33;0.27;361.30;16.45;1439;44;4088.00;249
10214;36;621092165;10214;607;11651;11900;4.36;0.27;361.32;16.45;1437;44;4089.00;249
10221;36;621092180;10221;603;11656;11906;4.37;0.27;361.46;16.45;1435;44;4090.00;250
10222;36;621092197;10222;599;11656;11906;4.40;0.27;361.44;16.45;1434;44;4091.00;250
10226;36;621092213;10226;595;11656;11906;4.39;0.27;361.49;16.45;1430;44;4092.00;250
10230;36;621092229;10230;590;11656;11906;4.42;0.27;361.53;16.45;1426;44;4093.00;250
10233;36;621092245;10233;591;11659;11910;4.41;0.27;361.51;16.44;1426;44;4094.00;251
10238;36;621092261;10238;579;11661;11912;4.42;0.27;361.56;16.44;1423;44;4095.00;251
10242;36;621092277;10242;577;11661;11912;4.42;0.27;361.62;16.44;1419;44;4096.00;251
10245;36;621092291;10245;575;11662;11913;4.42;0.27;361.61;16.44;1417;44;4097.00;251
10249;36;621092307;10249;579;11662;11913;4.46;0.27;361.73;16.44;1413;44;4098.00;251
10252;36;621092322;10252;582;11662;11913;4.52;0.28;361.72;16.44;1410;44;4099.00;251
10256;36;621092338;10256;582;11662;11913;4.53;0.28;361.79;16.44;1406;44;4100.00;251
10259;36;621092357;10259;582;11662;11913;4.52;0.28;361.78;16.44;1403;44;4101.00;251
10263;36;621092372;10263;579;11662;11913;4.53;0.28;361.83;16.44;1399;44;4102.00;251
10265;36;621092386;10265;580;11662;11913;4.51;0.27;361.85;16.44;1397;44;4103.00;251
10272;36;621092402;10272;592;11698;11983;4.48;0.27;362.09;16.39;1426;44;4104.00;285
10275;36;621092423;10275;585;11699;11984;4.48;0.27;362.12;16.39;1424;44;4105.00;285
10282;36;621092439;10282;587;11704;11984;4.46;0.27;362.09;16.38;1422;44;4106.00;280
10283;36;621092454;10283;594;11706;11984;4.50;0.27;362.10;16.38;1423;44;4107.00;278
10287;36;621092470;10287;595;11709;11984;4.47;0.27;362.13;16.38;1422;44;4108.00;275
10289;36;621092490;10289;602;11710;11984;4.43;0.27;362.14;16.38;1421;44;4109.00;274
10293;36;621092507;10293;600;11714;11984;4.39;0.27;362.15;16.37;1421;44;4110.00;270
10294;36;621092522;10294;605;11716;11984;4.37;0.27;362.15;16.37;1422;44;4111.00;268
10297;36;621092537;10297;613;11718;11985;4.31;0.26;362.15;16.37;1421;44;4112.00;267
10299;36;621092552;10299;609;11719;11986;4.29;0.26;362.16;16.37;1420;44;4113.00;267
10301;36;621092568;10301;610;11720;11986;4.26;0.26;362.33;16.37;1419;44;4114.00;266
10302;36;621092582;10302;621;11724;11990;4.27;0.26;362.31;16.36;1422;44;4115.00;266
10304;36;621092597;10304;625;11727;11990;4.24;0.26;362.36;16.36;1423;44;4116.00;263
10309;36;621092611;10309;624;11731;11990;4.21;0.26;362.49;16.36;1422;44;4117.00;259
10311;36;621092626;10311;619;11732;11990;4.22;0.26;362.49;16.36;1421;44;4118.00;258
10317;36;621092642;10317;631;11737;11996;4.17;0.25;362.48;16.35;1420;44;4119.00;259
10319;36;621092657;10319;631;11737;11996;4.16;0.25;362.57;16.35;1418;44;4120.00;259
10321;36;621092672;10321;634;11737;11996;4.12;0.25;362.57;16.35;1416;44;4121.00;259
10324;36;621092686;10324;634;11740;11999;4.08;0.25;362.54;16.35;1416;44;4122.00;259
10328;36;621092701;10328;637;11741;11999;4.04;0.25;362.65;16.35;1413;44;4123.00;258
10332;36;621092716;10332;648;11741;11999;4.01;0.24;362.81;16.35;1409;44;4124.00;258
10333;36;621092730;10333;647;11741;12000;4.04;0.25;362.92;16.35;1408;44;4125.00;259
10337;36;621092744;10337;658;11742;12001;4.00;0.24;363.03;16.35;1405;44;4126.00;259
10342;36;621092764;10342;640;11742;12001;3.96;0.24;363.20;16.35;1400;44;4127.00;259
10343;36;621092779;10343;636;11752;12014;4.01;0.24;363.17;16.33;1409;44;4128.00;262
10349;36;621092795;10349;634;11753;12014;3.97;0.24;363.23;16.33;1404;44;4129.00;261
10350;36;621092809;10350;640;11753;12014;3.97;0.24;363.30;16.33;1403;44;4130.00;261
10352;36;621092824;10352;654;11754;12015;3.99;0.24;363.37;16.33;1402;44;4131.00;261
10356;36;621092839;10356;646;11754;12015;3.98;0.24;363.55;16.33;1398;44;4132.00;261
10357;36;621092854;10357;642;11758;12019;4.02;0.24;363.58;16.33;1401;44;4133.00;261
10360;36;621092869;10360;644;11758;12019;4.03;0.25;363.63;16.33;1398;44;4134.00;261
10361;36;621092884;10361;641;11761;12023;4.02;0.24;363.63;16.32;1400;44;4135.00;262
10365;36;621092899;10365;631;11761;12023;4.00;0.24;363.69;16.32;1396;44;4136.00;262
10367;36;621092914;10367;630;11761;12023;3.99;0.24;363.81;16.32;1394;44;4137.00;262
10371;36;621092931;10371;619;11761;12023;3.98;0.24;363.85;16.32;1390;44;4138.00;262
10374;36;621092955;10374;615;11761;12023;3.96;0.24;363.88;16.32;1387;44;4139.00;262
10376;36;621092981;10376;618;11786;12057;4.03;0.25;363.94;16.29;1410;44;4140.00;271
10379;36;621093008;10379;615;11786;12057;4.04;0.25;363.89;16.29;1407;44;4141.00;271
10382;36;621093032;10382;617;11789;12057;4.09;0.25;363.95;16.28;1407;44;4142.00;268
10384;36;621093053;10384;620;11789;12057;4.13;0.25;363.93;16.28;1405;44;4143.00;268
10387;36;621093070;10387;627;11790;12057;4.16;0.25;364.11;16.28;1403;44;4144.00;267
10388;36;621093089;10388;626;11790;12057;4.19;0.26;364.09;16.28;1402;44;4145.00;267
10388;36;621093106;10388;625;11790;12058;4.19;0.26;364.09;16.28;1402;44;4146.00;268
10388;36;621093122;10388;621;11790;12058;4.21;0.26;364.09;16.28;1402;44;4147.00;268
10389;36;621093139;10389;619;11795;12064;4.28;0.26;364.07;16.28;1406;44;4148.00;269
10390;36;621093158;10390;613;11796;12065;4.30;0.26;364.07;16.28;1406;44;4149.00;269
10391;36;621093173;10391;614;11796;12065;4.29;0.26;364.11;16.28;1405;44;4150.00;269
10394;36;621093191;10394;608;11796;12065;4.26;0.26;364.16;16.28;1402;44;4151.00;269
10397;36;621093206;10397;609;11799;12069;4.26;0.26;364.18;16.27;1402;44;4152.00;270
10399;36;621093223;10399;608;11799;12069;4.25;0.26;364.21;16.27;1400;44;4153.00;270
10402;36;621093245;10402;621;11799;12069;4.23;0.26;364.28;16.27;1397;44;4154.00;270
10405;36;621093261;10405;623;11800;12070;4.22;0.26;364.23;16.27;1395;44;4155.00;270
10406;36;621093277;10406;622;11803;12074;4.22;0.26;364.21;16.27;1397;44;4156.00;271
10410;36;621093293;10410;628;11803;12074;4.16;0.25;364.16;16.27;1393;44;4157.00;271
10414;36;621093309;10414;630;11805;12077;4.14;0.25;364.20;16.26;1391;44;4158.00;272
10417;36;621093332;10417;631;11805;12077;4.07;0.25;364.12;16.26;1388;44;4159.00;272
10418;36;621093348;10418;637;11806;12077;4.03;0.24;364.10;16.26;1388;44;4160.00;271
10420;36;621093363;10420;649;11806;12077;3.97;0.24;364.03;16.26;1386;44;4161.00;271
10420;36;621093378;10420;644;11810;12081;3.98;0.24;364.03;16.26;1390;44;4162.00;271
10421;36;621093394;10421;654;11810;12081;3.93;0.24;364.03;16.26;1389;44;4163.00;271
10423;36;621093409;10423;654;11810;12081;3.87;0.23;364.05;16.26;1387;44;4164.00;271
10423;36;621093425;10423;656;11810;12081;3.83;0.23;364.05;16.26;1387;44;4165.00;271
10423;36;621093440;10423;658;11810;12082;3.85;0.23;364.05;16.26;1387;44;4166.00;272
10423;36;621093455;10423;664;11811;12083;3.82;0.23;364.05;16.26;1388;44;4167.00;272
10423;36;621093470;10423;667;11811;12083;3.81;0.23;364.05;16.26;1388;44;4168.00;272
10425;36;621093485;10425;665;11812;12084;3.81;0.23;364.06;16.25;1387;44;4169.00;272
10426;36;621093501;10426;661;11812;12084;3.81;0.23;364.06;16.25;1386;44;4170.00;272
10427;36;621093519;10427;643;11812;12084;3.80;0.23;364.03;16.25;1385;44;4171.00;272
10428;36;621093534;10428;629;11812;12084;3.83;0.23;364.08;16.25;1384;44;4172.00;272
10428;36;621093549;10428;616;11814;12086;3.86;0.23;364.08;16.25;1386;44;4173.00;272
10428;36;621093565;10428;603;11814;12086;3.96;0.24;364.08;16.25;1386;44;4174.00;272
10429;36;621093580;10429;595;11814;12086;4.07;0.25;364.07;16.25;1385;44;4175.00;272
10430;37;621093613;10430;613;11881;12213;4.32;0.27;364.09;16.16;1451;45;4176.00;332
10431;37;621093686;10431;593;11882;12214;4.44;0.27;364.11;16.16;1451;45;4177.00;332
10432;37;621093715;10432;572;11887;12214;4.62;0.28;364.09;16.15;1455;45;4178.00;327
10434;37;621093736;10434;562;11891;12214;4.74;0.29;364.13;16.15;1457;45;4179.00;323
10436;37;621093756;10436;559;11896;12214;4.77;0.29;364.12;16.14;1460;45;4180.00;318
10436;37;621093779;10436;546;11900;12214;4.87;0.30;364.12;16.14;1464;45;4181.00;314
10438;37;621093807;10438;538;11902;12214;4.94;0.30;364.13;16.14;1464;45;4182.00;312
10439;37;621093827;10439;529;11907;12214;4.99;0.31;364.13;16.13;1468;45;4183.00;307
10443;37;621093848;10443;523;11910;12215;5.02;0.31;364.13;16.20;1467;45;4184.00;305
10443;37;621093877;10443;525;11914;12217;5.04;0.31;364.13;16.25;1471;45;4185.00;303
10447;37;621093897;10447;525;11915;12217;5.05;0.31;364.10;16.25;1468;45;4186.00;302
10448;37;621093917;10448;523;11918;12218;5.03;0.31;364.10;16.25;1470;45;4187.00;300
10452;37;621093941;10452;527;11921;12218;4.99;0.30;364.25;16.25;1469;45;4188.00;297
10454;37;621093963;10454;527;11921;12218;4.94;0.30;364.28;16.25;1467;45;4189.00;297
10456;37;621093984;10456;519;11924;12218;4.90;0.30;364.28;16.31;1468;45;4190.00;294
10456;37;621094001;10456;520;11927;12222;4.95;0.30;364.28;16.31;1471;45;4191.00;295
10460;37;621094021;10460;516;11928;12222;4.93;0.30;364.37;16.31;1468;45;4192.00;294
10463;37;621094038;10463;516;11928;12222;4.95;0.30;364.42;16.31;1465;45;4193.00;294
10464;37;621094056;10464;518;11930;12225;5.00;0.30;364.40;16.31;1466;45;4194.00;295
10466;37;621094077;10466;518;11931;12225;5.02;0.31;364.46;16.31;1465;45;4195.00;294
10467;37;621094096;10467;518;11931;12225;5.02;0.31;364.55;16.31;1464;45;4196.00;294
10471;37;621094125;10471;524;11934;12229;5.01;0.30;364.62;16.30;1463;45;4197.00;295
10472;37;621094146;10472;519;11938;12230;5.03;0.31;364.59;16.30;1466;45;4198.00;292
10474;37;621094166;10474;522;11940;12230;5.02;0.31;364.67;16.30;1466;45;4199.00;290
10476;37;621094188;10476;525;11953;12264;4.97;0.30;364.70;16.29;1477;45;4200.00;311
10481;37;621094213;10481;528;11955;12264;4.93;0.30;364.97;16.29;1474;45;4201.00;309
10484;37;621094231;10484;535;11957;12264;4.91;0.30;364.95;16.29;1473;45;4202.00;307
10488;37;621094249;10488;525;11960;12265;4.87;0.30;365.15;16.29;1472;45;4203.00;305
10490;37;621094268;10490;527;11961;12265;4.87;0.30;365.26;16.29;1471;45;4204.00;304
10492;37;621094292;10492;534;11966;12271;4.85;0.29;365.40;16.29;1474;45;4205.00;305
10494;37;621094310;10494;541;11969;12271;4.79;0.29;365.51;16.35;1475;45;4206.00;302
10499;37;621094328;10499;548;11971;12272;4.77;0.29;365.62;16.34;1472;45;4207.00;301
10499;37;621094347;10499;558;11972;12272;4.75;0.29;365.62;16.34;1473;45;4208.00;300
10501;37;621094366;10501;554;11972;12272;4.75;0.29;365.63;16.34;1471;45;4209.00;300
10502;37;621094385;10502;562;11973;12272;4.79;0.29;365.67;16.41;1471;45;4210.00;299
10503;37;621094407;10503;565;11974;12272;4.84;0.29;365.67;16.47;1471;45;4211.00;298
10506;37;621094426;10506;567;11984;12284;4.81;0.29;365.68;16.46;1478;45;4212.00;300
10508;37;621094448;10508;563;11988;12284;4.82;0.29;365.64;16.58;1480;45;4213.00;296
10511;37;621094467;10511;571;11990;12284;4.78;0.29;365.65;16.58;1479;45;4214.00;294
10511;37;621094485;10511;578;11992;12284;4.79;0.29;365.65;16.69;1481;45;4215.00;292
10512;37;621094508;10512;575;11992;12284;4.77;0.29;365.66;16.69;1480;45;4216.00;292
10513;37;621094525;10513;581;11992;12284;4.79;0.29;365.71;16.69;1479;45;4217.00;292
10513;37;621094549;10513;592;11999;12288;4.79;0.29;365.71;16.81;1486;45;4218.00;289
10516;37;621094568;10516;588;12000;12288;4.77;0.29;365.77;16.88;1484;45;4219.00;288
10517;37;621094587;10517;598;12004;12292;4.83;0.29;365.76;16.87;1487;45;4220.00;288
10521;37;621094606;10521;595;12006;12293;4.82;0.29;365.83;16.93;1485;45;4221.00;287
10521;37;621094626;10521;600;12006;12293;4.80;0.29;365.83;16.93;1485;45;4222.00;287
10525;37;621094643;10525;605;12009;12293;4.75;0.29;365.93;17.00;1484;45;4223.00;284
10527;37;621094663;10527;608;12018;12306;4.74;0.29;365.93;16.99;1491;45;4224.00;288
10532;37;621094683;10532;610;12020;12306;4.69;0.28;366.09;16.98;1488;45;4225.00;286
10533;37;621094703;10533;610;12022;12306;4.68;0.28;366.11;17.05;1489;45;4226.00;284
10535;37;621094723;10535;610;12023;12307;4.68;0.28;366.18;17.04;1488;45;4227.00;284
10535;37;621094740;10535;617;12025;12308;4.65;0.28;366.18;17.17;1490;45;4228.00;283
10536;37;621094758;10536;623;12026;12308;4.60;0.28;366.19;17.17;1490;45;4229.00;282
10538;37;621094777;10538;607;12030;12314;4.60;0.28;366.21;17.16;1492;45;4230.00;284
10540;37;621094795;10540;609;12032;12314;4.57;0.28;366.22;17.28;1492;45;4231.00;282
10544;37;621094813;10544;608;12034;12314;4.54;0.28;366.27;17.28;1490;45;4232.00;280
10545;37;621094831;10545;600;12036;12314;4.48;0.27;366.30;17.40;1491;45;4233.00;278
10547;37;621094847;10547;600;12041;12320;4.50;0.27;366.32;17.39;1494;45;4234.00;279
10550;37;621094866;10550;600;12042;12320;4.48;0.27;366.33;17.39;1492;45;4235.00;278
10552;37;621094883;10552;604;12044;12320;4.44;0.27;366.34;17.51;1492;45;4236.00;276
10554;37;621094900;10554;608;12044;12320;4.43;0.27;366.37;17.51;1490;45;4237.00;276
10555;37;621094920;10555;615;12049;12324;4.45;0.27;366.41;17.62;1494;45;4238.00;275
10558;37;621094943;10558;607;12050;12325;4.43;0.27;366.48;17.62;1492;45;4239.00;275
10559;37;621094968;10559;602;12053;12325;4.45;0.27;366.51;17.74;1494;45;4240.00;272
10565;37;621094993;10565;608;12054;12326;4.43;0.27;366.75;17.74;1489;45;4241.00;272
10568;37;621095016;10568;611;12054;12326;4.40;0.27;366.89;17.74;1486;45;4242.00;272
10571;37;621095039;10571;617;12056;12326;4.37;0.27;366.92;17.85;1485;45;4243.00;270
10576;37;621095061;10576;623;12057;12326;4.36;0.27;366.91;17.91;1481;45;4244.00;269
10581;37;621095084;10581;621;12058;12326;4.34;0.26;367.03;17.96;1477;45;4245.00;268
10584;37;621095104;10584;629;12060;12326;4.29;0.26;367.06;18.02;1476;45;4246.00;266
10588;37;621095125;10588;623;12061;12326;4.20;0.26;367.16;18.08;1473;45;4247.00;265
10593;37;621095144;10593;636;12101;12396;4.21;0.26;367.18;18.02;1508;45;4248.00;295
10596;37;621095167;10596;634;12105;12397;4.15;0.25;367.32;18.13;1509;45;4249.00;292
10599;37;621095186;10599;631;12110;12397;4.14;0.25;367.43;18.12;1511;45;4250.00;287
10604;37;621095213;10604;625;12113;12397;4.09;0.25;367.38;18.17;1509;45;4251.00;284
10609;37;621095235;10609;640;12118;12397;4.06;0.25;367.52;18.23;1509;45;4252.00;279
10612;37;621095255;10612;646;12121;12397;4.07;0.25;367.60;18.28;1509;45;4253.00;276
10615;37;621095281;10615;650;12126;12397;4.06;0.25;367.56;18.33;1511;45;4254.00;271
10618;37;621095303;10618;648;12127;12397;4.08;0.25;367.60;18.33;1509;45;4255.00;270
10622;37;621095323;10622;652;12129;12398;4.08;0.25;367.64;18.33;1507;45;4256.00;269
10625;37;621095342;10625;649;12133;12399;4.10;0.25;367.71;18.44;1508;45;4257.00;266
10626;37;621095367;10626;645;12133;12399;4.12;0.25;367.68;18.44;1507;45;4258.00;266
10628;37;621095388;10628;643;12137;12403;4.13;0.25;367.71;18.43;1509;45;4259.00;266
10633;37;621095411;10633;643;12138;12403;4.10;0.25;367.81;18.43;1505;45;4260.00;265
10638;37;621095432;10638;651;12138;12403;4.04;0.25;367.89;18.43;1500;45;4261.00;265
10643;37;621095451;10643;654;12138;12403;4.01;0.25;367.90;18.43;1495;45;4262.00;265
10648;37;621095471;10648;651;12142;12409;3.96;0.24;367.90;18.43;1494;45;4263.00;267
10650;37;621095490;10650;652;12143;12409;3.97;0.24;367.96;18.43;1493;45;4264.00;266
10655;37;621095517;10655;647;12143;12409;3.97;0.24;368.07;18.43;1488;45;4265.00;266
10660;37;621095537;10660;647;12144;12412;3.92;0.24;368.14;18.42;1484;45;4266.00;268
10661;37;621095558;10661;646;12144;12412;3.97;0.24;368.25;18.42;1483;45;4267.00;268
10666;37;621095581;10666;643;12145;12412;3.98;0.24;368.30;18.42;1479;45;4268.00;267
10671;37;621095603;10671;642;12145;12413;3.97;0.24;368.40;18.42;1474;45;4269.00;268
10675;37;621095627;10675;652;12146;12414;3.95;0.24;368.56;18.42;1471;45;4270.00;268
10682;37;621095648;10682;650;12147;12414;3.92;0.24;368.56;18.42;1465;45;4271.00;267
10685;37;621095674;10685;658;12156;12427;3.90;0.24;368.56;18.41;1471;45;4272.00;271
10688;37;621095697;10688;665;12157;12427;3.83;0.23;368.60;18.41;1469;45;4273.00;270
10694;37;621095717;10694;669;12157;12427;3.78;0.23;368.59;18.41;1463;45;4274.00;270
10696;37;621095739;10696;674;12158;12429;3.76;0.23;368.62;18.41;1462;45;4275.00;271
10700;37;621095759;10700;688;12158;12429;3.70;0.23;368.77;18.41;1458;45;4276.00;271
10703;37;621095779;10703;688;12162;12433;3.67;0.22;368.83;18.40;1459;45;4277.00;271
10710;37;621095798;10710;701;12162;12433;3.60;0.22;368.92;18.40;1452;45;4278.00;271
10713;37;621095819;10713;706;12165;12437;3.60;0.22;368.94;18.40;1452;45;4279.00;272
10715;37;621095837;10715;714;12165;12437;3.57;0.22;368.92;18.40;1450;45;4280.00;272
10720;37;621095856;10720;718;12167;12437;3.52;0.22;369.06;18.40;1447;45;4281.00;270
10724;37;621095875;10724;720;12167;12437;3.50;0.21;369.12;18.40;1443;45;4282.00;270
10726;37;621095894;10726;721;12167;12437;3.52;0.22;369.12;18.40;1441;45;4283.00;270
10730;37;621095911;10730;733;12177;12449;3.56;0.22;369.21;18.38;1447;45;4284.00;272
10735;37;621095931;10735;732;12179;12449;3.51;0.22;369.21;18.38;1444;45;4285.00;270
10739;37;621095950;10739;740;12179;12449;3.48;0.21;369.20;18.38;1440;45;4286.00;270
10741;37;621095972;10741;739;12179;12449;3.45;0.21;369.20;18.38;1438;45;4287.00;270
10744;37;621095990;10744;737;12181;12449;3.40;0.21;369.25;18.38;1437;45;4288.00;268
10748;37;621096006;10748;748;12181;12449;3.33;0.20;369.19;18.38;1433;45;4289.00;268
10751;37;621096024;10751;755;12182;12450;3.26;0.20;369.16;18.38;1431;45;4290.00;268
10755;37;621096042;10755;752;12182;12450;3.19;0.19;369.18;18.38;1427;45;4291.00;268
10757;37;621096060;10757;755;12186;12456;3.16;0.19;369.15;18.38;1429;45;4292.00;270
10759;37;621096078;10759;753;12188;12457;3.14;0.19;369.23;18.37;1429;45;4293.00;269
10761;37;621096096;10761;758;12188;12457;3.10;0.19;369.21;18.37;1427;45;4294.00;269
10761;37;621096116;10761;761;12188;12457;3.08;0.19;369.21;18.37;1427;45;4295.00;269
10766;37;621096131;10766;767;12192;12461;3.05;0.19;369.21;18.37;1426;45;4296.00;269
10767;37;621096149;10767;753;12192;12461;3.03;0.19;369.19;18.37;1425;45;4297.00;269
10770;37;621096167;10770;747;12192;12461;3.03;0.19;369.22;18.37;1422;45;4298.00;269
10771;37;621096185;10771;746;12193;12462;3.06;0.19;369.26;18.37;1422;45;4299.00;269
10774;37;621096208;10774;736;12197;12466;3.10;0.19;369.27;18.46;1423;45;4300.00;269
10775;37;621096238;10775;734;12197;12466;3.10;0.19;369.35;18.46;1422;45;4301.00;269
10777;37;621096255;10777;732;12199;12469;3.15;0.19;369.40;18.45;1422;45;4302.00;270
10778;37;621096272;10778;735;12199;12469;3.17;0.19;369.37;18.45;1421;45;4303.00;270
10779;37;621096292;10779;740;12200;12469;3.19;0.20;369.37;18.45;1421;45;4304.00;269
10780;37;621096313;10780;740;12200;12469;3.24;0.20;369.37;18.45;1420;45;4305.00;269
10781;37;621096331;10781;720;12204;12473;3.34;0.20;369.40;18.45;1423;45;4306.00;269
10783;37;621096350;10783;706;12204;12473;3.37;0.21;369.36;18.45;1421;45;4307.00;269
10785;37;621096369;10785;694;12204;12473;3.41;0.21;369.31;18.45;1419;45;4308.00;269
10789;37;621096388;10789;685;12204;12473;3.46;0.21;369.29;18.45;1415;45;4309.00;269
10793;37;621096408;10793;673;12204;12474;3.49;0.21;369.25;18.45;1411;45;4310.00;270
10795;37;621096427;10795;670;12205;12475;3.54;0.22;369.23;18.45;1410;45;4311.00;270
10796;37;621096447;10796;663;12205;12475;3.62;0.22;369.27;18.45;1409;45;4312.00;270
10798;37;621096466;10798;658;12206;12476;3.65;0.22;369.29;18.44;1408;45;4313.00;270
10800;37;621096486;10800;661;12206;12476;3.69;0.22;369.23;18.44;1406;45;4314.00;270
10802;37;621096502;10802;667;12206;12476;3.73;0.23;369.20;18.44;1404;45;4315.00;270
10805;37;621096520;10805;673;12206;12476;3.77;0.23;369.31;18.44;1401;45;4316.00;270
10806;37;621096540;10806;667;12206;12476;3.79;0.23;369.34;18.44;1400;45;4317.00;270
10806;37;621096557;10806;675;12206;12476;3.83;0.23;369.34;18.44;1400;45;4318.00;270
10807;37;621096576;10807;675;12207;12476;3.87;0.24;369.42;18.54;1400;45;4319.00;269
10807;37;621096595;10807;723;12321;12706;4.26;0.27;369.42;18.37;1514;45;4320.00;385
10808;37;621096640;10808;710;12325;12707;4.27;0.27;369.39;18.36;1517;45;4321.00;382
10810;37;621096659;10810;701;12336;12707;4.32;0.27;369.38;18.35;1526;45;4322.00;371
10811;37;621096679;10811;681;12340;12707;4.37;0.27;369.43;18.35;1529;45;4323.00;367
10812;37;621096699;10812;668;12347;12707;4.36;0.27;369.45;18.34;1535;45;4324.00;360
10812;37;621096723;10812;663;12350;12707;4.37;0.27;369.45;18.33;1538;45;4325.00;357
10814;37;621096742;10814;653;12354;12707;4.39;0.27;369.46;18.33;1540;45;4326.00;353
10814;37;621096761;10814;660;12360;12707;4.43;0.28;369.46;18.32;1546;45;4327.00;347
10815;37;621096780;10815;656;12363;12708;4.44;0.28;369.45;18.32;1548;45;4328.00;345
10816;37;621096800;10816;652;12367;12709;4.47;0.28;369.48;18.32;1551;45;4329.00;342
10818;37;621096819;10818;654;12372;12709;4.46;0.28;369.51;18.32;1554;45;4330.00;337
10821;37;621096841;10821;661;12376;12710;4.44;0.27;369.53;18.31;1555;45;4331.00;334
10823;37;621096868;10823;654;12379;12710;4.43;0.27;369.52;18.31;1556;45;4332.00;331
10823;37;621096889;10823;651;12381;12710;4.44;0.27;369.52;18.31;1558;45;4333.00;329
10824;37;621096912;10824;659;12384;12710;4.44;0.27;369.57;18.31;1560;45;4334.00;326
10824;37;621096932;10824;659;12386;12714;4.47;0.28;369.57;18.31;1562;45;4335.00;328
10824;37;621096964;10824;661;12387;12714;4.49;0.28;369.57;18.31;1563;45;4336.00;327
10826;37;621096991;10826;670;12389;12714;4.51;0.28;369.57;18.40;1563;45;4337.00;325
10827;37;621097022;10827;666;12390;12717;4.55;0.28;369.61;18.40;1563;45;4338.00;327
10831;37;621097048;10831;672;12390;12717;4.53;0.28;369.65;18.40;1559;45;4339.00;327
10833;38;621097069;10833;662;12391;12717;4.55;0.28;369.65;18.40;1558;46;4340.00;326
10835;38;621097110;10835;659;12394;12721;4.58;0.28;369.65;18.39;1559;46;4341.00;327
10835;38;621097139;10835;650;12395;12722;4.57;0.28;369.65;18.39;1560;46;4342.00;327
10835;38;621097158;10835;646;12395;12722;4.62;0.28;369.65;18.39;1560;46;4343.00;327
10838;38;621097174;10838;647;12398;12726;4.64;0.28;369.72;18.39;1560;46;4344.00;328
10841;38;621097193;10841;636;12398;12726;4.63;0.28;369.74;18.39;1557;46;4345.00;328
10845;38;621097225;10845;635;12399;12726;4.66;0.29;369.84;18.39;1554;46;4346.00;327
10846;38;621097244;10846;636;12399;12727;4.72;0.29;369.86;18.39;1553;46;4347.00;328
10851;38;621097262;10851;629;12401;12727;4.73;0.29;369.87;18.39;1550;46;4348.00;326
10855;38;621097280;10855;623;12404;12733;4.76;0.29;369.83;18.39;1549;46;4349.00;329
10859;38;621097300;10859;618;12404;12733;4.81;0.29;369.90;18.39;1545;46;4350.00;329
10861;38;621097318;10861;616;12406;12734;4.84;0.30;370.01;18.39;1545;46;4351.00;328
10866;38;621097336;10866;615;12407;12734;4.82;0.29;370.19;18.48;1541;46;4352.00;327
10869;38;621097355;10869;613;12410;12734;4.77;0.29;370.27;18.49;1541;46;4353.00;324
10873;38;621097372;10873;611;12412;12734;4.75;0.29;370.24;18.49;1539;46;4354.00;322
10876;38;621097391;10876;605;12414;12734;4.73;0.29;370.27;18.61;1538;46;4355.00;320
10877;38;621097413;10877;606;12424;12746;4.77;0.29;370.25;18.59;1547;46;4356.00;322
10884;38;621097432;10884;603;12425;12746;4.78;0.29;370.43;18.59;1541;46;4357.00;321
10887;38;621097450;10887;605;12426;12746;4.81;0.29;370.47;18.59;1539;46;4358.00;320
10889;38;621097471;10889;598;12427;12746;4.84;0.29;370.54;18.59;1538;46;4359.00;319
10891;38;621097490;10891;597;12427;12746;4.85;0.29;370.67;18.59;1536;46;4360.00;319
10892;38;621097508;10892;599;12429;12746;4.86;0.30;370.65;18.59;1537;46;4361.00;317
10896;38;621097526;10896;608;12432;12750;4.85;0.29;370.78;18.59;1536;46;4362.00;318
10901;38;621097545;10901;606;12433;12750;4.84;0.29;370.88;18.59;1532;46;4363.00;317
10901;38;621097564;10901;605;12436;12754;4.84;0.29;370.88;18.64;1535;46;4364.00;318
10903;38;621097583;10903;607;12439;12756;4.84;0.29;370.96;18.64;1536;46;4365.00;317
10905;38;621097601;10905;610;12439;12756;4.80;0.29;371.02;18.64;1534;46;4366.00;317
10908;38;621097620;10908;616;12440;12756;4.70;0.28;371.10;18.64;1532;46;4367.00;316
10908;38;621097639;10908;624;12451;12769;4.64;0.28;371.10;18.63;1543;46;4368.00;318
10913;38;621097657;10913;618;12452;12769;4.54;0.27;371.28;18.64;1539;46;4369.00;317
10915;38;621097675;10915;628;12452;12769;4.47;0.27;371.45;18.64;1537;46;4370.00;317
10918;38;621097694;10918;636;12454;12770;4.46;0.27;371.45;18.64;1536;46;4371.00;316
10921;38;621097712;10921;639;12455;12771;4.41;0.27;371.56;18.64;1534;46;4372.00;316
10922;38;621097730;10922;644;12457;12771;4.42;0.27;371.67;18.64;1535;46;4373.00;314
10924;38;621097755;10924;649;12459;12774;4.41;0.27;371.80;18.64;1535;46;4374.00;315
10925;38;621097774;10925;646;12460;12774;4.40;0.27;371.81;18.64;1535;46;4375.00;314
10929;38;621097792;10929;655;12461;12774;4.37;0.27;371.90;18.64;1532;46;4376.00;313
10930;38;621097810;10930;658;12462;12774;4.37;0.27;371.87;18.64;1532;46;4377.00;312
10934;38;621097827;10934;659;12468;12780;4.38;0.27;371.93;18.64;1534;46;4378.00;312
10939;38;621097852;10939;665;12469;12780;4.34;0.26;371.99;18.70;1530;46;4379.00;311
10940;38;621097871;10940;674;12470;12780;4.33;0.26;372.05;18.70;1530;46;4380.00;310
10944;38;621097887;10944;672;12471;12780;4.27;0.26;372.02;18.70;1527;46;4381.00;309
10944;38;621097904;10944;680;12474;12784;4.26;0.26;372.02;18.70;1530;46;4382.00;310
10951;38;621097922;10951;680;12477;12785;4.24;0.26;371.98;18.82;1526;46;4383.00;308
10954;38;621097941;10954;680;12478;12785;4.25;0.26;371.99;18.82;1524;46;4384.00;307
10957;38;621097958;10957;690;12479;12786;4.23;0.26;372.03;18.82;1522;46;4385.00;307
10962;38;621097976;10962;688;12483;12786;4.21;0.26;372.11;18.95;1521;46;4386.00;303
10962;38;621097993;10962;694;12485;12786;4.25;0.26;372.11;19.02;1523;46;4387.00;301
10964;38;621098009;10964;698;12486;12786;4.26;0.26;372.12;19.02;1522;46;4388.00;300
10967;38;621098025;10967;697;12488;12786;4.25;0.26;372.18;19.08;1521;46;4389.00;298
10968;38;621098041;10968;697;12489;12786;4.28;0.26;372.19;19.08;1521;46;4390.00;297
10972;38;621098057;10972;694;12489;12786;4.27;0.26;372.22;19.08;1517;46;4391.00;297
10974;38;621098073;10974;703;12525;12856;4.42;0.27;372.23;19.03;1551;46;4392.00;331
10974;38;621098095;10974;702;12527;12857;4.40;0.27;372.23;19.02;1553;46;4393.00;330
10979;38;621098112;10979;687;12535;12857;4.38;0.27;372.17;19.14;1556;46;4394.00;322
10980;38;621098128;10980;696;12538;12857;4.37;0.27;372.22;19.20;1558;46;4395.00;319
10981;38;621098144;10981;692;12542;12857;4.36;0.27;372.33;19.25;1561;46;4396.00;315
10983;38;621098160;10983;685;12543;12857;4.32;0.27;372.37;19.25;1560;46;4397.00;314
10985;38;621098176;10985;697;12548;12857;4.31;0.26;372.44;19.37;1563;46;4398.00;309
10987;38;621098193;10987;688;12549;12857;4.30;0.26;372.45;19.37;1562;46;4399.00;308
10989;38;621098210;10989;694;12552;12858;4.33;0.27;372.53;19.36;1563;46;4400.00;306
10991;38;621098230;10991;699;12554;12859;4.32;0.27;372.55;19.36;1563;46;4401.00;305
10995;38;621098247;10995;691;12556;12859;4.27;0.26;372.59;19.36;1561;46;4402.00;303
11002;38;621098276;11002;693;12561;12863;4.24;0.26;372.67;19.36;1559;46;4403.00;302
11003;38;621098293;11003;699;12561;12863;4.24;0.26;372.66;19.36;1558;46;4404.00;302
11007;38;621098309;11007;698;12561;12863;4.22;0.26;372.74;19.36;1554;46;4405.00;302
11010;38;621098325;11010;695;12561;12863;4.23;0.26;372.72;19.36;1551;46;4406.00;302
11017;38;621098341;11017;697;12565;12869;4.25;0.26;372.75;19.35;1548;46;4407.00;304
11020;38;621098358;11020;701;12565;12869;4.27;0.26;372.89;19.35;1545;46;4408.00;304
11023;38;621098374;11023;696;12565;12869;4.26;0.26;372.88;19.35;1542;46;4409.00;304
11024;38;621098391;11024;696;12568;12875;4.26;0.26;372.96;19.35;1544;46;4410.00;307
11027;38;621098408;11027;704;12568;12875;4.24;0.26;373.00;19.35;1541;46;4411.00;307
11030;38;621098424;11030;704;12569;12875;4.21;0.26;373.01;19.34;1539;46;4412.00;306
11032;38;621098440;11032;713;12569;12876;4.15;0.25;373.02;19.34;1537;46;4413.00;307
11036;38;621098455;11036;710;12570;12877;4.10;0.25;373.02;19.34;1534;46;4414.00;307
11037;38;621098471;11037;716;12570;12877;4.04;0.25;372.99;19.34;1533;46;4415.00;307
11040;38;621098486;11040;717;12579;12890;4.00;0.24;372.98;19.33;1539;46;4416.00;311
11044;38;621098502;11044;723;12580;12890;3.95;0.24;372.98;19.33;1536;46;4417.00;310
11045;38;621098517;11045;730;12580;12890;3.88;0.24;373.02;19.33;1535;46;4418.00;310
11047;38;621098531;11047;739;12580;12891;3.82;0.23;373.04;19.33;1533;46;4419.00;311
11050;38;621098546;11050;728;12581;12891;3.76;0.23;373.13;19.33;1531;46;4420.00;310
11054;38;621098563;11054;728;12584;12895;3.74;0.23;373.15;19.32;1530;46;4421.00;311
11057;38;621098578;11057;729;12584;12895;3.72;0.23;373.33;19.32;1527;46;4422.00;311
11061;38;621098593;11061;720;12589;12899;3.73;0.23;373.46;19.32;1528;46;4423.00;310
11067;38;621098609;11067;715;12589;12899;3.72;0.23;373.59;19.32;1522;46;4424.00;310
11070;38;621098630;11070;718;12590;12899;3.76;0.23;373.67;19.32;1520;46;4425.00;309
11076;38;621098646;11076;719;12590;12899;3.74;0.23;373.76;19.32;1514;46;4426.00;309
11078;38;621098662;11078;710;12590;12899;3.78;0.23;373.79;19.32;1512;46;4427.00;309
11084;38;621098677;11084;713;12600;12911;3.83;0.23;373.74;19.31;1516;46;4428.00;311
11087;38;621098694;11087;710;12600;12911;3.84;0.23;373.73;19.31;1513;46;4429.00;311
11089;38;621098710;11089;704;12600;12911;3.84;0.23;373.78;19.31;1511;46;4430.00;311
11094;38;621098725;11094;700;12600;12911;3.82;0.23;373.78;19.31;1506;46;4431.00;311
11098;38;621098741;11098;695;12600;12911;3.79;0.23;373.79;19.31;1502;46;4432.00;311
11102;38;621098757;11102;685;12600;12911;3.75;0.23;373.79;19.31;1498;46;4433.00;311
11105;38;621098772;11105;680;12600;12912;3.71;0.23;373.92;19.31;1495;46;4434.00;312
11109;39;621098788;11109;677;12600;12912;3.72;0.23;373.96;19.31;1491;47;4435.00;312
11113;39;621098815;11113;675;12604;12918;3.72;0.23;374.11;19.30;1491;47;4436.00;314
11115;39;621098833;11115;679;12604;12919;3.68;0.23;374.10;19.30;1489;47;4437.00;315
11119;39;621098850;11119;679;12605;12919;3.64;0.22;374.18;19.40;1486;47;4438.00;314
11123;39;621098868;11123;677;12605;12919;3.64;0.22;374.15;19.40;1482;47;4439.00;314
11129;39;621098887;11129;676;12609;12924;3.70;0.23;374.12;19.39;1480;47;4440.00;315
11133;39;621098905;11133;679;12609;12924;3.69;0.23;374.14;19.39;1476;47;4441.00;315
11137;39;621098921;11137;680;12609;12924;3.66;0.22;374.11;19.39;1472;47;4442.00;315
11139;39;621098949;11139;672;12610;12925;3.67;0.23;374.07;19.39;1471;47;4443.00;315
11143;39;621098979;11143;677;12613;12929;3.65;0.22;374.01;19.38;1470;47;4444.00;316
11148;39;621099004;11148;683;12614;12929;3.62;0.22;374.07;19.39;1466;47;4445.00;315
11154;39;621099026;11154;675;12615;12932;3.58;0.22;374.12;19.38;1461;47;4446.00;317
11157;39;621099047;11157;674;12615;12932;3.56;0.22;374.13;19.38;1458;47;4447.00;317
11162;39;621099065;11162;686;12615;12932;3.54;0.22;374.20;19.38;1453;47;4448.00;317
11164;39;621099082;11164;683;12615;12932;3.53;0.22;374.18;19.38;1451;47;4449.00;317
11170;39;621099099;11170;686;12619;12936;3.53;0.22;374.36;19.38;1449;47;4450.00;317
11175;39;621099117;11175;692;12619;12936;3.48;0.21;374.36;19.38;1444;47;4451.00;317
11179;39;621099135;11179;690;12619;12936;3.48;0.21;374.34;19.38;1440;47;4452.00;317
11183;39;621099151;11183;690;12621;12936;3.47;0.21;374.26;19.38;1438;47;4453.00;315
11191;39;621099166;11191;684;12621;12937;3.40;0.21;374.39;19.38;1430;47;4454.00;316
11194;39;621099182;11194;693;12622;12939;3.38;0.21;374.32;19.38;1428;47;4455.00;317
11198;39;621099203;11198;696;12623;12939;3.32;0.20;374.29;19.38;1425;47;4456.00;316
11201;39;621099219;11201;700;12625;12940;3.30;0.20;374.28;19.38;1424;47;4457.00;315
11203;39;621099235;11203;698;12625;12940;3.27;0.20;374.23;19.38;1422;47;4458.00;315
11208;39;621099251;11208;705;12627;12940;3.21;0.20;374.16;19.38;1419;47;4459.00;313
11210;39;621099267;11210;703;12627;12940;3.16;0.19;374.18;19.38;1417;47;4460.00;313
11212;39;621099282;11212;709;12629;12940;3.15;0.19;374.20;19.38;1417;47;4461.00;311
11213;39;621099297;11213;706;12629;12940;3.13;0.19;374.21;19.38;1416;47;4462.00;311
11215;39;621099311;11215;703;12630;12940;3.12;0.19;374.24;19.39;1415;47;4463.00;310
11218;39;621099326;11218;716;12696;13067;3.47;0.22;374.24;19.29;1478;47;4464.00;371
11219;39;621099351;11219;710;12700;13068;3.48;0.22;374.21;19.28;1481;47;4465.00;368
11222;39;621099367;11222;711;12709;13068;3.49;0.22;374.27;19.27;1487;47;4466.00;359
11226;39;621099382;11226;701;12714;13068;3.48;0.21;374.30;19.26;1488;47;4467.00;354
11227;39;621099398;11227;694;12717;13068;3.54;0.22;374.33;19.26;1490;47;4468.00;351
11229;39;621099413;11229;691;12719;13068;3.57;0.22;374.31;19.26;1490;47;4469.00;349
11235;39;621099431;11235;690;12724;13068;3.56;0.22;374.28;19.25;1489;47;4470.00;344
11236;39;621099460;11236;692;12727;13068;3.62;0.22;374.29;19.25;1491;47;4471.00;341
11238;39;621099477;11238;683;12729;13069;3.60;0.22;374.31;19.25;1491;47;4472.00;340
11241;39;621099494;11241;687;12732;13070;3.55;0.22;374.31;19.25;1491;47;4473.00;338
11242;39;621099510;11242;696;12733;13070;3.52;0.22;374.32;19.25;1491;47;4474.00;337
11243;39;621099526;11243;693;12737;13071;3.48;0.21;374.33;19.24;1494;47;4475.00;334
11246;39;621099543;11246;673;12739;13071;3.46;0.21;374.31;19.24;1493;47;4476.00;332
11246;39;621099559;11246;672;12741;13071;3.51;0.22;374.31;19.24;1495;47;4477.00;330
11246;39;621099581;11246;658;12744;13071;3.62;0.22;374.31;19.24;1498;47;4478.00;327
11247;39;621099598;11247;655;12748;13075;3.71;0.23;374.29;19.23;1501;47;4479.00;327
11247;39;621099625;11247;649;12748;13075;3.78;0.23;374.29;19.23;1501;47;4480.00;327
11247;39;621099643;11247;634;12748;13075;3.86;0.24;374.29;19.23;1501;47;4481.00;327
11249;39;621099666;11249;635;12752;13078;3.98;0.24;374.32;19.23;1503;47;4482.00;326
11252;39;621099683;11252;631;12754;13078;4.03;0.25;374.29;19.23;1502;47;4483.00;324
11252;39;621099699;11252;619;12754;13078;4.11;0.25;374.29;19.23;1502;47;4484.00;324
11253;39;621099722;11253;620;12759;13082;4.17;0.25;374.28;19.23;1506;47;4485.00;323
11254;39;621099739;11254;606;12760;13083;4.22;0.26;374.29;19.23;1506;47;4486.00;323
11254;39;621099762;11254;600;12760;13083;4.31;0.26;374.29;19.23;1506;47;4487.00;323
11256;39;621099779;11256;588;12765;13087;4.37;0.27;374.25;19.22;1509;47;4488.00;322
11257;39;621099797;11257;581;12766;13087;4.44;0.27;374.24;19.22;1509;47;4489.00;321
11259;39;621099814;11259;580;12766;13087;4.47;0.27;374.22;19.22;1507;47;4490.00;321
11259;39;621099831;11259;581;12767;13088;4.51;0.27;374.22;19.22;1508;47;4491.00;321
11260;39;621099848;11260;572;12768;13088;4.53;0.28;374.20;19.22;1508;47;4492.00;320
11261;39;621099866;11261;574;12772;13094;4.56;0.28;374.17;19.21;1511;47;4493.00;322
11261;39;621099884;11261;568;12773;13094;4.58;0.28;374.17;19.21;1512;47;4494.00;321
11261;39;621099900;11261;554;12773;13095;4.61;0.28;374.17;19.21;1512;47;4495.00;322
11264;39;621099917;11264;554;12773;13095;4.62;0.28;374.25;19.21;1509;47;4496.00;322
11267;39;621099935;11267;552;12773;13095;4.64;0.28;374.26;19.21;1506;47;4497.00;322
11267;39;621099952;11267;552;12773;13095;4.65;0.28;374.26;19.21;1506;47;4498.00;322
11270;39;621099970;11270;550;12774;13095;4.67;0.28;374.24;19.31;1504;47;4499.00;321
11272;39;621099996;11272;554;12800;13145;4.74;0.29;374.21;19.27;1528;47;4500.00;345
11274;39;621100021;11274;550;12801;13147;4.76;0.29;374.26;19.27;1527;47;4501.00;346
11275;39;621100038;11275;555;12804;13147;4.79;0.29;374.30;19.26;1529;47;4502.00;343
11276;39;621100054;11276;547;12804;13147;4.85;0.29;374.36;19.26;1528;47;4503.00;343
11281;39;621100071;11281;551;12806;13147;4.86;0.30;374.59;19.26;1525;47;4504.00;341
11283;39;621100089;11283;557;12806;13147;4.86;0.29;374.57;19.26;1523;47;4505.00;341
11286;39;621100105;11286;560;12810;13151;4.85;0.29;374.64;19.26;1524;47;4506.00;341
11289;39;621100128;11289;562;12811;13151;4.81;0.29;374.70;19.26;1522;47;4507.00;340
11292;39;621100144;11292;566;12815;13155;4.77;0.29;374.80;19.25;1523;47;4508.00;340
11294;39;621100167;11294;566;12816;13156;4.78;0.29;374.78;19.25;1522;47;4509.00;340
11297;39;621100184;11297;561;12816;13156;4.81;0.29;374.85;19.25;1519;47;4510.00;340
11297;39;621100201;11297;557;12816;13156;4.84;0.29;374.85;19.25;1519;47;4511.00;340
11299;39;621100220;11299;558;12827;13169;4.84;0.29;374.88;19.23;1528;47;4512.00;342
11302;39;621100242;11302;552;12827;13169;4.87;0.30;374.97;19.23;1525;47;4513.00;342
11306;39;621100261;11306;543;12828;13169;4.90;0.30;375.08;19.23;1522;47;4514.00;341
11306;39;621100285;11306;539;12829;13170;4.95;0.30;375.08;19.23;1523;47;4515.00;341
11308;39;621100302;11308;533;12829;13171;5.03;0.30;375.21;19.23;1521;47;4516.00;342
11312;39;621100319;11312;541;12829;13171;5.05;0.31;375.31;19.23;1517;47;4517.00;342
11315;39;621100336;11315;541;12833;13174;5.06;0.31;375.39;19.23;1518;47;4518.00;341
11317;39;621100354;11317;528;12833;13174;5.12;0.31;375.38;19.23;1516;47;4519.00;341
11320;39;621100371;11320;531;12834;13174;5.11;0.31;375.47;19.23;1514;47;4520.00;340
11323;39;621100388;11323;528;12834;13174;5.07;0.31;375.57;19.23;1511;47;4521.00;340
11324;39;621100405;11324;526;12838;13180;5.07;0.31;375.59;19.22;1514;47;4522.00;342
11329;39;621100423;11329;529;12838;13180;4.98;0.30;375.73;19.22;1509;47;4523.00;342
11331;40;621100440;11331;525;12839;13180;4.97;0.30;375.81;19.22;1508;48;4524.00;341
11336;40;621100468;11336;523;12840;13180;4.93;0.30;375.89;19.22;1504;48;4525.00;340
11339;40;621100485;11339;526;12843;13184;4.92;0.30;376.10;19.22;1504;48;4526.00;341
11341;40;621100502;11341;526;12844;13185;4.89;0.30;376.12;19.22;1503;48;4527.00;341
11345;40;621100519;11345;526;12844;13185;4.86;0.29;376.22;19.22;1499;48;4528.00;341
11349;40;621100536;11349;529;12845;13186;4.80;0.29;376.27;19.22;1496;48;4529.00;341
11353;40;621100555;11353;526;12846;13186;4.78;0.29;376.30;19.22;1493;48;4530.00;340
11354;40;621100572;11354;530;12847;13186;4.75;0.29;376.42;19.22;1493;48;4531.00;339
11356;41;621100588;11356;540;12847;13186;4.73;0.29;376.45;19.22;1491;49;4532.00;339
11359;41;621100610;11359;534;12847;13186;4.67;0.28;376.58;19.22;1488;49;4533.00;339
11361;41;621100626;11361;544;12847;13186;4.61;0.28;376.54;19.22;1486;49;4534.00;339
11363;41;621100643;11363;555;12848;13186;4.54;0.28;376.57;19.22;1485;49;4535.00;338
11364;41;621100658;11364;558;12881;13256;4.58;0.28;376.57;19.17;1517;49;4536.00;375
11367;41;621100685;11367;555;12885;13257;4.51;0.27;376.62;19.17;1518;49;4537.00;372
11370;41;621100701;11370;560;12891;13257;4.46;0.27;376.64;19.16;1521;49;4538.00;366
11372;41;621100718;11372;564;12893;13257;4.42;0.27;376.74;19.16;1521;49;4539.00;364
11375;41;621100734;11375;570;12896;13257;4.40;0.27;376.69;19.16;1521;49;4540.00;361
11376;41;621100749;11376;578;12898;13257;4.40;0.27;376.67;19.15;1522;49;4541.00;359
11379;41;621100769;11379;583;12899;13257;4.39;0.27;376.69;19.15;1520;49;4542.00;358
11380;41;621100786;11380;578;12903;13257;4.41;0.27;376.66;19.15;1523;49;4543.00;354
11381;41;621100802;11381;580;12905;13258;4.44;0.27;376.65;19.15;1524;49;4544.00;353
11384;41;621100818;11384;581;12907;13260;4.44;0.27;376.74;19.15;1523;49;4545.00;353
11386;41;621100834;11386;587;12908;13260;4.45;0.27;376.69;19.15;1522;49;4546.00;352
11389;41;621100850;11389;602;12910;13264;4.42;0.27;376.83;19.15;1521;49;4547.00;354
11392;41;621100866;11392;603;12910;13264;4.40;0.27;376.95;19.15;1518;49;4548.00;354
11394;41;621100882;11394;603;12910;13264;4.38;0.27;376.98;19.15;1516;49;4549.00;354
11395;41;621100899;11395;607;12910;13264;4.36;0.27;377.08;19.15;1515;49;4550.00;354
11398;41;621100915;11398;612;12914;13270;4.35;0.27;377.09;19.14;1516;49;4551.00;356
11400;41;621100933;11400;618;12914;13270;4.37;0.27;377.05;19.14;1514;49;4552.00;356
11402;41;621100957;11402;617;12914;13270;4.38;0.27;377.08;19.14;1512;49;4553.00;356
11404;41;621100985;11404;624;12915;13273;4.40;0.27;377.15;19.14;1511;49;4554.00;358
11407;41;621101019;11407;619;12915;13273;4.39;0.27;377.25;19.14;1508;49;4555.00;358
11410;41;621101044;11410;624;12915;13273;4.39;0.27;377.23;19.14;1505;49;4556.00;358
11412;41;621101065;11412;628;12915;13274;4.36;0.27;377.31;19.14;1503;49;4557.00;359
11415;41;621101085;11415;629;12916;13275;4.38;0.27;377.37;19.14;1501;49;4558.00;359
11415;41;621101103;11415;631;12916;13275;4.42;0.27;377.37;19.14;1501;49;4559.00;359
11419;41;621101122;11419;642;12931;13301;4.42;0.27;377.51;19.12;1512;49;4560.00;370
11420;41;621101142;11420;632;12932;13301;4.44;0.27;377.55;19.11;1512;49;4561.00;369
11421;41;621101160;11421;627;12934;13301;4.49;0.27;377.52;19.11;1513;49;4562.00;367
11425;41;621101178;11425;634;12935;13302;4.52;0.27;377.55;19.11;1510;49;4563.00;367
11425;41;621101195;11425;632;12935;13302;4.50;0.27;377.55;19.11;1510;49;4564.00;367
11428;41;621101211;11428;633;12938;13306;4.45;0.27;377.62;19.11;1510;49;4565.00;368
11431;41;621101230;11431;640;12938;13306;4.39;0.27;377.65;19.11;1507;49;4566.00;368
11431;41;621101248;11431;637;12939;13310;4.30;0.26;377.65;19.11;1508;49;4567.00;371
11433;41;621101264;11433;640;12939;13310;4.23;0.26;377.67;19.11;1506;49;4568.00;371
11434;41;621101280;11434;644;12939;13310;4.17;0.25;377.70;19.11;1505;49;4569.00;371
11435;41;621101296;11435;639;12940;13310;4.19;0.26;377.70;19.10;1505;49;4570.00;370
11437;41;621101313;11437;636;12940;13310;4.21;0.26;377.73;19.10;1503;49;4571.00;370
11443;41;621101329;11443;637;12948;13322;4.24;0.26;377.76;19.09;1505;49;4572.00;374
11444;41;621101346;11444;623;12948;13322;4.24;0.26;377.79;19.09;1504;49;4573.00;374
11451;41;621101362;11451;619;12948;13322;4.21;0.26;377.82;19.09;1497;49;4574.00;374
11454;41;621101379;11454;619;12948;13322;4.21;0.26;377.85;19.09;1494;49;4575.00;374
11456;41;621101395;11456;618;12948;13322;4.18;0.25;377.96;19.09;1492;49;4576.00;374
11457;41;621101411;11457;615;12948;13322;4.17;0.25;378.01;19.09;1491;49;4577.00;374
11460;41;621101427;11460;611;12948;13323;4.11;0.25;378.25;19.09;1488;49;4578.00;375
11462;41;621101443;11462;619;12948;13323;4.08;0.25;378.28;19.09;1486;49;4579.00;375
11464;41;621101460;11464;614;12952;13329;4.07;0.25;378.24;19.09;1488;49;4580.00;377
11464;41;621101477;11464;617;12952;13330;4.01;0.24;378.24;19.09;1488;49;4581.00;378
11468;41;621101493;11468;628;12952;13330;3.96;0.24;378.29;19.09;1484;49;4582.00;378
11469;41;621101509;11469;630;12952;13330;3.93;0.24;378.28;19.09;1483;49;4583.00;378
11474;41;621101524;11474;631;12955;13334;3.91;0.24;378.25;19.08;1481;49;4584.00;379
11479;41;621101539;11479;626;12957;13334;3.87;0.24;378.40;19.09;1478;49;4585.00;377
11485;41;621101554;11485;633;12957;13334;3.77;0.23;378.46;19.09;1472;49;4586.00;377
11489;41;621101569;11489;645;12959;13335;3.70;0.23;378.57;19.09;1470;49;4587.00;376
11493;41;621101584;11493;654;12960;13339;3.61;0.22;378.68;19.09;1467;49;4588.00;379
11497;41;621101605;11497;664;12960;13339;3.53;0.22;378.76;19.09;1463;49;4589.00;379
11502;41;621101621;11502;661;12963;13345;3.43;0.21;378.91;19.08;1461;49;4590.00;382
11506;41;621101637;11506;660;12963;13345;3.36;0.21;379.10;19.08;1457;49;4591.00;382
11508;41;621101652;11508;663;12963;13345;3.31;0.20;379.06;19.08;1455;49;4592.00;382
11513;41;621101666;11513;669;12963;13345;3.22;0.20;379.13;19.08;1450;49;4593.00;382
11515;41;621101680;11515;664;12966;13349;3.22;0.20;379.16;19.08;1451;49;4594.00;383
11517;41;621101695;11517;666;12966;13349;3.23;0.20;379.11;19.08;1449;49;4595.00;383
11522;41;621101710;11522;669;12966;13349;3.20;0.20;379.16;19.08;1444;49;4596.00;383
11525;41;621101725;11525;660;12966;13349;3.19;0.20;379.14;19.08;1441;49;4597.00;383
11527;41;621101740;11527;668;12966;13350;3.20;0.20;379.14;19.08;1439;49;4598.00;384
11530;41;621101754;11530;665;12966;13351;3.18;0.20;379.11;19.08;1436;49;4599.00;385
11533;41;621101770;11533;663;12966;13351;3.18;0.20;379.13;19.08;1433;49;4600.00;385
11535;41;621101788;11535;662;12967;13352;3.25;0.20;379.10;19.08;1432;49;4601.00;385
11539;41;621101804;11539;655;12967;13352;3.27;0.20;379.14;19.08;1428;49;4602.00;385
11540;41;621101819;11540;645;12967;13352;3.30;0.20;379.13;19.08;1427;49;4603.00;385
11546;41;621101834;11546;644;12967;13352;3.25;0.20;379.01;19.08;1421;49;4604.00;385
11550;41;621101849;11550;638;12967;13352;3.24;0.20;378.94;19.08;1417;49;4605.00;385
11553;41;621101864;11553;635;12967;13352;3.24;0.20;378.87;19.08;1414;49;4606.00;385
11559;41;621101879;11559;639;12967;13352;3.18;0.20;378.81;19.08;1408;49;4607.00;385
11563;41;621101893;11563;633;13022;13479;3.61;0.23;378.78;19.00;1459;49;4608.00;457
11570;41;621101919;11570;632;13026;13480;3.62;0.23;378.64;18.99;1456;49;4609.00;454
11575;41;621101937;11575;630;13033;13480;3.62;0.23;378.56;18.98;1458;49;4610.00;447
11578;41;621101952;11578;633;13038;13480;3.63;0.23;378.59;18.97;1460;49;4611.00;442
11580;41;621101967;11580;629;13042;13480;3.60;0.22;378.58;18.97;1462;49;4612.00;438
11582;41;621101982;11582;621;13045;13480;3.59;0.22;378.57;18.97;1463;49;4613.00;435
11586;41;621101998;11586;612;13046;13480;3.55;0.22;378.59;18.97;1460;49;4614.00;434
11589;41;621102014;11589;625;13047;13480;3.53;0.22;378.66;18.96;1458;49;4615.00;433
11592;41;621102028;11592;615;13050;13481;3.52;0.22;378.62;18.97;1458;49;4616.00;431
11594;41;621102043;11594;626;13052;13482;3.48;0.22;378.59;18.97;1458;49;4617.00;430
11597;41;621102058;11597;641;13054;13482;3.45;0.21;378.58;18.96;1457;49;4618.00;428
11601;41;621102073;11601;644;13056;13483;3.40;0.21;378.72;18.97;1455;49;4619.00;427
11601;41;621102089;11601;648;13058;13483;3.40;0.21;378.72;18.97;1457;49;4620.00;425
11604;41;621102104;11604;654;13060;13483;3.34;0.21;378.69;18.97;1456;49;4621.00;423
11606;41;621102118;11606;662;13062;13483;3.30;0.20;378.69;18.98;1456;49;4622.00;421
11606;41;621102132;11606;668;13066;13487;3.28;0.20;378.69;18.98;1460;49;4623.00;421
11610;41;621102152;11610;677;13067;13487;3.22;0.20;378.71;18.99;1457;49;4624.00;420
11612;41;621102166;11612;673;13067;13487;3.19;0.20;378.72;18.99;1455;49;4625.00;420
11614;41;621102180;11614;678;13069;13490;3.20;0.20;378.72;18.99;1455;49;4626.00;421
11618;41;621102194;11618;670;13073;13490;3.20;0.20;378.67;19.00;1455;49;4627.00;417
11621;41;621102209;11621;660;13074;13490;3.20;0.20;378.62;19.00;1453;49;4628.00;416
11625;41;621102224;11625;643;13078;13494;3.22;0.20;378.71;19.01;1453;49;4629.00;416
11626;41;621102239;11626;631;13080;13495;3.29;0.20;378.73;19.01;1454;49;4630.00;415
11628;41;621102255;11628;623;13081;13495;3.32;0.20;378.72;19.01;1453;49;4631.00;414
11633;41;621102269;11633;616;13087;13499;3.34;0.21;378.66;19.13;1454;49;4632.00;412
11636;41;621102286;11636;607;13087;13499;3.39;0.21;378.63;19.13;1451;49;4633.00;412
11637;41;621102306;11637;597;13091;13499;3.44;0.21;378.63;19.13;1454;49;4634.00;408
11638;41;621102321;11638;586;13095;13501;3.50;0.21;378.64;19.14;1457;49;4635.00;406
11638;41;621102336;11638;588;13097;13501;3.52;0.22;378.64;19.14;1459;49;4636.00;404
11644;41;621102362;11644;574;13103;13507;3.52;0.22;378.50;19.15;1459;49;4637.00;404
11648;41;621102378;11648;567;13105;13507;3.53;0.22;378.56;19.15;1457;49;4638.00;402
11649;41;621102394;11649;552;13106;13508;3.56;0.22;378.60;19.15;1457;49;4639.00;402
11652;41;621102409;11652;550;13107;13508;3.61;0.22;378.62;19.16;1455;49;4640.00;401
11652;41;621102425;11652;552;13108;13508;3.65;0.22;378.62;19.16;1456;49;4641.00;400
11655;41;621102440;11655;552;13109;13508;3.66;0.22;378.71;19.16;1454;49;4642.00;399
11656;41;621102456;11656;549;13109;13508;3.67;0.22;378.73;19.16;1453;49;4643.00;399
11658;41;621102472;11658;553;13119;13520;3.75;0.23;378.71;19.15;1461;49;4644.00;401
11659;41;621102494;11659;553;13120;13520;3.78;0.23;378.79;19.16;1461;49;4645.00;400
11661;41;621102510;11661;544;13121;13520;3.79;0.23;378.77;19.16;1460;49;4646.00;399
11661;41;621102526;11661;529;13121;13520;3.85;0.24;378.77;19.16;1460;49;4647.00;399
11662;41;621102542;11662;528;13123;13520;3.89;0.24;378.81;19.16;1461;49;4648.00;397
11667;41;621102557;11667;517;13123;13520;3.91;0.24;378.85;19.16;1456;49;4649.00;397
11668;41;621102575;11668;514;13130;13526;3.96;0.24;378.95;19.16;1462;49;4650.00;396
11669;41;621102592;11669;499;13131;13526;4.00;0.24;378.92;19.27;1462;49;4651.00;395
11671;41;621102608;11671;505;13136;13530;4.05;0.25;378.91;19.27;1465;49;4652.00;394
11672;41;621102625;11672;498;13136;13531;4.06;0.25;378.90;19.27;1464;49;4653.00;395
11674;41;621102642;11674;497;13136;13531;4.03;0.25;378.90;19.27;1462;49;4654.00;395
11676;41;621102658;11676;505;13138;13531;4.08;0.25;378.92;19.27;1462;49;4655.00;393
11679;41;621102675;11679;517;13150;13544;4.14;0.25;379.05;19.26;1471;49;4656.00;394
11681;41;621102692;11681;519;13151;13544;4.18;0.25;379.02;19.26;1470;49;4657.00;393
11684;41;621102709;11684;519;13152;13544;4.22;0.26;379.16;19.27;1468;49;4658.00;392
11687;41;621102725;11687;516;13155;13545;4.28;0.26;379.25;19.37;1468;49;4659.00;390
11688;41;621102741;11688;508;13157;13546;4.31;0.26;379.25;19.38;1469;49;4660.00;389
11689;41;621102757;11689;512;13157;13546;4.31;0.26;379.29;19.38;1468;49;4661.00;389
11689;41;621102773;11689;502;13158;13549;4.33;0.26;379.29;19.37;1469;49;4662.00;391
11691;41;621102789;11691;500;13161;13549;4.32;0.26;379.48;19.49;1470;49;4663.00;388
11694;41;621102806;11694;499;13161;13549;4.33;0.26;379.47;19.49;1467;49;4664.00;388
11698;41;621102822;11698;513;13163;13549;4.37;0.27;379.63;19.49;1465;49;4665.00;386
11701;41;621102839;11701;505;13168;13555;4.43;0.27;379.71;19.49;1467;49;4666.00;387
11703;41;621102856;11703;510;13168;13555;4.46;0.27;379.67;19.49;1465;49;4667.00;387
11703;41;621102871;11703;506;13169;13555;4.49;0.27;379.67;19.49;1466;49;4668.00;386
11706;41;621102887;11706;501;13172;13555;4.51;0.27;379.81;19.72;1466;50;4669.00;383
11708;41;621102916;11708;505;13176;13559;4.50;0.27;379.95;19.82;1468;50;4670.00;383
11710;41;621102933;11710;509;13177;13560;4.52;0.28;380.04;19.83;1467;50;4671.00;383
11714;41;621102954;11714;503;13177;13560;4.55;0.28;380.08;19.83;1463;50;4672.00;383
11715;41;621102980;11715;504;13179;13561;4.54;0.28;380.13;19.82;1464;50;4673.00;382
11715;41;621103005;11715;504;13180;13561;4.58;0.28;380.13;19.83;1465;50;4674.00;381
11721;41;621103028;11721;505;13180;13561;4.56;0.28;380.34;19.83;1459;50;4675.00;381
11723;41;621103051;11723;510;13181;13561;4.56;0.28;380.46;19.83;1458;51;4676.00;380
11728;41;621103076;11728;505;13181;13561;4.50;0.27;380.54;19.83;1453;51;4677.00;380
11729;41;621103095;11729;507;13181;13561;4.52;0.27;380.63;19.83;1452;51;4678.00;380
11734;41;621103112;11734;502;13182;13561;4.51;0.27;380.75;19.84;1448;51;4679.00;379
11735;41;621103130;11735;524;13251;13686;4.59;0.28;380.74;19.73;1516;51;4680.00;435
11736;41;621103159;11736;505;13251;13687;4.62;0.28;380.75;19.73;1515;51;4681.00;436
11741;41;621103177;11741;492;13255;13687;4.69;0.29;380.93;19.73;1514;51;4682.00;432
11743;41;621103195;11743;479;13257;13687;4.77;0.29;380.98;19.73;1514;51;4683.00;430
11746;41;621103212;11746;475;13259;13687;4.88;0.30;380.93;19.73;1513;51;4684.00;428
11751;41;621103229;11751;467;13261;13687;4.89;0.30;381.01;19.73;1510;51;4685.00;426
11755;41;621103247;11755;463;13265;13687;4.95;0.30;381.14;19.73;1510;51;4686.00;422
11758;41;621103266;11758;465;13266;13687;4.99;0.31;381.10;19.73;1508;51;4687.00;421
11760;41;621103282;11760;466;13269;13688;5.00;0.31;381.23;19.73;1509;51;4688.00;419
11764;41;621103300;11764;474;13271;13689;4.98;0.30;381.30;19.73;1507;51;4689.00;418
11767;41;621103318;11767;472;13273;13689;5.00;0.31;381.39;19.73;1506;51;4690.00;416
11771;41;621103335;11771;474;13278;13693;4.93;0.30;381.49;19.73;1507;51;4691.00;415
11772;41;621103352;11772;470;13278;13693;4.92;0.30;381.52;19.73;1506;51;4692.00;415
11777;41;621103370;11777;461;13281;13693;4.85;0.30;381.77;19.73;1504;51;4693.00;412
11781;41;621103388;11781;464;13281;13693;4.82;0.30;381.79;19.73;1500;51;4694.00;412
11786;41;621103409;11786;470;13284;13699;4.81;0.29;381.83;19.72;1498;51;4695.00;415
11789;41;621103427;11789;472;13284;13699;4.77;0.29;381.91;19.72;1495;51;4696.00;415
11792;41;621103445;11792;476;13284;13699;4.76;0.29;381.93;19.72;1492;51;4697.00;415
11798;41;621103470;11798;467;13285;13702;4.72;0.29;381.93;19.72;1487;51;4698.00;417
11802;41;621103495;11802;466;13285;13702;4.73;0.29;382.08;19.72;1483;51;4699.00;417
11806;41;621103513;11806;470;13285;13702;4.72;0.29;382.11;19.72;1479;51;4700.00;417
11809;41;621103535;11809;468;13285;13703;4.72;0.29;382.13;19.72;1476;51;4701.00;418
11813;41;621103554;11813;466;13286;13704;4.71;0.29;382.15;19.72;1473;51;4702.00;418
11816;41;621103572;11816;479;13286;13704;4.70;0.29;382.18;19.72;1470;51;4703.00;418
11821;41;621103590;11821;475;13295;13717;4.69;0.29;382.25;19.71;1474;51;4704.00;422
11822;41;621103609;11822;487;13296;13717;4.70;0.29;382.22;19.71;1474;51;4705.00;421
11824;41;621103627;11824;489;13297;13717;4.68;0.29;382.28;19.71;1473;51;4706.00;420
11827;41;621103645;11827;490;13297;13718;4.68;0.28;382.32;19.71;1470;51;4707.00;421
11830;41;621103662;11830;493;13298;13718;4.62;0.28;382.35;19.71;1468;51;4708.00;420
11831;41;621103679;11831;504;13300;13722;4.61;0.28;382.36;19.71;1469;51;4709.00;422
11837;41;621103701;11837;516;13300;13722;4.55;0.28;382.46;19.71;1463;51;4710.00;422
11840;41;621103719;11840;522;13305;13726;4.49;0.27;382.52;19.71;1465;51;4711.00;421
11843;41;621103736;11843;529;13305;13726;4.44;0.27;382.60;19.71;1462;51;4712.00;421
11846;41;621103753;11846;525;13307;13726;4.43;0.27;382.71;19.71;1461;51;4713.00;419
11848;41;621103771;11848;529;13307;13726;4.38;0.27;382.85;19.71;1459;51;4714.00;419
11849;41;621103787;11849;535;13307;13726;4.40;0.27;382.87;19.71;1458;51;4715.00;419
11851;41;621103805;11851;535;13316;13738;4.38;0.27;382.84;19.70;1465;51;4716.00;422
11853;41;621103823;11853;539;13317;13738;4.32;0.26;382.89;19.70;1464;51;4717.00;421
11854;41;621103842;11854;541;13318;13738;4.27;0.26;382.89;19.69;1464;51;4718.00;420
11858;41;621103859;11858;553;13318;13738;4.19;0.26;382.97;19.69;1460;51;4719.00;420
11860;41;621103876;11860;546;13318;13738;4.15;0.25;382.99;19.69;1458;51;4720.00;420
11860;41;621103892;11860;558;13318;13738;4.10;0.25;382.99;19.69;1458;51;4721.00;420
11860;41;621103907;11860;561;13318;13739;4.06;0.25;382.99;19.69;1458;51;4722.00;421
11864;41;621103923;11864;571;13318;13739;4.04;0.25;383.02;19.69;1454;51;4723.00;421
11865;41;621103943;11865;577;13322;13745;4.04;0.25;383.05;19.69;1457;51;4724.00;423
11869;41;621103964;11869;578;13323;13747;4.03;0.25;383.14;19.69;1454;51;4725.00;424
11871;41;621103981;11871;574;13323;13747;3.99;0.24;383.14;19.69;1452;51;4726.00;424
11875;41;621103997;11875;576;13323;13747;3.99;0.24;383.18;19.69;1448;51;4727.00;424
11876;41;621104013;11876;574;13326;13751;4.03;0.25;383.15;19.68;1450;51;4728.00;425
11878;41;621104028;11878;582;13326;13751;3.97;0.24;383.27;19.68;1448;51;4729.00;425
11881;41;621104043;11881;586;13326;13751;3.93;0.24;383.46;19.68;1445;51;4730.00;425
11882;41;621104059;11882;593;13327;13752;3.92;0.24;383.52;19.68;1445;51;4731.00;425
11885;41;621104074;11885;596;13330;13756;3.92;0.24;383.61;19.68;1445;51;4732.00;426
11886;41;621104089;11886;603;13330;13756;3.90;0.24;383.69;19.68;1444;51;4733.00;426
11889;41;621104104;11889;609;13331;13759;3.91;0.24;383.84;19.68;1442;51;4734.00;428
11890;41;621104119;11890;615;13331;13759;3.90;0.24;383.87;19.68;1441;51;4735.00;428
11892;41;621104135;11892;614;13331;13759;3.86;0.24;383.90;19.68;1439;51;4736.00;428
11898;41;621104149;11898;619;13331;13759;3.81;0.23;383.98;19.68;1433;51;4737.00;428
11899;41;621104164;11899;618;13334;13763;3.78;0.23;384.01;19.67;1435;51;4738.00;429
11903;41;621104178;11903;619;13334;13763;3.73;0.23;384.02;19.67;1431;51;4739.00;429
11904;41;621104195;11904;618;13334;13763;3.71;0.23;384.01;19.67;1430;51;4740.00;429
11905;41;621104209;11905;612;13334;13763;3.69;0.23;384.04;19.67;1429;51;4741.00;429
11905;41;621104224;11905;615;13334;13764;3.70;0.23;384.04;19.67;1429;51;4742.00;430
11909;41;621104237;11909;616;13334;13765;3.69;0.23;384.09;19.67;1425;51;4743.00;431
11912;41;621104253;11912;613;13334;13765;3.68;0.23;384.05;19.67;1422;51;4744.00;431
11916;41;621104267;11916;608;13335;13766;3.70;0.23;384.13;19.67;1419;51;4745.00;431
11918;41;621104281;11918;608;13335;13766;3.73;0.23;384.25;19.67;1417;51;4746.00;431
11920;41;621104296;11920;610;13335;13766;3.75;0.23;384.24;19.67;1415;51;4747.00;431
11922;41;621104312;11922;614;13335;13766;3.77;0.23;384.32;19.67;1413;51;4748.00;431
11925;41;621104326;11925;620;13335;13766;3.73;0.23;384.29;19.67;1410;51;4749.00;431
11927;41;621104340;11927;614;13335;13766;3.72;0.23;384.33;19.67;1408;51;4750.00;431
11929;41;621104354;11929;615;13335;13766;3.71;0.23;384.39;19.67;1406;51;4751.00;431
11931;41;621104369;11931;624;13396;13893;3.96;0.25;384.37;19.58;1465;51;4752.00;497
11933;41;621104392;11933;621;13399;13894;3.91;0.24;384.39;19.58;1466;51;4753.00;495
11934;41;621104405;11934;618;13405;13894;3.91;0.24;384.40;19.57;1471;51;4754.00;489
11940;41;621104420;11940;622;13407;13894;3.83;0.24;384.46;19.57;1467;51;4755.00;487
11942;41;621104433;11942;626;13411;13894;3.81;0.24;384.47;19.56;1469;51;4756.00;483
11945;41;621104448;11945;630;13412;13894;3.73;0.23;384.46;19.56;1467;51;4757.00;482
11949;41;621104462;11949;642;13415;13894;3.66;0.23;384.48;19.56;1466;51;4758.00;479
11951;41;621104476;11951;651;13417;13894;3.62;0.22;384.53;19.56;1466;51;4759.00;477
11957;41;621104490;11957;644;13421;13895;3.56;0.22;384.61;19.55;1464;51;4760.00;474
11960;41;621104504;11960;642;13423;13896;3.51;0.22;384.62;19.55;1463;51;4761.00;473
11960;41;621104518;11960;650;13425;13896;3.48;0.21;384.62;19.55;1465;51;4762.00;471
11964;41;621104532;11964;650;13426;13897;3.40;0.21;384.64;19.55;1462;51;4763.00;471
11966;41;621104546;11966;650;13427;13897;3.36;0.21;384.66;19.55;1461;51;4764.00;470
11969;41;621104560;11969;649;13429;13897;3.32;0.21;384.62;19.55;1460;51;4765.00;468
11972;41;621104575;11972;658;13430;13897;3.28;0.20;384.62;19.55;1458;51;4766.00;467
11974;41;621104589;11974;662;13433;13901;3.28;0.20;384.68;19.54;1459;51;4767.00;468
11975;41;621104604;11975;655;13434;13901;3.30;0.20;384.69;19.54;1459;51;4768.00;467
11977;41;621104618;11977;653;13434;13901;3.30;0.20;384.68;19.54;1457;51;4769.00;467
11980;41;621104634;11980;654;13436;13907;3.28;0.20;384.68;19.54;1456;51;4770.00;471
11981;41;621104649;11981;648;13436;13907;3.28;0.20;384.66;19.54;1455;51;4771.00;471
11985;41;621104664;11985;649;13437;13907;3.26;0.20;384.64;19.54;1452;51;4772.00;470
11988;41;621104678;11988;650;13438;13911;3.22;0.20;384.63;19.54;1450;51;4773.00;473
11991;41;621104693;11991;652;13439;13912;3.18;0.20;384.61;19.54;1448;51;4774.00;473
11996;41;621104708;11996;650;13439;13912;3.13;0.19;384.52;19.54;1443;51;4775.00;473
11997;41;621104722;11997;644;13442;13916;3.17;0.19;384.51;19.53;1445;51;4776.00;474
12001;41;621104736;12001;654;13442;13916;3.17;0.19;384.43;19.53;1441;51;4777.00;474
12002;41;621104750;12002;648;13442;13916;3.22;0.20;384.42;19.53;1440;51;4778.00;474
12003;41;621104764;12003;638;13442;13917;3.26;0.20;384.47;19.53;1439;51;4779.00;475
12008;41;621104780;12008;626;13442;13917;3.27;0.20;384.38;19.53;1434;51;4780.00;475
12010;41;621104794;12010;612;13446;13923;3.35;0.20;384.34;19.53;1436;51;4781.00;477
12015;41;621104809;12015;603;13446;13923;3.37;0.21;384.32;19.53;1431;51;4782.00;477
12018;41;621104825;12018;596;13446;13924;3.42;0.21;384.34;19.53;1428;51;4783.00;478
12020;41;621104840;12020;589;13447;13924;3.48;0.21;384.30;19.64;1427;51;4784.00;477
12024;41;621104860;12024;580;13447;13924;3.48;0.21;384.26;19.64;1423;51;4785.00;477
12026;42;621104887;12026;578;13447;13924;3.54;0.22;384.24;19.64;1421;52;4786.00;477
12027;42;621104913;12027;564;13447;13924;3.58;0.22;384.23;19.64;1420;52;4787.00;477
12030;42;621104928;12030;567;13455;13936;3.65;0.22;384.27;19.63;1425;52;4788.00;481
12033;42;621104948;12033;565;13455;13936;3.71;0.23;384.21;19.63;1422;52;4789.00;481
12035;42;621104972;12035;561;13458;13936;3.75;0.23;384.22;19.64;1423;52;4790.00;478
12038;42;621104996;12038;557;13459;13936;3.79;0.23;384.19;19.64;1421;52;4791.00;477
12040;42;621105019;12040;563;13461;13936;3.85;0.23;384.27;19.64;1421;52;4792.00;475
12043;42;621105041;12043;567;13461;13936;3.87;0.24;384.33;19.64;1418;52;4793.00;475
12044;42;621105061;12044;569;13463;13940;3.93;0.24;384.32;19.65;1419;52;4794.00;477
12047;42;621105079;12047;571;13465;13940;3.93;0.24;384.47;19.65;1418;52;4795.00;475
12051;42;621105096;12051;565;13469;13944;3.95;0.24;384.46;19.65;1418;52;4796.00;475
12053;42;621105114;12053;568;13471;13945;3.94;0.24;384.47;19.66;1418;52;4797.00;474
12055;42;621105130;12055;564;13472;13945;3.96;0.24;384.45;19.67;1417;52;4798.00;473
12059;42;621105147;12059;564;13472;13945;3.98;0.24;384.56;19.67;1413;52;4799.00;473
12060;42;621105166;12060;565;13495;13986;4.17;0.25;384.59;19.63;1435;52;4800.00;491
12064;42;621105191;12064;567;13495;13986;4.17;0.25;384.61;19.63;1431;52;4801.00;491
12067;42;621105207;12067;562;13498;13986;4.22;0.26;384.68;19.65;1431;52;4802.00;488
12074;42;621105224;12074;571;13501;13987;4.23;0.26;384.79;19.76;1427;52;4803.00;486
12075;42;621105242;12075;566;13501;13988;4.28;0.26;384.82;19.76;1426;52;4804.00;487
12080;42;621105259;12080;566;13503;13988;4.28;0.26;384.78;19.77;1423;52;4805.00;485
12087;42;621105275;12087;568;13504;13991;4.29;0.26;384.82;19.76;1417;52;4806.00;487
12090;42;621105292;12090;557;13505;13991;4.32;0.26;384.76;19.76;1415;52;4807.00;486
12095;42;621105310;12095;558;13506;13991;4.30;0.26;384.78;19.77;1411;52;4808.00;485
12100;42;621105329;12100;551;13507;13991;4.30;0.26;384.82;19.77;1407;52;4809.00;484
12101;42;621105345;12101;560;13512;13997;4.34;0.26;384.84;19.76;1411;52;4810.00;485
12105;42;621105363;12105;558;13514;13997;4.31;0.26;384.91;19.77;1409;52;4811.00;483
12109;42;621105380;12109;566;13514;13997;4.32;0.26;385.05;19.77;1405;52;4812.00;483
12112;42;621105396;12112;579;13516;13997;4.28;0.26;385.08;19.78;1404;52;4813.00;481
12116;42;621105418;12116;582;13517;14001;4.23;0.26;385.03;19.78;1401;52;4814.00;484
12118;42;621105435;12118;586;13520;14003;4.23;0.26;385.05;19.77;1402;52;4815.00;483
12123;42;621105451;12123;580;13521;14003;4.16;0.25;385.22;19.78;1398;52;4816.00;482
12124;42;621105468;12124;564;13522;14004;4.20;0.26;385.28;19.78;1398;52;4817.00;482
12129;42;621105486;12129;552;13522;14004;4.19;0.26;385.36;19.78;1393;52;4818.00;482
12133;42;621105502;12133;558;13524;14004;4.18;0.25;385.33;19.80;1391;52;4819.00;480
12136;42;621105519;12136;553;13526;14004;4.17;0.25;385.44;19.91;1390;52;4820.00;478
12138;42;621105535;12138;557;13528;14004;4.17;0.25;385.45;19.92;1390;52;4821.00;476
12141;42;621105552;12141;557;13529;14004;4.18;0.25;385.51;19.93;1388;52;4822.00;475
12143;42;621105568;12143;563;13529;14004;4.22;0.26;385.57;19.93;1386;52;4823.00;475
12147;42;621105585;12147;574;13569;14074;4.35;0.27;385.64;19.87;1422;52;4824.00;505
12148;42;621105608;12148;568;13571;14075;4.34;0.27;385.70;19.88;1423;52;4825.00;504
12153;42;621105624;12153;566;13574;14075;4.34;0.27;385.76;19.88;1421;52;4826.00;501
12153;42;621105641;12153;564;13578;14075;4.39;0.27;385.76;19.88;1425;52;4827.00;497
12157;42;621105658;12157;558;13581;14077;4.36;0.27;385.93;19.89;1424;52;4828.00;496
12161;42;621105675;12161;563;13583;14077;4.33;0.26;385.98;19.90;1422;52;4829.00;494
12162;42;621105694;12162;557;13585;14077;4.35;0.27;385.99;19.89;1423;52;4830.00;492
12164;42;621105711;12164;560;13589;14077;4.36;0.27;386.01;19.91;1425;52;4831.00;488
12166;42;621105727;12166;569;13593;14078;4.37;0.27;386.23;19.91;1427;52;4832.00;485
12167;42;621105744;12167;570;13594;14079;4.41;0.27;386.24;19.90;1427;52;4833.00;485
12170;42;621105763;12170;569;13595;14079;4.38;0.27;386.24;19.91;1425;52;4834.00;484
12174;42;621105782;12174;576;13598;14083;4.35;0.27;386.35;19.91;1424;52;4835.00;485
12177;42;621105802;12177;574;13599;14083;4.37;0.27;386.33;19.91;1422;52;4836.00;484
12179;42;621105819;12179;584;13599;14083;4.41;0.27;386.37;19.91;1420;52;4837.00;484
12180;42;621105837;12180;591;13600;14083;4.44;0.27;386.38;19.91;1420;52;4838.00;483
12181;42;621105855;12181;591;13605;14089;4.44;0.27;386.36;19.91;1424;52;4839.00;484
12184;42;621105872;12184;590;13605;14089;4.45;0.27;386.38;19.91;1421;52;4840.00;484
12184;42;621105891;12184;587;13607;14089;4.48;0.27;386.38;19.93;1423;52;4841.00;482
12187;42;621105909;12187;589;13608;14092;4.48;0.27;386.53;19.93;1421;52;4842.00;484
12188;42;621105927;12188;597;13608;14092;4.46;0.27;386.51;19.93;1420;52;4843.00;484
12189;42;621105952;12189;607;13609;14092;4.46;0.27;386.53;19.93;1420;52;4844.00;483
12191;42;621105969;12191;606;13609;14093;4.46;0.27;386.62;19.93;1418;52;4845.00;484
12191;42;621105985;12191;613;13610;14094;4.47;0.27;386.62;19.93;1419;52;4846.00;484
12194;42;621106001;12194;616;13610;14094;4.45;0.27;386.69;19.93;1416;52;4847.00;484
12196;42;621106016;12196;622;13620;14107;4.44;0.27;386.74;19.92;1424;52;4848.00;487
12197;42;621106033;12197;612;13620;14107;4.47;0.27;386.79;19.92;1423;52;4849.00;487
12202;42;621106048;12202;605;13620;14107;4.42;0.27;386.76;19.92;1418;52;4850.00;487
12203;42;621106064;12203;598;13621;14108;4.47;0.27;386.75;20.03;1418;52;4851.00;487
12205;42;621106080;12205;584;13621;14108;4.51;0.27;386.79;20.03;1416;52;4852.00;487
12207;42;621106095;12207;577;13626;14112;4.54;0.28;386.80;20.04;1419;52;4853.00;486
12212;42;621106112;12212;562;13626;14112;4.57;0.28;386.90;20.04;1414;52;4854.00;486
12213;42;621106127;12213;550;13629;14116;4.63;0.28;386.89;20.04;1416;52;4855.00;487
12216;42;621106143;12216;548;13629;14116;4.66;0.28;386.93;20.04;1413;52;4856.00;487
12218;42;621106158;12218;545;13629;14116;4.70;0.29;386.98;20.04;1411;52;4857.00;487
12221;42;621106174;12221;551;13629;14116;4.70;0.29;386.98;20.04;1408;52;4858.00;487
12224;42;621106191;12224;547;13629;14116;4.70;0.29;387.05;20.04;1405;52;4859.00;487
12228;42;621106208;12228;542;13648;14150;4.82;0.29;387.13;20.01;1420;52;4860.00;502
12229;42;621106226;12229;531;13649;14150;4.87;0.30;387.13;20.01;1420;52;4861.00;501
12231;42;621106242;12231;531;13652;14150;4.94;0.30;387.26;20.01;1421;52;4862.00;498
12234;42;621106258;12234;528;13653;14150;5.02;0.31;387.35;20.01;1419;52;4863.00;497
12237;42;621106274;12237;523;13654;14150;5.07;0.31;387.41;20.01;1417;52;4864.00;496
12238;42;621106290;12238;519;13654;14150;5.10;0.31;387.40;20.01;1416;52;4865.00;496
12239;42;621106305;12239;523;13654;14151;5.14;0.31;387.43;20.01;1415;52;4866.00;497
12244;42;621106327;12244;525;13654;14151;5.14;0.31;387.60;20.01;1410;52;4867.00;497
12245;42;621106342;12245;522;13657;14157;5.19;0.32;387.70;20.00;1412;52;4868.00;500
12247;42;621106359;12247;521;13658;14158;5.14;0.31;387.72;20.12;1411;52;4869.00;500
12250;42;621106374;12250;531;13658;14158;5.09;0.31;387.69;20.12;1408;52;4870.00;500
12254;42;621106390;12254;521;13658;14158;5.06;0.31;387.64;20.12;1404;52;4871.00;500
12256;42;621106405;12256;523;13660;14162;5.09;0.31;387.75;20.12;1404;52;4872.00;502
12260;42;621106421;12260;525;13661;14162;5.05;0.31;387.91;20.12;1401;52;4873.00;501
12265;42;621106437;12265;517;13662;14162;4.98;0.30;388.15;20.12;1397;52;4874.00;500
12266;42;621106453;12266;523;13663;14163;4.98;0.30;388.18;20.12;1397;52;4875.00;500
12269;42;621106469;12269;525;13665;14167;4.94;0.30;388.19;20.11;1396;52;4876.00;502
12275;42;621106484;12275;530;13665;14167;4.89;0.30;388.24;20.11;1390;52;4877.00;502
12278;42;621106500;12278;541;13668;14170;4.86;0.29;388.26;20.11;1390;52;4878.00;502
12280;42;621106516;12280;546;13668;14170;4.81;0.29;388.25;20.11;1388;52;4879.00;502
12284;42;621106531;12284;549;13669;14170;4.71;0.29;388.29;20.12;1385;52;4880.00;501
12287;42;621106546;12287;555;13669;14170;4.69;0.28;388.48;20.12;1382;52;4881.00;501
12289;42;621106561;12289;562;13672;14174;4.68;0.28;388.59;20.11;1383;52;4882.00;502
12290;42;621106577;12290;562;13672;14174;4.68;0.28;388.58;20.11;1382;52;4883.00;502
12293;42;621106592;12293;568;13672;14174;4.65;0.28;388.56;20.11;1379;52;4884.00;502
12296;42;621106607;12296;573;13672;14174;4.55;0.28;388.54;20.11;1376;52;4885.00;502
12297;42;621106626;12297;584;13672;14175;4.52;0.27;388.58;20.11;1375;52;4886.00;503
12299;42;621106641;12299;588;13672;14176;4.47;0.27;388.67;20.11;1373;52;4887.00;504
12300;42;621106656;12300;590;13672;14176;4.45;0.27;388.67;20.11;1372;52;4888.00;504
12303;42;621106671;12303;599;13673;14177;4.42;0.27;388.75;20.11;1370;52;4889.00;504
12305;42;621106687;12305;605;13673;14177;4.39;0.27;388.73;20.11;1368;52;4890.00;504
12307;42;621106701;12307;611;13673;14177;4.35;0.26;388.85;20.11;1366;52;4891.00;504
12309;42;621106716;12309;616;13673;14177;4.31;0.26;388.91;20.11;1364;52;4892.00;504
12310;42;621106730;12310;622;13673;14177;4.27;0.26;388.99;20.11;1363;52;4893.00;504
12313;42;621106744;12313;633;13673;14177;4.20;0.26;389.03;20.11;1360;52;4894.00;504
12314;42;621106758;12314;632;13673;14177;4.19;0.26;389.02;20.11;1359;52;4895.00;504
12316;42;621106772;12316;649;13727;14304;4.47;0.28;389.04;20.03;1411;52;4896.00;577
12318;42;621106796;12318;645;13729;14305;4.47;0.28;389.05;20.03;1411;52;4897.00;576
12321;42;621106811;12321;646;13736;14305;4.49;0.28;388.97;20.02;1415;52;4898.00;569
12322;42;621106825;12322;646;13738;14305;4.49;0.28;388.95;20.02;1416;52;4899.00;567
12323;42;621106841;12323;648;13743;14305;4.50;0.28;388.98;20.01;1420;52;4900.00;562
12324;42;621106859;12324;641;13746;14305;4.49;0.28;389.01;20.01;1422;52;4901.00;559
12324;42;621106873;12324;645;13747;14305;4.50;0.28;389.01;20.01;1423;52;4902.00;558
12325;42;621106887;12325;652;13749;14305;4.47;0.28;388.98;20.01;1424;52;4903.00;556
12326;42;621106901;12326;660;13750;14306;4.44;0.27;389.00;20.01;1424;52;4904.00;556
12328;42;621106915;12328;657;13751;14308;4.42;0.27;389.04;20.01;1423;52;4905.00;557
12333;42;621106930;12333;663;13752;14308;4.37;0.27;389.03;20.00;1419;52;4906.00;556
12337;42;621106946;12337;670;13753;14309;4.27;0.26;389.01;20.00;1416;52;4907.00;556
12338;42;621106970;12338;675;13754;14309;4.22;0.26;388.99;20.00;1416;52;4908.00;555
12341;42;621106990;12341;676;13755;14309;4.15;0.26;389.06;20.00;1414;52;4909.00;554
12343;42;621107012;12343;674;13756;14309;4.08;0.25;389.03;20.00;1413;52;4910.00;553
12346;42;621107034;12346;676;13759;14313;4.01;0.25;389.02;20.00;1413;52;4911.00;554
12347;42;621107056;12347;677;13760;14313;3.98;0.24;388.99;20.00;1413;52;4912.00;553
12348;42;621107075;12348;680;13761;14313;3.97;0.24;389.01;20.00;1413;52;4913.00;552
12349;42;621107091;12349;687;13762;14316;3.97;0.24;389.02;20.00;1413;52;4914.00;554
12349;42;621107107;12349;685;13763;14316;3.93;0.24;389.02;20.00;1414;52;4915.00;553
12350;42;621107122;12350;684;13764;14316;3.92;0.24;388.99;20.00;1414;52;4916.00;552
12350;42;621107137;12350;696;13766;14320;3.95;0.24;388.99;20.00;1416;52;4917.00;554
12351;42;621107153;12351;696;13767;14321;3.93;0.24;388.99;20.00;1416;52;4918.00;554
12352;42;621107167;12352;693;13768;14321;3.93;0.24;388.96;20.00;1416;52;4919.00;553
12354;42;621107184;12354;697;13771;14326;3.91;0.24;388.91;19.99;1417;52;4920.00;555
12356;42;621107199;12356;698;13772;14326;3.84;0.23;388.90;19.99;1416;52;4921.00;554
12359;42;621107213;12359;705;13773;14326;3.74;0.23;388.86;19.99;1414;52;4922.00;553
12361;42;621107228;12361;705;13774;14327;3.66;0.22;388.91;19.99;1413;52;4923.00;553
12365;42;621107241;12365;706;13774;14327;3.59;0.22;388.89;19.99;1409;52;4924.00;553
12366;42;621107256;12366;710;13780;14333;3.57;0.22;388.90;19.99;1414;52;4925.00;553
12369;42;621107271;12369;705;13780;14333;3.48;0.21;388.91;19.99;1411;52;4926.00;553
12373;42;621107285;12373;707;13780;14334;3.41;0.21;388.87;19.99;1407;52;4927.00;554
12378;42;621107298;12378;715;13780;14334;3.29;0.20;388.85;19.99;1402;52;4928.00;554
12379;42;621107312;12379;714;13780;14334;3.22;0.20;388.85;19.99;1401;52;4929.00;554
12380;42;621107324;12380;709;13780;14334;3.15;0.19;388.86;19.99;1400;52;4930.00;554
12384;42;621107338;12384;683;13780;14334;3.12;0.19;388.89;19.99;1396;52;4931.00;554
12385;42;621107351;12385;667;13787;14346;3.18;0.20;388.87;19.98;1402;52;4932.00;559
12387;42;621107366;12387;658;13787;14346;3.21;0.20;388.88;19.98;1400;52;4933.00;559
12389;42;621107380;12389;661;13788;14346;3.25;0.20;388.88;19.98;1399;52;4934.00;558
12392;42;621107394;12392;660;13788;14346;3.29;0.20;388.86;19.98;1396;52;4935.00;558
12393;42;621107408;12393;655;13788;14346;3.32;0.20;388.84;19.98;1395;52;4936.00;558
12399;42;621107422;12399;650;13788;14346;3.33;0.20;388.88;19.98;1389;52;4937.00;558
12401;42;621107444;12401;644;13789;14350;3.38;0.21;388.87;19.98;1388;52;4938.00;561
12402;42;621107459;12402;634;13789;14350;3.37;0.21;388.87;19.98;1387;52;4939.00;561
12405;42;621107473;12405;629;13792;14354;3.42;0.21;388.88;19.97;1387;52;4940.00;562
12409;42;621107496;12409;617;13792;14355;3.46;0.21;388.83;19.97;1383;52;4941.00;563
12411;42;621107511;12411;616;13792;14355;3.48;0.21;388.80;19.97;1381;52;4942.00;563
12413;42;621107526;12413;601;13792;14355;3.52;0.21;388.80;19.97;1379;52;4943.00;563
12415;42;621107540;12415;599;13802;14368;3.68;0.22;388.90;19.96;1387;52;4944.00;566
12419;42;621107556;12419;589;13802;14368;3.75;0.23;388.82;19.96;1383;52;4945.00;566
12422;42;621107572;12422;580;13802;14368;3.82;0.23;388.79;19.96;1380;52;4946.00;566
12423;42;621107588;12423;579;13803;14369;3.92;0.24;388.77;19.96;1380;52;4947.00;566
12428;42;621107603;12428;573;13803;14370;3.98;0.24;388.73;19.96;1375;52;4948.00;567
12430;42;621107619;12430;563;13803;14370;4.07;0.25;388.70;19.96;1373;52;4949.00;567
12435;42;621107636;12435;569;13807;14379;4.11;0.25;388.67;19.95;1372;52;4950.00;572
12437;42;621107654;12437;553;13809;14379;4.15;0.25;388.67;20.08;1372;52;4951.00;570
12438;42;621107670;12438;549;13810;14379;4.22;0.26;388.67;20.07;1372;52;4952.00;569
12442;42;621107686;12442;534;13810;14379;4.25;0.26;388.73;20.07;1368;52;4953.00;569
12445;42;621107702;12445;528;13815;14385;4.31;0.26;388.69;20.07;1370;52;4954.00;570
12447;42;621107719;12447;527;13815;14385;4.34;0.26;388.67;20.07;1368;52;4955.00;570
12451;42;621107734;12451;515;13816;14385;4.39;0.26;388.71;20.07;1365;52;4956.00;569
12454;42;621107751;12454;513;13816;14385;4.41;0.27;388.95;20.07;1362;52;4957.00;569
12458;42;621107767;12458;524;13818;14389;4.42;0.27;388.94;20.07;1360;52;4958.00;571
12461;42;621107783;12461;517;13818;14390;4.48;0.27;389.10;20.07;1357;52;4959.00;572
12466;42;621107800;12466;506;13819;14390;4.51;0.27;389.26;20.07;1353;52;4960.00;571
12468;42;621107816;12468;495;13821;14391;4.58;0.28;389.35;20.07;1353;52;4961.00;570
12471;42;621107831;12471;489;13823;14391;4.62;0.28;389.37;20.09;1352;52;4962.00;568
12474;42;621107846;12474;495;13824;14391;4.68;0.28;389.40;20.09;1350;52;4963.00;567
12480;42;621107861;12480;495;13825;14391;4.68;0.28;389.34;20.10;1345;52;4964.00;566
12486;42;621107876;12486;495;13826;14391;4.71;0.29;389.52;20.10;1340;52;4965.00;565
12489;42;621107892;12489;494;13826;14391;4.74;0.29;389.62;20.10;1337;52;4966.00;565
12493;42;621107907;12493;494;13827;14391;4.76;0.29;389.65;20.10;1334;52;4967.00;564
12497;42;621107921;12497;507;13865;14461;4.89;0.30;389.73;20.05;1368;52;4968.00;596
12502;42;621107944;12502;504;13870;14462;4.88;0.30;389.84;20.08;1368;52;4969.00;592
12505;42;621107961;12505;502;13874;14462;4.89;0.30;389.82;20.07;1369;53;4970.00;588
12507;42;621107981;12507;505;13876;14462;4.91;0.30;389.82;20.07;1369;53;4971.00;586
12512;42;621107997;12512;497;13878;14462;4.90;0.30;389.88;20.07;1366;53;4972.00;584
12514;42;621108012;12514;494;13881;14462;4.92;0.30;389.88;20.20;1367;53;4973.00;581
12518;42;621108027;12518;493;13883;14462;4.91;0.30;389.93;20.20;1365;53;4974.00;579
12524;42;621108042;12524;499;13887;14462;4.85;0.30;390.11;20.21;1363;53;4975.00;575
12526;42;621108057;12526;504;13890;14463;4.77;0.29;390.15;20.21;1364;53;4976.00;573
12530;42;621108072;12530;487;13892;14464;4.70;0.29;390.29;20.23;1362;53;4977.00;572
12533;42;621108088;12533;486;13894;14464;4.62;0.28;390.30;20.24;1361;53;4978.00;570
12534;42;621108103;12534;494;13896;14468;4.58;0.28;390.40;20.24;1362;53;4979.00;572
12537;42;621108121;12537;486;13899;14468;4.51;0.28;390.51;20.25;1362;53;4980.00;569
12540;42;621108136;12540;489;13903;14468;4.51;0.28;390.45;20.47;1363;54;4981.00;565
12543;42;621108163;12543;493;13904;14468;4.49;0.27;390.47;20.49;1361;54;4982.00;564
12545;42;621108178;12545;497;13908;14474;4.55;0.28;390.47;20.48;1363;54;4983.00;566
12546;42;621108194;12546;500;13910;14474;4.64;0.28;390.44;20.51;1364;54;4984.00;564
12550;42;621108210;12550;499;13910;14474;4.67;0.28;390.50;20.51;1360;54;4985.00;564
12552;42;621108230;12552;490;13913;14477;4.68;0.29;390.52;20.54;1361;54;4986.00;564
12556;42;621108246;12556;483;13915;14477;4.72;0.29;390.52;20.57;1359;54;4987.00;562
12557;42;621108262;12557;486;13916;14477;4.76;0.29;390.52;20.59;1359;54;4988.00;561
12558;42;621108277;12558;478;13916;14478;4.79;0.29;390.52;20.59;1358;54;4989.00;562
12560;42;621108298;12560;488;13917;14479;4.82;0.29;390.56;20.58;1357;54;4990.00;562
12562;42;621108314;12562;478;13921;14479;4.88;0.30;390.56;20.75;1359;54;4991.00;558
12565;42;621108329;12565;476;13932;14492;4.96;0.30;390.68;20.75;1367;54;4992.00;560
12567;42;621108346;12567;479;13933;14492;4.93;0.30;390.74;20.87;1366;54;4993.00;559
12569;42;621108363;12569;480;13934;14492;4.91;0.30;390.72;20.88;1365;54;4994.00;558
12571;42;621108378;12571;479;13936;14494;4.89;0.30;390.79;20.89;1365;54;4995.00;558
12573;42;621108399;12573;493;13937;14494;4.91;0.30;390.83;20.91;1364;54;4996.00;557
12576;42;621108417;12576;493;13941;14498;4.90;0.30;390.89;20.92;1365;54;4997.00;557
12580;42;621108433;12580;485;13943;14498;4.86;0.30;390.95;20.95;1363;54;4998.00;555
12582;42;621108450;12582;487;13946;14502;4.85;0.30;390.97;20.94;1364;54;4999.00;556
12586;42;621108470;12586;485;13949;14502;4.82;0.29;391.08;21.09;1363;54;5000.00;553
12590;42;621108497;12590;489;13949;14502;4.79;0.29;391.13;21.09;1359;54;5001.00;553
12594;42;621108515;12594;491;13950;14502;4.79;0.29;391.18;21.10;1356;54;5002.00;552
12598;42;621108535;12598;498;13951;14502;4.78;0.29;391.24;21.11;1353;54;5003.00;551
12601;42;621108551;12601;502;13960;14514;4.75;0.29;391.33;21.10;1359;54;5004.00;554
12604;42;621108568;12604;494;13962;14514;4.75;0.29;391.40;21.12;1358;54;5005.00;552
12606;42;621108583;12606;499;13962;14514;4.76;0.29;391.41;21.12;1356;54;5006.00;552
12611;42;621108599;12611;501;13965;14514;4.73;0.29;391.46;21.26;1354;54;5007.00;549
12613;42;621108615;12613;498;13965;14514;4.72;0.29;391.48;21.26;1352;54;5008.00;549
12613;42;621108630;12613;501;13965;14514;4.73;0.29;391.48;21.26;1352;54;5009.00;549
12615;42;621108648;12615;502;13967;14515;4.71;0.29;391.56;21.29;1352;54;5010.00;548
12616;42;621108666;12616;496;13967;14515;4.73;0.29;391.55;21.29;1351;54;5011.00;548
12618;42;621108681;12618;493;13973;14521;4.73;0.29;391.58;21.31;1355;54;5012.00;548
12620;42;621108697;12620;488;13973;14522;4.73;0.29;391.60;21.31;1353;54;5013.00;549
12620;42;621108712;12620;487;13975;14522;4.74;0.29;391.60;21.33;1355;54;5014.00;547
12622;42;621108727;12622;490;13975;14522;4.69;0.28;391.60;21.33;1353;54;5015.00;547
12624;42;621108743;12624;496;13980;14526;4.69;0.29;391.62;21.45;1356;54;5016.00;546
12624;42;621108760;12624;492;13981;14526;4.67;0.28;391.62;21.46;1357;54;5017.00;545
12625;42;621108775;12625;498;13981;14526;4.68;0.29;391.62;21.46;1356;54;5018.00;545
12626;42;621108789;12626;496;13983;14527;4.70;0.29;391.65;21.47;1357;54;5019.00;544
12631;42;621108804;12631;498;13987;14531;4.69;0.29;391.74;21.48;1356;54;5020.00;544
12633;42;621108820;12633;490;13987;14531;4.71;0.29;391.77;21.48;1354;54;5021.00;544
12635;42;621108836;12635;477;13989;14534;4.73;0.29;391.85;21.49;1354;54;5022.00;545
12637;42;621108852;12637;472;13989;14534;4.72;0.29;391.90;21.49;1352;54;5023.00;545
12640;42;621108866;12640;479;13989;14534;4.71;0.29;391.85;21.49;1349;54;5024.00;545
12642;42;621108881;12642;471;13990;14534;4.73;0.29;391.84;21.50;1348;54;5025.00;544
12644;42;621108896;12644;469;13993;14538;4.74;0.29;391.85;21.50;1349;54;5026.00;545
12647;42;621108911;12647;482;13993;14538;4.74;0.29;391.94;21.50;1346;54;5027.00;545
12651;42;621108926;12651;479;13993;14538;4.69;0.29;392.08;21.50;1342;54;5028.00;545
12656;42;621108941;12656;482;13993;14538;4.62;0.28;392.11;21.50;1337;54;5029.00;545
12658;42;621108961;12658;483;13993;14539;4.58;0.28;392.23;21.50;1335;54;5030.00;546
12662;42;621108993;12662;483;13993;14540;4.52;0.27;392.29;21.50;1331;54;5031.00;547
12665;42;621109015;12665;481;13993;14540;4.47;0.27;392.36;21.50;1328;54;5032.00;547
12669;42;621109037;12669;479;13994;14541;4.47;0.27;392.44;21.50;1325;54;5033.00;547
12672;42;621109060;12672;472;13994;14541;4.43;0.27;392.48;21.50;1322;54;5034.00;547
12675;42;621109077;12675;469;13996;14541;4.37;0.27;392.46;21.61;1321;54;5035.00;545
12677;43;621109095;12677;473;13996;14541;4.37;0.27;392.52;21.61;1319;55;5036.00;545
12679;43;621109124;12679;473;13996;14541;4.36;0.27;392.54;21.61;1317;55;5037.00;545
12682;43;621109140;12682;471;13997;14541;4.32;0.26;392.57;21.62;1315;55;5038.00;544
12685;43;621109156;12685;471;13997;14541;4.34;0.26;392.60;21.62;1312;55;5039.00;544
12690;43;621109182;12690;519;14094;14771;4.63;0.29;392.70;21.47;1404;55;5040.00;677
12692;43;621109218;12692;506;14100;14772;4.69;0.29;392.71;21.46;1408;55;5041.00;672
12694;43;621109238;12694;502;14107;14772;4.74;0.30;392.78;21.47;1413;55;5042.00;665
12696;43;621109255;12696;497;14111;14772;4.77;0.30;392.79;21.46;1415;55;5043.00;661
12700;43;621109272;12700;497;14119;14772;4.76;0.30;392.88;21.47;1419;55;5044.00;653
12703;43;621109287;12703;495;14125;14772;4.76;0.30;392.94;21.46;1422;55;5045.00;647
12704;43;621109310;12704;498;14130;14772;4.75;0.30;392.97;21.45;1426;55;5046.00;642
12706;43;621109326;12706;498;14136;14772;4.76;0.30;392.96;21.45;1430;55;5047.00;636
12708;43;621109342;12708;497;14140;14773;4.73;0.29;393.00;21.44;1432;55;5048.00;633
12709;43;621109366;12709;501;14146;14774;4.72;0.29;393.00;21.46;1437;55;5049.00;628
12712;43;621109383;12712;503;14150;14774;4.67;0.29;393.18;21.46;1438;55;5050.00;624
12715;43;621109399;12715;505;14153;14775;4.61;0.29;393.11;21.46;1438;55;5051.00;622
12716;43;621109418;12716;521;14158;14775;4.55;0.28;393.10;21.45;1442;55;5052.00;617
12718;43;621109434;12718;528;14160;14775;4.50;0.28;393.05;21.45;1442;55;5053.00;615
12720;43;621109455;12720;532;14163;14775;4.43;0.28;393.17;21.45;1443;55;5054.00;612
12720;43;621109472;12720;557;14166;14779;4.37;0.27;393.17;21.45;1446;55;5055.00;613
12724;43;621109489;12724;557;14170;14779;4.30;0.27;393.23;21.45;1446;55;5056.00;609
12726;43;621109506;12726;569;14171;14779;4.29;0.27;393.26;21.44;1445;55;5057.00;608
12729;43;621109522;12729;577;14172;14782;4.28;0.26;393.24;21.44;1443;55;5058.00;610
12732;43;621109538;12732;581;14174;14782;4.24;0.26;393.22;21.44;1442;55;5059.00;608
12733;43;621109554;12733;600;14174;14782;4.21;0.26;393.23;21.44;1441;55;5060.00;608
12735;43;621109571;12735;602;14179;14786;4.20;0.26;393.25;21.44;1444;55;5061.00;607
12740;43;621109594;12740;615;14182;14787;4.12;0.25;393.20;21.44;1442;55;5062.00;605
12744;43;621109617;12744;626;14183;14787;4.09;0.25;393.31;21.44;1439;55;5063.00;604
12745;43;621109633;12745;628;14186;14791;4.08;0.25;393.28;21.43;1441;55;5064.00;605
12748;43;621109660;12748;633;14187;14791;4.08;0.25;393.32;21.43;1439;55;5065.00;604
12750;43;621109676;12750;634;14188;14791;4.08;0.25;393.27;21.43;1438;55;5066.00;603
12750;43;621109692;12750;641;14188;14792;4.02;0.25;393.27;21.43;1438;55;5067.00;604
12750;43;621109707;12750;650;14189;14792;4.00;0.25;393.27;21.43;1439;55;5068.00;603
12751;43;621109723;12751;653;14194;14798;3.99;0.25;393.28;21.43;1443;55;5069.00;604
12753;43;621109746;12753;658;14194;14798;3.92;0.24;393.23;21.43;1441;55;5070.00;604
12757;43;621109762;12757;660;14196;14799;3.86;0.24;393.28;21.43;1439;55;5071.00;603
12763;43;621109777;12763;672;14196;14799;3.75;0.23;393.25;21.43;1433;55;5072.00;603
12765;43;621109792;12765;671;14196;14799;3.70;0.23;393.24;21.43;1431;55;5073.00;603
12767;43;621109807;12767;675;14196;14799;3.62;0.22;393.22;21.43;1429;55;5074.00;603
12769;43;621109823;12769;678;14196;14799;3.56;0.22;393.19;21.43;1427;55;5075.00;603
12770;43;621109837;12770;685;14205;14811;3.60;0.22;393.18;21.42;1435;55;5076.00;606
12772;43;621109854;12772;695;14205;14811;3.54;0.22;393.19;21.42;1433;55;5077.00;606
12772;43;621109875;12772;707;14205;14811;3.53;0.22;393.19;21.42;1433;55;5078.00;606
12773;43;621109890;12773;705;14205;14811;3.52;0.22;393.21;21.42;1432;55;5079.00;606
12774;43;621109904;12774;699;14205;14811;3.52;0.22;393.22;21.42;1431;55;5080.00;606
12774;43;621109919;12774;698;14205;14811;3.52;0.22;393.22;21.42;1431;55;5081.00;606
12777;43;621109934;12777;700;14208;14815;3.53;0.22;393.21;21.41;1431;55;5082.00;607
12778;43;621109949;12778;688;14208;14815;3.55;0.22;393.19;21.41;1430;55;5083.00;607
12779;43;621109969;12779;671;14211;14819;3.60;0.22;393.18;21.41;1432;55;5084.00;608
12781;43;621109985;12781;662;14212;14821;3.65;0.22;393.25;21.41;1431;55;5085.00;609
12782;43;621110000;12782;655;14212;14821;3.68;0.22;393.25;21.41;1430;55;5086.00;609
12784;43;621110014;12784;642;14212;14821;3.69;0.22;393.26;21.41;1428;55;5087.00;609
12784;43;621110029;12784;642;14222;14834;3.75;0.23;393.26;21.39;1438;55;5088.00;612
12786;43;621110044;12786;636;14222;14834;3.80;0.23;393.23;21.39;1436;55;5089.00;612
12787;43;621110058;12787;639;14222;14834;3.82;0.23;393.21;21.39;1435;55;5090.00;612
12791;43;621110075;12791;642;14223;14835;3.79;0.23;393.18;21.39;1432;55;5091.00;612
12791;43;621110094;12791;639;14223;14836;3.81;0.23;393.18;21.39;1432;55;5092.00;613
12793;43;621110116;12793;640;14223;14836;3.82;0.23;393.13;21.39;1430;55;5093.00;613
12797;43;621110132;12797;645;14224;14839;3.82;0.23;393.10;21.39;1427;55;5094.00;615
12797;43;621110152;12797;652;14224;14839;3.84;0.23;393.10;21.39;1427;55;5095.00;615
12799;43;621110170;12799;650;14224;14839;3.82;0.23;393.12;21.39;1425;55;5096.00;615
12800;43;621110189;12800;643;14224;14839;3.80;0.23;393.12;21.39;1424;55;5097.00;615
12803;43;621110223;12803;656;14228;14845;3.81;0.23;393.09;21.38;1425;55;5098.00;617
12804;43;621110241;12804;656;14228;14845;3.78;0.23;393.08;21.38;1424;55;5099.00;617
12807;43;621110258;12807;655;14233;14864;3.77;0.23;393.06;21.37;1426;55;5100.00;631
12809;43;621110278;12809;638;14233;14864;3.81;0.23;393.04;21.37;1424;55;5101.00;631
12810;43;621110295;12810;634;14235;14868;3.85;0.23;393.02;21.37;1425;55;5102.00;633
12814;43;621110311;12814;622;14236;14869;3.83;0.23;392.95;21.37;1422;55;5103.00;633
12822;43;621110326;12822;617;14236;14869;3.81;0.23;392.88;21.37;1414;55;5104.00;633
12823;43;621110341;12823;612;14239;14870;3.86;0.23;392.97;21.37;1416;55;5105.00;631
12826;43;621110356;12826;615;14240;14870;3.88;0.24;392.96;21.37;1414;55;5106.00;630
12828;43;621110371;12828;598;14240;14870;3.91;0.24;392.97;21.37;1412;55;5107.00;630
12832;43;621110386;12832;594;14241;14870;3.94;0.24;393.14;21.38;1409;55;5108.00;629
12835;43;621110401;12835;586;14241;14870;3.95;0.24;393.22;21.38;1406;55;5109.00;629
12838;43;621110416;12838;575;14241;14870;3.99;0.24;393.17;21.38;1403;55;5110.00;629
12842;43;621110431;12842;564;14243;14870;4.01;0.24;393.27;21.38;1401;55;5111.00;627
12846;43;621110446;12846;580;14289;14940;4.05;0.25;393.41;21.31;1443;55;5112.00;651
12847;43;621110474;12847;561;14291;14941;4.13;0.25;393.40;21.31;1444;55;5113.00;650
12852;43;621110493;12852;544;14294;14941;4.20;0.26;393.45;21.30;1442;55;5114.00;647
12857;43;621110511;12857;537;14295;14941;4.26;0.26;393.56;21.30;1438;55;5115.00;646
12860;43;621110530;12860;528;14295;14941;4.32;0.26;393.49;21.30;1435;55;5116.00;646
12864;43;621110547;12864;531;14298;14941;4.38;0.27;393.62;21.42;1434;55;5117.00;643
12865;43;621110567;12865;524;14298;14941;4.47;0.27;393.63;21.42;1433;55;5118.00;643
12867;43;621110586;12867;515;14298;14941;4.52;0.27;393.58;21.42;1431;55;5119.00;643
12871;43;621110606;12871;507;14298;14942;4.53;0.27;393.58;21.42;1427;55;5120.00;644
12872;43;621110627;12872;507;14298;14943;4.55;0.28;393.58;21.42;1426;55;5121.00;645
12877;43;621110652;12877;511;14298;14943;4.52;0.27;393.67;21.42;1421;55;5122.00;645
12880;43;621110672;12880;503;14302;14947;4.47;0.27;393.66;21.42;1422;55;5123.00;645
12882;43;621110697;12882;502;14302;14947;4.46;0.27;393.70;21.42;1420;55;5124.00;645
12886;43;621110716;12886;498;14302;14947;4.47;0.27;393.86;21.42;1416;55;5125.00;645
12890;43;621110732;12890;497;14302;14947;4.46;0.27;393.83;21.42;1412;55;5126.00;645
12894;43;621110749;12894;496;14305;14953;4.45;0.27;393.86;21.41;1411;55;5127.00;648
12896;43;621110766;12896;494;14305;14953;4.49;0.27;393.86;21.41;1409;55;5128.00;648
12900;43;621110783;12900;499;14308;14953;4.51;0.27;393.98;21.41;1408;55;5129.00;645
12902;43;621110803;12902;501;14310;14959;4.54;0.28;393.98;21.41;1408;55;5130.00;649
12902;43;621110821;12902;502;14311;14959;4.58;0.28;393.98;21.42;1409;55;5131.00;648
12905;43;621110837;12905;507;14315;14959;4.57;0.28;394.00;21.44;1410;55;5132.00;644
12908;43;621110853;12908;504;14316;14960;4.56;0.28;394.13;21.46;1408;55;5133.00;644
12913;43;621110869;12913;497;14318;14961;4.55;0.28;394.17;21.48;1405;55;5134.00;643
12919;43;621110885;12919;498;14319;14961;4.51;0.27;394.24;21.47;1400;55;5135.00;642
12922;43;621110901;12922;495;14326;14974;4.56;0.28;394.29;21.46;1404;55;5136.00;648
12922;43;621110919;12922;485;14329;14974;4.63;0.28;394.29;21.50;1407;55;5137.00;645
12922;43;621110935;12922;475;14331;14974;4.72;0.29;394.29;21.53;1409;55;5138.00;643
12928;43;621110954;12928;466;14332;14975;4.72;0.29;394.38;21.53;1404;55;5139.00;643
12931;43;621110989;12931;470;14335;14975;4.67;0.28;394.38;21.55;1404;55;5140.00;640
12933;43;621111023;12933;469;14337;14979;4.68;0.28;394.42;21.54;1404;55;5141.00;642
12936;43;621111052;12936;469;14341;14979;4.65;0.28;394.44;21.57;1405;55;5142.00;638
12937;43;621111078;12937;465;14346;14983;4.65;0.28;394.44;21.60;1409;55;5143.00;637
12939;43;621111102;12939;475;14347;14983;4.67;0.28;394.47;21.62;1408;55;5144.00;636
12943;43;621111125;12943;475;14347;14983;4.63;0.28;394.64;21.62;1404;55;5145.00;636
12947;43;621111151;12947;483;14350;14983;4.55;0.28;394.67;21.65;1403;55;5146.00;633
12949;43;621111176;12949;466;14353;14983;4.47;0.27;394.71;21.78;1404;55;5147.00;630
12953;43;621111202;12953;463;14361;14995;4.43;0.27;394.86;21.79;1408;55;5148.00;634
12954;43;621111223;12954;455;14362;14995;4.45;0.27;394.88;21.80;1408;55;5149.00;633
12958;43;621111244;12958;457;14363;14995;4.48;0.27;394.96;21.82;1405;55;5150.00;632
12959;43;621111266;12959;457;14365;14995;4.55;0.28;394.94;21.83;1406;55;5151.00;630
12961;43;621111288;12961;464;14367;14995;4.57;0.28;394.96;21.85;1406;55;5152.00;628
12963;43;621111307;12963;461;14369;14995;4.57;0.28;394.92;21.86;1406;55;5153.00;626
12964;43;621111326;12964;466;14369;14996;4.59;0.28;394.90;21.86;1405;55;5154.00;627
12967;43;621111344;12967;463;14372;14998;4.60;0.28;394.92;21.88;1405;55;5155.00;626
12972;43;621111370;12972;461;14378;15004;4.55;0.28;395.02;22.00;1406;55;5156.00;626
12974;43;621111392;12974;456;14380;15005;4.56;0.28;395.12;22.04;1406;55;5157.00;625
12975;43;621111410;12975;457;14380;15005;4.57;0.28;395.12;22.04;1405;55;5158.00;625
12977;43;621111428;12977;454;14382;15005;4.59;0.28;395.10;22.07;1405;55;5159.00;623
12981;43;621111448;12981;453;14385;15010;4.63;0.28;395.14;22.07;1404;55;5160.00;625
12985;43;621111471;12985;452;14388;15010;4.66;0.28;395.17;22.10;1403;55;5161.00;622
12987;43;621111493;12987;457;14389;15010;4.69;0.28;395.24;22.11;1402;55;5162.00;621
12989;43;621111512;12989;470;14390;15011;4.71;0.29;395.23;22.11;1401;55;5163.00;621
12994;43;621111531;12994;465;14393;15015;4.70;0.29;395.44;22.11;1399;55;5164.00;622
12996;43;621111553;12996;468;14395;15015;4.72;0.29;395.45;22.14;1399;55;5165.00;620
12997;43;621111581;12997;474;14399;15018;4.74;0.29;395.56;22.18;1402;55;5166.00;619
12999;43;621111606;12999;469;14400;15018;4.75;0.29;395.65;22.20;1401;55;5167.00;618
13001;43;621111635;13001;470;14400;15018;4.76;0.29;395.73;22.20;1399;55;5168.00;618
13001;43;621111668;13001;470;14402;15018;4.82;0.29;395.73;22.22;1401;55;5169.00;616
13004;43;621111693;13004;468;14405;15022;4.78;0.29;395.81;22.22;1401;55;5170.00;617
13008;43;621111717;13008;476;14406;15022;4.74;0.29;396.01;22.23;1398;55;5171.00;616
13010;43;621111739;13010;482;14407;15022;4.69;0.28;396.06;22.25;1397;55;5172.00;615
13013;43;621111759;13013;481;14407;15022;4.66;0.28;396.14;22.25;1394;55;5173.00;615
13015;43;621111779;13015;481;14407;15023;4.61;0.28;396.26;22.25;1392;55;5174.00;616
13018;43;621111798;13018;486;14411;15025;4.56;0.28;396.28;22.29;1393;55;5175.00;614
13020;43;621111818;13020;488;14412;15025;4.53;0.28;396.32;22.30;1392;55;5176.00;613
13022;43;621111838;13022;481;14414;15026;4.47;0.27;396.32;22.31;1392;55;5177.00;612
13023;43;621111858;13023;489;14415;15026;4.44;0.27;396.37;22.32;1392;55;5178.00;611
13026;43;621111876;13026;494;14416;15026;4.42;0.27;396.36;22.34;1390;55;5179.00;610
13029;43;621111897;13029;483;14417;15026;4.43;0.27;396.54;22.35;1388;55;5180.00;609
13033;43;621111916;13033;485;14418;15026;4.42;0.27;396.68;22.46;1385;55;5181.00;608
13036;43;621111938;13036;487;14420;15026;4.43;0.27;396.76;22.49;1384;55;5182.00;606
13039;43;621111962;13039;485;14420;15026;4.43;0.27;396.86;22.49;1381;55;5183.00;606
13041;43;621111984;13041;516;14490;15153;4.59;0.28;396.87;22.41;1449;55;5184.00;663
13042;43;621112015;13042;506;14492;15154;4.61;0.28;396.91;22.41;1450;55;5185.00;662
13044;43;621112032;13044;507;14497;15154;4.65;0.29;396.91;22.43;1453;55;5186.00;657
13046;43;621112049;13046;504;14499;15154;4.65;0.29;396.94;22.44;1453;55;5187.00;655
13047;43;621112067;13047;510;14504;15154;4.68;0.29;396.97;22.45;1457;55;5188.00;650
13050;43;621112083;13050;507;14507;15154;4.68;0.29;397.01;22.44;1457;55;5189.00;647
13052;43;621112104;13052;498;14512;15154;4.66;0.29;397.09;22.45;1460;55;5190.00;642
13055;43;621112122;13055;500;14516;15154;4.63;0.29;397.06;22.46;1461;55;5191.00;638
13057;43;621112141;13057;507;14517;15155;4.62;0.28;397.08;22.46;1460;55;5192.00;638
13059;43;621112159;13059;507;14520;15156;4.60;0.28;397.11;22.47;1461;55;5193.00;636
13064;43;621112180;13064;508;14522;15156;4.58;0.28;397.15;22.48;1458;55;5194.00;634
13065;43;621112197;13065;516;14523;15157;4.55;0.28;397.20;22.48;1458;55;5195.00;634
13069;43;621112219;13069;527;14525;15157;4.53;0.28;397.17;22.48;1456;55;5196.00;632
13070;43;621112237;13070;532;14527;15157;4.49;0.28;397.17;22.60;1457;55;5197.00;630
13073;43;621112260;13073;526;14527;15157;4.44;0.27;397.13;22.60;1454;55;5198.00;630
13074;43;621112277;13074;534;14529;15161;4.45;0.27;397.11;22.60;1455;55;5199.00;632
13077;43;621112295;13077;537;14529;15161;4.41;0.27;397.11;22.60;1452;55;5200.00;632
13081;43;621112317;13081;541;14530;15161;4.35;0.27;397.14;22.61;1449;55;5201.00;631
13083;43;621112336;13083;532;14531;15164;4.29;0.26;397.12;22.61;1448;55;5202.00;633
13089;43;621112355;13089;532;14531;15164;4.20;0.26;397.11;22.61;1442;55;5203.00;633
13090;43;621112372;13090;532;14533;15164;4.16;0.26;397.12;22.62;1443;55;5204.00;631
13091;43;621112389;13091;543;14536;15168;4.16;0.26;397.10;22.61;1445;55;5205.00;632
13093;43;621112406;13093;544;14538;15169;4.17;0.26;397.11;22.62;1445;55;5206.00;631
13095;43;621112424;13095;552;14540;15169;4.19;0.26;397.16;22.65;1445;55;5207.00;629
13096;43;621112442;13096;557;14543;15173;4.25;0.26;397.14;22.65;1447;55;5208.00;630
13096;43;621112462;13096;559;14543;15173;4.30;0.27;397.14;22.65;1447;55;5209.00;630
13097;43;621112479;13097;573;14544;15173;4.32;0.27;397.11;22.67;1447;55;5210.00;629
13102;43;621112497;13102;571;14544;15174;4.30;0.27;397.09;22.67;1442;55;5211.00;630
13106;43;621112518;13106;579;14544;15174;4.28;0.26;397.03;22.67;1438;55;5212.00;630
13111;43;621112537;13111;580;14549;15180;4.24;0.26;397.03;22.67;1438;55;5213.00;631
13115;43;621112559;13115;586;14550;15180;4.20;0.26;397.03;22.68;1435;55;5214.00;630
13116;43;621112577;13116;599;14550;15180;4.19;0.26;397.01;22.68;1434;55;5215.00;630
13118;43;621112599;13118;601;14552;15181;4.17;0.26;397.05;22.69;1434;55;5216.00;629
13123;43;621112617;13123;612;14552;15181;4.13;0.25;397.08;22.69;1429;55;5217.00;629
13124;43;621112634;13124;617;14554;15181;4.13;0.25;397.05;22.69;1430;55;5218.00;627
13130;43;621112651;13130;627;14555;15181;4.05;0.25;397.02;22.70;1425;55;5219.00;626
13130;43;621112670;13130;636;14578;15217;4.13;0.25;397.02;22.67;1448;55;5220.00;639
13132;43;621112690;13132;634;14578;15217;4.09;0.25;397.00;22.67;1446;55;5221.00;639
13133;43;621112707;13133;644;14580;15217;4.05;0.25;396.98;22.66;1447;55;5222.00;637
13134;43;621112724;13134;645;14582;15217;4.04;0.25;396.95;22.66;1448;55;5223.00;635
13135;43;621112740;13135;659;14583;15217;4.06;0.25;396.94;22.66;1448;55;5224.00;634
13135;43;621112756;13135;668;14583;15217;4.05;0.25;396.94;22.66;1448;55;5225.00;634
13136;43;621112773;13136;661;14587;15221;4.03;0.25;396.91;22.65;1451;55;5226.00;634
13138;43;621112789;13138;667;14587;15221;4.00;0.25;396.87;22.65;1449;55;5227.00;634
13142;43;621112813;13142;674;14590;15225;3.96;0.24;396.89;22.65;1448;55;5228.00;635
13145;43;621112835;13145;686;14590;15226;3.92;0.24;396.94;22.65;1445;55;5229.00;636
13147;43;621112852;13147;695;14590;15226;3.88;0.24;396.95;22.65;1443;55;5230.00;636
13148;43;621112868;13148;698;14590;15226;3.82;0.23;396.94;22.65;1442;55;5231.00;636
13151;43;621112887;13151;701;14600;15239;3.80;0.23;396.94;22.63;1449;55;5232.00;639
13155;43;621112918;13155;707;14600;15239;3.74;0.23;396.95;22.63;1445;55;5233.00;639
13155;43;621112935;13155;710;14600;15239;3.72;0.23;396.95;22.63;1445;55;5234.00;639
13156;43;621112954;13156;703;14601;15240;3.70;0.23;396.94;22.63;1445;55;5235.00;639
13156;43;621112990;13156;698;14601;15241;3.68;0.23;396.94;22.63;1445;55;5236.00;640
13161;43;621113024;13161;690;14601;15241;3.62;0.22;397.02;22.63;1440;55;5237.00;640
13162;43;621113046;13162;684;14602;15244;3.60;0.22;397.00;22.63;1440;55;5238.00;642
13164;43;621113070;13164;683;14602;15244;3.61;0.22;397.04;22.63;1438;55;5239.00;642
13166;43;621113090;13166;680;14602;15244;3.58;0.22;397.02;22.63;1436;55;5240.00;642
13167;43;621113111;13167;685;14602;15244;3.62;0.22;397.08;22.63;1435;55;5241.00;642
13171;43;621113134;13171;689;14606;15250;3.65;0.22;397.06;22.62;1435;55;5242.00;644
13171;43;621113158;13171;681;14606;15250;3.68;0.23;397.06;22.62;1435;55;5243.00;644
13172;43;621113176;13172;687;14606;15250;3.71;0.23;397.09;22.62;1434;55;5244.00;644
13173;43;621113205;13173;686;14606;15250;3.71;0.23;397.07;22.62;1433;55;5245.00;644
13176;43;621113223;13176;683;14609;15254;3.70;0.23;397.08;22.62;1433;55;5246.00;645
13176;43;621113239;13176;686;14609;15255;3.69;0.23;397.08;22.62;1433;55;5247.00;646
13178;43;621113258;13178;691;14609;15255;3.70;0.23;397.04;22.62;1431;55;5248.00;646
13180;43;621113274;13180;680;14610;15256;3.71;0.23;397.00;22.62;1430;55;5249.00;646
13182;43;621113299;13182;669;14610;15256;3.75;0.23;396.97;22.62;1428;55;5250.00;646
13183;43;621113328;13183;663;14610;15256;3.75;0.23;396.96;22.62;1427;55;5251.00;646
13183;43;621113346;13183;656;14610;15256;3.80;0.23;396.96;22.62;1427;55;5252.00;646
13183;43;621113362;13183;654;14610;15256;3.83;0.23;396.96;22.62;1427;55;5253.00;646
13186;43;621113380;13186;651;14610;15256;3.88;0.24;396.93;22.62;1424;55;5254.00;646
13189;43;621113398;13189;647;14610;15256;3.87;0.24;396.87;22.62;1421;55;5255.00;646
13192;43;621113414;13192;652;14646;15326;4.03;0.25;396.82;22.56;1454;55;5256.00;680
13193;43;621113438;13193;650;14646;15327;4.06;0.25;396.80;22.56;1453;55;5257.00;681
13194;43;621113455;13194;645;14650;15327;4.11;0.25;396.78;22.56;1456;55;5258.00;677
13196;43;621113473;13196;636;14654;15327;4.16;0.25;396.75;22.55;1458;55;5259.00;673
13196;43;621113490;13196;627;14658;15327;4.17;0.25;396.75;22.55;1462;55;5260.00;669
13199;43;621113507;13199;621;14660;15327;4.13;0.25;396.82;22.54;1461;55;5261.00;667
13202;43;621113524;13202;619;14662;15327;4.14;0.25;396.91;22.54;1460;55;5262.00;665
13206;43;621113542;13206;628;14664;15327;4.10;0.25;397.04;22.54;1458;55;5263.00;663
13209;43;621113559;13209;626;14664;15328;4.08;0.25;397.12;22.54;1455;55;5264.00;664
13213;43;621113576;13213;631;14666;15330;4.05;0.25;397.15;22.54;1453;55;5265.00;664
13216;43;621113594;13216;625;14667;15330;4.02;0.25;397.17;22.54;1451;55;5266.00;663
13218;43;621113611;13218;630;14670;15334;4.01;0.25;397.21;22.53;1452;55;5267.00;664
13221;43;621113629;13221;635;14670;15334;3.99;0.24;397.26;22.53;1449;55;5268.00;664
13225;43;621113646;13225;633;14670;15334;3.94;0.24;397.18;22.53;1445;55;5269.00;664
13230;43;621113663;13230;626;14670;15334;3.94;0.24;397.25;22.53;1440;55;5270.00;664
13237;43;621113680;13237;629;14673;15340;3.95;0.24;397.41;22.53;1436;55;5271.00;667
13240;43;621113700;13240;629;14673;15340;3.99;0.24;397.42;22.53;1433;55;5272.00;667
13244;43;621113719;13244;622;14673;15340;4.01;0.25;397.45;22.53;1429;55;5273.00;667
13248;43;621113736;13248;618;14674;15343;4.01;0.24;397.45;22.53;1426;55;5274.00;669
13252;43;621113755;13252;607;14674;15343;4.04;0.25;397.40;22.53;1422;55;5275.00;669
13256;43;621113773;13256;605;14674;15343;4.10;0.25;397.36;22.53;1418;55;5276.00;669
13261;43;621113790;13261;596;14674;15344;4.10;0.25;397.45;22.53;1413;55;5277.00;670
13263;43;621113808;13263;585;14675;15345;4.12;0.25;397.44;22.52;1412;55;5278.00;670
13265;43;621113827;13265;567;14675;15345;4.14;0.25;397.47;22.52;1410;55;5279.00;670
13268;43;621113848;13268;563;14693;15371;4.21;0.26;397.52;22.50;1425;55;5280.00;678
13272;43;621113869;13272;552;14694;15371;4.22;0.26;397.64;22.49;1422;55;5281.00;677
13274;43;621113888;13274;558;14696;15371;4.28;0.26;397.61;22.49;1422;56;5282.00;675
13278;43;621113912;13278;550;14696;15372;4.33;0.26;397.72;22.49;1418;56;5283.00;676
13280;43;621113931;13280;541;14696;15372;4.37;0.27;397.74;22.49;1416;56;5284.00;676
13281;43;621113950;13281;527;14698;15376;4.46;0.27;397.84;22.49;1417;56;5285.00;678
13285;43;621113975;13285;518;14699;15376;4.51;0.28;397.83;22.49;1414;56;5286.00;677
13288;43;621113994;13288;521;14702;15379;4.54;0.28;397.94;22.48;1414;56;5287.00;677
13293;43;621114013;13293;508;14702;15380;4.59;0.28;398.04;22.48;1409;56;5288.00;678
13298;43;621114030;13298;497;14703;15380;4.61;0.28;398.06;22.60;1405;56;5289.00;677
13304;43;621114048;13304;488;14703;15380;4.66;0.28;398.18;22.60;1399;56;5290.00;677
13306;43;621114066;13306;477;14703;15380;4.70;0.29;398.22;22.60;1397;56;5291.00;677
13311;43;621114082;13311;474;14711;15392;4.73;0.29;398.30;22.59;1400;56;5292.00;681
13313;43;621114112;13313;473;14711;15392;4.76;0.29;398.38;22.59;1398;56;5293.00;681
13317;43;621114129;13317;477;14712;15392;4.75;0.29;398.42;22.58;1395;56;5294.00;680
13326;43;621114146;13326;475;14712;15392;4.72;0.29;398.50;22.58;1386;56;5295.00;680
13329;43;621114163;13329;474;14712;15392;4.73;0.29;398.55;22.58;1383;56;5296.00;680
13329;43;621114181;13329;477;14713;15392;4.81;0.29;398.55;22.60;1384;56;5297.00;679
13334;43;621114198;13334;471;14713;15393;4.81;0.29;398.60;22.60;1379;56;5298.00;680
13336;43;621114215;13336;479;14714;15393;4.81;0.29;398.61;22.62;1378;56;5299.00;679
13342;43;621114232;13342;471;14717;15399;4.81;0.29;398.72;22.61;1375;56;5300.00;682
13350;43;621114254;13350;481;14718;15400;4.78;0.29;398.85;22.61;1368;56;5301.00;682
13352;43;621114272;13352;486;14720;15400;4.80;0.29;398.94;22.64;1368;56;5302.00;680
13355;43;621114289;13355;485;14721;15400;4.75;0.29;399.03;22.64;1366;56;5303.00;679
13358;43;621114305;13358;493;14724;15404;4.74;0.29;399.05;22.66;1366;56;5304.00;680
13361;43;621114322;13361;494;14726;15404;4.72;0.29;399.07;22.67;1365;56;5305.00;678
13366;43;621114339;13366;494;14727;15404;4.70;0.29;399.19;22.69;1361;56;5306.00;677
13368;43;621114357;13368;501;14728;15405;4.73;0.29;399.37;22.69;1360;56;5307.00;677
13373;43;621114373;13373;504;14731;15409;4.72;0.29;399.44;22.68;1358;56;5308.00;678
13378;43;621114390;13378;506;14732;15409;4.69;0.28;399.59;22.70;1354;56;5309.00;677
13382;43;621114409;13382;500;14735;15415;4.66;0.28;399.73;22.69;1353;56;5310.00;680
13386;43;621114426;13386;507;14735;15415;4.61;0.28;399.84;22.69;1349;56;5311.00;680
13389;43;621114443;13389;509;14736;15415;4.54;0.28;399.98;22.69;1347;56;5312.00;679
13393;43;621114459;13393;510;14737;15415;4.51;0.27;400.01;22.71;1344;56;5313.00;678
13399;43;621114475;13399;520;14739;15419;4.51;0.27;400.15;22.71;1340;56;5314.00;680
13403;43;621114491;13403;516;14739;15419;4.50;0.27;400.17;22.71;1336;56;5315.00;680
13405;43;621114508;13405;525;14739;15419;4.50;0.27;400.25;22.71;1334;56;5316.00;680
13411;43;621114524;13411;510;14739;15419;4.44;0.27;400.44;22.71;1328;56;5317.00;680
13416;43;621114540;13416;510;14740;15420;4.39;0.27;400.44;22.70;1324;56;5318.00;680
13418;43;621114557;13418;509;14741;15421;4.35;0.27;400.51;22.72;1323;56;5319.00;680
13422;43;621114573;13422;509;14742;15421;4.29;0.26;400.51;22.84;1320;56;5320.00;679
13425;43;621114590;13425;515;14744;15422;4.28;0.26;400.56;22.85;1319;56;5321.00;678
13427;43;621114606;13427;521;14744;15422;4.25;0.26;400.65;22.85;1317;56;5322.00;678
13429;43;621114633;13429;521;14744;15422;4.24;0.26;400.66;22.85;1315;56;5323.00;678
13433;43;621114649;13433;530;14745;15422;4.22;0.26;400.78;22.87;1312;56;5324.00;677
13435;43;621114665;13435;520;14745;15422;4.25;0.26;400.83;22.87;1310;56;5325.00;677
13439;43;621114680;13439;517;14745;15422;4.25;0.26;400.85;22.87;1306;56;5326.00;677
13442;43;621114696;13442;511;14747;15422;4.26;0.26;400.81;22.91;1305;56;5327.00;675
13445;43;621114712;13445;533;14812;15549;4.41;0.27;400.91;22.83;1367;56;5328.00;737
13447;43;621114741;13447;512;14814;15550;4.43;0.27;401.04;22.82;1367;56;5329.00;736
13448;43;621114757;13448;509;14820;15550;4.49;0.28;401.08;22.83;1372;56;5330.00;730
13451;43;621114774;13451;502;14825;15550;4.53;0.28;401.07;22.85;1374;56;5331.00;725
13452;43;621114790;13452;508;14828;15550;4.59;0.28;401.08;22.88;1376;56;5332.00;722
13456;43;621114807;13456;508;14829;15550;4.64;0.29;401.18;22.88;1373;56;5333.00;721
13456;43;621114824;13456;506;14833;15550;4.73;0.29;401.18;22.91;1377;56;5334.00;717
13458;43;621114840;13458;512;14837;15550;4.81;0.30;401.19;23.06;1379;56;5335.00;713
13460;43;621114857;13460;508;14839;15551;4.84;0.30;401.22;23.06;1379;56;5336.00;712
13463;43;621114873;13463;510;14841;15552;4.83;0.30;401.23;23.06;1378;56;5337.00;711
13464;43;621114891;13464;505;14843;15552;4.79;0.30;401.23;23.06;1379;56;5338.00;709
13470;43;621114907;13470;505;14849;15553;4.75;0.29;401.19;23.10;1379;56;5339.00;704
13472;43;621114927;13472;500;14854;15553;4.73;0.29;401.24;23.45;1382;57;5340.00;699
13475;43;621114960;13475;504;14860;15553;4.72;0.29;401.25;23.48;1385;57;5341.00;693
13476;43;621114986;13476;510;14863;15553;4.73;0.29;401.25;23.51;1387;57;5342.00;690
13480;43;621115011;13480;502;14867;15557;4.72;0.29;401.35;23.53;1387;57;5343.00;690
13482;43;621115037;13482;514;14868;15557;4.73;0.29;401.40;23.52;1386;57;5344.00;689
13483;43;621115063;13483;517;14871;15557;4.73;0.29;401.41;23.55;1388;57;5345.00;686
13485;43;621115083;13485;509;14872;15560;4.73;0.29;401.47;23.55;1387;57;5346.00;688
13485;43;621115103;13485;515;14873;15560;4.70;0.29;401.47;23.57;1388;57;5347.00;687
13487;43;621115122;13487;521;14874;15560;4.63;0.28;401.50;23.58;1387;57;5348.00;686
13490;43;621115140;13490;526;14880;15564;4.62;0.28;401.53;23.72;1390;57;5349.00;684
13493;43;621115160;13493;540;14882;15565;4.58;0.28;401.54;23.73;1389;57;5350.00;683
13496;43;621115179;13496;539;14883;15565;4.54;0.28;401.51;23.75;1387;57;5351.00;682
13497;43;621115199;13497;540;14887;15569;4.52;0.28;401.49;23.76;1390;57;5352.00;682
13499;43;621115225;13499;544;14888;15569;4.51;0.28;401.48;23.77;1389;57;5353.00;681
13503;43;621115242;13503;542;14888;15569;4.50;0.27;401.48;23.77;1385;57;5354.00;681
13503;43;621115261;13503;551;14891;15571;4.54;0.28;401.48;23.80;1388;57;5355.00;680
13507;43;621115280;13507;551;14892;15571;4.51;0.28;401.48;23.81;1385;57;5356.00;679
13508;43;621115298;13508;551;14898;15577;4.55;0.28;401.49;23.84;1390;57;5357.00;679
13511;43;621115316;13511;555;14899;15577;4.57;0.28;401.50;23.85;1388;57;5358.00;678
13513;43;621115335;13513;568;14901;15577;4.60;0.28;401.48;23.88;1388;57;5359.00;676
13516;43;621115353;13516;567;14901;15578;4.58;0.28;401.45;23.88;1385;57;5360.00;677
13518;43;621115372;13518;563;14903;15578;4.61;0.28;401.42;23.91;1385;57;5361.00;675
13519;43;621115390;13519;564;14903;15578;4.61;0.28;401.41;23.91;1384;57;5362.00;675
13522;43;621115408;13522;552;14906;15578;4.63;0.28;401.38;24.05;1384;57;5363.00;672
13523;43;621115428;13523;544;14914;15590;4.68;0.29;401.40;24.04;1391;57;5364.00;676
13524;43;621115448;13524;540;14916;15590;4.69;0.29;401.44;24.06;1392;57;5365.00;674
13527;43;621115466;13527;540;14917;15590;4.69;0.29;401.43;24.06;1390;57;5366.00;673
13528;43;621115486;13528;545;14919;15590;4.74;0.29;401.41;24.08;1391;57;5367.00;671
13532;43;621115506;13532;536;14921;15590;4.75;0.29;401.44;24.11;1389;57;5368.00;669
13537;43;621115532;13537;544;14921;15590;4.75;0.29;401.34;24.11;1384;57;5369.00;669
13537;43;621115553;13537;540;14926;15594;4.76;0.29;401.34;24.13;1389;57;5370.00;668
13540;43;621115570;13540;536;14927;15594;4.76;0.29;401.37;24.14;1387;57;5371.00;667
13543;43;621115588;13543;540;14930;15598;4.77;0.29;401.39;24.13;1387;57;5372.00;668
13547;43;621115608;13547;534;14930;15599;4.73;0.29;401.39;24.13;1383;57;5373.00;669
13550;43;621115625;13550;536;14931;15599;4.74;0.29;401.43;24.14;1381;58;5374.00;668
13553;43;621115651;13553;546;14932;15599;4.72;0.29;401.44;24.15;1379;58;5375.00;667
13555;43;621115670;13555;541;14941;15612;4.71;0.29;401.42;24.14;1386;58;5376.00;671
13560;43;621115698;13560;538;14943;15612;4.71;0.29;401.40;24.15;1383;58;5377.00;669
13563;43;621115716;13563;536;14945;15612;4.68;0.28;401.35;24.28;1382;58;5378.00;667
13566;43;621115735;13566;540;14948;15613;4.63;0.28;401.30;24.30;1382;58;5379.00;665
13568;43;621115753;13568;543;14949;15614;4.62;0.28;401.29;24.31;1381;58;5380.00;665
13573;43;621115771;13573;539;14949;15614;4.56;0.28;401.40;24.31;1376;58;5381.00;665
13576;43;621115789;13576;545;14950;15617;4.52;0.28;401.33;24.31;1374;58;5382.00;667
13580;43;621115808;13580;555;14951;15617;4.46;0.27;401.35;24.32;1371;58;5383.00;666
13583;43;621115826;13583;562;14951;15617;4.40;0.27;401.37;24.32;1368;58;5384.00;666
13584;43;621115846;13584;564;14952;15617;4.39;0.27;401.35;24.33;1368;58;5385.00;665
13585;43;621115862;13585;563;14956;15623;4.40;0.27;401.37;24.33;1371;58;5386.00;667
13585;43;621115880;13585;547;14956;15623;4.38;0.27;401.37;24.33;1371;58;5387.00;667
13587;43;621115897;13587;541;14957;15623;4.31;0.26;401.45;24.34;1370;58;5388.00;666
13588;43;621115914;13588;538;14957;15623;4.26;0.26;401.43;24.34;1369;58;5389.00;666
13589;43;621115932;13589;542;14961;15627;4.21;0.26;401.48;24.35;1372;58;5390.00;666
13593;43;621115950;13593;539;14961;15628;4.18;0.25;401.46;24.35;1368;58;5391.00;667
13593;43;621115969;13593;554;14961;15628;4.19;0.26;401.46;24.35;1368;58;5392.00;667
13594;43;621115988;13594;553;14965;15629;4.18;0.26;401.43;24.38;1371;58;5393.00;664
13597;43;621116006;13597;556;14965;15629;4.17;0.25;401.45;24.38;1368;58;5394.00;664
13597;43;621116022;13597;555;14965;15629;4.18;0.26;401.45;24.38;1368;58;5395.00;664
13598;43;621116038;13598;555;14966;15629;4.18;0.26;401.44;24.39;1368;58;5396.00;663
13600;43;621116059;13600;555;14966;15629;4.22;0.26;401.48;24.39;1366;58;5397.00;663
13603;43;621116075;13603;559;14966;15629;4.24;0.26;401.46;24.39;1363;58;5398.00;663
13603;43;621116091;13603;558;14967;15629;4.24;0.26;401.46;24.41;1364;58;5399.00;662
