step_arrived;step_collisions;step_duration;step_ended;step_halting;step_inserted;step_loaded;step_meanSpeed;step_meanSpeedRelative;step_meanTravelTime;step_meanWaitingTime;step_running;step_teleports;step_time;step_waiting
0;0;622081423;0;1;88;245;16.08;1.13;-1.00;0.00;88;0;0.00;157
0;0;622081457;0;1;102;245;15.08;1.04;-1.00;0.14;102;0;1.00;143
0;0;622081459;0;1;123;245;14.40;0.98;-1.00;0.46;123;0;2.00;122
0;0;622081460;0;3;134;245;13.51;0.91;-1.00;0.66;134;0;3.00;111
0;0;622081461;0;4;148;245;12.47;0.84;-1.00;0.98;148;0;4.00;97
0;0;622081463;0;5;157;245;11.62;0.78;-1.00;1.21;157;0;5.00;88
0;0;622081464;0;7;169;245;10.77;0.72;-1.00;1.55;169;0;6.00;76
0;0;622081466;0;14;175;245;10.14;0.67;-1.00;1.74;175;0;7.00;70
0;0;622081467;0;19;185;246;9.55;0.63;-1.00;2.08;185;0;8.00;61
0;0;622081471;0;21;190;247;9.29;0.61;-1.00;2.26;190;0;9.00;57
0;0;622081473;0;24;197;247;9.14;0.60;-1.00;2.53;197;0;10.00;50
0;0;622081475;0;26;203;248;8.91;0.59;-1.00;2.73;203;0;11.00;45
1;0;622081477;1;31;210;248;8.71;0.57;12.00;3.04;209;0;12.00;38
2;0;622081479;2;35;214;248;8.52;0.55;12.50;3.23;212;0;13.00;34
2;0;622081482;2;38;216;248;8.52;0.55;12.50;3.33;214;0;14.00;32
2;0;622081484;2;48;224;252;8.33;0.54;12.50;3.62;222;0;15.00;28
2;0;622081487;2;49;225;252;8.29;0.53;12.50;3.68;223;0;16.00;27
2;0;622081490;2;55;229;252;8.21;0.52;12.50;3.91;227;0;17.00;23
2;0;622081493;2;58;231;255;8.12;0.52;12.50;4.03;229;0;18.00;24
2;0;622081496;2;66;232;255;8.17;0.52;12.50;4.09;230;0;19.00;23
3;0;622081498;3;69;236;255;8.11;0.51;15.00;4.20;233;0;20.00;19
5;0;622081501;5;75;242;259;8.11;0.51;17.20;4.29;237;0;21.00;17
6;0;622081504;6;79;244;260;8.05;0.51;18.00;4.34;238;0;22.00;16
6;0;622081508;6;82;246;260;8.17;0.51;18.00;4.50;240;0;23.00;14
6;0;622081510;6;84;248;264;8.24;0.52;18.00;4.46;242;0;24.00;16
6;0;622081514;6;85;250;264;8.36;0.52;18.00;4.43;244;0;25.00;14
6;0;622081517;6;88;250;264;8.34;0.52;18.00;4.43;244;0;26.00;14
7;0;622081519;7;93;251;265;8.30;0.52;19.29;4.52;244;0;27.00;14
7;0;622081523;7;93;252;265;8.23;0.51;19.29;4.56;245;0;28.00;13
7;0;622081526;7;92;257;271;8.14;0.51;19.29;4.49;250;0;29.00;14
8;0;622081531;8;94;258;271;7.98;0.50;20.25;4.59;250;0;30.00;13
8;0;622081534;8;97;259;272;7.94;0.49;20.25;4.58;251;0;31.00;13
9;0;622081538;9;100;260;272;7.85;0.49;21.56;4.61;251;0;32.00;12
10;0;622081541;10;104;260;272;7.78;0.48;22.70;4.61;250;0;33.00;12
10;0;622081544;10;106;261;272;7.80;0.48;22.70;4.72;251;0;34.00;11
11;0;622081546;11;113;261;272;7.75;0.48;23.27;4.72;250;0;35.00;11
11;0;622081550;11;115;272;284;7.92;0.49;23.27;4.67;261;0;36.00;12
12;0;622081554;12;116;272;284;7.77;0.48;24.00;4.67;260;0;37.00;12
12;0;622081557;12;118;272;284;7.71;0.48;24.00;4.67;260;0;38.00;12
12;0;622081560;12;120;274;284;7.62;0.47;24.00;4.92;262;0;39.00;10
12;0;622081563;12;124;274;284;7.60;0.47;24.00;4.92;262;0;40.00;10
14;0;622081565;14;127;275;284;7.45;0.46;25.71;4.95;261;0;41.00;9
14;0;622081568;14;127;280;288;7.50;0.47;25.71;5.02;266;0;42.00;8
16;0;622081572;16;130;280;288;7.29;0.45;26.38;5.02;264;0;43.00;8
17;0;622081575;17;134;284;292;7.16;0.45;27.00;5.08;267;0;44.00;8
18;0;622081579;18;136;286;294;6.99;0.43;28.00;5.14;268;0;45.00;8
19;0;622081582;19;137;286;294;6.88;0.43;28.84;5.14;267;0;46.00;8
19;0;622081585;19;139;287;294;6.89;0.43;28.84;5.20;268;0;47.00;7
19;0;622081588;19;144;297;307;7.21;0.45;28.84;5.06;278;0;48.00;10
19;0;622081592;19;150;299;307;7.23;0.45;28.84;5.07;280;0;49.00;8
20;0;622081594;20;149;300;307;7.12;0.44;29.05;5.07;280;0;50.00;7
20;0;622081597;20;148;302;308;7.16;0.44;29.05;5.07;282;0;51.00;6
20;0;622081600;20;148;304;309;7.19;0.45;29.05;5.05;284;0;52.00;5
22;0;622081603;22;149;304;309;7.13;0.44;29.55;5.05;282;0;53.00;5
22;0;622081606;22;150;306;312;7.20;0.45;29.55;5.02;284;0;54.00;6
24;0;622081609;24;151;306;312;7.10;0.44;30.67;5.02;282;0;55.00;6
24;0;622081612;24;141;307;312;7.06;0.44;30.67;5.01;283;0;56.00;5
25;0;622081615;25;137;307;312;7.00;0.43;31.72;5.01;282;0;57.00;5
26;0;622081618;26;139;312;318;7.01;0.43;32.73;4.95;286;0;58.00;6
26;0;622081621;26;138;312;318;7.04;0.43;32.73;4.95;286;0;59.00;6
27;0;622081626;27;142;312;318;7.06;0.43;33.59;4.95;285;0;60.00;6
27;0;622081629;27;142;312;318;7.16;0.44;33.59;4.95;285;0;61.00;6
27;0;622081632;27;145;316;322;7.23;0.44;33.59;4.90;289;0;62.00;6
29;0;622081635;29;146;317;323;7.34;0.45;34.17;4.88;288;0;63.00;6
29;0;622081639;29;148;317;323;7.53;0.46;34.17;4.88;288;0;64.00;6
30;0;622081642;30;151;318;324;7.62;0.47;35.20;4.87;288;0;65.00;6
31;0;622081645;31;152;318;324;7.65;0.47;36.03;4.87;287;0;66.00;6
31;0;622081647;31;142;318;324;7.78;0.48;36.03;4.87;287;0;67.00;6
32;0;622081650;32;138;318;324;7.90;0.48;36.78;4.87;286;0;68.00;6
34;0;622081653;34;134;318;324;7.97;0.49;38.53;4.87;284;0;69.00;6
35;0;622081656;35;129;318;324;8.07;0.49;39.43;4.87;283;0;70.00;6
35;0;622081659;35;127;318;324;8.28;0.50;39.43;4.87;283;0;71.00;6
36;0;622081663;36;132;352;394;8.42;0.52;40.33;4.40;316;0;72.00;42
36;1;622081673;36;124;353;395;8.52;0.52;40.33;4.39;317;1;73.00;42
36;1;622081691;36;119;360;395;8.84;0.54;40.33;4.34;324;1;74.00;35
36;1;622081695;36;117;364;395;9.09;0.56;40.33;4.33;328;1;75.00;31
36;1;622081698;36;117;366;395;9.24;0.57;40.33;4.33;330;1;76.00;29
36;1;622081707;36;117;368;395;9.37;0.57;40.33;4.33;332;1;77.00;27
36;1;622081710;36;120;370;395;9.48;0.58;40.33;4.34;334;1;78.00;25
37;1;622081719;37;120;372;395;9.53;0.58;40.95;4.35;335;1;79.00;23
39;1;622081723;39;120;374;396;9.46;0.58;42.82;4.37;335;1;80.00;22
39;1;622081727;39;119;376;397;9.42;0.57;42.82;4.40;337;1;81.00;21
40;1;622081731;40;126;379;397;9.41;0.57;43.80;4.42;339;1;82.00;18
40;1;622081735;40;131;384;401;9.28;0.56;43.80;4.40;344;1;83.00;17
41;1;622081739;41;133;385;401;9.17;0.56;44.76;4.40;344;1;84.00;16
41;1;622081743;41;130;385;401;9.12;0.55;44.76;4.40;344;1;85.00;16
41;1;622081746;41;131;385;401;9.02;0.55;44.76;4.40;344;1;86.00;16
42;1;622081749;42;134;390;407;8.94;0.54;45.52;4.36;348;1;87.00;17
44;1;622081753;44;132;390;407;8.71;0.53;47.45;4.36;346;1;88.00;17
44;1;622081757;44;133;390;407;8.55;0.52;47.45;4.36;346;1;89.00;17
45;1;622081762;45;136;394;413;8.55;0.52;48.40;4.31;349;1;90.00;19
45;1;622081767;45;131;395;413;8.55;0.52;48.40;4.30;350;1;91.00;18
47;1;622081772;47;132;396;413;8.51;0.52;50.26;4.30;349;1;92.00;17
47;1;622081775;47;136;397;414;8.47;0.52;50.26;4.29;350;1;93.00;17
49;1;622081779;49;136;398;415;8.48;0.52;51.96;4.28;349;1;94.00;17
49;1;622081783;49;138;398;415;8.43;0.51;51.96;4.28;349;1;95.00;17
51;1;622081786;51;143;409;428;8.33;0.51;52.27;4.17;358;1;96.00;19
51;1;622081792;51;138;409;428;8.34;0.51;52.27;4.17;358;1;97.00;19
54;1;622081795;54;134;409;428;8.32;0.51;54.70;4.17;355;1;98.00;19
55;1;622081799;55;131;410;429;8.40;0.51;55.51;4.16;355;1;99.00;19
59;1;622081804;59;130;410;429;8.39;0.51;58.51;4.16;351;1;100.00;19
59;1;622081812;59;125;413;433;8.60;0.53;58.51;4.13;354;1;101.00;20
61;1;622081816;61;119;413;433;8.55;0.52;59.93;4.13;352;1;102.00;20
62;1;622081820;62;114;419;437;8.47;0.52;60.63;4.44;357;1;103.00;18
64;1;622081826;64;107;419;437;8.64;0.53;61.52;4.44;355;1;104.00;18
66;1;622081830;66;105;419;437;8.84;0.54;62.79;4.44;353;1;105.00;18
66;1;622081834;66;98;419;437;9.05;0.55;62.79;4.44;353;1;106.00;18
66;1;622081838;66;92;419;437;9.26;0.57;62.79;4.44;353;1;107.00;18
67;1;622081843;67;86;430;449;9.59;0.59;63.46;4.33;363;1;108.00;19
68;1;622081848;68;84;431;449;9.85;0.60;64.07;4.32;363;1;109.00;18
69;1;622081852;69;79;431;449;10.02;0.61;64.70;4.32;362;1;110.00;18
70;1;622081857;70;73;431;449;10.17;0.62;65.36;4.32;361;1;111.00;18
70;1;622081861;70;72;431;449;10.30;0.63;65.36;4.32;361;1;112.00;18
70;1;622081866;70;71;431;449;10.48;0.64;65.36;4.32;361;1;113.00;18
70;1;622081871;70;71;432;450;10.51;0.64;65.36;4.31;362;1;114.00;18
71;1;622081875;71;70;432;450;10.58;0.65;66.06;4.31;361;1;115.00;18
71;1;622081880;71;68;437;456;10.80;0.66;66.06;4.27;366;1;116.00;19
72;1;622081886;72;69;437;457;10.87;0.66;66.76;4.27;365;1;117.00;20
72;1;622081891;72;67;439;457;10.98;0.67;66.76;4.36;367;1;118.00;18
72;1;622081896;72;68;439;457;11.01;0.67;66.76;4.36;367;1;119.00;18
73;1;622081903;73;71;445;462;11.08;0.68;67.41;4.84;372;1;120.00;17
76;1;622081908;76;74;447;462;11.04;0.67;69.50;5.09;371;1;121.00;15
77;1;622081914;77;74;449;462;10.99;0.67;70.16;5.35;372;1;122.00;13
77;1;622081919;77;73;451;463;11.01;0.67;70.16;5.44;374;1;123.00;12
79;1;622081925;79;75;457;467;10.87;0.66;71.23;5.60;378;1;124.00;10
79;1;622081931;79;76;458;467;10.91;0.67;71.23;5.71;379;1;125.00;9
80;1;622081937;80;76;462;470;11.01;0.67;71.78;5.89;382;1;126.00;8
81;1;622081942;81;78;463;470;11.07;0.68;72.44;5.88;382;1;127.00;7
82;1;622081948;82;83;465;470;11.10;0.68;72.68;6.04;383;1;128.00;5
85;1;622081953;85;85;466;470;11.09;0.68;74.19;6.12;381;1;129.00;4
86;1;622081959;86;88;470;474;11.32;0.69;74.66;6.15;384;1;130.00;4
88;1;622081967;88;88;472;474;11.52;0.70;75.63;6.22;384;1;131.00;2
89;1;622081973;89;88;473;474;11.61;0.71;75.45;6.23;384;1;132.00;1
90;1;622081980;90;88;473;474;11.75;0.72;75.29;6.23;383;1;133.00;1
90;1;622081986;90;88;475;475;11.81;0.72;75.29;6.22;385;1;134.00;0
91;1;622081993;91;89;477;477;11.81;0.72;75.91;6.19;386;1;135.00;0
91;1;622081998;91;91;477;477;11.85;0.72;75.91;6.19;386;1;136.00;0
92;1;622082005;92;93;478;478;11.85;0.72;76.43;6.18;386;1;137.00;0
93;1;622082012;93;94;478;478;11.73;0.72;75.94;6.18;385;1;138.00;0
95;1;622082017;95;98;478;478;11.63;0.71;77.26;6.18;383;1;139.00;0
96;1;622082024;96;102;478;478;11.53;0.71;77.17;6.18;382;1;140.00;0
97;1;622082029;97;102;478;478;11.53;0.71;77.70;6.18;381;1;141.00;0
99;1;622082035;99;106;478;478;11.50;0.71;79.00;6.18;379;1;142.00;0
101;1;622082041;101;106;478;478;11.45;0.71;80.25;6.18;377;1;143.00;0
103;1;622082047;103;128;553;605;11.01;0.69;81.47;5.35;450;1;144.00;52
105;1;622082063;105;120;557;606;10.95;0.69;82.68;5.32;452;1;145.00;49
108;1;622082069;108;115;566;606;10.85;0.68;83.64;5.27;458;1;146.00;40
110;1;622082075;110;117;567;606;10.79;0.68;84.75;5.26;457;1;147.00;39
110;1;622082081;110;117;573;606;10.74;0.68;84.75;5.25;463;1;148.00;33
114;1;622082087;114;116;575;606;10.66;0.67;85.78;5.25;461;1;149.00;31
114;1;622082095;114;113;579;611;10.58;0.66;85.78;5.23;465;1;150.00;32
116;1;622082103;116;112;582;611;10.58;0.66;86.55;5.24;466;1;151.00;29
120;1;622082109;120;108;585;612;10.58;0.66;88.35;5.26;465;1;152.00;27
120;1;622082115;120;112;588;613;10.64;0.66;88.35;5.28;468;1;153.00;25
120;1;622082121;120;112;592;613;10.65;0.66;88.35;5.31;472;1;154.00;21
121;1;622082127;121;116;596;614;10.56;0.66;88.31;5.32;475;1;155.00;18
123;1;622082133;123;119;601;614;10.50;0.65;88.19;5.36;478;1;156.00;13
125;1;622082139;125;121;603;614;10.51;0.65;89.28;5.39;478;1;157.00;11
128;1;622082145;128;125;605;614;10.45;0.65;90.54;5.42;477;1;158.00;9
132;1;622082152;132;132;608;618;10.43;0.65;91.62;5.41;476;1;159.00;10
135;1;622082160;135;134;611;618;10.27;0.64;92.07;5.44;476;1;160.00;7
137;1;622082169;137;140;611;618;10.21;0.63;92.61;5.44;474;1;161.00;7
138;1;622082177;138;142;614;621;10.10;0.62;93.11;5.47;476;1;162.00;7
139;1;622082184;139;143;614;621;10.00;0.62;93.55;5.47;475;1;163.00;7
141;1;622082194;141;148;615;621;9.93;0.61;94.55;5.48;474;1;164.00;6
142;1;622082203;142;151;619;625;9.78;0.60;95.03;5.48;477;1;165.00;6
143;1;622082212;143;150;621;626;9.67;0.60;95.45;5.48;478;1;166.00;5
144;1;622082219;144;150;623;626;9.57;0.59;95.92;5.51;479;1;167.00;3
146;1;622082225;146;152;626;630;9.41;0.58;96.24;5.48;480;1;168.00;4
148;1;622082232;148;152;626;630;9.15;0.57;96.15;5.48;478;1;169.00;4
148;1;622082237;148;136;628;630;9.06;0.56;96.15;5.48;480;1;170.00;2
149;1;622082244;149;136;629;631;9.02;0.56;96.01;5.47;480;1;171.00;2
151;1;622082250;151;134;629;631;8.99;0.56;96.21;5.47;478;1;172.00;2
152;1;622082256;152;132;635;637;9.16;0.57;96.23;5.43;483;1;173.00;2
154;1;622082263;154;130;637;637;9.23;0.57;96.32;5.46;483;1;174.00;0
155;1;622082270;155;130;638;638;9.27;0.57;96.01;5.46;483;1;175.00;0
156;1;622082276;156;134;638;638;9.35;0.57;96.51;5.46;482;1;176.00;0
156;1;622082282;156;126;638;638;9.43;0.58;96.51;5.46;482;1;177.00;0
156;1;622082288;156;124;638;638;9.52;0.58;96.51;5.46;482;1;178.00;0
161;1;622082293;161;125;638;638;9.45;0.58;97.60;5.46;477;1;179.00;0
161;1;622082301;161;122;666;672;9.54;0.59;97.60;5.23;505;1;180.00;6
161;1;622082310;161;121;668;672;9.48;0.58;97.60;5.21;507;1;181.00;4
163;1;622082316;163;122;670;672;9.41;0.58;97.71;5.20;507;1;182.00;2
164;1;622082322;164;125;671;672;9.37;0.58;98.21;5.20;507;1;183.00;1
165;1;622082328;165;126;672;672;9.38;0.58;98.73;5.20;507;1;184.00;0
167;1;622082335;167;135;672;672;9.39;0.58;99.04;5.20;505;1;185.00;0
170;1;622082342;170;137;676;676;9.36;0.58;99.42;5.17;506;1;186.00;0
172;1;622082349;172;145;676;676;9.27;0.57;99.58;5.17;504;1;187.00;0
173;1;622082355;173;150;680;680;9.20;0.57;99.58;5.15;507;1;188.00;0
176;1;622082361;176;154;681;681;9.04;0.55;99.65;5.14;505;1;189.00;0
176;1;622082368;176;160;681;681;8.97;0.55;99.65;5.14;505;1;190.00;0
177;1;622082374;177;165;681;681;8.94;0.55;99.76;5.14;504;1;191.00;0
178;1;622082381;178;178;694;694;9.02;0.55;100.28;5.05;516;1;192.00;0
180;1;622082388;180;184;694;694;8.93;0.55;100.11;5.05;514;1;193.00;0
182;1;622082396;182;186;694;694;8.89;0.55;100.20;5.05;512;1;194.00;0
185;1;622082403;185;188;695;695;8.82;0.54;100.30;5.04;510;1;195.00;0
185;1;622082411;185;191;696;696;8.65;0.54;100.30;5.03;511;1;196.00;0
193;1;622082418;193;197;696;696;8.49;0.52;99.93;5.03;503;1;197.00;0
195;1;622082425;195;200;698;699;8.43;0.52;100.04;5.02;503;1;198.00;1
196;1;622082431;196;203;699;699;8.32;0.51;99.81;5.01;503;1;199.00;0
197;1;622082439;197;207;699;699;8.16;0.50;99.58;5.01;502;1;200.00;0
198;1;622082451;198;211;699;699;8.04;0.50;99.72;5.01;501;1;201.00;0
199;1;622082457;199;217;704;705;8.00;0.49;99.71;4.99;505;1;202.00;1
200;1;622082464;200;222;704;705;7.91;0.49;100.21;4.99;504;1;203.00;1
204;1;622082471;204;228;705;705;7.73;0.48;99.79;4.98;501;1;204.00;0
205;1;622082476;205;231;705;705;7.58;0.47;99.60;4.98;500;1;205.00;0
208;1;622082482;208;239;709;709;7.47;0.46;100.17;4.96;501;1;206.00;0
209;1;622082489;209;243;710;710;7.38;0.45;100.32;4.95;501;1;207.00;0
212;1;622082494;212;245;710;710;7.29;0.45;100.77;4.95;498;1;208.00;0
213;1;622082500;213;248;711;711;7.23;0.44;100.49;4.95;498;1;209.00;0
214;1;622082508;214;251;711;711;7.12;0.44;100.50;4.95;497;1;210.00;0
215;1;622082514;215;254;711;711;6.96;0.43;100.15;4.95;496;1;211.00;0
216;1;622082519;216;259;711;711;6.78;0.42;100.67;4.95;495;1;212.00;0
217;1;622082524;217;265;711;711;6.59;0.41;100.30;4.95;494;1;213.00;0
217;1;622082529;217;273;711;711;6.47;0.40;100.30;4.95;494;1;214.00;0
217;1;622082535;217;274;711;711;6.44;0.40;100.30;4.95;494;1;215.00;0
218;1;622082540;218;292;753;781;6.68;0.42;100.80;4.67;535;1;216.00;28
219;1;622082551;219;276;755;782;6.68;0.42;100.97;4.66;536;1;217.00;27
220;1;622082557;220;267;762;782;6.78;0.42;101.46;4.64;542;1;218.00;20
222;1;622082564;222;247;763;782;6.91;0.43;102.49;4.64;541;1;219.00;19
224;1;622082571;224;236;766;782;7.12;0.44;103.10;4.63;542;1;220.00;16
226;1;622082577;226;230;769;782;7.32;0.45;104.12;4.63;543;1;221.00;13
226;1;622082584;226;228;772;782;7.52;0.46;104.12;4.64;546;1;222.00;10
228;1;622082590;228;230;775;782;7.63;0.47;104.96;4.65;547;1;223.00;7
229;1;622082598;229;228;777;783;7.72;0.47;105.48;4.66;548;1;224.00;6
230;1;622082605;230;225;781;785;7.70;0.47;105.99;4.67;551;1;225.00;4
232;1;622082618;232;212;783;785;7.80;0.48;106.38;4.67;551;1;226.00;2
232;1;622082626;232;204;788;789;7.88;0.48;106.38;4.66;556;1;227.00;1
233;1;622082634;233;196;789;789;8.02;0.49;106.64;4.66;556;1;228.00;0
236;1;622082641;236;188;789;789;8.14;0.50;106.73;4.66;553;1;229.00;0
236;1;622082649;236;186;789;789;8.37;0.51;106.73;4.66;553;1;230.00;0
236;1;622082656;236;183;795;795;8.61;0.53;106.73;4.63;559;1;231.00;0
239;1;622082664;239;178;795;795;8.75;0.54;107.18;4.63;556;1;232.00;0
240;1;622082672;240;174;795;795;8.83;0.54;107.51;4.63;555;1;233.00;0
240;1;622082679;240;173;797;798;8.93;0.55;107.51;4.62;557;1;234.00;1
241;1;622082686;241;168;797;798;9.07;0.56;107.61;4.62;556;1;235.00;1
242;1;622082693;242;167;798;798;9.17;0.56;108.11;4.62;556;1;236.00;0
243;1;622082700;243;157;799;799;9.24;0.57;108.61;4.61;556;1;237.00;0
246;1;622082708;246;148;800;800;9.30;0.57;109.64;4.61;554;1;238.00;0
249;1;622082716;249;150;800;800;9.31;0.57;109.75;4.61;551;1;239.00;0
251;1;622082725;251;150;823;826;9.21;0.56;109.64;4.48;572;1;240.00;3
253;1;622082735;253;142;824;826;9.33;0.57;110.21;4.48;571;1;241.00;2
255;1;622082741;255;141;825;826;9.41;0.58;111.05;4.47;570;1;242.00;1
257;1;622082748;257;141;827;827;9.50;0.58;111.51;4.47;570;1;243.00;0
259;1;622082756;259;135;827;827;9.55;0.58;111.60;4.47;568;1;244.00;0
262;1;622082763;262;135;831;831;9.63;0.59;112.49;4.45;569;1;245.00;0
264;1;622082770;264;137;831;831;9.67;0.59;112.92;4.45;567;1;246.00;0
266;1;622082777;266;136;835;835;9.64;0.59;113.52;4.43;569;1;247.00;0
270;1;622082783;270;131;835;835;9.65;0.59;114.82;4.43;565;1;248.00;0
272;1;622082790;272;128;835;835;9.73;0.59;115.05;4.43;563;1;249.00;0
274;1;622082797;274;128;835;835;9.73;0.59;114.98;4.43;561;1;250.00;0
275;1;622082804;275;131;835;835;9.77;0.59;114.95;4.43;560;1;251.00;0
276;1;622082811;276;130;846;847;9.81;0.60;114.93;4.37;570;1;252.00;1
276;1;622082818;276;132;846;847;9.86;0.60;114.93;4.37;570;1;253.00;1
278;1;622082824;278;134;847;847;9.84;0.60;115.30;4.37;569;1;254.00;0
278;1;622082831;278;134;847;847;9.92;0.60;115.30;4.37;569;1;255.00;0
280;1;622082838;280;137;847;847;9.91;0.60;116.17;4.37;567;1;256.00;0
282;1;622082845;282;143;847;847;9.91;0.60;116.26;4.37;565;1;257.00;0
282;1;622082857;282;148;848;848;9.94;0.60;116.26;4.37;566;1;258.00;0
285;1;622082863;285;153;848;848;9.96;0.60;116.90;4.37;563;1;259.00;0
285;1;622082869;285;148;854;854;9.98;0.60;116.90;4.34;569;1;260.00;0
287;1;622082882;287;146;855;855;9.96;0.60;116.73;4.34;568;1;261.00;0
287;1;622082888;287;142;855;855;9.94;0.60;116.73;4.34;568;1;262.00;0
288;1;622082895;288;141;855;855;9.95;0.60;117.20;4.34;567;1;263.00;0
289;1;622082902;289;138;859;859;10.03;0.61;117.21;4.32;570;1;264.00;0
289;1;622082909;289;139;859;859;10.06;0.61;117.21;4.32;570;1;265.00;0
289;1;622082916;289;135;859;859;10.15;0.62;117.21;4.32;570;1;266.00;0
289;1;622082922;289;133;860;860;10.26;0.62;117.21;4.32;571;1;267.00;0
291;1;622082929;291;136;864;864;10.24;0.62;118.23;4.30;573;1;268.00;0
296;1;622082936;296;131;864;864;10.26;0.62;119.32;4.30;568;1;269.00;0
298;1;622082944;298;129;868;870;10.33;0.63;119.49;4.28;570;1;270.00;2
301;1;622082951;301;125;868;870;10.38;0.63;120.42;4.28;567;1;271.00;2
305;1;622082958;305;119;870;870;10.39;0.63;121.05;4.27;565;1;272.00;0
308;1;622082965;308;117;870;870;10.44;0.63;121.50;4.27;562;1;273.00;0
310;1;622082972;310;113;874;874;10.62;0.64;121.67;4.26;564;1;274.00;0
315;1;622082980;315;110;874;874;10.67;0.65;122.56;4.26;559;1;275.00;0
320;1;622082987;320;104;874;874;10.78;0.65;123.53;4.26;554;1;276.00;0
321;1;622082995;321;98;874;874;10.92;0.66;123.56;4.26;553;1;277.00;0
325;1;622083001;325;91;875;875;10.97;0.66;123.58;4.26;550;1;278.00;0
326;1;622083008;326;85;876;876;11.12;0.67;123.72;4.25;550;1;279.00;0
329;1;622083015;329;89;876;876;11.20;0.68;124.00;4.25;547;1;280.00;0
330;1;622083022;330;83;877;877;11.19;0.68;124.18;4.25;547;1;281.00;0
331;1;622083029;331;78;877;877;11.21;0.68;124.01;4.25;546;1;282.00;0
333;1;622083035;333;83;877;877;11.19;0.68;124.17;4.25;544;1;283.00;0
334;1;622083042;334;86;877;877;11.20;0.68;124.22;4.25;543;1;284.00;0
335;1;622083049;335;85;877;877;11.23;0.68;124.15;4.25;542;1;285.00;0
338;1;622083056;338;83;877;877;11.15;0.67;124.12;4.25;539;1;286.00;0
340;1;622083062;340;84;877;877;11.11;0.67;124.02;4.25;537;1;287.00;0
341;1;622083069;341;104;947;1004;10.73;0.66;123.96;3.94;606;1;288.00;57
342;1;622083085;342;93;951;1005;10.74;0.66;123.81;3.92;609;1;289.00;54
343;1;622083093;343;90;957;1005;10.77;0.66;124.28;3.91;614;1;290.00;48
344;1;622083101;344;89;960;1005;10.79;0.67;124.35;3.91;616;1;291.00;45
344;1;622083108;344;92;965;1005;10.81;0.67;124.35;3.91;621;1;292.00;40
344;1;622083116;344;92;966;1005;10.88;0.67;124.35;3.91;622;1;293.00;39
345;1;622083124;345;90;970;1005;10.89;0.67;124.70;3.92;625;1;294.00;35
345;1;622083131;345;99;973;1005;10.92;0.67;124.70;3.93;628;1;295.00;32
346;1;622083145;346;97;975;1006;11.01;0.68;125.18;3.94;629;1;296.00;31
347;1;622083153;347;98;979;1007;11.08;0.68;124.99;3.96;632;1;297.00;28
351;1;622083161;351;97;981;1007;11.07;0.68;126.23;3.97;630;1;298.00;26
353;1;622083169;353;99;985;1008;11.09;0.68;125.91;4.00;632;1;299.00;23
356;1;622083179;356;106;990;1014;11.03;0.68;126.33;4.02;634;1;300.00;24
359;1;622083193;359;105;993;1014;11.02;0.68;127.13;4.04;634;1;301.00;21
359;1;622083202;359;107;996;1014;11.06;0.68;127.13;4.07;637;1;302.00;18
361;1;622083210;361;112;1000;1018;11.10;0.68;127.30;4.09;639;1;303.00;18
363;1;622083221;363;116;1001;1018;11.11;0.68;127.53;4.09;638;1;304.00;17
365;1;622083230;365;119;1005;1018;11.14;0.68;127.83;4.12;640;1;305.00;13
369;1;622083239;369;126;1010;1021;11.08;0.68;129.21;4.15;641;1;306.00;11
373;1;622083249;373;130;1010;1021;11.05;0.68;129.69;4.15;637;1;307.00;11
374;1;622083259;374;135;1011;1021;11.03;0.68;130.15;4.15;637;1;308.00;10
374;1;622083268;374;142;1015;1025;10.83;0.66;130.15;4.15;641;1;309.00;10
376;1;622083277;376;145;1016;1026;10.75;0.66;130.78;4.15;640;1;310.00;10
377;1;622083286;377;149;1018;1026;10.59;0.65;131.13;4.18;641;1;311.00;8
381;1;622083293;381;159;1024;1030;10.41;0.64;132.40;4.18;643;1;312.00;6
382;1;622083302;382;155;1024;1030;10.21;0.63;132.85;4.18;642;1;313.00;6
384;1;622083309;384;158;1025;1030;10.12;0.62;132.73;4.18;641;1;314.00;5
387;1;622083317;387;160;1028;1032;9.93;0.61;133.25;4.18;641;1;315.00;4
387;1;622083324;387;158;1028;1032;9.71;0.60;133.25;4.18;641;1;316.00;4
389;1;622083331;389;166;1033;1038;9.55;0.59;133.84;4.17;644;1;317.00;5
391;1;622083341;391;168;1035;1038;9.34;0.57;134.58;4.19;644;1;318.00;3
395;1;622083352;395;168;1036;1039;9.15;0.56;135.12;4.19;641;1;319.00;3
395;1;622083374;395;174;1036;1039;9.03;0.56;135.12;4.19;641;1;320.00;3
396;1;622083384;396;172;1036;1039;8.96;0.55;135.29;4.19;640;1;321.00;3
402;1;622083401;402;180;1038;1039;8.92;0.55;135.65;4.22;636;1;322.00;1
403;1;622083412;403;185;1038;1039;8.87;0.55;135.75;4.22;635;1;323.00;1
405;1;622083424;405;185;1050;1051;8.92;0.55;135.90;4.18;645;1;324.00;1
406;1;622083436;406;189;1051;1051;8.92;0.55;136.04;4.21;645;1;325.00;0
408;1;622083446;408;191;1051;1051;8.91;0.55;136.42;4.21;643;1;326.00;0
411;1;622083456;411;197;1051;1051;8.92;0.55;136.87;4.21;640;1;327.00;0
412;1;622083465;412;203;1051;1051;9.01;0.55;137.06;4.21;639;1;328.00;0
414;1;622083473;414;208;1051;1051;9.08;0.56;137.50;4.21;637;1;329.00;0
417;1;622083483;417;209;1055;1055;9.12;0.56;138.01;4.19;638;1;330.00;0
418;1;622083492;418;213;1055;1055;9.11;0.56;138.04;4.19;637;1;331.00;0
421;1;622083500;421;211;1059;1059;9.10;0.56;138.20;4.18;638;1;332.00;0
423;1;622083508;423;215;1059;1060;8.97;0.55;138.26;4.18;636;1;333.00;1
425;1;622083516;425;217;1060;1060;8.87;0.54;138.51;4.18;635;1;334.00;0
428;1;622083524;428;217;1060;1060;8.71;0.53;138.64;4.18;632;1;335.00;0
434;1;622083531;434;221;1073;1073;8.48;0.52;139.51;4.13;639;1;336.00;0
437;1;622083540;437;224;1073;1073;8.32;0.51;140.12;4.13;636;1;337.00;0
439;1;622083547;439;232;1073;1073;8.19;0.50;140.74;4.13;634;1;338.00;0
441;1;622083555;441;233;1074;1074;8.05;0.49;141.63;4.13;633;1;339.00;0
445;1;622083561;445;225;1075;1075;7.97;0.49;142.72;4.12;630;1;340.00;0
448;1;622083569;448;222;1075;1075;7.90;0.48;143.54;4.12;627;1;341.00;0
449;1;622083576;449;218;1078;1078;7.88;0.48;143.95;4.11;629;1;342.00;0
452;1;622083584;452;216;1078;1078;7.91;0.49;144.63;4.11;626;1;343.00;0
454;1;622083591;454;214;1078;1078;7.94;0.49;145.02;4.11;624;1;344.00;0
457;1;622083598;457;215;1078;1078;7.98;0.49;145.56;4.11;621;1;345.00;0
461;1;622083604;461;218;1084;1084;8.07;0.50;146.35;4.09;623;1;346.00;0
463;1;622083611;463;211;1084;1084;8.09;0.50;146.68;4.09;621;1;347.00;0
467;1;622083619;467;210;1084;1084;8.11;0.50;147.44;4.09;617;1;348.00;0
471;1;622083625;471;210;1084;1084;8.10;0.50;147.51;4.09;613;1;349.00;0
474;1;622083632;474;203;1088;1088;8.05;0.50;148.12;4.08;614;1;350.00;0
474;1;622083640;474;201;1089;1089;8.03;0.49;148.12;4.08;615;1;351.00;0
478;1;622083646;478;200;1089;1089;7.88;0.49;148.27;4.08;611;1;352.00;0
480;1;622083653;480;210;1090;1090;7.83;0.48;148.78;4.08;610;1;353.00;0
483;1;622083660;483;212;1090;1090;7.75;0.48;148.34;4.08;607;1;354.00;0
489;1;622083667;489;220;1090;1090;7.58;0.47;148.30;4.08;601;1;355.00;0
494;1;622083674;494;227;1090;1090;7.46;0.46;148.28;4.08;596;1;356.00;0
496;1;622083681;496;233;1090;1090;7.41;0.46;147.97;4.08;594;1;357.00;0
499;1;622083688;499;234;1090;1090;7.30;0.45;147.98;4.08;591;1;358.00;0
504;1;622083694;504;242;1090;1090;7.19;0.44;147.50;4.08;586;1;359.00;0
506;1;622083702;506;255;1153;1215;7.62;0.48;147.60;3.85;647;1;360.00;62
508;1;622083720;508;258;1159;1216;7.53;0.47;147.30;3.84;651;1;361.00;57
511;1;622083728;511;249;1172;1216;7.61;0.47;147.72;3.82;661;1;362.00;44
513;1;622083735;513;253;1178;1216;7.59;0.47;147.78;3.81;665;1;363.00;38
515;1;622083743;515;261;1187;1216;7.55;0.47;147.85;3.82;672;1;364.00;29
515;1;622083751;515;266;1190;1216;7.51;0.46;147.85;3.82;675;1;365.00;26
518;1;622083758;518;266;1196;1216;7.42;0.46;148.14;3.83;678;1;366.00;20
518;1;622083771;518;265;1198;1216;7.29;0.45;148.14;3.83;680;1;367.00;18
519;1;622083779;519;275;1201;1217;7.15;0.44;148.01;3.85;682;1;368.00;16
521;1;622083786;521;278;1208;1218;6.99;0.43;147.89;3.88;687;1;369.00;10
522;1;622083794;522;289;1212;1218;6.89;0.43;147.69;3.90;690;1;370.00;6
522;1;622083803;522;284;1218;1222;6.78;0.42;147.69;3.89;696;1;371.00;4
523;1;622083813;523;277;1219;1222;6.70;0.42;147.94;3.89;696;1;372.00;3
525;1;622083821;525;278;1219;1222;6.71;0.41;148.04;3.89;694;1;373.00;3
525;1;622083830;525;271;1219;1222;6.72;0.41;148.04;3.89;694;1;374.00;3
529;1;622083839;529;276;1226;1228;6.70;0.41;148.16;3.89;697;1;375.00;2
529;2;622083848;529;277;1227;1228;6.84;0.42;148.16;3.90;698;2;376.00;1
530;2;622083869;530;274;1227;1228;6.95;0.43;148.05;3.90;697;2;377.00;1
530;2;622083884;530;279;1230;1231;7.04;0.43;148.05;3.90;700;2;378.00;1
531;2;622083893;531;279;1230;1231;7.09;0.44;148.14;3.90;699;2;379.00;1
532;2;622083902;532;275;1230;1231;7.18;0.44;148.14;3.90;698;2;380.00;1
534;2;622083916;534;279;1231;1232;7.24;0.44;147.80;3.90;697;2;381.00;1
534;2;622083925;534;278;1232;1233;7.32;0.45;147.80;3.90;698;2;382.00;1
539;2;622083933;539;272;1232;1233;7.30;0.45;147.50;3.90;693;2;383.00;1
541;2;622083943;541;269;1245;1246;7.41;0.45;147.64;3.86;704;2;384.00;1
543;2;622083951;543;265;1245;1246;7.41;0.45;147.80;3.86;702;2;385.00;1
543;2;622083961;543;267;1245;1246;7.48;0.46;147.80;3.86;702;2;386.00;1
545;2;622083970;545;259;1246;1247;7.53;0.46;147.35;3.86;701;2;387.00;1
549;2;622083979;549;251;1246;1247;7.54;0.46;148.08;3.86;697;2;388.00;1
550;2;622083989;550;252;1249;1251;7.64;0.47;148.19;3.85;699;2;389.00;2
552;2;622084000;552;248;1250;1251;7.68;0.47;148.34;3.85;698;2;390.00;1
555;2;622084009;555;252;1254;1255;7.70;0.47;149.05;3.84;699;2;391.00;1
556;2;622084020;556;252;1254;1255;7.71;0.47;149.26;3.84;698;2;392.00;1
558;2;622084028;558;255;1255;1255;7.76;0.47;149.74;3.84;697;2;393.00;0
561;2;622084038;561;256;1255;1255;7.76;0.47;149.91;3.84;694;2;394.00;0
562;2;622084047;562;251;1255;1255;7.76;0.47;149.83;3.84;693;2;395.00;0
566;2;622084061;566;234;1267;1267;7.83;0.48;150.17;3.81;701;2;396.00;0
567;2;622084071;567;227;1267;1267;7.87;0.48;150.34;3.81;700;2;397.00;0
568;2;622084081;568;225;1267;1267;7.93;0.49;150.54;3.81;699;2;398.00;0
571;2;622084090;571;213;1267;1267;7.98;0.49;151.24;3.81;696;2;399.00;0
571;2;622084101;571;208;1267;1267;8.07;0.49;151.24;3.81;696;2;400.00;0
574;2;622084113;574;203;1267;1267;8.15;0.50;151.61;3.81;693;2;401.00;0
576;2;622084124;576;201;1268;1268;8.24;0.50;151.96;3.81;692;2;402.00;0
576;2;622084133;576;199;1268;1268;8.31;0.51;151.96;3.81;692;2;403.00;0
580;2;622084148;580;199;1274;1274;8.38;0.51;152.77;3.79;694;2;404.00;0
581;2;622084159;581;200;1276;1276;8.53;0.52;152.78;3.79;695;2;405.00;0
581;2;622084168;581;199;1276;1276;8.69;0.53;152.78;3.79;695;2;406.00;0
583;2;622084177;583;190;1276;1276;8.82;0.54;152.60;3.79;693;2;407.00;0
586;2;622084187;586;185;1280;1280;8.90;0.54;152.96;3.77;694;2;408.00;0
591;2;622084198;591;181;1280;1280;8.99;0.55;153.93;3.77;689;2;409.00;0
593;2;622084209;593;174;1280;1280;9.09;0.56;154.24;3.77;687;2;410.00;0
597;2;622084219;597;174;1281;1281;9.25;0.56;155.16;3.77;684;2;411.00;0
601;2;622084229;601;170;1285;1285;9.26;0.56;155.70;3.76;684;2;412.00;0
602;2;622084239;602;171;1285;1285;9.36;0.57;155.93;3.76;683;2;413.00;0
603;2;622084248;603;167;1287;1288;9.50;0.58;156.07;3.76;684;2;414.00;1
606;2;622084258;606;163;1287;1288;9.64;0.59;156.76;3.76;681;2;415.00;1
608;2;622084267;608;166;1288;1288;9.81;0.60;157.22;3.76;680;2;416.00;0
612;2;622084276;612;164;1288;1288;9.83;0.60;157.33;3.76;676;2;417.00;0
615;2;622084286;615;165;1292;1292;9.95;0.61;158.14;3.75;677;2;418.00;0
618;2;622084296;618;162;1292;1292;9.98;0.61;159.24;3.75;674;2;419.00;0
620;2;622084313;620;162;1292;1292;10.01;0.61;159.96;3.75;672;2;420.00;0
621;2;622084323;621;161;1292;1292;10.05;0.61;160.14;3.75;671;2;421.00;0
625;2;622084331;625;162;1293;1293;10.00;0.61;161.09;3.75;668;2;422.00;0
630;2;622084341;630;162;1294;1294;9.96;0.61;160.83;3.74;664;2;423.00;0
633;3;622084351;633;170;1294;1294;9.95;0.61;161.15;3.74;661;3;424.00;0
634;3;622084367;634;169;1295;1295;9.96;0.61;161.12;3.74;661;3;425.00;0
639;3;622084376;639;165;1295;1295;9.95;0.61;162.05;3.74;656;3;426.00;0
641;3;622084386;641;163;1295;1295;9.94;0.61;162.29;3.74;654;3;427.00;0
644;3;622084398;644;163;1295;1295;10.01;0.61;162.86;3.74;651;3;428.00;0
645;3;622084406;645;167;1295;1295;10.04;0.61;163.16;3.74;650;3;429.00;0
648;3;622084413;648;163;1295;1295;10.07;0.61;163.59;3.74;647;3;430.00;0
648;3;622084421;648;159;1295;1295;10.15;0.62;163.59;3.74;647;3;431.00;0
652;3;622084429;652;191;1374;1422;9.62;0.60;164.05;3.53;722;3;432.00;48
654;3;622084448;654;170;1375;1423;9.74;0.60;164.20;3.53;721;3;433.00;48
657;3;622084457;657;155;1381;1423;9.89;0.61;164.31;3.52;724;3;434.00;42
660;3;622084466;660;151;1383;1423;10.09;0.62;164.54;3.52;723;3;435.00;40
664;3;622084475;664;148;1388;1423;10.22;0.63;165.68;3.52;724;3;436.00;35
667;3;622084483;667;146;1390;1423;10.28;0.63;165.81;3.52;723;3;437.00;33
672;3;622084492;672;150;1393;1423;10.31;0.63;166.75;3.53;721;3;438.00;30
677;3;622084501;677;146;1395;1423;10.42;0.64;167.17;3.53;718;3;439.00;28
681;3;622084509;681;141;1397;1424;10.47;0.64;168.16;3.54;716;3;440.00;27
682;3;622084524;682;141;1402;1425;10.49;0.64;168.56;3.56;720;3;441.00;23
685;3;622084532;685;135;1405;1425;10.50;0.64;169.11;3.57;720;3;442.00;20
689;3;622084541;689;136;1409;1426;10.48;0.64;169.51;3.59;720;3;443.00;17
693;3;622084550;693;131;1411;1426;10.41;0.64;169.98;3.61;718;3;444.00;15
697;3;622084559;697;132;1414;1426;10.31;0.63;170.77;3.62;717;3;445.00;12
699;3;622084568;699;124;1418;1426;10.27;0.63;170.82;3.64;719;3;446.00;8
702;3;622084577;702;126;1421;1430;10.18;0.62;171.15;3.65;719;3;447.00;9
704;3;622084586;704;120;1422;1430;10.14;0.62;171.47;3.65;718;3;448.00;8
705;3;622084595;705;124;1423;1430;10.12;0.62;171.64;3.65;718;3;449.00;7
708;3;622084606;708;130;1427;1436;10.05;0.61;172.32;3.66;719;3;450.00;9
710;3;622084615;710;131;1428;1436;10.10;0.62;172.26;3.67;718;3;451.00;8
713;3;622084624;713;129;1430;1436;10.17;0.62;172.65;3.67;717;3;452.00;6
718;3;622084633;718;133;1434;1440;10.12;0.62;173.14;3.67;716;3;453.00;6
721;3;622084643;721;129;1436;1441;10.11;0.61;172.78;3.66;715;3;454.00;5
723;3;622084652;723;129;1436;1441;10.15;0.62;173.20;3.66;713;3;455.00;5
727;3;622084663;727;129;1439;1445;10.23;0.62;173.12;3.66;712;3;456.00;6
729;3;622084674;729;130;1439;1445;10.22;0.62;172.88;3.66;710;3;457.00;6
731;3;622084684;731;132;1439;1445;10.28;0.62;173.10;3.66;708;3;458.00;6
733;3;622084693;733;139;1440;1446;10.31;0.62;173.09;3.65;707;3;459.00;6
735;3;622084702;735;143;1440;1446;10.24;0.62;173.24;3.65;705;3;460.00;6
736;3;622084712;736;142;1446;1452;10.27;0.62;173.15;3.68;710;3;461.00;6
741;3;622084721;741;144;1446;1452;10.18;0.62;173.55;3.68;705;3;462.00;6
742;3;622084731;742;141;1446;1453;10.10;0.61;173.65;3.68;704;3;463.00;7
744;3;622084740;744;143;1446;1453;10.05;0.61;173.56;3.68;702;3;464.00;7
744;3;622084749;744;144;1447;1453;10.02;0.61;173.56;3.70;703;3;465.00;6
746;3;622084758;746;147;1448;1453;10.01;0.61;173.57;3.71;702;3;466.00;5
749;3;622084767;749;148;1449;1453;10.04;0.61;173.48;3.72;700;3;467.00;4
753;3;622084775;753;152;1458;1465;10.13;0.62;174.01;3.69;705;3;468.00;7
754;3;622084785;754;150;1458;1465;10.18;0.62;173.96;3.69;704;3;469.00;7
755;3;622084794;755;152;1461;1465;10.21;0.62;173.97;3.70;706;3;470.00;4
758;3;622084803;758;154;1462;1465;10.27;0.63;174.07;3.71;704;3;471.00;3
758;3;622084813;758;154;1462;1465;10.36;0.63;174.07;3.71;704;3;472.00;3
760;3;622084821;760;157;1463;1465;10.41;0.64;174.04;3.71;703;3;473.00;2
764;3;622084830;764;159;1466;1469;10.42;0.64;174.17;3.71;702;3;474.00;3
765;3;622084839;765;167;1466;1469;10.44;0.64;174.36;3.71;701;3;475.00;3
767;3;622084849;767;171;1472;1473;10.55;0.64;174.30;3.71;705;3;476.00;1
769;3;622084858;769;178;1473;1474;10.54;0.64;174.15;3.71;704;3;477.00;1
771;3;622084867;771;182;1474;1474;10.47;0.64;174.25;3.71;703;3;478.00;0
772;3;622084875;772;184;1474;1474;10.39;0.64;174.27;3.71;702;3;479.00;0
776;3;622084885;776;192;1495;1500;10.28;0.63;173.76;3.66;719;3;480.00;5
778;3;622084896;778;190;1497;1500;10.20;0.63;173.79;3.65;719;3;481.00;3
780;3;622084905;780;195;1500;1500;10.10;0.62;173.70;3.65;720;3;482.00;0
783;3;622084913;783;198;1501;1501;10.05;0.62;173.74;3.65;718;3;483.00;0
786;3;622084921;786;202;1502;1502;9.99;0.61;173.96;3.65;716;3;484.00;0
788;3;622084929;788;203;1502;1502;9.82;0.60;174.20;3.65;714;3;485.00;0
788;3;622084938;788;209;1504;1505;9.69;0.59;174.20;3.64;716;3;486.00;1
791;3;622084946;791;215;1504;1505;9.57;0.59;174.22;3.64;713;3;487.00;1
791;3;622084955;791;218;1505;1505;9.47;0.58;174.22;3.64;714;3;488.00;0
792;3;622084963;792;223;1505;1505;9.37;0.58;174.15;3.64;713;3;489.00;0
795;3;622084972;795;222;1511;1511;9.27;0.57;173.98;3.63;716;3;490.00;0
796;3;622084990;796;224;1511;1511;9.10;0.56;173.89;3.63;715;3;491.00;0
799;3;622084998;799;227;1511;1511;8.91;0.55;173.83;3.63;712;3;492.00;0
802;3;622085007;802;230;1511;1511;8.77;0.54;173.65;3.63;709;3;493.00;0
804;3;622085016;804;232;1515;1515;8.63;0.53;173.70;3.62;711;3;494.00;0
807;3;622085025;807;237;1517;1517;8.49;0.52;173.89;3.62;710;3;495.00;0
808;3;622085033;808;241;1517;1517;8.43;0.52;173.84;3.62;709;3;496.00;0
811;3;622085042;811;241;1518;1518;8.27;0.50;173.91;3.62;707;3;497.00;0
812;3;622085050;812;249;1518;1518;8.29;0.51;173.84;3.62;706;3;498.00;0
814;3;622085058;814;250;1518;1518;8.29;0.51;173.60;3.62;704;3;499.00;0
816;3;622085066;816;253;1518;1518;8.31;0.51;173.43;3.62;702;3;500.00;0
819;3;622085077;819;253;1518;1518;8.27;0.51;173.28;3.62;699;3;501.00;0
821;3;622085085;821;253;1518;1518;8.21;0.50;173.03;3.62;697;3;502.00;0
822;3;622085092;822;252;1518;1518;8.20;0.50;172.99;3.62;696;3;503.00;0
825;3;622085099;825;263;1560;1588;8.25;0.50;172.96;3.52;735;3;504.00;28
826;3;622085111;826;259;1563;1589;8.19;0.50;173.19;3.52;737;3;505.00;26
829;3;622085119;829;260;1570;1589;8.16;0.50;173.70;3.51;741;3;506.00;19
834;3;622085126;834;261;1573;1589;8.04;0.49;174.30;3.51;739;3;507.00;16
836;3;622085134;836;260;1574;1589;7.89;0.48;174.23;3.51;738;3;508.00;15
839;3;622085141;839;264;1576;1589;7.74;0.48;174.80;3.51;737;3;509.00;13
842;3;622085150;842;256;1577;1589;7.68;0.47;174.96;3.51;735;3;510.00;12
844;3;622085157;844;256;1580;1589;7.68;0.47;175.41;3.52;736;3;511.00;9
848;3;622085165;848;248;1582;1590;7.62;0.47;176.01;3.52;734;3;512.00;8
850;3;622085172;850;247;1585;1591;7.59;0.46;176.38;3.53;735;3;513.00;6
852;3;622085180;852;249;1587;1591;7.55;0.46;176.55;3.54;735;3;514.00;4
856;3;622085188;856;258;1593;1595;7.47;0.46;177.00;3.54;737;3;515.00;2
857;3;622085196;857;262;1594;1595;7.41;0.45;177.04;3.55;737;3;516.00;1
859;3;622085204;859;259;1594;1595;7.39;0.45;177.57;3.55;735;3;517.00;1
863;3;622085212;863;255;1595;1595;7.29;0.45;178.27;3.55;732;3;518.00;0
865;3;622085220;865;259;1600;1601;7.33;0.45;178.39;3.54;735;3;519.00;1
867;3;622085228;867;262;1601;1601;7.27;0.44;178.72;3.54;734;3;520.00;0
867;3;622085236;867;260;1601;1601;7.26;0.44;178.72;3.54;734;3;521.00;0
869;3;622085244;869;261;1604;1604;7.23;0.44;178.87;3.53;735;3;522.00;0
871;3;622085253;871;255;1604;1604;7.14;0.44;179.00;3.53;733;3;523.00;0
873;3;622085261;873;244;1604;1604;7.02;0.43;179.24;3.53;731;3;524.00;0
875;3;622085269;875;245;1605;1605;7.04;0.43;179.23;3.53;730;3;525.00;0
881;3;622085277;881;246;1606;1606;6.96;0.42;179.81;3.53;725;3;526.00;0
884;3;622085286;884;249;1606;1606;6.89;0.42;180.17;3.53;722;3;527.00;0
888;3;622085293;888;248;1617;1619;6.91;0.42;180.09;3.50;729;3;528.00;2
890;3;622085303;890;250;1618;1619;6.91;0.42;180.59;3.50;728;3;529.00;1
892;3;622085322;892;252;1619;1619;6.97;0.43;181.00;3.50;727;3;530.00;0
897;3;622085330;897;253;1620;1620;7.04;0.43;181.65;3.50;723;3;531.00;0
899;3;622085339;899;258;1620;1620;7.06;0.43;181.84;3.50;721;3;532.00;0
904;3;622085352;904;254;1624;1624;7.11;0.43;182.08;3.49;720;3;533.00;0
907;3;622085374;907;248;1624;1624;7.16;0.44;181.85;3.49;717;3;534.00;0
911;3;622085387;911;248;1628;1628;7.17;0.44;182.44;3.49;717;3;535.00;0
913;3;622085408;913;247;1628;1628;7.18;0.44;182.35;3.49;715;3;536.00;0
915;3;622085421;915;245;1628;1628;7.19;0.44;182.54;3.49;713;3;537.00;0
917;3;622085433;917;241;1628;1628;7.28;0.44;182.78;3.49;711;3;538.00;0
921;3;622085445;921;238;1628;1628;7.36;0.45;183.52;3.49;707;3;539.00;0
922;3;622085460;922;236;1658;1662;7.54;0.46;183.75;3.42;736;3;540.00;4
926;3;622085474;926;230;1658;1662;7.67;0.47;183.69;3.42;732;3;541.00;4
927;3;622085484;927;230;1661;1662;7.88;0.48;183.94;3.42;734;3;542.00;1
930;3;622085494;930;226;1661;1662;7.96;0.49;184.05;3.42;731;3;543.00;1
933;3;622085503;933;225;1662;1662;8.03;0.49;184.15;3.42;729;3;544.00;0
936;3;622085513;936;221;1662;1662;8.05;0.49;183.92;3.42;726;3;545.00;0
938;3;622085523;938;218;1663;1663;8.09;0.49;183.92;3.42;725;3;546.00;0
943;3;622085532;943;222;1663;1663;8.01;0.49;183.73;3.42;720;3;547.00;0
946;3;622085542;946;219;1669;1669;7.99;0.49;183.72;3.41;723;3;548.00;0
948;3;622085553;948;216;1670;1670;7.98;0.49;183.78;3.41;722;3;549.00;0
949;3;622085563;949;230;1670;1670;7.95;0.48;183.79;3.41;721;3;550.00;0
953;3;622085571;953;229;1670;1670;7.89;0.48;184.11;3.41;717;3;551.00;0
956;3;622085580;956;235;1674;1674;7.92;0.48;184.34;3.40;718;3;552.00;0
958;3;622085590;958;232;1674;1674;7.92;0.48;184.60;3.40;716;3;553.00;0
960;3;622085599;960;236;1674;1674;7.87;0.48;184.52;3.40;714;3;554.00;0
962;3;622085608;962;237;1675;1675;7.84;0.48;184.70;3.40;713;3;555.00;0
963;3;622085617;963;244;1679;1679;7.85;0.48;184.86;3.39;716;3;556.00;0
967;3;622085626;967;239;1679;1679;7.79;0.48;185.05;3.39;712;3;557.00;0
968;3;622085635;968;227;1681;1682;7.81;0.48;185.06;3.39;713;3;558.00;1
971;3;622085645;971;222;1681;1682;7.74;0.47;185.27;3.39;710;3;559.00;1
974;3;622085654;974;214;1682;1682;7.75;0.47;185.79;3.39;708;3;560.00;0
975;3;622085663;975;217;1682;1682;7.74;0.47;185.87;3.39;707;3;561.00;0
978;3;622085672;978;216;1686;1686;7.82;0.48;186.31;3.38;708;3;562.00;0
982;3;622085684;982;213;1686;1686;7.85;0.48;186.55;3.38;704;3;563.00;0
983;3;622085694;983;214;1686;1686;7.86;0.48;186.49;3.38;703;3;564.00;0
987;3;622085703;987;215;1686;1686;7.85;0.48;187.28;3.38;699;3;565.00;0
988;3;622085713;988;204;1687;1687;7.85;0.48;187.39;3.38;699;3;566.00;0
990;3;622085722;990;193;1688;1688;7.95;0.48;187.70;3.38;698;3;567.00;0
991;3;622085732;991;188;1688;1688;8.06;0.49;187.93;3.38;697;3;568.00;0
992;3;622085742;992;186;1689;1689;8.20;0.50;187.88;3.38;697;3;569.00;0
994;3;622085753;994;185;1689;1689;8.31;0.51;188.52;3.38;695;3;570.00;0
997;3;622085763;997;189;1689;1689;8.33;0.51;188.76;3.38;692;3;571.00;0
999;3;622085773;999;183;1689;1689;8.34;0.51;188.95;3.38;690;3;572.00;0
1001;3;622085784;1001;184;1689;1689;8.31;0.51;189.18;3.38;688;3;573.00;0
1003;3;622085800;1003;185;1689;1689;8.39;0.51;189.64;3.38;686;3;574.00;0
1005;3;622085810;1005;192;1689;1689;8.39;0.51;189.96;3.38;684;3;575.00;0
1006;3;622085819;1006;216;1771;1816;8.48;0.52;190.06;3.22;765;3;576.00;45
1008;3;622085840;1008;206;1774;1817;8.58;0.53;190.30;3.22;766;3;577.00;43
1010;3;622085851;1010;190;1781;1817;8.74;0.54;190.48;3.22;771;3;578.00;36
1018;3;622085861;1018;186;1782;1817;8.80;0.54;190.92;3.22;764;3;579.00;35
1021;3;622085872;1021;182;1786;1817;8.86;0.55;191.09;3.22;765;3;580.00;31
1025;3;622085883;1025;179;1787;1817;8.91;0.55;191.53;3.22;762;3;581.00;30
1029;3;622085894;1029;174;1788;1817;8.94;0.55;191.95;3.22;759;3;582.00;29
1029;3;622085904;1029;177;1790;1817;9.05;0.56;191.95;3.22;761;3;583.00;27
1031;3;622085921;1031;183;1791;1818;9.05;0.56;192.35;3.23;760;3;584.00;27
1033;3;622085932;1033;197;1795;1820;9.04;0.55;192.57;3.23;762;3;585.00;25
1035;3;622085943;1035;199;1798;1820;8.99;0.55;192.75;3.25;763;3;586.00;22
1037;3;622085953;1037;198;1802;1821;9.07;0.56;193.07;3.26;765;3;587.00;19
1040;3;622085963;1040;212;1804;1821;9.05;0.55;193.18;3.27;764;3;588.00;17
1041;3;622085975;1041;216;1806;1821;9.07;0.56;193.19;3.28;765;3;589.00;15
1044;3;622085987;1044;220;1807;1821;8.99;0.55;193.15;3.28;763;3;590.00;14
1046;3;622086004;1046;221;1811;1825;8.98;0.55;193.36;3.29;765;3;591.00;14
1049;3;622086014;1049;229;1813;1825;8.91;0.55;193.97;3.30;764;3;592.00;12
1052;3;622086025;1052;234;1814;1825;8.86;0.54;194.20;3.31;762;3;593.00;11
1053;3;622086043;1053;236;1816;1828;8.86;0.54;194.40;3.32;763;3;594.00;12
1053;3;622086053;1053;242;1820;1828;8.94;0.55;194.40;3.35;767;3;595.00;8
1053;3;622086063;1053;246;1821;1828;8.95;0.55;194.40;3.36;768;3;596.00;7
1055;3;622086073;1055;250;1827;1832;8.92;0.54;194.51;3.37;772;3;597.00;5
1055;3;622086084;1055;248;1829;1833;8.96;0.55;194.51;3.38;774;3;598.00;4
1058;3;622086095;1058;250;1831;1833;9.01;0.55;194.35;3.39;773;3;599.00;2
1058;3;622086109;1058;253;1844;1859;8.95;0.54;194.35;3.37;786;3;600.00;15
1059;3;622086129;1059;238;1845;1859;9.12;0.56;194.45;3.37;786;3;601.00;14
1059;3;622086141;1059;238;1845;1859;9.23;0.56;194.45;3.37;786;3;602.00;14
1061;3;622086152;1061;233;1847;1860;9.34;0.57;194.60;3.37;786;3;603.00;13
1064;3;622086163;1064;230;1848;1860;9.37;0.57;194.73;3.37;784;3;604.00;12
1065;3;622086173;1065;229;1854;1866;9.42;0.57;194.85;3.36;789;3;605.00;12
1068;3;622086184;1068;225;1856;1866;9.43;0.57;195.42;3.36;788;3;606.00;10
1068;3;622086202;1068;224;1857;1867;9.49;0.58;195.42;3.36;789;3;607.00;10
1071;3;622086212;1071;219;1858;1867;9.52;0.58;195.59;3.36;787;3;608.00;9
1072;3;622086222;1072;208;1858;1867;9.52;0.58;195.71;3.36;786;3;609.00;9
1076;3;622086232;1076;208;1858;1867;9.41;0.57;196.36;3.36;782;3;610.00;9
1079;3;622086242;1079;203;1860;1867;9.34;0.57;196.58;3.37;781;3;611.00;7
1082;3;622086252;1082;194;1868;1879;9.29;0.56;197.34;3.36;786;3;612.00;11
1085;3;622086263;1085;190;1869;1879;9.16;0.56;197.29;3.35;784;3;613.00;10
1089;3;622086273;1089;191;1870;1879;9.11;0.55;197.64;3.35;781;3;614.00;9
1091;3;622086282;1091;190;1871;1879;9.03;0.55;197.93;3.35;780;3;615.00;8
1094;3;622086291;1094;189;1872;1879;9.01;0.55;198.28;3.36;778;3;616.00;7
1098;3;622086300;1098;182;1872;1879;9.01;0.55;199.15;3.36;774;3;617.00;7
1102;3;622086310;1102;181;1876;1883;8.97;0.54;199.66;3.36;774;3;618.00;7
1104;3;622086321;1104;182;1876;1883;8.97;0.54;199.85;3.36;772;3;619.00;7
1109;3;622086331;1109;179;1880;1887;8.97;0.54;200.62;3.36;771;3;620.00;7
1111;3;622086343;1111;173;1881;1888;8.93;0.54;200.91;3.36;770;3;621.00;7
1113;3;622086354;1113;174;1883;1888;8.90;0.54;200.86;3.37;770;3;622.00;5
1114;3;622086364;1114;173;1883;1888;8.91;0.54;200.85;3.37;769;3;623.00;5
1116;3;622086373;1116;183;1891;1901;8.82;0.54;200.77;3.35;775;3;624.00;10
1121;3;622086384;1121;179;1891;1901;8.74;0.53;201.29;3.35;770;3;625.00;10
1122;3;622086394;1122;185;1891;1901;8.72;0.53;201.49;3.35;769;3;626.00;10
1122;3;622086402;1122;180;1893;1902;8.73;0.53;201.49;3.37;771;3;627.00;9
1127;3;622086411;1127;182;1895;1903;8.76;0.53;201.86;3.39;768;3;628.00;8
1129;3;622086420;1129;189;1896;1903;8.75;0.53;201.91;3.39;767;3;629.00;7
1131;3;622086430;1131;191;1900;1909;8.79;0.54;202.12;3.38;769;3;630.00;9
1136;3;622086440;1136;195;1901;1909;8.84;0.54;201.94;3.38;765;3;631.00;8
1139;3;622086449;1139;195;1902;1909;8.92;0.54;202.56;3.38;763;3;632.00;7
1144;3;622086459;1144;200;1902;1909;8.96;0.54;202.23;3.38;758;3;633.00;7
1146;3;622086468;1146;205;1908;1915;8.98;0.55;202.76;3.39;762;3;634.00;7
1149;3;622086478;1149;203;1908;1915;9.01;0.55;202.73;3.39;759;3;635.00;7
1151;3;622086487;1151;205;1908;1915;8.96;0.54;202.79;3.39;757;3;636.00;7
1153;3;622086497;1153;211;1908;1915;8.85;0.54;202.69;3.39;755;3;637.00;7
1154;3;622086506;1154;213;1912;1919;8.76;0.53;202.60;3.38;758;3;638.00;7
1154;3;622086515;1154;220;1914;1920;8.70;0.53;202.60;3.39;760;3;639.00;6
1156;3;622086524;1156;228;1916;1920;8.67;0.53;202.71;3.41;760;3;640.00;4
1157;3;622086534;1157;234;1917;1921;8.63;0.52;202.71;3.41;760;3;641.00;4
1157;3;622086543;1157;236;1919;1921;8.62;0.52;202.71;3.43;762;3;642.00;2
1160;3;622086552;1160;241;1919;1921;8.58;0.52;202.58;3.43;759;3;643.00;2
1164;3;622086561;1164;246;1919;1921;8.53;0.52;202.46;3.43;755;3;644.00;2
1165;3;622086570;1165;250;1921;1921;8.52;0.52;202.34;3.44;756;3;645.00;0
1166;3;622086579;1166;258;1921;1921;8.51;0.52;202.41;3.44;755;3;646.00;0
1168;3;622086587;1168;259;1921;1921;8.47;0.52;202.39;3.44;753;3;647.00;0
1168;3;622086596;1168;267;1961;1991;8.59;0.53;202.39;3.37;793;3;648.00;30
1168;3;622086609;1168;266;1963;1992;8.53;0.52;202.39;3.37;795;3;649.00;29
1171;3;622086619;1171;267;1972;1992;8.50;0.52;202.11;3.36;801;3;650.00;20
1174;3;622086627;1174;266;1973;1992;8.37;0.51;201.99;3.36;799;3;651.00;19
1175;3;622086636;1175;271;1976;1992;8.26;0.51;201.85;3.36;801;3;652.00;16
1175;3;622086645;1175;275;1977;1992;8.19;0.50;201.85;3.36;802;3;653.00;15
1176;3;622086653;1176;280;1979;1992;8.11;0.50;201.85;3.36;803;3;654.00;13
1178;3;622086661;1178;288;1981;1992;8.03;0.49;201.88;3.37;803;3;655.00;11
1179;3;622086670;1179;289;1982;1993;7.96;0.49;201.76;3.37;803;3;656.00;11
1181;3;622086678;1181;290;1983;1994;7.80;0.48;201.53;3.37;802;3;657.00;11
1183;3;622086693;1183;300;1985;1994;7.70;0.47;201.44;3.38;802;3;658.00;9
1183;3;622086701;1183;300;1990;1998;7.63;0.47;201.44;3.38;807;3;659.00;8
1186;3;622086711;1186;301;1993;1998;7.56;0.46;201.25;3.39;807;3;660.00;5
1187;3;622086720;1187;303;1993;1998;7.48;0.46;201.15;3.39;806;3;661.00;5
1190;3;622086729;1190;304;1995;1998;7.39;0.45;200.97;3.40;805;3;662.00;3
1192;3;622086737;1192;308;2002;2004;7.39;0.45;201.09;3.40;810;3;663.00;2
1193;3;622086746;1193;313;2003;2004;7.30;0.45;201.03;3.41;810;3;664.00;1
1197;3;622086754;1197;314;2004;2004;7.23;0.44;200.80;3.41;807;3;665.00;0
1197;3;622086763;1197;317;2006;2007;7.22;0.44;200.80;3.40;809;3;666.00;1
1201;3;622086771;1201;322;2006;2007;7.17;0.44;200.50;3.40;805;3;667.00;1
1203;4;622086780;1203;329;2007;2007;7.18;0.44;200.55;3.40;804;4;668.00;0
1204;4;622086803;1204;331;2008;2008;7.07;0.43;200.54;3.40;804;4;669.00;0
1204;4;622086811;1204;332;2009;2009;6.98;0.43;200.54;3.40;805;4;670.00;0
1205;4;622086820;1205;333;2009;2009;6.88;0.42;200.63;3.40;804;4;671.00;0
1209;4;622086827;1209;343;2022;2022;6.73;0.41;200.67;3.38;813;4;672.00;0
1210;4;622086837;1210;345;2022;2022;6.62;0.41;200.53;3.38;812;4;673.00;0
1214;4;622086844;1214;347;2022;2022;6.56;0.40;200.29;3.38;808;4;674.00;0
1218;4;622086852;1218;339;2024;2024;6.43;0.39;200.85;3.37;806;4;675.00;0
1222;4;622086861;1222;334;2024;2024;6.29;0.39;200.97;3.37;802;4;676.00;0
1224;4;622086868;1224;330;2028;2028;6.25;0.38;201.02;3.37;804;4;677.00;0
1228;4;622086876;1228;327;2028;2028;6.12;0.38;201.55;3.37;800;4;678.00;0
1230;4;622086884;1230;329;2032;2032;5.98;0.37;201.70;3.36;802;4;679.00;0
1233;4;622086892;1233;315;2032;2032;5.92;0.37;201.79;3.36;799;4;680.00;0
1236;4;622086900;1236;303;2032;2032;5.90;0.36;201.91;3.36;796;4;681.00;0
1238;4;622086912;1238;292;2032;2032;5.98;0.37;201.92;3.36;794;4;682.00;0
1244;4;622086920;1244;287;2032;2032;5.97;0.37;202.22;3.36;788;4;683.00;0
1248;4;622086929;1248;287;2043;2044;6.16;0.38;202.27;3.35;795;4;684.00;1
1250;4;622086938;1250;295;2043;2044;6.21;0.38;202.51;3.35;793;4;685.00;1
1252;4;622086947;1252;297;2044;2044;6.38;0.39;202.56;3.35;792;4;686.00;0
1255;4;622086955;1255;283;2044;2044;6.49;0.40;202.70;3.35;789;4;687.00;0
1255;4;622086964;1255;275;2044;2044;6.62;0.41;202.70;3.35;789;4;688.00;0
1261;4;622086972;1261;270;2044;2044;6.62;0.40;202.70;3.35;783;4;689.00;0
1263;4;622086988;1263;269;2045;2045;6.68;0.41;203.10;3.34;782;4;690.00;0
1265;4;622086997;1265;268;2045;2045;6.74;0.41;203.26;3.34;780;4;691.00;0
1268;4;622087006;1268;266;2051;2051;6.88;0.42;203.47;3.34;783;4;692.00;0
1270;4;622087015;1270;262;2052;2052;6.96;0.43;203.87;3.34;782;4;693.00;0
1270;4;622087024;1270;264;2052;2052;7.09;0.43;203.87;3.34;782;4;694.00;0
1272;4;622087032;1272;259;2052;2052;7.14;0.44;203.96;3.34;780;4;695.00;0
1275;4;622087041;1275;263;2056;2056;7.27;0.44;204.25;3.33;781;4;696.00;0
1279;4;622087050;1279;261;2056;2056;7.33;0.45;204.39;3.33;777;4;697.00;0
1285;4;622087059;1285;259;2056;2056;7.30;0.45;204.83;3.33;771;4;698.00;0
1287;4;622087068;1287;262;2057;2057;7.35;0.45;204.95;3.33;770;4;699.00;0
1291;4;622087077;1291;254;2061;2061;7.44;0.46;204.97;3.32;770;4;700.00;0
1293;4;622087090;1293;256;2061;2061;7.51;0.46;205.38;3.32;768;4;701.00;0
1295;4;622087099;1295;252;2063;2064;7.59;0.47;205.29;3.32;768;4;702.00;1
1298;4;622087108;1298;246;2063;2064;7.60;0.47;205.38;3.32;765;4;703.00;1
1304;4;622087117;1304;242;2064;2064;7.66;0.47;205.25;3.32;760;4;704.00;0
1308;4;622087126;1308;245;2064;2064;7.60;0.46;205.79;3.32;756;4;705.00;0
1313;4;622087135;1313;244;2068;2068;7.63;0.47;206.26;3.32;755;4;706.00;0
1316;4;622087145;1316;241;2068;2068;7.68;0.47;206.48;3.32;752;4;707.00;0
1320;4;622087154;1320;241;2068;2068;7.73;0.47;206.75;3.32;748;4;708.00;0
1326;4;622087163;1326;237;2068;2068;7.67;0.47;207.52;3.32;742;4;709.00;0
1329;4;622087172;1329;241;2069;2069;7.71;0.47;207.81;3.31;740;4;710.00;0
1335;4;622087181;1335;241;2070;2070;7.72;0.47;208.19;3.31;735;4;711.00;0
1340;4;622087190;1340;238;2070;2070;7.73;0.47;208.38;3.31;730;4;712.00;0
1343;4;622087200;1343;238;2071;2071;7.74;0.47;208.73;3.31;728;4;713.00;0
1347;4;622087209;1347;235;2071;2071;7.81;0.48;209.03;3.31;724;4;714.00;0
1354;4;622087218;1354;236;2071;2071;7.87;0.48;209.27;3.31;717;4;715.00;0
1359;4;622087227;1359;237;2071;2071;7.90;0.48;209.92;3.31;712;4;716.00;0
1361;4;622087237;1361;236;2071;2071;7.95;0.48;210.19;3.31;710;4;717.00;0
1364;4;622087245;1364;238;2071;2071;7.98;0.49;210.29;3.31;707;4;718.00;0
1366;4;622087254;1366;236;2071;2071;7.99;0.49;210.50;3.31;705;4;719.00;0
1368;4;622087265;1368;271;2192;2301;8.18;0.51;210.36;3.13;824;4;720.00;109
1369;4;622087291;1369;264;2204;2302;8.22;0.52;210.38;3.12;835;4;721.00;98
1373;4;622087302;1373;250;2216;2302;8.24;0.52;210.79;3.11;843;4;722.00;86
1375;4;622087316;1375;250;2228;2302;8.18;0.51;211.04;3.11;853;4;723.00;74
1376;4;622087326;1376;254;2238;2302;8.05;0.50;211.23;3.12;862;4;724.00;64
1379;4;622087336;1379;253;2243;2302;7.91;0.49;211.66;3.12;864;4;725.00;59
1381;4;622087347;1381;260;2248;2302;7.77;0.48;211.85;3.13;867;4;726.00;54
1383;4;622087361;1383;255;2252;2302;7.69;0.48;212.02;3.13;869;4;727.00;50
1385;4;622087378;1385;253;2258;2303;7.62;0.47;212.18;3.15;873;4;728.00;45
1389;4;622087399;1389;254;2261;2304;7.54;0.47;212.27;3.15;872;4;729.00;43
1391;4;622087415;1391;251;2265;2304;7.50;0.47;212.28;3.17;874;4;730.00;39
1394;4;622087431;1394;255;2270;2305;7.45;0.46;212.26;3.18;876;4;731.00;35
1398;4;622087455;1398;255;2271;2305;7.43;0.46;212.31;3.18;873;4;732.00;34
1402;4;622087469;1402;260;2272;2305;7.39;0.46;212.30;3.19;870;4;733.00;33
1408;4;622087480;1408;265;2274;2305;7.30;0.45;212.78;3.20;866;4;734.00;31
1410;4;622087497;1410;276;2277;2309;7.34;0.45;212.81;3.20;867;4;735.00;32
1411;4;622087516;1411;274;2278;2309;7.34;0.45;212.99;3.21;867;4;736.00;31
1413;4;622087528;1413;269;2279;2309;7.36;0.46;213.09;3.21;866;4;737.00;30
1416;4;622087546;1416;263;2279;2312;7.43;0.46;213.28;3.21;863;4;738.00;33
1420;4;622087558;1420;268;2281;2312;7.44;0.46;213.39;3.23;861;4;739.00;31
1423;4;622087570;1423;263;2281;2312;7.46;0.46;213.29;3.23;858;4;740.00;31
1427;4;622087581;1427;268;2286;2316;7.39;0.45;213.44;3.23;859;4;741.00;30
1429;4;622087594;1429;270;2288;2317;7.40;0.45;213.56;3.25;859;4;742.00;29
1433;4;622087607;1433;274;2290;2317;7.38;0.45;213.75;3.26;857;4;743.00;27
1434;4;622087617;1434;277;2293;2321;7.38;0.45;213.74;3.26;859;4;744.00;28
1436;4;622087629;1436;280;2293;2321;7.46;0.46;213.96;3.26;857;4;745.00;28
1439;4;622087641;1439;277;2296;2321;7.49;0.46;214.06;3.29;857;4;746.00;25
1441;4;622087653;1441;276;2298;2322;7.53;0.46;214.22;3.30;857;4;747.00;24
1445;4;622087664;1445;273;2298;2322;7.55;0.46;214.35;3.30;853;4;748.00;24
1445;4;622087676;1445;274;2304;2328;7.61;0.47;214.35;3.31;859;4;749.00;24
1447;4;622087690;1447;272;2306;2328;7.70;0.47;214.47;3.33;859;4;750.00;22
1447;4;622087700;1447;265;2309;2329;7.81;0.48;214.47;3.33;862;4;751.00;20
1450;4;622087711;1450;262;2311;2329;7.90;0.48;214.66;3.35;861;4;752.00;18
1452;4;622087722;1452;260;2315;2329;8.01;0.49;215.01;3.37;863;4;753.00;14
1456;4;622087733;1456;263;2316;2329;8.07;0.49;215.09;3.39;860;4;754.00;13
1458;4;622087745;1458;260;2318;2329;8.13;0.50;215.23;3.41;860;4;755.00;11
1462;4;622087755;1462;256;2327;2341;8.16;0.50;215.26;3.41;865;4;756.00;14
1463;4;622087768;1463;253;2329;2341;8.29;0.51;215.38;3.41;866;4;757.00;12
1465;4;622087778;1465;251;2332;2341;8.38;0.51;215.53;3.41;867;4;758.00;9
1468;4;622087789;1468;247;2332;2341;8.45;0.52;215.27;3.41;864;4;759.00;9
1469;4;622087801;1469;244;2332;2341;8.51;0.52;215.27;3.41;863;4;760.00;9
1472;4;622087812;1472;241;2332;2341;8.54;0.52;215.58;3.41;860;4;761.00;9
1474;4;622087822;1474;242;2336;2345;8.59;0.52;215.53;3.40;862;4;762.00;9
1476;4;622087833;1476;248;2336;2345;8.65;0.53;215.76;3.40;860;4;763.00;9
1477;4;622087845;1477;247;2340;2349;8.68;0.53;215.81;3.40;863;4;764.00;9
1479;4;622087856;1479;249;2342;2351;8.65;0.53;215.91;3.39;863;4;765.00;9
1482;4;622087867;1482;250;2342;2351;8.56;0.52;216.07;3.39;860;4;766.00;9
1484;4;622087877;1484;256;2342;2351;8.46;0.52;216.15;3.39;858;4;767.00;9
1487;4;622087888;1487;261;2353;2364;8.48;0.52;216.41;3.38;866;4;768.00;11
1489;4;622087907;1489;269;2353;2364;8.45;0.52;216.67;3.38;864;4;769.00;11
1491;4;622087917;1491;269;2353;2364;8.40;0.51;216.82;3.38;862;4;770.00;11
1493;4;622087928;1493;268;2354;2365;8.37;0.51;216.89;3.38;861;4;771.00;11
1494;4;622087939;1494;272;2354;2366;8.32;0.51;216.88;3.38;860;4;772.00;12
1496;4;622087949;1496;268;2354;2366;8.25;0.50;216.81;3.38;858;4;773.00;12
1498;4;622087960;1498;267;2356;2369;8.21;0.50;216.95;3.38;858;4;774.00;13
1501;4;622087970;1501;268;2356;2369;8.17;0.50;217.05;3.38;855;4;775.00;13
1502;4;622087982;1502;273;2357;2369;8.13;0.50;217.20;3.37;855;4;776.00;12
1504;4;622087992;1504;274;2357;2369;8.06;0.49;217.37;3.37;853;4;777.00;12
1506;4;622088003;1506;273;2362;2375;8.06;0.49;217.34;3.37;856;4;778.00;13
1509;4;622088013;1509;273;2362;2375;8.01;0.49;217.54;3.37;853;4;779.00;13
1510;4;622088025;1510;268;2362;2375;7.95;0.48;217.63;3.37;852;4;780.00;13
1515;4;622088036;1515;270;2362;2375;7.83;0.48;217.66;3.37;847;4;781.00;13
1518;4;622088045;1518;264;2365;2379;7.75;0.47;217.83;3.37;847;4;782.00;14
1520;4;622088055;1520;264;2366;2380;7.67;0.47;217.95;3.37;846;4;783.00;14
1521;4;622088066;1521;264;2366;2380;7.63;0.46;218.11;3.37;845;4;784.00;14
1523;4;622088075;1523;261;2368;2381;7.61;0.46;218.23;3.37;845;4;785.00;13
1525;4;622088085;1525;262;2368;2381;7.58;0.46;218.35;3.37;843;4;786.00;13
1527;4;622088095;1527;257;2369;2381;7.60;0.46;218.43;3.37;842;4;787.00;12
1529;4;622088104;1529;258;2369;2381;7.64;0.47;218.39;3.37;840;4;788.00;12
1532;4;622088115;1532;258;2369;2381;7.72;0.47;218.38;3.37;837;4;789.00;12
1532;4;622088124;1532;258;2369;2381;7.78;0.47;218.38;3.37;837;4;790.00;12
1534;4;622088134;1534;256;2369;2381;7.83;0.48;218.37;3.37;835;4;791.00;12
1537;4;622088144;1537;257;2403;2451;7.98;0.49;218.47;3.32;866;4;792.00;48
1541;4;622088160;1541;253;2403;2452;8.05;0.49;218.42;3.32;862;4;793.00;49
1543;4;622088171;1543;256;2410;2452;8.18;0.50;218.41;3.32;867;4;794.00;42
1544;4;622088181;1544;259;2411;2452;8.21;0.50;218.44;3.32;867;4;795.00;41
1545;4;622088191;1545;265;2413;2452;8.27;0.50;218.34;3.32;868;4;796.00;39
1545;4;622088202;1545;262;2418;2452;8.29;0.51;218.34;3.35;873;4;797.00;34
1546;4;622088212;1546;271;2419;2452;8.23;0.50;218.25;3.35;873;4;798.00;33
1547;4;622088222;1547;265;2421;2452;8.26;0.50;218.43;3.36;874;4;799.00;31
1547;4;622088233;1547;269;2426;2453;8.21;0.50;218.43;3.40;879;4;800.00;27
1548;4;622088248;1548;274;2428;2454;8.20;0.50;218.34;3.40;880;4;801.00;26
1551;4;622088259;1551;276;2433;2454;8.10;0.49;218.06;3.44;882;4;802.00;21
1556;4;622088270;1556;275;2438;2458;8.00;0.49;217.82;3.45;882;4;803.00;20
1558;4;622088282;1558;278;2441;2458;7.91;0.48;217.70;3.48;883;4;804.00;17
1558;4;622088293;1558;285;2442;2458;7.85;0.48;217.70;3.49;884;4;805.00;16
1560;4;622088303;1560;286;2444;2458;7.81;0.48;217.54;3.52;884;4;806.00;14
1561;4;622088313;1561;293;2449;2464;7.79;0.47;217.56;3.52;888;4;807.00;15
1564;4;622088324;1564;300;2449;2464;7.71;0.47;217.34;3.52;885;4;808.00;15
1566;4;622088336;1566;311;2451;2464;7.64;0.46;217.31;3.56;885;4;809.00;13
1567;4;622088350;1567;314;2455;2470;7.63;0.46;217.23;3.56;888;4;810.00;15
1568;4;622088361;1568;321;2459;2470;7.56;0.46;217.22;3.63;891;4;811.00;11
1570;4;622088371;1570;330;2462;2470;7.48;0.46;217.01;3.68;892;4;812.00;8
1571;4;622088381;1571;338;2463;2471;7.39;0.45;216.99;3.69;892;4;813.00;8
1573;4;622088393;1573;338;2467;2472;7.26;0.44;216.87;3.72;894;4;814.00;5
1575;4;622088404;1575;348;2467;2472;7.11;0.43;216.84;3.72;892;4;815.00;5
1576;4;622088415;1576;359;2477;2485;7.05;0.43;216.72;3.72;901;4;816.00;8
1578;4;622088426;1578;362;2479;2485;6.97;0.43;216.64;3.73;901;4;817.00;6
1579;4;622088435;1579;376;2480;2485;6.94;0.43;216.56;3.73;901;4;818.00;5
1582;4;622088444;1582;383;2483;2486;6.91;0.42;216.55;3.73;901;4;819.00;3
1585;4;622088454;1585;382;2485;2486;6.82;0.42;216.23;3.73;900;4;820.00;1
1588;4;622088463;1588;391;2489;2490;6.73;0.41;216.10;3.73;901;4;821.00;1
1591;4;622088474;1591;393;2489;2490;6.61;0.40;215.85;3.73;898;4;822.00;1
1592;4;622088483;1592;391;2494;2494;6.53;0.40;215.87;3.73;902;4;823.00;0
1595;4;622088492;1595;397;2494;2494;6.46;0.39;215.63;3.73;899;4;824.00;0
1597;4;622088501;1597;397;2494;2494;6.37;0.39;215.68;3.73;897;4;825.00;0
1597;4;622088510;1597;406;2494;2494;6.30;0.39;215.68;3.73;897;4;826.00;0
1600;4;622088519;1600;396;2494;2494;6.22;0.38;215.60;3.73;894;4;827.00;0
1600;4;622088528;1600;391;2504;2506;6.26;0.38;215.60;3.71;904;4;828.00;2
1600;4;622088537;1600;387;2505;2506;6.26;0.38;215.60;3.71;905;4;829.00;1
1601;4;622088547;1601;372;2506;2506;6.30;0.39;215.71;3.71;905;4;830.00;0
1602;4;622088556;1602;364;2506;2506;6.35;0.39;215.68;3.71;904;4;831.00;0
1602;4;622088565;1602;356;2506;2506;6.41;0.39;215.68;3.71;904;4;832.00;0
1603;4;622088575;1603;350;2506;2506;6.45;0.40;215.62;3.71;903;4;833.00;0
1607;4;622088596;1607;345;2507;2507;6.51;0.40;215.52;3.71;900;4;834.00;0
1607;4;622088605;1607;344;2507;2507;6.57;0.40;215.52;3.71;900;4;835.00;0
1607;5;622088615;1607;342;2513;2513;6.72;0.41;215.52;3.70;906;5;836.00;0
1608;5;622088636;1608;337;2514;2514;6.82;0.42;215.63;3.70;906;5;837.00;0
1609;5;622088646;1609;334;2514;2514;6.89;0.42;215.65;3.70;905;5;838.00;0
1611;5;622088656;1611;331;2514;2514;6.91;0.42;215.53;3.70;903;5;839.00;0
1612;5;622088668;1612;327;2519;2519;6.95;0.42;215.41;3.69;907;5;840.00;0
1613;5;622088687;1613;325;2519;2519;7.00;0.43;215.35;3.69;906;5;841.00;0
1617;5;622088698;1617;328;2519;2519;6.94;0.42;215.43;3.69;902;5;842.00;0
1620;5;622088708;1620;329;2520;2520;6.89;0.42;215.45;3.69;900;5;843.00;0
1621;5;622088717;1621;330;2524;2524;6.88;0.42;215.39;3.69;903;5;844.00;0
1626;5;622088727;1626;326;2524;2524;6.82;0.42;215.56;3.69;898;5;845.00;0
1629;5;622088737;1629;322;2526;2527;6.72;0.41;215.42;3.69;897;5;846.00;1
1632;5;622088746;1632;330;2527;2527;6.65;0.41;215.52;3.68;895;5;847.00;0
1635;5;622088755;1635;332;2527;2527;6.55;0.40;215.51;3.68;892;5;848.00;0
1637;5;622088763;1637;340;2527;2527;6.43;0.39;215.93;3.68;890;5;849.00;0
1642;5;622088772;1642;325;2531;2531;6.38;0.39;216.10;3.68;889;5;850.00;0
1644;5;622088782;1644;322;2531;2531;6.32;0.39;216.08;3.68;887;5;851.00;0
1647;5;622088791;1647;315;2531;2531;6.28;0.38;216.05;3.68;884;5;852.00;0
1653;5;622088800;1653;309;2531;2531;6.26;0.38;216.11;3.68;878;5;853.00;0
1657;5;622088809;1657;307;2532;2532;6.31;0.38;216.49;3.68;875;5;854.00;0
1662;5;622088818;1662;302;2534;2534;6.38;0.39;216.69;3.68;872;5;855.00;0
1668;5;622088827;1668;298;2534;2534;6.42;0.39;216.95;3.68;866;5;856.00;0
1671;5;622088837;1671;284;2535;2535;6.51;0.40;217.50;3.67;864;5;857.00;0
1675;5;622088847;1675;275;2535;2535;6.63;0.40;217.86;3.67;860;5;858.00;0
1678;5;622088856;1678;265;2535;2535;6.71;0.41;218.16;3.67;857;5;859.00;0
1682;5;622088865;1682;261;2535;2535;6.71;0.41;218.60;3.67;853;5;860.00;0
1685;5;622088875;1685;255;2535;2535;6.75;0.41;219.13;3.67;850;5;861.00;0
1689;5;622088884;1689;243;2535;2535;6.74;0.41;219.48;3.67;846;5;862.00;0
1692;5;622088894;1692;241;2535;2535;6.84;0.42;219.91;3.67;843;5;863.00;0
1698;5;622088903;1698;251;2621;2662;7.04;0.44;220.38;3.56;923;5;864.00;41
1698;5;622088924;1698;246;2624;2663;7.17;0.44;220.38;3.55;926;5;865.00;39
1702;5;622088934;1702;250;2629;2663;7.28;0.45;220.69;3.55;927;5;866.00;34
1707;5;622088945;1707;239;2633;2663;7.39;0.46;220.74;3.55;926;5;867.00;30
1709;5;622088955;1709;238;2637;2663;7.50;0.46;220.87;3.55;928;5;868.00;26
1715;5;622088966;1715;236;2637;2663;7.52;0.46;221.00;3.55;922;5;869.00;26
1719;5;622088978;1719;239;2638;2663;7.50;0.46;220.92;3.55;919;5;870.00;25
1724;5;622088989;1724;239;2639;2663;7.53;0.46;221.44;3.55;915;5;871.00;24
1728;5;622089000;1728;237;2641;2664;7.47;0.46;221.59;3.56;913;5;872.00;23
1731;5;622089011;1731;242;2645;2665;7.46;0.45;221.80;3.56;914;5;873.00;20
1735;5;622089022;1735;243;2646;2665;7.52;0.46;222.35;3.57;911;5;874.00;19
1736;5;622089033;1736;248;2648;2666;7.50;0.46;222.47;3.57;912;5;875.00;18
1740;5;622089045;1740;252;2649;2666;7.47;0.46;223.00;3.57;909;5;876.00;17
1741;5;622089055;1741;256;2650;2666;7.53;0.46;223.29;3.57;909;5;877.00;16
1745;5;622089067;1745;261;2650;2666;7.55;0.46;223.45;3.57;905;5;878.00;16
1749;5;622089079;1749;262;2654;2670;7.62;0.47;223.69;3.58;905;5;879.00;16
1753;5;622089092;1753;266;2655;2670;7.54;0.46;223.87;3.58;902;5;880.00;15
1758;5;622089103;1758;268;2656;2670;7.46;0.46;224.40;3.59;898;5;881.00;14
1761;5;622089115;1761;270;2657;2673;7.40;0.45;224.62;3.58;896;5;882.00;16
1766;5;622089126;1766;268;2658;2673;7.34;0.45;225.10;3.59;892;5;883.00;15
1771;5;622089139;1771;266;2658;2673;7.27;0.44;225.60;3.59;887;5;884.00;15
1773;5;622089157;1773;273;2663;2677;7.23;0.44;225.62;3.59;890;5;885.00;14
1777;5;622089168;1777;270;2663;2678;7.22;0.44;226.11;3.59;886;5;886.00;15
1780;5;622089179;1780;270;2666;2678;7.26;0.44;226.50;3.61;886;5;887.00;12
1784;5;622089195;1784;278;2669;2682;7.31;0.45;226.61;3.61;885;5;888.00;13
1787;5;622089207;1787;273;2669;2682;7.40;0.45;226.96;3.61;882;5;889.00;13
1790;5;622089218;1790;280;2669;2682;7.46;0.46;227.19;3.61;879;5;890.00;13
1792;5;622089229;1792;281;2671;2683;7.50;0.46;227.43;3.62;879;5;891.00;12
1795;5;622089240;1795;275;2671;2683;7.52;0.46;227.74;3.62;876;5;892.00;12
1800;5;622089251;1800;272;2677;2689;7.45;0.46;228.11;3.62;877;5;893.00;12
1804;5;622089262;1804;271;2677;2689;7.42;0.45;228.53;3.62;873;5;894.00;12
1807;5;622089274;1807;274;2679;2690;7.42;0.45;228.94;3.63;872;5;895.00;11
1812;5;622089285;1812;278;2679;2690;7.35;0.45;229.31;3.63;867;5;896.00;11
1813;5;622089296;1813;277;2680;2690;7.42;0.45;229.36;3.64;867;5;897.00;10
1818;5;622089307;1818;270;2681;2690;7.43;0.45;229.95;3.65;863;5;898.00;9
1824;5;622089318;1824;270;2682;2690;7.43;0.45;230.16;3.66;858;5;899.00;8
1826;5;622089331;1826;280;2710;2736;7.46;0.46;230.25;3.64;884;5;900.00;26
1828;5;622089357;1828;270;2712;2736;7.49;0.46;230.42;3.64;884;5;901.00;24
1829;5;622089377;1829;266;2716;2736;7.58;0.47;230.50;3.65;887;5;902.00;20
1832;5;622089396;1832;268;2717;2736;7.66;0.47;230.47;3.65;885;5;903.00;19
1836;5;622089414;1836;266;2722;2736;7.69;0.47;230.59;3.67;886;5;904.00;14
1839;5;622089445;1839;271;2723;2736;7.72;0.47;230.86;3.68;884;5;905.00;13
1841;5;622089472;1841;263;2728;2740;7.69;0.47;231.06;3.67;887;5;906.00;12
1843;5;622089487;1843;256;2731;2740;7.67;0.47;231.15;3.68;888;5;907.00;9
1844;5;622089508;1844;254;2735;2744;7.62;0.47;231.12;3.68;891;5;908.00;9
1848;5;622089521;1848;256;2737;2745;7.62;0.46;231.23;3.68;889;5;909.00;8
1849;5;622089534;1849;258;2737;2745;7.62;0.47;231.29;3.68;888;5;910.00;8
1853;5;622089553;1853;257;2739;2745;7.61;0.46;231.48;3.68;886;5;911.00;6
1855;5;622089566;1855;261;2749;2758;7.64;0.47;231.63;3.67;894;5;912.00;9
1858;5;622089580;1858;265;2751;2758;7.64;0.47;231.72;3.67;893;5;913.00;7
1859;5;622089593;1859;262;2752;2758;7.66;0.47;231.74;3.67;893;5;914.00;6
1866;5;622089604;1866;271;2752;2759;7.63;0.46;231.69;3.67;886;5;915.00;7
1866;5;622089616;1866;272;2754;2760;7.67;0.47;231.69;3.67;888;5;916.00;6
1869;5;622089627;1869;265;2755;2760;7.67;0.47;231.63;3.68;886;5;917.00;5
1870;5;622089640;1870;259;2758;2763;7.65;0.47;231.67;3.68;888;5;918.00;5
1874;5;622089651;1874;263;2758;2763;7.68;0.47;231.88;3.68;884;5;919.00;5
1877;5;622089663;1877;264;2759;2763;7.69;0.47;232.02;3.68;882;5;920.00;4
1881;5;622089675;1881;264;2759;2763;7.73;0.47;232.20;3.68;878;5;921.00;4
1884;5;622089686;1884;260;2764;2769;7.73;0.47;232.55;3.67;880;5;922.00;5
1885;5;622089698;1885;264;2767;2769;7.76;0.47;232.57;3.69;882;5;923.00;2
1887;5;622089709;1887;258;2767;2769;7.83;0.47;232.49;3.69;880;5;924.00;2
1889;5;622089720;1889;261;2767;2769;7.91;0.48;232.68;3.69;878;5;925.00;2
1891;5;622089731;1891;259;2773;2773;7.96;0.48;232.95;3.69;882;5;926.00;0
1892;5;622089742;1892;263;2774;2774;7.97;0.48;232.90;3.69;882;5;927.00;0
1895;5;622089759;1895;264;2774;2774;7.96;0.48;232.89;3.69;879;5;928.00;0
1897;5;622089770;1897;270;2775;2775;8.04;0.49;233.06;3.69;878;5;929.00;0
1897;5;622089782;1897;272;2775;2775;8.04;0.49;233.06;3.69;878;5;930.00;0
1901;5;622089793;1901;278;2775;2775;8.04;0.49;233.39;3.69;874;5;931.00;0
1903;5;622089803;1903;281;2775;2775;8.06;0.49;233.57;3.69;872;5;932.00;0
1907;5;622089814;1907;286;2775;2775;8.07;0.49;233.68;3.69;868;5;933.00;0
1910;5;622089825;1910;291;2775;2775;8.05;0.49;233.68;3.69;865;5;934.00;0
1913;5;622089835;1913;296;2775;2775;8.03;0.49;233.86;3.69;862;5;935.00;0
1916;5;622089846;1916;308;2812;2845;7.94;0.48;234.12;3.64;896;5;936.00;33
1919;5;622089863;1919;303;2813;2846;7.89;0.48;234.24;3.64;894;5;937.00;33
1919;5;622089873;1919;299;2820;2846;7.90;0.48;234.24;3.64;901;5;938.00;26
1921;5;622089884;1921;305;2820;2846;7.83;0.48;234.23;3.64;899;5;939.00;26
1923;5;622089895;1923;308;2825;2846;7.75;0.47;234.46;3.64;902;5;940.00;21
1926;5;622089906;1926;305;2828;2846;7.72;0.47;234.66;3.64;902;5;941.00;18
1929;5;622089916;1929;306;2831;2846;7.68;0.47;234.75;3.64;902;5;942.00;15
1931;5;622089932;1931;308;2834;2846;7.72;0.47;234.66;3.64;903;5;943.00;12
1934;5;622089949;1934;301;2837;2847;7.67;0.47;234.75;3.65;903;5;944.00;10
1936;5;622089959;1936;297;2840;2849;7.64;0.46;234.75;3.65;904;5;945.00;9
1938;5;622089971;1938;294;2841;2849;7.61;0.46;234.66;3.65;903;5;946.00;8
1940;5;622089982;1940;301;2846;2853;7.54;0.46;234.68;3.65;906;5;947.00;7
1943;5;622089993;1943;299;2847;2853;7.44;0.45;234.75;3.65;904;5;948.00;6
1944;5;622090003;1944;300;2847;2853;7.36;0.45;234.82;3.65;903;5;949.00;6
1946;5;622090013;1946;296;2847;2853;7.26;0.44;234.99;3.65;901;5;950.00;6
1949;5;622090023;1949;291;2851;2859;7.22;0.44;235.05;3.65;902;5;951.00;8
1949;5;622090034;1949;297;2851;2859;7.17;0.44;235.05;3.65;902;5;952.00;8
1952;5;622090044;1952;285;2851;2859;7.14;0.43;235.16;3.65;899;5;953.00;8
1956;5;622090054;1956;281;2853;2862;7.09;0.43;235.10;3.65;897;5;954.00;9
1959;5;622090065;1959;287;2856;2862;7.06;0.43;235.02;3.66;897;5;955.00;6
1962;5;622090075;1962;286;2857;2862;7.08;0.43;235.04;3.66;895;5;956.00;5
1966;5;622090085;1966;280;2857;2863;7.08;0.43;234.97;3.66;891;5;957.00;6
1967;5;622090095;1967;284;2859;2864;7.05;0.43;235.08;3.66;892;5;958.00;5
1975;5;622090104;1975;281;2859;2864;6.90;0.42;234.60;3.66;884;5;959.00;5
1977;5;622090115;1977;283;2878;2890;6.82;0.41;234.60;3.63;901;5;960.00;12
1978;5;622090127;1978;278;2878;2890;6.78;0.41;234.53;3.63;900;5;961.00;12
1983;5;622090136;1983;276;2880;2890;6.75;0.41;234.29;3.64;897;5;962.00;10
1985;5;622090147;1985;277;2882;2891;6.78;0.41;234.08;3.64;897;5;963.00;9
1986;5;622090156;1986;279;2882;2891;6.78;0.41;234.00;3.64;896;5;964.00;9
1990;5;622090166;1990;278;2885;2895;6.80;0.41;233.76;3.64;895;5;965.00;10
1992;5;622090175;1992;287;2885;2895;6.81;0.41;233.69;3.64;893;5;966.00;10
1993;5;622090185;1993;289;2889;2899;6.85;0.42;233.59;3.63;896;5;967.00;10
1995;5;622090194;1995;286;2889;2899;6.89;0.42;233.61;3.63;894;5;968.00;10
1996;5;622090204;1996;283;2890;2899;6.92;0.42;233.50;3.64;894;5;969.00;9
1998;5;622090214;1998;285;2890;2899;6.90;0.42;233.47;3.64;892;5;970.00;9
1998;5;622090223;1998;285;2893;2899;6.93;0.42;233.47;3.66;895;5;971.00;6
1999;5;622090232;1999;286;2903;2911;7.03;0.43;233.62;3.65;904;5;972.00;8
2000;5;622090243;2000;286;2904;2911;7.01;0.43;233.57;3.65;904;5;973.00;7
2001;5;622090254;2001;291;2906;2911;7.01;0.43;233.47;3.66;905;5;974.00;5
2002;5;622090264;2002;297;2906;2911;7.03;0.43;233.48;3.66;904;5;975.00;5
2005;5;622090275;2005;300;2906;2911;7.00;0.43;233.52;3.66;901;5;976.00;5
2006;5;622090284;2006;301;2906;2911;6.97;0.42;233.45;3.66;900;5;977.00;5
2009;5;622090294;2009;308;2906;2912;6.86;0.42;233.57;3.66;897;5;978.00;6
2009;6;622090303;2009;300;2906;2912;6.84;0.42;233.57;3.66;897;6;979.00;6
2009;6;622090320;2009;293;2913;2918;6.89;0.42;233.57;3.67;904;6;980.00;5
2011;6;622090331;2011;287;2913;2919;6.87;0.42;233.61;3.67;902;6;981.00;6
2013;6;622090342;2013;287;2915;2919;6.91;0.42;233.56;3.67;902;6;982.00;4
2014;6;622090358;2014;287;2916;2919;6.90;0.42;233.45;3.67;902;6;983.00;3
2015;6;622090369;2015;289;2919;2923;6.92;0.42;233.43;3.67;904;6;984.00;4
2018;6;622090380;2018;287;2919;2923;6.94;0.42;233.40;3.67;901;6;985.00;4
2018;6;622090396;2018;285;2920;2923;6.96;0.42;233.40;3.67;902;6;986.00;3
2018;6;622090406;2018;293;2922;2924;7.02;0.43;233.40;3.68;904;6;987.00;2
2018;6;622090416;2018;293;2925;2928;7.06;0.43;233.40;3.67;907;6;988.00;3
2018;6;622090426;2018;293;2926;2928;7.09;0.43;233.40;3.68;908;6;989.00;2
2019;6;622090437;2019;290;2930;2934;7.08;0.43;233.30;3.67;911;6;990.00;4
2019;6;622090447;2019;288;2933;2934;7.11;0.44;233.30;3.67;914;6;991.00;1
2023;6;622090457;2023;285;2934;2934;7.12;0.44;233.37;3.67;911;6;992.00;0
2024;7;622090473;2024;288;2934;2934;7.12;0.44;233.37;3.67;910;7;993.00;0
2026;7;622090494;2026;290;2938;2938;7.16;0.44;233.53;3.67;912;7;994.00;0
2027;7;622090504;2027;291;2938;2938;7.10;0.44;233.48;3.67;911;7;995.00;0
2028;7;622090513;2028;290;2938;2938;7.06;0.43;233.50;3.67;910;7;996.00;0
2029;7;622090528;2029;290;2938;2938;6.95;0.43;233.50;3.67;909;7;997.00;0
2030;7;622090537;2030;297;2939;2939;6.85;0.42;233.52;3.67;909;7;998.00;0
2031;7;622090550;2031;291;2940;2940;6.84;0.42;233.68;3.67;909;7;999.00;0
2033;7;622090561;2033;285;2940;2940;6.74;0.41;233.55;3.67;907;7;1000.00;0
2039;7;622090573;2039;279;2941;2941;6.65;0.41;233.36;3.66;902;7;1001.00;0
2040;7;622090583;2040;284;2941;2941;6.67;0.41;233.46;3.66;901;7;1002.00;0
2043;7;622090592;2043;277;2941;2941;6.73;0.41;233.49;3.66;898;7;1003.00;0
2044;7;622090602;2044;274;2941;2941;6.73;0.41;233.52;3.66;897;7;1004.00;0
2044;7;622090611;2044;272;2941;2941;6.78;0.42;233.52;3.66;897;7;1005.00;0
2047;7;622090619;2047;272;2941;2941;6.85;0.42;233.50;3.66;894;7;1006.00;0
2051;7;622090629;2051;274;2941;2941;6.88;0.42;233.41;3.66;890;7;1007.00;0
2053;7;622090638;2053;294;3022;3068;7.14;0.44;233.47;3.57;969;7;1008.00;46
2056;7;622090658;2056;286;3025;3069;7.16;0.44;233.54;3.56;969;7;1009.00;44
2058;7;622090668;2058;278;3030;3069;7.20;0.45;233.74;3.56;972;7;1010.00;39
2061;7;622090678;2061;282;3034;3069;7.16;0.44;233.62;3.56;973;7;1011.00;35
2064;7;622090688;2064;285;3039;3069;7.11;0.44;233.68;3.56;975;7;1012.00;30
2068;7;622090697;2068;290;3040;3069;7.03;0.43;233.78;3.56;972;7;1013.00;29
2071;7;622090707;2071;284;3043;3069;6.94;0.43;233.76;3.57;972;7;1014.00;26
2076;7;622090717;2076;291;3045;3069;6.85;0.42;233.67;3.57;969;7;1015.00;24
2080;7;622090727;2080;299;3047;3070;6.80;0.42;233.50;3.57;967;7;1016.00;23
2086;7;622090737;2086;300;3050;3071;6.76;0.41;233.42;3.58;964;7;1017.00;21
2089;7;622090748;2089;293;3051;3071;6.72;0.41;233.54;3.58;962;7;1018.00;20
2091;7;622090758;2091;296;3055;3072;6.65;0.41;233.63;3.58;964;7;1019.00;17
2093;7;622090769;2093;283;3056;3072;6.61;0.41;233.91;3.59;963;7;1020.00;16
2098;7;622090779;2098;275;3059;3072;6.54;0.40;234.01;3.60;961;7;1021.00;13
2101;7;622090790;2101;269;3060;3072;6.51;0.40;234.35;3.60;959;7;1022.00;12
2103;7;622090800;2103;267;3063;3076;6.55;0.40;234.58;3.60;960;7;1023.00;13
2107;7;622090811;2107;260;3065;3076;6.60;0.41;235.07;3.61;958;7;1024.00;11
2109;7;622090822;2109;262;3065;3076;6.65;0.41;235.21;3.61;956;7;1025.00;11
2113;7;622090832;2113;269;3068;3079;6.72;0.41;235.32;3.62;955;7;1026.00;11
2118;7;622090844;2118;263;3069;3079;6.76;0.42;235.74;3.62;951;7;1027.00;10
2121;7;622090854;2121;261;3071;3079;6.85;0.42;235.84;3.63;950;7;1028.00;8
2125;7;622090865;2125;259;3076;3083;6.87;0.42;236.25;3.63;951;7;1029.00;7
2128;7;622090876;2128;254;3076;3084;6.93;0.43;236.38;3.63;948;7;1030.00;8
2130;7;622090887;2130;252;3078;3084;6.98;0.43;236.62;3.65;948;7;1031.00;6
2134;7;622090898;2134;253;3081;3088;6.99;0.43;237.00;3.65;947;7;1032.00;7
2138;7;622090910;2138;244;3081;3088;7.08;0.44;237.06;3.65;943;7;1033.00;7
2140;7;622090922;2140;245;3082;3088;7.13;0.44;237.17;3.65;942;7;1034.00;6
2146;7;622090934;2146;249;3086;3090;7.15;0.44;237.46;3.65;940;7;1035.00;4
2151;7;622090945;2151;244;3086;3090;7.18;0.44;237.65;3.65;935;7;1036.00;4
2153;7;622090956;2153;240;3092;3096;7.21;0.44;237.89;3.65;939;7;1037.00;4
2157;7;622090968;2157;237;3092;3096;7.23;0.44;238.09;3.65;935;7;1038.00;4
2166;7;622090980;2166;239;3093;3097;7.23;0.44;238.60;3.65;927;7;1039.00;4
2168;7;622090991;2168;241;3093;3097;7.25;0.44;238.65;3.65;925;7;1040.00;4
2170;7;622091003;2170;241;3093;3097;7.30;0.45;238.91;3.65;923;7;1041.00;4
2176;7;622091014;2176;247;3093;3097;7.35;0.45;239.03;3.65;917;7;1042.00;4
2179;7;622091026;2179;246;3093;3097;7.40;0.45;239.41;3.65;914;7;1043.00;4
2184;7;622091037;2184;242;3102;3109;7.51;0.46;239.47;3.64;918;7;1044.00;7
2188;7;622091049;2188;238;3104;3109;7.53;0.46;239.98;3.65;916;7;1045.00;5
2194;7;622091061;2194;244;3105;3109;7.50;0.46;239.96;3.65;911;7;1046.00;4
2198;7;622091073;2198;244;3105;3109;7.60;0.47;240.09;3.65;907;7;1047.00;4
2203;7;622091084;2203;244;3105;3109;7.67;0.47;240.11;3.65;902;7;1048.00;4
2205;7;622091095;2205;248;3106;3109;7.72;0.47;240.13;3.65;901;7;1049.00;3
2208;7;622091108;2208;245;3112;3115;7.75;0.47;240.35;3.65;904;7;1050.00;3
2212;7;622091119;2212;243;3112;3115;7.81;0.48;240.23;3.65;900;7;1051.00;3
2215;7;622091131;2215;245;3116;3119;7.81;0.48;240.38;3.65;901;7;1052.00;3
2217;7;622091142;2217;249;3117;3120;7.90;0.48;240.39;3.64;900;7;1053.00;3
2222;7;622091154;2222;246;3117;3120;7.90;0.48;240.53;3.64;895;7;1054.00;3
2228;7;622091165;2228;252;3118;3120;7.85;0.48;240.58;3.65;890;7;1055.00;2
2231;7;622091176;2231;253;3131;3133;7.83;0.48;240.79;3.64;900;7;1056.00;2
2235;7;622091188;2235;249;3131;3133;7.86;0.48;240.90;3.64;896;7;1057.00;2
2240;7;622091200;2240;250;3133;3133;7.80;0.48;241.32;3.64;893;7;1058.00;0
2241;7;622091211;2241;250;3134;3134;7.76;0.47;241.32;3.64;893;7;1059.00;0
2245;7;622091221;2245;249;3135;3135;7.70;0.47;241.31;3.63;890;7;1060.00;0
2247;7;622091233;2247;250;3135;3135;7.69;0.47;241.32;3.63;888;7;1061.00;0
2249;7;622091243;2249;253;3137;3138;7.67;0.47;241.52;3.63;888;7;1062.00;1
2253;7;622091254;2253;254;3137;3138;7.68;0.47;241.59;3.63;884;7;1063.00;1
2254;7;622091265;2254;259;3138;3138;7.70;0.47;241.61;3.63;884;7;1064.00;0
2258;7;622091276;2258;266;3138;3138;7.65;0.47;241.66;3.63;880;7;1065.00;0
2262;7;622091287;2262;271;3144;3144;7.60;0.46;242.10;3.63;882;7;1066.00;0
2265;7;622091298;2265;263;3144;3144;7.57;0.46;241.93;3.63;879;7;1067.00;0
2271;7;622091309;2271;259;3144;3144;7.54;0.46;242.51;3.63;873;7;1068.00;0
2274;7;622091321;2274;264;3144;3144;7.50;0.46;243.16;3.63;870;7;1069.00;0
2276;7;622091338;2276;264;3148;3148;7.54;0.46;243.14;3.62;872;7;1070.00;0
2280;7;622091349;2280;266;3149;3149;7.55;0.46;243.25;3.62;869;7;1071.00;0
2282;7;622091366;2282;269;3149;3149;7.54;0.46;243.26;3.62;867;7;1072.00;0
2286;7;622091383;2286;266;3150;3150;7.56;0.46;243.47;3.62;864;7;1073.00;0
2288;7;622091400;2288;268;3150;3150;7.52;0.46;243.62;3.62;862;7;1074.00;0
2291;7;622091424;2291;272;3150;3150;7.44;0.45;243.76;3.62;859;7;1075.00;0
2292;7;622091454;2292;264;3150;3150;7.49;0.46;243.94;3.62;858;7;1076.00;0
2295;7;622091482;2295;263;3150;3150;7.51;0.46;244.08;3.62;855;7;1077.00;0
2296;7;622091506;2296;254;3150;3150;7.53;0.46;244.28;3.62;854;7;1078.00;0
2299;7;622091521;2299;254;3150;3150;7.58;0.46;244.51;3.62;851;7;1079.00;0
2301;7;622091538;2301;277;3232;3275;7.70;0.48;244.71;3.53;931;7;1080.00;43
2304;7;622091567;2304;276;3235;3276;7.69;0.47;244.70;3.53;931;7;1081.00;41
2309;7;622091582;2309;265;3241;3276;7.79;0.48;245.05;3.52;932;7;1082.00;35
2312;7;622091599;2312;264;3246;3276;7.85;0.48;245.34;3.52;934;7;1083.00;30
2315;7;622091614;2315;261;3251;3276;7.89;0.49;245.39;3.52;936;7;1084.00;25
2318;7;622091631;2318;265;3253;3276;7.87;0.48;245.52;3.53;935;7;1085.00;23
2321;7;622091658;2321;267;3258;3276;7.83;0.48;245.79;3.53;937;7;1086.00;18
2322;7;622091673;2322;267;3261;3276;7.82;0.48;245.97;3.53;939;7;1087.00;15
2325;7;622091691;2325;273;3264;3277;7.78;0.48;246.14;3.54;939;7;1088.00;13
2329;7;622091705;2329;274;3268;3278;7.68;0.47;246.43;3.54;939;7;1089.00;10
2331;7;622091720;2331;274;3273;3278;7.60;0.46;246.63;3.55;942;7;1090.00;5
2335;7;622091735;2335;285;3278;3282;7.47;0.46;247.17;3.55;943;7;1091.00;4
2338;7;622091752;2338;284;3279;3282;7.37;0.45;247.30;3.55;941;7;1092.00;3
2341;7;622091766;2341;289;3279;3282;7.28;0.44;247.77;3.55;938;7;1093.00;3
2343;7;622091781;2343;295;3279;3282;7.22;0.44;247.85;3.55;936;7;1094.00;3
2347;7;622091799;2347;303;3286;3288;7.14;0.43;248.16;3.55;939;7;1095.00;2
2350;7;622091815;2350;302;3286;3288;7.13;0.43;248.20;3.55;936;7;1096.00;2
2353;7;622091830;2353;308;3287;3288;7.11;0.43;248.12;3.55;934;7;1097.00;1
2357;7;622091845;2357;309;3289;3291;7.14;0.44;248.20;3.55;932;7;1098.00;2
2359;7;622091860;2359;321;3289;3291;7.14;0.44;248.20;3.55;930;7;1099.00;2
2362;7;622091877;2362;324;3290;3291;7.09;0.43;248.41;3.56;928;7;1100.00;1
2363;7;622091896;2363;328;3291;3292;7.07;0.43;248.48;3.55;928;7;1101.00;1
2366;7;622091910;2366;329;3292;3293;7.03;0.43;248.39;3.55;926;7;1102.00;1
2368;7;622091923;2368;334;3293;3293;7.02;0.43;248.41;3.55;925;7;1103.00;0
2369;7;622091935;2369;339;3304;3306;7.00;0.43;248.35;3.54;935;7;1104.00;2
2371;7;622091948;2371;336;3304;3306;7.02;0.43;248.30;3.54;933;7;1105.00;2
2374;7;622091970;2374;341;3304;3306;7.02;0.43;248.28;3.54;930;7;1106.00;2
2378;7;622091985;2378;343;3305;3307;6.98;0.43;248.15;3.54;927;7;1107.00;2
2379;7;622092003;2379;345;3305;3307;6.98;0.43;248.06;3.54;926;7;1108.00;2
2382;7;622092017;2382;350;3308;3311;6.98;0.43;247.99;3.54;926;7;1109.00;3
2384;7;622092035;2384;347;3308;3311;6.93;0.42;247.84;3.54;924;7;1110.00;3
2385;7;622092049;2385;350;3312;3315;6.95;0.42;247.75;3.54;927;7;1111.00;3
2388;7;622092063;2388;346;3313;3315;6.91;0.42;247.66;3.54;925;7;1112.00;2
2392;7;622092075;2392;345;3313;3315;6.91;0.42;247.61;3.54;921;7;1113.00;2
2393;7;622092088;2393;340;3313;3315;6.96;0.43;247.54;3.54;920;7;1114.00;2
2394;7;622092101;2394;337;3313;3315;6.98;0.43;247.52;3.54;919;7;1115.00;2
2396;7;622092115;2396;340;3323;3327;7.04;0.43;247.60;3.53;927;7;1116.00;4
2399;7;622092132;2399;335;3324;3327;7.02;0.43;247.74;3.53;925;7;1117.00;3
2400;7;622092149;2400;335;3324;3327;7.06;0.43;247.65;3.53;924;7;1118.00;3
2402;7;622092168;2402;327;3324;3327;7.10;0.43;247.56;3.53;922;7;1119.00;3
2403;7;622092187;2403;328;3324;3327;7.09;0.43;247.54;3.53;921;7;1120.00;3
2404;7;622092207;2404;329;3324;3327;7.08;0.43;247.51;3.53;920;7;1121.00;3
2408;7;622092230;2408;319;3324;3328;7.00;0.43;247.70;3.53;916;7;1122.00;4
2408;7;622092258;2408;319;3324;3328;6.92;0.42;247.70;3.53;916;7;1123.00;4
2409;7;622092280;2409;308;3329;3334;6.89;0.42;247.74;3.52;920;7;1124.00;5
2410;7;622092303;2410;313;3333;3336;6.80;0.41;247.68;3.53;923;7;1125.00;3
2413;7;622092322;2413;310;3333;3336;6.70;0.41;247.61;3.53;920;7;1126.00;3
2413;7;622092342;2413;306;3333;3336;6.63;0.40;247.61;3.53;920;7;1127.00;3
2418;7;622092363;2418;310;3336;3340;6.56;0.40;247.79;3.53;918;7;1128.00;4
2422;7;622092379;2422;304;3336;3340;6.52;0.40;247.90;3.53;914;7;1129.00;4
2423;7;622092393;2423;312;3336;3340;6.53;0.40;247.99;3.53;913;7;1130.00;4
2425;7;622092408;2425;295;3337;3341;6.59;0.40;247.92;3.53;912;7;1131.00;4
2426;7;622092425;2426;290;3340;3345;6.69;0.41;247.96;3.52;914;7;1132.00;5
2427;7;622092442;2427;282;3340;3345;6.77;0.41;247.86;3.52;913;7;1133.00;5
2430;7;622092460;2430;276;3342;3348;6.88;0.42;247.80;3.52;912;7;1134.00;6
2432;7;622092481;2432;274;3343;3348;7.00;0.43;247.78;3.52;911;7;1135.00;5
2434;7;622092495;2434;268;3343;3348;7.08;0.43;247.69;3.52;909;7;1136.00;5
2434;7;622092511;2434;265;3343;3348;7.15;0.44;247.69;3.52;909;7;1137.00;5
2435;7;622092526;2435;268;3347;3352;7.34;0.45;247.73;3.52;912;7;1138.00;5
2435;7;622092545;2435;267;3347;3352;7.41;0.45;247.73;3.52;912;7;1139.00;5
2437;7;622092572;2437;261;3347;3352;7.50;0.46;247.66;3.52;910;7;1140.00;5
2437;7;622092588;2437;258;3347;3352;7.58;0.46;247.66;3.52;910;7;1141.00;5
2438;7;622092602;2438;258;3347;3353;7.62;0.46;247.59;3.52;909;7;1142.00;6
2440;7;622092617;2440;258;3348;3354;7.68;0.47;247.68;3.52;908;7;1143.00;6
2441;7;622092633;2441;259;3348;3354;7.66;0.47;247.63;3.52;907;7;1144.00;6
2441;8;622092653;2441;260;3349;3355;7.69;0.47;247.63;3.52;908;8;1145.00;6
2442;8;622092683;2442;253;3349;3355;7.66;0.47;247.70;3.52;907;8;1146.00;6
2444;8;622092696;2444;247;3349;3355;7.61;0.46;247.68;3.52;905;8;1147.00;6
2444;8;622092709;2444;249;3349;3355;7.58;0.46;247.68;3.52;905;8;1148.00;6
2448;8;622092728;2448;252;3349;3355;7.55;0.46;247.50;3.52;901;8;1149.00;6
2450;8;622092743;2450;253;3351;3355;7.46;0.45;247.55;3.53;901;8;1150.00;4
2451;8;622092756;2451;263;3351;3355;7.39;0.45;247.48;3.53;900;8;1151.00;4
2451;8;622092770;2451;273;3418;3482;7.62;0.47;247.48;3.46;967;8;1152.00;64
2453;8;622092796;2453;264;3422;3483;7.59;0.47;247.63;3.47;969;8;1153.00;61
2455;8;622092811;2455;260;3433;3483;7.61;0.47;247.66;3.47;978;8;1154.00;50
2456;8;622092826;2456;257;3439;3483;7.62;0.47;247.67;3.47;983;8;1155.00;44
2458;8;622092840;2458;256;3446;3483;7.67;0.47;247.61;3.48;988;8;1156.00;37
2460;8;622092855;2460;257;3449;3483;7.68;0.47;247.55;3.48;989;8;1157.00;34
2460;8;622092869;2460;254;3454;3483;7.70;0.48;247.55;3.49;994;8;1158.00;29
2463;8;622092883;2463;257;3455;3483;7.66;0.47;247.56;3.49;992;8;1159.00;28
2466;8;622092900;2466;259;3458;3484;7.70;0.47;247.74;3.49;992;8;1160.00;26
2467;8;622092916;2467;262;3460;3485;7.73;0.48;247.74;3.49;993;8;1161.00;25
2471;8;622092939;2471;263;3464;3485;7.68;0.47;247.77;3.50;993;8;1162.00;21
2471;8;622092962;2471;273;3468;3486;7.65;0.47;247.77;3.51;997;8;1163.00;18
2475;8;622092985;2475;268;3471;3486;7.52;0.46;248.12;3.52;996;8;1164.00;15
2481;8;622093001;2481;273;3472;3486;7.36;0.45;248.03;3.52;991;8;1165.00;14
2482;8;622093016;2482;282;3479;3486;7.21;0.44;248.02;3.54;997;8;1166.00;7
2486;8;622093041;2486;289;3481;3490;7.12;0.44;247.92;3.54;995;8;1167.00;9
2491;8;622093057;2491;295;3484;3490;7.02;0.43;247.99;3.54;993;8;1168.00;6
2492;8;622093075;2492;295;3485;3490;7.00;0.43;248.15;3.55;993;8;1169.00;5
2496;8;622093093;2496;296;3489;3496;6.91;0.42;248.33;3.55;993;8;1170.00;7
2498;8;622093108;2498;294;3490;3496;6.84;0.42;248.41;3.55;992;8;1171.00;6
2501;8;622093130;2501;295;3492;3496;6.83;0.42;248.46;3.56;991;8;1172.00;4
2501;8;622093145;2501;293;3496;3500;6.84;0.42;248.46;3.55;995;8;1173.00;4
2503;8;622093161;2503;294;3498;3501;6.76;0.41;248.56;3.55;995;8;1174.00;3
2504;8;622093178;2504;303;3499;3501;6.73;0.41;248.64;3.56;995;8;1175.00;2
2509;8;622093196;2509;299;3503;3505;6.72;0.41;248.65;3.55;994;8;1176.00;2
2509;8;622093212;2509;303;3503;3505;6.77;0.42;248.65;3.55;994;8;1177.00;2
2510;8;622093226;2510;302;3504;3505;6.82;0.42;248.65;3.55;994;8;1178.00;1
2510;8;622093241;2510;298;3505;3506;6.85;0.42;248.65;3.55;995;8;1179.00;1
2513;8;622093257;2513;297;3506;3506;6.84;0.42;248.52;3.55;993;8;1180.00;0
2518;8;622093274;2518;292;3511;3512;6.82;0.42;248.87;3.55;993;8;1181.00;1
2521;8;622093297;2521;296;3512;3512;6.79;0.41;248.98;3.55;991;8;1182.00;0
2526;8;622093312;2526;289;3513;3513;6.73;0.41;249.09;3.55;987;8;1183.00;0
2529;8;622093327;2529;292;3513;3513;6.66;0.41;249.29;3.55;984;8;1184.00;0
2532;8;622093340;2532;301;3513;3513;6.63;0.41;249.35;3.55;981;8;1185.00;0
2536;8;622093355;2536;301;3513;3513;6.61;0.40;249.30;3.55;977;8;1186.00;0
2539;8;622093385;2539;302;3513;3513;6.61;0.40;249.42;3.55;974;8;1187.00;0
2542;8;622093409;2542;304;3522;3525;6.57;0.40;249.60;3.54;980;8;1188.00;3
2547;8;622093427;2547;307;3523;3525;6.54;0.40;249.81;3.54;976;8;1189.00;2
2548;8;622093443;2548;291;3523;3525;6.59;0.41;249.84;3.54;975;8;1190.00;2
2551;8;622093459;2551;284;3524;3525;6.62;0.41;249.95;3.54;973;8;1191.00;1
2560;8;622093476;2560;286;3524;3525;6.59;0.40;250.27;3.54;964;8;1192.00;1
2565;8;622093492;2565;282;3525;3525;6.57;0.40;250.28;3.54;960;8;1193.00;0
2567;8;622093506;2567;282;3528;3529;6.59;0.40;250.22;3.54;961;8;1194.00;1
2572;8;622093520;2572;284;3528;3529;6.60;0.40;250.50;3.54;956;8;1195.00;1
2577;8;622093540;2577;284;3532;3533;6.66;0.41;250.82;3.54;955;8;1196.00;1
2580;8;622093557;2580;274;3533;3534;6.72;0.41;250.74;3.53;953;8;1197.00;1
2583;8;622093573;2583;268;3534;3534;6.76;0.41;250.96;3.53;951;8;1198.00;0
2587;8;622093589;2587;262;3534;3534;6.83;0.42;251.35;3.53;947;8;1199.00;0
2589;8;622093608;2589;257;3559;3575;6.88;0.42;251.43;3.51;970;8;1200.00;16
2593;8;622093640;2593;247;3561;3575;6.92;0.42;251.76;3.51;968;8;1201.00;14
2595;8;622093656;2595;245;3563;3575;6.98;0.43;251.90;3.51;968;8;1202.00;12
2603;8;622093669;2603;246;3565;3576;6.94;0.42;252.10;3.51;962;8;1203.00;11
2606;8;622093685;2606;252;3567;3577;6.94;0.42;252.34;3.51;961;8;1204.00;10
2610;8;622093701;2610;249;3569;3577;7.01;0.43;252.66;3.51;959;8;1205.00;8
2612;8;622093715;2612;247;3572;3580;7.08;0.43;252.65;3.50;960;8;1206.00;8
2617;8;622093729;2617;251;3573;3580;7.11;0.43;252.93;3.50;956;8;1207.00;7
2619;8;622093744;2619;254;3574;3580;7.12;0.43;252.91;3.51;955;8;1208.00;6
2623;8;622093759;2623;256;3575;3580;7.16;0.44;253.22;3.51;952;8;1209.00;5
2627;8;622093774;2627;257;3581;3586;7.20;0.44;253.46;3.50;954;8;1210.00;5
2632;8;622093789;2632;269;3582;3586;7.17;0.44;253.63;3.51;950;8;1211.00;4
2635;8;622093805;2635;267;3582;3586;7.17;0.44;253.72;3.51;947;8;1212.00;4
2637;8;622093821;2637;271;3582;3586;7.23;0.44;253.98;3.51;945;8;1213.00;4
2642;8;622093841;2642;272;3587;3590;7.25;0.44;254.29;3.51;945;8;1214.00;3
2646;8;622093856;2646;270;3589;3592;7.26;0.44;254.52;3.50;943;8;1215.00;3
2650;8;622093875;2650;270;3589;3592;7.27;0.44;254.70;3.50;939;8;1216.00;3
2656;8;622093895;2656;268;3590;3593;7.30;0.45;254.97;3.50;934;8;1217.00;3
2659;8;622093909;2659;273;3590;3593;7.25;0.44;255.22;3.50;931;8;1218.00;3
2661;8;622093925;2661;279;3591;3593;7.21;0.44;255.41;3.51;930;8;1219.00;2
2667;8;622093940;2667;286;3591;3593;7.15;0.44;255.54;3.51;924;8;1220.00;2
2672;8;622093958;2672;283;3591;3593;7.06;0.43;255.82;3.51;919;8;1221.00;2
2677;8;622093974;2677;288;3591;3593;7.01;0.43;255.96;3.51;914;8;1222.00;2
2680;8;622093988;2680;298;3591;3593;6.97;0.43;256.05;3.51;911;8;1223.00;2
2689;8;622094005;2689;309;3632;3663;6.80;0.42;256.15;3.47;943;8;1224.00;31
2692;8;622094026;2692;308;3634;3664;6.74;0.41;256.04;3.47;942;8;1225.00;30
2696;8;622094045;2696;306;3639;3664;6.77;0.41;256.28;3.47;943;8;1226.00;25
2701;8;622094064;2701;310;3642;3664;6.75;0.41;256.47;3.47;941;8;1227.00;22
2703;8;622094080;2703;310;3645;3666;6.80;0.41;256.51;3.47;942;8;1228.00;21
2706;8;622094094;2706;317;3647;3666;6.87;0.42;256.60;3.47;941;8;1229.00;19
2707;8;622094110;2707;317;3650;3666;6.93;0.42;256.72;3.47;943;8;1230.00;16
2709;8;622094123;2709;318;3654;3666;6.92;0.42;256.73;3.48;945;8;1231.00;12
2714;8;622094139;2714;322;3655;3667;6.84;0.42;256.81;3.48;941;8;1232.00;12
2718;8;622094155;2718;336;3657;3668;6.75;0.41;257.07;3.49;939;8;1233.00;11
2720;8;622094170;2720;344;3659;3668;6.67;0.41;257.02;3.49;939;8;1234.00;9
2723;8;622094185;2723;351;3665;3672;6.59;0.40;257.28;3.50;942;8;1235.00;7
2727;8;622094202;2727;368;3669;3672;6.50;0.40;257.40;3.50;942;8;1236.00;3
2730;8;622094218;2730;365;3670;3672;6.47;0.39;257.56;3.50;940;8;1237.00;2
2735;8;622094240;2735;358;3670;3672;6.45;0.39;257.92;3.50;935;8;1238.00;2
2736;8;622094255;2736;357;3677;3678;6.51;0.40;258.00;3.50;941;8;1239.00;1
2739;8;622094275;2739;357;3678;3678;6.50;0.40;257.99;3.50;939;8;1240.00;0
2743;8;622094289;2743;356;3678;3678;6.54;0.40;258.15;3.50;935;8;1241.00;0
2745;8;622094306;2745;355;3681;3681;6.60;0.40;258.18;3.50;936;8;1242.00;0
2747;8;622094321;2747;357;3681;3681;6.66;0.41;258.29;3.50;934;8;1243.00;0
2748;8;622094341;2748;356;3681;3681;6.65;0.41;258.34;3.50;933;8;1244.00;0
2756;8;622094357;2756;359;3682;3682;6.57;0.40;258.43;3.50;926;8;1245.00;0
2758;8;622094385;2758;349;3683;3683;6.61;0.40;258.41;3.50;925;8;1246.00;0
2760;8;622094400;2760;344;3683;3683;6.64;0.41;258.52;3.50;923;8;1247.00;0
2766;8;622094417;2766;344;3695;3696;6.72;0.41;258.64;3.49;929;8;1248.00;1
2769;8;622094439;2769;347;3696;3696;6.72;0.41;258.71;3.49;927;8;1249.00;0
2771;8;622094455;2771;342;3696;3696;6.75;0.41;258.79;3.49;925;8;1250.00;0
2773;8;622094470;2773;335;3697;3697;6.78;0.41;258.88;3.48;924;8;1251.00;0
2775;8;622094485;2775;336;3697;3697;6.79;0.41;258.94;3.48;922;8;1252.00;0
2777;8;622094501;2777;337;3701;3701;6.83;0.42;259.01;3.48;924;8;1253.00;0
2782;8;622094516;2782;335;3701;3701;6.80;0.41;259.15;3.48;919;8;1254.00;0
2784;8;622094533;2784;339;3705;3705;6.82;0.41;259.15;3.48;921;8;1255.00;0
2785;8;622094549;2785;340;3705;3705;6.79;0.41;259.17;3.48;920;8;1256.00;0
2787;8;622094565;2787;338;3705;3705;6.76;0.41;259.18;3.48;918;8;1257.00;0
2788;8;622094583;2788;344;3705;3705;6.79;0.41;259.18;3.48;917;8;1258.00;0
2789;8;622094597;2789;346;3705;3705;6.81;0.42;259.24;3.48;916;8;1259.00;0
2790;8;622094613;2790;353;3735;3739;6.85;0.42;259.28;3.45;945;8;1260.00;4
2794;8;622094631;2794;348;3735;3739;6.83;0.42;259.36;3.45;941;8;1261.00;4
2796;8;622094648;2796;347;3738;3739;6.86;0.42;259.36;3.45;942;8;1262.00;1
2798;8;622094662;2798;351;3738;3739;6.77;0.42;259.40;3.45;940;8;1263.00;1
2801;8;622094678;2801;351;3739;3739;6.75;0.41;259.42;3.45;938;8;1264.00;0
2805;8;622094694;2805;359;3739;3739;6.71;0.41;259.22;3.45;934;8;1265.00;0
2806;8;622094708;2806;358;3739;3740;6.66;0.41;259.22;3.45;933;8;1266.00;1
2809;8;622094732;2809;364;3739;3740;6.62;0.40;259.23;3.45;930;8;1267.00;1
2811;8;622094748;2811;365;3744;3746;6.65;0.41;259.27;3.45;933;8;1268.00;2
2814;8;622094762;2814;365;3745;3747;6.66;0.41;259.16;3.45;931;8;1269.00;2
2817;8;622094777;2817;362;3745;3747;6.67;0.41;259.11;3.45;928;8;1270.00;2
2818;8;622094791;2818;363;3745;3747;6.67;0.41;259.03;3.45;927;8;1271.00;2
2819;8;622094806;2819;370;3748;3751;6.73;0.41;258.95;3.44;929;8;1272.00;3
2819;8;622094820;2819;370;3748;3751;6.69;0.41;258.95;3.44;929;8;1273.00;3
2822;8;622094833;2822;373;3748;3751;6.63;0.40;258.90;3.44;926;8;1274.00;3
2825;8;622094847;2825;383;3749;3752;6.60;0.40;258.80;3.44;924;8;1275.00;3
2825;8;622094864;2825;384;3752;3756;6.55;0.40;258.80;3.44;927;8;1276.00;4
2829;8;622094878;2829;388;3752;3756;6.41;0.39;258.83;3.44;923;8;1277.00;4
2831;8;622094899;2831;394;3754;3759;6.38;0.39;258.88;3.44;923;8;1278.00;5
2834;8;622094914;2834;398;3754;3759;6.28;0.38;258.99;3.44;920;8;1279.00;5
2835;8;622094927;2835;392;3755;3759;6.20;0.38;258.97;3.44;920;8;1280.00;4
2838;8;622094952;2838;388;3755;3759;6.13;0.37;258.83;3.44;917;8;1281.00;4
2839;8;622094967;2839;386;3759;3763;6.18;0.37;258.83;3.44;920;8;1282.00;4
2841;8;622094981;2841;362;3759;3763;6.17;0.37;258.83;3.44;918;8;1283.00;4
2842;8;622094995;2842;346;3759;3763;6.21;0.38;258.90;3.44;917;8;1284.00;4
2842;8;622095012;2842;338;3759;3763;6.30;0.38;258.90;3.44;917;8;1285.00;4
2842;8;622095026;2842;331;3759;3764;6.39;0.39;258.90;3.44;917;8;1286.00;5
2843;8;622095039;2843;321;3760;3765;6.45;0.39;258.92;3.43;917;8;1287.00;5
2845;8;622095054;2845;308;3760;3765;6.52;0.39;259.04;3.43;915;8;1288.00;5
2846;8;622095068;2846;295;3761;3766;6.62;0.40;259.14;3.43;915;8;1289.00;5
2848;8;622095094;2848;290;3761;3766;6.71;0.41;259.17;3.43;913;8;1290.00;5
2850;8;622095109;2850;275;3761;3766;6.74;0.41;259.22;3.43;911;8;1291.00;5
2853;8;622095123;2853;262;3761;3766;6.85;0.41;259.48;3.43;908;8;1292.00;5
2855;8;622095139;2855;255;3761;3766;6.86;0.41;259.48;3.43;906;8;1293.00;5
2856;8;622095163;2856;248;3762;3766;6.91;0.42;259.43;3.44;906;8;1294.00;4
2858;8;622095176;2858;238;3762;3766;6.98;0.42;259.54;3.44;904;8;1295.00;4
2860;8;622095192;2860;248;3828;3893;7.14;0.44;259.51;3.39;968;8;1296.00;65
2863;8;622095226;2863;228;3828;3894;7.19;0.44;259.72;3.39;965;8;1297.00;66
2867;8;622095247;2867;223;3835;3894;7.24;0.44;259.66;3.39;968;8;1298.00;59
2868;8;622095262;2868;216;3836;3894;7.24;0.44;259.65;3.39;968;8;1299.00;58
2868;8;622095280;2868;212;3843;3894;7.34;0.45;259.65;3.39;975;8;1300.00;51
2869;8;622095303;2869;206;3844;3894;7.42;0.45;259.63;3.39;975;8;1301.00;50
2870;8;622095328;2870;198;3846;3894;7.51;0.46;259.67;3.39;976;8;1302.00;48
2870;8;622095345;2870;198;3849;3894;7.63;0.47;259.67;3.39;979;8;1303.00;45
2873;8;622095359;2873;201;3851;3895;7.69;0.47;259.66;3.39;978;8;1304.00;44
2876;8;622095393;2876;202;3855;3897;7.75;0.47;259.62;3.40;979;8;1305.00;42
2879;8;622095412;2879;197;3857;3897;7.83;0.48;259.90;3.40;978;8;1306.00;40
2880;8;622095437;2880;195;3859;3898;7.86;0.48;260.05;3.41;979;8;1307.00;39
2883;8;622095455;2883;189;3864;3898;7.81;0.47;259.95;3.42;981;8;1308.00;34
2886;8;622095475;2886;184;3866;3898;7.79;0.47;260.07;3.42;980;8;1309.00;32
2892;8;622095492;2892;183;3870;3898;7.74;0.47;259.97;3.43;978;8;1310.00;28
2896;8;622095506;2896;188;3874;3902;7.75;0.47;259.93;3.44;978;8;1311.00;28
2899;8;622095520;2899;185;3875;3902;7.71;0.47;259.83;3.44;976;8;1312.00;27
2900;8;622095533;2900;186;3879;3902;7.77;0.47;259.94;3.47;979;8;1313.00;23
2902;8;622095546;2902;188;3882;3905;7.81;0.47;260.15;3.48;980;8;1314.00;23
2905;8;622095561;2905;196;3885;3905;7.82;0.47;260.20;3.49;980;8;1315.00;20
2905;8;622095573;2905;200;3889;3905;7.83;0.47;260.20;3.50;984;8;1316.00;16
2907;8;622095586;2907;202;3893;3909;7.82;0.47;260.26;3.50;986;8;1317.00;16
2908;8;622095600;2908;212;3895;3910;7.83;0.48;260.32;3.50;987;8;1318.00;15
2908;9;622095612;2908;218;3899;3910;7.82;0.47;260.32;3.51;991;9;1319.00;11
2915;9;622095638;2915;223;3904;3915;7.71;0.47;260.60;3.52;989;9;1320.00;11
2916;9;622095666;2916;231;3905;3915;7.65;0.46;260.62;3.52;989;9;1321.00;10
2918;9;622095687;2918;238;3905;3915;7.57;0.46;260.71;3.52;987;9;1322.00;10
2920;9;622095699;2920;249;3907;3916;7.52;0.46;260.84;3.52;987;9;1323.00;9
2923;9;622095722;2923;250;3907;3916;7.47;0.45;260.85;3.52;984;9;1324.00;9
2925;9;622095734;2925;248;3913;3922;7.55;0.46;260.97;3.52;988;9;1325.00;9
2926;9;622095747;2926;252;3914;3922;7.56;0.46;260.96;3.53;988;9;1326.00;8
2928;9;622095759;2928;256;3914;3923;7.55;0.46;261.01;3.53;986;9;1327.00;9
2929;9;622095773;2929;262;3916;3923;7.55;0.46;260.98;3.54;987;9;1328.00;7
2932;9;622095785;2932;267;3918;3923;7.56;0.46;260.97;3.56;986;9;1329.00;5
2934;9;622095797;2934;268;3919;3923;7.57;0.46;260.88;3.56;985;9;1330.00;4
2936;9;622095809;2936;275;3920;3923;7.56;0.46;261.15;3.57;984;9;1331.00;3
2937;9;622095820;2937;278;3932;3935;7.58;0.46;261.11;3.57;995;9;1332.00;3
2939;9;622095834;2939;281;3934;3935;7.52;0.46;261.10;3.57;995;9;1333.00;1
2941;9;622095853;2941;283;3935;3935;7.50;0.46;261.10;3.57;994;9;1334.00;0
2943;9;622095866;2943;288;3935;3935;7.43;0.45;261.34;3.57;992;9;1335.00;0
2945;9;622095879;2945;291;3935;3935;7.32;0.45;261.37;3.57;990;9;1336.00;0
2947;9;622095891;2947;293;3935;3935;7.26;0.44;261.58;3.57;988;9;1337.00;0
2952;9;622095903;2952;297;3939;3939;7.17;0.44;261.74;3.56;987;9;1338.00;0
2953;9;622095916;2953;294;3939;3939;7.17;0.44;261.69;3.56;986;9;1339.00;0
2955;9;622095928;2955;293;3943;3943;7.25;0.44;261.84;3.56;988;9;1340.00;0
2956;9;622095941;2956;291;3944;3944;7.24;0.44;261.85;3.56;988;9;1341.00;0
2960;9;622095953;2960;290;3944;3944;7.29;0.44;261.89;3.56;984;9;1342.00;0
2964;9;622095965;2964;288;3944;3944;7.29;0.44;261.90;3.56;980;9;1343.00;0
2967;9;622095978;2967;291;3957;3957;7.29;0.44;262.12;3.55;990;9;1344.00;0
2969;9;622095991;2969;285;3957;3957;7.35;0.45;262.16;3.55;988;9;1345.00;0
2971;9;622096003;2971;278;3957;3957;7.41;0.45;262.30;3.55;986;9;1346.00;0
2973;9;622096015;2973;271;3958;3958;7.53;0.46;262.31;3.55;985;9;1347.00;0
2974;9;622096027;2974;268;3959;3959;7.58;0.46;262.50;3.55;985;9;1348.00;0
2977;9;622096039;2977;266;3959;3959;7.56;0.46;262.50;3.55;982;9;1349.00;0
2980;9;622096062;2980;268;3965;3968;7.56;0.46;262.60;3.54;985;9;1350.00;3
2980;9;622096077;2980;270;3965;3968;7.55;0.46;262.60;3.54;985;9;1351.00;3
2987;9;622096090;2987;275;3967;3968;7.51;0.46;262.91;3.54;980;9;1352.00;1
2990;9;622096101;2990;279;3967;3968;7.47;0.46;263.17;3.54;977;9;1353.00;1
2995;9;622096113;2995;280;3973;3974;7.43;0.45;263.11;3.54;978;9;1354.00;1
3001;9;622096125;3001;281;3974;3974;7.27;0.44;263.34;3.54;973;9;1355.00;0
3004;9;622096136;3004;279;3974;3974;7.13;0.44;263.39;3.54;970;9;1356.00;0
3006;9;622096148;3006;283;3974;3974;7.00;0.43;263.47;3.54;968;9;1357.00;0
3013;9;622096160;3013;284;3978;3978;6.84;0.42;263.57;3.53;965;9;1358.00;0
3017;9;622096172;3017;290;3979;3979;6.74;0.41;263.48;3.53;962;9;1359.00;0
3025;9;622096183;3025;280;3979;3979;6.62;0.40;263.39;3.53;954;9;1360.00;0
3029;9;622096194;3029;277;3980;3980;6.59;0.40;263.54;3.53;951;9;1361.00;0
3031;9;622096205;3031;271;3980;3980;6.55;0.40;263.66;3.53;949;9;1362.00;0
3036;9;622096216;3036;270;3980;3980;6.56;0.40;263.65;3.53;944;9;1363.00;0
3040;9;622096227;3040;272;3980;3980;6.57;0.40;263.81;3.53;940;9;1364.00;0
3044;9;622096238;3044;266;3980;3980;6.56;0.40;263.96;3.53;936;9;1365.00;0
3049;9;622096250;3049;270;3980;3980;6.53;0.40;264.05;3.53;931;9;1366.00;0
3052;9;622096260;3052;262;3980;3980;6.62;0.41;264.24;3.53;928;9;1367.00;0
3055;9;622096271;3055;258;4018;4050;6.85;0.42;264.20;3.50;963;9;1368.00;32
3059;9;622096289;3059;256;4022;4051;6.89;0.42;264.50;3.50;963;9;1369.00;29
3064;9;622096300;3064;260;4029;4051;6.99;0.43;264.63;3.49;965;9;1370.00;22
3067;9;622096312;3067;260;4029;4051;7.05;0.43;264.65;3.49;962;9;1371.00;22
3070;9;622096324;3070;260;4032;4051;7.06;0.43;264.89;3.49;962;9;1372.00;19
3074;9;622096336;3074;265;4035;4051;7.10;0.44;265.08;3.50;961;9;1373.00;16
3079;9;622096350;3079;264;4037;4051;7.10;0.44;265.18;3.50;958;9;1374.00;14
3085;9;622096368;3085;270;4040;4051;7.05;0.43;265.22;3.50;955;9;1375.00;11
3089;9;622096381;3089;277;4043;4052;6.96;0.43;265.52;3.50;954;9;1376.00;9
3095;9;622096394;3095;277;4046;4053;6.92;0.42;265.64;3.51;951;9;1377.00;7
3097;9;622096405;3097;290;4047;4053;6.96;0.43;265.54;3.51;950;9;1378.00;6
3102;9;622096417;3102;289;4051;4057;6.88;0.42;265.81;3.51;949;9;1379.00;6
3108;9;622096431;3108;292;4052;4057;6.83;0.42;265.99;3.51;944;9;1380.00;5
3112;9;622096443;3112;297;4052;4057;6.82;0.42;266.15;3.51;940;9;1381.00;5
3120;9;622096456;3120;300;4053;4057;6.82;0.42;266.44;3.51;933;9;1382.00;4
3125;9;622096469;3125;298;4060;4063;6.81;0.42;266.69;3.51;935;9;1383.00;3
3127;9;622096482;3127;299;4061;4063;6.82;0.42;266.61;3.51;934;9;1384.00;2
3134;9;622096494;3134;305;4061;4063;6.74;0.41;266.71;3.51;927;9;1385.00;2
3140;9;622096514;3140;306;4063;4066;6.70;0.41;266.89;3.51;923;9;1386.00;3
3143;9;622096527;3143;312;4063;4066;6.64;0.41;267.07;3.51;920;9;1387.00;3
3148;9;622096538;3148;309;4064;4066;6.61;0.41;267.27;3.51;916;9;1388.00;2
3155;9;622096550;3155;315;4065;4067;6.44;0.39;267.51;3.51;910;9;1389.00;2
3156;9;622096562;3156;314;4067;4068;6.34;0.39;267.56;3.51;911;9;1390.00;1
3158;9;622096573;3158;324;4067;4068;6.26;0.38;267.69;3.51;909;9;1391.00;1
3161;9;622096585;3161;336;4081;4081;6.33;0.39;267.65;3.50;920;9;1392.00;0
3163;9;622096598;3163;339;4081;4081;6.27;0.39;267.63;3.50;918;9;1393.00;0
3168;9;622096608;3168;343;4081;4081;6.19;0.38;267.63;3.50;913;9;1394.00;0
3172;9;622096619;3172;343;4083;4083;6.18;0.38;267.77;3.50;911;9;1395.00;0
3177;9;622096630;3177;347;4083;4083;6.15;0.38;267.60;3.50;906;9;1396.00;0
3180;9;622096642;3180;351;4087;4087;6.12;0.38;267.63;3.50;907;9;1397.00;0
3184;9;622096654;3184;355;4087;4087;6.00;0.37;267.68;3.50;903;9;1398.00;0
3185;9;622096666;3185;364;4091;4091;6.01;0.37;267.65;3.50;906;9;1399.00;0
3189;9;622096678;3189;362;4091;4091;5.92;0.36;267.66;3.50;902;9;1400.00;0
3190;9;622096695;3190;371;4091;4091;5.88;0.36;267.82;3.50;901;9;1401.00;0
3194;9;622096707;3194;382;4091;4091;5.84;0.36;267.95;3.50;897;9;1402.00;0
3195;9;622096718;3195;387;4091;4091;5.82;0.36;267.95;3.50;896;9;1403.00;0
3196;9;622096729;3196;392;4102;4103;5.94;0.36;267.91;3.49;906;9;1404.00;1
3197;9;622096740;3197;401;4102;4103;5.89;0.36;267.86;3.49;905;9;1405.00;1
3198;9;622096751;3198;406;4103;4103;5.86;0.36;267.90;3.49;905;9;1406.00;0
3203;9;622096761;3203;397;4103;4103;5.74;0.35;267.80;3.49;900;9;1407.00;0
3204;9;622096773;3204;390;4103;4103;5.73;0.35;267.84;3.49;899;9;1408.00;0
3205;9;622096783;3205;383;4103;4103;5.75;0.35;267.88;3.49;898;9;1409.00;0
3208;9;622096796;3208;377;4104;4104;5.74;0.35;267.80;3.49;896;9;1410.00;0
3209;9;622096808;3209;378;4104;4104;5.76;0.35;267.74;3.49;895;9;1411.00;0
3211;9;622096819;3211;380;4110;4110;5.83;0.36;267.77;3.48;899;9;1412.00;0
3217;9;622096831;3217;380;4111;4111;5.83;0.36;267.64;3.48;894;9;1413.00;0
3218;9;622096843;3218;380;4111;4111;5.89;0.36;267.64;3.48;893;9;1414.00;0
3220;9;622096853;3220;379;4111;4111;5.92;0.36;267.60;3.48;891;9;1415.00;0
3221;9;622096864;3221;362;4115;4115;5.99;0.37;267.62;3.48;894;9;1416.00;0
3225;9;622096877;3225;354;4115;4115;6.05;0.37;267.69;3.48;890;9;1417.00;0
3225;9;622096888;3225;351;4115;4115;6.20;0.38;267.69;3.48;890;9;1418.00;0
3227;9;622096899;3227;342;4116;4116;6.37;0.39;267.60;3.48;889;9;1419.00;0
3228;9;622096912;3228;344;4120;4120;6.47;0.39;267.62;3.48;892;9;1420.00;0
3232;9;622096923;3232;345;4120;4120;6.56;0.40;267.69;3.48;888;9;1421.00;0
3233;9;622096937;3233;344;4122;4123;6.66;0.40;267.73;3.47;889;9;1422.00;1
3235;9;622096952;3235;349;4122;4123;6.72;0.41;267.78;3.47;887;9;1423.00;1
3236;9;622096967;3236;349;4123;4123;6.79;0.41;267.81;3.47;887;9;1424.00;0
3239;9;622096979;3239;349;4123;4123;6.81;0.41;267.91;3.47;884;9;1425.00;0
3239;9;622096990;3239;352;4127;4127;6.95;0.42;267.91;3.47;888;10;1426.00;0
3239;9;622097022;3239;355;4127;4127;6.99;0.42;267.91;3.47;888;10;1427.00;0
3242;9;622097035;3242;357;4127;4127;7.02;0.43;267.89;3.47;885;10;1428.00;0
3247;9;622097048;3247;352;4127;4127;7.03;0.43;267.78;3.47;880;10;1429.00;0
3247;9;622097060;3247;351;4128;4128;7.09;0.43;267.78;3.47;881;10;1430.00;0
3248;9;622097071;3248;353;4129;4129;7.15;0.43;267.74;3.47;881;10;1431.00;0
3248;9;622097083;3248;350;4129;4129;7.17;0.44;267.74;3.47;881;10;1432.00;0
3249;9;622097095;3249;348;4130;4130;7.20;0.44;267.74;3.47;881;10;1433.00;0
3249;9;622097106;3249;353;4130;4130;7.18;0.44;267.74;3.47;881;10;1434.00;0
3250;9;622097116;3250;336;4130;4130;7.19;0.44;267.79;3.47;880;10;1435.00;0
3251;9;622097127;3251;331;4130;4130;7.22;0.44;267.87;3.47;879;10;1436.00;0
3252;9;622097139;3252;330;4130;4130;7.21;0.44;267.91;3.47;878;10;1437.00;0
3253;9;622097150;3253;327;4130;4130;7.19;0.44;267.91;3.47;877;10;1438.00;0
3255;9;622097162;3255;322;4130;4130;7.23;0.44;267.91;3.47;875;10;1439.00;0
3256;9;622097174;3256;380;4257;4360;7.22;0.45;267.94;3.37;1001;10;1440.00;103
3258;9;622097206;3258;359;4260;4361;7.23;0.45;268.00;3.37;1002;10;1441.00;101
3259;9;622097232;3259;344;4270;4361;7.37;0.46;267.99;3.36;1011;10;1442.00;91
3262;9;622097246;3262;336;4274;4361;7.37;0.46;267.92;3.36;1012;10;1443.00;87
3263;9;622097259;3263;331;4281;4361;7.45;0.46;267.95;3.36;1018;10;1444.00;80
3266;9;622097273;3266;329;4285;4361;7.46;0.46;268.00;3.36;1019;10;1445.00;76
3267;9;622097297;3267;324;4292;4361;7.50;0.46;268.03;3.37;1025;10;1446.00;69
3270;9;622097318;3270;325;4297;4361;7.51;0.46;268.04;3.37;1027;10;1447.00;64
3273;9;622097332;3273;331;4302;4362;7.50;0.46;268.08;3.38;1029;10;1448.00;60
3273;9;622097347;3273;337;4306;4363;7.50;0.46;268.08;3.38;1033;10;1449.00;57
3274;9;622097361;3274;327;4313;4363;7.42;0.46;268.18;3.39;1039;10;1450.00;50
3278;9;622097380;3278;328;4316;4364;7.34;0.45;268.26;3.40;1038;10;1451.00;48
3280;9;622097399;3280;321;4318;4364;7.29;0.45;268.30;3.40;1038;10;1452.00;46
3280;9;622097426;3280;319;4321;4364;7.28;0.45;268.30;3.41;1041;10;1453.00;43
3281;9;622097444;3281;316;4323;4364;7.30;0.45;268.36;3.41;1042;10;1454.00;41
3283;9;622097463;3283;323;4325;4368;7.26;0.44;268.36;3.42;1042;10;1455.00;43
3286;9;622097482;3286;314;4326;4368;7.24;0.44;268.50;3.42;1040;10;1456.00;42
3287;9;622097498;3287;320;4327;4368;7.30;0.44;268.61;3.42;1040;10;1457.00;41
3290;9;622097511;3290;317;4329;4371;7.28;0.44;268.67;3.42;1039;10;1458.00;42
3291;9;622097525;3291;321;4330;4371;7.28;0.44;268.64;3.42;1039;10;1459.00;41
3292;9;622097537;3292;319;4330;4371;7.36;0.45;268.71;3.42;1038;10;1460.00;41
3294;9;622097549;3294;317;4334;4375;7.37;0.45;268.67;3.43;1040;10;1461.00;41
3294;9;622097562;3294;313;4335;4376;7.38;0.45;268.67;3.43;1041;10;1462.00;41
3298;9;622097576;3298;309;4339;4376;7.31;0.45;268.69;3.44;1041;10;1463.00;37
3302;9;622097597;3302;310;4341;4380;7.25;0.44;268.71;3.44;1039;10;1464.00;39
3306;9;622097611;3306;311;4343;4380;7.20;0.44;268.86;3.45;1037;10;1465.00;37
3310;9;622097624;3310;301;4343;4380;7.20;0.44;268.92;3.45;1033;10;1466.00;37
3313;9;622097637;3313;301;4343;4381;7.23;0.44;269.19;3.45;1030;10;1467.00;38
3315;9;622097650;3315;295;4344;4381;7.28;0.44;269.26;3.46;1029;10;1468.00;37
3316;9;622097663;3316;291;4347;4387;7.32;0.44;269.32;3.46;1031;10;1469.00;40
3318;9;622097687;3318;288;4349;4387;7.36;0.45;269.35;3.47;1031;10;1470.00;38
3318;9;622097701;3318;291;4350;4388;7.44;0.45;269.35;3.48;1032;10;1471.00;38
3323;9;622097715;3323;292;4351;4388;7.47;0.45;269.20;3.48;1028;10;1472.00;37
3327;9;622097734;3327;283;4351;4388;7.49;0.45;269.22;3.48;1024;10;1473.00;37
3329;9;622097748;3329;283;4352;4388;7.53;0.46;269.19;3.49;1023;10;1474.00;36
3331;9;622097761;3331;280;4355;4388;7.57;0.46;269.34;3.51;1024;10;1475.00;33
3331;9;622097773;3331;278;4365;4400;7.63;0.46;269.34;3.51;1034;10;1476.00;35
3332;9;622097795;3332;280;4366;4400;7.66;0.47;269.37;3.52;1034;10;1477.00;34
3334;9;622097809;3334;281;4369;4400;7.77;0.47;269.33;3.53;1035;10;1478.00;31
3336;9;622097831;3336;283;4372;4400;7.79;0.47;269.41;3.54;1036;10;1479.00;28
3339;9;622097844;3339;278;4372;4400;7.82;0.47;269.46;3.54;1033;10;1480.00;28
3342;9;622097858;3342;280;4375;4400;7.79;0.47;269.64;3.56;1033;10;1481.00;25
3342;9;622097877;3342;282;4379;4404;7.78;0.47;269.64;3.56;1037;10;1482.00;25
3343;9;622097891;3343;288;4382;4404;7.74;0.47;269.64;3.57;1039;10;1483.00;22
3345;9;622097904;3345;286;4385;4408;7.74;0.47;269.60;3.57;1040;10;1484.00;23
3348;9;622097917;3348;291;4388;4410;7.77;0.47;269.70;3.58;1040;10;1485.00;22
3354;9;622097931;3354;289;4389;4410;7.72;0.47;270.16;3.58;1035;10;1486.00;21
3355;9;622097946;3355;292;4390;4410;7.73;0.47;270.18;3.59;1035;10;1487.00;20
3359;9;622097960;3359;296;4400;4423;7.76;0.47;270.39;3.59;1041;10;1488.00;23
3361;9;622097974;3361;301;4401;4423;7.72;0.47;270.50;3.60;1040;10;1489.00;22
3363;9;622097986;3363;307;4402;4423;7.72;0.47;270.63;3.61;1039;10;1490.00;21
3366;9;622097999;3366;307;4405;4424;7.70;0.47;270.52;3.63;1039;10;1491.00;19
3368;9;622098012;3368;310;4405;4425;7.66;0.47;270.70;3.63;1037;10;1492.00;20
3369;9;622098025;3369;318;4407;4425;7.65;0.47;270.72;3.65;1038;10;1493.00;18
3371;9;622098041;3371;322;4410;4428;7.65;0.47;270.71;3.66;1039;10;1494.00;18
3373;9;622098055;3373;326;4413;4428;7.63;0.47;270.77;3.69;1040;10;1495.00;15
3380;9;622098077;3380;329;4415;4428;7.62;0.47;270.77;3.70;1035;10;1496.00;13
3382;9;622098091;3382;330;4417;4428;7.65;0.47;270.84;3.72;1035;10;1497.00;11
3384;9;622098103;3384;331;4423;4434;7.68;0.47;270.91;3.73;1039;10;1498.00;11
3386;9;622098117;3386;340;4425;4434;7.68;0.47;271.01;3.75;1039;10;1499.00;9
3390;9;622098133;3390;341;4431;4453;7.63;0.46;271.08;3.75;1041;10;1500.00;22
3392;9;622098153;3392;337;4431;4453;7.59;0.46;271.29;3.75;1039;10;1501.00;22
3397;9;622098165;3397;342;4436;4457;7.45;0.45;271.48;3.75;1039;10;1502.00;21
3403;9;622098179;3403;339;4437;4458;7.37;0.45;271.56;3.75;1034;10;1503.00;21
3405;9;622098192;3405;345;4438;4458;7.33;0.45;271.62;3.76;1033;10;1504.00;20
3409;9;622098206;3409;346;4442;4459;7.27;0.44;271.67;3.77;1033;10;1505.00;17
3409;9;622098219;3409;350;4444;4459;7.22;0.44;271.67;3.77;1035;10;1506.00;15
3413;9;622098231;3413;351;4446;4459;7.21;0.44;271.54;3.77;1033;10;1507.00;13
3415;9;622098244;3415;356;4447;4459;7.18;0.44;271.55;3.77;1032;10;1508.00;12
3415;9;622098257;3415;348;4447;4459;7.23;0.44;271.55;3.77;1032;10;1509.00;12
3418;9;622098269;3418;341;4447;4459;7.22;0.44;271.49;3.77;1029;10;1510.00;12
3421;9;622098281;3421;340;4448;4459;7.22;0.44;271.53;3.77;1027;10;1511.00;11
3424;9;622098293;3424;344;4482;4529;7.23;0.44;271.69;3.75;1058;10;1512.00;47
3427;9;622098312;3427;334;4489;4530;7.20;0.44;271.74;3.75;1062;10;1513.00;41
3434;9;622098333;3434;325;4497;4530;7.19;0.44;271.74;3.75;1063;10;1514.00;33
3435;9;622098347;3435;324;4499;4530;7.24;0.44;271.88;3.75;1064;10;1515.00;31
3439;9;622098359;3439;326;4502;4530;7.26;0.44;271.91;3.75;1063;10;1516.00;28
3441;9;622098373;3441;325;4504;4530;7.24;0.44;272.06;3.75;1063;10;1517.00;26
3443;9;622098387;3443;326;4506;4530;7.20;0.44;272.14;3.75;1063;10;1518.00;24
3446;9;622098401;3446;328;4508;4530;7.18;0.44;272.09;3.75;1062;10;1519.00;22
3450;9;622098413;3450;335;4510;4531;7.18;0.44;272.10;3.76;1060;10;1520.00;21
3452;9;622098425;3452;336;4511;4532;7.14;0.44;272.17;3.76;1059;10;1521.00;21
3456;9;622098439;3456;345;4513;4532;7.12;0.43;272.25;3.76;1057;10;1522.00;19
3460;9;622098451;3460;349;4518;4536;7.06;0.43;272.32;3.76;1058;10;1523.00;18
3465;9;622098466;3465;352;4520;4536;6.97;0.43;272.48;3.77;1055;10;1524.00;16
3466;9;622098479;3466;357;4521;4536;6.92;0.42;272.41;3.77;1055;10;1525.00;15
3469;9;622098491;3469;362;4522;4536;6.82;0.42;272.52;3.77;1053;10;1526.00;14
3472;9;622098503;3472;364;4526;4542;6.70;0.41;272.66;3.77;1054;10;1527.00;16
3477;9;622098515;3477;373;4527;4542;6.49;0.40;272.65;3.78;1050;10;1528.00;15
3480;9;622098527;3480;383;4527;4542;6.36;0.39;272.61;3.78;1047;10;1529.00;15
3484;9;622098540;3484;374;4530;4548;6.31;0.39;272.63;3.78;1046;10;1530.00;18
3487;9;622098553;3487;365;4530;4548;6.31;0.39;272.70;3.78;1043;10;1531.00;18
3490;9;622098566;3490;361;4532;4548;6.29;0.39;272.86;3.78;1042;10;1532.00;16
3494;9;622098588;3494;354;4535;4549;6.28;0.38;272.91;3.79;1041;10;1533.00;14
3497;9;622098600;3497;360;4537;4550;6.33;0.39;273.08;3.80;1040;10;1534.00;13
3501;9;622098613;3501;357;4538;4550;6.35;0.39;273.23;3.80;1037;10;1535.00;12
3506;9;622098627;3506;357;4550;4563;6.37;0.39;273.22;3.79;1044;10;1536.00;13
3512;9;622098643;3512;344;4550;4563;6.34;0.39;273.16;3.79;1038;10;1537.00;13
3515;9;622098655;3515;333;4551;4563;6.33;0.39;273.12;3.79;1036;10;1538.00;12
3519;9;622098668;3519;333;4554;4564;6.29;0.39;273.09;3.80;1035;10;1539.00;10
3522;9;622098681;3522;338;4556;4564;6.25;0.38;273.22;3.82;1034;10;1540.00;8
3525;9;622098694;3525;340;4561;4568;6.25;0.38;273.28;3.82;1036;10;1541.00;7
3529;9;622098707;3529;329;4563;4568;6.26;0.38;273.34;3.83;1034;10;1542.00;5
3534;9;622098720;3534;334;4567;4572;6.19;0.38;273.60;3.83;1033;10;1543.00;5
3537;9;622098733;3537;330;4572;4572;6.18;0.38;273.55;3.83;1035;10;1544.00;0
3544;9;622098745;3544;340;4572;4572;6.11;0.37;273.79;3.83;1028;10;1545.00;0
3548;9;622098758;3548;343;4572;4572;6.06;0.37;273.76;3.83;1024;10;1546.00;0
3551;9;622098770;3551;348;4572;4572;6.00;0.37;273.87;3.83;1021;10;1547.00;0
3556;9;622098782;3556;350;4584;4584;5.98;0.37;274.04;3.82;1028;10;1548.00;0
3558;9;622098795;3558;355;4584;4584;5.97;0.37;273.98;3.82;1026;10;1549.00;0
3560;9;622098808;3560;366;4584;4584;5.98;0.37;274.04;3.82;1024;10;1550.00;0
3562;9;622098821;3562;374;4584;4584;5.97;0.37;274.09;3.82;1022;10;1551.00;0
3566;9;622098834;3566;380;4584;4584;5.96;0.37;274.10;3.82;1018;10;1552.00;0
3573;9;622098846;3573;384;4584;4584;5.87;0.36;274.03;3.82;1011;10;1553.00;0
3575;9;622098858;3575;387;4585;4585;5.80;0.35;274.01;3.82;1010;10;1554.00;0
3579;9;622098870;3579;389;4587;4587;5.71;0.35;274.19;3.82;1008;10;1555.00;0
3582;9;622098882;3582;398;4593;4593;5.60;0.34;274.22;3.82;1011;10;1556.00;0
3585;9;622098895;3585;403;4594;4594;5.57;0.34;274.20;3.82;1009;10;1557.00;0
3586;9;622098907;3586;406;4594;4594;5.60;0.34;274.27;3.82;1008;10;1558.00;0
3589;9;622098918;3589;412;4594;4594;5.56;0.34;274.32;3.82;1005;10;1559.00;0
3593;9;622098933;3593;410;4599;4599;5.49;0.34;274.41;3.81;1006;10;1560.00;0
3598;9;622098955;3598;414;4599;4599;5.46;0.33;274.43;3.81;1001;10;1561.00;0
3604;9;622098969;3604;427;4599;4599;5.34;0.33;274.37;3.81;995;10;1562.00;0
3607;9;622098980;3607;426;4600;4600;5.32;0.33;274.38;3.81;993;10;1563.00;0
3610;9;622098992;3610;428;4604;4604;5.29;0.32;274.34;3.81;994;10;1564.00;0
3617;9;622099005;3617;435;4604;4604;5.17;0.32;274.35;3.81;987;10;1565.00;0
3620;9;622099018;3620;440;4606;4607;5.12;0.31;274.31;3.81;986;10;1566.00;1
3623;9;622099029;3623;442;4606;4607;5.08;0.31;274.37;3.81;983;10;1567.00;1
3628;9;622099040;3628;439;4607;4607;5.03;0.31;274.31;3.81;979;10;1568.00;0
3630;9;622099051;3630;448;4607;4607;5.01;0.31;274.43;3.81;977;10;1569.00;0
3634;9;622099061;3634;449;4611;4611;4.99;0.31;274.42;3.81;977;10;1570.00;0
3635;9;622099072;3635;455;4611;4611;4.91;0.30;274.48;3.81;976;10;1571.00;0
3637;9;622099089;3637;459;4611;4611;4.84;0.30;274.44;3.81;974;10;1572.00;0
3640;9;622099100;3640;464;4611;4611;4.78;0.29;274.49;3.81;971;10;1573.00;0
3641;9;622099111;3641;465;4612;4612;4.76;0.29;274.45;3.80;971;10;1574.00;0
3642;9;622099122;3642;470;4614;4614;4.74;0.29;274.41;3.80;972;10;1575.00;0
3643;9;622099132;3643;475;4614;4614;4.69;0.29;274.37;3.80;971;10;1576.00;0
3644;9;622099144;3644;468;4615;4615;4.70;0.29;274.30;3.80;971;10;1577.00;0
3648;9;622099155;3648;466;4615;4615;4.71;0.29;274.15;3.80;967;10;1578.00;0
3648;9;622099166;3648;459;4615;4615;4.75;0.29;274.15;3.80;967;10;1579.00;0
3649;9;622099177;3649;459;4615;4615;4.80;0.30;274.11;3.80;966;10;1580.00;0
3652;9;622099189;3652;461;4615;4615;4.87;0.30;274.19;3.80;963;10;1581.00;0
3654;9;622099199;3654;464;4615;4615;4.95;0.30;274.18;3.80;961;10;1582.00;0
3654;9;622099210;3654;464;4615;4615;5.04;0.31;274.18;3.80;961;10;1583.00;0
3656;9;622099224;3656;482;4690;4742;5.49;0.34;274.16;3.74;1034;10;1584.00;52
3658;9;622099246;3658;471;4693;4743;5.55;0.35;274.22;3.74;1035;10;1585.00;50
3659;9;622099264;3659;446;4702;4743;5.70;0.35;274.24;3.74;1043;10;1586.00;41
3663;9;622099277;3663;415;4705;4743;5.78;0.36;274.11;3.74;1042;10;1587.00;38
3666;9;622099288;3666;390;4710;4743;5.82;0.36;274.03;3.74;1044;10;1588.00;33
3667;9;622099301;3667;380;4712;4743;5.86;0.36;274.01;3.74;1045;10;1589.00;31
3669;9;622099316;3669;368;4715;4743;5.92;0.37;274.02;3.74;1046;10;1590.00;28
3670;9;622099329;3670;360;4718;4743;6.08;0.37;274.04;3.74;1048;10;1591.00;25
3670;9;622099341;3670;351;4720;4744;6.23;0.38;274.04;3.74;1050;10;1592.00;24
3672;9;622099354;3672;356;4724;4745;6.32;0.39;274.12;3.75;1052;10;1593.00;21
3673;9;622099381;3673;348;4726;4745;6.44;0.40;274.08;3.75;1053;10;1594.00;19
3674;9;622099399;3674;351;4729;4746;6.55;0.40;274.09;3.75;1055;10;1595.00;17
3675;9;622099418;3675;350;4731;4746;6.63;0.41;274.09;3.76;1056;10;1596.00;15
3677;9;622099437;3677;350;4732;4746;6.66;0.41;274.14;3.76;1055;10;1597.00;14
3678;9;622099466;3678;355;4733;4746;6.66;0.41;274.12;3.76;1055;10;1598.00;13
3678;9;622099486;3678;358;4737;4750;6.73;0.41;274.12;3.77;1059;10;1599.00;13
3681;9;622099504;3681;359;4741;4750;6.79;0.41;274.08;3.77;1060;10;1600.00;9
3681;9;622099524;3681;358;4744;4750;6.86;0.42;274.08;3.78;1063;10;1601.00;6
3682;9;622099540;3682;359;4745;4753;6.94;0.42;274.10;3.78;1063;10;1602.00;8
3683;9;622099555;3683;353;4747;4753;7.04;0.43;274.11;3.78;1064;10;1603.00;6
3686;9;622099570;3686;353;4747;4753;7.09;0.43;274.13;3.78;1061;10;1604.00;6
3687;9;622099596;3687;350;4750;4757;7.13;0.43;274.17;3.78;1063;10;1605.00;7
3689;9;622099611;3689;345;4753;4758;7.23;0.44;274.14;3.78;1064;10;1606.00;5
3691;9;622099626;3691;339;4753;4758;7.32;0.45;274.08;3.78;1062;10;1607.00;5
3696;9;622099640;3696;332;4757;4762;7.33;0.45;274.02;3.78;1061;10;1608.00;5
3699;9;622099655;3699;333;4758;4762;7.32;0.44;274.13;3.78;1059;10;1609.00;4
3701;9;622099670;3701;330;4758;4762;7.31;0.44;274.15;3.78;1057;10;1610.00;4
3707;9;622099685;3707;331;4759;4763;7.27;0.44;274.45;3.78;1052;10;1611.00;4
3709;9;622099700;3709;327;4759;4763;7.29;0.44;274.43;3.78;1050;10;1612.00;4
3712;9;622099713;3712;327;4764;4769;7.31;0.44;274.44;3.78;1052;10;1613.00;5
3715;9;622099727;3715;328;4764;4769;7.31;0.44;274.55;3.78;1049;10;1614.00;5
3717;9;622099741;3717;329;4764;4770;7.32;0.44;274.54;3.78;1047;10;1615.00;6
3719;9;622099755;3719;327;4764;4770;7.29;0.44;274.73;3.78;1045;10;1616.00;6
3722;9;622099769;3722;323;4764;4770;7.29;0.44;275.02;3.78;1042;10;1617.00;6
3723;9;622099783;3723;326;4764;4770;7.32;0.44;275.00;3.78;1041;10;1618.00;6
3724;9;622099797;3724;327;4764;4770;7.36;0.45;275.09;3.78;1040;10;1619.00;6
3725;9;622099814;3725;322;4791;4806;7.45;0.45;275.08;3.76;1066;10;1620.00;15
3728;9;622099831;3728;319;4791;4806;7.48;0.46;275.34;3.76;1063;10;1621.00;15
3731;9;622099846;3731;318;4795;4806;7.60;0.46;275.60;3.76;1064;10;1622.00;11
3734;9;622099860;3734;317;4795;4806;7.66;0.47;275.67;3.76;1061;10;1623.00;11
3740;9;622099873;3740;313;4796;4806;7.68;0.47;275.75;3.76;1056;10;1624.00;10
3742;9;622099888;3742;312;4797;4806;7.68;0.47;275.93;3.76;1055;10;1625.00;9
3745;9;622099901;3745;303;4800;4810;7.63;0.46;276.10;3.76;1055;10;1626.00;10
3747;9;622099922;3747;300;4800;4810;7.62;0.46;276.14;3.76;1053;10;1627.00;10
3751;9;622099938;3751;304;4804;4814;7.62;0.46;276.31;3.75;1053;10;1628.00;10
3754;9;622099954;3754;302;4805;4815;7.57;0.46;276.32;3.75;1051;10;1629.00;10
3756;9;622099968;3756;305;4805;4815;7.51;0.46;276.42;3.75;1049;10;1630.00;10
3759;9;622099981;3759;298;4805;4815;7.40;0.45;276.58;3.75;1046;10;1631.00;10
3763;9;622100001;3763;295;4816;4828;7.31;0.45;276.80;3.75;1053;10;1632.00;12
3765;9;622100017;3765;290;4816;4828;7.25;0.44;276.81;3.75;1051;10;1633.00;12
3770;9;622100030;3770;295;4816;4828;7.23;0.44;276.89;3.75;1046;10;1634.00;12
3774;9;622100042;3774;291;4818;4829;7.20;0.44;276.89;3.75;1044;10;1635.00;11
3779;9;622100057;3779;289;4818;4830;7.29;0.44;277.03;3.75;1039;10;1636.00;12
3781;9;622100070;3781;288;4818;4830;7.30;0.44;277.03;3.75;1037;10;1637.00;12
3786;9;622100084;3786;286;4820;4833;7.33;0.44;277.08;3.75;1034;10;1638.00;13
3789;9;622100098;3789;289;4821;4833;7.38;0.45;277.14;3.75;1032;10;1639.00;12
3793;9;622100112;3793;287;4821;4833;7.41;0.45;277.07;3.75;1028;10;1640.00;12
3795;9;622100125;3795;283;4821;4833;7.45;0.45;277.14;3.75;1026;10;1641.00;12
3798;9;622100138;3798;283;4826;4839;7.55;0.46;277.12;3.75;1028;10;1642.00;13
3803;9;622100158;3803;280;4826;4839;7.52;0.45;277.19;3.75;1023;10;1643.00;13
3805;9;622100173;3805;282;4826;4839;7.54;0.45;277.21;3.75;1021;10;1644.00;13
3807;9;622100186;3807;285;4826;4839;7.55;0.46;277.23;3.75;1019;10;1645.00;13
3809;9;622100199;3809;285;4829;4843;7.53;0.45;277.26;3.75;1020;10;1646.00;14
3810;9;622100215;3810;289;4830;4844;7.55;0.46;277.36;3.75;1020;10;1647.00;14
3812;9;622100228;3812;292;4831;4844;7.55;0.46;277.37;3.75;1019;10;1648.00;13
3813;9;622100247;3813;295;4832;4845;7.62;0.46;277.47;3.75;1019;10;1649.00;13
3815;9;622100262;3815;290;4832;4845;7.63;0.46;277.57;3.75;1017;10;1650.00;13
3818;9;622100276;3818;298;4832;4845;7.65;0.46;277.79;3.75;1014;10;1651.00;13
3819;9;622100289;3819;296;4832;4845;7.64;0.46;277.77;3.75;1013;10;1652.00;13
3820;9;622100302;3820;294;4832;4845;7.61;0.46;277.90;3.75;1012;10;1653.00;13
3821;9;622100315;3821;288;4832;4845;7.59;0.46;278.00;3.75;1011;10;1654.00;13
3821;9;622100328;3821;286;4832;4845;7.62;0.46;278.00;3.75;1011;10;1655.00;13
3823;9;622100340;3823;289;4871;4915;7.68;0.47;277.99;3.73;1048;10;1656.00;44
3831;9;622100360;3831;290;4871;4916;7.72;0.47;278.11;3.73;1040;10;1657.00;45
3834;9;622100374;3834;283;4876;4916;7.75;0.47;278.26;3.73;1042;10;1658.00;40
3837;9;622100388;3837;283;4879;4916;7.79;0.48;278.41;3.73;1042;10;1659.00;37
3840;9;622100400;3840;279;4885;4916;7.80;0.48;278.51;3.75;1045;10;1660.00;31
3845;9;622100413;3845;282;4885;4916;7.75;0.47;278.57;3.75;1040;10;1661.00;31
3845;9;622100427;3845;278;4890;4916;7.79;0.48;278.57;3.75;1045;10;1662.00;26
3852;10;622100440;3852;278;4892;4916;7.66;0.47;278.89;3.77;1040;11;1663.00;24
3854;10;622100461;3854;280;4895;4917;7.66;0.47;278.85;3.77;1041;11;1664.00;22
3856;10;622100480;3856;281;4901;4919;7.62;0.46;278.87;3.78;1045;11;1665.00;18
3859;10;622100494;3859;289;4903;4919;7.58;0.46;278.98;3.79;1044;11;1666.00;16
3863;10;622100507;3863;290;4907;4923;7.56;0.46;279.14;3.79;1044;11;1667.00;16
3865;10;622100520;3865;298;4910;4923;7.50;0.46;279.13;3.80;1045;11;1668.00;13
3869;10;622100532;3869;297;4911;4923;7.46;0.46;279.26;3.80;1042;11;1669.00;12
3870;10;622100545;3870;305;4911;4923;7.48;0.46;279.30;3.80;1041;11;1670.00;12
3871;10;622100558;3871;316;4918;4929;7.51;0.46;279.29;3.81;1047;11;1671.00;11
3873;10;622100572;3873;315;4918;4929;7.47;0.46;279.37;3.81;1045;11;1672.00;11
3875;10;622100592;3875;326;4918;4929;7.49;0.46;279.42;3.81;1043;11;1673.00;11
3877;10;622100612;3877;328;4920;4932;7.55;0.46;279.56;3.80;1043;11;1674.00;12
3879;10;622100626;3879;335;4920;4932;7.50;0.46;279.48;3.80;1041;11;1675.00;12
3882;10;622100639;3882;336;4924;4932;7.45;0.45;279.39;3.83;1042;11;1676.00;8
3884;10;622100651;3884;341;4925;4933;7.39;0.45;279.50;3.84;1041;11;1677.00;8
3887;10;622100664;3887;349;4928;4934;7.27;0.44;279.44;3.85;1041;11;1678.00;6
3889;10;622100676;3889;349;4928;4934;7.18;0.44;279.42;3.85;1039;11;1679.00;6
3893;10;622100690;3893;353;4948;4960;7.10;0.43;279.31;3.84;1055;11;1680.00;12
3897;10;622100705;3897;349;4950;4960;7.03;0.43;279.54;3.84;1053;11;1681.00;10
3899;10;622100718;3899;350;4954;4960;7.03;0.43;279.67;3.85;1055;11;1682.00;6
3901;10;622100730;3901;340;4956;4961;6.99;0.43;279.71;3.85;1055;11;1683.00;5
3904;10;622100742;3904;338;4956;4961;6.89;0.42;279.82;3.85;1052;11;1684.00;5
3905;10;622100755;3905;340;4960;4965;6.88;0.42;279.97;3.84;1055;11;1685.00;5
3909;10;622100768;3909;338;4963;4965;6.85;0.42;279.96;3.85;1054;11;1686.00;2
3912;10;622100781;3912;344;4966;4969;6.77;0.41;280.10;3.85;1054;11;1687.00;3
3914;10;622100793;3914;345;4966;4969;6.76;0.41;280.07;3.85;1052;11;1688.00;3
3917;10;622100806;3917;344;4967;4969;6.71;0.41;280.27;3.85;1050;11;1689.00;2
3919;10;622100818;3919;344;4967;4969;6.69;0.41;280.28;3.85;1048;11;1690.00;2
3922;10;622100830;3922;341;4968;4969;6.64;0.41;280.18;3.85;1046;11;1691.00;1
3929;10;622100842;3929;342;4979;4981;6.63;0.40;280.28;3.84;1050;11;1692.00;2
3932;10;622100855;3932;345;4980;4981;6.59;0.40;280.29;3.84;1048;11;1693.00;1
3936;10;622100867;3936;357;4981;4981;6.47;0.39;280.36;3.84;1045;11;1694.00;0
3941;10;622100878;3941;355;4981;4981;6.40;0.39;280.44;3.84;1040;11;1695.00;0
3944;10;622100890;3944;361;4981;4981;6.27;0.38;280.55;3.84;1037;11;1696.00;0
3949;10;622100901;3949;366;4981;4981;6.16;0.38;280.80;3.84;1032;11;1697.00;0
3953;10;622100912;3953;383;4982;4982;6.03;0.37;280.87;3.84;1029;11;1698.00;0
3958;10;622100923;3958;392;4982;4982;5.84;0.36;280.81;3.84;1024;11;1699.00;0
3964;10;622100935;3964;383;4988;4988;5.72;0.35;281.01;3.84;1024;11;1700.00;0
3965;10;622100951;3965;385;4989;4989;5.66;0.35;281.00;3.83;1024;11;1701.00;0
3967;10;622100962;3967;380;4989;4989;5.58;0.34;281.13;3.83;1022;11;1702.00;0
3973;10;622100973;3973;381;4989;4989;5.47;0.33;281.27;3.83;1016;11;1703.00;0
3975;10;622100984;3975;388;4993;4993;5.46;0.33;281.40;3.83;1018;11;1704.00;0
3979;10;622100995;3979;388;4993;4993;5.38;0.33;281.48;3.83;1014;11;1705.00;0
3981;10;622101006;3981;390;4993;4993;5.40;0.33;281.56;3.83;1012;11;1706.00;0
3982;10;622101017;3982;379;4994;4994;5.42;0.33;281.57;3.83;1012;11;1707.00;0
3988;10;622101028;3988;382;4998;4998;5.36;0.33;281.44;3.83;1010;11;1708.00;0
3991;10;622101040;3991;372;4998;4998;5.32;0.33;281.51;3.83;1007;11;1709.00;0
3995;10;622101053;3995;377;5002;5004;5.36;0.33;281.58;3.83;1007;11;1710.00;2
3997;10;622101065;3997;384;5003;5004;5.35;0.33;281.59;3.83;1006;11;1711.00;1
3999;10;622101076;3999;383;5004;5004;5.35;0.33;281.62;3.82;1005;11;1712.00;0
4005;10;622101087;4005;382;5004;5004;5.30;0.33;281.70;3.82;999;11;1713.00;0
4007;10;622101098;4007;386;5008;5008;5.41;0.33;281.70;3.82;1001;11;1714.00;0
4014;10;622101110;4014;384;5008;5008;5.36;0.33;281.76;3.82;994;11;1715.00;0
4017;10;622101122;4017;385;5008;5008;5.36;0.33;281.84;3.82;991;11;1716.00;0
4020;10;622101132;4020;387;5008;5008;5.37;0.33;281.92;3.82;988;11;1717.00;0
4024;10;622101143;4024;395;5009;5009;5.36;0.33;281.93;3.82;985;11;1718.00;0
4030;10;622101153;4030;403;5010;5010;5.32;0.33;281.79;3.82;980;11;1719.00;0
4035;10;622101165;4035;403;5010;5010;5.26;0.32;281.88;3.82;975;11;1720.00;0
4038;10;622101175;4038;402;5011;5011;5.25;0.32;281.87;3.82;973;11;1721.00;0
4043;10;622101186;4043;405;5011;5011;5.21;0.32;281.72;3.82;968;11;1722.00;0
4046;10;622101197;4046;407;5011;5011;5.14;0.32;281.58;3.82;965;11;1723.00;0
4048;10;622101208;4048;406;5011;5011;5.14;0.32;281.64;3.82;963;11;1724.00;0
4052;10;622101219;4052;406;5011;5011;5.08;0.31;281.67;3.82;959;11;1725.00;0
4058;10;622101229;4058;411;5011;5011;4.99;0.31;281.70;3.82;953;11;1726.00;0
4062;10;622101239;4062;412;5011;5011;4.90;0.30;281.65;3.82;949;11;1727.00;0
4065;10;622101249;4065;439;5088;5138;5.28;0.33;281.61;3.76;1023;11;1728.00;50
4069;10;622101270;4069;436;5092;5139;5.26;0.33;281.61;3.76;1023;11;1729.00;47
4075;10;622101282;4075;432;5099;5139;5.27;0.33;281.63;3.76;1024;11;1730.00;40
4080;10;622101293;4080;430;5101;5139;5.24;0.33;281.67;3.76;1021;11;1731.00;38
4080;10;622101305;4080;426;5107;5139;5.28;0.33;281.67;3.76;1027;11;1732.00;32
4085;10;622101316;4085;430;5110;5139;5.29;0.33;281.61;3.76;1025;11;1733.00;29
4088;10;622101327;4088;428;5113;5139;5.32;0.33;281.56;3.76;1025;11;1734.00;26
4090;10;622101338;4090;430;5117;5139;5.32;0.33;281.63;3.76;1027;11;1735.00;22
4092;10;622101357;4092;435;5118;5140;5.30;0.33;281.64;3.76;1026;11;1736.00;22
4095;10;622101375;4095;431;5122;5141;5.27;0.33;281.76;3.77;1027;11;1737.00;19
4098;10;622101391;4098;438;5123;5141;5.24;0.33;281.82;3.77;1025;11;1738.00;18
4100;10;622101409;4100;434;5128;5142;5.29;0.33;281.82;3.77;1028;11;1739.00;14
4102;10;622101431;4102;429;5130;5142;5.34;0.33;281.83;3.78;1028;11;1740.00;12
4104;10;622101447;4104;425;5133;5142;5.45;0.34;281.88;3.78;1029;11;1741.00;9
4106;10;622101464;4106;430;5134;5142;5.53;0.34;281.91;3.79;1028;11;1742.00;8
4107;10;622101482;4107;427;5141;5146;5.62;0.35;281.88;3.79;1034;11;1743.00;5
4111;10;622101500;4111;420;5141;5146;5.67;0.35;281.93;3.79;1030;11;1744.00;5
4113;10;622101517;4113;420;5142;5146;5.72;0.35;281.97;3.79;1029;11;1745.00;4
4115;10;622101539;4115;421;5145;5149;5.76;0.36;281.91;3.80;1030;11;1746.00;4
4119;10;622101569;4119;410;5145;5149;5.85;0.36;282.06;3.80;1026;11;1747.00;4
4122;10;622101584;4122;404;5147;5149;5.96;0.37;282.05;3.80;1025;11;1748.00;2
4124;10;622101598;4124;399;5151;5153;6.09;0.37;282.12;3.80;1027;11;1749.00;2
4127;10;622101610;4127;396;5152;5154;6.19;0.38;282.19;3.80;1025;11;1750.00;2
4130;10;622101623;4130;392;5152;5154;6.30;0.39;282.16;3.80;1022;11;1751.00;2
4135;10;622101635;4135;396;5157;5158;6.35;0.39;281.99;3.80;1022;11;1752.00;1
4138;10;622101649;4138;394;5158;5158;6.42;0.39;282.18;3.80;1020;11;1753.00;0
4139;10;622101670;4139;391;5158;5158;6.48;0.40;282.17;3.80;1019;11;1754.00;0
4143;10;622101684;4143;389;5160;5160;6.51;0.40;282.07;3.79;1017;11;1755.00;0
4145;10;622101698;4145;375;5160;5160;6.52;0.40;282.15;3.79;1015;11;1756.00;0
4147;10;622101711;4147;372;5166;5166;6.55;0.40;282.20;3.79;1019;11;1757.00;0
4148;10;622101724;4148;360;5166;5166;6.58;0.40;282.19;3.79;1018;11;1758.00;0
4150;10;622101738;4150;358;5167;5167;6.59;0.40;282.30;3.79;1017;11;1759.00;0
4152;10;622101751;4152;359;5167;5167;6.62;0.40;282.28;3.79;1015;11;1760.00;0
4157;10;622101764;4157;349;5167;5167;6.57;0.40;282.43;3.79;1010;11;1761.00;0
4161;10;622101777;4161;348;5167;5167;6.56;0.40;282.44;3.79;1006;11;1762.00;0
4162;10;622101791;4162;353;5167;5167;6.58;0.40;282.44;3.79;1005;11;1763.00;0
4164;10;622101804;4164;349;5177;5179;6.67;0.41;282.45;3.78;1013;11;1764.00;2
4167;10;622101825;4167;353;5177;5179;6.67;0.41;282.56;3.78;1010;11;1765.00;2
4171;10;622101838;4171;351;5178;5179;6.61;0.40;282.67;3.78;1007;11;1766.00;1
4174;10;622101851;4174;344;5178;5179;6.57;0.40;282.70;3.78;1004;11;1767.00;1
4178;10;622101864;4178;345;5178;5179;6.53;0.40;282.81;3.78;1000;11;1768.00;1
4179;10;622101877;4179;339;5178;5179;6.55;0.40;282.82;3.78;999;11;1769.00;1
4180;10;622101891;4180;332;5181;5183;6.59;0.40;282.86;3.78;1001;11;1770.00;2
4181;10;622101904;4181;327;5181;5183;6.64;0.40;282.97;3.78;1000;11;1771.00;2
4184;10;622101917;4184;328;5185;5187;6.72;0.41;283.11;3.78;1001;11;1772.00;2
4187;10;622101930;4187;321;5186;5188;6.75;0.41;283.30;3.78;999;11;1773.00;2
4190;10;622101945;4190;317;5186;5188;6.75;0.41;283.42;3.78;996;11;1774.00;2
4192;10;622101967;4192;314;5186;5188;6.73;0.41;283.44;3.78;994;11;1775.00;2
4194;10;622101981;4194;311;5197;5201;6.81;0.41;283.52;3.77;1003;11;1776.00;4
4200;10;622101995;4200;314;5197;5201;6.85;0.42;283.80;3.77;997;11;1777.00;4
4201;10;622102009;4201;313;5197;5201;6.92;0.42;283.90;3.77;996;11;1778.00;4
4203;10;622102023;4203;309;5198;5202;7.00;0.43;283.88;3.77;995;11;1779.00;4
4205;10;622102035;4205;309;5198;5203;7.09;0.43;283.96;3.77;993;11;1780.00;5
4205;10;622102048;4205;312;5198;5203;7.20;0.44;283.96;3.77;993;11;1781.00;5
4207;10;622102067;4207;312;5200;5206;7.26;0.44;284.08;3.77;993;11;1782.00;6
4210;10;622102081;4210;319;5200;5206;7.29;0.44;284.14;3.77;990;11;1783.00;6
4211;10;622102095;4211;324;5201;5206;7.37;0.45;284.13;3.77;990;11;1784.00;5
4213;10;622102109;4213;328;5201;5206;7.31;0.44;284.24;3.77;988;11;1785.00;5
4216;10;622102123;4216;333;5206;5212;7.26;0.44;284.24;3.77;990;11;1786.00;6
4218;10;622102137;4218;337;5206;5212;7.14;0.43;284.35;3.77;988;11;1787.00;6
4219;10;622102155;4219;338;5206;5212;7.10;0.43;284.44;3.77;987;11;1788.00;6
4221;10;622102168;4221;343;5206;5212;7.00;0.42;284.57;3.77;985;11;1789.00;6
4227;10;622102181;4227;339;5209;5216;6.90;0.42;284.77;3.76;982;11;1790.00;7
4230;10;622102195;4230;332;5210;5217;6.86;0.42;284.84;3.76;980;11;1791.00;7
4233;10;622102208;4233;332;5210;5217;6.85;0.42;284.90;3.76;977;11;1792.00;7
4235;10;622102220;4235;332;5211;5218;6.88;0.42;285.00;3.76;976;11;1793.00;7
4238;10;622102233;4238;329;5211;5218;6.93;0.42;285.20;3.76;973;11;1794.00;7
4240;10;622102246;4240;322;5211;5218;7.01;0.42;285.22;3.76;971;11;1795.00;7
4242;10;622102260;4242;323;5211;5218;7.02;0.43;285.37;3.76;969;11;1796.00;7
4243;10;622102273;4243;316;5211;5218;7.07;0.43;285.39;3.76;968;11;1797.00;7
4247;10;622102285;4247;310;5211;5218;7.09;0.43;285.45;3.76;964;11;1798.00;7
4251;10;622102298;4251;302;5211;5218;7.10;0.43;285.55;3.76;960;11;1799.00;7
4254;10;622102315;4254;324;5277;5356;7.00;0.43;285.69;3.72;1023;11;1800.00;79
4255;10;622102346;4255;311;5277;5357;7.06;0.43;285.81;3.72;1022;11;1801.00;80
4257;10;622102358;4257;293;5290;5357;7.13;0.44;285.86;3.71;1033;11;1802.00;67
4263;10;622102373;4263;289;5290;5357;7.09;0.43;286.04;3.71;1027;11;1803.00;67
4266;10;622102394;4266;286;5295;5357;7.12;0.44;286.15;3.71;1029;11;1804.00;62
4267;10;622102407;4267;282;5297;5357;7.13;0.44;286.24;3.72;1030;11;1805.00;60
4271;10;622102427;4271;276;5303;5357;7.16;0.44;286.40;3.73;1032;11;1806.00;54
4273;10;622102442;4273;285;5310;5357;7.22;0.44;286.40;3.73;1037;11;1807.00;47
4276;10;622102459;4276;283;5315;5358;7.27;0.44;286.38;3.74;1039;11;1808.00;43
4279;10;622102473;4279;278;5317;5359;7.33;0.45;286.36;3.74;1038;11;1809.00;42
4283;10;622102486;4283;271;5320;5359;7.36;0.45;286.48;3.74;1037;11;1810.00;39
4284;10;622102499;4284;268;5324;5363;7.38;0.45;286.56;3.74;1040;11;1811.00;39
4286;10;622102513;4286;273;5327;5363;7.35;0.45;286.54;3.74;1041;11;1812.00;36
4288;10;622102526;4288;267;5329;5363;7.32;0.45;286.59;3.75;1041;11;1813.00;34
4290;10;622102539;4290;264;5330;5363;7.31;0.45;286.54;3.75;1040;11;1814.00;33
4293;10;622102568;4293;263;5335;5369;7.22;0.44;286.56;3.75;1042;11;1815.00;34
4297;10;622102583;4297;264;5336;5369;7.18;0.44;286.70;3.75;1039;11;1816.00;33
4298;10;622102597;4298;264;5337;5369;7.23;0.44;286.72;3.76;1039;11;1817.00;32
4302;10;622102611;4302;268;5339;5372;7.28;0.44;286.89;3.76;1037;11;1818.00;33
4307;10;622102634;4307;269;5343;5372;7.23;0.44;286.87;3.76;1036;11;1819.00;29
4307;10;622102648;4307;268;5344;5372;7.23;0.44;286.87;3.76;1037;11;1820.00;28
4310;10;622102661;4310;268;5346;5373;7.17;0.44;286.95;3.77;1036;11;1821.00;27
4311;10;622102681;4311;272;5348;5374;7.16;0.44;286.99;3.77;1037;11;1822.00;26
4315;10;622102695;4315;271;5350;5374;7.18;0.44;287.19;3.78;1035;11;1823.00;24
4317;10;622102709;4317;281;5360;5387;7.22;0.44;287.32;3.78;1043;11;1824.00;27
4321;10;622102724;4321;273;5362;5387;7.30;0.44;287.42;3.78;1041;11;1825.00;25
4324;10;622102737;4324;269;5362;5387;7.40;0.45;287.53;3.78;1038;11;1826.00;25
4326;10;622102750;4326;276;5365;5388;7.43;0.45;287.59;3.78;1039;11;1827.00;23
4330;10;622102764;4330;270;5365;5388;7.47;0.45;287.49;3.78;1035;11;1828.00;23
4332;10;622102778;4332;273;5369;5392;7.46;0.45;287.46;3.78;1037;11;1829.00;23
4338;10;622102792;4338;275;5371;5392;7.40;0.45;287.48;3.80;1033;11;1830.00;21
4341;10;622102806;4341;283;5374;5396;7.34;0.45;287.50;3.79;1033;11;1831.00;22
4343;10;622102820;4343;289;5374;5396;7.25;0.44;287.52;3.79;1031;11;1832.00;22
4345;10;622102833;4345;296;5376;5396;7.18;0.44;287.55;3.81;1031;11;1833.00;20
4345;10;622102846;4345;298;5376;5396;7.18;0.44;287.55;3.81;1031;11;1834.00;20
4346;10;622102858;4346;302;5377;5396;7.20;0.44;287.61;3.82;1031;11;1835.00;19
4350;10;622102870;4350;305;5387;5408;7.25;0.44;287.64;3.82;1037;11;1836.00;21
4351;10;622102883;4351;313;5388;5408;7.26;0.45;287.69;3.82;1037;11;1837.00;20
4354;10;622102897;4354;320;5391;5408;7.21;0.44;287.91;3.83;1037;11;1838.00;17
4357;10;622102910;4357;327;5392;5408;7.15;0.44;287.96;3.84;1035;11;1839.00;16
4359;10;622102922;4359;337;5392;5408;7.06;0.43;287.99;3.84;1033;11;1840.00;16
4361;10;622102935;4361;339;5393;5408;6.94;0.43;288.16;3.85;1032;11;1841.00;15
4365;10;622102947;4365;345;5394;5409;6.83;0.42;288.24;3.85;1029;11;1842.00;15
4365;10;622102960;4365;348;5396;5409;6.82;0.42;288.24;3.87;1031;11;1843.00;13
4368;10;622102973;4368;358;5402;5415;6.90;0.42;288.21;3.87;1034;11;1844.00;13
4372;10;622102985;4372;367;5404;5417;6.85;0.42;288.26;3.87;1032;11;1845.00;13
4373;10;622102997;4373;368;5405;5417;6.78;0.42;288.22;3.88;1032;11;1846.00;12
4379;10;622103009;4379;370;5405;5417;6.64;0.41;288.40;3.88;1026;11;1847.00;12
4382;10;622103038;4382;367;5410;5421;6.61;0.41;288.41;3.89;1028;11;1848.00;11
4386;10;622103053;4386;359;5411;5421;6.57;0.40;288.55;3.89;1025;11;1849.00;10
4388;10;622103066;4388;361;5413;5421;6.54;0.40;288.70;3.90;1025;11;1850.00;8
4391;10;622103078;4391;359;5414;5422;6.53;0.40;288.61;3.90;1023;11;1851.00;8
4394;10;622103089;4394;358;5418;5426;6.52;0.40;288.69;3.90;1024;11;1852.00;8
4395;10;622103101;4395;360;5418;5426;6.59;0.41;288.72;3.90;1023;11;1853.00;8
4399;10;622103113;4399;357;5421;5429;6.63;0.41;288.74;3.90;1022;11;1854.00;8
4399;10;622103124;4399;361;5421;5429;6.63;0.41;288.74;3.90;1022;11;1855.00;8
4401;10;622103136;4401;359;5423;5429;6.67;0.41;288.71;3.90;1022;11;1856.00;6
4406;10;622103147;4406;358;5424;5429;6.65;0.41;288.58;3.91;1018;11;1857.00;5
4410;10;622103158;4410;355;5428;5433;6.68;0.41;288.53;3.90;1018;11;1858.00;5
4413;10;622103171;4413;361;5429;5433;6.61;0.40;288.45;3.91;1016;11;1859.00;4
4417;10;622103183;4417;364;5430;5433;6.54;0.40;288.29;3.91;1013;11;1860.00;3
4419;10;622103195;4419;373;5430;5433;6.50;0.40;288.27;3.91;1011;11;1861.00;3
4420;10;622103206;4420;376;5431;5434;6.44;0.39;288.26;3.91;1011;11;1862.00;3
4423;10;622103217;4423;382;5432;5435;6.38;0.39;288.28;3.91;1009;11;1863.00;3
4427;10;622103227;4427;383;5432;5435;6.32;0.39;288.25;3.91;1005;11;1864.00;3
4430;10;622103238;4430;389;5433;5436;6.23;0.38;288.31;3.91;1003;11;1865.00;3
4432;10;622103249;4432;387;5433;5436;6.08;0.37;288.29;3.91;1001;11;1866.00;3
4439;10;622103260;4439;390;5433;5436;5.87;0.36;288.21;3.91;994;11;1867.00;3
4441;10;622103271;4441;400;5433;5436;5.73;0.35;288.18;3.91;992;11;1868.00;3
4443;10;622103281;4443;405;5433;5436;5.54;0.34;288.21;3.91;990;11;1869.00;3
4447;10;622103290;4447;405;5433;5436;5.44;0.33;288.10;3.91;986;11;1870.00;3
4451;10;622103301;4451;401;5433;5436;5.33;0.33;288.08;3.91;982;11;1871.00;3
4453;10;622103312;4453;422;5505;5563;5.59;0.35;288.07;3.85;1052;11;1872.00;58
4459;10;622103332;4459;406;5510;5564;5.51;0.34;288.07;3.85;1051;11;1873.00;54
4461;10;622103344;4461;397;5519;5564;5.53;0.34;288.02;3.85;1058;11;1874.00;45
4464;10;622103354;4464;390;5519;5564;5.44;0.34;287.91;3.85;1055;11;1875.00;45
4467;10;622103365;4467;395;5526;5564;5.48;0.34;287.90;3.85;1059;11;1876.00;38
4469;10;622103384;4469;393;5527;5564;5.46;0.34;287.82;3.85;1058;11;1877.00;37
4471;10;622103402;4471;395;5532;5564;5.47;0.34;287.89;3.85;1061;11;1878.00;32
4473;10;622103418;4473;396;5533;5564;5.42;0.34;287.88;3.85;1060;11;1879.00;31
4475;10;622103436;4475;401;5536;5565;5.42;0.33;287.84;3.85;1061;11;1880.00;29
4477;10;622103453;4477;412;5539;5566;5.35;0.33;287.93;3.86;1062;11;1881.00;27
4481;10;622103470;4481;418;5543;5568;5.25;0.32;287.86;3.86;1062;11;1882.00;25
4481;10;622103486;4481;427;5547;5569;5.20;0.32;287.86;3.86;1066;11;1883.00;22
4486;10;622103504;4486;429;5552;5569;5.09;0.32;287.80;3.87;1066;11;1884.00;17
4489;10;622103517;4489;436;5554;5569;5.05;0.31;287.86;3.87;1065;11;1885.00;15
4489;10;622103528;4489;436;5555;5569;5.11;0.32;287.86;3.87;1066;11;1886.00;14
4492;10;622103540;4492;449;5560;5573;5.07;0.32;287.93;3.88;1068;11;1887.00;13
4493;10;622103551;4493;452;5561;5573;5.07;0.31;287.93;3.88;1068;11;1888.00;12
4497;10;622103563;4497;456;5563;5573;5.04;0.31;287.89;3.88;1066;11;1889.00;10
4502;10;622103576;4502;460;5566;5579;5.06;0.31;287.91;3.88;1064;11;1890.00;13
4504;10;622103588;4504;442;5567;5579;5.09;0.31;287.81;3.88;1063;11;1891.00;12
4506;10;622103601;4506;436;5567;5579;5.11;0.32;287.86;3.88;1061;11;1892.00;12
4510;10;622103613;4510;427;5572;5583;5.11;0.32;287.93;3.88;1062;11;1893.00;11
4512;10;622103626;4512;417;5573;5584;5.12;0.32;287.91;3.88;1061;11;1894.00;11
4517;10;622103638;4517;421;5575;5584;5.08;0.31;287.79;3.88;1058;11;1895.00;9
4519;10;622103649;4519;418;5579;5588;5.13;0.32;287.80;3.88;1060;11;1896.00;9
4522;10;622103662;4522;418;5579;5588;5.11;0.32;287.79;3.88;1057;11;1897.00;9
4525;10;622103682;4525;422;5581;5588;5.13;0.32;287.81;3.89;1056;11;1898.00;7
4530;10;622103694;4530;425;5584;5589;5.15;0.32;287.92;3.91;1054;11;1899.00;5
4533;10;622103707;4533;422;5584;5589;5.22;0.32;287.89;3.91;1051;11;1900.00;5
4536;10;622103724;4536;428;5589;5595;5.26;0.32;287.96;3.90;1053;11;1901.00;6
4541;10;622103737;4541;425;5589;5595;5.26;0.32;287.92;3.90;1048;11;1902.00;6
4545;10;622103749;4545;425;5590;5596;5.26;0.32;287.85;3.90;1045;11;1903.00;6
4549;10;622103763;4549;421;5591;5596;5.29;0.32;287.95;3.90;1042;11;1904.00;5
4553;10;622103775;4553;429;5591;5596;5.36;0.33;287.87;3.90;1038;11;1905.00;5
4556;10;622103787;4556;426;5591;5596;5.40;0.33;287.87;3.90;1035;11;1906.00;5
4562;10;622103799;4562;428;5591;5596;5.39;0.33;288.01;3.90;1029;11;1907.00;5
4564;10;622103818;4564;427;5600;5608;5.51;0.34;287.96;3.90;1036;11;1908.00;8
4569;10;622103833;4569;427;5600;5608;5.51;0.34;287.99;3.90;1031;11;1909.00;8
4570;10;622103846;4570;427;5603;5608;5.51;0.34;288.02;3.92;1033;11;1910.00;5
4572;10;622103864;4572;426;5603;5608;5.49;0.34;288.07;3.92;1031;11;1911.00;5
4574;10;622103875;4574;425;5603;5608;5.51;0.34;288.02;3.92;1029;11;1912.00;5
4576;10;622103887;4576;428;5603;5608;5.53;0.34;288.10;3.92;1027;11;1913.00;5
4581;10;622103899;4581;441;5606;5612;5.55;0.34;288.10;3.91;1025;11;1914.00;6
4584;10;622103912;4584;450;5606;5612;5.55;0.34;288.17;3.91;1022;11;1915.00;6
4586;10;622103923;4586;448;5610;5616;5.61;0.34;288.16;3.91;1024;11;1916.00;6
4588;10;622103936;4588;440;5611;5617;5.60;0.34;288.18;3.91;1023;11;1917.00;6
4590;10;622103948;4590;431;5611;5617;5.58;0.34;288.19;3.91;1021;11;1918.00;6
4592;10;622103961;4592;429;5611;5617;5.62;0.34;288.18;3.91;1019;11;1919.00;6
4594;10;622103976;4594;434;5635;5646;5.77;0.35;288.32;3.89;1041;11;1920.00;11
4596;10;622103991;4596;424;5635;5646;5.78;0.35;288.31;3.89;1039;11;1921.00;11
4598;10;622104003;4598;417;5636;5646;5.85;0.36;288.41;3.89;1038;11;1922.00;10
4600;10;622104015;4600;417;5637;5647;5.93;0.36;288.49;3.89;1037;11;1923.00;10
4601;10;622104027;4601;415;5637;5648;6.01;0.37;288.46;3.89;1036;11;1924.00;11
4605;10;622104040;4605;420;5637;5648;6.04;0.37;288.54;3.89;1032;11;1925.00;11
4606;10;622104060;4606;404;5640;5651;6.09;0.37;288.49;3.90;1034;11;1926.00;11
4609;10;622104073;4609;396;5640;5651;6.11;0.37;288.64;3.90;1031;11;1927.00;11
4612;10;622104087;4612;384;5641;5651;6.15;0.37;288.70;3.90;1029;11;1928.00;10
4614;10;622104100;4614;380;5641;5651;6.17;0.38;288.73;3.90;1027;11;1929.00;10
4618;10;622104113;4618;369;5646;5657;6.23;0.38;288.97;3.90;1028;11;1930.00;11
4618;10;622104129;4618;374;5646;5657;6.30;0.38;288.97;3.90;1028;11;1931.00;11
4620;10;622104148;4620;372;5646;5657;6.40;0.39;289.09;3.90;1026;11;1932.00;11
4622;10;622104161;4622;370;5646;5657;6.48;0.39;289.10;3.90;1024;11;1933.00;11
4629;10;622104175;4629;370;5649;5661;6.47;0.39;289.22;3.90;1020;11;1934.00;12
4630;10;622104190;4630;377;5651;5663;6.52;0.39;289.31;3.90;1021;11;1935.00;12
4632;10;622104204;4632;378;5651;5663;6.58;0.40;289.37;3.90;1019;11;1936.00;12
4635;10;622104217;4635;379;5652;5664;6.59;0.40;289.45;3.90;1017;11;1937.00;12
4639;10;622104231;4639;372;5652;5664;6.55;0.40;289.50;3.90;1013;11;1938.00;12
4639;10;622104244;4639;369;5652;5664;6.58;0.40;289.50;3.90;1013;11;1939.00;12
4642;10;622104258;4642;361;5652;5664;6.59;0.40;289.67;3.90;1010;11;1940.00;12
4645;10;622104272;4645;363;5652;5664;6.57;0.40;289.81;3.90;1007;11;1941.00;12
4647;10;622104285;4647;361;5652;5664;6.53;0.39;289.87;3.90;1005;11;1942.00;12
4650;10;622104298;4650;354;5652;5664;6.49;0.39;290.00;3.90;1002;11;1943.00;12
4652;10;622104311;4652;371;5694;5734;6.42;0.39;290.11;3.87;1042;11;1944.00;40
4655;10;622104337;4655;369;5694;5735;6.39;0.39;290.15;3.87;1039;11;1945.00;41
4657;10;622104358;4657;361;5699;5735;6.48;0.39;290.19;3.86;1042;11;1946.00;36
4658;10;622104372;4658;364;5699;5735;6.47;0.39;290.27;3.86;1041;11;1947.00;36
4660;10;622104385;4660;360;5702;5735;6.44;0.39;290.32;3.86;1042;11;1948.00;33
4662;10;622104398;4662;362;5705;5735;6.46;0.39;290.43;3.87;1043;11;1949.00;30
4663;10;622104413;4663;366;5710;5737;6.51;0.39;290.46;3.87;1047;11;1950.00;27
4664;10;622104426;4664;373;5713;5737;6.47;0.39;290.43;3.87;1049;11;1951.00;24
4665;10;622104439;4665;371;5716;5738;6.48;0.39;290.41;3.87;1051;11;1952.00;22
4665;10;622104453;4665;378;5718;5739;6.52;0.40;290.41;3.87;1053;11;1953.00;21
4667;10;622104466;4667;380;5720;5739;6.52;0.40;290.49;3.89;1053;11;1954.00;19
4669;10;622104480;4669;384;5725;5743;6.49;0.39;290.45;3.89;1056;11;1955.00;18
4670;10;622104495;4670;387;5726;5743;6.49;0.40;290.53;3.89;1056;11;1956.00;17
4674;10;622104509;4674;385;5726;5743;6.53;0.40;290.68;3.89;1052;11;1957.00;17
4675;10;622104525;4675;386;5726;5743;6.53;0.40;290.68;3.89;1051;11;1958.00;17
4680;10;622104539;4680;388;5731;5749;6.51;0.40;290.72;3.88;1051;11;1959.00;18
4682;10;622104554;4682;384;5731;5749;6.49;0.39;290.81;3.88;1049;11;1960.00;18
4684;10;622104568;4684;381;5731;5749;6.50;0.40;290.82;3.88;1047;11;1961.00;18
4684;10;622104582;4684;375;5733;5752;6.52;0.40;290.82;3.88;1049;11;1962.00;19
4686;10;622104595;4686;376;5733;5752;6.53;0.40;291.05;3.88;1047;11;1963.00;19
4691;10;622104609;4691;371;5734;5752;6.51;0.40;291.16;3.88;1043;11;1964.00;18
4692;10;622104623;4692;366;5734;5753;6.59;0.40;291.22;3.88;1042;11;1965.00;19
4696;10;622104635;4696;355;5735;5754;6.66;0.40;291.43;3.88;1039;11;1966.00;19
4699;10;622104650;4699;354;5735;5754;6.69;0.41;291.54;3.88;1036;11;1967.00;19
4699;10;622104663;4699;348;5745;5767;6.72;0.41;291.54;3.87;1046;11;1968.00;22
4701;10;622104677;4701;342;5745;5767;6.66;0.41;291.64;3.87;1044;11;1969.00;22
4702;10;622104691;4702;330;5746;5767;6.61;0.40;291.65;3.90;1044;11;1970.00;21
4703;10;622104711;4703;329;5747;5768;6.62;0.40;291.65;3.90;1044;11;1971.00;21
4704;10;622104724;4704;318;5749;5768;6.61;0.40;291.74;3.92;1045;11;1972.00;19
4708;10;622104737;4708;316;5754;5772;6.67;0.41;291.89;3.92;1046;11;1973.00;18
4708;10;622104751;4708;314;5755;5772;6.73;0.41;291.89;3.93;1047;11;1974.00;17
4710;10;622104764;4710;303;5759;5776;6.72;0.41;292.01;3.94;1049;11;1975.00;17
4713;10;622104777;4713;302;5760;5776;6.70;0.41;292.12;3.94;1047;11;1976.00;16
4718;10;622104789;4718;299;5760;5776;6.67;0.41;292.21;3.94;1042;11;1977.00;16
4722;10;622104802;4722;292;5760;5776;6.68;0.41;292.25;3.94;1038;11;1978.00;16
4725;10;622104815;4725;288;5760;5776;6.71;0.41;292.27;3.94;1035;11;1979.00;16
4727;10;622104830;4727;283;5782;5810;6.85;0.42;292.34;3.93;1055;11;1980.00;28
4729;10;622104845;4729;276;5783;5810;6.83;0.42;292.29;3.93;1054;11;1981.00;27
4734;10;622104859;4734;280;5785;5810;6.79;0.41;292.33;3.93;1051;11;1982.00;25
4735;10;622104872;4735;283;5785;5810;6.78;0.41;292.32;3.93;1050;11;1983.00;25
4737;10;622104893;4737;286;5786;5810;6.71;0.41;292.32;3.93;1049;11;1984.00;24
4739;10;622104905;4739;286;5786;5810;6.68;0.41;292.33;3.93;1047;11;1985.00;24
4741;11;622104918;4741;292;5786;5811;6.67;0.41;292.37;3.93;1045;12;1986.00;25
4744;11;622104947;4744;299;5787;5811;6.61;0.40;292.36;3.93;1043;12;1987.00;24
4746;11;622104960;4746;300;5791;5817;6.70;0.41;292.37;3.93;1045;12;1988.00;26
4750;11;622104974;4750;303;5791;5818;6.69;0.41;292.26;3.93;1041;12;1989.00;27
4754;11;622104987;4754;304;5792;5818;6.70;0.41;292.16;3.93;1038;12;1990.00;26
4758;11;622105000;4758;308;5794;5818;6.65;0.41;292.15;3.93;1036;12;1991.00;24
4758;11;622105013;4758;309;5798;5822;6.72;0.41;292.15;3.94;1040;12;1992.00;24
4759;11;622105025;4759;309;5798;5822;6.75;0.41;292.23;3.94;1039;12;1993.00;24
4762;11;622105044;4762;311;5798;5822;6.75;0.41;292.25;3.94;1036;12;1994.00;24
4764;11;622105058;4764;313;5801;5823;6.76;0.41;292.33;3.94;1037;12;1995.00;22
4769;11;622105071;4769;320;5805;5827;6.82;0.42;292.47;3.95;1036;12;1996.00;22
4774;11;622105085;4774;325;5806;5827;6.81;0.42;292.42;3.95;1032;12;1997.00;21
4776;11;622105098;4776;324;5808;5830;6.86;0.42;292.38;3.95;1032;12;1998.00;22
4777;11;622105111;4777;329;5809;5830;6.90;0.42;292.41;3.95;1032;12;1999.00;21
4780;11;622105124;4780;326;5811;5830;6.92;0.42;292.47;3.97;1031;12;2000.00;19
4782;11;622105142;4782;324;5811;5830;6.85;0.42;292.56;3.97;1029;12;2001.00;19
4784;11;622105154;4784;332;5816;5834;6.85;0.42;292.54;3.98;1032;12;2002.00;18
4785;11;622105167;4785;342;5816;5834;6.81;0.41;292.61;3.98;1031;12;2003.00;18
4788;11;622105179;4788;346;5817;5834;6.74;0.41;292.58;3.99;1029;12;2004.00;17
4792;11;622105193;4792;348;5818;5834;6.66;0.40;292.60;4.00;1026;12;2005.00;16
4793;11;622105206;4793;356;5818;5835;6.62;0.40;292.61;4.00;1025;12;2006.00;17
4795;11;622105219;4795;361;5819;5836;6.57;0.40;292.61;4.00;1024;12;2007.00;17
4797;11;622105231;4797;370;5820;5836;6.50;0.40;292.68;4.02;1023;12;2008.00;16
4799;11;622105243;4799;374;5821;5837;6.46;0.39;292.69;4.02;1022;12;2009.00;16
4802;11;622105257;4802;383;5821;5837;6.42;0.39;292.71;4.02;1019;12;2010.00;16
4803;11;622105270;4803;379;5822;5837;6.34;0.39;292.69;4.03;1019;12;2011.00;15
4804;11;622105282;4804;377;5822;5837;6.30;0.39;292.67;4.03;1018;12;2012.00;15
4808;11;622105294;4808;383;5822;5837;6.25;0.38;292.80;4.03;1014;12;2013.00;15
4809;11;622105305;4809;390;5823;5837;6.17;0.38;292.77;4.04;1014;12;2014.00;14
4813;11;622105317;4813;397;5823;5837;6.04;0.37;292.68;4.04;1010;12;2015.00;14
4815;11;622105328;4815;413;5891;5964;6.27;0.39;292.66;4.01;1076;12;2016.00;73
4815;11;622105351;4815;413;5894;5965;6.21;0.39;292.66;4.02;1079;12;2017.00;71
4817;11;622105362;4817;417;5905;5965;6.24;0.39;292.64;4.03;1088;12;2018.00;60
4819;11;622105378;4819;415;5909;5965;6.25;0.39;292.62;4.03;1090;12;2019.00;56
4822;11;622105395;4822;407;5918;5965;6.27;0.39;292.76;4.04;1096;12;2020.00;47
4825;11;622105414;4825;407;5921;5965;6.23;0.39;292.70;4.04;1096;12;2021.00;44
4826;11;622105432;4826;406;5925;5965;6.22;0.38;292.65;4.05;1099;12;2022.00;40
4828;11;622105448;4828;412;5928;5965;6.21;0.38;292.57;4.05;1100;12;2023.00;37
4833;11;622105466;4833;407;5931;5966;6.20;0.38;292.43;4.06;1098;12;2024.00;35
4836;11;622105496;4836;409;5936;5968;6.21;0.38;292.33;4.06;1100;12;2025.00;32
4839;11;622105511;4839;405;5941;5968;6.20;0.38;292.37;4.08;1102;12;2026.00;27
4840;11;622105525;4840;406;5944;5969;6.16;0.38;292.33;4.09;1104;12;2027.00;25
4843;11;622105537;4843;410;5948;5969;6.09;0.37;292.23;4.10;1105;12;2028.00;21
4847;11;622105551;4847;412;5950;5969;5.99;0.37;292.16;4.10;1103;12;2029.00;19
4847;11;622105564;4847;421;5954;5969;5.89;0.36;292.16;4.11;1107;12;2030.00;15
4852;11;622105577;4852;426;5960;5973;5.76;0.35;292.07;4.11;1108;12;2031.00;13
4854;11;622105590;4854;432;5962;5973;5.63;0.35;292.08;4.11;1108;12;2032.00;11
4854;11;622105603;4854;446;5964;5973;5.54;0.34;292.08;4.12;1110;12;2033.00;9
4855;11;622105617;4855;459;5965;5976;5.45;0.34;292.09;4.12;1110;12;2034.00;11
4857;11;622105631;4857;463;5967;5976;5.27;0.32;292.09;4.12;1110;12;2035.00;9
4857;11;622105644;4857;472;5967;5976;5.13;0.32;292.09;4.12;1110;12;2036.00;9
4859;11;622105656;4859;481;5973;5980;4.99;0.31;292.13;4.13;1114;12;2037.00;7
4859;11;622105667;4859;486;5975;5981;4.90;0.30;292.13;4.13;1116;12;2038.00;6
4862;11;622105681;4862;495;5976;5981;4.76;0.29;292.15;4.13;1114;12;2039.00;5
4865;11;622105695;4865;493;5980;5986;4.71;0.29;291.99;4.13;1115;12;2040.00;6
4869;11;622105707;4869;496;5981;5986;4.64;0.29;291.88;4.14;1112;12;2041.00;5
4871;11;622105718;4871;493;5985;5986;4.60;0.28;291.92;4.14;1114;12;2042.00;1
4873;11;622105729;4873;481;5986;5987;4.61;0.28;292.01;4.14;1113;12;2043.00;1
4876;11;622105741;4876;472;5987;5987;4.63;0.29;292.00;4.14;1111;12;2044.00;0
4878;11;622105752;4878;468;5991;5993;4.78;0.29;292.00;4.14;1113;12;2045.00;2
4880;11;622105765;4880;464;5992;5993;4.84;0.30;292.03;4.13;1112;12;2046.00;1
4882;11;622105777;4882;457;5993;5994;4.90;0.30;292.00;4.13;1111;12;2047.00;1
4888;11;622105789;4888;454;5993;5994;4.89;0.30;292.06;4.13;1105;12;2048.00;1
4892;11;622105802;4892;451;5993;5994;4.87;0.30;292.17;4.13;1101;12;2049.00;1
4893;11;622105814;4893;434;5993;5994;4.93;0.30;292.19;4.13;1100;12;2050.00;1
4895;11;622105826;4895;431;5993;5994;4.96;0.30;292.21;4.13;1098;12;2051.00;1
4898;11;622105839;4898;430;6003;6006;5.07;0.31;292.10;4.13;1105;12;2052.00;3
4902;11;622105852;4902;421;6003;6006;5.11;0.31;292.00;4.13;1101;12;2053.00;3
4905;11;622105865;4905;416;6004;6006;5.16;0.32;291.96;4.13;1099;12;2054.00;2
4908;11;622105877;4908;418;6004;6006;5.22;0.32;291.91;4.13;1096;12;2055.00;2
4909;11;622105890;4909;421;6004;6006;5.29;0.32;291.89;4.13;1095;12;2056.00;2
4911;11;622105902;4911;416;6004;6006;5.32;0.33;291.92;4.13;1093;12;2057.00;2
4915;12;622105914;4915;415;6007;6010;5.34;0.33;291.88;4.13;1092;13;2058.00;3
4916;12;622105945;4916;410;6007;6010;5.38;0.33;291.91;4.13;1091;13;2059.00;3
4920;12;622105965;4920;409;6011;6014;5.46;0.33;291.94;4.12;1091;13;2060.00;3
4923;12;622105986;4923;407;6011;6015;5.50;0.34;291.95;4.12;1088;13;2061.00;4
4925;12;622105999;4925;412;6012;6015;5.57;0.34;291.97;4.12;1087;13;2062.00;3
4928;12;622106012;4928;412;6012;6015;5.60;0.34;292.05;4.12;1084;13;2063.00;3
4931;12;622106025;4931;410;6023;6028;5.73;0.35;292.21;4.12;1092;13;2064.00;5
4935;12;622106040;4935;414;6023;6028;5.74;0.35;292.26;4.12;1088;13;2065.00;5
4939;12;622106053;4939;415;6023;6028;5.72;0.35;292.32;4.12;1084;13;2066.00;5
4941;12;622106066;4941;412;6024;6029;5.74;0.35;292.43;4.11;1083;13;2067.00;5
4946;12;622106079;4946;413;6024;6030;5.71;0.35;292.37;4.11;1078;13;2068.00;6
4950;12;622106092;4950;412;6024;6030;5.71;0.35;292.25;4.11;1074;13;2069.00;6
4953;12;622106106;4953;412;6028;6036;5.74;0.35;292.14;4.11;1075;13;2070.00;8
4958;12;622106120;4958;401;6029;6036;5.66;0.34;292.23;4.11;1071;13;2071.00;7
4963;12;622106133;4963;406;6030;6036;5.64;0.34;292.52;4.11;1067;13;2072.00;6
4965;12;622106146;4965;407;6030;6036;5.69;0.35;292.48;4.11;1065;13;2073.00;6
4971;12;622106158;4971;403;6035;6042;5.72;0.35;292.64;4.11;1064;13;2074.00;7
4974;12;622106173;4974;401;6035;6042;5.79;0.35;292.72;4.11;1061;13;2075.00;7
4978;12;622106186;4978;394;6035;6042;5.86;0.36;292.71;4.11;1057;13;2076.00;7
4982;12;622106198;4982;391;6035;6042;5.89;0.36;292.69;4.11;1053;13;2077.00;7
4983;12;622106213;4983;390;6038;6046;5.98;0.37;292.73;4.11;1055;13;2078.00;8
4988;12;622106226;4988;394;6039;6047;5.99;0.36;292.87;4.11;1051;13;2079.00;8
4990;12;622106240;4990;392;6039;6047;5.99;0.36;292.88;4.11;1049;13;2080.00;8
4993;12;622106253;4993;392;6040;6048;5.98;0.36;292.86;4.11;1047;13;2081.00;8
4999;12;622106266;4999;393;6040;6048;5.94;0.36;292.94;4.11;1041;13;2082.00;8
5002;12;622106278;5002;397;6040;6048;5.90;0.36;293.02;4.11;1038;13;2083.00;8
5006;12;622106291;5006;397;6040;6048;5.85;0.35;293.28;4.11;1034;13;2084.00;8
5008;12;622106304;5008;397;6040;6048;5.86;0.36;293.42;4.11;1032;13;2085.00;8
5012;12;622106318;5012;399;6040;6048;5.85;0.35;293.52;4.11;1028;13;2086.00;8
5016;12;622106331;5016;393;6040;6048;5.79;0.35;293.63;4.11;1024;13;2087.00;8
5018;12;622106344;5018;398;6082;6118;5.89;0.36;293.69;4.08;1064;13;2088.00;36
5023;12;622106364;5023;387;6083;6119;5.91;0.36;293.86;4.08;1060;13;2089.00;36
5025;12;622106378;5025;381;6088;6119;6.01;0.37;293.99;4.08;1063;13;2090.00;31
5030;12;622106392;5030;383;6090;6119;6.04;0.37;294.04;4.07;1060;13;2091.00;29
5032;12;622106405;5032;380;6092;6119;6.09;0.37;294.15;4.07;1060;13;2092.00;27
5033;12;622106418;5033;382;6094;6119;6.10;0.37;294.17;4.08;1061;13;2093.00;25
5036;12;622106431;5036;386;6097;6119;6.08;0.37;294.32;4.08;1061;13;2094.00;22
5040;12;622106446;5040;389;6099;6119;6.02;0.37;294.46;4.08;1059;13;2095.00;20
5044;12;622106459;5044;372;6100;6120;6.01;0.37;294.67;4.08;1056;13;2096.00;20
5046;12;622106474;5046;367;6102;6121;6.02;0.37;294.67;4.08;1056;13;2097.00;19
5049;12;622106488;5049;364;6104;6121;6.03;0.37;294.73;4.08;1055;13;2098.00;17
5051;12;622106502;5051;369;6109;6125;6.08;0.37;294.78;4.08;1058;13;2099.00;16
5052;12;622106521;5052;374;6116;6140;6.16;0.38;294.81;4.08;1064;13;2100.00;24
5053;12;622106542;5053;375;6116;6140;6.24;0.38;294.92;4.08;1063;13;2101.00;24
5055;12;622106556;5055;377;6116;6140;6.28;0.38;295.04;4.08;1061;13;2102.00;24
5058;12;622106570;5058;381;6120;6146;6.32;0.39;295.05;4.08;1062;13;2103.00;26
5062;12;622106584;5062;383;6120;6146;6.34;0.39;295.35;4.08;1058;13;2104.00;26
5064;12;622106599;5064;392;6120;6146;6.33;0.39;295.57;4.08;1056;13;2105.00;26
5068;12;622106612;5068;397;6124;6149;6.29;0.38;295.77;4.08;1056;13;2106.00;25
5071;12;622106627;5071;393;6124;6149;6.25;0.38;295.92;4.08;1053;13;2107.00;25
5075;12;622106642;5075;393;6125;6149;6.21;0.38;295.96;4.08;1050;13;2108.00;24
5078;12;622106655;5078;391;6125;6150;6.17;0.38;296.15;4.08;1047;13;2109.00;25
5080;12;622106669;5080;393;6126;6151;6.14;0.37;296.24;4.08;1046;13;2110.00;25
5086;12;622106682;5086;394;6127;6151;6.13;0.37;296.22;4.08;1041;13;2111.00;24
5088;12;622106696;5088;396;6138;6164;6.11;0.37;296.21;4.07;1050;13;2112.00;26
5090;12;622106710;5090;400;6138;6164;6.08;0.37;296.23;4.07;1048;13;2113.00;26
5092;12;622106724;5092;403;6138;6164;6.07;0.37;296.29;4.07;1046;13;2114.00;26
5097;12;622106743;5097;408;6140;6166;6.09;0.37;296.39;4.07;1043;13;2115.00;26
5099;12;622106757;5099;413;6140;6166;6.15;0.37;296.37;4.07;1041;13;2116.00;26
5101;12;622106771;5101;411;6144;6170;6.17;0.38;296.34;4.07;1043;13;2117.00;26
5106;12;622106783;5106;415;6145;6170;6.13;0.37;296.59;4.07;1039;13;2118.00;25
5109;12;622106797;5109;413;6148;6174;6.13;0.37;296.71;4.07;1039;13;2119.00;26
5111;12;622106810;5111;410;6148;6174;6.14;0.37;296.73;4.07;1037;13;2120.00;26
5112;12;622106824;5112;412;6148;6174;6.15;0.37;296.78;4.07;1036;13;2121.00;26
5113;12;622106845;5113;407;6148;6174;6.16;0.37;296.80;4.07;1035;13;2122.00;26
5113;12;622106857;5113;408;6149;6174;6.17;0.37;296.80;4.08;1036;13;2123.00;25
5116;12;622106872;5116;412;6159;6186;6.20;0.38;296.79;4.07;1043;13;2124.00;27
5118;12;622106887;5118;415;6159;6186;6.16;0.37;296.77;4.07;1041;13;2125.00;27
5118;13;622106900;5118;416;6161;6186;6.21;0.38;296.77;4.08;1043;14;2126.00;25
5120;13;622106932;5120;407;6161;6186;6.21;0.38;296.75;4.08;1041;14;2127.00;25
5121;13;622106944;5121;408;6162;6186;6.24;0.38;296.75;4.08;1041;14;2128.00;24
5122;13;622106957;5122;411;6163;6186;6.32;0.38;296.73;4.08;1041;14;2129.00;23
5122;13;622106972;5122;399;6163;6187;6.35;0.39;296.73;4.08;1041;14;2130.00;24
5122;13;622106985;5122;398;6164;6187;6.37;0.39;296.73;4.08;1042;14;2131.00;23
5123;13;622106999;5123;390;6170;6193;6.35;0.38;296.80;4.08;1047;14;2132.00;23
5124;13;622107021;5124;379;6171;6194;6.36;0.38;296.81;4.08;1047;14;2133.00;23
5126;13;622107033;5126;371;6171;6194;6.33;0.38;296.84;4.08;1045;14;2134.00;23
5130;13;622107046;5130;368;6171;6194;6.21;0.38;297.11;4.08;1041;14;2135.00;23
5133;13;622107059;5133;363;6174;6198;6.12;0.37;297.23;4.08;1041;14;2136.00;24
5136;13;622107072;5136;356;6174;6198;6.11;0.37;297.40;4.08;1038;14;2137.00;24
5136;13;622107086;5136;359;6174;6198;6.10;0.37;297.40;4.08;1038;14;2138.00;24
5138;13;622107098;5138;343;6175;6199;6.08;0.37;297.54;4.08;1037;14;2139.00;24
5140;13;622107110;5140;341;6178;6203;6.08;0.37;297.64;4.08;1038;14;2140.00;25
5143;13;622107122;5143;338;6178;6203;6.04;0.37;297.76;4.08;1035;14;2141.00;25
5145;13;622107134;5145;333;6180;6206;6.03;0.37;297.78;4.08;1035;14;2142.00;26
5148;13;622107147;5148;340;6181;6206;6.00;0.36;297.94;4.08;1033;14;2143.00;25
5151;13;622107159;5151;337;6181;6206;6.00;0.36;298.05;4.08;1030;14;2144.00;25
5154;13;622107170;5154;343;6183;6206;5.95;0.36;298.05;4.11;1029;14;2145.00;23
5157;13;622107183;5157;339;6187;6210;5.94;0.36;298.13;4.10;1030;14;2146.00;23
5160;13;622107196;5160;343;6187;6210;5.93;0.36;298.20;4.10;1027;14;2147.00;23
5165;13;622107209;5165;341;6187;6210;5.91;0.36;298.22;4.10;1022;14;2148.00;23
5169;13;622107222;5169;338;6187;6210;5.94;0.36;298.41;4.10;1018;14;2149.00;23
5172;13;622107233;5172;338;6187;6211;5.96;0.36;298.34;4.10;1015;14;2150.00;24
5176;13;622107246;5176;338;6188;6212;5.97;0.36;298.29;4.10;1012;14;2151.00;24
5177;13;622107258;5177;329;6188;6212;5.94;0.36;298.28;4.10;1011;14;2152.00;24
5179;13;622107270;5179;327;6189;6213;5.96;0.36;298.28;4.10;1010;14;2153.00;24
5179;13;622107282;5179;330;6189;6213;5.94;0.36;298.28;4.10;1010;14;2154.00;24
5182;13;622107294;5182;333;6189;6213;5.87;0.36;298.27;4.10;1007;14;2155.00;24
5183;13;622107306;5183;335;6189;6213;5.84;0.35;298.30;4.10;1006;14;2156.00;24
5184;13;622107318;5184;343;6189;6213;5.82;0.35;298.29;4.10;1005;14;2157.00;24
5185;13;622107329;5185;341;6189;6213;5.80;0.35;298.30;4.10;1004;14;2158.00;24
5187;13;622107341;5187;348;6189;6213;5.78;0.35;298.23;4.10;1002;14;2159.00;24
5187;13;622107354;5187;368;6295;6443;6.02;0.38;298.23;4.03;1108;14;2160.00;148
5188;13;622107394;5188;365;6299;6444;6.04;0.38;298.20;4.03;1111;14;2161.00;145
5190;13;622107413;5190;353;6311;6444;6.07;0.38;298.35;4.03;1121;14;2162.00;133
5191;13;622107432;5191;342;6316;6444;6.13;0.38;298.34;4.03;1125;14;2163.00;128
5192;13;622107449;5192;339;6326;6444;6.18;0.39;298.38;4.03;1134;14;2164.00;118
5192;13;622107468;5192;340;6331;6444;6.22;0.39;298.38;4.03;1139;14;2165.00;113
5195;13;622107485;5195;345;6339;6444;6.20;0.39;298.39;4.03;1144;14;2166.00;105
5195;14;622107503;5195;350;6346;6444;6.23;0.39;298.39;4.03;1151;15;2167.00;98
5199;14;622107537;5199;354;6353;6445;6.24;0.39;298.36;4.04;1154;15;2168.00;92
5201;14;622107551;5201;363;6361;6446;6.28;0.39;298.32;4.04;1160;15;2169.00;85
5203;14;622107565;5203;362;6368;6446;6.28;0.39;298.31;4.08;1165;15;2170.00;78
5206;14;622107580;5206;362;6371;6447;6.23;0.39;298.30;4.09;1165;15;2171.00;76
5206;14;622107594;5206;362;6375;6447;6.19;0.38;298.30;4.09;1169;15;2172.00;72
5209;14;622107606;5209;369;6380;6447;6.07;0.38;298.22;4.11;1171;15;2173.00;67
5211;14;622107620;5211;384;6382;6447;5.98;0.37;298.19;4.12;1171;15;2174.00;65
5215;14;622107633;5215;396;6386;6451;5.87;0.36;298.10;4.12;1171;15;2175.00;65
5217;14;622107648;5217;401;6388;6451;5.80;0.36;298.03;4.14;1171;15;2176.00;63
5219;14;622107661;5219;408;6391;6451;5.68;0.35;298.02;4.14;1172;15;2177.00;60
5219;14;622107674;5219;420;6395;6454;5.59;0.35;298.02;4.14;1176;15;2178.00;59
5221;14;622107687;5221;425;6396;6454;5.46;0.34;297.94;4.16;1175;15;2179.00;58
5221;14;622107700;5221;436;6397;6454;5.36;0.33;297.94;4.16;1176;15;2180.00;57
5224;14;622107713;5224;448;6402;6458;5.25;0.32;297.98;4.18;1178;15;2181.00;56
5229;14;622107726;5229;454;6404;6459;5.15;0.32;297.85;4.18;1175;15;2182.00;55
5231;14;622107739;5231;466;6406;6459;5.07;0.31;297.76;4.20;1175;15;2183.00;53
5233;14;622107752;5233;474;6410;6463;5.06;0.31;297.68;4.22;1177;15;2184.00;53
5234;14;622107773;5234;482;6412;6463;5.02;0.31;297.70;4.22;1178;15;2185.00;51
5237;14;622107786;5237;485;6414;6463;5.02;0.31;297.60;4.22;1177;15;2186.00;49
5239;14;622107799;5239;484;6417;6464;4.96;0.31;297.61;4.26;1178;15;2187.00;47
5240;14;622107813;5240;489;6418;6464;4.95;0.31;297.65;4.26;1178;15;2188.00;46
5241;14;622107825;5241;493;6428;6470;4.98;0.31;297.61;4.29;1187;15;2189.00;42
5242;14;622107841;5242;493;6429;6470;4.92;0.30;297.65;4.30;1187;15;2190.00;41
5243;14;622107853;5243;495;6429;6471;4.86;0.30;297.64;4.30;1186;15;2191.00;42
5247;14;622107866;5247;496;6431;6471;4.76;0.29;297.54;4.30;1184;15;2192.00;40
5248;14;622107878;5248;500;6435;6471;4.67;0.29;297.52;4.34;1187;15;2193.00;36
5252;14;622107891;5252;503;6435;6471;4.58;0.28;297.38;4.34;1183;15;2194.00;36
5255;14;622107903;5255;489;6437;6471;4.58;0.28;297.47;4.36;1182;15;2195.00;34
5257;14;622107916;5257;472;6447;6483;4.69;0.29;297.43;4.35;1190;15;2196.00;36
5257;14;622107930;5257;470;6448;6483;4.77;0.29;297.43;4.35;1191;15;2197.00;35
5259;14;622107944;5259;457;6451;6483;4.86;0.30;297.35;4.37;1192;15;2198.00;32
5262;14;622107957;5262;463;6452;6483;4.92;0.30;297.28;4.39;1190;15;2199.00;31
5262;14;622107972;5262;460;6453;6483;5.00;0.31;297.28;4.40;1191;15;2200.00;30
5264;14;622107989;5264;461;6454;6483;5.03;0.31;297.23;4.41;1190;15;2201.00;29
5266;14;622108008;5266;464;6459;6487;5.04;0.31;297.25;4.43;1193;15;2202.00;28
5268;14;622108021;5268;464;6459;6487;5.08;0.31;297.23;4.43;1191;15;2203.00;28
5269;14;622108033;5269;460;6464;6491;5.14;0.31;297.21;4.43;1195;15;2204.00;27
5271;14;622108047;5271;462;6467;6493;5.16;0.32;297.14;4.44;1196;15;2205.00;26
5274;14;622108060;5274;465;6467;6493;5.19;0.32;297.09;4.44;1193;15;2206.00;26
5277;14;622108073;5277;471;6468;6493;5.20;0.32;297.10;4.45;1191;15;2207.00;25
5280;14;622108086;5280;474;6480;6506;5.20;0.32;297.04;4.45;1200;15;2208.00;26
5280;14;622108100;5280;480;6480;6506;5.21;0.32;297.04;4.45;1200;15;2209.00;26
5285;14;622108112;5285;473;6484;6508;5.17;0.32;296.88;4.46;1199;15;2210.00;24
5288;14;622108125;5288;472;6485;6509;5.15;0.32;296.86;4.46;1197;15;2211.00;24
5289;14;622108139;5289;465;6486;6510;5.17;0.32;296.88;4.46;1197;15;2212.00;24
5291;14;622108151;5291;464;6486;6510;5.17;0.32;296.86;4.46;1195;15;2213.00;24
5293;14;622108164;5293;455;6490;6513;5.20;0.32;296.85;4.47;1197;15;2214.00;23
5295;14;622108176;5295;448;6490;6513;5.24;0.32;296.88;4.47;1195;15;2215.00;23
5299;14;622108190;5299;444;6490;6513;5.30;0.32;297.00;4.47;1191;15;2216.00;23
5302;14;622108212;5302;434;6490;6513;5.35;0.33;297.14;4.47;1188;15;2217.00;23
5305;14;622108225;5305;432;6494;6519;5.44;0.33;297.32;4.47;1189;15;2218.00;25
5307;14;622108239;5307;423;6495;6519;5.46;0.33;297.23;4.48;1188;15;2219.00;24
5311;14;622108255;5311;414;6495;6519;5.44;0.33;297.20;4.48;1184;15;2220.00;24
5313;14;622108268;5313;413;6495;6519;5.43;0.33;297.19;4.48;1182;15;2221.00;24
5318;14;622108281;5318;407;6498;6523;5.42;0.33;297.39;4.48;1180;15;2222.00;25
5323;14;622108295;5323;398;6499;6524;5.40;0.33;297.47;4.47;1176;15;2223.00;25
5327;14;622108309;5327;394;6499;6524;5.48;0.33;297.53;4.47;1172;15;2224.00;25
5331;14;622108324;5331;397;6500;6525;5.54;0.34;297.58;4.47;1169;15;2225.00;25
5336;14;622108337;5336;398;6500;6525;5.57;0.34;297.70;4.47;1164;15;2226.00;25
5339;14;622108351;5339;400;6500;6525;5.61;0.34;297.71;4.47;1161;15;2227.00;25
5340;14;622108365;5340;404;6500;6525;5.66;0.35;297.76;4.47;1160;15;2228.00;25
5345;14;622108380;5345;405;6500;6525;5.65;0.35;297.69;4.47;1155;15;2229.00;25
5349;14;622108396;5349;404;6500;6525;5.63;0.34;297.85;4.47;1151;15;2230.00;25
5354;14;622108411;5354;404;6500;6525;5.61;0.34;297.85;4.47;1146;15;2231.00;25
5358;14;622108425;5358;417;6537;6595;5.68;0.35;298.02;4.45;1179;15;2232.00;58
5363;14;622108445;5363;409;6540;6596;5.69;0.35;297.92;4.45;1177;15;2233.00;56
5367;14;622108460;5367;409;6544;6596;5.71;0.35;298.01;4.45;1177;15;2234.00;52
5373;14;622108475;5373;401;6547;6596;5.74;0.35;298.17;4.44;1174;15;2235.00;49
5375;14;622108490;5375;398;6548;6596;5.74;0.35;298.18;4.44;1173;15;2236.00;48
5381;14;622108505;5381;396;6549;6596;5.71;0.35;298.34;4.44;1168;15;2237.00;47
5384;14;622108520;5384;397;6550;6596;5.69;0.35;298.42;4.45;1166;15;2238.00;46
5390;14;622108534;5390;400;6552;6596;5.65;0.35;298.56;4.45;1162;15;2239.00;44
5394;14;622108548;5394;398;6553;6597;5.65;0.35;298.81;4.45;1159;15;2240.00;44
5396;14;622108563;5396;395;6554;6598;5.68;0.35;298.81;4.45;1158;15;2241.00;44
5399;14;622108576;5399;398;6555;6598;5.71;0.35;298.92;4.45;1156;15;2242.00;43
5404;14;622108591;5404;404;6562;6602;5.69;0.35;299.19;4.46;1158;15;2243.00;40
5405;14;622108606;5405;405;6562;6602;5.71;0.35;299.21;4.46;1157;15;2244.00;40
5408;14;622108620;5408;409;6564;6602;5.69;0.35;299.32;4.47;1156;15;2245.00;38
5412;14;622108635;5412;411;6565;6602;5.69;0.35;299.33;4.47;1153;15;2246.00;37
5414;14;622108650;5414;413;6571;6608;5.68;0.35;299.39;4.47;1157;15;2247.00;37
5418;14;622108665;5418;417;6572;6608;5.66;0.35;299.53;4.47;1154;15;2248.00;36
5420;14;622108680;5420;418;6573;6608;5.70;0.35;299.67;4.47;1153;15;2249.00;35
5423;14;622108696;5423;416;6578;6614;5.74;0.35;299.59;4.47;1155;15;2250.00;36
5428;14;622108710;5428;417;6579;6614;5.71;0.35;299.71;4.47;1151;15;2251.00;35
5432;14;622108724;5432;412;6580;6614;5.66;0.34;299.89;4.47;1148;15;2252.00;34
5437;14;622108740;5437;410;6580;6615;5.62;0.34;299.94;4.47;1143;15;2253.00;35
5437;14;622108754;5437;412;6582;6616;5.56;0.34;299.94;4.48;1145;15;2254.00;34
5443;14;622108769;5443;425;6583;6616;5.47;0.33;300.03;4.48;1140;15;2255.00;33
5444;14;622108783;5444;431;6592;6629;5.44;0.33;300.07;4.47;1148;15;2256.00;37
5447;14;622108798;5447;424;6594;6629;5.43;0.33;300.15;4.47;1147;15;2257.00;35
5453;14;622108813;5453;423;6594;6629;5.36;0.33;300.38;4.47;1141;15;2258.00;35
5453;14;622108827;5453;417;6597;6630;5.43;0.33;300.38;4.49;1144;15;2259.00;33
5457;14;622108843;5457;418;6597;6630;5.47;0.33;300.71;4.49;1140;15;2260.00;33
5459;14;622108857;5459;423;6602;6634;5.53;0.34;300.82;4.48;1143;15;2261.00;32
5463;14;622108872;5463;428;6602;6634;5.62;0.34;301.03;4.48;1139;15;2262.00;32
5465;14;622108886;5465;428;6605;6638;5.72;0.35;301.08;4.48;1140;15;2263.00;33
5470;14;622108902;5470;424;6605;6638;5.76;0.35;301.19;4.48;1135;15;2264.00;33
5471;14;622108917;5471;423;6605;6638;5.81;0.35;301.15;4.48;1134;15;2265.00;33
5474;14;622108932;5474;409;6605;6638;5.80;0.35;301.21;4.48;1131;15;2266.00;33
5478;14;622108946;5478;412;6605;6638;5.80;0.35;301.31;4.48;1127;15;2267.00;33
5480;14;622108961;5480;416;6615;6650;5.79;0.35;301.34;4.47;1135;15;2268.00;35
5482;14;622108977;5482;417;6616;6650;5.84;0.36;301.39;4.47;1134;15;2269.00;34
5484;14;622108992;5484;414;6616;6650;5.87;0.36;301.45;4.47;1132;15;2270.00;34
5489;14;622109012;5489;409;6616;6650;5.89;0.36;301.53;4.47;1127;15;2271.00;34
5494;14;622109028;5494;416;6617;6650;5.89;0.36;301.69;4.49;1123;15;2272.00;33
5497;14;622109043;5497;417;6617;6650;5.91;0.36;301.65;4.49;1120;15;2273.00;33
5502;14;622109057;5502;427;6617;6651;5.89;0.36;301.87;4.49;1115;15;2274.00;34
5504;14;622109072;5504;427;6617;6651;5.86;0.36;302.01;4.49;1113;15;2275.00;34
5506;14;622109086;5506;430;6622;6657;5.88;0.36;302.06;4.49;1116;15;2276.00;35
5509;14;622109100;5509;424;6623;6658;5.87;0.36;302.13;4.49;1114;15;2277.00;35
5510;14;622109115;5510;424;6623;6658;5.91;0.36;302.11;4.49;1113;15;2278.00;35
5514;14;622109128;5514;423;6623;6658;5.89;0.36;302.31;4.49;1109;15;2279.00;35
5516;14;622109144;5516;422;6627;6663;5.89;0.36;302.46;4.48;1111;15;2280.00;36
5517;15;622109159;5517;426;6627;6663;5.86;0.36;302.44;4.48;1110;16;2281.00;36
5520;15;622109186;5520;427;6627;6663;5.85;0.36;302.53;4.48;1107;16;2282.00;36
5525;15;622109200;5525;432;6628;6664;5.83;0.35;302.86;4.48;1103;16;2283.00;36
5529;15;622109215;5529;434;6631;6668;5.83;0.35;302.87;4.48;1102;16;2284.00;37
5530;15;622109228;5530;428;6631;6668;5.85;0.36;302.89;4.48;1101;16;2285.00;37
5532;15;622109242;5532;429;6633;6671;5.84;0.36;302.98;4.48;1101;16;2286.00;38
5533;15;622109257;5533;422;6633;6671;5.79;0.35;302.94;4.48;1100;16;2287.00;38
5535;15;622109271;5535;418;6635;6671;5.77;0.35;302.95;4.50;1100;16;2288.00;36
5538;15;622109286;5538;416;6635;6671;5.74;0.35;302.95;4.50;1097;16;2289.00;36
5540;15;622109300;5540;425;6639;6675;5.73;0.35;302.91;4.50;1099;16;2290.00;36
5544;15;622109314;5544;422;6639;6675;5.71;0.35;302.86;4.50;1095;16;2291.00;36
5544;15;622109327;5544;420;6639;6675;5.74;0.35;302.86;4.50;1095;16;2292.00;36
5545;15;622109341;5545;417;6639;6675;5.75;0.35;302.84;4.50;1094;16;2293.00;36
5546;15;622109354;5546;421;6640;6676;5.74;0.35;302.85;4.52;1094;16;2294.00;36
5549;15;622109368;5549;429;6642;6678;5.70;0.35;302.90;4.51;1093;16;2295.00;36
5551;15;622109383;5551;432;6642;6678;5.64;0.34;302.92;4.51;1091;16;2296.00;36
5554;15;622109403;5554;440;6643;6679;5.63;0.34;302.91;4.51;1089;16;2297.00;36
5557;15;622109421;5557;441;6643;6679;5.64;0.34;302.94;4.51;1086;16;2298.00;36
5558;15;622109440;5558;439;6643;6679;5.58;0.34;302.95;4.51;1085;16;2299.00;36
5562;15;622109459;5562;440;6643;6679;5.62;0.34;302.92;4.51;1081;16;2300.00;36
5564;15;622109484;5564;436;6643;6679;5.64;0.34;302.93;4.51;1079;16;2301.00;36
5565;15;622109500;5565;424;6643;6679;5.64;0.34;302.92;4.51;1078;16;2302.00;36
5569;15;622109513;5569;421;6643;6679;5.62;0.34;303.02;4.51;1074;16;2303.00;36
5570;15;622109532;5570;446;6718;6806;5.80;0.36;302.99;4.49;1148;16;2304.00;88
5574;15;622109557;5574;431;6718;6807;5.82;0.36;303.05;4.49;1144;16;2305.00;89
5576;15;622109570;5576;417;6726;6807;5.95;0.37;303.03;4.50;1150;16;2306.00;81
5578;15;622109584;5578;415;6728;6807;6.02;0.37;303.15;4.50;1150;16;2307.00;79
5580;15;622109599;5580;414;6733;6807;6.09;0.38;303.23;4.50;1153;16;2308.00;74
5582;15;622109613;5582;417;6736;6807;6.07;0.37;303.26;4.50;1154;16;2309.00;71
5583;15;622109630;5583;416;6740;6807;6.03;0.37;303.28;4.52;1157;16;2310.00;67
5586;15;622109643;5586;421;6742;6807;5.98;0.37;303.29;4.52;1156;16;2311.00;65
5588;15;622109656;5588;418;6746;6808;5.96;0.37;303.29;4.52;1158;16;2312.00;62
5591;15;622109669;5591;422;6748;6809;5.87;0.36;303.26;4.52;1157;16;2313.00;61
5595;15;622109683;5595;427;6751;6809;5.79;0.36;303.30;4.54;1156;16;2314.00;58
5597;15;622109700;5597;430;6755;6810;5.73;0.35;303.25;4.57;1158;16;2315.00;55
5601;15;622109716;5601;426;6757;6810;5.67;0.35;303.31;4.57;1156;16;2316.00;53
5604;15;622109731;5604;429;6759;6810;5.64;0.35;303.37;4.57;1155;16;2317.00;51
5606;15;622109744;5606;434;6762;6810;5.64;0.35;303.41;4.58;1156;16;2318.00;48
5609;15;622109758;5609;433;6767;6814;5.63;0.35;303.39;4.58;1158;16;2319.00;47
5613;15;622109773;5613;433;6768;6814;5.64;0.35;303.30;4.58;1155;16;2320.00;46
5615;15;622109787;5615;434;6768;6814;5.61;0.35;303.29;4.58;1153;16;2321.00;46
5623;15;622109800;5623;442;6770;6817;5.60;0.34;303.09;4.58;1147;16;2322.00;47
5625;15;622109815;5625;441;6773;6817;5.61;0.34;303.01;4.58;1148;16;2323.00;44
5627;15;622109829;5627;441;6773;6817;5.65;0.35;303.00;4.58;1146;16;2324.00;44
5628;15;622109843;5628;443;6777;6821;5.67;0.35;303.01;4.58;1149;16;2325.00;44
5629;15;622109856;5629;443;6779;6822;5.66;0.35;302.99;4.59;1150;16;2326.00;43
5631;15;622109869;5631;446;6779;6822;5.62;0.35;302.96;4.59;1148;16;2327.00;43
5634;15;622109881;5634;454;6781;6826;5.60;0.34;302.93;4.58;1147;16;2328.00;45
5637;15;622109895;5637;453;6783;6826;5.55;0.34;302.94;4.59;1146;16;2329.00;43
5639;15;622109908;5639;453;6784;6826;5.54;0.34;302.91;4.59;1145;16;2330.00;42
5641;15;622109922;5641;455;6785;6827;5.53;0.34;302.85;4.58;1144;16;2331.00;42
5641;15;622109936;5641;454;6785;6827;5.48;0.34;302.85;4.58;1144;16;2332.00;42
5643;15;622109948;5643;456;6790;6833;5.49;0.34;302.84;4.58;1147;16;2333.00;43
5643;15;622109962;5643;460;6790;6833;5.44;0.33;302.84;4.58;1147;16;2334.00;43
5648;15;622109975;5648;466;6791;6834;5.42;0.33;302.67;4.61;1143;16;2335.00;43
5649;15;622109989;5649;475;6791;6834;5.39;0.33;302.67;4.61;1142;16;2336.00;43
5652;15;622110003;5652;476;6791;6834;5.29;0.32;302.65;4.61;1139;16;2337.00;43
5654;16;622110019;5654;479;6791;6834;5.28;0.32;302.64;4.61;1137;17;2338.00;43
5655;16;622110049;5655;478;6793;6834;5.26;0.32;302.62;4.66;1138;17;2339.00;41
5657;16;622110066;5657;487;6819;6870;5.38;0.33;302.62;4.64;1162;17;2340.00;51
5659;16;622110087;5659;493;6821;6870;5.31;0.33;302.55;4.66;1162;17;2341.00;49
5659;16;622110104;5659;501;6825;6870;5.34;0.33;302.55;4.69;1166;17;2342.00;45
5661;16;622110116;5661;505;6825;6870;5.33;0.33;302.51;4.69;1164;17;2343.00;45
5662;16;622110129;5662;509;6828;6870;5.29;0.32;302.48;4.73;1166;17;2344.00;42
5664;16;622110142;5664;511;6828;6870;5.25;0.32;302.41;4.73;1164;17;2345.00;42
5665;16;622110156;5665;511;6832;6874;5.23;0.32;302.51;4.73;1167;17;2346.00;42
5667;16;622110168;5667;506;6834;6874;5.21;0.32;302.47;4.77;1167;17;2347.00;40
5670;16;622110181;5670;499;6839;6878;5.27;0.32;302.46;4.79;1169;17;2348.00;39
5672;16;622110194;5672;490;6840;6879;5.27;0.32;302.52;4.79;1168;17;2349.00;39
5673;16;622110209;5673;489;6840;6879;5.21;0.32;302.50;4.79;1167;17;2350.00;39
5675;16;622110222;5675;484;6842;6879;5.12;0.31;302.54;4.83;1167;17;2351.00;37
5675;17;622110243;5675;483;6852;6892;5.09;0.31;302.54;4.82;1177;18;2352.00;40
5677;17;622110282;5677;492;6854;6892;5.11;0.31;302.54;4.84;1177;18;2353.00;38
5678;17;622110296;5678;491;6856;6892;5.14;0.31;302.52;4.88;1178;18;2354.00;36
5679;17;622110309;5679;492;6857;6893;5.14;0.31;302.49;4.88;1178;18;2355.00;36
5680;17;622110322;5680;494;6857;6894;5.15;0.31;302.46;4.88;1177;18;2356.00;37
5680;17;622110343;5680;499;6859;6894;5.13;0.31;302.46;4.92;1179;18;2357.00;35
5683;17;622110356;5683;493;6862;6897;5.11;0.31;302.36;4.91;1179;18;2358.00;35
5685;17;622110379;5685;487;6862;6897;5.07;0.31;302.33;4.91;1177;18;2359.00;35
5686;17;622110393;5686;478;6864;6897;5.03;0.31;302.32;4.95;1178;18;2360.00;33
5686;17;622110406;5686;481;6865;6897;5.05;0.31;302.32;4.97;1179;18;2361.00;32
5688;17;622110419;5688;477;6871;6903;5.06;0.31;302.33;4.98;1183;18;2362.00;32
5689;17;622110432;5689;471;6871;6903;5.08;0.31;302.32;4.98;1182;18;2363.00;32
5690;17;622110445;5690;471;6873;6903;5.12;0.31;302.30;5.01;1183;18;2364.00;30
5692;17;622110457;5692;473;6873;6903;5.14;0.31;302.24;5.01;1181;18;2365.00;30
5695;17;622110471;5695;474;6876;6907;5.20;0.32;302.20;5.01;1181;18;2366.00;31
5696;17;622110484;5696;473;6879;6908;5.23;0.32;302.18;5.04;1183;18;2367.00;29
5698;17;622110498;5698;465;6879;6908;5.29;0.32;302.17;5.04;1181;18;2368.00;29
5699;17;622110512;5699;456;6880;6909;5.40;0.33;302.15;5.04;1181;18;2369.00;29
5703;17;622110526;5703;458;6882;6909;5.39;0.33;302.05;5.07;1179;18;2370.00;27
5704;17;622110539;5704;455;6882;6909;5.39;0.33;302.09;5.07;1178;18;2371.00;27
5708;17;622110551;5708;454;6884;6909;5.30;0.32;302.12;5.09;1176;18;2372.00;25
5710;17;622110563;5710;454;6884;6909;5.27;0.32;302.14;5.09;1174;18;2373.00;25
5712;17;622110576;5712;450;6886;6909;5.21;0.32;302.14;5.11;1174;18;2374.00;23
5715;17;622110588;5715;453;6886;6909;5.16;0.31;302.16;5.11;1171;18;2375.00;23
5716;17;622110601;5716;457;6931;6979;5.27;0.32;302.21;5.09;1215;18;2376.00;48
5722;17;622110620;5722;454;6934;6980;5.22;0.32;302.30;5.10;1212;18;2377.00;46
5722;17;622110633;5722;451;6940;6980;5.28;0.32;302.30;5.10;1218;18;2378.00;40
5724;17;622110648;5724;458;6943;6980;5.21;0.32;302.33;5.11;1219;18;2379.00;37
5727;17;622110663;5727;450;6946;6980;5.22;0.32;302.40;5.12;1219;18;2380.00;34
5732;17;622110677;5732;447;6949;6980;5.23;0.32;302.51;5.12;1217;18;2381.00;31
5734;17;622110691;5734;448;6952;6980;5.21;0.32;302.60;5.13;1218;18;2382.00;28
5738;17;622110705;5738;454;6952;6980;5.19;0.32;302.70;5.13;1214;18;2383.00;28
5742;17;622110719;5742;449;6956;6981;5.10;0.31;302.92;5.14;1214;18;2384.00;25
5743;17;622110732;5743;452;6958;6983;5.07;0.31;302.94;5.15;1215;18;2385.00;25
5747;17;622110746;5747;456;6960;6983;5.06;0.31;303.02;5.15;1213;18;2386.00;23
5750;17;622110760;5750;449;6963;6987;5.06;0.31;303.21;5.15;1213;18;2387.00;24
5753;17;622110775;5753;453;6963;6987;5.07;0.31;303.19;5.15;1210;18;2388.00;24
5756;17;622110789;5756;449;6964;6987;5.08;0.31;303.27;5.15;1208;18;2389.00;23
5760;17;622110803;5760;444;6964;6987;5.13;0.31;303.25;5.15;1204;18;2390.00;23
5763;17;622110817;5763;442;6969;6993;5.15;0.31;303.24;5.15;1206;18;2391.00;24
5766;17;622110831;5766;439;6970;6993;5.16;0.32;303.44;5.15;1204;18;2392.00;23
5768;17;622110845;5768;432;6970;6993;5.21;0.32;303.57;5.15;1202;18;2393.00;23
5770;17;622110858;5770;427;6971;6996;5.26;0.32;303.62;5.15;1201;18;2394.00;25
5772;17;622110873;5772;422;6971;6996;5.33;0.33;303.67;5.15;1199;18;2395.00;25
5777;17;622110886;5777;424;6971;6996;5.38;0.33;303.63;5.15;1194;18;2396.00;25
5782;17;622110901;5782;425;6971;6997;5.40;0.33;303.80;5.15;1189;18;2397.00;26
5786;17;622110915;5786;421;6972;6998;5.45;0.33;303.88;5.15;1186;18;2398.00;26
5789;17;622110930;5789;414;6972;6998;5.50;0.34;303.96;5.15;1183;18;2399.00;26
5796;17;622110947;5796;424;6996;7057;5.47;0.33;304.02;5.13;1200;18;2400.00;61
5800;17;622110974;5800;419;6997;7057;5.51;0.34;304.20;5.13;1197;18;2401.00;60
5802;17;622110989;5802;414;6999;7057;5.57;0.34;304.25;5.13;1197;18;2402.00;58
5808;17;622111003;5808;412;6999;7058;5.59;0.34;304.58;5.13;1191;18;2403.00;59
5814;17;622111018;5814;408;7001;7058;5.61;0.34;304.61;5.13;1187;18;2404.00;57
5819;17;622111033;5819;418;7003;7062;5.58;0.34;304.69;5.13;1184;18;2405.00;59
5825;17;622111048;5825;419;7006;7062;5.53;0.34;304.90;5.13;1181;18;2406.00;56
5831;17;622111063;5831;416;7009;7066;5.54;0.34;304.98;5.13;1178;18;2407.00;57
5835;17;622111096;5835;424;7010;7066;5.53;0.34;305.06;5.13;1175;18;2408.00;56
5841;17;622111111;5841;423;7010;7066;5.48;0.34;305.27;5.13;1169;18;2409.00;56
5845;17;622111125;5845;427;7012;7066;5.47;0.33;305.35;5.13;1167;18;2410.00;54
5850;17;622111140;5850;434;7013;7066;5.47;0.33;305.41;5.13;1163;18;2411.00;53
5854;17;622111155;5854;435;7020;7078;5.49;0.33;305.51;5.13;1166;18;2412.00;58
5857;17;622111170;5857;441;7022;7078;5.49;0.33;305.49;5.13;1165;18;2413.00;56
5860;17;622111185;5860;445;7024;7078;5.51;0.33;305.56;5.13;1164;18;2414.00;54
5864;17;622111199;5864;444;7025;7078;5.50;0.33;305.53;5.13;1161;18;2415.00;53
5868;17;622111214;5868;442;7025;7078;5.52;0.33;305.79;5.13;1157;18;2416.00;53
5870;17;622111230;5870;451;7028;7078;5.54;0.34;305.84;5.14;1158;18;2417.00;50
5873;17;622111243;5873;451;7029;7079;5.54;0.34;305.94;5.14;1156;18;2418.00;50
5875;17;622111258;5875;454;7032;7079;5.57;0.34;306.04;5.14;1157;18;2419.00;47
5879;17;622111272;5879;456;7036;7085;5.59;0.34;306.04;5.15;1157;18;2420.00;49
5881;17;622111287;5881;457;7037;7086;5.58;0.34;306.06;5.15;1156;18;2421.00;49
5885;17;622111301;5885;462;7039;7086;5.57;0.34;306.15;5.15;1154;18;2422.00;47
5888;17;622111316;5888;468;7040;7086;5.54;0.34;306.26;5.16;1152;18;2423.00;46
5891;17;622111329;5891;470;7043;7090;5.52;0.34;306.41;5.16;1152;18;2424.00;47
5894;17;622111343;5894;473;7044;7090;5.52;0.34;306.48;5.16;1150;18;2425.00;46
5897;17;622111356;5897;474;7047;7090;5.48;0.33;306.60;5.16;1150;18;2426.00;43
5901;17;622111371;5901;468;7048;7091;5.43;0.33;306.73;5.16;1147;18;2427.00;43
5903;17;622111390;5903;463;7051;7095;5.42;0.33;306.85;5.16;1148;18;2428.00;44
5907;17;622111410;5907;460;7051;7095;5.36;0.33;306.96;5.16;1144;18;2429.00;44
5911;17;622111431;5911;460;7057;7101;5.38;0.33;307.10;5.16;1146;18;2430.00;44
5913;17;622111452;5913;459;7057;7101;5.32;0.32;307.20;5.16;1144;18;2431.00;44
5914;17;622111473;5914;459;7057;7101;5.34;0.33;307.27;5.16;1143;18;2432.00;44
5917;17;622111493;5917;466;7058;7101;5.28;0.32;307.49;5.16;1141;18;2433.00;43
5919;17;622111510;5919;463;7062;7105;5.26;0.32;307.46;5.16;1143;18;2434.00;43
5922;17;622111526;5922;461;7062;7105;5.27;0.32;307.67;5.16;1140;18;2435.00;43
5926;17;622111540;5926;458;7062;7105;5.29;0.32;307.75;5.16;1136;18;2436.00;43
5928;17;622111555;5928;458;7062;7105;5.33;0.32;307.71;5.16;1134;18;2437.00;43
5930;17;622111577;5930;465;7063;7106;5.35;0.33;307.68;5.17;1133;18;2438.00;43
5933;18;622111592;5933;467;7065;7107;5.37;0.33;307.82;5.17;1132;19;2439.00;42
5934;18;622111622;5934;466;7065;7107;5.33;0.32;307.84;5.17;1131;19;2440.00;42
5936;18;622111636;5936;469;7066;7108;5.28;0.32;307.85;5.17;1130;19;2441.00;42
5938;18;622111651;5938;474;7066;7108;5.26;0.32;307.96;5.17;1128;19;2442.00;42
5942;18;622111665;5942;478;7066;7108;5.25;0.32;308.02;5.17;1124;19;2443.00;42
5946;18;622111679;5946;487;7067;7108;5.23;0.32;308.12;5.17;1121;19;2444.00;41
5947;18;622111694;5947;494;7067;7108;5.23;0.32;308.15;5.17;1120;19;2445.00;41
5950;18;622111707;5950;497;7067;7108;5.25;0.32;308.31;5.17;1117;20;2446.00;41
5952;18;622111731;5952;497;7067;7108;5.27;0.32;308.36;5.17;1115;20;2447.00;41
5953;18;622111746;5953;515;7132;7235;5.38;0.33;308.42;5.13;1179;20;2448.00;103
5956;18;622111771;5956;502;7136;7236;5.40;0.33;308.55;5.14;1180;20;2449.00;100
5956;18;622111784;5956;494;7142;7236;5.51;0.34;308.55;5.14;1186;20;2450.00;94
5960;18;622111799;5960;491;7144;7236;5.56;0.34;308.66;5.14;1184;20;2451.00;92
5964;18;622111819;5964;487;7149;7236;5.64;0.35;308.72;5.14;1185;20;2452.00;87
5966;18;622111834;5966;485;7153;7236;5.69;0.35;308.71;5.14;1187;20;2453.00;83
5966;18;622111856;5966;480;7155;7236;5.69;0.35;308.71;5.14;1189;20;2454.00;81
5970;18;622111881;5970;477;7160;7236;5.70;0.35;308.76;5.15;1190;20;2455.00;76
5972;18;622111897;5972;474;7162;7237;5.73;0.35;308.78;5.15;1190;20;2456.00;75
5975;18;622111913;5975;476;7165;7238;5.69;0.35;308.91;5.15;1190;20;2457.00;73
5977;18;622111928;5977;477;7169;7238;5.63;0.34;308.88;5.15;1192;20;2458.00;69
5978;18;622111951;5978;476;7170;7239;5.56;0.34;308.86;5.15;1192;20;2459.00;69
5979;18;622111969;5979;480;7172;7239;5.49;0.33;308.97;5.15;1193;20;2460.00;67
5979;18;622111984;5979;489;7177;7239;5.42;0.33;308.97;5.17;1198;20;2461.00;62
5979;18;622111998;5979;488;7179;7239;5.39;0.33;308.97;5.17;1200;20;2462.00;60
5980;18;622112011;5980;497;7182;7243;5.40;0.33;308.99;5.17;1202;20;2463.00;61
5981;18;622112036;5981;503;7184;7243;5.39;0.33;308.98;5.17;1203;20;2464.00;59
5984;18;622112052;5984;503;7186;7243;5.40;0.33;309.02;5.18;1202;20;2465.00;57
5985;18;622112068;5985;511;7190;7246;5.43;0.33;309.01;5.19;1205;20;2466.00;56
5986;18;622112083;5986;512;7191;7246;5.40;0.33;308.98;5.19;1205;20;2467.00;55
5986;18;622112097;5986;516;7194;7246;5.39;0.33;308.98;5.20;1208;20;2468.00;52
5989;18;622112111;5989;518;7197;7250;5.37;0.33;309.05;5.20;1208;20;2469.00;53
5990;18;622112126;5990;518;7199;7251;5.35;0.33;309.05;5.20;1209;20;2470.00;52
5992;18;622112141;5992;524;7200;7251;5.28;0.32;308.99;5.20;1208;20;2471.00;51
5994;18;622112155;5994;521;7204;7255;5.26;0.32;309.03;5.20;1210;20;2472.00;51
5997;18;622112169;5997;516;7205;7255;5.20;0.32;309.08;5.20;1208;20;2473.00;50
6001;18;622112183;6001;519;7205;7255;5.18;0.32;309.07;5.20;1204;20;2474.00;50
6004;18;622112198;6004;516;7207;7257;5.16;0.32;309.07;5.20;1203;20;2475.00;50
6006;18;622112213;6006;517;7207;7257;5.10;0.31;309.15;5.20;1201;20;2476.00;50
6009;18;622112227;6009;511;7212;7263;5.12;0.31;309.13;5.20;1203;20;2477.00;51
6012;18;622112241;6012;510;7212;7263;5.10;0.31;309.15;5.20;1200;20;2478.00;51
6015;18;622112255;6015;507;7212;7264;5.09;0.31;309.09;5.20;1197;20;2479.00;52
6019;18;622112269;6019;501;7212;7264;5.07;0.31;309.24;5.20;1193;20;2480.00;52
6020;18;622112282;6020;500;7212;7264;5.07;0.31;309.27;5.20;1192;20;2481.00;52
6024;18;622112295;6024;497;7212;7264;5.02;0.31;309.33;5.20;1188;20;2482.00;52
6028;18;622112309;6028;488;7212;7264;4.94;0.30;309.39;5.20;1184;20;2483.00;52
6031;18;622112322;6031;484;7222;7276;4.99;0.30;309.39;5.19;1191;20;2484.00;54
6034;18;622112337;6034;488;7225;7276;5.01;0.31;309.36;5.24;1191;20;2485.00;51
6038;18;622112351;6038;492;7225;7276;4.98;0.30;309.25;5.24;1187;20;2486.00;51
6040;18;622112364;6040;496;7225;7276;4.98;0.30;309.27;5.24;1185;20;2487.00;51
6045;18;622112378;6045;505;7225;7276;4.91;0.30;309.16;5.24;1180;20;2488.00;51
6049;18;622112397;6049;506;7226;7276;4.89;0.30;309.11;5.25;1177;20;2489.00;50
6052;18;622112413;6052;503;7229;7280;4.85;0.30;309.07;5.24;1177;20;2490.00;51
6053;18;622112427;6053;497;7230;7280;4.83;0.29;309.03;5.27;1177;20;2491.00;50
6054;18;622112440;6054;499;7234;7284;4.85;0.29;309.02;5.27;1180;20;2492.00;50
6058;18;622112455;6058;499;7235;7285;4.82;0.29;308.99;5.26;1177;20;2493.00;50
6059;18;622112468;6059;502;7235;7285;4.88;0.30;309.05;5.26;1176;20;2494.00;50
6060;18;622112481;6060;501;7235;7285;4.88;0.30;309.01;5.26;1175;20;2495.00;50
6060;18;622112494;6060;513;7245;7298;4.91;0.30;309.01;5.27;1185;20;2496.00;53
6062;18;622112507;6062;515;7245;7298;4.90;0.30;308.97;5.27;1183;20;2497.00;53
6065;18;622112520;6065;520;7245;7298;4.88;0.30;308.94;5.27;1180;20;2498.00;53
6066;18;622112532;6066;512;7246;7299;4.90;0.30;308.90;5.27;1180;20;2499.00;53
6068;18;622112546;6068;499;7246;7300;4.94;0.30;308.87;5.27;1178;20;2500.00;54
6071;18;622112564;6071;493;7248;7300;4.95;0.30;308.81;5.29;1177;20;2501.00;52
6072;18;622112578;6072;493;7250;7303;4.98;0.30;308.77;5.29;1178;20;2502.00;53
6073;18;622112592;6073;492;7251;7303;4.99;0.30;308.72;5.30;1178;20;2503.00;52
6075;18;622112605;6075;490;7252;7303;5.02;0.30;308.74;5.29;1177;20;2504.00;51
6075;18;622112618;6075;482;7252;7303;5.00;0.30;308.74;5.29;1177;20;2505.00;51
6076;18;622112639;6076;480;7258;7309;5.08;0.31;308.72;5.30;1182;20;2506.00;51
6077;18;622112657;6077;469;7258;7309;5.11;0.31;308.83;5.30;1181;20;2507.00;51
6077;18;622112680;6077;467;7258;7309;5.14;0.31;308.83;5.30;1181;20;2508.00;51
6078;18;622112695;6078;470;7259;7309;5.15;0.31;308.82;5.31;1181;20;2509.00;50
6079;18;622112709;6079;464;7263;7313;5.16;0.31;308.83;5.33;1184;20;2510.00;50
6081;18;622112724;6081;456;7266;7314;5.19;0.32;308.78;5.34;1185;20;2511.00;48
6082;18;622112737;6082;449;7266;7314;5.22;0.32;308.78;5.34;1184;20;2512.00;48
6085;18;622112751;6085;452;7272;7315;5.21;0.32;308.71;5.43;1187;20;2513.00;43
6087;18;622112765;6087;442;7272;7315;5.24;0.32;308.66;5.43;1185;20;2514.00;43
6087;18;622112778;6087;443;7272;7315;5.26;0.32;308.66;5.43;1185;20;2515.00;43
6089;18;622112792;6089;448;7274;7315;5.26;0.32;308.63;5.48;1185;20;2516.00;41
6090;18;622112806;6090;438;7274;7315;5.25;0.32;308.61;5.48;1184;20;2517.00;41
6090;18;622112819;6090;438;7276;7315;5.26;0.32;308.61;5.52;1186;20;2518.00;39
6093;18;622112832;6093;438;7276;7315;5.26;0.32;308.57;5.52;1183;20;2519.00;39
6095;18;622112847;6095;442;7329;7440;5.58;0.34;308.58;5.50;1234;20;2520.00;111
6098;18;622112871;6098;435;7333;7441;5.61;0.35;308.48;5.52;1235;20;2521.00;108
6099;18;622112885;6099;435;7343;7441;5.66;0.35;308.51;5.51;1244;20;2522.00;98
6100;18;622112898;6100;437;7349;7441;5.63;0.35;308.48;5.51;1249;20;2523.00;92
6103;18;622112911;6103;441;7360;7441;5.62;0.34;308.44;5.55;1257;20;2524.00;81
6106;19;622112925;6106;432;7362;7441;5.58;0.34;308.52;5.55;1256;22;2525.00;79
6109;19;622112961;6109;428;7367;7441;5.53;0.34;308.60;5.55;1258;22;2526.00;74
6111;19;622112975;6111;431;7374;7441;5.51;0.34;308.70;5.55;1263;23;2527.00;67
6112;19;622112996;6112;430;7382;7442;5.46;0.33;308.65;5.59;1270;23;2528.00;60
6115;19;622113010;6115;436;7386;7443;5.39;0.33;308.71;5.59;1271;23;2529.00;57
6118;19;622113025;6118;427;7389;7443;5.27;0.32;308.82;5.59;1271;23;2530.00;54
6122;19;622113038;6122;427;7392;7447;5.22;0.32;308.99;5.59;1270;23;2531.00;55
6125;19;622113053;6125;435;7394;7447;5.17;0.32;309.04;5.63;1269;23;2532.00;53
6126;19;622113066;6126;447;7394;7447;5.16;0.32;309.01;5.63;1268;23;2533.00;53
6129;19;622113081;6129;451;7394;7447;5.13;0.31;309.11;5.63;1265;23;2534.00;53
6129;19;622113101;6129;453;7399;7453;5.13;0.31;309.11;5.63;1270;23;2535.00;54
6130;19;622113115;6130;462;7399;7453;5.13;0.31;309.16;5.63;1269;23;2536.00;54
6133;19;622113129;6133;459;7400;7455;5.12;0.31;309.34;5.63;1267;23;2537.00;55
6136;19;622113144;6136;464;7403;7458;5.08;0.31;309.33;5.62;1267;23;2538.00;55
6139;19;622113157;6139;462;7403;7458;5.09;0.31;309.47;5.62;1264;23;2539.00;55
6140;19;622113171;6140;465;7403;7458;5.12;0.31;309.52;5.62;1263;23;2540.00;55
6142;19;622113186;6142;459;7403;7459;5.13;0.31;309.57;5.62;1261;23;2541.00;56
6146;19;622113200;6146;464;7405;7460;5.08;0.31;309.63;5.62;1259;23;2542.00;55
6151;19;622113215;6151;463;7405;7460;5.03;0.31;309.80;5.62;1254;23;2543.00;55
6154;19;622113231;6154;462;7415;7473;5.02;0.31;309.74;5.61;1261;23;2544.00;58
6155;19;622113246;6155;462;7415;7473;5.06;0.31;309.73;5.61;1260;23;2545.00;58
6160;19;622113261;6160;463;7415;7473;5.09;0.31;309.95;5.61;1255;23;2546.00;58
6162;19;622113274;6162;465;7416;7474;5.07;0.31;309.92;5.61;1254;23;2547.00;58
6165;19;622113287;6165;464;7416;7474;5.07;0.31;310.03;5.61;1251;23;2548.00;58
6168;19;622113302;6168;461;7420;7478;5.04;0.31;310.10;5.61;1252;23;2549.00;58
6172;19;622113321;6172;454;7422;7481;4.99;0.31;310.31;5.61;1250;23;2550.00;59
6175;19;622113337;6175;451;7425;7485;4.95;0.30;310.36;5.61;1250;23;2551.00;60
6178;19;622113351;6178;442;7427;7485;4.96;0.30;310.36;5.61;1249;23;2552.00;58
6182;19;622113365;6182;438;7427;7485;4.95;0.30;310.36;5.61;1245;23;2553.00;58
6186;19;622113379;6186;428;7427;7485;5.00;0.31;310.56;5.61;1241;23;2554.00;58
6191;19;622113399;6191;429;7427;7485;5.05;0.31;310.49;5.61;1236;23;2555.00;58
6193;19;622113419;6193;431;7438;7497;5.16;0.32;310.54;5.60;1245;23;2556.00;59
6196;19;622113445;6196;424;7438;7497;5.27;0.33;310.64;5.60;1242;23;2557.00;59
6199;19;622113467;6199;417;7438;7497;5.37;0.33;310.73;5.60;1239;23;2558.00;59
6202;19;622113488;6202;415;7438;7497;5.46;0.34;310.76;5.60;1236;23;2559.00;59
6206;19;622113508;6206;404;7438;7497;5.51;0.34;310.78;5.60;1232;23;2560.00;59
6207;19;622113524;6207;393;7438;7497;5.57;0.34;310.81;5.60;1231;23;2561.00;59
6214;19;622113539;6214;385;7438;7498;5.58;0.34;310.83;5.60;1224;23;2562.00;60
6219;19;622113555;6219;380;7438;7498;5.64;0.35;311.16;5.60;1219;23;2563.00;60
6223;19;622113571;6223;376;7443;7504;5.68;0.35;311.23;5.60;1220;23;2564.00;61
6228;19;622113587;6228;369;7445;7506;5.71;0.35;311.49;5.60;1217;23;2565.00;61
6232;19;622113603;6232;367;7445;7506;5.82;0.36;311.59;5.60;1213;23;2566.00;61
6236;19;622113618;6236;365;7445;7506;5.86;0.36;311.70;5.60;1209;23;2567.00;61
6240;19;622113632;6240;354;7447;7510;5.91;0.36;311.74;5.59;1207;23;2568.00;63
6246;19;622113648;6246;356;7448;7510;5.94;0.36;311.72;5.59;1202;23;2569.00;62
6250;19;622113663;6250;354;7448;7510;5.96;0.37;311.72;5.59;1198;23;2570.00;62
6257;19;622113678;6257;350;7449;7511;5.94;0.36;312.00;5.59;1192;23;2571.00;62
6262;19;622113693;6262;350;7452;7515;5.94;0.36;312.00;5.59;1190;23;2572.00;63
6267;19;622113709;6267;352;7452;7515;5.91;0.36;312.15;5.59;1185;23;2573.00;63
6271;19;622113724;6271;347;7455;7518;5.90;0.36;312.17;5.59;1184;23;2574.00;63
6275;19;622113738;6275;348;7455;7518;5.93;0.36;312.20;5.59;1180;23;2575.00;63
6280;19;622113753;6280;352;7455;7518;5.92;0.36;312.23;5.59;1175;23;2576.00;63
6290;19;622113768;6290;365;7455;7518;5.92;0.36;312.41;5.59;1165;23;2577.00;63
6293;19;622113783;6293;364;7459;7522;5.93;0.36;312.36;5.59;1166;23;2578.00;63
6299;19;622113800;6299;370;7459;7522;5.93;0.36;312.50;5.59;1160;23;2579.00;63
6305;19;622113820;6305;372;7459;7522;5.92;0.36;312.73;5.59;1154;23;2580.00;63
6309;19;622113837;6309;377;7459;7522;5.93;0.36;312.82;5.59;1150;23;2581.00;63
6313;19;622113853;6313;376;7459;7523;5.92;0.36;312.98;5.59;1146;23;2582.00;64
6316;19;622113868;6316;383;7460;7524;5.92;0.36;313.10;5.59;1144;23;2583.00;64
6323;19;622113885;6323;380;7460;7524;5.91;0.36;313.24;5.59;1137;23;2584.00;64
6325;19;622113899;6325;382;7461;7525;6.00;0.37;313.35;5.58;1136;23;2585.00;64
6328;19;622113913;6328;384;7461;7525;5.97;0.36;313.30;5.58;1133;23;2586.00;64
6334;19;622113927;6334;390;7461;7525;5.98;0.36;313.45;5.58;1127;23;2587.00;64
6338;19;622113942;6338;393;7461;7525;5.97;0.36;313.60;5.58;1123;23;2588.00;64
6341;19;622113956;6341;398;7461;7525;5.95;0.36;313.86;5.58;1120;23;2589.00;64
6343;19;622113970;6343;408;7461;7525;5.89;0.36;313.94;5.58;1118;23;2590.00;64
6349;19;622113984;6349;408;7461;7525;5.83;0.36;314.22;5.58;1112;23;2591.00;64
6351;19;622113998;6351;430;7531;7652;5.92;0.37;314.32;5.53;1180;23;2592.00;121
6355;19;622114022;6355;433;7534;7653;5.85;0.36;314.39;5.53;1179;23;2593.00;119
6356;19;622114036;6356;438;7539;7653;5.88;0.36;314.49;5.53;1183;23;2594.00;114
6358;19;622114050;6358;444;7539;7653;5.84;0.36;314.42;5.53;1181;23;2595.00;114
6360;19;622114065;6360;445;7544;7653;5.85;0.36;314.54;5.53;1184;23;2596.00;109
6362;19;622114081;6362;434;7546;7653;5.85;0.36;314.60;5.53;1184;23;2597.00;107
6364;19;622114096;6364;435;7548;7653;5.85;0.36;314.62;5.53;1184;23;2598.00;105
6366;19;622114110;6366;435;7551;7653;5.83;0.36;314.64;5.53;1185;23;2599.00;102
6372;19;622114126;6372;446;7555;7654;5.75;0.35;314.79;5.53;1183;23;2600.00;99
6374;19;622114152;6374;454;7560;7655;5.75;0.35;314.78;5.53;1186;23;2601.00;95
6376;19;622114167;6376;451;7562;7655;5.71;0.35;314.80;5.53;1186;23;2602.00;93
6378;19;622114181;6378;457;7566;7656;5.69;0.35;314.82;5.54;1188;23;2603.00;90
6381;19;622114195;6381;463;7567;7656;5.62;0.35;314.95;5.54;1186;23;2604.00;89
6383;19;622114209;6383;467;7571;7656;5.58;0.34;314.99;5.54;1188;23;2605.00;85
6388;19;622114224;6388;467;7573;7656;5.57;0.34;315.16;5.54;1185;23;2606.00;83
6391;19;622114242;6391;470;7577;7660;5.59;0.34;315.15;5.54;1186;23;2607.00;83
6395;19;622114258;6395;473;7580;7660;5.55;0.34;315.20;5.55;1185;23;2608.00;80
6397;19;622114274;6397;474;7582;7660;5.57;0.34;315.26;5.56;1185;23;2609.00;78
6398;19;622114292;6398;479;7586;7666;5.57;0.34;315.23;5.55;1188;23;2610.00;80
6399;19;622114315;6399;482;7586;7666;5.57;0.34;315.24;5.55;1187;23;2611.00;80
6401;19;622114330;6401;486;7589;7666;5.57;0.34;315.23;5.56;1188;23;2612.00;77
6404;19;622114344;6404;482;7593;7670;5.53;0.34;315.24;5.56;1189;23;2613.00;77
6409;19;622114359;6409;491;7595;7671;5.55;0.34;315.22;5.56;1186;23;2614.00;76
6411;19;622114374;6411;489;7596;7671;5.55;0.34;315.22;5.56;1185;23;2615.00;75
6412;19;622114390;6412;492;7599;7675;5.55;0.34;315.22;5.56;1187;23;2616.00;76
6413;19;622114405;6413;487;7599;7675;5.51;0.34;315.22;5.56;1186;23;2617.00;76
6418;19;622114419;6418;486;7599;7675;5.52;0.34;315.27;5.56;1181;23;2618.00;76
6419;19;622114435;6419;491;7600;7676;5.52;0.34;315.24;5.55;1181;23;2619.00;76
6420;19;622114449;6420;487;7600;7676;5.53;0.34;315.21;5.55;1180;23;2620.00;76
6423;19;622114463;6423;488;7605;7682;5.54;0.34;315.26;5.55;1182;23;2621.00;77
6427;19;622114480;6427;480;7605;7682;5.52;0.34;315.30;5.55;1178;23;2622.00;77
6431;19;622114494;6431;482;7605;7683;5.53;0.34;315.35;5.55;1174;23;2623.00;78
6432;19;622114508;6432;485;7606;7683;5.51;0.34;315.40;5.56;1174;23;2624.00;77
6435;19;622114522;6435;491;7606;7683;5.46;0.33;315.41;5.56;1171;23;2625.00;77
6435;19;622114536;6435;489;7606;7683;5.42;0.33;315.41;5.56;1171;23;2626.00;77
6438;19;622114551;6438;489;7607;7683;5.34;0.33;315.39;5.58;1169;23;2627.00;76
6440;19;622114565;6440;495;7616;7695;5.32;0.33;315.37;5.57;1176;23;2628.00;79
6444;19;622114580;6444;499;7617;7695;5.27;0.32;315.35;5.57;1173;23;2629.00;78
6446;19;622114594;6446;508;7618;7695;5.24;0.32;315.34;5.57;1172;23;2630.00;77
6450;19;622114608;6450;510;7618;7695;5.16;0.31;315.28;5.57;1168;23;2631.00;77
6452;19;622114621;6452;516;7618;7695;5.07;0.31;315.26;5.57;1166;23;2632.00;77
6454;19;622114635;6454;517;7618;7695;5.00;0.30;315.18;5.57;1164;23;2633.00;77
6457;20;622114650;6457;526;7621;7699;4.96;0.30;315.13;5.57;1164;24;2634.00;78
6459;20;622114681;6459;525;7621;7699;4.94;0.30;315.06;5.57;1162;24;2635.00;78
6462;20;622114695;6462;528;7625;7703;4.92;0.30;315.12;5.57;1163;24;2636.00;78
6466;20;622114717;6466;531;7626;7704;4.90;0.30;315.26;5.57;1160;24;2637.00;78
6467;20;622114730;6467;526;7626;7704;4.87;0.30;315.26;5.57;1159;24;2638.00;78
6468;20;622114744;6468;527;7626;7704;4.87;0.30;315.22;5.57;1158;24;2639.00;78
6469;20;622114758;6469;538;7648;7733;4.91;0.30;315.30;5.55;1179;24;2640.00;85
6472;20;622114774;6472;532;7648;7733;4.92;0.30;315.35;5.55;1176;24;2641.00;85
6473;20;622114788;6473;527;7651;7733;4.97;0.30;315.35;5.55;1178;24;2642.00;82
6477;20;622114801;6477;531;7652;7734;4.95;0.30;315.39;5.55;1175;24;2643.00;82
6479;20;622114814;6479;532;7652;7735;4.98;0.30;315.47;5.55;1173;24;2644.00;83
6483;20;622114829;6483;522;7652;7735;4.97;0.30;315.48;5.55;1169;24;2645.00;83
6484;20;622114843;6484;517;7654;7738;5.00;0.30;315.46;5.55;1170;24;2646.00;84
6487;20;622114857;6487;517;7654;7738;4.98;0.30;315.40;5.55;1167;24;2647.00;84
6488;20;622114871;6488;517;7655;7738;5.01;0.30;315.40;5.55;1167;24;2648.00;83
6490;20;622114883;6490;516;7655;7738;4.98;0.30;315.40;5.55;1165;24;2649.00;83
6490;20;622114897;6490;510;7660;7744;4.97;0.30;315.40;5.54;1170;24;2650.00;84
6490;20;622114911;6490;495;7660;7744;4.94;0.30;315.40;5.54;1170;24;2651.00;84
6491;20;622114923;6491;476;7660;7744;4.91;0.30;315.43;5.54;1169;24;2652.00;84
6493;20;622114937;6493;464;7660;7744;4.89;0.30;315.47;5.54;1167;24;2653.00;84
6495;20;622114949;6495;464;7663;7748;4.92;0.30;315.50;5.54;1168;24;2654.00;85
6497;20;622114972;6497;456;7667;7750;4.97;0.30;315.61;5.61;1170;24;2655.00;83
6498;20;622114988;6498;454;7667;7750;4.99;0.30;315.61;5.61;1169;24;2656.00;83
6501;20;622115001;6501;461;7668;7751;5.06;0.31;315.65;5.60;1167;24;2657.00;83
6504;20;622115023;6504;452;7668;7751;5.12;0.31;315.64;5.60;1164;24;2658.00;83
6507;20;622115037;6507;447;7668;7751;5.18;0.31;315.69;5.60;1161;24;2659.00;83
6509;20;622115050;6509;448;7668;7751;5.28;0.32;315.66;5.60;1159;24;2660.00;83
6510;20;622115065;6510;446;7668;7751;5.32;0.32;315.67;5.60;1158;24;2661.00;83
6511;20;622115079;6511;448;7668;7751;5.34;0.32;315.64;5.60;1157;24;2662.00;83
6511;20;622115098;6511;433;7668;7751;5.40;0.33;315.64;5.60;1157;24;2663.00;83
6514;20;622115111;6514;441;7702;7821;5.55;0.34;315.59;5.58;1188;24;2664.00;119
6515;20;622115130;6515;440;7703;7822;5.57;0.34;315.61;5.58;1188;24;2665.00;119
6515;20;622115152;6515;435;7710;7822;5.63;0.34;315.61;5.58;1195;24;2666.00;112
6518;20;622115166;6518;435;7714;7822;5.65;0.34;315.55;5.58;1196;24;2667.00;108
6519;20;622115180;6519;432;7717;7822;5.67;0.35;315.57;5.57;1198;24;2668.00;105
6520;20;622115194;6520;422;7720;7822;5.73;0.35;315.59;5.57;1200;24;2669.00;102
6522;20;622115211;6522;415;7723;7822;5.76;0.35;315.63;5.57;1201;24;2670.00;99
6524;20;622115225;6524;411;7725;7822;5.79;0.35;315.59;5.57;1201;24;2671.00;97
6524;20;622115238;6524;415;7727;7823;5.81;0.35;315.59;5.58;1203;24;2672.00;96
6527;20;622115252;6527;405;7729;7824;5.80;0.35;315.53;5.58;1202;24;2673.00;95
6530;20;622115267;6530;401;7731;7824;5.82;0.35;315.58;5.58;1201;24;2674.00;93
6534;20;622115281;6534;391;7736;7828;5.83;0.36;315.49;5.58;1202;24;2675.00;92
6536;20;622115295;6536;398;7738;7828;5.91;0.36;315.57;5.58;1202;24;2676.00;90
6538;20;622115309;6538;400;7739;7828;5.97;0.36;315.52;5.58;1201;24;2677.00;89
6541;20;622115324;6541;396;7739;7828;5.99;0.36;315.50;5.58;1198;24;2678.00;89
6543;20;622115339;6543;399;7744;7834;6.05;0.37;315.47;5.57;1201;24;2679.00;90
6545;20;622115354;6545;399;7745;7834;6.08;0.37;315.62;5.61;1200;24;2680.00;89
6548;20;622115367;6548;408;7745;7834;6.04;0.37;315.74;5.61;1197;24;2681.00;89
6552;20;622115381;6552;414;7748;7837;6.04;0.37;315.79;5.64;1196;24;2682.00;89
6556;20;622115403;6556;416;7748;7837;6.04;0.37;315.98;5.64;1192;24;2683.00;89
6559;20;622115425;6559;416;7750;7837;5.98;0.36;315.97;5.68;1191;24;2684.00;87
6560;20;622115446;6560;427;7752;7838;5.93;0.36;315.97;5.74;1192;24;2685.00;86
6563;20;622115467;6563;430;7755;7839;5.90;0.36;316.04;5.81;1192;24;2686.00;84
6565;20;622115486;6565;434;7755;7839;5.91;0.36;316.16;5.81;1190;24;2687.00;84
6567;20;622115506;6567;439;7767;7852;5.91;0.36;316.34;5.87;1200;24;2688.00;85
6567;20;622115524;6567;444;7768;7852;5.90;0.36;316.34;5.90;1201;24;2689.00;84
6568;20;622115545;6568;448;7769;7852;5.89;0.36;316.43;5.90;1201;24;2690.00;83
6571;20;622115568;6571;450;7770;7853;5.85;0.36;316.43;5.90;1199;24;2691.00;83
6572;20;622115585;6572;454;7771;7853;5.87;0.36;316.41;5.93;1199;24;2692.00;82
6573;20;622115599;6573;449;7776;7857;5.88;0.36;316.41;5.96;1203;24;2693.00;81
6575;20;622115612;6575;453;7777;7857;5.85;0.36;316.47;5.99;1202;24;2694.00;80
6577;20;622115626;6577;452;7782;7861;5.79;0.35;316.55;6.05;1205;24;2695.00;79
6579;20;622115642;6579;452;7783;7861;5.76;0.35;316.51;6.08;1204;24;2696.00;78
6581;20;622115655;6581;449;7783;7861;5.74;0.35;316.61;6.08;1202;24;2697.00;78
6584;20;622115668;6584;450;7784;7861;5.70;0.35;316.61;6.11;1200;24;2698.00;77
6587;20;622115687;6587;446;7784;7861;5.67;0.35;316.62;6.11;1197;24;2699.00;77
6589;20;622115704;6589;439;7812;7910;5.86;0.36;316.81;6.15;1223;24;2700.00;98
6594;20;622115728;6594;442;7814;7910;5.84;0.36;316.92;6.18;1220;24;2701.00;96
6597;20;622115744;6597;438;7817;7910;5.88;0.36;316.85;6.18;1220;24;2702.00;93
6599;20;622115758;6599;431;7818;7910;5.85;0.36;316.94;6.20;1219;24;2703.00;92
6603;20;622115772;6603;437;7820;7910;5.91;0.36;317.00;6.20;1217;24;2704.00;90
6605;20;622115786;6605;431;7823;7910;5.98;0.36;317.09;6.29;1218;24;2705.00;87
6606;20;622115800;6606;426;7824;7911;6.06;0.37;317.13;6.29;1218;24;2706.00;87
6609;20;622115815;6609;425;7825;7911;6.08;0.37;317.29;6.29;1216;24;2707.00;86
6610;20;622115830;6610;422;7831;7917;6.15;0.38;317.34;6.31;1221;24;2708.00;86
6611;20;622115845;6611;421;7832;7918;6.19;0.38;317.40;6.31;1221;24;2709.00;86
6614;20;622115859;6614;421;7835;7918;6.17;0.38;317.38;6.39;1221;24;2710.00;83
6619;20;622115873;6619;419;7835;7918;6.11;0.37;317.65;6.39;1216;24;2711.00;83
6621;20;622115887;6621;425;7840;7922;6.08;0.37;317.74;6.41;1219;24;2712.00;82
6625;20;622115902;6625;433;7840;7922;6.02;0.37;317.77;6.41;1215;24;2713.00;82
6630;20;622115915;6630;430;7842;7922;5.95;0.36;317.92;6.44;1212;24;2714.00;80
6634;20;622115930;6634;431;7844;7923;5.90;0.36;318.14;6.46;1210;24;2715.00;79
6641;20;622115945;6641;441;7848;7927;5.81;0.35;318.35;6.48;1207;24;2716.00;79
6644;20;622115960;6644;436;7850;7927;5.75;0.35;318.48;6.51;1206;24;2717.00;77
6649;20;622115982;6649;451;7852;7930;5.68;0.35;318.46;6.51;1203;24;2718.00;78
6653;20;622116003;6653;456;7854;7930;5.58;0.34;318.57;6.55;1201;24;2719.00;76
6656;20;622116024;6656;447;7856;7930;5.55;0.34;318.71;6.55;1200;24;2720.00;74
6658;20;622116038;6658;443;7856;7930;5.53;0.34;318.69;6.55;1198;24;2721.00;74
6661;20;622116051;6661;438;7859;7934;5.56;0.34;318.76;6.54;1198;24;2722.00;75
6666;20;622116066;6666;440;7860;7934;5.54;0.34;318.84;6.55;1194;24;2723.00;74
6671;20;622116080;6671;436;7860;7934;5.51;0.34;318.96;6.55;1189;24;2724.00;74
6674;21;622116094;6674;435;7860;7934;5.51;0.34;318.93;6.55;1186;25;2725.00;74
6675;21;622116122;6675;437;7861;7935;5.58;0.34;318.93;6.55;1186;25;2726.00;74
6678;21;622116136;6678;423;7862;7936;5.60;0.34;318.94;6.55;1184;25;2727.00;74
6685;21;622116152;6685;416;7862;7936;5.62;0.34;319.14;6.55;1177;25;2728.00;74
6687;21;622116166;6687;410;7864;7937;5.71;0.35;319.21;6.55;1177;25;2729.00;73
6690;21;622116184;6690;403;7864;7937;5.80;0.35;319.24;6.55;1174;25;2730.00;73
6693;21;622116198;6693;390;7864;7937;5.82;0.36;319.26;6.55;1171;25;2731.00;73
6699;21;622116214;6699;388;7867;7937;5.78;0.35;319.25;6.56;1168;25;2732.00;70
6701;21;622116228;6701;386;7867;7937;5.83;0.36;319.32;6.56;1166;25;2733.00;70
6704;21;622116242;6704;382;7867;7937;5.94;0.36;319.35;6.56;1163;25;2734.00;70
6708;21;622116257;6708;373;7867;7937;5.96;0.36;319.44;6.56;1159;25;2735.00;70
6710;21;622116280;6710;383;7934;8064;6.20;0.38;319.46;6.50;1224;25;2736.00;130
6715;21;622116314;6715;387;7938;8065;6.16;0.38;319.45;6.50;1223;25;2737.00;127
6717;21;622116330;6717;376;7948;8065;6.19;0.38;319.48;6.50;1231;25;2738.00;117
6721;21;622116345;6721;377;7949;8065;6.18;0.38;319.47;6.50;1228;25;2739.00;116
6725;21;622116359;6725;380;7955;8065;6.22;0.38;319.56;6.50;1230;25;2740.00;110
6730;21;622116374;6730;378;7955;8065;6.22;0.38;319.69;6.50;1225;25;2741.00;110
6736;21;622116393;6736;388;7957;8065;6.20;0.38;319.82;6.49;1221;25;2742.00;108
6742;21;622116408;6742;390;7961;8065;6.14;0.38;319.86;6.50;1219;25;2743.00;104
6746;21;622116424;6746;394;7963;8066;6.13;0.38;319.97;6.50;1217;25;2744.00;103
6750;21;622116439;6750;402;7966;8068;6.07;0.37;320.01;6.50;1216;25;2745.00;102
6754;21;622116455;6754;411;7969;8068;5.99;0.37;320.25;6.50;1215;25;2746.00;99
6760;21;622116470;6760;416;7970;8069;5.91;0.36;320.19;6.50;1210;25;2747.00;99
6766;21;622116486;6766;420;7972;8069;5.84;0.36;320.28;6.50;1206;25;2748.00;97
6771;21;622116501;6771;426;7978;8069;5.78;0.36;320.42;6.50;1207;25;2749.00;91
6779;21;622116516;6779;428;7980;8069;5.74;0.35;320.35;6.51;1201;25;2750.00;89
6783;21;622116533;6783;436;7985;8073;5.73;0.35;320.41;6.50;1202;25;2751.00;88
6786;21;622116549;6786;442;7985;8073;5.69;0.35;320.50;6.50;1199;25;2752.00;88
6788;21;622116563;6788;453;7987;8073;5.68;0.35;320.50;6.51;1199;25;2753.00;86
6795;21;622116578;6795;459;7989;8076;5.65;0.35;320.46;6.50;1194;25;2754.00;87
6801;21;622116594;6801;456;7990;8076;5.57;0.34;320.56;6.51;1189;25;2755.00;86
6803;21;622116608;6803;464;7991;8076;5.59;0.34;320.56;6.51;1188;25;2756.00;85
6807;21;622116624;6807;471;7995;8080;5.55;0.34;320.60;6.51;1188;25;2757.00;85
6812;21;622116639;6812;477;7996;8081;5.53;0.34;320.69;6.51;1184;25;2758.00;85
6814;21;622116653;6814;482;7996;8081;5.45;0.33;320.68;6.51;1182;25;2759.00;85
6817;21;622116668;6817;481;8000;8086;5.38;0.33;320.67;6.51;1183;25;2760.00;86
6821;21;622116683;6821;488;8004;8086;5.33;0.33;320.66;6.51;1183;25;2761.00;82
6822;21;622116698;6822;485;8004;8086;5.25;0.32;320.71;6.51;1182;25;2762.00;82
6827;21;622116711;6827;494;8005;8087;5.16;0.32;320.70;6.51;1178;25;2763.00;82
6829;21;622116725;6829;503;8005;8087;5.14;0.31;320.71;6.51;1176;25;2764.00;82
6832;21;622116739;6832;507;8011;8093;5.11;0.31;320.76;6.53;1179;25;2765.00;82
6836;21;622116753;6836;512;8011;8093;5.01;0.31;320.77;6.53;1175;25;2766.00;82
6839;21;622116768;6839;504;8011;8094;4.97;0.30;320.72;6.53;1172;25;2767.00;83
6841;21;622116781;6841;507;8011;8094;4.90;0.30;320.72;6.53;1170;25;2768.00;83
6842;21;622116795;6842;502;8011;8094;4.86;0.30;320.68;6.53;1169;25;2769.00;83
6847;21;622116809;6847;501;8011;8094;4.81;0.29;320.74;6.53;1164;25;2770.00;83
6851;21;622116823;6851;508;8011;8094;4.74;0.29;320.81;6.53;1160;25;2771.00;83
6855;21;622116845;6855;506;8021;8106;4.81;0.29;320.80;6.53;1166;25;2772.00;85
6857;21;622116860;6857;506;8022;8106;4.83;0.29;320.77;6.53;1165;25;2773.00;84
6859;21;622116875;6859;513;8022;8106;4.84;0.29;320.82;6.53;1163;25;2774.00;84
6862;21;622116889;6862;520;8022;8106;4.82;0.29;320.86;6.53;1160;25;2775.00;84
6863;21;622116902;6863;508;8022;8106;4.82;0.29;320.83;6.53;1159;25;2776.00;84
6864;21;622116917;6864;499;8022;8106;4.85;0.29;320.87;6.53;1158;25;2777.00;84
6865;21;622116931;6865;494;8025;8110;4.89;0.30;320.84;6.52;1160;25;2778.00;85
6868;21;622116946;6868;486;8025;8110;4.94;0.30;320.76;6.52;1157;25;2779.00;85
6869;21;622116962;6869;479;8029;8114;5.07;0.31;320.77;6.52;1160;25;2780.00;85
6870;21;622116977;6870;475;8030;8115;5.12;0.31;320.83;6.52;1160;25;2781.00;85
6874;21;622116991;6874;468;8030;8115;5.13;0.31;320.83;6.52;1156;25;2782.00;85
6875;21;622117005;6875;470;8030;8115;5.16;0.31;320.82;6.52;1155;25;2783.00;85
6877;21;622117020;6877;469;8041;8128;5.27;0.32;320.75;6.51;1164;25;2784.00;87
6879;21;622117036;6879;466;8042;8128;5.31;0.32;320.74;6.54;1163;25;2785.00;86
6879;21;622117051;6879;464;8042;8128;5.37;0.33;320.74;6.54;1163;26;2786.00;86
6881;21;622117077;6881;455;8043;8129;5.39;0.33;320.80;6.54;1162;26;2787.00;86
6882;21;622117092;6882;460;8043;8130;5.41;0.33;320.78;6.54;1161;26;2788.00;87
6883;21;622117106;6883;456;8043;8130;5.47;0.33;320.76;6.54;1160;26;2789.00;87
6887;21;622117122;6887;463;8047;8136;5.53;0.34;320.83;6.54;1160;26;2790.00;89
6888;21;622117137;6888;462;8047;8136;5.56;0.34;320.82;6.54;1159;26;2791.00;89
6892;21;622117150;6892;469;8049;8136;5.54;0.34;320.81;6.54;1157;26;2792.00;87
6892;21;622117164;6892;467;8049;8136;5.53;0.34;320.81;6.54;1157;26;2793.00;87
6895;21;622117178;6895;469;8054;8142;5.49;0.33;320.89;6.53;1159;26;2794.00;88
6898;21;622117193;6898;473;8054;8142;5.38;0.33;320.95;6.53;1156;26;2795.00;88
6902;21;622117206;6902;473;8054;8142;5.30;0.32;320.98;6.53;1152;26;2796.00;88
6904;21;622117220;6904;476;8054;8142;5.24;0.32;320.99;6.53;1150;26;2797.00;88
6907;21;622117234;6907;477;8057;8146;5.19;0.32;320.91;6.53;1150;26;2798.00;89
6908;21;622117247;6908;488;8058;8147;5.18;0.31;320.93;6.53;1150;26;2799.00;89
6911;21;622117264;6911;489;8058;8147;5.16;0.31;320.91;6.53;1147;26;2800.00;89
6911;21;622117287;6911;494;8059;8148;5.14;0.31;320.91;6.53;1148;26;2801.00;89
6913;21;622117300;6913;495;8059;8148;5.12;0.31;320.99;6.53;1146;26;2802.00;89
6918;21;622117320;6918;483;8059;8148;5.10;0.31;321.13;6.53;1141;26;2803.00;89
6919;21;622117335;6919;473;8059;8148;5.09;0.31;321.10;6.53;1140;26;2804.00;89
6921;21;622117349;6921;473;8059;8148;5.11;0.31;321.11;6.53;1138;26;2805.00;89
6921;21;622117362;6921;471;8059;8148;5.13;0.31;321.11;6.53;1138;26;2806.00;89
6922;21;622117375;6922;457;8059;8148;5.13;0.31;321.07;6.53;1137;26;2807.00;89
6922;21;622117390;6922;473;8099;8218;5.22;0.32;321.07;6.50;1177;26;2808.00;119
6923;21;622117419;6923;459;8099;8219;5.24;0.32;321.06;6.50;1176;26;2809.00;120
6924;21;622117442;6924;447;8106;8219;5.35;0.33;321.14;6.49;1182;26;2810.00;113
6925;21;622117462;6925;438;8110;8219;5.48;0.33;321.17;6.49;1185;26;2811.00;109
6926;21;622117482;6926;428;8112;8219;5.61;0.34;321.17;6.49;1186;26;2812.00;107
6927;21;622117507;6927;418;8114;8219;5.70;0.35;321.18;6.49;1187;26;2813.00;105
6930;21;622117532;6930;410;8117;8219;5.74;0.35;321.18;6.49;1187;26;2814.00;102
6931;21;622117557;6931;410;8119;8219;5.83;0.35;321.15;6.49;1188;26;2815.00;100
6931;21;622117572;6931;406;8120;8220;5.93;0.36;321.15;6.49;1189;26;2816.00;100
6932;21;622117588;6932;399;8122;8221;5.97;0.36;321.15;6.49;1190;26;2817.00;99
6936;21;622117612;6936;390;8124;8221;6.02;0.37;321.08;6.49;1188;26;2818.00;97
6939;21;622117627;6939;387;8129;8225;6.07;0.37;321.10;6.49;1190;26;2819.00;96
6940;21;622117652;6940;380;8131;8225;6.09;0.37;321.07;6.53;1191;26;2820.00;94
6943;21;622117666;6943;376;8131;8225;6.07;0.37;321.09;6.53;1188;26;2821.00;94
6946;21;622117679;6946;370;8131;8225;6.04;0.37;321.08;6.53;1185;26;2822.00;94
6947;21;622117694;6947;369;8136;8231;6.03;0.37;321.12;6.52;1189;26;2823.00;95
6950;21;622117709;6950;364;8136;8231;5.98;0.36;321.27;6.52;1186;26;2824.00;95
6953;21;622117724;6953;369;8137;8231;5.92;0.36;321.29;6.56;1184;26;2825.00;94
6956;21;622117739;6956;369;8139;8234;5.96;0.36;321.35;6.56;1183;26;2826.00;95
6959;21;622117753;6959;374;8140;8234;5.92;0.36;321.43;6.56;1181;26;2827.00;94
6963;21;622117768;6963;373;8140;8234;5.91;0.36;321.49;6.56;1177;26;2828.00;94
6963;21;622117781;6963;364;8140;8235;5.92;0.36;321.49;6.56;1177;26;2829.00;95
6967;21;622117796;6967;358;8142;8236;5.98;0.36;321.47;6.59;1175;26;2830.00;94
6970;21;622117810;6970;353;8142;8236;5.98;0.36;321.40;6.59;1172;26;2831.00;94
6974;21;622117833;6974;354;8151;8249;6.00;0.36;321.35;6.59;1177;26;2832.00;98
6981;21;622117848;6981;344;8153;8249;6.03;0.37;321.53;6.59;1172;26;2833.00;96
6981;21;622117862;6981;345;8153;8249;6.11;0.37;321.53;6.59;1172;26;2834.00;96
6985;21;622117876;6985;345;8155;8251;6.14;0.37;321.45;6.58;1170;26;2835.00;96
6985;21;622117891;6985;344;8156;8251;6.19;0.38;321.45;6.62;1171;26;2836.00;95
6988;21;622117905;6988;344;8160;8255;6.26;0.38;321.55;6.62;1172;26;2837.00;95
6992;21;622117923;6992;344;8160;8255;6.33;0.38;321.74;6.62;1168;26;2838.00;95
6992;21;622117942;6992;340;8163;8259;6.42;0.39;321.74;6.62;1171;26;2839.00;96
6996;21;622117957;6996;341;8163;8259;6.46;0.39;321.81;6.62;1167;26;2840.00;96
6997;21;622117974;6997;339;8163;8259;6.46;0.39;321.92;6.62;1166;26;2841.00;96
6998;21;622117993;6998;336;8163;8259;6.47;0.39;321.94;6.62;1165;26;2842.00;96
7001;21;622118008;7001;333;8163;8259;6.45;0.39;322.06;6.62;1162;26;2843.00;96
7002;21;622118022;7002;328;8173;8271;6.49;0.39;322.08;6.61;1171;26;2844.00;98
7004;21;622118043;7004;339;8174;8271;6.53;0.40;322.09;6.61;1170;26;2845.00;97
7007;21;622118058;7007;336;8175;8271;6.54;0.40;322.21;6.65;1168;26;2846.00;96
7010;21;622118073;7010;334;8175;8271;6.59;0.40;322.23;6.65;1165;26;2847.00;96
7013;21;622118088;7013;331;8175;8271;6.65;0.40;322.34;6.65;1162;26;2848.00;96
7017;21;622118103;7017;335;8176;8271;6.66;0.40;322.46;6.69;1159;26;2849.00;95
7019;21;622118119;7019;340;8179;8274;6.71;0.41;322.51;6.72;1160;26;2850.00;95
7022;21;622118133;7022;337;8179;8274;6.75;0.41;322.63;6.72;1157;26;2851.00;95
7022;21;622118148;7022;338;8185;8280;6.81;0.41;322.63;6.76;1163;26;2852.00;95
7024;21;622118163;7024;334;8186;8281;6.80;0.41;322.64;6.76;1162;26;2853.00;95
7027;21;622118177;7027;341;8186;8281;6.79;0.41;322.79;6.76;1159;26;2854.00;95
7029;21;622118192;7029;342;8187;8281;6.78;0.41;322.86;6.79;1158;26;2855.00;94
7032;21;622118205;7032;344;8190;8285;6.77;0.41;322.85;6.79;1158;26;2856.00;95
7033;21;622118222;7033;351;8190;8285;6.73;0.41;322.87;6.79;1157;26;2857.00;95
7034;21;622118239;7034;356;8191;8285;6.67;0.41;322.89;6.83;1157;26;2858.00;94
7037;21;622118253;7037;363;8193;8286;6.62;0.40;322.86;6.86;1156;26;2859.00;93
7040;21;622118268;7040;354;8196;8290;6.55;0.40;322.85;6.86;1156;26;2860.00;94
7043;21;622118282;7043;365;8196;8290;6.48;0.40;322.86;6.86;1153;26;2861.00;94
7044;21;622118296;7044;365;8200;8293;6.51;0.40;322.96;6.93;1156;26;2862.00;93
7052;21;622118310;7052;366;8200;8293;6.49;0.40;323.22;6.93;1148;26;2863.00;93
7054;21;622118324;7054;363;8204;8295;6.52;0.40;323.26;6.97;1150;26;2864.00;91
7056;21;622118338;7056;362;8204;8295;6.56;0.40;323.34;6.97;1148;26;2865.00;91
7061;21;622118352;7061;361;8210;8299;6.62;0.40;323.32;7.03;1149;26;2866.00;89
7064;21;622118375;7064;367;8211;8299;6.65;0.41;323.34;7.07;1147;26;2867.00;88
7068;21;622118390;7068;366;8212;8299;6.61;0.40;323.44;7.10;1144;26;2868.00;87
7069;21;622118405;7069;360;8212;8299;6.61;0.40;323.47;7.10;1143;26;2869.00;87
7073;21;622118419;7073;360;8214;8300;6.54;0.40;323.48;7.17;1141;26;2870.00;86
7078;21;622118433;7078;356;8215;8301;6.47;0.39;323.45;7.17;1137;26;2871.00;86
7079;21;622118447;7079;352;8217;8301;6.40;0.39;323.49;7.23;1138;26;2872.00;84
7081;21;622118461;7081;353;8218;8302;6.41;0.39;323.56;7.23;1137;26;2873.00;84
7083;21;622118476;7083;352;8218;8302;6.39;0.39;323.56;7.23;1135;26;2874.00;84
7086;21;622118490;7086;355;8218;8302;6.37;0.39;323.67;7.23;1132;26;2875.00;84
7088;21;622118506;7088;350;8220;8302;6.33;0.39;323.68;7.30;1132;26;2876.00;82
7089;21;622118520;7089;349;8220;8302;6.36;0.39;323.73;7.30;1131;26;2877.00;82
7092;21;622118534;7092;347;8222;8302;6.37;0.39;323.74;7.36;1130;26;2878.00;80
7097;21;622118547;7097;351;8222;8302;6.41;0.39;323.77;7.36;1125;26;2879.00;80
7098;21;622118563;7098;385;8323;8532;6.57;0.41;323.74;7.27;1225;26;2880.00;209
7100;21;622118597;7100;373;8331;8533;6.58;0.41;323.68;7.36;1231;26;2881.00;202
7100;21;622118611;7100;366;8339;8533;6.69;0.42;323.68;7.36;1239;26;2882.00;194
7104;21;622118625;7104;358;8347;8533;6.70;0.42;323.59;7.38;1243;26;2883.00;186
7105;21;622118641;7105;357;8354;8533;6.75;0.42;323.57;7.38;1249;26;2884.00;179
7112;21;622118656;7112;351;8364;8533;6.63;0.41;323.73;7.40;1252;26;2885.00;169
7116;21;622118671;7116;360;8371;8533;6.56;0.41;323.82;7.43;1255;26;2886.00;162
7121;21;622118687;7121;366;8377;8533;6.48;0.40;323.91;7.46;1256;26;2887.00;156
7126;22;622118702;7126;379;8386;8534;6.36;0.39;324.01;7.49;1260;27;2888.00;148
7129;22;622118723;7129;387;8389;8535;6.22;0.38;324.04;7.51;1260;27;2889.00;146
7131;22;622118737;7131;388;8398;8535;6.10;0.38;324.08;7.54;1267;27;2890.00;137
7135;22;622118751;7135;391;8402;8536;6.01;0.37;324.10;7.55;1267;27;2891.00;134
7141;22;622118771;7141;390;8406;8536;5.88;0.36;324.12;7.57;1265;27;2892.00;130
7144;22;622118785;7144;394;8408;8536;5.77;0.36;324.16;7.60;1264;27;2893.00;128
7149;22;622118799;7149;399;8413;8536;5.64;0.35;324.30;7.62;1264;27;2894.00;123
7151;22;622118814;7151;404;8415;8540;5.54;0.34;324.33;7.62;1264;27;2895.00;125
7154;22;622118829;7154;409;8419;8540;5.46;0.34;324.47;7.65;1265;27;2896.00;121
7158;22;622118845;7158;407;8421;8540;5.39;0.33;324.58;7.65;1263;27;2897.00;119
7161;22;622118860;7161;405;8423;8543;5.32;0.33;324.60;7.65;1262;27;2898.00;120
7165;22;622118875;7165;409;8427;8543;5.28;0.32;324.66;7.66;1262;27;2899.00;116
7168;22;622118891;7168;414;8427;8543;5.23;0.32;324.65;7.66;1259;27;2900.00;116
7172;22;622118910;7172;401;8431;8547;5.19;0.32;324.86;7.66;1259;27;2901.00;116
7175;22;622118926;7175;401;8434;8548;5.16;0.32;324.90;7.66;1259;27;2902.00;114
7178;22;622118943;7178;399;8438;8548;5.20;0.32;324.98;7.71;1260;27;2903.00;110
7184;22;622118960;7184;401;8440;8552;5.19;0.32;325.23;7.71;1256;27;2904.00;112
7188;22;622118977;7188;403;8442;8552;5.17;0.32;325.22;7.71;1254;27;2905.00;110
7191;22;622118992;7191;404;8443;8552;5.15;0.32;325.33;7.71;1252;27;2906.00;109
7194;22;622119006;7194;412;8444;8553;5.12;0.31;325.33;7.72;1250;27;2907.00;109
7198;22;622119022;7198;417;8444;8553;5.13;0.31;325.37;7.72;1246;27;2908.00;109
7202;22;622119037;7202;426;8449;8559;5.19;0.32;325.34;7.72;1247;27;2909.00;110
7205;22;622119054;7205;427;8450;8559;5.20;0.32;325.45;7.72;1245;27;2910.00;109
7209;22;622119069;7209;432;8451;8560;5.22;0.32;325.44;7.72;1242;27;2911.00;109
7214;22;622119084;7214;443;8452;8560;5.20;0.32;325.48;7.72;1238;27;2912.00;108
7218;22;622119105;7218;447;8453;8560;5.16;0.32;325.50;7.72;1235;27;2913.00;107
7222;22;622119128;7222;457;8454;8560;5.10;0.31;325.53;7.73;1232;27;2914.00;106
7228;22;622119144;7228;460;8455;8560;4.97;0.30;325.74;7.73;1227;27;2915.00;105
7232;22;622119157;7232;466;8464;8572;4.93;0.30;325.75;7.73;1232;27;2916.00;108
7236;22;622119172;7236;475;8464;8572;4.88;0.30;325.76;7.73;1228;27;2917.00;108
7241;22;622119187;7241;482;8467;8572;4.79;0.29;325.75;7.73;1226;27;2918.00;105
7243;22;622119201;7243;488;8467;8572;4.77;0.29;325.74;7.73;1224;27;2919.00;105
7248;22;622119214;7248;493;8469;8572;4.71;0.29;325.90;7.73;1221;27;2920.00;103
7252;22;622119228;7252;497;8469;8572;4.67;0.29;325.98;7.73;1217;27;2921.00;103
7256;22;622119242;7256;508;8473;8576;4.69;0.29;325.94;7.73;1217;27;2922.00;103
7260;22;622119276;7260;518;8474;8576;4.64;0.28;326.01;7.73;1214;27;2923.00;102
7263;22;622119290;7263;521;8478;8580;4.61;0.28;326.06;7.78;1215;27;2924.00;102
7264;22;622119305;7264;524;8480;8582;4.57;0.28;326.07;7.78;1216;27;2925.00;102
7265;22;622119319;7265;526;8481;8582;4.52;0.28;326.09;7.78;1216;27;2926.00;101
7269;22;622119333;7269;523;8481;8582;4.49;0.27;326.13;7.78;1212;27;2927.00;101
7272;22;622119346;7272;531;8492;8595;4.56;0.28;326.11;7.77;1220;27;2928.00;103
7275;22;622119361;7275;539;8492;8595;4.53;0.28;326.22;7.77;1217;27;2929.00;103
7280;22;622119374;7280;550;8492;8595;4.50;0.27;326.17;7.77;1212;27;2930.00;103
7280;22;622119389;7280;554;8494;8596;4.53;0.28;326.17;7.77;1214;27;2931.00;102
7282;22;622119407;7282;556;8495;8597;4.49;0.28;326.11;7.77;1213;27;2932.00;102
7286;22;622119426;7286;560;8495;8597;4.45;0.27;326.10;7.77;1209;27;2933.00;102
7288;22;622119444;7288;556;8497;8600;4.46;0.27;326.05;7.76;1209;27;2934.00;103
7289;22;622119464;7289;558;8498;8600;4.48;0.27;326.01;7.76;1209;27;2935.00;102
7292;22;622119483;7292;557;8498;8600;4.46;0.27;325.95;7.76;1206;27;2936.00;102
7295;22;622119500;7295;546;8498;8600;4.43;0.27;325.94;7.76;1203;27;2937.00;102
7299;22;622119519;7299;536;8503;8606;4.44;0.27;325.89;7.76;1204;27;2938.00;103
7301;22;622119534;7301;533;8503;8606;4.46;0.27;325.86;7.76;1202;27;2939.00;103
7304;22;622119549;7304;525;8503;8606;4.46;0.27;325.87;7.76;1199;27;2940.00;103
7307;22;622119563;7307;528;8504;8606;4.46;0.27;325.87;7.81;1197;27;2941.00;102
7308;22;622119577;7308;532;8507;8610;4.49;0.28;325.88;7.81;1199;27;2942.00;103
7312;22;622119591;7312;532;8508;8611;4.49;0.27;325.80;7.80;1196;27;2943.00;103
7315;22;622119607;7315;535;8508;8611;4.49;0.27;325.74;7.80;1193;27;2944.00;103
7318;22;622119621;7318;545;8509;8612;4.53;0.28;325.78;7.80;1191;27;2945.00;103
7319;22;622119634;7319;533;8509;8612;4.52;0.28;325.73;7.80;1190;27;2946.00;103
7321;22;622119648;7321;528;8509;8612;4.55;0.28;325.71;7.80;1188;27;2947.00;103
7323;22;622119661;7323;518;8510;8612;4.58;0.28;325.75;7.85;1187;27;2948.00;102
7325;22;622119675;7325;513;8510;8612;4.62;0.28;325.74;7.85;1185;27;2949.00;102
7326;22;622119690;7326;504;8510;8612;4.68;0.28;325.72;7.85;1184;27;2950.00;102
7328;22;622119703;7328;499;8510;8612;4.73;0.29;325.69;7.85;1182;27;2951.00;102
7328;22;622119717;7328;500;8544;8682;4.97;0.30;325.69;7.82;1216;27;2952.00;138
7329;22;622119736;7329;490;8544;8683;5.04;0.31;325.70;7.82;1215;27;2953.00;139
7331;22;622119752;7331;493;8551;8683;5.15;0.31;325.68;7.82;1220;27;2954.00;132
7331;22;622119766;7331;477;8552;8683;5.21;0.32;325.68;7.82;1221;27;2955.00;131
7332;22;622119780;7332;472;8554;8683;5.25;0.32;325.69;7.82;1222;27;2956.00;129
7333;22;622119794;7333;465;8556;8683;5.30;0.32;325.73;7.82;1223;27;2957.00;127
7334;22;622119809;7334;458;8558;8683;5.36;0.33;325.74;7.81;1224;27;2958.00;125
7335;22;622119826;7335;454;8560;8683;5.40;0.33;325.75;7.81;1225;27;2959.00;123
7336;22;622119840;7336;443;8562;8684;5.47;0.33;325.75;7.81;1226;27;2960.00;122
7337;22;622119855;7337;438;8563;8685;5.58;0.34;325.82;7.81;1226;27;2961.00;122
7337;22;622119871;7337;443;8565;8685;5.69;0.35;325.82;7.82;1228;27;2962.00;120
7339;22;622119885;7339;445;8569;8689;5.76;0.35;325.75;7.81;1230;27;2963.00;120
7339;22;622119902;7339;444;8573;8689;5.82;0.35;325.75;7.86;1234;27;2964.00;116
7340;22;622119917;7340;439;8573;8689;5.82;0.35;325.77;7.86;1233;27;2965.00;116
7342;22;622119938;7342;443;8575;8689;5.85;0.35;325.86;7.87;1233;27;2966.00;114
7345;22;622119955;7345;439;8579;8695;5.87;0.36;325.83;7.86;1234;27;2967.00;116
7346;22;622119971;7346;437;8579;8695;5.90;0.36;325.87;7.86;1233;27;2968.00;116
7348;22;622119992;7348;438;8580;8695;5.88;0.36;325.83;7.91;1232;27;2969.00;115
7349;22;622120009;7349;438;8584;8701;5.91;0.36;325.84;7.91;1235;27;2970.00;117
7351;22;622120033;7351;434;8584;8701;5.90;0.36;325.88;7.91;1233;27;2971.00;117
7351;22;622120048;7351;433;8586;8701;5.90;0.36;325.88;7.91;1235;27;2972.00;115
7352;22;622120063;7352;433;8586;8702;5.88;0.36;325.90;7.91;1234;27;2973.00;116
7356;22;622120079;7356;435;8588;8703;5.84;0.35;325.94;7.95;1232;27;2974.00;115
7356;22;622120094;7356;434;8588;8703;5.79;0.35;325.94;7.95;1232;27;2975.00;115
7358;22;622120109;7358;436;8597;8716;5.81;0.35;325.91;7.94;1239;27;2976.00;119
7362;22;622120133;7362;438;8597;8716;5.79;0.35;325.84;7.94;1235;27;2977.00;119
7365;22;622120149;7365;444;8597;8716;5.77;0.35;325.81;7.94;1232;27;2978.00;119
7366;22;622120165;7366;445;8598;8717;5.73;0.35;325.80;7.94;1232;27;2979.00;119
7369;22;622120180;7369;438;8598;8717;5.66;0.34;325.81;7.94;1229;27;2980.00;119
7370;22;622120195;7370;434;8601;8721;5.71;0.35;325.83;7.94;1231;27;2981.00;120
7371;22;622120211;7371;434;8601;8721;5.74;0.35;325.80;7.94;1230;27;2982.00;120
7372;22;622120226;7372;425;8604;8725;5.76;0.35;325.87;7.94;1232;27;2983.00;121
7373;22;622120242;7373;425;8604;8725;5.82;0.35;325.89;7.94;1231;27;2984.00;121
7375;22;622120258;7375;419;8604;8725;5.87;0.36;325.90;7.94;1229;27;2985.00;121
7377;22;622120273;7377;412;8604;8725;5.90;0.36;326.03;7.94;1227;27;2986.00;121
7381;22;622120288;7381;407;8604;8725;5.91;0.36;326.08;7.94;1223;27;2987.00;121
7385;22;622120303;7385;405;8614;8737;5.98;0.36;326.08;7.93;1229;27;2988.00;123
7387;22;622120319;7387;409;8614;8737;6.01;0.36;326.16;7.93;1227;27;2989.00;123
7392;22;622120335;7392;399;8616;8737;6.04;0.37;326.18;7.93;1224;27;2990.00;121
7394;22;622120350;7394;403;8616;8737;6.09;0.37;326.17;7.93;1222;27;2991.00;121
7401;22;622120365;7401;402;8616;8737;6.07;0.37;326.40;7.93;1215;27;2992.00;121
7403;22;622120380;7403;395;8616;8737;6.10;0.37;326.51;7.93;1213;27;2993.00;121
7406;22;622120395;7406;396;8618;8738;6.12;0.37;326.53;7.94;1212;27;2994.00;120
7408;22;622120412;7408;395;8620;8738;6.10;0.37;326.66;8.01;1212;27;2995.00;118
7413;22;622120428;7413;395;8624;8744;6.10;0.37;326.81;8.01;1211;27;2996.00;120
7416;22;622120445;7416;402;8625;8745;6.14;0.37;326.87;8.01;1209;27;2997.00;120
7419;22;622120463;7419;392;8625;8745;6.14;0.37;326.91;8.01;1206;27;2998.00;120
7422;22;622120480;7422;390;8625;8745;6.13;0.37;326.90;8.01;1203;27;2999.00;120
7425;22;622120497;7425;391;8630;8765;6.20;0.38;326.92;8.00;1205;27;3000.00;135
7428;22;622120523;7428;381;8630;8765;6.24;0.38;327.11;8.00;1202;27;3001.00;135
7430;22;622120538;7430;378;8630;8765;6.26;0.38;327.10;8.00;1200;27;3002.00;135
7431;22;622120554;7431;375;8631;8766;6.30;0.38;327.16;8.00;1200;27;3003.00;135
7434;22;622120569;7434;372;8634;8770;6.25;0.38;327.09;8.00;1200;27;3004.00;136
7438;22;622120586;7438;370;8634;8770;6.23;0.38;327.09;8.00;1196;27;3005.00;136
7441;22;622120601;7441;373;8638;8773;6.25;0.38;327.24;8.00;1197;27;3006.00;135
7443;22;622120618;7443;374;8639;8773;6.33;0.38;327.43;8.00;1196;27;3007.00;134
7443;22;622120633;7443;376;8642;8773;6.36;0.38;327.43;8.01;1199;27;3008.00;131
7447;22;622120649;7447;377;8642;8773;6.41;0.39;327.40;8.01;1195;27;3009.00;131
7449;22;622120664;7449;376;8648;8777;6.46;0.39;327.44;8.03;1199;27;3010.00;129
7451;22;622120679;7451;377;8648;8777;6.50;0.39;327.66;8.03;1197;27;3011.00;129
7452;22;622120695;7452;384;8651;8777;6.49;0.39;327.70;8.03;1199;27;3012.00;126
7453;22;622120710;7453;385;8654;8777;6.51;0.40;327.80;8.03;1201;27;3013.00;123
7458;22;622120725;7458;385;8655;8778;6.49;0.39;327.91;8.03;1197;27;3014.00;123
7464;22;622120741;7464;387;8658;8780;6.48;0.39;328.17;8.03;1194;27;3015.00;122
7468;22;622120757;7468;397;8658;8780;6.48;0.39;328.17;8.03;1190;27;3016.00;122
7472;22;622120772;7472;402;8660;8781;6.48;0.39;328.10;8.03;1188;27;3017.00;121
7475;22;622120789;7475;402;8661;8781;6.49;0.39;328.29;8.03;1186;27;3018.00;120
7478;22;622120805;7478;408;8661;8781;6.50;0.39;328.40;8.03;1183;27;3019.00;120
7481;22;622120820;7481;411;8662;8781;6.47;0.39;328.52;8.07;1181;27;3020.00;119
7483;22;622120835;7483;418;8662;8781;6.48;0.39;328.67;8.07;1179;27;3021.00;119
7485;22;622120850;7485;419;8662;8781;6.50;0.39;328.84;8.07;1177;27;3022.00;119
7488;22;622120865;7488;425;8664;8781;6.45;0.39;328.90;8.08;1176;27;3023.00;117
7490;22;622120880;7490;449;8730;8908;6.52;0.40;328.97;8.06;1240;27;3024.00;178
7492;22;622120905;7492;447;8733;8909;6.48;0.40;329.07;8.09;1241;27;3025.00;176
7493;22;622120922;7493;446;8739;8909;6.49;0.40;329.16;8.09;1246;27;3026.00;170
7495;22;622120938;7495;444;8741;8909;6.47;0.40;329.23;8.09;1246;27;3027.00;168
7496;22;622120953;7496;447;8751;8909;6.48;0.40;329.23;8.12;1255;27;3028.00;158
7498;22;622120971;7498;441;8753;8909;6.42;0.39;329.30;8.12;1255;27;3029.00;156
7499;22;622120989;7499;444;8757;8909;6.40;0.39;329.32;8.16;1258;27;3030.00;152
7503;22;622121004;7503;448;8760;8909;6.40;0.39;329.50;8.16;1257;27;3031.00;149
7505;22;622121020;7505;444;8764;8910;6.42;0.39;329.56;8.20;1259;27;3032.00;146
7509;22;622121035;7509;453;8769;8911;6.39;0.39;329.52;8.20;1260;27;3033.00;142
7511;22;622121051;7511;454;8774;8911;6.36;0.39;329.68;8.20;1263;27;3034.00;137
7512;22;622121073;7512;462;8778;8912;6.29;0.39;329.66;8.24;1266;27;3035.00;134
7514;22;622121088;7514;465;8780;8912;6.21;0.38;329.68;8.24;1266;27;3036.00;132
7517;22;622121104;7517;460;8784;8912;6.15;0.38;329.65;8.32;1267;27;3037.00;128
7521;22;622121120;7521;469;8784;8912;6.09;0.37;329.58;8.32;1263;27;3038.00;128
7523;22;622121135;7523;464;8792;8916;6.04;0.37;329.52;8.39;1269;27;3039.00;124
7524;22;622121151;7524;468;8792;8916;6.00;0.37;329.52;8.39;1268;27;3040.00;124
7525;22;622121166;7525;467;8795;8916;5.99;0.37;329.57;8.46;1270;27;3041.00;121
7528;22;622121181;7528;466;8798;8919;5.96;0.36;329.57;8.46;1270;27;3042.00;121
7529;22;622121197;7529;472;8798;8919;5.97;0.37;329.55;8.46;1269;27;3043.00;121
7531;22;622121213;7531;471;8802;8919;5.96;0.37;329.56;8.53;1271;27;3044.00;117
7535;22;622121229;7535;472;8804;8923;5.95;0.36;329.53;8.52;1269;27;3045.00;119
7539;22;622121245;7539;468;8805;8924;5.94;0.36;329.58;8.52;1266;27;3046.00;119
7540;22;622121261;7540;462;8807;8924;5.90;0.36;329.62;8.59;1267;27;3047.00;117
7541;22;622121276;7541;465;8810;8928;5.91;0.36;329.65;8.59;1269;27;3048.00;118
7542;22;622121291;7542;463;8814;8928;5.91;0.36;329.68;8.66;1272;27;3049.00;114
7546;22;622121305;7546;469;8816;8928;5.86;0.36;329.89;8.66;1270;27;3050.00;112
7551;22;622121320;7551;469;8817;8929;5.79;0.35;329.92;8.66;1266;27;3051.00;112
7554;22;622121342;7554;473;8820;8929;5.71;0.35;329.96;8.73;1266;27;3052.00;109
7560;22;622121356;7560;478;8826;8935;5.64;0.34;329.97;8.76;1266;27;3053.00;109
7563;22;622121371;7563;482;8827;8935;5.54;0.34;330.19;8.79;1264;27;3054.00;108
7567;22;622121385;7567;493;8829;8936;5.43;0.33;330.37;8.82;1262;27;3055.00;107
7569;22;622121403;7569;502;8830;8936;5.35;0.33;330.38;8.85;1261;27;3056.00;106
7573;22;622121423;7573;510;8830;8936;5.21;0.32;330.40;8.85;1257;27;3057.00;106
7577;22;622121441;7577;522;8832;8936;5.11;0.31;330.39;8.92;1255;27;3058.00;104
7581;22;622121461;7581;531;8832;8936;5.01;0.31;330.54;8.92;1251;27;3059.00;104
7586;22;622121482;7586;531;8860;8972;4.99;0.31;330.57;8.92;1274;27;3060.00;112
7589;22;622121506;7589;530;8861;8972;4.90;0.30;330.62;8.95;1272;27;3061.00;111
7591;22;622121524;7591;527;8863;8972;4.83;0.30;330.60;8.95;1272;27;3062.00;109
7596;22;622121538;7596;534;8864;8972;4.73;0.29;330.75;8.97;1268;27;3063.00;108
7600;22;622121553;7600;533;8866;8972;4.62;0.28;330.93;9.00;1266;27;3064.00;106
7602;22;622121567;7602;536;8866;8972;4.59;0.28;330.90;9.00;1264;27;3065.00;106
7607;22;622121582;7607;546;8871;8976;4.54;0.28;331.02;9.02;1264;27;3066.00;105
7610;22;622121596;7610;540;8872;8976;4.51;0.28;331.06;9.05;1262;27;3067.00;104
7615;22;622121611;7615;535;8876;8980;4.53;0.28;331.02;9.05;1261;27;3068.00;104
7619;22;622121626;7619;538;8877;8981;4.52;0.28;331.08;9.05;1258;27;3069.00;104
7625;22;622121641;7625;532;8877;8981;4.49;0.28;331.15;9.05;1252;27;3070.00;104
7628;22;622121654;7628;535;8877;8981;4.51;0.28;331.31;9.05;1249;27;3071.00;104
7632;22;622121668;7632;533;8888;8994;4.56;0.28;331.30;9.04;1256;27;3072.00;106
7635;22;622121682;7635;526;8888;8994;4.54;0.28;331.36;9.04;1253;27;3073.00;106
7641;22;622121696;7641;536;8888;8994;4.56;0.28;331.36;9.04;1247;27;3074.00;106
7647;22;622121711;7647;546;8889;8995;4.56;0.28;331.32;9.04;1242;27;3075.00;106
7651;22;622121725;7651;543;8889;8996;4.57;0.28;331.48;9.04;1238;27;3076.00;107
7657;22;622121738;7657;540;8889;8996;4.59;0.28;331.44;9.04;1232;27;3077.00;107
7662;22;622121753;7662;540;8892;8999;4.60;0.28;331.37;9.03;1230;27;3078.00;107
7664;22;622121767;7664;535;8893;8999;4.61;0.28;331.37;9.09;1229;27;3079.00;106
7671;22;622121782;7671;537;8893;8999;4.55;0.28;331.45;9.09;1222;27;3080.00;106
7672;22;622121796;7672;538;8893;8999;4.53;0.28;331.43;9.09;1221;27;3081.00;106
7677;22;622121811;7677;542;8898;9005;4.47;0.27;331.41;9.08;1221;27;3082.00;107
7683;22;622121826;7683;552;8898;9005;4.34;0.26;331.32;9.08;1215;27;3083.00;107
7686;22;622121843;7686;559;8898;9005;4.30;0.26;331.22;9.08;1212;27;3084.00;107
7690;22;622121858;7690;562;8898;9005;4.22;0.26;331.30;9.08;1208;27;3085.00;107
7692;22;622121872;7692;565;8901;9009;4.17;0.26;331.34;9.08;1209;27;3086.00;108
7694;23;622121885;7694;570;8902;9010;4.15;0.25;331.39;9.08;1208;28;3087.00;108
7699;23;622121920;7699;572;8902;9010;4.09;0.25;331.41;9.08;1203;28;3088.00;108
7700;23;622121934;7700;578;8903;9011;4.06;0.25;331.41;9.08;1203;28;3089.00;108
7704;23;622121949;7704;583;8903;9011;4.00;0.25;331.34;9.08;1199;28;3090.00;108
7708;23;622121962;7708;585;8903;9011;3.94;0.24;331.30;9.08;1195;28;3091.00;108
7711;23;622121980;7711;594;8903;9011;3.92;0.24;331.28;9.08;1192;28;3092.00;108
7715;23;622121996;7715;602;8903;9011;3.89;0.24;331.29;9.08;1188;28;3093.00;108
7718;23;622122011;7718;604;8903;9011;3.87;0.24;331.24;9.08;1185;28;3094.00;108
7719;23;622122024;7719;608;8903;9011;3.88;0.24;331.22;9.08;1184;28;3095.00;108
7723;23;622122037;7723;618;8942;9081;4.08;0.25;331.16;9.04;1219;28;3096.00;139
7725;23;622122056;7725;605;8944;9082;4.03;0.25;331.21;9.09;1219;28;3097.00;138
7728;23;622122071;7728;607;8950;9082;4.05;0.25;331.16;9.08;1222;28;3098.00;132
7730;23;622122085;7730;607;8951;9082;4.00;0.25;331.18;9.08;1221;28;3099.00;131
7733;23;622122099;7733;604;8953;9082;3.99;0.25;331.26;9.08;1220;28;3100.00;129
7735;23;622122117;7735;606;8955;9082;4.01;0.25;331.33;9.08;1220;28;3101.00;127
7737;23;622122130;7737;603;8957;9082;4.02;0.25;331.26;9.08;1220;28;3102.00;125
7740;23;622122144;7740;609;8959;9082;4.03;0.25;331.23;9.08;1219;28;3103.00;123
7742;23;622122158;7742;617;8960;9083;4.03;0.25;331.25;9.08;1218;28;3104.00;123
7743;23;622122172;7743;619;8963;9085;4.05;0.25;331.24;9.08;1220;28;3105.00;122
7746;23;622122185;7746;627;8965;9085;4.04;0.25;331.24;9.08;1219;28;3106.00;120
7748;23;622122199;7748;603;8970;9089;4.12;0.25;331.21;9.08;1222;28;3107.00;119
7750;23;622122214;7750;592;8972;9089;4.17;0.25;331.24;9.08;1222;28;3108.00;117
7751;23;622122229;7751;586;8973;9089;4.22;0.26;331.25;9.08;1222;28;3109.00;116
7754;23;622122242;7754;577;8974;9089;4.31;0.26;331.28;9.08;1220;28;3110.00;115
7755;23;622122257;7755;566;8979;9095;4.44;0.27;331.34;9.07;1224;28;3111.00;116
7756;23;622122272;7756;557;8980;9095;4.53;0.28;331.36;9.07;1224;28;3112.00;115
7758;23;622122287;7758;558;8981;9095;4.63;0.28;331.34;9.07;1223;28;3113.00;114
7762;23;622122302;7762;556;8983;9098;4.70;0.29;331.33;9.07;1221;28;3114.00;115
7764;23;622122318;7764;558;8983;9098;4.75;0.29;331.34;9.07;1219;28;3115.00;115
7765;23;622122341;7765;544;8984;9098;4.82;0.29;331.34;9.07;1219;28;3116.00;114
7766;23;622122357;7766;525;8984;9099;4.90;0.30;331.30;9.07;1218;28;3117.00;115
7768;23;622122372;7768;515;8985;9100;4.97;0.30;331.25;9.07;1217;28;3118.00;115
7770;23;622122388;7770;507;8985;9100;4.99;0.30;331.20;9.07;1215;28;3119.00;115
7771;23;622122406;7771;493;9006;9126;5.16;0.31;331.22;9.05;1235;28;3120.00;120
7773;23;622122425;7773;488;9007;9126;5.24;0.32;331.20;9.05;1234;28;3121.00;119
7774;24;622122441;7774;488;9007;9126;5.29;0.32;331.24;9.05;1233;29;3122.00;119
7775;24;622122480;7775;484;9008;9127;5.43;0.33;331.23;9.05;1233;29;3123.00;119
7776;24;622122495;7776;480;9008;9127;5.48;0.33;331.21;9.05;1232;29;3124.00;119
7777;24;622122519;7777;479;9012;9131;5.53;0.34;331.21;9.04;1235;29;3125.00;119
7777;24;622122535;7777;471;9012;9131;5.54;0.34;331.21;9.04;1235;30;3126.00;119
7781;24;622122561;7781;468;9015;9135;5.49;0.33;331.23;9.04;1234;30;3127.00;120
7786;24;622122578;7786;458;9015;9135;5.47;0.33;331.23;9.04;1229;30;3128.00;120
7787;24;622122593;7787;455;9015;9135;5.48;0.33;331.33;9.04;1228;30;3129.00;120
7790;24;622122608;7790;451;9015;9135;5.49;0.33;331.30;9.04;1225;30;3130.00;120
7793;24;622122624;7793;452;9015;9135;5.49;0.33;331.43;9.04;1222;30;3131.00;120
7794;24;622122640;7794;448;9025;9147;5.58;0.34;331.40;9.09;1231;30;3132.00;122
7797;24;622122657;7797;449;9025;9147;5.61;0.34;331.52;9.09;1228;30;3133.00;122
7797;24;622122672;7797;451;9027;9147;5.71;0.35;331.52;9.08;1230;30;3134.00;120
7801;24;622122686;7801;443;9027;9147;5.77;0.35;331.67;9.08;1226;30;3135.00;120
7803;24;622122702;7803;442;9027;9147;5.81;0.35;331.74;9.08;1224;30;3136.00;120
7806;24;622122718;7806;437;9027;9147;5.87;0.36;331.72;9.08;1221;30;3137.00;120
7810;24;622122734;7810;438;9027;9148;5.91;0.36;331.77;9.08;1217;30;3138.00;121
7810;24;622122750;7810;430;9027;9148;5.96;0.36;331.77;9.08;1217;30;3139.00;121
7812;24;622122766;7812;432;9032;9154;6.03;0.37;331.98;9.08;1220;30;3140.00;122
7813;24;622122787;7813;428;9033;9155;6.05;0.37;332.08;9.08;1220;30;3141.00;122
7816;24;622122802;7816;428;9033;9155;6.05;0.37;332.18;9.08;1217;30;3142.00;122
7817;24;622122818;7817;427;9033;9155;6.04;0.37;332.24;9.08;1216;30;3143.00;122
7819;24;622122833;7819;423;9036;9159;6.08;0.37;332.29;9.08;1217;30;3144.00;123
7821;24;622122849;7821;438;9036;9159;6.06;0.37;332.34;9.08;1215;30;3145.00;123
7824;24;622122865;7824;437;9036;9159;6.00;0.36;332.38;9.08;1212;30;3146.00;123
7826;24;622122880;7826;438;9037;9160;6.00;0.36;332.35;9.07;1211;30;3147.00;123
7830;24;622122895;7830;447;9040;9164;5.95;0.36;332.50;9.07;1210;30;3148.00;124
7831;24;622122911;7831;447;9041;9164;5.95;0.36;332.50;9.12;1210;30;3149.00;123
7834;24;622122927;7834;451;9045;9170;5.99;0.36;332.51;9.12;1211;30;3150.00;125
7836;24;622122944;7836;445;9045;9170;5.98;0.36;332.72;9.12;1209;30;3151.00;125
7837;24;622122967;7837;446;9047;9170;6.01;0.36;332.77;9.12;1210;30;3152.00;123
7839;24;622122982;7839;448;9047;9170;5.99;0.36;332.76;9.12;1208;30;3153.00;123
7839;24;622122997;7839;437;9051;9174;6.07;0.37;332.76;9.12;1212;30;3154.00;123
7843;24;622123013;7843;437;9051;9174;6.06;0.37;332.77;9.12;1208;30;3155.00;123
7846;24;622123029;7846;430;9051;9174;6.07;0.37;332.91;9.12;1205;30;3156.00;123
7848;24;622123044;7848;428;9051;9174;6.12;0.37;332.93;9.12;1203;30;3157.00;123
7851;24;622123060;7851;419;9052;9175;6.13;0.37;332.90;9.16;1201;30;3158.00;123
7854;24;622123076;7854;419;9053;9176;6.15;0.37;333.06;9.16;1199;30;3159.00;123
7857;24;622123091;7857;417;9053;9176;6.12;0.37;333.17;9.16;1196;30;3160.00;123
7859;24;622123106;7859;409;9054;9177;6.13;0.37;333.21;9.16;1195;30;3161.00;123
7860;24;622123120;7860;399;9054;9177;6.14;0.37;333.30;9.16;1194;30;3162.00;123
7863;24;622123135;7863;391;9054;9177;6.11;0.37;333.34;9.16;1191;30;3163.00;123
7866;24;622123150;7866;382;9054;9177;6.12;0.37;333.44;9.16;1188;30;3164.00;123
7867;24;622123165;7867;381;9056;9177;6.11;0.37;333.46;9.24;1189;30;3165.00;121
7873;24;622123182;7873;369;9056;9177;6.04;0.37;333.57;9.24;1183;30;3166.00;121
7876;24;622123197;7876;369;9056;9177;6.07;0.37;333.60;9.24;1180;30;3167.00;121
7880;24;622123211;7880;394;9122;9304;6.20;0.38;333.66;9.18;1242;30;3168.00;182
7883;24;622123238;7883;377;9125;9305;6.21;0.38;333.76;9.17;1242;30;3169.00;180
7887;24;622123254;7887;367;9132;9305;6.28;0.39;333.80;9.17;1245;30;3170.00;173
7888;24;622123270;7888;365;9134;9305;6.34;0.39;333.90;9.17;1246;30;3171.00;171
7891;24;622123285;7891;357;9139;9305;6.37;0.39;333.84;9.16;1248;30;3172.00;166
7894;24;622123307;7894;351;9141;9305;6.39;0.39;333.89;9.16;1247;30;3173.00;164
7897;24;622123323;7897;348;9143;9305;6.47;0.40;333.89;9.16;1246;30;3174.00;162
7900;24;622123339;7900;354;9145;9305;6.48;0.40;334.05;9.16;1245;30;3175.00;160
7905;24;622123355;7905;353;9148;9306;6.51;0.40;334.06;9.16;1243;30;3176.00;158
7909;24;622123370;7909;347;9154;9307;6.56;0.40;334.12;9.16;1245;30;3177.00;153
7910;24;622123388;7910;353;9157;9307;6.58;0.40;334.09;9.16;1247;30;3178.00;150
7911;24;622123409;7911;359;9160;9308;6.59;0.40;334.17;9.16;1249;30;3179.00;148
7913;24;622123433;7913;355;9163;9308;6.56;0.40;334.15;9.16;1250;30;3180.00;145
7917;24;622123457;7917;360;9165;9308;6.53;0.40;334.29;9.16;1248;30;3181.00;143
7919;24;622123479;7919;359;9167;9308;6.49;0.40;334.31;9.20;1248;30;3182.00;141
7919;24;622123510;7919;361;9173;9312;6.46;0.40;334.31;9.21;1254;30;3183.00;139
7924;24;622123531;7924;365;9174;9312;6.43;0.39;334.52;9.21;1250;30;3184.00;138
7925;24;622123550;7925;367;9176;9312;6.43;0.39;334.51;9.21;1251;30;3185.00;136
7927;24;622123567;7927;376;9178;9315;6.46;0.40;334.49;9.20;1251;30;3186.00;137
7928;24;622123583;7928;378;9179;9315;6.47;0.40;334.59;9.20;1251;30;3187.00;136
7930;24;622123600;7930;383;9181;9315;6.45;0.40;334.58;9.21;1251;30;3188.00;134
7933;24;622123617;7933;384;9184;9319;6.41;0.39;334.72;9.20;1251;30;3189.00;135
7936;24;622123633;7936;382;9187;9320;6.42;0.39;334.71;9.24;1251;30;3190.00;133
7940;24;622123650;7940;384;9190;9322;6.39;0.39;334.75;9.24;1250;30;3191.00;132
7944;24;622123667;7944;378;9193;9326;6.43;0.39;334.71;9.24;1249;30;3192.00;133
7949;24;622123683;7949;379;9194;9326;6.42;0.39;334.76;9.28;1245;30;3193.00;132
7950;24;622123699;7950;384;9195;9326;6.43;0.39;334.76;9.28;1245;30;3194.00;131
7952;24;622123714;7952;385;9197;9328;6.41;0.39;334.77;9.28;1245;30;3195.00;131
7955;24;622123730;7955;386;9199;9328;6.37;0.39;334.89;9.36;1244;30;3196.00;129
7959;24;622123746;7959;386;9204;9334;6.35;0.39;334.88;9.35;1245;30;3197.00;130
7963;24;622123763;7963;392;9204;9334;6.25;0.38;334.99;9.35;1241;30;3198.00;130
7965;24;622123778;7965;397;9206;9335;6.19;0.38;335.11;9.43;1241;30;3199.00;129
7967;24;622123793;7967;409;9206;9335;6.13;0.37;335.11;9.43;1239;30;3200.00;129
7970;24;622123814;7970;412;9208;9335;6.07;0.37;335.10;9.51;1238;30;3201.00;127
7973;24;622123830;7973;422;9208;9335;6.03;0.37;335.31;9.51;1235;30;3202.00;127
7973;24;622123846;7973;426;9210;9335;6.00;0.37;335.31;9.58;1237;30;3203.00;125
7975;25;622123859;7975;436;9219;9347;5.98;0.37;335.36;9.57;1244;31;3204.00;128
7979;25;622123890;7979;441;9220;9347;5.91;0.36;335.49;9.61;1241;31;3205.00;127
7982;25;622123904;7982;449;9223;9347;5.87;0.36;335.52;9.64;1241;31;3206.00;124
7988;25;622123918;7988;465;9224;9347;5.76;0.35;335.44;9.67;1236;31;3207.00;123
7991;25;622123933;7991;470;9224;9347;5.67;0.35;335.57;9.67;1233;31;3208.00;123
7994;25;622123947;7994;476;9225;9347;5.61;0.34;335.54;9.71;1231;31;3209.00;122
7997;25;622123964;7997;472;9229;9351;5.56;0.34;335.66;9.74;1232;31;3210.00;122
8001;25;622123979;8001;464;9230;9351;5.57;0.34;335.73;9.78;1229;31;3211.00;121
8002;25;622123992;8002;471;9235;9355;5.62;0.34;335.71;9.81;1233;31;3212.00;120
8005;25;622124013;8005;468;9236;9356;5.63;0.34;335.83;9.81;1231;31;3213.00;120
8008;25;622124028;8008;468;9237;9356;5.58;0.34;335.87;9.84;1229;31;3214.00;119
8013;25;622124042;8013;471;9238;9356;5.49;0.34;335.86;9.88;1225;31;3215.00;118
8014;25;622124056;8014;474;9249;9369;5.50;0.34;335.94;9.87;1235;31;3216.00;120
8015;25;622124071;8015;469;9251;9369;5.49;0.34;335.98;9.94;1236;31;3217.00;118
8019;25;622124085;8019;470;9251;9369;5.51;0.34;336.08;9.94;1232;31;3218.00;118
8022;25;622124099;8022;480;9253;9370;5.52;0.34;336.06;9.97;1231;31;3219.00;117
8024;25;622124113;8024;478;9253;9371;5.54;0.34;336.10;9.97;1229;31;3220.00;118
8026;25;622124126;8026;477;9253;9371;5.52;0.34;336.16;9.97;1227;31;3221.00;118
8033;25;622124144;8033;477;9256;9374;5.46;0.33;336.32;9.97;1223;31;3222.00;118
8037;25;622124158;8037;479;9256;9374;5.39;0.33;336.52;9.97;1219;31;3223.00;118
8043;25;622124173;8043;478;9256;9374;5.36;0.33;336.62;9.97;1213;31;3224.00;118
8051;25;622124187;8051;486;9256;9374;5.27;0.32;336.71;9.97;1205;31;3225.00;118
8055;25;622124201;8055;486;9261;9380;5.20;0.32;336.88;9.96;1206;31;3226.00;119
8058;25;622124215;8058;486;9261;9380;5.13;0.31;337.00;9.96;1203;31;3227.00;119
8063;25;622124228;8063;493;9261;9380;5.03;0.30;336.99;9.96;1198;31;3228.00;119
8066;25;622124241;8066;496;9261;9380;4.93;0.30;336.95;9.96;1195;31;3229.00;119
8071;25;622124253;8071;488;9264;9384;4.83;0.29;337.15;9.96;1193;31;3230.00;120
8072;25;622124267;8072;482;9265;9385;4.75;0.29;337.14;9.96;1193;31;3231.00;120
8077;25;622124280;8077;483;9265;9385;4.69;0.29;337.13;9.96;1188;31;3232.00;120
8078;25;622124293;8078;485;9266;9386;4.66;0.28;337.10;9.96;1188;31;3233.00;120
8083;25;622124305;8083;484;9266;9386;4.60;0.28;337.00;9.96;1183;31;3234.00;120
8084;25;622124318;8084;484;9266;9386;4.59;0.28;336.98;9.96;1182;31;3235.00;120
8088;25;622124330;8088;483;9266;9386;4.56;0.28;336.91;9.96;1178;31;3236.00;120
8090;25;622124343;8090;476;9266;9386;4.57;0.28;336.89;9.96;1176;31;3237.00;120
8092;25;622124355;8092;466;9266;9386;4.57;0.28;336.87;9.96;1174;31;3238.00;120
8098;25;622124366;8098;467;9266;9386;4.50;0.27;336.78;9.96;1168;31;3239.00;120
8100;25;622124381;8100;462;9326;9511;4.76;0.29;336.72;9.89;1226;31;3240.00;185
8101;25;622124404;8101;458;9331;9512;4.80;0.30;336.79;9.89;1230;31;3241.00;181
8105;25;622124417;8105;470;9342;9512;4.76;0.29;336.69;9.88;1237;31;3242.00;170
8107;25;622124430;8107;466;9344;9512;4.75;0.29;336.65;9.88;1237;31;3243.00;168
8113;25;622124444;8113;467;9347;9512;4.74;0.29;336.54;9.88;1234;31;3244.00;165
8114;25;622124458;8114;475;9347;9512;4.77;0.29;336.55;9.88;1233;31;3245.00;165
8118;25;622124472;8118;478;9352;9512;4.82;0.30;336.54;9.87;1234;31;3246.00;160
8120;25;622124486;8120;481;9354;9512;4.84;0.30;336.49;9.87;1234;31;3247.00;158
8124;25;622124505;8124;484;9359;9513;4.87;0.30;336.44;9.87;1235;31;3248.00;154
8125;25;622124520;8125;486;9361;9514;4.89;0.30;336.40;9.87;1236;31;3249.00;153
8128;25;622124533;8128;486;9364;9514;4.88;0.30;336.43;9.87;1236;31;3250.00;150
8131;25;622124548;8131;490;9367;9518;4.86;0.30;336.43;9.87;1236;31;3251.00;151
8133;25;622124561;8133;491;9367;9518;4.78;0.29;336.41;9.87;1234;31;3252.00;151
8136;25;622124575;8136;498;9367;9518;4.68;0.29;336.43;9.87;1231;31;3253.00;151
8140;25;622124589;8140;512;9367;9518;4.60;0.28;336.58;9.87;1227;31;3254.00;151
8142;25;622124603;8142;509;9371;9524;4.57;0.28;336.58;9.87;1229;31;3255.00;153
8147;25;622124617;8147;509;9371;9524;4.51;0.28;336.64;9.87;1224;31;3256.00;153
8149;25;622124631;8149;512;9371;9524;4.45;0.27;336.63;9.87;1222;31;3257.00;153
8152;25;622124645;8152;526;9373;9527;4.45;0.27;336.72;9.87;1221;31;3258.00;154
8158;25;622124659;8158;510;9373;9527;4.42;0.27;336.72;9.87;1215;31;3259.00;154
8160;25;622124673;8160;501;9374;9527;4.37;0.27;336.69;9.87;1214;31;3260.00;153
8163;26;622124693;8163;493;9374;9528;4.37;0.27;336.71;9.87;1211;32;3261.00;154
8168;26;622124717;8168;494;9376;9529;4.39;0.27;336.73;9.87;1208;32;3262.00;153
8168;26;622124734;8168;489;9377;9529;4.47;0.27;336.73;9.87;1209;32;3263.00;152
8173;26;622124748;8173;495;9387;9542;4.56;0.28;336.72;9.86;1214;32;3264.00;155
8177;26;622124764;8177;493;9388;9542;4.58;0.28;336.76;9.86;1211;32;3265.00;154
8180;26;622124784;8180;489;9389;9542;4.62;0.28;336.77;9.86;1209;32;3266.00;153
8186;26;622124798;8186;496;9391;9543;4.64;0.28;336.71;9.86;1205;32;3267.00;152
8188;26;622124813;8188;496;9391;9543;4.66;0.28;336.68;9.86;1203;32;3268.00;152
8190;26;622124827;8190;491;9395;9547;4.63;0.28;336.71;9.86;1205;32;3269.00;152
8194;26;622124851;8194;483;9396;9547;4.61;0.28;336.71;9.86;1202;32;3270.00;151
8196;26;622124871;8196;481;9401;9551;4.61;0.28;336.75;9.92;1205;32;3271.00;150
8198;26;622124886;8198;481;9402;9551;4.60;0.28;336.72;9.92;1204;32;3272.00;149
8201;26;622124900;8201;480;9403;9551;4.58;0.28;336.73;9.92;1202;32;3273.00;148
8202;26;622124921;8202;483;9403;9551;4.58;0.28;336.73;9.92;1201;32;3274.00;148
8203;26;622124935;8203;479;9403;9551;4.61;0.28;336.71;9.92;1200;32;3275.00;148
8203;26;622124949;8203;486;9414;9563;4.76;0.29;336.71;9.91;1211;32;3276.00;149
8205;26;622124964;8205;479;9415;9563;4.80;0.29;336.71;9.91;1210;32;3277.00;148
8208;26;622124979;8208;473;9415;9563;4.85;0.30;336.71;9.91;1207;32;3278.00;148
8209;26;622124994;8209;463;9416;9563;4.85;0.30;336.69;9.91;1207;32;3279.00;147
8211;26;622125008;8211;456;9416;9563;4.90;0.30;336.70;9.91;1205;32;3280.00;147
8213;26;622125022;8213;458;9416;9563;4.91;0.30;336.74;9.91;1203;32;3281.00;147
8215;26;622125037;8215;460;9416;9564;4.95;0.30;336.79;9.91;1201;32;3282.00;148
8218;26;622125052;8218;463;9416;9564;4.95;0.30;336.93;9.91;1198;32;3283.00;148
8219;26;622125067;8219;464;9421;9570;4.98;0.31;336.89;9.90;1202;32;3284.00;149
8221;26;622125082;8221;467;9423;9572;5.02;0.31;336.91;9.90;1202;32;3285.00;149
8224;26;622125103;8224;455;9423;9572;5.02;0.31;336.87;9.90;1199;32;3286.00;149
8226;26;622125117;8226;439;9424;9572;5.09;0.31;336.86;9.96;1198;32;3287.00;148
8229;26;622125138;8229;435;9427;9576;5.16;0.31;337.04;9.96;1198;32;3288.00;149
8231;26;622125154;8231;433;9427;9576;5.21;0.32;337.05;9.96;1196;32;3289.00;149
8232;26;622125171;8232;432;9427;9576;5.25;0.32;337.04;9.96;1195;32;3290.00;149
8233;26;622125187;8233;431;9428;9577;5.30;0.32;337.04;9.96;1195;32;3291.00;149
8236;26;622125203;8236;431;9431;9581;5.30;0.32;337.15;9.95;1195;32;3292.00;150
8237;26;622125219;8237;429;9431;9581;5.31;0.32;337.25;9.95;1194;32;3293.00;150
8240;26;622125234;8240;431;9434;9584;5.34;0.32;337.28;10.01;1194;32;3294.00;150
8241;26;622125249;8241;435;9434;9584;5.31;0.32;337.26;10.01;1193;32;3295.00;150
8244;26;622125265;8244;441;9435;9584;5.32;0.32;337.35;10.01;1191;32;3296.00;149
8245;26;622125281;8245;443;9435;9584;5.36;0.33;337.35;10.01;1190;32;3297.00;149
8248;26;622125296;8248;434;9439;9588;5.42;0.33;337.42;10.00;1191;32;3298.00;149
8249;26;622125312;8249;431;9439;9588;5.49;0.33;337.41;10.00;1190;32;3299.00;149
8253;26;622125329;8253;429;9444;9607;5.47;0.33;337.58;10.00;1191;32;3300.00;163
8254;26;622125351;8254;420;9444;9607;5.51;0.34;337.67;10.00;1190;32;3301.00;163
8256;26;622125369;8256;416;9444;9608;5.52;0.34;337.72;10.00;1188;32;3302.00;164
8257;26;622125385;8257;420;9445;9609;5.49;0.34;337.81;10.00;1188;32;3303.00;164
8260;26;622125400;8260;410;9445;9609;5.47;0.33;337.90;10.00;1185;32;3304.00;164
8262;26;622125421;8262;411;9446;9610;5.51;0.34;337.88;10.00;1184;32;3305.00;164
8263;26;622125442;8263;416;9448;9610;5.52;0.34;338.00;10.00;1185;32;3306.00;162
8266;26;622125463;8266;416;9448;9610;5.52;0.34;338.12;10.00;1182;32;3307.00;162
8268;26;622125486;8268;415;9448;9610;5.56;0.34;338.22;10.00;1180;32;3308.00;162
8270;26;622125507;8270;415;9448;9610;5.68;0.35;338.28;10.00;1178;32;3309.00;162
8273;26;622125527;8273;412;9448;9610;5.74;0.35;338.36;10.00;1175;32;3310.00;162
8275;26;622125543;8275;412;9449;9610;5.78;0.35;338.34;10.00;1174;32;3311.00;161
8279;26;622125557;8279;428;9518;9737;5.90;0.36;338.47;9.93;1239;32;3312.00;219
8282;26;622125585;8282;415;9518;9738;5.92;0.37;338.47;9.93;1236;32;3313.00;220
8285;26;622125602;8285;416;9522;9738;6.02;0.37;338.46;9.92;1237;32;3314.00;216
8286;26;622125617;8286;423;9524;9738;6.05;0.37;338.46;9.92;1238;32;3315.00;214
8288;26;622125633;8288;423;9529;9738;6.08;0.38;338.56;9.92;1241;32;3316.00;209
8290;26;622125648;8290;421;9531;9738;6.06;0.37;338.69;9.92;1241;32;3317.00;207
8293;26;622125662;8293;427;9535;9738;6.00;0.37;338.81;9.92;1242;32;3318.00;203
8295;26;622125677;8295;433;9537;9738;5.97;0.37;338.82;9.92;1242;32;3319.00;201
8297;26;622125693;8297;417;9539;9739;5.97;0.37;338.86;9.92;1242;32;3320.00;200
8299;26;622125717;8299;407;9541;9740;5.99;0.37;338.85;9.92;1242;32;3321.00;199
8301;26;622125732;8301;403;9543;9740;6.02;0.37;338.89;9.92;1242;32;3322.00;197
8302;26;622125748;8302;399;9547;9741;6.06;0.37;338.91;9.92;1245;32;3323.00;194
8305;26;622125765;8305;398;9548;9741;6.12;0.38;339.01;9.92;1243;32;3324.00;193
8308;26;622125780;8308;401;9551;9741;6.17;0.38;339.05;9.92;1243;32;3325.00;190
8311;26;622125796;8311;398;9553;9741;6.18;0.38;339.18;9.92;1242;32;3326.00;188
8315;26;622125813;8315;392;9555;9745;6.21;0.38;339.35;9.92;1240;32;3327.00;190
8317;26;622125829;8317;397;9556;9745;6.23;0.38;339.44;9.92;1239;32;3328.00;189
8319;26;622125853;8319;384;9559;9745;6.19;0.38;339.47;9.92;1240;32;3329.00;186
8325;26;622125872;8325;375;9561;9751;6.13;0.38;339.54;9.92;1236;32;3330.00;190
8326;26;622125889;8326;375;9564;9751;6.16;0.38;339.56;9.92;1238;32;3331.00;187
8328;26;622125904;8328;363;9566;9751;6.14;0.38;339.56;9.93;1238;32;3332.00;185
8330;26;622125920;8330;356;9570;9755;6.13;0.38;339.60;9.93;1240;32;3333.00;185
8333;26;622125938;8333;347;9574;9756;6.16;0.38;339.64;9.92;1241;32;3334.00;182
8334;26;622125953;8334;340;9579;9756;6.12;0.38;339.66;10.02;1245;32;3335.00;177
8338;26;622125974;8338;341;9583;9760;6.14;0.38;339.78;10.02;1245;32;3336.00;177
8343;26;622125990;8343;340;9584;9760;6.07;0.37;339.86;10.02;1241;32;3337.00;176
8345;26;622126006;8345;341;9585;9760;6.07;0.37;339.96;10.02;1240;32;3338.00;175
8348;26;622126023;8348;341;9586;9761;6.04;0.37;339.99;10.02;1238;32;3339.00;175
8352;26;622126038;8352;341;9587;9761;6.04;0.37;339.98;10.02;1235;32;3340.00;174
8356;26;622126054;8356;342;9593;9767;6.05;0.37;339.99;10.03;1237;32;3341.00;174
8360;26;622126079;8360;333;9596;9767;6.03;0.37;339.97;10.03;1236;32;3342.00;171
8363;26;622126097;8363;338;9596;9768;6.00;0.37;339.95;10.03;1233;32;3343.00;172
8364;26;622126115;8364;333;9596;9768;5.98;0.36;339.96;10.03;1232;32;3344.00;172
8367;26;622126131;8367;329;9597;9768;5.96;0.36;339.93;10.03;1230;32;3345.00;171
8371;26;622126147;8371;334;9597;9768;5.94;0.36;339.92;10.03;1226;32;3346.00;171
8375;26;622126164;8375;341;9598;9768;5.91;0.36;339.99;10.03;1223;32;3347.00;170
8376;26;622126181;8376;345;9606;9780;5.95;0.36;339.96;10.02;1230;32;3348.00;174
8378;26;622126197;8378;338;9607;9780;5.94;0.36;340.12;10.02;1229;32;3349.00;173
8380;26;622126213;8380;353;9609;9780;5.94;0.36;340.14;10.02;1229;32;3350.00;171
8384;26;622126227;8384;355;9611;9780;5.94;0.36;340.23;10.03;1227;32;3351.00;169
8387;26;622126243;8387;352;9611;9780;5.88;0.36;340.34;10.03;1224;32;3352.00;169
8391;26;622126259;8391;352;9611;9780;5.86;0.36;340.34;10.03;1220;32;3353.00;169
8393;26;622126274;8393;360;9616;9784;5.86;0.36;340.42;10.03;1223;32;3354.00;168
8394;26;622126290;8394;355;9616;9784;5.86;0.36;340.42;10.03;1222;32;3355.00;168
8394;26;622126306;8394;361;9621;9788;5.91;0.36;340.42;10.03;1227;32;3356.00;167
8395;26;622126320;8395;369;9622;9789;5.97;0.36;340.41;10.02;1227;32;3357.00;167
8400;26;622126335;8400;384;9622;9789;5.96;0.36;340.54;10.02;1222;32;3358.00;167
8403;26;622126350;8403;393;9623;9789;5.88;0.36;340.56;10.07;1220;32;3359.00;166
8406;26;622126368;8406;408;9644;9818;5.89;0.36;340.76;10.10;1238;32;3360.00;174
8408;26;622126386;8408;410;9645;9818;5.85;0.36;340.83;10.10;1237;32;3361.00;173
8412;26;622126402;8412;421;9648;9818;5.78;0.35;340.97;10.14;1236;32;3362.00;170
8414;26;622126417;8414;429;9651;9819;5.75;0.35;341.11;10.19;1237;32;3363.00;168
8420;26;622126433;8420;431;9653;9820;5.69;0.35;341.16;10.23;1233;32;3364.00;167
8425;26;622126449;8425;432;9654;9820;5.62;0.34;341.17;10.28;1229;32;3365.00;166
8426;26;622126465;8426;437;9657;9823;5.57;0.34;341.15;10.31;1231;32;3366.00;166
8430;26;622126481;8430;444;9658;9823;5.51;0.34;341.15;10.36;1228;32;3367.00;165
8433;26;622126496;8433;453;9660;9823;5.48;0.33;341.16;10.40;1227;32;3368.00;163
8433;26;622126511;8433;456;9660;9823;5.46;0.33;341.16;10.40;1227;32;3369.00;163
8435;26;622126525;8435;465;9666;9829;5.47;0.33;341.18;10.44;1231;32;3370.00;163
8436;26;622126547;8436;468;9667;9829;5.44;0.33;341.21;10.49;1231;32;3371.00;162
8437;26;622126561;8437;479;9667;9829;5.40;0.33;341.18;10.49;1230;32;3372.00;162
8440;26;622126575;8440;482;9668;9829;5.34;0.33;341.27;10.53;1228;32;3373.00;161
8442;26;622126590;8442;486;9671;9833;5.23;0.32;341.30;10.53;1229;32;3374.00;162
8444;26;622126605;8444;493;9674;9835;5.16;0.32;341.30;10.57;1230;32;3375.00;161
8447;26;622126618;8447;501;9674;9835;5.07;0.31;341.31;10.57;1227;32;3376.00;161
8452;26;622126632;8452;514;9677;9836;4.94;0.30;341.43;10.66;1225;32;3377.00;159
8454;26;622126646;8454;508;9678;9836;4.86;0.30;341.39;10.70;1224;32;3378.00;158
8455;26;622126660;8455;504;9679;9836;4.83;0.30;341.43;10.74;1224;32;3379.00;157
8457;26;622126674;8457;502;9679;9836;4.85;0.30;341.37;10.74;1222;32;3380.00;157
8459;26;622126687;8459;509;9679;9836;4.83;0.30;341.37;10.74;1220;32;3381.00;157
8460;26;622126701;8460;508;9679;9836;4.84;0.30;341.43;10.74;1219;32;3382.00;157
8463;26;622126716;8463;514;9683;9836;4.86;0.30;341.37;10.91;1220;32;3383.00;153
8464;26;622126733;8464;518;9719;9906;5.09;0.31;341.41;10.87;1255;32;3384.00;187
8467;26;622126754;8467;524;9724;9907;5.07;0.31;341.39;10.94;1257;32;3385.00;183
8469;26;622126767;8469;522;9732;9907;5.06;0.31;341.33;10.94;1263;32;3386.00;175
8473;26;622126780;8473;530;9739;9907;4.99;0.31;341.31;11.01;1266;32;3387.00;168
8476;26;622126794;8476;527;9742;9907;4.92;0.30;341.30;11.01;1266;32;3388.00;165
8476;26;622126807;8476;531;9744;9907;4.90;0.30;341.30;11.01;1268;32;3389.00;163
8478;26;622126823;8478;531;9749;9907;4.89;0.30;341.25;11.08;1271;32;3390.00;158
8480;26;622126836;8480;526;9750;9907;4.84;0.30;341.25;11.08;1270;32;3391.00;157
8484;26;622126849;8484;536;9752;9908;4.80;0.29;341.26;11.08;1268;32;3392.00;156
8488;26;622126862;8488;539;9754;9909;4.76;0.29;341.33;11.08;1266;32;3393.00;155
8497;26;622126876;8497;542;9759;9909;4.67;0.28;341.17;11.19;1262;32;3394.00;150
8500;26;622126890;8500;540;9762;9913;4.58;0.28;341.14;11.19;1262;32;3395.00;151
8503;26;622126905;8503;539;9765;9913;4.48;0.27;341.24;11.30;1262;32;3396.00;148
8507;26;622126917;8507;547;9765;9913;4.34;0.26;341.23;11.30;1258;32;3397.00;148
8509;26;622126930;8509;549;9765;9913;4.21;0.26;341.23;11.30;1256;32;3398.00;148
8511;26;622126942;8511;556;9770;9919;4.15;0.25;341.25;11.34;1259;32;3399.00;149
8516;26;622126957;8516;561;9771;9919;4.06;0.25;341.14;11.37;1255;32;3400.00;148
8517;26;622126977;8517;555;9772;9919;3.98;0.24;341.13;11.41;1255;32;3401.00;147
8524;26;622126989;8524;561;9773;9922;3.88;0.24;341.01;11.41;1249;32;3402.00;149
8526;26;622127003;8526;552;9775;9922;3.85;0.23;341.04;11.44;1249;32;3403.00;147
8528;26;622127016;8528;551;9776;9922;3.83;0.23;340.99;11.47;1248;32;3404.00;146
8529;26;622127029;8529;552;9776;9923;3.82;0.23;340.98;11.47;1247;32;3405.00;147
8530;26;622127043;8530;555;9777;9924;3.84;0.23;340.97;11.47;1247;32;3406.00;147
8531;26;622127056;8531;555;9777;9924;3.88;0.24;340.98;11.47;1246;32;3407.00;147
8534;26;622127070;8534;556;9787;9937;3.96;0.24;340.94;11.46;1253;32;3408.00;150
8536;26;622127084;8536;551;9787;9937;3.97;0.24;340.91;11.46;1251;32;3409.00;150
8538;26;622127097;8538;549;9787;9937;4.00;0.24;340.86;11.46;1249;32;3410.00;150
8541;26;622127110;8541;532;9787;9938;4.05;0.25;340.85;11.46;1246;32;3411.00;151
8541;26;622127125;8541;511;9787;9938;4.14;0.25;340.85;11.46;1246;32;3412.00;151
8546;26;622127141;8546;497;9790;9942;4.19;0.26;340.86;11.46;1244;32;3413.00;152
8548;26;622127155;8548;478;9790;9942;4.27;0.26;340.91;11.46;1242;32;3414.00;152
8551;26;622127169;8551;471;9793;9946;4.36;0.26;340.89;11.45;1242;32;3415.00;153
8555;26;622127184;8555;462;9793;9946;4.45;0.27;340.84;11.45;1238;32;3416.00;153
8558;26;622127198;8558;460;9794;9946;4.52;0.27;340.82;11.46;1236;32;3417.00;152
8561;26;622127220;8561;455;9794;9946;4.61;0.28;340.88;11.46;1233;32;3418.00;152
8564;26;622127235;8564;457;9794;9946;4.66;0.28;340.92;11.46;1230;32;3419.00;152
8566;26;622127259;8566;462;9819;9980;4.86;0.30;340.93;11.43;1253;32;3420.00;161
8568;26;622127278;8568;462;9819;9980;4.94;0.30;340.95;11.43;1251;32;3421.00;161
8570;26;622127292;8570;456;9821;9980;4.98;0.30;340.89;11.42;1251;32;3422.00;159
8572;26;622127307;8572;457;9821;9980;4.98;0.30;340.93;11.42;1249;32;3423.00;159
8575;26;622127322;8575;458;9821;9980;4.94;0.30;340.86;11.42;1246;32;3424.00;159
8578;26;622127338;8578;454;9822;9980;4.88;0.30;340.88;11.42;1244;32;3425.00;158
8582;26;622127353;8582;457;9822;9981;4.81;0.29;340.93;11.42;1240;32;3426.00;159
8587;26;622127368;8587;456;9822;9981;4.73;0.29;340.88;11.42;1235;32;3427.00;159
8592;26;622127382;8592;459;9826;9987;4.75;0.29;340.88;11.42;1234;32;3428.00;161
8594;26;622127399;8594;449;9827;9988;4.76;0.29;340.87;11.42;1233;32;3429.00;161
8596;26;622127420;8596;457;9828;9988;4.79;0.29;340.89;11.42;1232;32;3430.00;160
8599;26;622127440;8599;451;9828;9988;4.78;0.29;340.90;11.42;1229;32;3431.00;160
8601;26;622127462;8601;445;9831;9992;4.80;0.29;341.00;11.42;1230;32;3432.00;161
8603;26;622127483;8603;440;9833;9992;4.82;0.29;341.05;11.48;1230;32;3433.00;159
8605;26;622127506;8605;439;9833;9992;4.79;0.29;341.02;11.48;1228;32;3434.00;159
8610;26;622127527;8610;444;9834;9993;4.78;0.29;341.06;11.48;1224;32;3435.00;159
8612;26;622127543;8612;442;9838;9997;4.82;0.29;341.08;11.48;1226;32;3436.00;159
8614;26;622127557;8614;434;9838;9997;4.84;0.29;341.05;11.48;1224;32;3437.00;159
8617;26;622127572;8617;431;9840;10000;4.85;0.29;341.06;11.48;1223;32;3438.00;160
8620;26;622127588;8620;434;9841;10000;4.83;0.29;341.16;11.48;1221;32;3439.00;159
8623;26;622127610;8623;432;9841;10000;4.82;0.29;341.24;11.48;1218;32;3440.00;159
8623;26;622127624;8623;431;9841;10000;4.86;0.30;341.24;11.48;1218;32;3441.00;159
8625;26;622127637;8625;435;9846;10004;4.91;0.30;341.29;11.48;1221;32;3442.00;158
8631;26;622127653;8631;430;9846;10004;4.80;0.29;341.36;11.48;1215;32;3443.00;158
8632;26;622127674;8632;431;9847;10004;4.81;0.29;341.37;11.48;1215;32;3444.00;157
8636;26;622127688;8636;435;9847;10004;4.77;0.29;341.45;11.48;1211;32;3445.00;157
8638;26;622127702;8638;436;9848;10005;4.78;0.29;341.51;11.48;1210;32;3446.00;157
8639;26;622127717;8639;430;9850;10006;4.83;0.29;341.54;11.48;1211;32;3447.00;156
8643;26;622127731;8643;424;9850;10006;4.81;0.29;341.66;11.48;1207;32;3448.00;156
8647;26;622127745;8647;417;9852;10007;4.78;0.29;341.80;11.53;1205;32;3449.00;155
8650;26;622127762;8650;419;9852;10007;4.79;0.29;341.91;11.53;1202;32;3450.00;155
8654;26;622127777;8654;429;9852;10007;4.81;0.29;342.10;11.53;1198;32;3451.00;155
8655;26;622127792;8655;428;9852;10007;4.79;0.29;342.12;11.53;1197;32;3452.00;155
8659;26;622127806;8659;427;9852;10007;4.80;0.29;342.18;11.53;1193;32;3453.00;155
8661;26;622127820;8661;434;9852;10007;4.88;0.30;342.27;11.53;1191;32;3454.00;155
8664;26;622127834;8664;432;9852;10007;4.94;0.30;342.34;11.53;1188;32;3455.00;155
8666;26;622127855;8666;446;9926;10134;5.28;0.33;342.57;11.45;1260;32;3456.00;208
8670;26;622127887;8670;421;9928;10135;5.31;0.33;342.67;11.44;1258;32;3457.00;207
8673;27;622127910;8673;406;9935;10135;5.41;0.34;342.74;11.44;1262;33;3458.00;200
8677;27;622127939;8677;393;9938;10135;5.48;0.34;342.73;11.43;1261;33;3459.00;197
8680;27;622127955;8680;376;9942;10135;5.54;0.34;342.84;11.43;1262;33;3460.00;193
8682;27;622127972;8682;363;9944;10135;5.62;0.35;342.98;11.49;1262;33;3461.00;191
8683;27;622127988;8683;366;9946;10135;5.67;0.35;342.97;11.49;1263;33;3462.00;189
8684;27;622128003;8684;370;9948;10135;5.68;0.35;343.01;11.49;1264;33;3463.00;187
8689;27;622128028;8689;372;9951;10136;5.68;0.35;342.95;11.49;1262;33;3464.00;185
8694;27;622128045;8694;380;9956;10138;5.61;0.34;343.04;11.48;1262;33;3465.00;182
8696;27;622128062;8696;379;9959;10138;5.54;0.34;343.06;11.54;1263;33;3466.00;179
8699;27;622128083;8699;385;9962;10139;5.46;0.34;343.08;11.54;1263;33;3467.00;177
8700;27;622128099;8700;387;9963;10139;5.47;0.34;343.17;11.54;1263;33;3468.00;176
8704;27;622128115;8704;388;9967;10139;5.44;0.33;343.22;11.54;1263;33;3469.00;172
8708;27;622128131;8708;393;9969;10139;5.42;0.33;343.28;11.54;1261;33;3470.00;170
8709;27;622128148;8709;390;9973;10143;5.46;0.34;343.39;11.54;1264;33;3471.00;170
8712;27;622128164;8712;397;9975;10143;5.51;0.34;343.48;11.54;1263;33;3472.00;168
8714;27;622128180;8714;391;9976;10143;5.53;0.34;343.53;11.54;1262;33;3473.00;167
8717;27;622128197;8717;394;9978;10146;5.53;0.34;343.60;11.54;1261;33;3474.00;168
8719;27;622128214;8719;403;9980;10146;5.54;0.34;343.61;11.59;1261;33;3475.00;166
8720;27;622128230;8720;402;9981;10146;5.60;0.34;343.60;11.60;1261;33;3476.00;165
8725;27;622128245;8725;411;9986;10150;5.61;0.34;343.73;11.59;1261;33;3477.00;164
8726;27;622128262;8726;408;9987;10151;5.66;0.35;343.74;11.59;1261;33;3478.00;164
8727;27;622128279;8727;416;9987;10151;5.67;0.35;343.73;11.59;1260;33;3479.00;164
8731;27;622128297;8731;419;9990;10156;5.67;0.35;343.73;11.59;1259;33;3480.00;166
8733;27;622128314;8733;415;9990;10156;5.71;0.35;343.67;11.59;1257;33;3481.00;166
8735;27;622128331;8735;420;9991;10156;5.71;0.35;343.66;11.59;1256;33;3482.00;165
8738;28;622128346;8738;424;9992;10157;5.68;0.35;343.62;11.59;1254;34;3483.00;165
8740;28;622128377;8740;429;9992;10157;5.68;0.35;343.69;11.59;1252;34;3484.00;165
8742;28;622128394;8742;435;9997;10163;5.65;0.35;343.66;11.58;1255;34;3485.00;166
8742;28;622128418;8742;435;9997;10163;5.63;0.34;343.66;11.58;1255;34;3486.00;166
8745;28;622128435;8745;444;9998;10164;5.59;0.34;343.65;11.64;1253;34;3487.00;166
8748;28;622128452;8748;442;9998;10164;5.59;0.34;343.60;11.64;1250;34;3488.00;166
8750;28;622128469;8750;448;9998;10164;5.51;0.34;343.62;11.64;1248;34;3489.00;166
8752;28;622128484;8752;441;9998;10164;5.49;0.33;343.64;11.64;1246;34;3490.00;166
8752;28;622128499;8752;431;9998;10164;5.51;0.33;343.64;11.64;1246;34;3491.00;166
8754;28;622128514;8754;421;10008;10176;5.54;0.34;343.67;11.63;1254;34;3492.00;168
8757;28;622128531;8757;412;10008;10176;5.52;0.33;343.66;11.63;1251;34;3493.00;168
8759;28;622128547;8759;408;10009;10176;5.54;0.34;343.70;11.63;1250;34;3494.00;167
8759;28;622128563;8759;401;10009;10176;5.58;0.34;343.70;11.63;1250;34;3495.00;167
8763;28;622128579;8763;395;10009;10176;5.59;0.34;343.80;11.63;1246;34;3496.00;167
8768;28;622128595;8768;396;10009;10176;5.59;0.34;343.87;11.63;1241;34;3497.00;167
8770;28;622128610;8770;390;10012;10180;5.61;0.34;343.90;11.62;1242;34;3498.00;168
8773;28;622128627;8773;386;10012;10180;5.63;0.34;343.94;11.62;1239;34;3499.00;168
8777;28;622128644;8777;383;10016;10184;5.65;0.34;343.94;11.62;1239;34;3500.00;168
8778;28;622128664;8778;391;10016;10185;5.60;0.34;344.03;11.62;1238;34;3501.00;169
8779;28;622128680;8779;382;10018;10185;5.55;0.34;344.06;11.68;1239;34;3502.00;167
8780;28;622128695;8780;380;10018;10185;5.47;0.33;344.09;11.68;1238;34;3503.00;167
8781;28;622128710;8781;380;10029;10198;5.47;0.33;344.11;11.67;1248;34;3504.00;169
8783;28;622128725;8783;383;10030;10198;5.41;0.33;344.08;11.71;1247;34;3505.00;168
8786;28;622128742;8786;381;10030;10198;5.42;0.33;344.13;11.71;1244;34;3506.00;168
8786;28;622128756;8786;381;10031;10199;5.46;0.33;344.13;11.71;1245;34;3507.00;168
8791;28;622128772;8791;389;10031;10200;5.41;0.33;344.24;11.71;1240;34;3508.00;169
8795;28;622128788;8795;386;10031;10200;5.35;0.33;344.18;11.71;1236;34;3509.00;169
8798;28;622128804;8798;394;10035;10206;5.38;0.33;344.14;11.71;1237;34;3510.00;171
8802;28;622128821;8802;394;10036;10206;5.37;0.33;344.28;11.71;1234;34;3511.00;170
8805;28;622128837;8805;393;10037;10206;5.36;0.33;344.28;11.71;1232;34;3512.00;169
8807;28;622128852;8807;399;10037;10206;5.36;0.33;344.26;11.71;1230;34;3513.00;169
8807;28;622128867;8807;401;10042;10212;5.39;0.33;344.26;11.70;1235;34;3514.00;170
8810;28;622128882;8810;393;10042;10212;5.35;0.33;344.31;11.70;1232;34;3515.00;170
8812;28;622128897;8812;391;10042;10212;5.32;0.32;344.33;11.70;1230;34;3516.00;170
8816;28;622128911;8816;387;10043;10212;5.28;0.32;344.41;11.76;1227;34;3517.00;169
8817;28;622128926;8817;400;10046;10216;5.22;0.32;344.39;11.76;1229;34;3518.00;170
8819;28;622128941;8819;408;10049;10219;5.19;0.32;344.47;11.76;1230;34;3519.00;170
8819;28;622128958;8819;405;10049;10219;5.21;0.32;344.47;11.76;1230;34;3520.00;170
8823;28;622128975;8823;407;10050;10220;5.18;0.32;344.50;11.75;1227;34;3521.00;170
8825;28;622128989;8825;407;10050;10220;5.21;0.32;344.48;11.75;1225;34;3522.00;170
8827;28;622129003;8827;407;10050;10220;5.21;0.32;344.53;11.75;1223;34;3523.00;170
8830;28;622129018;8830;414;10050;10220;5.16;0.32;344.65;11.75;1220;34;3524.00;170
8832;28;622129032;8832;421;10051;10220;5.12;0.31;344.77;11.80;1219;34;3525.00;169
8833;28;622129045;8833;426;10051;10220;5.11;0.31;344.76;11.80;1218;34;3526.00;169
8835;28;622129059;8835;433;10051;10220;5.13;0.32;344.78;11.80;1216;34;3527.00;169
8836;28;622129074;8836;439;10087;10290;5.33;0.33;344.83;11.76;1251;34;3528.00;203
8840;28;622129096;8840;444;10088;10291;5.28;0.32;344.96;11.81;1248;34;3529.00;203
8843;28;622129111;8843;456;10096;10291;5.33;0.33;344.96;11.80;1253;34;3530.00;195
8847;28;622129126;8847;465;10100;10291;5.26;0.32;344.89;11.80;1253;34;3531.00;191
8850;28;622129141;8850;470;10104;10291;5.21;0.32;344.90;11.84;1254;34;3532.00;187
8850;28;622129154;8850;482;10106;10291;5.19;0.32;344.90;11.84;1256;34;3533.00;185
8855;28;622129169;8855;487;10107;10291;5.11;0.31;344.95;11.84;1252;34;3534.00;184
8858;28;622129183;8858;489;10112;10291;5.09;0.31;344.93;11.93;1254;34;3535.00;179
8863;28;622129199;8863;497;10112;10292;5.07;0.31;344.88;11.93;1249;34;3536.00;180
8865;28;622129220;8865;496;10116;10293;5.06;0.31;344.83;11.97;1251;34;3537.00;177
8867;28;622129235;8867;508;10120;10293;5.06;0.31;344.76;12.02;1253;34;3538.00;173
8868;28;622129249;8868;511;10126;10297;5.04;0.31;344.75;12.02;1258;34;3539.00;171
8869;28;622129265;8869;521;10128;10297;5.02;0.31;344.76;12.01;1259;34;3540.00;169
8871;28;622129279;8871;520;10130;10297;4.92;0.30;344.75;12.11;1259;34;3541.00;167
8872;28;622129292;8872;522;10130;10297;4.90;0.30;344.71;12.11;1258;34;3542.00;167
8873;28;622129306;8873;533;10135;10303;4.96;0.30;344.70;12.10;1262;34;3543.00;168
8876;28;622129321;8876;540;10135;10303;4.89;0.30;344.65;12.10;1259;34;3544.00;168
8877;28;622129334;8877;543;10135;10303;4.80;0.29;344.62;12.10;1258;34;3545.00;168
8880;28;622129347;8880;547;10140;10306;4.74;0.29;344.67;12.23;1260;34;3546.00;166
8883;28;622129361;8883;554;10140;10306;4.66;0.29;344.63;12.23;1257;34;3547.00;166
8885;28;622129374;8885;564;10141;10306;4.56;0.28;344.59;12.23;1256;34;3548.00;165
8885;28;622129388;8885;566;10142;10307;4.56;0.28;344.59;12.28;1257;34;3549.00;165
8888;28;622129401;8888;568;10143;10308;4.52;0.28;344.55;12.28;1255;34;3550.00;165
8890;28;622129421;8890;567;10144;10308;4.45;0.27;344.48;12.32;1254;34;3551.00;164
8893;28;622129440;8893;570;10155;10321;4.42;0.27;344.45;12.31;1262;34;3552.00;166
8895;28;622129460;8895;569;10155;10321;4.37;0.27;344.39;12.31;1260;34;3553.00;166
8898;28;622129481;8898;564;10156;10321;4.29;0.26;344.31;12.35;1258;34;3554.00;165
8899;28;622129499;8899;563;10158;10323;4.30;0.26;344.30;12.35;1259;34;3555.00;165
8901;28;622129520;8901;574;10158;10323;4.23;0.26;344.38;12.35;1257;34;3556.00;165
8904;28;622129536;8904;577;10162;10327;4.26;0.26;344.30;12.34;1258;34;3557.00;165
8904;28;622129550;8904;579;10162;10327;4.25;0.26;344.30;12.34;1258;34;3558.00;165
8905;28;622129564;8905;574;10165;10331;4.25;0.26;344.32;12.34;1260;34;3559.00;166
8907;28;622129579;8907;574;10165;10331;4.20;0.26;344.27;12.34;1258;34;3560.00;166
8908;28;622129592;8908;578;10165;10331;4.17;0.25;344.24;12.34;1257;34;3561.00;166
8911;28;622129605;8911;576;10165;10331;4.08;0.25;344.26;12.34;1254;34;3562.00;166
8912;28;622129618;8912;565;10165;10331;4.05;0.25;344.25;12.34;1253;34;3563.00;166
8915;28;622129630;8915;564;10175;10343;4.11;0.25;344.27;12.33;1260;34;3564.00;168
8919;28;622129645;8919;546;10175;10343;4.09;0.25;344.29;12.33;1256;34;3565.00;168
8921;28;622129659;8921;544;10176;10343;4.07;0.25;344.30;12.33;1255;34;3566.00;167
8923;28;622129672;8923;537;10176;10343;4.03;0.24;344.26;12.33;1253;34;3567.00;167
8925;28;622129684;8925;541;10176;10343;3.98;0.24;344.25;12.33;1251;34;3568.00;167
8926;28;622129698;8926;542;10176;10343;3.93;0.24;344.27;12.33;1250;34;3569.00;167
8927;28;622129722;8927;524;10176;10344;3.91;0.24;344.29;12.33;1249;34;3570.00;168
8928;28;622129736;8928;514;10176;10344;3.92;0.24;344.27;12.33;1248;34;3571.00;168
8930;28;622129751;8930;508;10181;10350;4.01;0.24;344.30;12.32;1251;34;3572.00;169
8934;28;622129767;8934;504;10182;10351;4.01;0.24;344.24;12.32;1248;34;3573.00;169
8934;28;622129783;8934;501;10182;10351;4.09;0.25;344.24;12.32;1248;34;3574.00;169
8937;28;622129797;8937;490;10182;10351;4.16;0.25;344.25;12.32;1245;34;3575.00;169
8939;28;622129812;8939;489;10185;10355;4.24;0.26;344.24;12.32;1246;34;3576.00;170
8940;28;622129827;8940;481;10185;10355;4.33;0.26;344.25;12.32;1245;34;3577.00;170
8943;28;622129845;8943;482;10185;10355;4.34;0.26;344.20;12.32;1242;34;3578.00;170
8945;28;622129858;8945;467;10186;10356;4.38;0.27;344.17;12.31;1241;34;3579.00;170
8946;28;622129881;8946;460;10189;10360;4.44;0.27;344.22;12.31;1243;34;3580.00;171
8948;28;622129906;8948;464;10189;10360;4.45;0.27;344.23;12.31;1241;34;3581.00;171
8951;28;622129920;8951;461;10191;10363;4.50;0.27;344.25;12.31;1240;34;3582.00;172
8951;28;622129935;8951;453;10191;10363;4.55;0.28;344.25;12.31;1240;34;3583.00;172
8954;28;622129949;8954;447;10192;10363;4.58;0.28;344.31;12.31;1238;34;3584.00;171
8958;28;622129966;8958;449;10192;10363;4.62;0.28;344.32;12.31;1234;34;3585.00;171
8958;28;622129981;8958;444;10196;10367;4.72;0.29;344.32;12.30;1238;34;3586.00;171
8964;28;622129996;8964;442;10196;10367;4.77;0.29;344.34;12.30;1232;34;3587.00;171
8967;28;622130010;8967;431;10196;10367;4.84;0.29;344.29;12.30;1229;34;3588.00;171
8969;28;622130025;8969;426;10196;10367;4.87;0.30;344.24;12.30;1227;34;3589.00;171
8972;28;622130040;8972;423;10196;10368;4.90;0.30;344.25;12.30;1224;34;3590.00;172
8974;28;622130054;8974;424;10197;10369;4.94;0.30;344.23;12.30;1223;34;3591.00;172
8979;28;622130069;8979;424;10197;10369;4.99;0.30;344.33;12.30;1218;34;3592.00;172
8983;28;622130084;8983;420;10198;10370;5.05;0.31;344.35;12.30;1215;34;3593.00;172
8986;28;622130100;8986;417;10198;10370;5.07;0.31;344.43;12.30;1212;34;3594.00;172
8990;28;622130115;8990;422;10198;10370;5.05;0.31;344.44;12.30;1208;34;3595.00;172
8993;28;622130130;8993;420;10198;10370;5.03;0.31;344.46;12.30;1205;34;3596.00;172
9001;28;622130145;9001;416;10198;10370;5.01;0.30;344.57;12.30;1197;34;3597.00;172
9006;28;622130178;9006;417;10198;10370;4.97;0.30;344.54;12.30;1192;34;3598.00;172
9012;28;622130193;9012;407;10198;10370;4.98;0.30;344.64;12.30;1186;34;3599.00;172
9014;28;622130214;9014;438;10311;10623;5.36;0.34;344.66;12.17;1297;34;3600.00;312
9019;28;622130256;9019;430;10318;10624;5.39;0.34;344.77;12.16;1299;34;3601.00;306
9022;28;622130276;9022;418;10329;10624;5.46;0.34;344.78;12.15;1307;34;3602.00;295
9026;28;622130295;9026;413;10338;10624;5.48;0.34;344.93;12.14;1312;34;3603.00;286
9030;28;622130312;9030;409;10345;10624;5.49;0.34;345.01;12.20;1315;34;3604.00;279
9031;28;622130335;9031;406;10352;10624;5.50;0.34;344.98;12.20;1321;34;3605.00;272
9035;28;622130351;9035;409;10359;10624;5.49;0.34;345.08;12.20;1324;34;3606.00;265
9038;28;622130367;9038;413;10364;10624;5.47;0.34;345.30;12.19;1326;34;3607.00;260
9040;28;622130396;9040;420;10373;10625;5.43;0.34;345.30;12.19;1333;34;3608.00;252
9044;28;622130413;9044;424;10374;10626;5.42;0.34;345.51;12.19;1330;34;3609.00;252
9046;28;622130429;9046;423;10380;10626;5.38;0.33;345.65;12.19;1334;34;3610.00;246
9051;28;622130445;9051;431;10381;10627;5.26;0.33;345.81;12.19;1330;34;3611.00;246
9057;28;622130462;9057;434;10384;10627;5.15;0.32;345.90;12.19;1327;34;3612.00;243
9062;28;622130479;9062;436;10386;10627;5.06;0.31;345.97;12.19;1324;34;3613.00;241
9064;28;622130495;9064;442;10389;10627;4.99;0.31;346.15;12.19;1325;34;3614.00;238
9067;28;622130511;9067;452;10392;10631;4.95;0.31;346.29;12.19;1325;34;3615.00;239
9069;28;622130528;9069;460;10394;10631;4.93;0.30;346.33;12.19;1325;34;3616.00;237
9070;28;622130543;9070;461;10395;10631;4.90;0.30;346.39;12.19;1325;34;3617.00;236
9075;28;622130566;9075;472;10399;10634;4.87;0.30;346.32;12.19;1324;34;3618.00;235
9077;28;622130583;9077;478;10400;10634;4.85;0.30;346.47;12.19;1323;34;3619.00;234
9079;28;622130599;9079;476;10402;10634;4.86;0.30;346.49;12.19;1323;34;3620.00;232
9081;28;622130615;9081;474;10405;10638;4.90;0.30;346.51;12.19;1324;34;3621.00;233
9088;28;622130631;9088;471;10406;10639;4.85;0.30;346.64;12.19;1318;34;3622.00;233
9088;28;622130650;9088;481;10407;10639;4.90;0.30;346.64;12.26;1319;34;3623.00;232
9090;28;622130666;9090;491;10407;10643;4.89;0.30;346.72;12.26;1317;34;3624.00;236
9092;28;622130684;9092;484;10408;10643;4.89;0.30;346.84;12.26;1316;34;3625.00;235
9094;28;622130700;9094;483;10411;10643;4.91;0.30;346.83;12.26;1317;34;3626.00;232
9095;28;622130717;9095;467;10411;10644;4.97;0.30;346.89;12.26;1316;34;3627.00;233
9099;28;622130734;9099;464;10411;10644;5.01;0.31;346.95;12.26;1312;34;3628.00;233
9100;28;622130750;9100;463;10416;10650;5.06;0.31;347.01;12.26;1316;34;3629.00;234
9106;28;622130779;9106;459;10417;10650;5.06;0.31;347.14;12.26;1311;34;3630.00;233
9109;28;622130803;9109;458;10420;10651;5.08;0.31;347.15;12.26;1311;34;3631.00;231
9111;28;622130820;9111;456;10422;10651;5.15;0.31;347.18;12.26;1311;34;3632.00;229
9111;28;622130837;9111;467;10425;10651;5.20;0.32;347.18;12.26;1314;34;3633.00;226
9115;28;622130853;9115;460;10426;10651;5.21;0.32;347.35;12.26;1311;34;3634.00;225
9116;28;622130869;9116;465;10426;10651;5.23;0.32;347.43;12.26;1310;34;3635.00;225
9118;28;622130885;9118;464;10434;10663;5.27;0.32;347.53;12.26;1316;34;3636.00;229
9118;28;622130903;9118;462;10437;10663;5.30;0.32;347.53;12.26;1319;34;3637.00;226
9121;28;622130919;9121;462;10438;10663;5.33;0.33;347.60;12.26;1317;34;3638.00;225
9122;28;622130938;9122;460;10438;10663;5.35;0.33;347.64;12.26;1316;34;3639.00;225
9126;28;622130957;9126;458;10438;10663;5.38;0.33;347.65;12.26;1312;34;3640.00;225
9131;28;622130976;9131;463;10439;10663;5.37;0.33;347.76;12.26;1308;35;3641.00;224
9135;28;622131008;9135;463;10444;10667;5.37;0.33;347.90;12.26;1309;35;3642.00;223
9137;28;622131025;9137;466;10445;10667;5.37;0.33;347.99;12.26;1308;35;3643.00;222
9141;28;622131042;9141;470;10450;10671;5.36;0.33;348.10;12.26;1309;35;3644.00;221
9144;28;622131059;9144;475;10451;10673;5.39;0.33;348.05;12.26;1307;35;3645.00;222
9146;28;622131076;9146;475;10452;10673;5.38;0.33;348.12;12.26;1306;35;3646.00;221
9149;28;622131092;9149;486;10453;10673;5.37;0.33;348.08;12.26;1304;35;3647.00;220
9149;28;622131108;9149;490;10461;10686;5.42;0.33;348.08;12.25;1312;35;3648.00;225
9153;28;622131124;9153;481;10462;10686;5.42;0.33;348.13;12.25;1309;35;3649.00;224
9156;28;622131140;9156;482;10462;10686;5.40;0.33;348.16;12.25;1306;35;3650.00;224
9158;28;622131156;9158;493;10464;10687;5.42;0.33;348.17;12.25;1306;35;3651.00;223
9160;28;622131173;9160;490;10465;10688;5.43;0.33;348.15;12.32;1305;35;3652.00;223
9164;28;622131189;9164;485;10465;10688;5.39;0.33;348.19;12.32;1301;35;3653.00;223
9164;28;622131205;9164;492;10467;10691;5.38;0.33;348.19;12.32;1303;35;3654.00;224
9164;28;622131220;9164;495;10467;10691;5.34;0.33;348.19;12.32;1303;35;3655.00;224
9164;28;622131235;9164;494;10468;10691;5.31;0.32;348.19;12.32;1304;35;3656.00;223
9167;28;622131250;9167;491;10468;10691;5.24;0.32;348.15;12.32;1301;35;3657.00;223
9168;28;622131265;9168;498;10473;10697;5.20;0.32;348.17;12.31;1305;35;3658.00;224
9171;28;622131280;9171;504;10473;10697;5.13;0.31;348.25;12.31;1302;35;3659.00;224
9176;28;622131297;9176;503;10473;10697;5.06;0.31;348.38;12.31;1297;35;3660.00;224
9181;28;622131314;9181;503;10473;10697;4.97;0.30;348.35;12.31;1292;35;3661.00;224
9183;28;622131330;9183;498;10475;10701;4.95;0.30;348.38;12.31;1292;35;3662.00;226
9186;28;622131346;9186;495;10476;10702;4.94;0.30;348.37;12.31;1290;35;3663.00;226
9188;28;622131362;9188;501;10476;10702;4.94;0.30;348.33;12.31;1288;35;3664.00;226
9190;28;622131378;9190;488;10477;10703;4.86;0.30;348.38;12.31;1287;35;3665.00;226
9196;28;622131394;9196;485;10477;10703;4.81;0.29;348.57;12.31;1281;35;3666.00;226
9196;28;622131409;9196;490;10477;10703;4.85;0.30;348.57;12.31;1281;35;3667.00;226
9198;28;622131431;9198;497;10478;10703;4.88;0.30;348.61;12.31;1280;35;3668.00;225
9198;28;622131451;9198;491;10478;10703;4.89;0.30;348.61;12.31;1280;35;3669.00;225
9201;28;622131472;9201;492;10478;10703;4.84;0.29;348.65;12.31;1277;35;3670.00;225
9202;28;622131493;9202;488;10480;10703;4.82;0.29;348.70;12.39;1278;35;3671.00;223
9205;28;622131513;9205;487;10511;10773;4.86;0.30;348.72;12.35;1306;35;3672.00;262
9207;28;622131537;9207;483;10512;10774;4.78;0.29;348.85;12.42;1305;35;3673.00;262
9212;28;622131553;9212;482;10520;10774;4.76;0.29;348.91;12.42;1308;35;3674.00;254
9214;28;622131572;9214;472;10527;10774;4.76;0.29;348.92;12.55;1313;35;3675.00;247
9217;28;622131587;9217;471;10532;10774;4.79;0.29;348.97;12.60;1315;35;3676.00;242
9220;28;622131604;9220;466;10535;10774;4.78;0.29;349.01;12.59;1315;35;3677.00;239
9221;28;622131619;9221;465;10537;10774;4.77;0.29;349.04;12.59;1316;35;3678.00;237
9224;28;622131633;9224;465;10541;10774;4.76;0.29;349.02;12.67;1317;35;3679.00;233
9227;28;622131649;9227;472;10542;10775;4.74;0.29;348.96;12.67;1315;35;3680.00;233
9227;28;622131664;9227;472;10544;10776;4.78;0.29;348.96;12.67;1317;35;3681.00;232
9229;28;622131679;9229;470;10546;10776;4.79;0.29;348.90;12.66;1317;35;3682.00;230
9232;28;622131694;9232;465;10550;10780;4.80;0.29;348.82;12.66;1318;35;3683.00;230
9236;28;622131710;9236;463;10552;10780;4.83;0.29;348.98;12.71;1316;35;3684.00;228
9238;28;622131726;9238;470;10552;10780;4.83;0.29;348.97;12.71;1314;35;3685.00;228
9239;28;622131743;9239;469;10552;10780;4.81;0.29;348.99;12.71;1313;35;3686.00;228
9240;28;622131758;9240;473;10557;10786;4.86;0.30;348.97;12.72;1317;35;3687.00;229
9242;28;622131774;9242;482;10557;10786;4.83;0.30;349.01;12.72;1315;35;3688.00;229
9246;28;622131789;9246;485;10558;10786;4.75;0.29;348.96;12.72;1312;35;3689.00;228
9249;28;622131806;9249;484;10562;10792;4.73;0.29;348.97;12.72;1313;35;3690.00;230
9251;28;622131823;9251;489;10563;10792;4.65;0.28;348.93;12.72;1312;35;3691.00;229
9253;28;622131838;9253;485;10567;10792;4.62;0.28;348.90;12.72;1314;35;3692.00;225
9253;28;622131852;9253;489;10567;10793;4.63;0.28;348.90;12.72;1314;35;3693.00;226
9257;28;622131867;9257;498;10568;10794;4.64;0.28;348.87;12.72;1311;35;3694.00;226
9260;28;622131882;9260;493;10569;10794;4.62;0.28;348.82;12.72;1309;35;3695.00;225
9262;28;622131897;9262;501;10581;10807;4.67;0.28;348.77;12.73;1319;35;3696.00;226
9263;28;622131914;9263;502;10583;10807;4.70;0.29;348.75;12.78;1320;35;3697.00;224
9265;28;622131929;9265;509;10584;10807;4.69;0.29;348.72;12.79;1319;35;3698.00;223
9268;28;622131944;9268;509;10586;10808;4.64;0.28;348.70;12.84;1318;35;3699.00;222
9270;28;622131961;9270;518;10587;10808;4.68;0.29;348.65;12.89;1317;35;3700.00;221
9271;28;622131982;9271;525;10592;10812;4.67;0.29;348.67;12.90;1321;35;3701.00;220
9273;28;622131997;9273;526;10594;10812;4.63;0.28;348.62;12.96;1321;35;3702.00;218
9275;28;622132012;9275;527;10598;10816;4.61;0.28;348.57;13.01;1323;35;3703.00;218
9275;28;622132027;9275;532;10599;10816;4.59;0.28;348.57;13.02;1324;35;3704.00;217
9278;28;622132042;9278;539;10599;10816;4.56;0.28;348.58;13.02;1321;35;3705.00;217
9282;28;622132057;9282;543;10600;10816;4.48;0.28;348.66;13.07;1318;36;3706.00;216
9286;28;622132085;9286;552;10601;10816;4.41;0.27;348.62;13.08;1315;36;3707.00;215
9286;28;622132101;9286;548;10611;10828;4.44;0.27;348.62;13.07;1325;36;3708.00;217
9292;28;622132117;9292;549;10612;10828;4.32;0.27;348.54;13.07;1320;36;3709.00;216
9292;28;622132132;9292;553;10613;10828;4.29;0.26;348.54;13.12;1321;36;3710.00;215
9295;28;622132147;9295;560;10615;10828;4.24;0.26;348.47;13.22;1320;36;3711.00;213
9295;28;622132161;9295;574;10616;10828;4.21;0.26;348.47;13.28;1321;36;3712.00;212
9298;28;622132175;9298;580;10619;10828;4.17;0.26;348.39;13.34;1321;36;3713.00;209
9300;28;622132189;9300;589;10620;10829;4.15;0.26;348.44;13.39;1320;36;3714.00;209
9303;28;622132203;9303;579;10622;10829;4.11;0.25;348.42;13.40;1319;36;3715.00;207
9307;28;622132218;9307;570;10627;10835;4.14;0.25;348.48;13.39;1320;36;3716.00;208
9309;28;622132233;9309;566;10630;10836;4.19;0.26;348.49;13.49;1321;36;3717.00;206
9312;28;622132247;9312;563;10631;10836;4.15;0.25;348.43;13.50;1319;36;3718.00;205
9313;28;622132262;9313;561;10632;10836;4.17;0.26;348.42;13.50;1319;36;3719.00;204
9315;28;622132279;9315;560;10636;10841;4.22;0.26;348.39;13.60;1321;36;3720.00;205
9315;28;622132294;9315;555;10638;10841;4.21;0.26;348.39;13.64;1323;36;3721.00;203
9316;28;622132315;9316;557;10641;10841;4.26;0.26;348.44;13.70;1325;36;3722.00;200
9316;28;622132329;9316;553;10642;10842;4.30;0.26;348.44;13.69;1326;36;3723.00;200
9318;28;622132345;9318;552;10645;10846;4.32;0.26;348.44;13.69;1327;36;3724.00;201
9319;28;622132360;9319;548;10647;10846;4.35;0.26;348.42;13.79;1328;36;3725.00;199
9319;28;622132380;9319;556;10650;10849;4.42;0.27;348.42;13.84;1331;36;3726.00;199
9320;28;622132395;9320;558;10651;10849;4.49;0.27;348.41;13.88;1331;36;3727.00;198
9323;28;622132410;9323;562;10652;10849;4.54;0.28;348.38;13.88;1329;36;3728.00;197
9326;28;622132427;9326;562;10654;10849;4.52;0.28;348.34;13.98;1328;36;3729.00;195
9329;28;622132448;9329;570;10658;10853;4.54;0.28;348.43;13.98;1329;36;3730.00;195
9332;28;622132463;9332;572;10658;10853;4.48;0.27;348.40;13.98;1326;36;3731.00;195
9334;28;622132486;9334;574;10660;10853;4.46;0.27;348.38;14.07;1326;36;3732.00;193
9335;28;622132501;9335;586;10660;10853;4.39;0.27;348.39;14.07;1325;36;3733.00;193
9336;28;622132516;9336;583;10662;10854;4.33;0.26;348.39;14.16;1326;36;3734.00;192
9339;28;622132531;9339;582;10664;10856;4.29;0.26;348.49;14.16;1325;36;3735.00;192
9343;28;622132546;9343;594;10664;10856;4.24;0.26;348.51;14.16;1321;36;3736.00;192
9346;28;622132560;9346;593;10667;10857;4.24;0.26;348.53;14.25;1321;36;3737.00;190
9350;28;622132574;9350;588;10667;10857;4.19;0.25;348.43;14.25;1317;36;3738.00;190
9352;28;622132589;9352;591;10667;10857;4.15;0.25;348.41;14.25;1315;36;3739.00;190
9355;28;622132602;9355;571;10667;10857;4.13;0.25;348.38;14.25;1312;36;3740.00;190
9357;28;622132616;9357;562;10667;10857;4.14;0.25;348.37;14.25;1310;36;3741.00;190
9360;28;622132630;9360;553;10667;10857;4.16;0.25;348.35;14.25;1307;36;3742.00;190
9363;28;622132646;9363;538;10667;10857;4.17;0.25;348.32;14.25;1304;36;3743.00;190
9364;28;622132659;9364;551;10735;10984;4.48;0.28;348.42;14.16;1371;36;3744.00;249
9366;28;622132684;9366;538;10740;10985;4.53;0.28;348.41;14.16;1374;36;3745.00;245
9369;28;622132699;9369;530;10746;10985;4.59;0.28;348.48;14.15;1377;36;3746.00;239
9371;28;622132715;9371;512;10750;10985;4.61;0.29;348.61;14.15;1379;36;3747.00;235
9374;28;622132730;9374;500;10754;10985;4.68;0.29;348.67;14.14;1380;36;3748.00;231
9375;28;622132746;9375;495;10757;10985;4.70;0.29;348.69;14.14;1382;36;3749.00;228
9377;28;622132763;9377;488;10763;10990;4.70;0.29;348.80;14.13;1386;36;3750.00;227
9379;28;622132779;9379;479;10764;10990;4.73;0.29;348.79;14.13;1385;36;3751.00;226
9382;28;622132795;9382;477;10767;10991;4.77;0.29;348.89;14.13;1385;36;3752.00;224
9388;28;622132812;9388;481;10768;10992;4.76;0.29;348.93;14.13;1380;36;3753.00;224
9390;28;622132829;9390;475;10772;10992;4.80;0.30;348.98;14.13;1382;36;3754.00;220
9393;28;622132845;9393;471;10776;10993;4.83;0.30;349.04;14.13;1383;36;3755.00;217
9401;28;622132861;9401;476;10777;10993;4.85;0.30;349.11;14.13;1376;36;3756.00;216
9404;28;622132884;9404;472;10780;10993;4.88;0.30;349.22;14.13;1376;36;3757.00;213
9407;28;622132901;9407;467;10780;10993;4.94;0.30;349.25;14.13;1373;36;3758.00;213
9409;28;622132918;9409;472;10783;10997;4.98;0.31;349.30;14.12;1374;36;3759.00;214
9415;28;622132935;9415;466;10785;10997;4.95;0.30;349.29;14.12;1370;36;3760.00;212
9418;28;622132951;9418;469;10785;10997;4.98;0.31;349.31;14.12;1367;36;3761.00;212
9421;28;622132969;9421;467;10786;11000;5.04;0.31;349.34;14.13;1365;36;3762.00;214
9424;28;622132984;9424;460;10788;11000;5.01;0.31;349.43;14.13;1364;36;3763.00;212
9429;28;622133001;9429;458;10788;11000;5.01;0.31;349.49;14.13;1359;36;3764.00;212
9433;28;622133019;9433;461;10792;11004;5.01;0.31;349.47;14.12;1359;36;3765.00;212
9436;28;622133037;9436;455;10793;11005;5.00;0.31;349.58;14.12;1357;36;3766.00;212
9439;28;622133054;9439;454;10793;11005;5.00;0.31;349.61;14.12;1354;36;3767.00;212
9444;28;622133077;9444;451;10794;11009;4.98;0.30;349.66;14.12;1350;36;3768.00;215
9449;28;622133094;9449;456;10796;11009;4.95;0.30;349.77;14.12;1347;36;3769.00;213
9454;28;622133111;9454;444;10796;11009;4.90;0.30;349.73;14.12;1342;36;3770.00;213
9458;28;622133128;9458;446;10796;11010;4.86;0.30;349.93;14.12;1338;36;3771.00;214
9459;28;622133146;9459;439;10797;11010;4.83;0.29;350.05;14.12;1338;36;3772.00;213
9465;28;622133161;9465;434;10801;11016;4.81;0.29;350.06;14.12;1336;36;3773.00;215
9469;28;622133178;9469;438;10802;11016;4.81;0.29;350.14;14.20;1333;36;3774.00;214
9475;28;622133195;9475;439;10804;11017;4.84;0.29;350.03;14.20;1329;36;3775.00;213
9480;28;622133212;9480;434;10804;11017;4.87;0.30;350.15;14.20;1324;36;3776.00;213
9482;28;622133228;9482;433;10804;11017;4.91;0.30;350.21;14.20;1322;36;3777.00;213
9485;28;622133244;9485;436;10804;11017;4.93;0.30;350.23;14.20;1319;36;3778.00;213
9486;28;622133260;9486;442;10805;11017;4.95;0.30;350.29;14.20;1319;36;3779.00;212
9487;28;622133278;9487;449;10829;11053;5.04;0.31;350.29;14.17;1342;36;3780.00;224
9488;28;622133297;9488;454;10831;11053;5.03;0.31;350.35;14.17;1343;36;3781.00;222
9491;28;622133312;9491;451;10833;11053;5.00;0.30;350.37;14.17;1342;36;3782.00;220
9497;28;622133328;9497;455;10833;11053;4.91;0.30;350.37;14.17;1336;36;3783.00;220
9499;28;622133344;9499;460;10836;11053;4.91;0.30;350.42;14.17;1337;36;3784.00;217
9505;28;622133360;9505;474;10837;11053;4.78;0.29;350.49;14.17;1332;36;3785.00;216
9506;28;622133376;9506;484;10841;11057;4.76;0.29;350.50;14.17;1335;36;3786.00;216
9510;28;622133399;9510;482;10842;11057;4.69;0.28;350.48;14.17;1332;36;3787.00;215
9512;28;622133416;9512;480;10845;11061;4.68;0.28;350.53;14.16;1333;36;3788.00;216
9513;28;622133441;9513;478;10848;11062;4.66;0.28;350.55;14.24;1335;36;3789.00;214
9515;28;622133463;9515;462;10848;11062;4.66;0.28;350.58;14.24;1333;36;3790.00;214
9518;29;622133498;9518;467;10849;11062;4.64;0.28;350.65;14.25;1331;37;3791.00;213
9519;29;622133543;9519;466;10858;11075;4.63;0.28;350.65;14.23;1339;37;3792.00;217
9523;29;622133563;9523;475;10858;11075;4.60;0.28;350.70;14.23;1335;37;3793.00;217
9525;29;622133580;9525;485;10859;11075;4.63;0.28;350.80;14.23;1334;37;3794.00;216
9527;29;622133598;9527;485;10864;11076;4.62;0.28;350.87;14.23;1337;37;3795.00;212
9532;29;622133616;9532;475;10865;11077;4.63;0.28;350.89;14.23;1333;37;3796.00;212
9535;29;622133635;9535;474;10865;11077;4.67;0.28;350.90;14.23;1330;37;3797.00;212
9538;29;622133652;9538;475;10866;11080;4.71;0.29;350.94;14.23;1328;37;3798.00;214
9543;29;622133668;9543;483;10867;11080;4.71;0.29;351.06;14.23;1324;37;3799.00;213
9544;29;622133687;9544;488;10868;11080;4.76;0.29;351.14;14.23;1324;37;3800.00;212
9549;29;622133710;9549;489;10868;11080;4.75;0.29;351.24;14.23;1319;37;3801.00;212
9550;29;622133728;9550;490;10873;11086;4.74;0.29;351.28;14.22;1323;37;3802.00;213
9552;29;622133745;9552;492;10873;11086;4.76;0.29;351.36;14.22;1321;37;3803.00;213
9555;29;622133761;9555;500;10873;11086;4.72;0.29;351.43;14.22;1318;37;3804.00;213
9557;29;622133778;9557;500;10874;11086;4.70;0.29;351.44;14.30;1317;37;3805.00;212
9559;29;622133794;9559;501;10876;11090;4.64;0.28;351.54;14.29;1317;37;3806.00;214
9561;29;622133810;9561;505;10877;11091;4.62;0.28;351.62;14.29;1316;37;3807.00;214
9563;29;622133827;9563;510;10877;11091;4.61;0.28;351.60;14.29;1314;37;3808.00;214
9567;29;622133843;9567;505;10879;11092;4.62;0.28;351.70;14.29;1312;37;3809.00;213
9571;29;622133861;9571;493;10879;11092;4.61;0.28;351.78;14.29;1308;37;3810.00;213
9576;29;622133877;9576;492;10879;11092;4.62;0.28;351.94;14.29;1303;37;3811.00;213
9578;29;622133893;9578;493;10879;11092;4.65;0.28;352.02;14.29;1301;37;3812.00;213
9580;29;622133909;9580;494;10879;11092;4.63;0.28;352.06;14.29;1299;37;3813.00;213
9584;29;622133925;9584;493;10879;11092;4.64;0.28;352.12;14.29;1295;37;3814.00;213
9585;29;622133941;9585;495;10879;11092;4.64;0.28;352.14;14.29;1294;37;3815.00;213
9590;29;622133956;9590;503;10917;11162;4.65;0.28;352.14;14.24;1327;37;3816.00;245
9592;29;622133978;9592;504;10917;11163;4.61;0.28;352.13;14.24;1325;37;3817.00;246
9595;29;622133993;9595;498;10922;11163;4.65;0.28;352.11;14.24;1327;37;3818.00;241
9597;29;622134009;9597;511;10925;11163;4.67;0.29;352.20;14.23;1328;37;3819.00;238
9601;29;622134024;9601;510;10928;11163;4.64;0.28;352.28;14.23;1327;37;3820.00;235
9601;29;622134040;9601;516;10933;11163;4.66;0.28;352.28;14.30;1332;37;3821.00;230
9604;29;622134055;9604;529;10937;11163;4.68;0.29;352.35;14.30;1333;37;3822.00;226
9605;29;622134070;9605;539;10939;11163;4.69;0.29;352.35;14.29;1334;37;3823.00;224
9608;29;622134085;9608;542;10941;11164;4.68;0.29;352.42;14.29;1333;37;3824.00;223
9611;29;622134101;9611;549;10943;11166;4.67;0.28;352.45;14.29;1332;37;3825.00;223
9614;29;622134117;9614;556;10945;11166;4.66;0.28;352.42;14.29;1331;37;3826.00;221
9615;29;622134132;9615;555;10950;11170;4.63;0.28;352.41;14.29;1335;37;3827.00;220
9616;29;622134147;9616;570;10951;11170;4.60;0.28;352.40;14.28;1335;37;3828.00;219
9617;29;622134161;9617;586;10951;11170;4.56;0.28;352.42;14.28;1334;37;3829.00;219
9618;29;622134176;9618;586;10951;11170;4.51;0.27;352.45;14.28;1333;37;3830.00;219
9618;29;622134191;9618;580;10955;11176;4.55;0.28;352.45;14.28;1337;37;3831.00;221
9621;29;622134207;9621;581;10955;11176;4.46;0.27;352.42;14.28;1334;37;3832.00;221
9623;29;622134223;9623;583;10955;11176;4.45;0.27;352.43;14.28;1332;37;3833.00;221
9627;29;622134238;9627;578;10957;11179;4.43;0.27;352.37;14.28;1330;37;3834.00;222
9629;29;622134254;9629;583;10957;11179;4.40;0.27;352.32;14.28;1328;37;3835.00;222
9629;29;622134269;9629;576;10958;11179;4.44;0.27;352.32;14.28;1329;37;3836.00;221
9630;29;622134284;9630;582;10958;11180;4.44;0.27;352.32;14.28;1328;37;3837.00;222
9631;29;622134300;9631;580;10959;11181;4.47;0.27;352.34;14.27;1328;37;3838.00;222
9634;29;622134319;9634;579;10959;11181;4.44;0.27;352.35;14.27;1325;37;3839.00;222
9639;29;622134337;9639;579;10975;11207;4.46;0.27;352.33;14.25;1336;37;3840.00;232
9640;29;622134355;9640;573;10975;11207;4.47;0.27;352.30;14.25;1335;37;3841.00;232
9643;29;622134371;9643;565;10977;11207;4.49;0.27;352.27;14.25;1334;37;3842.00;230
9647;29;622134390;9647;560;10980;11208;4.53;0.28;352.24;14.25;1333;37;3843.00;228
9650;29;622134406;9650;565;10980;11208;4.53;0.28;352.23;14.25;1330;37;3844.00;228
9651;29;622134423;9651;565;10985;11212;4.58;0.28;352.23;14.35;1334;37;3845.00;227
9654;29;622134444;9654;569;10986;11214;4.58;0.28;352.21;14.35;1332;37;3846.00;228
9658;29;622134460;9658;565;10990;11218;4.55;0.28;352.26;14.35;1332;37;3847.00;228
9659;29;622134477;9659;568;10990;11218;4.54;0.28;352.24;14.35;1331;37;3848.00;228
9662;29;622134492;9662;561;10990;11218;4.51;0.27;352.18;14.35;1328;37;3849.00;228
9664;29;622134506;9664;557;10990;11218;4.48;0.27;352.12;14.35;1326;37;3850.00;228
9669;29;622134522;9669;557;10990;11218;4.43;0.27;352.10;14.35;1321;37;3851.00;228
9670;29;622134538;9670;560;10999;11230;4.49;0.27;352.09;14.33;1329;37;3852.00;231
9674;29;622134554;9674;557;11000;11230;4.47;0.27;351.99;14.33;1326;37;3853.00;230
9678;29;622134570;9678;562;11001;11230;4.45;0.27;351.93;14.33;1323;37;3854.00;229
9678;29;622134586;9678;556;11001;11230;4.49;0.27;351.93;14.33;1323;37;3855.00;229
9682;29;622134602;9682;559;11001;11230;4.46;0.27;351.84;14.33;1319;37;3856.00;229
9682;29;622134618;9682;570;11002;11230;4.45;0.27;351.84;14.33;1320;37;3857.00;228
9685;29;622134633;9685;562;11002;11231;4.42;0.27;351.87;14.33;1317;37;3858.00;229
9687;29;622134648;9687;571;11003;11231;4.36;0.26;351.90;14.33;1316;37;3859.00;228
9689;29;622134663;9689;569;11007;11237;4.38;0.27;351.99;14.33;1318;37;3860.00;230
9690;29;622134688;9690;575;11009;11238;4.33;0.26;351.98;14.33;1319;37;3861.00;229
9691;29;622134705;9691;573;11010;11238;4.33;0.26;351.94;14.33;1319;37;3862.00;228
9692;29;622134719;9692;577;11010;11238;4.29;0.26;351.92;14.33;1318;37;3863.00;228
9694;29;622134734;9694;583;11014;11242;4.31;0.26;351.94;14.33;1320;37;3864.00;228
9695;29;622134750;9695;583;11015;11242;4.30;0.26;351.95;14.33;1320;37;3865.00;227
9695;29;622134765;9695;582;11015;11242;4.24;0.26;351.95;14.33;1320;37;3866.00;227
9696;29;622134779;9696;572;11016;11243;4.23;0.26;351.97;14.33;1320;37;3867.00;227
9697;29;622134794;9697;572;11019;11247;4.22;0.26;351.93;14.32;1322;37;3868.00;228
9698;29;622134810;9698;567;11019;11247;4.21;0.26;351.99;14.32;1321;37;3869.00;228
9701;29;622134826;9701;576;11024;11253;4.23;0.26;352.00;14.37;1323;37;3870.00;229
9702;29;622134843;9702;570;11025;11253;4.25;0.26;351.97;14.37;1323;37;3871.00;228
9702;29;622134858;9702;573;11026;11253;4.30;0.26;351.97;14.37;1324;37;3872.00;227
9704;29;622134872;9704;569;11026;11253;4.33;0.26;352.03;14.37;1322;37;3873.00;227
9704;29;622134894;9704;569;11031;11257;4.39;0.27;352.03;14.42;1327;37;3874.00;226
9704;29;622134910;9704;568;11031;11257;4.40;0.27;352.03;14.42;1327;37;3875.00;226
9704;29;622134925;9704;574;11032;11257;4.44;0.27;352.03;14.48;1328;37;3876.00;225
9704;29;622134940;9704;582;11032;11257;4.47;0.27;352.03;14.48;1328;37;3877.00;225
9704;29;622134955;9704;582;11033;11258;4.46;0.27;352.03;14.53;1329;37;3878.00;225
9707;29;622134971;9707;578;11034;11259;4.47;0.27;351.99;14.53;1327;37;3879.00;225
9707;29;622134986;9707;577;11035;11259;4.42;0.27;351.99;14.59;1328;37;3880.00;224
9708;30;622135001;9708;580;11036;11260;4.40;0.27;352.00;14.59;1328;38;3881.00;224
9709;30;622135023;9709;583;11037;11260;4.37;0.27;351.99;14.65;1328;38;3882.00;223
9709;30;622135038;9709;590;11037;11260;4.36;0.27;351.99;14.65;1328;38;3883.00;223
9710;30;622135058;9710;590;11039;11260;4.31;0.26;351.99;14.76;1329;38;3884.00;221
9712;30;622135080;9712;593;11039;11260;4.27;0.26;351.97;14.76;1327;38;3885.00;221
9714;30;622135095;9714;589;11041;11260;4.28;0.26;351.95;14.87;1327;38;3886.00;219
9714;30;622135109;9714;594;11041;11260;4.28;0.26;351.95;14.87;1327;38;3887.00;219
9718;30;622135132;9718;609;11105;11387;4.56;0.28;351.94;14.78;1387;38;3888.00;282
9720;30;622135158;9720;598;11111;11388;4.55;0.28;351.96;14.94;1391;38;3889.00;277
9726;30;622135173;9726;579;11122;11388;4.59;0.28;352.02;14.98;1396;38;3890.00;266
9728;30;622135188;9728;577;11126;11388;4.57;0.28;352.10;14.98;1398;38;3891.00;262
9731;30;622135203;9731;562;11133;11388;4.57;0.28;352.06;15.08;1402;38;3892.00;255
9733;30;622135218;9733;565;11135;11388;4.63;0.29;352.13;15.08;1402;38;3893.00;253
9737;30;622135233;9737;560;11137;11388;4.65;0.29;352.35;15.08;1400;38;3894.00;251
9739;30;622135255;9739;564;11141;11388;4.68;0.29;352.37;15.18;1402;38;3895.00;247
9741;30;622135270;9741;566;11143;11389;4.69;0.29;352.41;15.18;1402;38;3896.00;246
9743;30;622135285;9743;561;11147;11390;4.71;0.29;352.39;15.18;1404;38;3897.00;243
9746;30;622135301;9746;559;11149;11390;4.71;0.29;352.56;15.18;1403;38;3898.00;241
9749;30;622135317;9749;564;11153;11391;4.65;0.29;352.64;15.33;1404;38;3899.00;238
9751;30;622135342;9751;574;11159;11406;4.62;0.28;352.84;15.32;1408;38;3900.00;247
9753;30;622135366;9753;569;11164;11406;4.61;0.28;352.95;15.43;1411;38;3901.00;242
9757;30;622135381;9757;577;11165;11406;4.56;0.28;353.06;15.43;1408;38;3902.00;241
9763;30;622135397;9763;586;11169;11410;4.54;0.28;353.29;15.42;1406;38;3903.00;241
9766;30;622135414;9766;592;11173;11410;4.52;0.28;353.23;15.52;1407;38;3904.00;237
9770;30;622135439;9770;602;11178;11410;4.44;0.27;353.31;15.52;1408;38;3905.00;232
9770;30;622135460;9770;604;11180;11413;4.44;0.27;353.31;15.52;1410;38;3906.00;233
9773;30;622135483;9773;608;11183;11413;4.40;0.27;353.41;15.52;1410;38;3907.00;230
9775;30;622135504;9775;616;11183;11413;4.37;0.27;353.48;15.52;1408;38;3908.00;230
9778;30;622135524;9778;617;11189;11417;4.33;0.27;353.57;15.51;1411;38;3909.00;228
9782;30;622135551;9782;609;11190;11418;4.30;0.27;353.64;15.51;1408;38;3910.00;228
9785;30;622135569;9785;608;11192;11418;4.32;0.27;353.68;15.51;1407;38;3911.00;226
9791;30;622135586;9791;604;11195;11422;4.32;0.27;353.66;15.51;1404;38;3912.00;227
9796;30;622135603;9796;598;11196;11422;4.34;0.27;353.85;15.51;1400;38;3913.00;226
9798;30;622135621;9798;601;11197;11422;4.39;0.27;353.84;15.51;1399;38;3914.00;225
9804;30;622135637;9804;600;11198;11424;4.38;0.27;353.88;15.51;1394;38;3915.00;226
9808;30;622135655;9808;592;11200;11424;4.42;0.27;353.85;15.50;1392;38;3916.00;224
9809;30;622135670;9809;584;11205;11430;4.46;0.27;353.83;15.50;1396;38;3917.00;225
9813;30;622135687;9813;576;11205;11430;4.46;0.27;353.93;15.50;1392;38;3918.00;225
9815;30;622135704;9815;573;11206;11431;4.52;0.28;353.97;15.50;1391;38;3919.00;225
9818;30;622135720;9818;566;11206;11431;4.57;0.28;353.97;15.50;1388;38;3920.00;225
9822;30;622135736;9822;563;11207;11431;4.61;0.28;354.09;15.50;1385;38;3921.00;224
9826;30;622135753;9826;552;11207;11431;4.67;0.29;354.40;15.50;1381;38;3922.00;224
9828;30;622135770;9828;551;11208;11431;4.70;0.29;354.42;15.50;1380;38;3923.00;223
9831;30;622135786;9831;549;11219;11443;4.73;0.29;354.51;15.49;1388;38;3924.00;224
9831;30;622135803;9831;541;11219;11443;4.78;0.29;354.51;15.49;1388;38;3925.00;224
9835;30;622135820;9835;536;11220;11443;4.82;0.29;354.58;15.49;1385;38;3926.00;223
9839;30;622135837;9839;526;11221;11443;4.83;0.30;354.72;15.57;1382;38;3927.00;222
9843;30;622135855;9843;522;11221;11443;4.86;0.30;354.82;15.57;1378;38;3928.00;222
9848;30;622135871;9848;518;11223;11443;4.86;0.30;354.85;15.57;1375;38;3929.00;220
9851;30;622135890;9851;528;11226;11447;4.88;0.30;354.83;15.56;1375;38;3930.00;221
9854;30;622135906;9854;526;11226;11447;4.91;0.30;354.81;15.56;1372;38;3931.00;221
9861;30;622135924;9861;525;11229;11451;4.88;0.30;354.94;15.56;1368;38;3932.00;222
9865;30;622135942;9865;520;11230;11452;4.85;0.29;355.06;15.56;1365;38;3933.00;222
9870;30;622135959;9870;521;11231;11452;4.83;0.29;355.19;15.56;1361;38;3934.00;221
9873;30;622135976;9873;524;11231;11452;4.81;0.29;355.16;15.56;1358;38;3935.00;221
9878;30;622135992;9878;532;11240;11465;4.78;0.29;355.14;15.54;1362;38;3936.00;225
9881;30;622136011;9881;542;11240;11465;4.74;0.29;355.21;15.54;1359;38;3937.00;225
9887;30;622136027;9887;543;11241;11465;4.70;0.29;355.45;15.54;1354;38;3938.00;224
9891;30;622136044;9891;546;11242;11466;4.65;0.28;355.54;15.54;1351;38;3939.00;224
9893;30;622136061;9893;546;11242;11467;4.61;0.28;355.58;15.54;1349;38;3940.00;225
9895;30;622136077;9895;552;11243;11467;4.58;0.28;355.63;15.54;1348;38;3941.00;224
9901;30;622136093;9901;555;11245;11470;4.55;0.28;355.64;15.54;1344;38;3942.00;225
9903;30;622136118;9903;558;11246;11470;4.55;0.28;355.68;15.54;1343;38;3943.00;224
9906;30;622136133;9906;554;11246;11470;4.56;0.28;355.71;15.54;1340;38;3944.00;224
9908;30;622136149;9908;557;11246;11470;4.57;0.28;355.77;15.54;1338;38;3945.00;224
9911;30;622136165;9911;559;11250;11476;4.61;0.28;355.87;15.53;1339;38;3946.00;226
9916;30;622136181;9916;564;11251;11476;4.58;0.28;355.95;15.53;1335;38;3947.00;225
9918;30;622136197;9918;569;11251;11476;4.61;0.28;356.07;15.53;1333;38;3948.00;225
9920;30;622136213;9920;566;11251;11476;4.61;0.28;356.09;15.53;1331;38;3949.00;225
9924;30;622136229;9924;568;11254;11480;4.60;0.28;356.10;15.52;1330;38;3950.00;226
9925;30;622136244;9925;568;11255;11481;4.57;0.28;356.21;15.52;1330;38;3951.00;226
9930;30;622136261;9930;563;11255;11481;4.52;0.27;356.31;15.52;1325;38;3952.00;226
9934;30;622136276;9934;573;11256;11482;4.48;0.27;356.38;15.52;1322;38;3953.00;226
9937;30;622136291;9937;577;11256;11482;4.42;0.27;356.35;15.52;1319;38;3954.00;226
9938;30;622136307;9938;579;11256;11482;4.37;0.26;356.35;15.52;1318;38;3955.00;226
9942;30;622136323;9942;588;11256;11482;4.31;0.26;356.39;15.52;1314;38;3956.00;226
9943;30;622136338;9943;582;11256;11482;4.28;0.26;356.40;15.52;1313;38;3957.00;226
9947;30;622136354;9947;573;11256;11482;4.21;0.26;356.52;15.52;1309;38;3958.00;226
9952;30;622136369;9952;569;11256;11482;4.16;0.25;356.54;15.52;1304;38;3959.00;226
9954;30;622136387;9954;589;11326;11607;4.27;0.26;356.52;15.43;1372;38;3960.00;281
9956;30;622136412;9956;584;11328;11608;4.26;0.26;356.61;15.42;1372;38;3961.00;280
9956;31;622136430;9956;577;11334;11608;4.31;0.27;356.61;15.42;1378;39;3962.00;274
9959;31;622136462;9959;578;11334;11608;4.28;0.26;356.64;15.42;1375;39;3963.00;274
9962;31;622136484;9962;580;11339;11608;4.34;0.27;356.67;15.41;1377;39;3964.00;269
9962;31;622136500;9962;583;11341;11608;4.40;0.27;356.67;15.41;1379;39;3965.00;267
9966;31;622136517;9966;566;11346;11608;4.47;0.28;356.80;15.41;1380;39;3966.00;262
9967;31;622136538;9967;562;11348;11608;4.53;0.28;356.83;15.40;1381;39;3967.00;260
9970;31;622136554;9970;555;11352;11609;4.57;0.28;356.94;15.40;1382;39;3968.00;257
9972;31;622136571;9972;565;11359;11610;4.55;0.28;357.01;15.48;1387;39;3969.00;251
9973;31;622136589;9973;561;11361;11610;4.52;0.28;356.99;15.48;1388;39;3970.00;249
9979;31;622136613;9979;564;11367;11614;4.45;0.27;356.99;15.47;1388;39;3971.00;247
9980;31;622136637;9980;556;11367;11614;4.45;0.27;357.00;15.47;1387;39;3972.00;247
9981;31;622136654;9981;546;11367;11614;4.40;0.27;357.01;15.47;1386;39;3973.00;247
9982;31;622136678;9982;552;11367;11614;4.39;0.27;357.10;15.47;1385;39;3974.00;247
9985;31;622136695;9985;557;11372;11620;4.38;0.27;357.10;15.46;1387;40;3975.00;248
9985;31;622136722;9985;567;11372;11620;4.38;0.27;357.10;15.46;1387;40;3976.00;248
9990;31;622136740;9990;577;11372;11620;4.35;0.27;357.14;15.46;1382;40;3977.00;248
9990;31;622136757;9990;573;11374;11623;4.38;0.27;357.14;15.46;1384;40;3978.00;249
9992;31;622136774;9992;575;11374;11623;4.31;0.26;357.24;15.46;1382;40;3979.00;249
9994;31;622136797;9994;568;11374;11623;4.27;0.26;357.24;15.46;1380;40;3980.00;249
9996;31;622136815;9996;569;11375;11624;4.24;0.26;357.35;15.46;1379;40;3981.00;249
9999;31;622136832;9999;568;11376;11625;4.26;0.26;357.40;15.46;1377;40;3982.00;249
10001;31;622136851;10001;573;11376;11625;4.29;0.26;357.38;15.46;1375;40;3983.00;249
10003;31;622136868;10003;574;11386;11638;4.34;0.27;357.38;15.44;1383;40;3984.00;252
10007;31;622136885;10007;576;11387;11638;4.35;0.27;357.37;15.52;1380;40;3985.00;251
10011;31;622136903;10011;579;11387;11638;4.36;0.27;357.39;15.52;1376;40;3986.00;251
10014;31;622136929;10014;586;11388;11639;4.36;0.27;357.42;15.52;1374;40;3987.00;251
10014;31;622136947;10014;592;11389;11639;4.37;0.27;357.42;15.52;1375;40;3988.00;250
10016;31;622136963;10016;595;11393;11643;4.44;0.27;357.43;15.52;1377;40;3989.00;250
10019;31;622136984;10019;603;11393;11643;4.48;0.27;357.50;15.52;1374;40;3990.00;250
10022;31;622137000;10022;604;11396;11647;4.50;0.27;357.44;15.51;1374;40;3991.00;251
10023;31;622137017;10023;601;11396;11647;4.53;0.28;357.47;15.51;1373;40;3992.00;251
10023;31;622137032;10023;600;11396;11647;4.52;0.28;357.47;15.51;1373;40;3993.00;251
10025;31;622137048;10025;596;11396;11647;4.51;0.28;357.46;15.51;1371;40;3994.00;251
10026;31;622137064;10026;602;11396;11647;4.48;0.27;357.42;15.51;1370;40;3995.00;251
10028;31;622137080;10028;611;11407;11659;4.50;0.28;357.37;15.58;1379;40;3996.00;252
10030;31;622137098;10030;610;11408;11659;4.47;0.27;357.44;15.58;1378;40;3997.00;251
10032;31;622137114;10032;611;11408;11659;4.42;0.27;357.43;15.58;1376;40;3998.00;251
10038;31;622137128;10038;613;11408;11659;4.35;0.27;357.41;15.58;1370;40;3999.00;251
10039;31;622137148;10039;610;11408;11659;4.38;0.27;357.38;15.58;1369;40;4000.00;251
10041;31;622137170;10041;605;11408;11659;4.36;0.27;357.38;15.58;1367;40;4001.00;251
10044;31;622137186;10044;606;11408;11660;4.35;0.27;357.43;15.58;1364;40;4002.00;252
10044;31;622137201;10044;600;11408;11660;4.36;0.27;357.43;15.58;1364;40;4003.00;252
10047;31;622137216;10047;600;11413;11666;4.35;0.27;357.39;15.57;1366;40;4004.00;253
10051;31;622137233;10051;599;11415;11668;4.31;0.26;357.40;15.57;1364;40;4005.00;253
10053;31;622137248;10053;599;11415;11668;4.32;0.26;357.43;15.57;1362;40;4006.00;253
10054;31;622137264;10054;596;11415;11668;4.32;0.26;357.42;15.57;1361;40;4007.00;253
10055;31;622137278;10055;592;11418;11672;4.34;0.27;357.49;15.56;1363;40;4008.00;254
10056;31;622137294;10056;587;11418;11672;4.37;0.27;357.51;15.56;1362;40;4009.00;254
10061;31;622137309;10061;585;11418;11672;4.39;0.27;357.52;15.56;1357;40;4010.00;254
10064;31;622137324;10064;585;11419;11673;4.40;0.27;357.45;15.56;1355;40;4011.00;254
10067;31;622137338;10067;587;11422;11677;4.41;0.27;357.47;15.56;1355;40;4012.00;255
10070;31;622137353;10070;583;11422;11677;4.39;0.27;357.47;15.56;1352;40;4013.00;255
10073;31;622137368;10073;579;11424;11680;4.38;0.27;357.47;15.55;1351;40;4014.00;256
10078;31;622137383;10078;574;11426;11680;4.34;0.26;357.44;15.61;1348;40;4015.00;254
10079;31;622137401;10079;580;11426;11680;4.30;0.26;357.45;15.61;1347;40;4016.00;254
10082;31;622137416;10082;580;11426;11680;4.27;0.26;357.45;15.61;1344;40;4017.00;254
10084;31;622137437;10084;586;11430;11684;4.31;0.26;357.45;15.61;1346;40;4018.00;254
10085;31;622137459;10085;574;11430;11684;4.38;0.27;357.43;15.61;1345;40;4019.00;254
10087;31;622137484;10087;561;11430;11684;4.45;0.27;357.43;15.61;1343;40;4020.00;254
10087;31;622137506;10087;554;11430;11684;4.51;0.28;357.43;15.61;1343;40;4021.00;254
10090;31;622137528;10090;540;11430;11685;4.53;0.28;357.41;15.61;1340;40;4022.00;255
10090;31;622137549;10090;538;11431;11686;4.56;0.28;357.41;15.61;1341;40;4023.00;255
10093;31;622137566;10093;537;11431;11686;4.58;0.28;357.38;15.61;1338;40;4024.00;255
10096;31;622137582;10096;537;11432;11687;4.59;0.28;357.37;15.61;1336;40;4025.00;255
10098;31;622137617;10098;529;11432;11687;4.63;0.28;357.34;15.61;1334;40;4026.00;255
10099;31;622137641;10099;532;11433;11687;4.67;0.29;357.31;15.67;1334;40;4027.00;254
10100;32;622137656;10100;530;11433;11687;4.68;0.29;357.39;15.67;1333;41;4028.00;254
10101;32;622137679;10101;526;11433;11687;4.69;0.29;357.39;15.67;1332;41;4029.00;254
10104;32;622137699;10104;528;11433;11687;4.73;0.29;357.44;15.67;1329;41;4030.00;254
10110;32;622137714;10110;524;11433;11687;4.72;0.29;357.36;15.67;1323;41;4031.00;254
10111;32;622137730;10111;536;11499;11814;4.99;0.31;357.37;15.58;1388;41;4032.00;315
10112;32;622137756;10112;538;11502;11815;5.03;0.31;357.36;15.57;1390;41;4033.00;313
10112;32;622137772;10112;528;11510;11815;5.11;0.31;357.36;15.56;1398;41;4034.00;305
10114;32;622137794;10114;525;11515;11815;5.09;0.31;357.37;15.56;1401;41;4035.00;300
10115;32;622137809;10115;522;11521;11815;5.09;0.31;357.39;15.55;1406;41;4036.00;294
10116;32;622137827;10116;521;11523;11815;5.09;0.31;357.38;15.55;1407;41;4037.00;292
10120;32;622137844;10120;520;11525;11815;5.07;0.31;357.45;15.55;1405;41;4038.00;290
10120;32;622137860;10120;520;11528;11815;5.10;0.31;357.45;15.55;1408;41;4039.00;287
10122;32;622137876;10122;520;11531;11816;5.13;0.32;357.42;15.61;1409;41;4040.00;285
10125;32;622137893;10125;523;11535;11817;5.12;0.31;357.54;15.61;1410;41;4041.00;282
10127;32;622137909;10127;526;11539;11817;5.08;0.31;357.55;15.67;1412;41;4042.00;278
10131;32;622137925;10131;533;11541;11818;5.02;0.31;357.67;15.67;1410;41;4043.00;277
10133;32;622137942;10133;536;11544;11818;4.98;0.31;357.64;15.73;1411;41;4044.00;274
10137;32;622137958;10137;536;11548;11818;4.89;0.30;357.74;15.85;1411;42;4045.00;270
10140;32;622137981;10140;537;11551;11818;4.84;0.30;357.81;15.85;1411;42;4046.00;267
10142;32;622137998;10142;547;11557;11822;4.84;0.30;357.76;15.90;1415;42;4047.00;265
10146;32;622138016;10146;551;11559;11822;4.78;0.29;357.78;15.96;1413;42;4048.00;263
10148;32;622138032;10148;554;11562;11822;4.72;0.29;357.81;16.08;1414;42;4049.00;260
10150;32;622138050;10150;555;11567;11828;4.70;0.29;357.90;16.13;1417;42;4050.00;261
10151;32;622138067;10151;560;11568;11828;4.68;0.29;357.97;16.13;1417;42;4051.00;260
10155;32;622138083;10155;565;11570;11828;4.61;0.28;357.99;16.13;1415;42;4052.00;258
10156;32;622138099;10156;575;11575;11832;4.57;0.28;357.98;16.19;1419;42;4053.00;257
10158;32;622138115;10158;569;11579;11833;4.55;0.28;357.94;16.30;1421;42;4054.00;254
10159;32;622138137;10159;568;11581;11833;4.52;0.28;357.92;16.36;1422;42;4055.00;252
10162;32;622138162;10162;577;11583;11837;4.52;0.28;357.98;16.35;1421;42;4056.00;254
10162;32;622138186;10162;587;11584;11837;4.51;0.28;357.98;16.41;1422;42;4057.00;253
10165;32;622138201;10165;590;11586;11837;4.50;0.27;358.02;16.47;1421;42;4058.00;251
10166;32;622138217;10166;585;11588;11838;4.47;0.27;358.01;16.52;1422;42;4059.00;250
10170;32;622138233;10170;584;11588;11838;4.49;0.27;358.08;16.52;1418;42;4060.00;250
10173;32;622138250;10173;591;11594;11844;4.53;0.28;358.13;16.57;1421;42;4061.00;250
10174;32;622138268;10174;588;11595;11844;4.54;0.28;358.16;16.63;1421;43;4062.00;249
10179;32;622138289;10179;590;11595;11845;4.54;0.28;358.28;16.63;1416;43;4063.00;250
10180;32;622138306;10180;592;11595;11845;4.62;0.28;358.35;16.63;1415;43;4064.00;250
10183;32;622138323;10183;595;11596;11845;4.67;0.28;358.33;16.68;1413;43;4065.00;249
10185;32;622138359;10185;589;11596;11845;4.72;0.29;358.40;16.68;1411;43;4066.00;249
10186;32;622138376;10186;592;11596;11845;4.77;0.29;358.44;16.68;1410;43;4067.00;249
10188;32;622138396;10188;581;11607;11857;4.81;0.29;358.53;16.66;1419;43;4068.00;250
10190;32;622138417;10190;586;11608;11857;4.82;0.29;358.59;16.72;1418;43;4069.00;249
10192;32;622138441;10192;581;11608;11857;4.84;0.30;358.64;16.72;1416;43;4070.00;249
10195;32;622138463;10195;586;11608;11857;4.81;0.29;358.80;16.72;1413;43;4071.00;249
10197;32;622138481;10197;587;11608;11857;4.76;0.29;358.87;16.72;1411;43;4072.00;249
10200;32;622138498;10200;598;11608;11857;4.75;0.29;358.85;16.72;1408;43;4073.00;249
10203;32;622138515;10203;593;11611;11861;4.70;0.29;358.95;16.71;1408;43;4074.00;250
10205;32;622138532;10205;606;11611;11861;4.68;0.28;359.01;16.71;1406;43;4075.00;250
10209;32;622138547;10209;606;11615;11865;4.63;0.28;359.08;16.71;1406;43;4076.00;250
10213;32;622138563;10213;615;11616;11866;4.53;0.28;359.23;16.71;1403;43;4077.00;250
10214;32;622138579;10214;626;11616;11866;4.48;0.27;359.32;16.71;1402;43;4078.00;250
10219;32;622138595;10219;635;11616;11866;4.38;0.27;359.40;16.71;1397;43;4079.00;250
10221;32;622138612;10221;642;11637;11895;4.37;0.27;359.35;16.68;1416;43;4080.00;258
10225;32;622138631;10225;638;11637;11895;4.32;0.26;359.33;16.68;1412;43;4081.00;258
10229;32;622138648;10229;630;11639;11895;4.29;0.26;359.27;16.67;1410;43;4082.00;256
10231;32;622138664;10231;628;11641;11896;4.34;0.27;359.23;16.67;1410;43;4083.00;255
10234;32;622138680;10234;632;11642;11897;4.35;0.27;359.19;16.67;1408;43;4084.00;255
10236;32;622138696;10236;630;11642;11897;4.35;0.27;359.16;16.67;1406;43;4085.00;255
10239;32;622138713;10239;627;11645;11900;4.40;0.27;359.15;16.67;1406;43;4086.00;255
10242;32;622138731;10242;615;11645;11900;4.45;0.27;359.12;16.67;1403;43;4087.00;255
10246;32;622138751;10246;602;11645;11900;4.47;0.27;359.20;16.67;1399;43;4088.00;255
10249;32;622138769;10249;597;11645;11900;4.51;0.28;359.31;16.67;1396;43;4089.00;255
10250;32;622138786;10250;597;11649;11906;4.56;0.28;359.32;16.66;1399;43;4090.00;257
10255;32;622138805;10255;591;11649;11906;4.61;0.28;359.49;16.66;1394;43;4091.00;257
10259;32;622138823;10259;584;11649;11906;4.62;0.28;359.54;16.66;1390;43;4092.00;257
10263;32;622138843;10263;583;11649;11906;4.65;0.28;359.54;16.66;1386;43;4093.00;257
10267;32;622138860;10267;578;11652;11910;4.68;0.29;359.61;16.66;1385;43;4094.00;258
10272;32;622138879;10272;571;11654;11912;4.71;0.29;359.64;16.65;1382;43;4095.00;258
10276;32;622138897;10276;572;11654;11912;4.74;0.29;359.71;16.65;1378;43;4096.00;258
10281;32;622138913;10281;575;11655;11913;4.75;0.29;359.75;16.65;1374;43;4097.00;258
10286;32;622138929;10286;582;11655;11913;4.75;0.29;359.88;16.65;1369;43;4098.00;258
10291;32;622138946;10291;587;11655;11913;4.77;0.29;359.96;16.65;1364;43;4099.00;258
10297;32;622138962;10297;583;11655;11913;4.79;0.29;359.93;16.65;1358;43;4100.00;258
10300;32;622138984;10300;583;11655;11913;4.81;0.29;360.02;16.65;1355;43;4101.00;258
10303;32;622139001;10303;581;11655;11913;4.78;0.29;360.12;16.65;1352;43;4102.00;258
10304;32;622139017;10304;584;11655;11913;4.79;0.29;360.13;16.65;1351;43;4103.00;258
10311;32;622139033;10311;600;11693;11983;4.76;0.29;360.27;16.60;1382;43;4104.00;290
10313;33;622139056;10313;595;11694;11984;4.76;0.29;360.35;16.60;1381;44;4105.00;290
10319;33;622139086;10319;587;11698;11984;4.79;0.29;360.42;16.59;1379;44;4106.00;286
10322;33;622139103;10322;595;11700;11984;4.85;0.30;360.57;16.59;1378;44;4107.00;284
10327;33;622139120;10327;595;11701;11984;4.85;0.30;360.65;16.59;1374;44;4108.00;283
10330;33;622139135;10330;591;11702;11984;4.88;0.30;360.80;16.59;1372;44;4109.00;282
10336;33;622139153;10336;588;11704;11984;4.85;0.29;360.88;16.59;1368;44;4110.00;280
10338;33;622139169;10338;592;11707;11984;4.81;0.29;360.92;16.58;1369;44;4111.00;277
10341;33;622139186;10341;599;11709;11985;4.77;0.29;361.01;16.58;1368;44;4112.00;276
10343;33;622139202;10343;605;11711;11986;4.70;0.29;361.08;16.58;1368;44;4113.00;275
10350;33;622139218;10350;609;11712;11986;4.57;0.28;361.15;16.58;1362;44;4114.00;274
10358;33;622139234;10358;611;11716;11990;4.48;0.27;361.28;16.58;1358;44;4115.00;274
10360;33;622139252;10360;617;11717;11990;4.42;0.27;361.31;16.58;1357;44;4116.00;273
10366;33;622139268;10366;623;11720;11990;4.35;0.26;361.33;16.58;1354;44;4117.00;270
10368;33;622139284;10368;627;11720;11990;4.30;0.26;361.40;16.58;1352;44;4118.00;270
10374;33;622139299;10374;625;11725;11996;4.24;0.26;361.50;16.57;1351;44;4119.00;271
10376;33;622139315;10376;625;11727;11996;4.19;0.25;361.56;16.57;1351;44;4120.00;269
10378;33;622139331;10378;632;11729;11996;4.16;0.25;361.68;16.57;1351;44;4121.00;267
10381;33;622139346;10381;628;11731;11999;4.15;0.25;361.71;16.57;1350;44;4122.00;268
10382;33;622139362;10382;633;11733;11999;4.11;0.25;361.81;16.57;1351;44;4123.00;266
10385;33;622139377;10385;645;11733;11999;4.09;0.25;361.85;16.57;1348;44;4124.00;266
10387;33;622139392;10387;651;11733;12000;4.04;0.25;361.99;16.57;1346;44;4125.00;267
10389;33;622139408;10389;651;11736;12001;4.01;0.24;362.06;16.56;1347;44;4126.00;265
10390;33;622139424;10390;646;11736;12001;4.01;0.24;362.14;16.56;1346;44;4127.00;265
10391;33;622139448;10391;645;11747;12014;4.11;0.25;362.21;16.55;1356;44;4128.00;267
10392;33;622139471;10392;641;11747;12014;4.11;0.25;362.18;16.55;1355;44;4129.00;267
10396;33;622139493;10396;638;11747;12014;4.10;0.25;362.30;16.55;1351;44;4130.00;267
10396;33;622139515;10396;638;11748;12015;4.16;0.25;362.30;16.55;1352;44;4131.00;267
10399;33;622139538;10399;634;11748;12015;4.16;0.25;362.38;16.55;1349;44;4132.00;267
10406;33;622139556;10406;633;11752;12019;4.15;0.25;362.47;16.54;1346;44;4133.00;267
10408;33;622139574;10408;634;11752;12019;4.19;0.25;362.42;16.54;1344;44;4134.00;267
10410;33;622139590;10410;643;11755;12023;4.23;0.26;362.43;16.54;1345;44;4135.00;268
10411;33;622139606;10411;630;11755;12023;4.26;0.26;362.43;16.54;1344;44;4136.00;268
10412;33;622139622;10412;622;11755;12023;4.28;0.26;362.44;16.54;1343;44;4137.00;268
10415;33;622139638;10415;611;11755;12023;4.28;0.26;362.58;16.54;1340;44;4138.00;268
10417;33;622139654;10417;605;11755;12023;4.25;0.26;362.52;16.54;1338;44;4139.00;268
10419;33;622139680;10419;608;11781;12057;4.31;0.26;362.66;16.50;1362;44;4140.00;276
10423;33;622139701;10423;604;11781;12057;4.28;0.26;362.65;16.50;1358;44;4141.00;276
10425;33;622139717;10425;601;11783;12057;4.30;0.26;362.63;16.50;1358;44;4142.00;274
10428;33;622139733;10428;594;11783;12057;4.29;0.26;362.66;16.50;1355;44;4143.00;274
10429;33;622139749;10429;596;11784;12057;4.33;0.27;362.65;16.50;1355;44;4144.00;273
10431;33;622139765;10431;603;11784;12057;4.34;0.27;362.70;16.50;1353;44;4145.00;273
10432;33;622139781;10432;602;11784;12058;4.37;0.27;362.74;16.50;1352;44;4146.00;274
10433;33;622139797;10433;593;11784;12058;4.42;0.27;362.73;16.50;1351;44;4147.00;274
10436;33;622139814;10436;594;11789;12064;4.44;0.27;362.73;16.49;1353;44;4148.00;275
10437;33;622139831;10437;595;11790;12065;4.48;0.27;362.75;16.49;1353;44;4149.00;275
10442;33;622139847;10442;584;11790;12065;4.45;0.27;362.77;16.49;1348;44;4150.00;275
10444;33;622139863;10444;588;11790;12065;4.48;0.27;362.77;16.49;1346;44;4151.00;275
10446;33;622139879;10446;584;11792;12069;4.53;0.28;362.80;16.49;1346;44;4152.00;277
10449;33;622139896;10449;581;11793;12069;4.48;0.27;362.77;16.48;1344;44;4153.00;276
10451;33;622139912;10451;581;11793;12069;4.46;0.27;362.72;16.48;1342;44;4154.00;276
10454;33;622139935;10454;583;11794;12070;4.46;0.27;362.77;16.48;1340;44;4155.00;276
10457;33;622139952;10457;587;11797;12074;4.41;0.27;362.74;16.48;1340;44;4156.00;277
10459;33;622139969;10459;585;11797;12074;4.41;0.27;362.72;16.48;1338;44;4157.00;277
10461;33;622139984;10461;590;11799;12077;4.47;0.27;362.75;16.48;1338;44;4158.00;278
10465;33;622140000;10465;598;11799;12077;4.45;0.27;362.78;16.48;1334;44;4159.00;278
10468;33;622140031;10468;594;11800;12077;4.40;0.27;362.74;16.47;1332;44;4160.00;277
10471;33;622140052;10471;598;11800;12077;4.31;0.26;362.69;16.47;1329;44;4161.00;277
10473;33;622140071;10473;597;11804;12081;4.29;0.26;362.65;16.47;1331;44;4162.00;277
10474;33;622140090;10474;603;11804;12081;4.26;0.26;362.61;16.47;1330;44;4163.00;277
10474;33;622140105;10474;606;11804;12081;4.23;0.26;362.61;16.47;1330;44;4164.00;277
10474;33;622140120;10474;597;11804;12081;4.23;0.26;362.61;16.47;1330;44;4165.00;277
10475;33;622140135;10475;601;11804;12082;4.26;0.26;362.62;16.47;1329;44;4166.00;278
10476;33;622140150;10476;594;11805;12083;4.26;0.26;362.59;16.47;1329;44;4167.00;278
10478;33;622140167;10478;596;11805;12083;4.26;0.26;362.70;16.47;1327;44;4168.00;278
10479;33;622140188;10479;605;11806;12084;4.27;0.26;362.72;16.47;1327;44;4169.00;278
10481;33;622140208;10481;607;11806;12084;4.23;0.26;362.72;16.47;1325;44;4170.00;278
10482;33;622140226;10482;589;11806;12084;4.27;0.26;362.76;16.47;1324;44;4171.00;278
10484;33;622140243;10484;574;11806;12084;4.30;0.26;362.73;16.47;1322;44;4172.00;278
10485;33;622140259;10485;565;11808;12086;4.30;0.26;362.74;16.46;1323;44;4173.00;278
10486;33;622140275;10486;553;11808;12086;4.38;0.27;362.75;16.46;1322;44;4174.00;278
10488;33;622140293;10488;546;11808;12086;4.42;0.27;362.73;16.46;1320;44;4175.00;278
10491;33;622140317;10491;542;11875;12213;4.63;0.28;362.73;16.37;1384;44;4176.00;338
10491;33;622140345;10491;534;11876;12214;4.73;0.29;362.73;16.37;1385;44;4177.00;338
10494;33;622140374;10494;511;11882;12214;4.86;0.30;362.71;16.36;1388;44;4178.00;332
10495;33;622140391;10495;503;11883;12214;4.99;0.31;362.70;16.36;1388;44;4179.00;331
10495;33;622140406;10495;498;11887;12214;5.07;0.31;362.70;16.36;1392;44;4180.00;327
10495;33;622140424;10495;503;11892;12214;5.13;0.31;362.70;16.35;1397;44;4181.00;322
10496;33;622140443;10496;497;11894;12214;5.16;0.32;362.72;16.35;1398;44;4182.00;320
10498;33;622140460;10498;485;11898;12214;5.22;0.32;362.76;16.35;1400;44;4183.00;316
10500;33;622140476;10500;478;11900;12215;5.24;0.32;362.77;16.35;1400;44;4184.00;315
10501;33;622140499;10501;472;11903;12217;5.25;0.32;362.79;16.34;1402;44;4185.00;314
10502;33;622140517;10502;480;11907;12217;5.25;0.32;362.79;16.41;1405;44;4186.00;310
10505;33;622140536;10505;469;11908;12218;5.25;0.32;362.79;16.41;1403;44;4187.00;310
10507;33;622140553;10507;467;11912;12218;5.24;0.32;362.79;16.40;1405;44;4188.00;306
10507;33;622140571;10507;454;11913;12218;5.24;0.32;362.79;16.40;1406;44;4189.00;305
10508;33;622140588;10508;459;11915;12218;5.27;0.32;362.79;16.40;1407;44;4190.00;303
10510;33;622140604;10510;460;11918;12222;5.31;0.32;362.87;16.40;1408;44;4191.00;304
10511;33;622140622;10511;469;11920;12222;5.31;0.32;362.86;16.40;1409;44;4192.00;302
10512;33;622140639;10512;464;11921;12222;5.31;0.32;362.84;16.40;1409;44;4193.00;301
10515;34;622140655;10515;472;11922;12225;5.29;0.32;362.86;16.40;1407;45;4194.00;303
10519;34;622140685;10519;475;11924;12225;5.30;0.32;362.86;16.40;1405;45;4195.00;301
10521;34;622140703;10521;477;11924;12225;5.28;0.32;362.84;16.40;1403;45;4196.00;301
10525;34;622140721;10525;486;11931;12229;5.21;0.32;362.90;16.39;1406;45;4197.00;298
10527;34;622140738;10527;480;11933;12230;5.23;0.32;362.91;16.39;1406;45;4198.00;297
10530;34;622140755;10530;474;11935;12230;5.25;0.32;362.90;16.39;1405;45;4199.00;295
10535;34;622140775;10535;483;11946;12264;5.23;0.32;362.89;16.38;1411;45;4200.00;318
10536;34;622140800;10536;479;11950;12264;5.23;0.32;363.01;16.38;1414;45;4201.00;314
10539;34;622140818;10539;477;11951;12264;5.21;0.32;363.09;16.38;1412;45;4202.00;313
10543;34;622140835;10543;482;11953;12265;5.16;0.31;363.13;16.38;1410;45;4203.00;312
10547;34;622140852;10547;485;11955;12265;5.12;0.31;363.23;16.38;1408;45;4204.00;310
10549;34;622140869;10549;484;11959;12271;5.17;0.31;363.26;16.44;1410;45;4205.00;312
10550;34;622140886;10550;486;11963;12271;5.13;0.31;363.36;16.43;1413;45;4206.00;308
10553;34;622140902;10553;483;11963;12272;5.09;0.31;363.37;16.43;1410;45;4207.00;309
10554;34;622140919;10554;494;11964;12272;5.05;0.31;363.47;16.50;1410;45;4208.00;308
10555;34;622140937;10555;495;11965;12272;5.10;0.31;363.47;16.50;1410;45;4209.00;307
10558;34;622140953;10558;505;11966;12272;5.09;0.31;363.51;16.56;1408;45;4210.00;306
10561;34;622140970;10561;505;11968;12272;5.09;0.31;363.49;16.63;1407;45;4211.00;304
10567;34;622140992;10567;516;11980;12284;5.08;0.31;363.55;16.68;1413;45;4212.00;304
10567;34;622141017;10567;519;11980;12284;5.07;0.31;363.55;16.68;1413;45;4213.00;304
10569;34;622141034;10569;523;11983;12284;5.06;0.31;363.53;16.80;1414;45;4214.00;301
10571;34;622141051;10571;531;11984;12284;5.01;0.30;363.52;16.80;1413;45;4215.00;300
10572;34;622141086;10572;531;11985;12284;4.99;0.30;363.51;16.87;1413;45;4216.00;299
10574;34;622141102;10574;544;11987;12284;4.96;0.30;363.52;16.87;1413;45;4217.00;297
10576;34;622141119;10576;550;11990;12288;4.94;0.30;363.59;16.87;1414;45;4218.00;298
10577;34;622141136;10577;548;11990;12288;4.94;0.30;363.64;16.87;1413;45;4219.00;298
10579;34;622141151;10579;553;11995;12292;4.96;0.30;363.68;16.93;1416;45;4220.00;297
10582;34;622141169;10582;551;11996;12293;4.94;0.30;363.73;16.92;1414;45;4221.00;297
10582;34;622141186;10582;553;11997;12293;4.97;0.30;363.73;16.99;1415;45;4222.00;296
10583;34;622141202;10583;561;11999;12293;4.96;0.30;363.70;16.99;1416;45;4223.00;294
10588;34;622141217;10588;557;12011;12306;4.92;0.30;363.78;17.10;1423;45;4224.00;295
10591;34;622141236;10591;552;12014;12306;4.89;0.30;363.80;17.16;1423;45;4225.00;292
10591;34;622141252;10591;558;12015;12306;4.83;0.30;363.80;17.23;1424;45;4226.00;291
10592;34;622141268;10592;564;12016;12307;4.85;0.30;363.88;17.22;1424;45;4227.00;291
10595;34;622141284;10595;569;12018;12308;4.84;0.30;364.00;17.35;1423;45;4228.00;290
10598;34;622141300;10598;564;12019;12308;4.82;0.30;363.93;17.35;1421;45;4229.00;289
10602;34;622141318;10602;563;12026;12314;4.79;0.29;364.04;17.47;1424;45;4230.00;288
10603;34;622141336;10603;555;12026;12314;4.84;0.30;364.11;17.47;1423;45;4231.00;288
10604;34;622141352;10604;549;12029;12314;4.86;0.30;364.15;17.59;1425;45;4232.00;285
10607;34;622141368;10607;547;12029;12314;4.85;0.30;364.17;17.59;1422;45;4233.00;285
10610;34;622141384;10610;547;12034;12320;4.86;0.30;364.19;17.58;1424;45;4234.00;286
10615;34;622141402;10615;548;12037;12320;4.79;0.29;364.41;17.71;1422;45;4235.00;283
10619;34;622141419;10619;545;12037;12320;4.76;0.29;364.48;17.71;1418;45;4236.00;283
10620;34;622141443;10620;543;12037;12320;4.73;0.29;364.51;17.71;1417;45;4237.00;283
10624;34;622141468;10624;554;12042;12324;4.69;0.29;364.68;17.82;1418;45;4238.00;282
10625;34;622141496;10625;551;12043;12325;4.72;0.29;364.79;17.82;1418;45;4239.00;282
10628;34;622141520;10628;553;12043;12325;4.72;0.29;364.78;17.82;1415;45;4240.00;282
10633;34;622141544;10633;564;12047;12326;4.70;0.29;364.81;17.94;1414;45;4241.00;279
10636;34;622141563;10636;556;12047;12326;4.70;0.29;364.82;17.94;1411;45;4242.00;279
10636;34;622141581;10636;574;12049;12326;4.71;0.29;364.82;18.06;1413;45;4243.00;277
10640;34;622141599;10640;576;12050;12326;4.65;0.28;364.90;18.12;1410;45;4244.00;276
10643;34;622141616;10643;574;12051;12326;4.61;0.28;364.94;18.18;1408;45;4245.00;275
10643;34;622141631;10643;585;12051;12326;4.57;0.28;364.94;18.18;1408;45;4246.00;275
10646;34;622141650;10646;584;12052;12326;4.51;0.28;364.89;18.18;1406;45;4247.00;274
10648;34;622141666;10648;593;12094;12396;4.56;0.28;364.95;18.24;1446;45;4248.00;302
10652;34;622141688;10652;589;12096;12397;4.51;0.28;365.02;18.23;1444;45;4249.00;301
10656;34;622141705;10656;582;12100;12397;4.50;0.28;364.98;18.23;1444;45;4250.00;297
10658;34;622141721;10658;570;12105;12397;4.49;0.28;365.04;18.34;1447;45;4251.00;292
10665;34;622141738;10665;569;12107;12397;4.45;0.27;365.01;18.34;1442;45;4252.00;290
10668;34;622141754;10668;574;12111;12397;4.43;0.27;364.96;18.34;1443;45;4253.00;286
10672;34;622141772;10672;571;12116;12397;4.40;0.27;365.12;18.45;1444;45;4254.00;281
10678;34;622141788;10678;566;12119;12397;4.40;0.27;365.12;18.45;1441;45;4255.00;278
10681;34;622141804;10681;576;12122;12398;4.40;0.27;365.15;18.56;1441;45;4256.00;276
10684;34;622141822;10684;567;12124;12399;4.42;0.27;365.19;18.56;1440;45;4257.00;275
10688;34;622141839;10688;565;12124;12399;4.45;0.27;365.26;18.56;1436;45;4258.00;275
10692;34;622141857;10692;568;12127;12403;4.42;0.27;365.32;18.56;1435;45;4259.00;276
10694;34;622141877;10694;562;12127;12403;4.39;0.27;365.35;18.56;1433;45;4260.00;276
10697;34;622141894;10697;561;12127;12403;4.35;0.27;365.44;18.56;1430;45;4261.00;276
10698;34;622141910;10698;563;12128;12403;4.32;0.27;365.45;18.56;1430;45;4262.00;275
10703;34;622141927;10703;561;12132;12409;4.24;0.26;365.52;18.55;1429;45;4263.00;277
10706;34;622141944;10706;557;12133;12409;4.24;0.26;365.59;18.55;1427;45;4264.00;276
10709;34;622141961;10709;556;12133;12409;4.20;0.26;365.56;18.55;1424;45;4265.00;276
10712;34;622141978;10712;559;12134;12412;4.19;0.26;365.63;18.55;1422;45;4266.00;278
10717;34;622141995;10717;558;12134;12412;4.16;0.26;365.70;18.55;1417;45;4267.00;278
10721;34;622142011;10721;566;12134;12412;4.12;0.25;365.65;18.55;1413;45;4268.00;278
10726;34;622142028;10726;572;12135;12413;4.06;0.25;365.65;18.55;1409;45;4269.00;278
10733;34;622142044;10733;570;12136;12414;4.05;0.25;365.77;18.55;1403;45;4270.00;278
10738;34;622142062;10738;575;12137;12414;4.02;0.25;365.83;18.55;1399;45;4271.00;277
10740;34;622142079;10740;582;12147;12427;4.09;0.25;365.81;18.53;1407;45;4272.00;280
10744;34;622142097;10744;587;12147;12427;4.07;0.25;365.87;18.53;1403;45;4273.00;280
10748;34;622142113;10748;588;12147;12427;4.05;0.25;365.83;18.53;1399;45;4274.00;280
10755;34;622142129;10755;596;12149;12429;4.03;0.25;365.85;18.53;1394;45;4275.00;280
10759;34;622142146;10759;600;12150;12429;4.00;0.24;366.02;18.53;1391;45;4276.00;279
10762;34;622142162;10762;600;12153;12433;4.01;0.24;365.96;18.53;1391;45;4277.00;280
10768;34;622142178;10768;597;12153;12433;3.97;0.24;366.03;18.53;1385;45;4278.00;280
10772;34;622142195;10772;590;12156;12437;3.95;0.24;366.00;18.52;1384;45;4279.00;281
10776;34;622142211;10776;597;12157;12437;3.86;0.23;366.10;18.52;1381;45;4280.00;280
10781;34;622142229;10781;601;12157;12437;3.78;0.23;366.21;18.52;1376;45;4281.00;280
10786;34;622142245;10786;597;12158;12437;3.71;0.23;366.15;18.52;1372;45;4282.00;279
10789;34;622142261;10789;598;12159;12437;3.63;0.22;366.26;18.52;1370;45;4283.00;278
10794;34;622142276;10794;606;12169;12449;3.63;0.22;366.34;18.51;1375;45;4284.00;280
10795;34;622142293;10795;606;12170;12449;3.64;0.22;366.32;18.51;1375;45;4285.00;279
10802;34;622142309;10802;613;12171;12449;3.62;0.22;366.56;18.51;1369;45;4286.00;278
10804;34;622142325;10804;612;12171;12449;3.61;0.22;366.69;18.51;1367;45;4287.00;278
10806;34;622142340;10806;619;12172;12449;3.57;0.22;366.70;18.51;1366;45;4288.00;277
10809;34;622142355;10809;621;12172;12449;3.55;0.22;366.74;18.51;1363;45;4289.00;277
10810;34;622142373;10810;618;12172;12450;3.49;0.21;366.80;18.51;1362;45;4290.00;278
10814;34;622142387;10814;622;12173;12450;3.39;0.21;366.85;18.51;1359;45;4291.00;277
10815;34;622142402;10815;627;12177;12456;3.35;0.21;366.88;18.50;1362;45;4292.00;279
10819;34;622142419;10819;636;12179;12457;3.29;0.20;366.79;18.50;1360;45;4293.00;278
10819;34;622142436;10819;645;12180;12457;3.29;0.20;366.79;18.50;1361;45;4294.00;277
10822;34;622142450;10822;648;12180;12457;3.24;0.20;366.80;18.50;1358;45;4295.00;277
10824;34;622142466;10824;650;12184;12461;3.22;0.20;366.77;18.59;1360;45;4296.00;277
10827;34;622142484;10827;645;12184;12461;3.21;0.20;366.75;18.59;1357;45;4297.00;277
10830;34;622142500;10830;636;12184;12461;3.19;0.20;366.81;18.59;1354;45;4298.00;277
10833;34;622142517;10833;637;12185;12462;3.25;0.20;366.85;18.59;1352;45;4299.00;277
10837;34;622142536;10837;633;12188;12466;3.32;0.20;366.79;18.58;1351;45;4300.00;278
10841;34;622142557;10841;628;12188;12466;3.33;0.20;366.79;18.58;1347;45;4301.00;278
10847;34;622142573;10847;625;12190;12469;3.38;0.21;366.85;18.58;1343;45;4302.00;279
10848;34;622142591;10848;628;12190;12469;3.42;0.21;366.85;18.58;1342;45;4303.00;279
10852;34;622142606;10852;629;12191;12469;3.42;0.21;366.83;18.58;1339;45;4304.00;278
10854;34;622142621;10854;634;12191;12469;3.44;0.21;366.82;18.58;1337;45;4305.00;278
10855;34;622142642;10855;622;12195;12473;3.51;0.21;366.80;18.57;1340;45;4306.00;278
10856;34;622142667;10856;621;12195;12473;3.53;0.21;366.78;18.57;1339;45;4307.00;278
10858;34;622142682;10858;615;12195;12473;3.58;0.22;366.76;18.57;1337;45;4308.00;278
10861;34;622142697;10861;611;12195;12473;3.61;0.22;366.71;18.57;1334;45;4309.00;278
10862;34;622142712;10862;609;12195;12474;3.64;0.22;366.70;18.57;1333;45;4310.00;279
10863;34;622142727;10863;609;12196;12475;3.73;0.23;366.68;18.57;1333;45;4311.00;279
10867;34;622142743;10867;594;12196;12475;3.79;0.23;366.65;18.57;1329;45;4312.00;279
10867;34;622142758;10867;591;12197;12476;3.83;0.23;366.65;18.57;1330;45;4313.00;279
10869;34;622142774;10869;588;12197;12476;3.89;0.24;366.65;18.57;1328;45;4314.00;279
10869;34;622142788;10869;594;12197;12476;3.94;0.24;366.65;18.57;1328;45;4315.00;279
10869;34;622142804;10869;595;12197;12476;3.97;0.24;366.65;18.57;1328;45;4316.00;279
10869;34;622142819;10869;586;12197;12476;4.03;0.25;366.65;18.57;1328;45;4317.00;279
10870;34;622142834;10870;582;12197;12476;4.09;0.25;366.64;18.57;1327;45;4318.00;279
10870;34;622142850;10870;587;12197;12476;4.14;0.25;366.64;18.57;1327;45;4319.00;279
10871;34;622142866;10871;638;12312;12706;4.43;0.28;366.64;18.40;1441;45;4320.00;394
10872;34;622142902;10872;624;12316;12707;4.46;0.28;366.63;18.39;1444;45;4321.00;391
10872;34;622142918;10872;612;12327;12707;4.55;0.29;366.63;18.37;1455;45;4322.00;380
10872;34;622142935;10872;595;12331;12707;4.58;0.29;366.63;18.37;1459;45;4323.00;376
10875;34;622142951;10875;588;12337;12707;4.61;0.29;366.69;18.36;1462;45;4324.00;370
10877;34;622142968;10877;582;12341;12707;4.66;0.29;366.74;18.36;1464;45;4325.00;366
10878;34;622142986;10878;576;12347;12707;4.73;0.30;366.76;18.35;1469;45;4326.00;360
10878;34;622143003;10878;564;12353;12707;4.78;0.30;366.76;18.35;1475;45;4327.00;354
10881;34;622143020;10881;566;12358;12708;4.78;0.30;366.89;18.34;1477;45;4328.00;350
10881;34;622143038;10881;560;12362;12709;4.79;0.30;366.89;18.34;1481;45;4329.00;347
10881;34;622143063;10881;560;12367;12709;4.76;0.30;366.89;18.34;1486;45;4330.00;342
10885;34;622143080;10885;563;12370;12710;4.74;0.29;366.92;18.33;1485;45;4331.00;340
10887;34;622143098;10887;568;12371;12710;4.71;0.29;366.91;18.33;1484;45;4332.00;339
10889;34;622143117;10889;575;12374;12710;4.68;0.29;366.88;18.33;1485;45;4333.00;336
10891;34;622143145;10891;576;12377;12710;4.66;0.29;366.88;18.33;1486;45;4334.00;333
10891;34;622143164;10891;580;12378;12714;4.64;0.28;366.88;18.33;1487;45;4335.00;336
10892;34;622143183;10892;585;12379;12714;4.64;0.28;366.89;18.33;1487;45;4336.00;335
10893;34;622143200;10893;588;12380;12714;4.61;0.28;366.95;18.33;1487;45;4337.00;334
10893;34;622143217;10893;587;12381;12717;4.62;0.28;366.95;18.33;1488;45;4338.00;336
10893;34;622143235;10893;585;12381;12717;4.62;0.28;366.95;18.33;1488;45;4339.00;336
10895;35;622143252;10895;580;12381;12717;4.60;0.28;366.96;18.33;1486;46;4340.00;336
10898;35;622143283;10898;579;12385;12721;4.62;0.28;367.05;18.32;1487;46;4341.00;336
10898;35;622143303;10898;580;12386;12722;4.69;0.29;367.05;18.32;1488;46;4342.00;336
10899;35;622143322;10899;572;12386;12722;4.71;0.29;367.03;18.32;1487;46;4343.00;336
10899;35;622143340;10899;568;12389;12726;4.80;0.29;367.03;18.32;1490;46;4344.00;337
10902;35;622143358;10902;565;12390;12726;4.86;0.30;367.14;18.32;1488;46;4345.00;336
10904;35;622143376;10904;562;12390;12726;4.90;0.30;367.20;18.32;1486;46;4346.00;336
10908;35;622143396;10908;549;12391;12727;4.93;0.30;367.31;18.32;1483;46;4347.00;336
10912;35;622143415;10912;550;12392;12727;4.97;0.30;367.40;18.32;1480;46;4348.00;335
10916;35;622143443;10916;542;12396;12733;4.97;0.30;367.43;18.32;1480;46;4349.00;337
10919;35;622143472;10919;533;12396;12733;4.93;0.30;367.44;18.32;1477;46;4350.00;337
10921;35;622143496;10921;519;12397;12734;4.91;0.30;367.46;18.31;1476;46;4351.00;337
10926;35;622143520;10926;522;12398;12734;4.84;0.30;367.55;18.32;1472;46;4352.00;336
10928;35;622143544;10928;521;12403;12734;4.79;0.29;367.66;18.32;1475;46;4353.00;331
10930;35;622143565;10930;500;12403;12734;4.76;0.29;367.64;18.32;1473;46;4354.00;331
10933;35;622143585;10933;499;12407;12734;4.71;0.29;367.64;18.45;1474;46;4355.00;327
10937;35;622143606;10937;494;12416;12746;4.68;0.28;367.71;18.43;1479;46;4356.00;330
10939;35;622143627;10939;486;12417;12746;4.66;0.28;367.75;18.43;1478;46;4357.00;329
10939;35;622143646;10939;486;12420;12746;4.76;0.29;367.75;18.43;1481;46;4358.00;326
10945;35;622143663;10945;483;12420;12746;4.75;0.29;367.85;18.43;1475;46;4359.00;326
10949;35;622143688;10949;480;12420;12746;4.74;0.29;367.83;18.43;1471;46;4360.00;326
10951;35;622143706;10951;472;12420;12746;4.75;0.29;367.91;18.43;1469;46;4361.00;326
10954;35;622143724;10954;479;12423;12750;4.75;0.29;367.86;18.42;1469;46;4362.00;327
10954;35;622143743;10954;478;12423;12750;4.79;0.29;367.86;18.42;1469;46;4363.00;327
10955;35;622143767;10955;477;12427;12754;4.81;0.29;367.83;18.52;1472;46;4364.00;327
10955;35;622143785;10955;485;12429;12756;4.82;0.29;367.83;18.52;1474;46;4365.00;327
10956;35;622143803;10956;490;12429;12756;4.82;0.29;367.93;18.52;1473;46;4366.00;327
10957;35;622143821;10957;498;12431;12756;4.80;0.29;367.96;18.52;1474;46;4367.00;325
10960;35;622143839;10960;502;12441;12769;4.84;0.29;368.01;18.51;1481;46;4368.00;328
10961;35;622143865;10961;511;12441;12769;4.81;0.29;368.08;18.51;1480;46;4369.00;328
10965;35;622143882;10965;508;12442;12769;4.77;0.29;368.08;18.51;1477;46;4370.00;327
10967;35;622143900;10967;515;12445;12770;4.74;0.29;368.08;18.51;1478;46;4371.00;325
10972;35;622143918;10972;521;12446;12771;4.69;0.28;368.15;18.52;1474;46;4372.00;325
10976;35;622143936;10976;522;12447;12771;4.64;0.28;368.27;18.52;1471;46;4373.00;324
10981;35;622143953;10981;528;12450;12774;4.64;0.28;368.27;18.51;1469;46;4374.00;324
10982;35;622143972;10982;530;12451;12774;4.62;0.28;368.24;18.52;1469;46;4375.00;323
10985;35;622143989;10985;535;12452;12774;4.60;0.28;368.21;18.52;1467;46;4376.00;322
10985;35;622144005;10985;551;12452;12774;4.64;0.28;368.21;18.52;1467;46;4377.00;322
10987;35;622144022;10987;547;12458;12780;4.65;0.28;368.27;18.51;1471;46;4378.00;322
10988;35;622144040;10988;545;12460;12780;4.64;0.28;368.26;18.58;1472;46;4379.00;320
10988;35;622144059;10988;551;12461;12780;4.65;0.28;368.26;18.58;1473;46;4380.00;319
10992;35;622144076;10992;550;12462;12780;4.63;0.28;368.41;18.65;1470;46;4381.00;318
10993;35;622144093;10993;559;12467;12784;4.62;0.28;368.38;18.71;1474;46;4382.00;317
10994;35;622144110;10994;560;12469;12785;4.62;0.28;368.37;18.71;1475;46;4383.00;316
10996;35;622144129;10996;561;12471;12785;4.58;0.28;368.48;18.78;1475;46;4384.00;314
11000;35;622144146;11000;569;12472;12786;4.57;0.28;368.58;18.77;1472;46;4385.00;314
11004;35;622144163;11004;573;12473;12786;4.54;0.28;368.61;18.77;1469;46;4386.00;313
11004;35;622144180;11004;580;12473;12786;4.55;0.28;368.61;18.77;1469;46;4387.00;313
11008;35;622144198;11008;577;12475;12786;4.53;0.28;368.64;18.84;1467;46;4388.00;311
11010;35;622144215;11010;586;12476;12786;4.57;0.28;368.61;18.90;1466;46;4389.00;310
11012;35;622144232;11012;582;12477;12786;4.57;0.28;368.63;18.96;1465;46;4390.00;309
11015;35;622144249;11015;594;12478;12786;4.54;0.28;368.76;19.02;1463;46;4391.00;308
11018;35;622144266;11018;595;12516;12856;4.70;0.29;368.79;19.03;1498;46;4392.00;340
11021;35;622144290;11021;593;12517;12857;4.66;0.29;368.80;19.03;1496;46;4393.00;340
11026;35;622144308;11026;591;12525;12857;4.66;0.29;369.01;19.08;1499;46;4394.00;332
11027;35;622144326;11027;592;12525;12857;4.68;0.29;368.99;19.08;1498;46;4395.00;332
11030;35;622144343;11030;590;12529;12857;4.68;0.29;369.04;19.08;1499;46;4396.00;328
11036;35;622144360;11036;587;12536;12857;4.68;0.29;369.16;19.19;1500;46;4397.00;321
11038;35;622144377;11038;578;12539;12857;4.70;0.29;369.19;19.19;1501;46;4398.00;318
11039;35;622144395;11039;579;12542;12857;4.70;0.29;369.17;19.19;1503;46;4399.00;315
11042;35;622144412;11042;578;12547;12858;4.70;0.29;369.20;19.31;1505;46;4400.00;311
11045;35;622144441;11045;572;12548;12859;4.70;0.29;369.14;19.31;1503;46;4401.00;311
11049;35;622144460;11049;565;12549;12859;4.67;0.28;369.24;19.31;1500;46;4402.00;310
11054;35;622144479;11054;567;12555;12863;4.62;0.28;369.30;19.55;1501;46;4403.00;308
11057;35;622144497;11057;563;12555;12863;4.60;0.28;369.39;19.55;1498;46;4404.00;308
11059;35;622144517;11059;565;12557;12863;4.59;0.28;369.34;19.67;1498;46;4405.00;306
11061;35;622144533;11061;575;12557;12863;4.58;0.28;369.36;19.67;1496;46;4406.00;306
11063;35;622144552;11063;565;12562;12869;4.60;0.28;369.35;19.66;1499;46;4407.00;307
11066;35;622144570;11066;577;12564;12869;4.60;0.28;369.37;19.79;1498;46;4408.00;305
11068;35;622144587;11068;578;12564;12869;4.60;0.28;369.44;19.79;1496;46;4409.00;305
11071;35;622144607;11071;578;12568;12875;4.57;0.28;369.43;19.78;1497;46;4410.00;307
11076;35;622144626;11076;576;12571;12875;4.47;0.27;369.53;19.96;1495;46;4411.00;304
11078;35;622144643;11078;583;12572;12875;4.43;0.27;369.54;19.96;1494;46;4412.00;303
11083;35;622144661;11083;590;12575;12876;4.34;0.26;369.60;20.14;1492;46;4413.00;301
11087;35;622144678;11087;593;12576;12877;4.27;0.26;369.64;20.14;1489;46;4414.00;301
11090;35;622144695;11090;592;12577;12877;4.23;0.26;369.61;20.20;1487;46;4415.00;300
11094;35;622144715;11094;610;12587;12890;4.16;0.25;369.70;20.18;1493;46;4416.00;303
11096;35;622144734;11096;605;12589;12890;4.08;0.25;369.74;20.30;1493;46;4417.00;301
11100;35;622144751;11100;607;12589;12890;4.00;0.24;369.92;20.30;1489;46;4418.00;301
11104;35;622144769;11104;611;12590;12891;3.96;0.24;370.06;20.30;1486;46;4419.00;301
11106;35;622144788;11106;597;12592;12891;3.93;0.24;370.05;20.41;1486;46;4420.00;299
11111;35;622144806;11111;595;12595;12895;3.94;0.24;370.03;20.41;1484;46;4421.00;300
11114;35;622144823;11114;594;12596;12895;3.92;0.24;370.03;20.46;1482;46;4422.00;299
11115;35;622144840;11115;597;12599;12899;3.93;0.24;370.05;20.51;1484;46;4423.00;300
11120;35;622144857;11120;592;12600;12899;3.93;0.24;370.11;20.51;1480;46;4424.00;299
11121;35;622144874;11121;590;12600;12899;3.98;0.24;370.14;20.51;1479;46;4425.00;299
11125;35;622144890;11125;591;12600;12899;3.99;0.24;370.18;20.51;1475;46;4426.00;299
11128;35;622144907;11128;588;12601;12899;3.98;0.24;370.29;20.52;1473;46;4427.00;298
11131;35;622144924;11131;593;12610;12911;4.06;0.25;370.35;20.50;1479;46;4428.00;301
11132;35;622144942;11132;589;12611;12911;4.07;0.25;370.38;20.50;1479;46;4429.00;300
11135;35;622144959;11135;588;12613;12911;4.05;0.25;370.43;20.50;1478;46;4430.00;298
11140;35;622144976;11140;583;12615;12911;4.02;0.25;370.53;20.50;1475;46;4431.00;296
11145;35;622144992;11145;582;12615;12911;3.98;0.24;370.60;20.50;1470;46;4432.00;296
11150;35;622145009;11150;588;12615;12911;3.95;0.24;370.76;20.50;1465;46;4433.00;296
11154;35;622145026;11154;591;12615;12912;3.99;0.24;370.76;20.50;1461;46;4434.00;297
11160;35;622145042;11160;605;12615;12912;3.96;0.24;371.01;20.50;1455;46;4435.00;297
11165;35;622145060;11165;600;12619;12918;3.98;0.24;371.03;20.49;1454;46;4436.00;299
11169;35;622145079;11169;609;12620;12919;3.98;0.24;371.05;20.49;1451;46;4437.00;299
11173;35;622145096;11173;620;12620;12919;3.96;0.24;371.03;20.49;1447;46;4438.00;299
11177;35;622145112;11177;616;12620;12919;3.98;0.24;371.10;20.49;1443;46;4439.00;299
11183;35;622145130;11183;623;12624;12924;4.00;0.24;371.07;20.49;1441;46;4440.00;300
11187;35;622145149;11187;618;12624;12924;4.00;0.24;371.11;20.49;1437;46;4441.00;300
11190;35;622145165;11190;626;12624;12924;3.94;0.24;371.10;20.49;1434;46;4442.00;300
11194;35;622145181;11194;631;12625;12925;3.90;0.24;371.09;20.48;1431;46;4443.00;300
11196;35;622145198;11196;637;12630;12929;3.87;0.24;371.13;20.48;1434;46;4444.00;299
11201;35;622145216;11201;634;12630;12929;3.83;0.23;371.01;20.48;1429;46;4445.00;299
11205;35;622145232;11205;642;12631;12932;3.80;0.23;370.98;20.48;1426;46;4446.00;301
11209;35;622145250;11209;657;12632;12932;3.79;0.23;371.08;20.48;1423;46;4447.00;300
11209;35;622145266;11209;655;12632;12932;3.80;0.23;371.08;20.48;1423;46;4448.00;300
11212;35;622145281;11212;658;12634;12932;3.75;0.23;371.08;20.48;1422;46;4449.00;298
11215;35;622145297;11215;654;12637;12936;3.75;0.23;371.04;20.47;1422;46;4450.00;299
11218;35;622145313;11218;650;12637;12936;3.71;0.23;371.12;20.47;1419;46;4451.00;299
11220;35;622145330;11220;666;12637;12936;3.67;0.22;371.12;20.47;1417;46;4452.00;299
11223;35;622145346;11223;667;12638;12936;3.64;0.22;371.08;20.47;1415;46;4453.00;298
11226;35;622145360;11226;670;12638;12937;3.63;0.22;371.04;20.47;1412;46;4454.00;299
11229;35;622145376;11229;674;12641;12939;3.54;0.22;370.99;20.47;1412;46;4455.00;298
11233;35;622145391;11233;674;12641;12939;3.51;0.22;371.09;20.47;1408;46;4456.00;298
11237;35;622145406;11237;685;12642;12940;3.46;0.21;371.12;20.47;1405;46;4457.00;298
11240;35;622145422;11240;692;12642;12940;3.38;0.21;371.09;20.47;1402;46;4458.00;298
11243;35;622145442;11243;701;12642;12940;3.34;0.21;371.04;20.47;1399;46;4459.00;298
11245;35;622145464;11245;696;12642;12940;3.31;0.20;371.09;20.47;1397;46;4460.00;298
11250;35;622145487;11250;704;12642;12940;3.25;0.20;371.00;20.47;1392;46;4461.00;298
11252;35;622145508;11252;707;12642;12940;3.19;0.20;370.97;20.47;1390;46;4462.00;298
11256;35;622145530;11256;707;12642;12940;3.14;0.19;370.99;20.47;1386;46;4463.00;298
11261;35;622145550;11261;722;12708;13067;3.41;0.21;371.01;20.36;1447;46;4464.00;359
11263;35;622145580;11263;717;12711;13068;3.42;0.21;370.96;20.35;1448;46;4465.00;357
11266;35;622145597;11266;723;12721;13068;3.50;0.22;370.95;20.34;1455;46;4466.00;347
11268;35;622145614;11268;719;12722;13068;3.52;0.22;370.96;20.34;1454;46;4467.00;346
11270;35;622145630;11270;703;12727;13068;3.56;0.22;370.93;20.33;1457;46;4468.00;341
11272;35;622145647;11272;709;12728;13068;3.60;0.22;370.94;20.33;1456;46;4469.00;340
11274;35;622145664;11274;708;12732;13068;3.62;0.22;370.98;20.33;1458;46;4470.00;336
11275;35;622145679;11275;704;12734;13068;3.61;0.22;371.00;20.32;1459;46;4471.00;334
11275;35;622145696;11275;706;12737;13069;3.58;0.22;371.00;20.32;1462;46;4472.00;332
11277;35;622145713;11277;710;12741;13070;3.54;0.22;370.97;20.32;1464;46;4473.00;329
11277;35;622145729;11277;709;12744;13070;3.54;0.22;370.97;20.32;1467;46;4474.00;326
11277;35;622145744;11277;702;12746;13071;3.55;0.22;370.97;20.31;1469;46;4475.00;325
11277;35;622145761;11277;687;12752;13071;3.59;0.22;370.97;20.31;1475;46;4476.00;319
11279;35;622145779;11279;678;12755;13071;3.64;0.22;371.02;20.41;1476;46;4477.00;316
11279;35;622145796;11279;666;12756;13071;3.70;0.23;371.02;20.41;1477;46;4478.00;315
11280;35;622145814;11280;659;12761;13075;3.78;0.23;371.01;20.40;1481;46;4479.00;314
11281;35;622145832;11281;656;12761;13075;3.86;0.24;370.99;20.40;1480;46;4480.00;314
11281;35;622145858;11281;649;12763;13075;3.93;0.24;370.99;20.40;1482;46;4481.00;312
11282;35;622145882;11282;648;12765;13078;3.98;0.24;370.97;20.40;1483;46;4482.00;313
11282;35;622145900;11282;643;12766;13078;4.07;0.25;370.97;20.40;1484;46;4483.00;312
11284;35;622145918;11284;633;12767;13078;4.15;0.25;370.96;20.40;1483;46;4484.00;311
11286;35;622145937;11286;634;12770;13082;4.21;0.26;370.93;20.40;1484;46;4485.00;312
11286;35;622145955;11286;624;12771;13083;4.31;0.26;370.93;20.39;1485;46;4486.00;312
11292;35;622145973;11292;625;12774;13083;4.36;0.27;370.88;20.39;1482;46;4487.00;309
11294;35;622145993;11294;627;12777;13087;4.42;0.27;370.87;20.39;1483;46;4488.00;310
11295;35;622146018;11295;621;12777;13087;4.43;0.27;370.85;20.39;1482;46;4489.00;310
11296;35;622146043;11296;614;12777;13087;4.45;0.27;370.83;20.39;1481;46;4490.00;310
11296;35;622146062;11296;614;12778;13088;4.49;0.27;370.83;20.38;1482;46;4491.00;310
11298;35;622146080;11298;605;12778;13088;4.51;0.27;370.95;20.38;1480;46;4492.00;310
11301;35;622146099;11301;603;12783;13094;4.55;0.28;370.97;20.38;1482;46;4493.00;311
11301;35;622146119;11301;598;12783;13094;4.60;0.28;370.97;20.38;1482;46;4494.00;311
11302;35;622146136;11302;598;12783;13095;4.64;0.28;370.98;20.38;1481;46;4495.00;312
11305;35;622146155;11305;592;12783;13095;4.65;0.28;370.97;20.38;1478;46;4496.00;312
11309;35;622146173;11309;590;12783;13095;4.65;0.28;371.08;20.38;1474;46;4497.00;312
11310;35;622146191;11310;583;12783;13095;4.64;0.28;371.08;20.38;1473;46;4498.00;312
11310;35;622146208;11310;583;12783;13095;4.67;0.28;371.08;20.38;1473;46;4499.00;312
11311;35;622146231;11311;585;12808;13145;4.70;0.29;371.16;20.34;1497;46;4500.00;337
11313;35;622146260;11313;585;12810;13147;4.71;0.29;371.24;20.33;1497;46;4501.00;337
11316;35;622146280;11316;583;12813;13147;4.73;0.29;371.33;20.33;1497;46;4502.00;334
11320;35;622146299;11320;582;12814;13147;4.77;0.29;371.54;20.43;1494;46;4503.00;333
11320;35;622146318;11320;587;12816;13147;4.79;0.29;371.54;20.43;1496;46;4504.00;331
11320;35;622146336;11320;585;12816;13147;4.82;0.29;371.54;20.43;1496;46;4505.00;331
11320;35;622146354;11320;585;12821;13151;4.82;0.29;371.54;20.42;1501;46;4506.00;330
11321;35;622146373;11321;582;12821;13151;4.82;0.29;371.57;20.42;1500;46;4507.00;330
11322;35;622146391;11322;588;12825;13155;4.83;0.29;371.55;20.42;1503;46;4508.00;330
11322;35;622146409;11322;598;12826;13156;4.88;0.30;371.55;20.42;1504;46;4509.00;330
11327;35;622146428;11327;585;12826;13156;4.90;0.30;371.59;20.42;1499;46;4510.00;330
11328;35;622146460;11328;583;12827;13156;4.91;0.30;371.58;20.42;1499;46;4511.00;329
11330;35;622146481;11330;587;12838;13169;4.94;0.30;371.73;20.40;1508;46;4512.00;331
11333;35;622146502;11333;577;12838;13169;4.92;0.30;371.81;20.40;1505;46;4513.00;331
11335;35;622146527;11335;580;12838;13169;4.94;0.30;371.79;20.40;1503;46;4514.00;331
11337;35;622146546;11337;578;12839;13170;4.96;0.30;371.85;20.40;1502;46;4515.00;331
11341;35;622146565;11341;585;12839;13171;4.97;0.30;371.93;20.40;1498;46;4516.00;332
11342;35;622146584;11342;574;12841;13171;4.94;0.30;371.94;20.40;1499;46;4517.00;330
11345;35;622146610;11345;569;12843;13174;4.96;0.30;372.10;20.39;1498;46;4518.00;331
11350;35;622146633;11350;562;12844;13174;4.92;0.30;372.28;20.39;1494;46;4519.00;330
11350;35;622146653;11350;555;12844;13174;4.88;0.30;372.28;20.39;1494;46;4520.00;330
11351;35;622146672;11351;544;12844;13174;4.86;0.30;372.33;20.39;1493;46;4521.00;330
11352;35;622146693;11352;542;12849;13180;4.83;0.29;372.37;20.48;1497;46;4522.00;331
11353;35;622146712;11353;531;12851;13180;4.82;0.29;372.38;20.48;1498;46;4523.00;329
11353;35;622146729;11353;517;12851;13180;4.83;0.29;372.38;20.48;1498;46;4524.00;329
11359;35;622146747;11359;508;12851;13180;4.79;0.29;372.39;20.48;1492;46;4525.00;329
11360;35;622146766;11360;511;12854;13184;4.82;0.29;372.41;20.48;1494;46;4526.00;330
11362;35;622146783;11362;503;12855;13185;4.86;0.30;372.44;20.48;1493;46;4527.00;330
11367;35;622146802;11367;520;12855;13185;4.83;0.29;372.41;20.48;1488;46;4528.00;330
11370;35;622146820;11370;517;12858;13186;4.82;0.29;372.53;20.48;1488;46;4529.00;328
11373;35;622146841;11373;509;12858;13186;4.84;0.29;372.62;20.48;1485;46;4530.00;328
11378;35;622146859;11378;511;12858;13186;4.84;0.29;372.60;20.48;1480;46;4531.00;328
11379;35;622146877;11379;514;12858;13186;4.86;0.30;372.60;20.48;1479;46;4532.00;328
11383;35;622146895;11383;522;12858;13186;4.83;0.29;372.54;20.48;1475;46;4533.00;328
11387;35;622146912;11387;518;12858;13186;4.82;0.29;372.51;20.48;1471;46;4534.00;328
11390;35;622146930;11390;526;12860;13186;4.82;0.29;372.60;20.48;1470;46;4535.00;326
11392;35;622146948;11392;541;12896;13256;4.95;0.30;372.73;20.42;1504;46;4536.00;360
11397;35;622146973;11397;535;12900;13257;4.91;0.30;372.94;20.42;1503;46;4537.00;357
11400;35;622146991;11400;539;12905;13257;4.90;0.30;372.94;20.41;1505;46;4538.00;352
11404;35;622147009;11404;545;12908;13257;4.88;0.30;373.11;20.41;1504;46;4539.00;349
11405;35;622147027;11405;558;12911;13257;4.85;0.30;373.19;20.41;1506;46;4540.00;346
11411;35;622147044;11411;557;12919;13257;4.81;0.29;373.22;20.40;1508;46;4541.00;338
11414;35;622147063;11414;563;12923;13257;4.82;0.29;373.32;20.40;1509;46;4542.00;334
11416;35;622147081;11416;569;12927;13257;4.80;0.29;373.46;20.39;1511;46;4543.00;330
11420;35;622147106;11420;568;12929;13258;4.74;0.29;373.50;20.39;1509;46;4544.00;329
11424;35;622147125;11424;563;12932;13260;4.73;0.29;373.65;20.39;1508;46;4545.00;328
11427;35;622147144;11427;566;12933;13260;4.74;0.29;373.87;20.39;1506;46;4546.00;327
11430;35;622147163;11430;574;12936;13264;4.75;0.29;373.84;20.38;1506;46;4547.00;328
11434;35;622147205;11434;578;12936;13264;4.73;0.29;373.97;20.38;1502;46;4548.00;328
11437;35;622147225;11437;578;12936;13264;4.69;0.29;374.13;20.38;1499;46;4549.00;328
11439;35;622147244;11439;585;12936;13264;4.65;0.28;374.11;20.38;1497;46;4550.00;328
11440;35;622147264;11440;590;12941;13270;4.65;0.28;374.21;20.37;1501;46;4551.00;329
11442;35;622147283;11442;594;12941;13270;4.61;0.28;374.16;20.37;1499;46;4552.00;329
11446;35;622147302;11446;596;12941;13270;4.58;0.28;374.35;20.37;1495;46;4553.00;329
11447;35;622147321;11447;606;12944;13273;4.59;0.28;374.45;20.37;1497;46;4554.00;329
11448;35;622147340;11448;625;12944;13273;4.58;0.28;374.47;20.37;1496;46;4555.00;329
11450;35;622147357;11450;623;12944;13273;4.59;0.28;374.54;20.37;1494;46;4556.00;329
11454;35;622147376;11454;631;12944;13274;4.59;0.28;374.62;20.37;1490;46;4557.00;330
11458;35;622147396;11458;625;12945;13275;4.58;0.28;374.70;20.37;1487;46;4558.00;330
11460;35;622147415;11460;630;12945;13275;4.61;0.28;374.71;20.37;1485;46;4559.00;330
11463;35;622147436;11463;641;12963;13301;4.65;0.28;374.72;20.34;1500;46;4560.00;338
11468;35;622147464;11468;633;12963;13301;4.66;0.28;374.78;20.34;1495;46;4561.00;338
11470;35;622147491;11470;635;12965;13301;4.70;0.29;374.73;20.34;1495;46;4562.00;336
11472;35;622147517;11472;638;12967;13302;4.70;0.29;374.81;20.33;1495;46;4563.00;335
11474;35;622147540;11474;643;12967;13302;4.68;0.28;374.83;20.33;1493;46;4564.00;335
11476;35;622147560;11476;640;12971;13306;4.64;0.28;374.87;20.33;1495;46;4565.00;335
11480;35;622147579;11480;642;12971;13306;4.53;0.28;374.97;20.33;1491;46;4566.00;335
11481;35;622147604;11481;648;12974;13310;4.42;0.27;375.03;20.32;1493;46;4567.00;336
11484;35;622147622;11484;654;12974;13310;4.32;0.26;375.15;20.32;1490;46;4568.00;336
11487;35;622147640;11487;655;12974;13310;4.26;0.26;375.15;20.32;1487;46;4569.00;336
11489;35;622147656;11489;653;12974;13310;4.21;0.26;375.21;20.32;1485;46;4570.00;336
11490;35;622147673;11490;648;12974;13310;4.16;0.25;375.21;20.32;1484;46;4571.00;336
11495;35;622147689;11495;655;12984;13322;4.15;0.25;375.34;20.31;1489;46;4572.00;338
11498;35;622147707;11498;660;12984;13322;4.11;0.25;375.33;20.31;1486;46;4573.00;338
11498;35;622147724;11498;658;12984;13322;4.13;0.25;375.33;20.31;1486;46;4574.00;338
11500;35;622147740;11500;657;12985;13322;4.15;0.25;375.35;20.31;1485;46;4575.00;337
11501;35;622147756;11501;653;12985;13322;4.15;0.25;375.32;20.31;1484;46;4576.00;337
11504;35;622147772;11504;660;12985;13322;4.14;0.25;375.41;20.31;1481;46;4577.00;337
11510;35;622147788;11510;662;12985;13323;4.09;0.25;375.57;20.31;1475;46;4578.00;338
11510;35;622147804;11510;664;12985;13323;4.12;0.25;375.57;20.31;1475;46;4579.00;338
11514;35;622147826;11514;659;12989;13329;4.15;0.25;375.78;20.30;1475;46;4580.00;340
11517;35;622147843;11517;658;12990;13330;4.14;0.25;375.83;20.30;1473;46;4581.00;340
11522;35;622147859;11522;659;12990;13330;4.09;0.25;375.97;20.30;1468;46;4582.00;340
11527;35;622147875;11527;661;12990;13330;4.06;0.25;375.99;20.30;1463;46;4583.00;340
11530;35;622147891;11530;674;12993;13334;4.04;0.25;376.00;20.29;1463;46;4584.00;341
11535;35;622147906;11535;677;12993;13334;3.98;0.24;376.14;20.29;1458;46;4585.00;341
11539;35;622147922;11539;691;12993;13334;3.90;0.24;376.18;20.29;1454;46;4586.00;341
11543;35;622147938;11543;692;12994;13335;3.82;0.23;376.27;20.29;1451;46;4587.00;341
11546;35;622147952;11546;700;12997;13339;3.76;0.23;376.32;20.29;1451;46;4588.00;342
11551;35;622147968;11551;705;12997;13339;3.65;0.22;376.31;20.29;1446;46;4589.00;342
11555;35;622147984;11555;704;13000;13345;3.59;0.22;376.28;20.28;1445;46;4590.00;345
11559;35;622147999;11559;695;13000;13345;3.53;0.21;376.32;20.28;1441;46;4591.00;345
11563;35;622148014;11563;692;13001;13345;3.48;0.21;376.46;20.28;1438;46;4592.00;344
11566;35;622148029;11566;684;13001;13345;3.47;0.21;376.42;20.28;1435;46;4593.00;344
11568;35;622148044;11568;685;13004;13349;3.43;0.21;376.52;20.28;1436;46;4594.00;345
11571;35;622148060;11571;680;13004;13349;3.40;0.21;376.54;20.28;1433;46;4595.00;345
11572;35;622148074;11572;686;13004;13349;3.41;0.21;376.53;20.28;1432;46;4596.00;345
11575;35;622148089;11575;677;13004;13349;3.41;0.21;376.46;20.28;1429;46;4597.00;345
11578;35;622148104;11578;676;13004;13350;3.38;0.21;376.55;20.28;1426;46;4598.00;346
11582;35;622148119;11582;672;13004;13351;3.33;0.20;376.48;20.28;1422;46;4599.00;347
11582;35;622148135;11582;659;13004;13351;3.34;0.20;376.48;20.28;1422;46;4600.00;347
11585;35;622148153;11585;666;13005;13352;3.30;0.20;376.45;20.28;1420;46;4601.00;347
11589;35;622148168;11589;658;13005;13352;3.24;0.20;376.40;20.28;1416;46;4602.00;347
11590;35;622148184;11590;654;13005;13352;3.28;0.20;376.39;20.28;1415;46;4603.00;347
11594;35;622148199;11594;645;13005;13352;3.27;0.20;376.30;20.28;1411;46;4604.00;347
11598;35;622148214;11598;648;13005;13352;3.27;0.20;376.24;20.28;1407;46;4605.00;347
11600;35;622148229;11600;650;13005;13352;3.30;0.20;376.20;20.28;1405;46;4606.00;347
11609;35;622148244;11609;652;13005;13352;3.23;0.20;376.13;20.28;1396;46;4607.00;347
11612;35;622148260;11612;650;13062;13479;3.64;0.23;376.09;20.29;1450;46;4608.00;417
11614;35;622148288;11614;655;13068;13480;3.64;0.22;376.09;20.28;1454;46;4609.00;412
11618;35;622148303;11618;653;13075;13480;3.65;0.23;376.08;20.27;1457;46;4610.00;405
11621;35;622148319;11621;651;13078;13480;3.62;0.22;376.05;20.27;1457;46;4611.00;402
11625;35;622148336;11625;650;13081;13480;3.58;0.22;375.96;20.27;1456;46;4612.00;399
11628;35;622148352;11628;655;13084;13480;3.59;0.22;376.00;20.26;1456;46;4613.00;396
11630;35;622148367;11630;660;13086;13480;3.59;0.22;376.12;20.26;1456;46;4614.00;394
11634;35;622148383;11634;664;13091;13480;3.55;0.22;376.10;20.26;1457;46;4615.00;389
11639;35;622148402;11639;661;13093;13481;3.52;0.22;376.16;20.26;1454;46;4616.00;388
11642;35;622148421;11642;661;13095;13482;3.48;0.22;376.08;20.26;1453;46;4617.00;387
11644;35;622148440;11644;671;13097;13482;3.45;0.21;376.10;20.25;1453;46;4618.00;385
11647;35;622148456;11647;671;13098;13483;3.41;0.21;376.07;20.25;1451;46;4619.00;385
11649;35;622148475;11649;680;13103;13483;3.39;0.21;376.12;20.25;1454;46;4620.00;380
11652;35;622148491;11652;691;13105;13483;3.36;0.21;376.11;20.25;1453;46;4621.00;378
11655;35;622148507;11655;690;13107;13483;3.33;0.21;376.23;20.25;1452;46;4622.00;376
11658;35;622148523;11658;693;13112;13487;3.33;0.21;376.23;20.25;1454;46;4623.00;375
11660;35;622148539;11660;694;13112;13487;3.32;0.20;376.21;20.25;1452;46;4624.00;375
11663;35;622148554;11663;700;13113;13487;3.28;0.20;376.18;20.25;1450;46;4625.00;374
11665;35;622148571;11665;698;13115;13490;3.28;0.20;376.18;20.25;1450;46;4626.00;375
11668;35;622148587;11668;686;13116;13490;3.25;0.20;376.22;20.25;1448;46;4627.00;374
11669;35;622148604;11669;678;13116;13490;3.28;0.20;376.23;20.25;1447;46;4628.00;374
11673;35;622148620;11673;668;13120;13494;3.32;0.20;376.22;20.24;1447;46;4629.00;374
11675;35;622148636;11675;661;13122;13495;3.38;0.21;376.19;20.24;1447;46;4630.00;373
11680;35;622148653;11680;662;13123;13495;3.42;0.21;376.19;20.24;1443;46;4631.00;372
11684;35;622148667;11684;659;13126;13499;3.46;0.21;376.18;20.24;1442;46;4632.00;373
11687;35;622148688;11687;656;13128;13499;3.52;0.22;376.19;20.24;1441;46;4633.00;371
11689;35;622148711;11689;650;13130;13499;3.58;0.22;376.20;20.24;1441;46;4634.00;369
11690;35;622148726;11690;648;13132;13501;3.59;0.22;376.17;20.24;1442;46;4635.00;369
11693;35;622148741;11693;646;13133;13501;3.60;0.22;376.19;20.24;1440;46;4636.00;368
11696;35;622148757;11696;642;13137;13507;3.59;0.22;376.16;20.23;1441;46;4637.00;370
11698;35;622148773;11698;632;13139;13507;3.61;0.22;376.18;20.36;1441;46;4638.00;368
11700;35;622148788;11700;629;13140;13508;3.61;0.22;376.19;20.36;1440;46;4639.00;368
11706;35;622148803;11706;627;13142;13508;3.58;0.22;376.20;20.36;1436;46;4640.00;366
11707;35;622148819;11707;621;13143;13508;3.63;0.22;376.17;20.46;1436;46;4641.00;365
11708;35;622148836;11708;621;13144;13508;3.69;0.23;376.17;20.46;1436;46;4642.00;364
11710;35;622148852;11710;622;13145;13508;3.74;0.23;376.17;20.46;1435;46;4643.00;363
11712;35;622148868;11712;618;13155;13520;3.83;0.23;376.12;20.45;1443;46;4644.00;365
11713;35;622148885;11713;619;13155;13520;3.88;0.24;376.12;20.45;1442;46;4645.00;365
11717;35;622148902;11717;607;13155;13520;3.90;0.24;376.15;20.45;1438;46;4646.00;365
11717;35;622148918;11717;599;13156;13520;3.95;0.24;376.15;20.45;1439;46;4647.00;364
11720;35;622148936;11720;588;13157;13520;3.99;0.24;376.19;20.45;1437;46;4648.00;363
11722;35;622148953;11722;577;13158;13520;3.98;0.24;376.19;20.45;1436;46;4649.00;362
11723;35;622148971;11723;574;13161;13526;4.03;0.25;376.26;20.45;1438;46;4650.00;365
11727;35;622148988;11727;578;13162;13526;4.06;0.25;376.25;20.45;1435;46;4651.00;364
11729;35;622149005;11729;576;13166;13530;4.14;0.25;376.26;20.45;1437;46;4652.00;364
11730;35;622149021;11730;572;13166;13531;4.15;0.25;376.25;20.45;1436;46;4653.00;365
11733;35;622149037;11733;576;13167;13531;4.20;0.26;376.22;20.45;1434;46;4654.00;364
11733;35;622149054;11733;583;13167;13531;4.26;0.26;376.22;20.45;1434;46;4655.00;364
11735;35;622149070;11735;593;13178;13544;4.31;0.26;376.30;20.43;1443;46;4656.00;366
11738;35;622149087;11738;583;13181;13544;4.32;0.26;376.40;20.44;1443;46;4657.00;363
11741;35;622149103;11741;583;13181;13544;4.33;0.26;376.49;20.44;1440;46;4658.00;363
11743;35;622149119;11743;571;13182;13545;4.36;0.26;376.48;20.43;1439;46;4659.00;363
11745;35;622149135;11745;566;13183;13546;4.38;0.26;376.59;20.43;1438;46;4660.00;363
11748;35;622149151;11748;556;13183;13546;4.42;0.27;376.82;20.43;1435;46;4661.00;363
11750;35;622149167;11750;555;13184;13549;4.47;0.27;376.93;20.43;1434;46;4662.00;365
11752;35;622149183;11752;555;13186;13549;4.49;0.27;376.98;20.43;1434;46;4663.00;363
11754;35;622149199;11754;557;13187;13549;4.54;0.27;377.06;20.43;1433;46;4664.00;362
11757;35;622149216;11757;562;13188;13549;4.53;0.27;377.12;20.43;1431;46;4665.00;361
11759;35;622149232;11759;561;13193;13555;4.58;0.28;377.20;20.42;1434;46;4666.00;362
11761;35;622149249;11761;564;13193;13555;4.59;0.28;377.15;20.42;1432;46;4667.00;362
11764;35;622149265;11764;562;13195;13555;4.59;0.28;377.20;20.53;1431;46;4668.00;360
11767;35;622149281;11767;561;13195;13555;4.61;0.28;377.17;20.53;1428;46;4669.00;360
11769;35;622149297;11769;563;13196;13559;4.64;0.28;377.29;20.52;1427;46;4670.00;363
11773;35;622149313;11773;563;13197;13560;4.65;0.28;377.37;20.52;1424;46;4671.00;363
11775;35;622149329;11775;569;13197;13560;4.68;0.28;377.48;20.52;1422;46;4672.00;363
11778;35;622149345;11778;563;13198;13561;4.70;0.29;377.62;20.52;1420;46;4673.00;363
11779;35;622149360;11779;562;13198;13561;4.73;0.29;377.67;20.52;1419;46;4674.00;363
11781;35;622149376;11781;560;13198;13561;4.70;0.29;377.74;20.52;1417;46;4675.00;363
11783;35;622149391;11783;563;13198;13561;4.66;0.28;377.76;20.52;1415;46;4676.00;363
11783;35;622149407;11783;556;13198;13561;4.66;0.28;377.76;20.52;1415;46;4677.00;363
11785;35;622149422;11785;548;13198;13561;4.63;0.28;377.74;20.52;1413;46;4678.00;363
11786;35;622149440;11786;543;13198;13561;4.64;0.28;377.75;20.52;1412;46;4679.00;363
11788;35;622149465;11788;568;13261;13686;4.71;0.29;377.74;20.42;1473;46;4680.00;425
11790;35;622149510;11790;550;13261;13687;4.73;0.29;377.77;20.42;1471;46;4681.00;426
11793;35;622149535;11793;541;13265;13687;4.79;0.30;377.90;20.42;1472;46;4682.00;422
11797;35;622149559;11797;534;13268;13687;4.85;0.30;378.06;20.41;1471;46;4683.00;419
11799;35;622149579;11799;532;13271;13687;4.87;0.30;378.13;20.41;1472;46;4684.00;416
11802;35;622149598;11802;529;13273;13687;4.91;0.30;378.12;20.41;1471;46;4685.00;414
11806;35;622149624;11806;521;13277;13687;4.97;0.30;378.24;20.40;1471;46;4686.00;410
11808;35;622149644;11808;521;13279;13687;4.98;0.30;378.25;20.40;1471;46;4687.00;408
11812;35;622149663;11812;518;13282;13688;5.02;0.31;378.35;20.40;1470;46;4688.00;406
11817;35;622149681;11817;517;13283;13689;5.05;0.31;378.37;20.40;1466;46;4689.00;406
11818;35;622149700;11818;515;13286;13689;5.08;0.31;378.40;20.40;1468;46;4690.00;403
11825;35;622149718;11825;509;13287;13693;5.03;0.31;378.57;20.39;1462;46;4691.00;406
11827;35;622149736;11827;501;13287;13693;4.99;0.30;378.58;20.39;1460;46;4692.00;406
11830;35;622149753;11830;504;13289;13693;4.93;0.30;378.60;20.39;1459;46;4693.00;404
11833;35;622149771;11833;502;13289;13693;4.86;0.30;378.69;20.39;1456;46;4694.00;404
11839;35;622149789;11839;507;13293;13699;4.79;0.29;378.70;20.39;1454;46;4695.00;406
11841;35;622149808;11841;518;13296;13699;4.77;0.29;378.78;20.61;1455;47;4696.00;403
11844;35;622149846;11844;524;13296;13699;4.75;0.29;378.77;20.61;1452;47;4697.00;403
11846;35;622149864;11846;523;13297;13702;4.75;0.29;378.88;20.61;1451;47;4698.00;405
11851;35;622149883;11851;525;13297;13702;4.71;0.29;379.03;20.61;1446;47;4699.00;405
11853;35;622149903;11853;529;13297;13702;4.70;0.29;379.11;20.61;1444;47;4700.00;405
11855;35;622149930;11855;536;13297;13703;4.71;0.29;379.15;20.61;1442;47;4701.00;406
11860;35;622149948;11860;534;13298;13704;4.70;0.29;379.12;20.61;1438;47;4702.00;406
11861;35;622149968;11861;536;13298;13704;4.68;0.29;379.15;20.61;1437;47;4703.00;406
11869;35;622149985;11869;535;13307;13717;4.61;0.28;379.27;20.60;1438;47;4704.00;410
11871;35;622150004;11871;539;13307;13717;4.61;0.28;379.29;20.60;1436;47;4705.00;410
11874;35;622150022;11874;539;13307;13717;4.64;0.28;379.38;20.60;1433;47;4706.00;410
11878;35;622150038;11878;535;13308;13718;4.64;0.28;379.46;20.59;1430;47;4707.00;410
11881;35;622150056;11881;534;13308;13718;4.67;0.28;379.52;20.59;1427;47;4708.00;410
11886;35;622150073;11886;538;13310;13722;4.68;0.28;379.59;20.59;1424;47;4709.00;412
11887;35;622150094;11887;534;13310;13722;4.68;0.29;379.57;20.59;1423;47;4710.00;412
11890;35;622150110;11890;536;13313;13726;4.67;0.28;379.67;20.59;1423;47;4711.00;413
11894;35;622150128;11894;528;13313;13726;4.69;0.29;379.68;20.59;1419;47;4712.00;413
11898;35;622150145;11898;535;13314;13726;4.74;0.29;379.80;20.59;1416;47;4713.00;412
11901;35;622150161;11901;531;13315;13726;4.70;0.29;379.86;20.59;1414;47;4714.00;411
11902;35;622150178;11902;532;13315;13726;4.76;0.29;379.89;20.59;1413;47;4715.00;411
11905;35;622150194;11905;529;13323;13738;4.79;0.29;379.93;20.58;1418;47;4716.00;415
11907;35;622150213;11907;539;13323;13738;4.70;0.29;379.95;20.58;1416;47;4717.00;415
11911;35;622150230;11911;542;13324;13738;4.67;0.29;380.07;20.58;1413;47;4718.00;414
11915;35;622150246;11915;549;13324;13738;4.65;0.28;380.16;20.58;1409;47;4719.00;414
11918;35;622150263;11918;556;13324;13738;4.57;0.28;380.29;20.58;1406;47;4720.00;414
11919;35;622150280;11919;556;13324;13738;4.57;0.28;380.28;20.58;1405;47;4721.00;414
11920;35;622150295;11920;559;13324;13739;4.60;0.28;380.31;20.58;1404;47;4722.00;415
11922;35;622150312;11922;557;13324;13739;4.58;0.28;380.36;20.58;1402;47;4723.00;415
11924;35;622150328;11924;564;13328;13745;4.63;0.28;380.45;20.57;1404;48;4724.00;417
11925;35;622150360;11925;560;13328;13747;4.64;0.28;380.49;20.57;1403;48;4725.00;419
11927;35;622150377;11927;560;13328;13747;4.63;0.28;380.53;20.57;1401;49;4726.00;419
11930;35;622150408;11930;558;13328;13747;4.60;0.28;380.47;20.57;1398;49;4727.00;419
11934;35;622150425;11934;569;13331;13751;4.58;0.28;380.61;20.57;1397;49;4728.00;420
11934;35;622150444;11934;571;13331;13751;4.54;0.28;380.61;20.57;1397;49;4729.00;420
11938;35;622150459;11938;580;13331;13751;4.51;0.27;380.66;20.57;1393;49;4730.00;420
11940;35;622150476;11940;585;13332;13752;4.44;0.27;380.77;20.57;1392;49;4731.00;420
11941;35;622150491;11941;585;13333;13756;4.41;0.27;380.77;20.57;1392;49;4732.00;423
11943;35;622150507;11943;592;13333;13756;4.36;0.27;380.80;20.57;1390;49;4733.00;423
11944;35;622150526;11944;597;13334;13759;4.30;0.26;380.85;20.56;1390;49;4734.00;425
11950;35;622150542;11950;607;13334;13759;4.26;0.26;380.98;20.56;1384;49;4735.00;425
11952;35;622150558;11952;607;13334;13759;4.22;0.26;380.95;20.56;1382;49;4736.00;425
11953;35;622150573;11953;619;13334;13759;4.21;0.26;380.97;20.56;1381;49;4737.00;425
11955;35;622150587;11955;620;13337;13763;4.23;0.26;381.03;20.56;1382;49;4738.00;426
11955;35;622150604;11955;617;13337;13763;4.24;0.26;381.03;20.56;1382;49;4739.00;426
11958;35;622150621;11958;619;13337;13763;4.20;0.26;381.15;20.56;1379;49;4740.00;426
11959;35;622150636;11959;614;13337;13763;4.17;0.26;381.22;20.56;1378;49;4741.00;426
11964;35;622150652;11964;605;13337;13764;4.14;0.25;381.31;20.56;1373;49;4742.00;427
11969;35;622150668;11969;609;13337;13765;4.08;0.25;381.45;20.56;1368;49;4743.00;428
11972;35;622150685;11972;606;13337;13765;4.06;0.25;381.46;20.56;1365;49;4744.00;428
11976;35;622150700;11976;608;13338;13766;4.05;0.25;381.45;20.56;1362;49;4745.00;428
11980;35;622150716;11980;613;13338;13766;4.01;0.24;381.52;20.56;1358;49;4746.00;428
11982;35;622150733;11982;605;13338;13766;3.99;0.24;381.58;20.56;1356;49;4747.00;428
11983;35;622150750;11983;604;13338;13766;4.02;0.24;381.57;20.56;1355;49;4748.00;428
11984;35;622150765;11984;604;13338;13766;4.03;0.24;381.55;20.56;1354;49;4749.00;428
11985;35;622150779;11985;600;13338;13766;4.04;0.25;381.53;20.56;1353;49;4750.00;428
11986;35;622150795;11986;606;13338;13766;4.01;0.24;381.53;20.56;1352;49;4751.00;428
11993;35;622150810;11993;617;13398;13893;4.23;0.26;381.49;20.47;1405;49;4752.00;495
11993;35;622150836;11993;610;13401;13894;4.23;0.26;381.49;20.46;1408;49;4753.00;493
11995;35;622150852;11995;608;13407;13894;4.25;0.26;381.50;20.45;1412;49;4754.00;487
11999;35;622150867;11999;610;13410;13894;4.21;0.26;381.43;20.47;1411;49;4755.00;484
12005;35;622150883;12005;613;13415;13894;4.17;0.26;381.58;20.46;1410;49;4756.00;479
12007;35;622150899;12007;612;13416;13894;4.16;0.26;381.57;20.46;1409;49;4757.00;478
12011;35;622150915;12011;606;13419;13894;4.11;0.25;381.63;20.45;1408;49;4758.00;475
12013;35;622150931;12013;611;13421;13894;4.12;0.25;381.65;20.45;1408;49;4759.00;473
12015;35;622150946;12015;596;13423;13895;4.15;0.26;381.67;20.45;1408;49;4760.00;472
12019;35;622150962;12019;598;13425;13896;4.14;0.26;381.67;20.45;1406;49;4761.00;471
12021;35;622150978;12021;593;13427;13896;4.15;0.26;381.65;20.45;1406;49;4762.00;469
12024;35;622150993;12024;595;13428;13897;4.15;0.26;381.65;20.45;1404;49;4763.00;469
12027;35;622151008;12027;590;13429;13897;4.15;0.26;381.62;20.45;1402;49;4764.00;468
12031;35;622151023;12031;601;13431;13897;4.14;0.26;381.63;20.44;1400;49;4765.00;466
12033;35;622151039;12033;608;13431;13897;4.11;0.25;381.59;20.44;1398;49;4766.00;466
12037;35;622151055;12037;611;13434;13901;4.04;0.25;381.59;20.44;1397;49;4767.00;467
12038;35;622151071;12038;610;13434;13901;4.03;0.25;381.58;20.44;1396;49;4768.00;467
12040;35;622151086;12040;608;13434;13901;4.00;0.25;381.64;20.44;1394;49;4769.00;467
12041;35;622151103;12041;605;13436;13907;3.99;0.25;381.63;20.44;1395;49;4770.00;471
12044;35;622151118;12044;604;13437;13907;3.91;0.24;381.58;20.44;1393;49;4771.00;470
12048;35;622151132;12048;601;13437;13907;3.82;0.24;381.60;20.44;1389;49;4772.00;470
12049;35;622151147;12049;596;13438;13911;3.81;0.23;381.58;20.43;1389;49;4773.00;473
12054;35;622151161;12054;591;13439;13912;3.76;0.23;381.48;20.43;1385;49;4774.00;473
12059;35;622151175;12059;590;13439;13912;3.71;0.23;381.38;20.43;1380;49;4775.00;473
12060;35;622151190;12060;579;13442;13916;3.76;0.23;381.39;20.43;1382;49;4776.00;474
12063;35;622151204;12063;577;13442;13916;3.74;0.23;381.39;20.43;1379;49;4777.00;474
12066;35;622151218;12066;574;13442;13916;3.77;0.23;381.42;20.43;1376;49;4778.00;474
12069;35;622151233;12069;564;13442;13917;3.76;0.23;381.41;20.43;1373;49;4779.00;475
12073;35;622151248;12073;555;13442;13917;3.73;0.23;381.38;20.43;1369;49;4780.00;475
12078;35;622151264;12078;544;13446;13923;3.70;0.23;381.36;20.42;1368;49;4781.00;477
12079;35;622151280;12079;535;13446;13923;3.72;0.23;381.37;20.42;1367;49;4782.00;477
12083;35;622151295;12083;534;13446;13924;3.73;0.23;381.37;20.42;1363;49;4783.00;478
12086;35;622151310;12086;534;13447;13924;3.80;0.23;381.41;20.43;1361;49;4784.00;477
12088;35;622151324;12088;535;13447;13924;3.84;0.24;381.39;20.43;1359;49;4785.00;477
12093;35;622151348;12093;539;13447;13924;3.91;0.24;381.45;20.43;1354;49;4786.00;477
12094;35;622151362;12094;539;13447;13924;3.98;0.24;381.45;20.43;1353;49;4787.00;477
12096;35;622151378;12096;543;13456;13936;4.09;0.25;381.47;20.42;1360;49;4788.00;480
12100;35;622151393;12100;537;13457;13936;4.12;0.25;381.58;20.43;1357;49;4789.00;479
12103;35;622151409;12103;536;13459;13936;4.15;0.25;381.58;20.44;1356;49;4790.00;477
12106;35;622151424;12106;537;13459;13936;4.23;0.26;381.55;20.44;1353;49;4791.00;477
12110;35;622151440;12110;536;13461;13936;4.25;0.26;381.51;20.46;1351;49;4792.00;475
12111;35;622151464;12111;534;13462;13936;4.31;0.26;381.52;20.46;1351;49;4793.00;474
12118;35;622151489;12118;531;13463;13940;4.33;0.26;381.47;20.46;1345;49;4794.00;477
12120;35;622151520;12120;533;13465;13940;4.34;0.26;381.48;20.47;1345;49;4795.00;475
12122;35;622151543;12122;529;13468;13944;4.33;0.26;381.50;20.47;1346;49;4796.00;476
12124;35;622151565;12124;527;13470;13945;4.30;0.26;381.49;20.48;1346;49;4797.00;475
12124;35;622151584;12124;539;13471;13945;4.31;0.26;381.49;20.49;1347;49;4798.00;474
12129;35;622151601;12129;538;13472;13945;4.30;0.26;381.50;20.49;1343;49;4799.00;473
12131;35;622151622;12131;548;13495;13986;4.43;0.27;381.49;20.47;1364;49;4800.00;491
12135;35;622151652;12135;551;13498;13986;4.46;0.27;381.47;20.49;1363;49;4801.00;488
12138;35;622151669;12138;549;13499;13986;4.47;0.27;381.47;20.49;1361;49;4802.00;487
12140;35;622151684;12140;554;13505;13987;4.51;0.27;381.54;20.51;1365;49;4803.00;482
12143;35;622151701;12143;553;13506;13988;4.49;0.27;381.60;20.52;1363;49;4804.00;482
12146;35;622151718;12146;554;13508;13988;4.47;0.27;381.62;20.52;1362;49;4805.00;480
12149;35;622151734;12149;555;13512;13991;4.49;0.27;381.74;20.53;1363;49;4806.00;479
12151;35;622151750;12151;543;13515;13991;4.47;0.27;381.78;20.55;1364;49;4807.00;476
12156;35;622151767;12156;541;13517;13991;4.40;0.27;381.75;20.55;1361;49;4808.00;474
12160;35;622151782;12160;538;13517;13991;4.35;0.26;381.94;20.55;1357;49;4809.00;474
12163;35;622151799;12163;541;13524;13997;4.35;0.26;381.94;20.56;1361;49;4810.00;473
12167;35;622151816;12167;536;13524;13997;4.34;0.26;381.95;20.56;1357;49;4811.00;473
12169;35;622151832;12169;541;13528;13997;4.37;0.27;382.01;20.57;1359;49;4812.00;469
12174;35;622151849;12174;539;13529;13997;4.37;0.27;382.05;20.57;1355;49;4813.00;468
12176;35;622151865;12176;552;13531;14001;4.39;0.27;382.08;20.57;1355;49;4814.00;470
12180;35;622151882;12180;556;13532;14003;4.37;0.27;382.11;20.57;1352;49;4815.00;471
12182;35;622151898;12182;539;13533;14003;4.43;0.27;382.12;20.58;1351;49;4816.00;470
12184;35;622151916;12184;528;13536;14004;4.46;0.27;382.14;20.58;1352;49;4817.00;468
12187;35;622151936;12187;523;13540;14004;4.53;0.28;382.18;20.60;1353;49;4818.00;464
12187;35;622151953;12187;508;13541;14004;4.62;0.28;382.18;20.71;1354;49;4819.00;463
12189;35;622151973;12189;498;13542;14004;4.70;0.29;382.18;20.71;1353;49;4820.00;462
12190;35;622151991;12190;496;13544;14004;4.75;0.29;382.22;20.72;1354;49;4821.00;460
12193;35;622152009;12193;494;13544;14004;4.77;0.29;382.24;20.72;1351;49;4822.00;460
12195;35;622152026;12195;494;13547;14004;4.79;0.29;382.42;20.72;1352;49;4823.00;457
12197;35;622152042;12197;513;13588;14074;4.88;0.30;382.44;20.68;1391;49;4824.00;486
12198;35;622152066;12198;502;13592;14075;4.91;0.30;382.45;20.68;1394;49;4825.00;483
12201;35;622152084;12201;518;13596;14075;4.94;0.30;382.65;20.68;1395;49;4826.00;479
12203;35;622152101;12203;507;13600;14075;4.95;0.30;382.64;20.68;1397;49;4827.00;475
12208;35;622152122;12208;500;13604;14077;4.95;0.30;382.81;20.68;1396;50;4828.00;473
12212;35;622152147;12212;507;13607;14077;4.94;0.30;382.85;20.68;1395;50;4829.00;470
12214;35;622152168;12214;509;13610;14077;4.96;0.30;382.93;20.68;1396;50;4830.00;467
12215;35;622152185;12215;508;13613;14077;4.96;0.30;382.93;20.68;1398;50;4831.00;464
12220;35;622152204;12220;499;13619;14078;4.93;0.30;382.99;20.68;1399;50;4832.00;459
12224;35;622152221;12224;499;13619;14079;4.87;0.30;383.11;20.68;1395;50;4833.00;460
12226;35;622152239;12226;503;13621;14079;4.86;0.30;383.21;20.68;1395;50;4834.00;458
12229;35;622152258;12229;514;13623;14083;4.86;0.30;383.23;20.69;1394;50;4835.00;460
12232;35;622152275;12232;517;13624;14083;4.83;0.29;383.22;20.69;1392;50;4836.00;459
12234;35;622152293;12234;516;13630;14083;4.80;0.29;383.18;20.69;1396;50;4837.00;453
12234;35;622152310;12234;516;13630;14083;4.82;0.29;383.18;20.69;1396;50;4838.00;453
12237;35;622152335;12237;523;13636;14089;4.80;0.29;383.29;20.70;1399;50;4839.00;453
12238;35;622152361;12238;525;13636;14089;4.75;0.29;383.27;20.70;1398;50;4840.00;453
12239;35;622152382;12239;524;13638;14089;4.74;0.29;383.30;20.71;1399;50;4841.00;451
12241;35;622152400;12241;528;13639;14092;4.70;0.29;383.38;20.71;1398;50;4842.00;453
12242;35;622152418;12242;530;13641;14092;4.67;0.28;383.40;20.72;1399;50;4843.00;451
12243;35;622152436;12243;541;13641;14092;4.66;0.28;383.43;20.72;1398;50;4844.00;451
12245;35;622152455;12245;542;13643;14093;4.66;0.28;383.45;20.73;1398;50;4845.00;450
12246;35;622152473;12246;547;13645;14094;4.69;0.29;383.48;20.73;1399;50;4846.00;449
12250;35;622152491;12250;554;13645;14094;4.70;0.29;383.45;20.73;1395;50;4847.00;449
12252;35;622152509;12252;559;13656;14107;4.78;0.29;383.46;20.72;1404;50;4848.00;451
12254;35;622152528;12254;557;13656;14107;4.78;0.29;383.43;20.72;1402;50;4849.00;451
12255;35;622152547;12255;553;13658;14107;4.84;0.29;383.41;20.73;1403;50;4850.00;449
12256;35;622152566;12256;548;13658;14108;4.86;0.29;383.42;20.73;1402;50;4851.00;450
12256;35;622152585;12256;546;13659;14108;4.89;0.30;383.42;20.73;1403;50;4852.00;449
12259;35;622152604;12259;543;13663;14112;4.89;0.30;383.43;20.73;1404;50;4853.00;449
12262;35;622152624;12262;543;13664;14112;4.88;0.30;383.45;20.73;1402;50;4854.00;448
12264;35;622152643;12264;542;13669;14116;4.86;0.29;383.52;20.73;1405;50;4855.00;447
12266;35;622152662;12266;551;13671;14116;4.84;0.29;383.53;20.74;1405;50;4856.00;445
12268;35;622152680;12268;547;13673;14116;4.82;0.29;383.57;20.74;1405;50;4857.00;443
12273;35;622152697;12273;548;13673;14116;4.73;0.29;383.67;20.74;1400;50;4858.00;443
12275;35;622152715;12275;537;13674;14116;4.71;0.29;383.76;20.74;1399;50;4859.00;442
12277;35;622152735;12277;535;13693;14150;4.77;0.29;383.74;20.72;1416;50;4860.00;457
12280;35;622152755;12280;537;13694;14150;4.77;0.29;383.86;20.72;1414;50;4861.00;456
12282;35;622152774;12282;540;13697;14150;4.75;0.29;383.96;20.72;1415;50;4862.00;453
12284;35;622152792;12284;533;13698;14150;4.76;0.29;383.97;20.71;1414;50;4863.00;452
12290;35;622152810;12290;531;13700;14150;4.75;0.29;384.12;20.71;1410;50;4864.00;450
12290;35;622152830;12290;532;13700;14150;4.81;0.29;384.12;20.71;1410;50;4865.00;450
12294;35;622152856;12294;523;13701;14151;4.83;0.30;384.22;20.72;1407;50;4866.00;450
12297;35;622152875;12297;524;13701;14151;4.86;0.30;384.29;20.72;1404;50;4867.00;450
12299;35;622152894;12299;528;13705;14157;4.85;0.30;384.29;20.71;1406;50;4868.00;452
12305;35;622152910;12305;530;13705;14158;4.79;0.29;384.36;20.71;1400;50;4869.00;453
12310;35;622152932;12310;534;13705;14158;4.73;0.29;384.41;20.71;1395;50;4870.00;453
12312;35;622152948;12312;535;13707;14158;4.66;0.28;384.42;20.71;1395;50;4871.00;451
12314;35;622152964;12314;539;13709;14162;4.65;0.28;384.41;20.71;1395;50;4872.00;453
12318;35;622152980;12318;542;13710;14162;4.59;0.28;384.53;20.71;1392;50;4873.00;452
12319;35;622152996;12319;544;13710;14162;4.54;0.28;384.52;20.71;1391;50;4874.00;452
12323;35;622153011;12323;550;13711;14163;4.56;0.28;384.56;20.71;1388;50;4875.00;452
12329;35;622153028;12329;561;13713;14167;4.50;0.27;384.59;20.71;1384;50;4876.00;454
12329;35;622153044;12329;557;13714;14167;4.51;0.27;384.59;20.71;1385;50;4877.00;453
12332;35;622153059;12332;556;13715;14170;4.53;0.27;384.55;20.70;1383;50;4878.00;455
12336;35;622153075;12336;567;13715;14170;4.52;0.27;384.55;20.70;1379;50;4879.00;455
12339;35;622153090;12339;565;13715;14170;4.49;0.27;384.58;20.70;1376;50;4880.00;455
12341;35;622153106;12341;567;13715;14170;4.49;0.27;384.64;20.70;1374;50;4881.00;455
12343;35;622153121;12343;573;13718;14174;4.53;0.27;384.64;20.70;1375;50;4882.00;456
12347;35;622153137;12347;577;13718;14174;4.52;0.27;384.80;20.70;1371;50;4883.00;456
12347;35;622153153;12347;584;13718;14174;4.47;0.27;384.80;20.70;1371;50;4884.00;456
12350;35;622153169;12350;589;13718;14174;4.44;0.27;384.91;20.70;1368;50;4885.00;456
12351;35;622153188;12351;594;13718;14175;4.40;0.27;384.90;20.70;1367;50;4886.00;457
12352;35;622153204;12352;603;13718;14176;4.40;0.27;384.95;20.70;1366;50;4887.00;458
12353;35;622153220;12353;618;13718;14176;4.42;0.27;384.99;20.70;1365;50;4888.00;458
12353;35;622153235;12353;625;13719;14177;4.40;0.27;384.99;20.70;1366;50;4889.00;458
12357;35;622153254;12357;633;13719;14177;4.40;0.27;385.07;20.70;1362;50;4890.00;458
12359;35;622153268;12359;633;13719;14177;4.41;0.27;385.07;20.70;1360;50;4891.00;458
12362;35;622153282;12362;636;13719;14177;4.42;0.27;385.15;20.70;1357;50;4892.00;458
12366;35;622153296;12366;640;13719;14177;4.42;0.27;385.27;20.70;1353;50;4893.00;458
12368;35;622153310;12368;640;13719;14177;4.39;0.27;385.37;20.70;1351;50;4894.00;458
12371;35;622153325;12371;645;13719;14177;4.35;0.27;385.40;20.70;1348;50;4895.00;458
12373;35;622153351;12373;656;13777;14304;4.64;0.29;385.48;20.61;1404;50;4896.00;527
12378;35;622153374;12378;658;13780;14305;4.60;0.29;385.52;20.61;1402;50;4897.00;525
12379;35;622153390;12379;662;13788;14305;4.62;0.29;385.50;20.60;1409;50;4898.00;517
12383;35;622153404;12383;665;13789;14305;4.53;0.28;385.56;20.60;1406;50;4899.00;516
12385;35;622153419;12385;662;13793;14305;4.51;0.28;385.55;20.59;1408;50;4900.00;512
12388;35;622153438;12388;660;13795;14305;4.47;0.28;385.59;20.59;1407;50;4901.00;510
12388;35;622153458;12388;661;13796;14305;4.42;0.27;385.59;20.59;1408;50;4902.00;509
12390;35;622153480;12390;656;13798;14305;4.39;0.27;385.56;20.59;1408;50;4903.00;507
12391;35;622153504;12391;654;13799;14306;4.40;0.27;385.60;20.58;1408;50;4904.00;507
12392;35;622153526;12392;649;13800;14308;4.37;0.27;385.63;20.58;1408;50;4905.00;508
12396;35;622153547;12396;652;13801;14308;4.35;0.27;385.57;20.58;1405;50;4906.00;507
12397;35;622153579;12397;657;13802;14309;4.32;0.27;385.54;20.58;1405;50;4907.00;507
12399;35;622153595;12399;654;13803;14309;4.29;0.26;385.52;20.58;1404;50;4908.00;506
12400;35;622153611;12400;654;13804;14309;4.28;0.26;385.55;20.58;1404;50;4909.00;505
12402;35;622153632;12402;661;13805;14309;4.25;0.26;385.51;20.58;1403;50;4910.00;504
12405;35;622153648;12405;659;13808;14313;4.21;0.26;385.50;20.58;1403;50;4911.00;505
12411;35;622153664;12411;654;13809;14313;4.12;0.25;385.52;20.58;1398;50;4912.00;504
12412;35;622153680;12412;662;13810;14313;4.10;0.25;385.50;20.58;1398;50;4913.00;503
12414;35;622153695;12414;662;13811;14316;4.07;0.25;385.47;20.58;1397;50;4914.00;505
12415;35;622153710;12415;667;13812;14316;4.03;0.25;385.48;20.58;1397;50;4915.00;504
12415;35;622153724;12415;672;13814;14316;4.04;0.25;385.48;20.57;1399;50;4916.00;502
12417;35;622153739;12417;673;13815;14320;4.02;0.25;385.47;20.57;1398;50;4917.00;505
12418;35;622153753;12418;672;13816;14321;4.02;0.25;385.44;20.57;1398;50;4918.00;505
12419;35;622153769;12419;668;13816;14321;4.00;0.25;385.44;20.57;1397;50;4919.00;505
12422;35;622153805;12422;671;13820;14326;3.97;0.24;385.35;20.56;1398;50;4920.00;506
12424;35;622153840;12424;668;13820;14326;3.88;0.24;385.33;20.56;1396;50;4921.00;506
12428;35;622153870;12428;671;13820;14326;3.79;0.23;385.37;20.56;1392;50;4922.00;506
12429;35;622153889;12429;679;13820;14327;3.72;0.23;385.35;20.56;1391;50;4923.00;507
12432;35;622153907;12432;685;13820;14327;3.65;0.22;385.42;20.56;1388;50;4924.00;507
12434;35;622153924;12434;690;13824;14333;3.62;0.22;385.41;20.56;1390;50;4925.00;509
12437;35;622153941;12437;693;13824;14333;3.52;0.22;385.41;20.56;1387;50;4926.00;509
12441;35;622153958;12441;703;13824;14334;3.40;0.21;385.37;20.56;1383;50;4927.00;510
12442;35;622153981;12442;705;13824;14334;3.32;0.20;385.38;20.56;1382;50;4928.00;510
12446;35;622153998;12446;716;13824;14334;3.24;0.20;385.45;20.56;1378;50;4929.00;510
12448;35;622154017;12448;695;13824;14334;3.14;0.19;385.42;20.56;1376;50;4930.00;510
12451;35;622154034;12451;673;13824;14334;3.12;0.19;385.38;20.56;1373;50;4931.00;510
12452;35;622154052;12452;662;13832;14346;3.21;0.20;385.35;20.55;1380;50;4932.00;514
12454;35;622154070;12454;657;13832;14346;3.24;0.20;385.30;20.55;1378;50;4933.00;514
12456;35;622154088;12456;654;13832;14346;3.30;0.20;385.32;20.55;1376;50;4934.00;514
12458;35;622154105;12458;646;13832;14346;3.34;0.20;385.31;20.55;1374;50;4935.00;514
12459;35;622154125;12459;638;13832;14346;3.38;0.21;385.31;20.55;1373;50;4936.00;514
12462;35;622154143;12462;621;13832;14346;3.41;0.21;385.28;20.55;1370;50;4937.00;514
12466;35;622154166;12466;615;13833;14350;3.50;0.21;385.24;20.55;1367;50;4938.00;517
12468;35;622154182;12468;605;13833;14350;3.56;0.22;385.19;20.55;1365;50;4939.00;517
12469;35;622154207;12469;589;13836;14354;3.66;0.22;385.18;20.54;1367;50;4940.00;518
12471;35;622154226;12471;585;13836;14355;3.72;0.23;385.14;20.54;1365;50;4941.00;519
12473;35;622154255;12473;582;13836;14355;3.77;0.23;385.13;20.54;1363;50;4942.00;519
12476;35;622154273;12476;573;13836;14355;3.82;0.23;385.09;20.54;1360;50;4943.00;519
12476;35;622154297;12476;564;13845;14368;3.97;0.24;385.09;20.53;1369;50;4944.00;523
12480;35;622154316;12480;552;13846;14368;4.04;0.24;385.04;20.53;1366;50;4945.00;522
12481;35;622154333;12481;547;13846;14368;4.11;0.25;385.04;20.53;1365;50;4946.00;522
12483;35;622154356;12483;555;13847;14369;4.18;0.25;385.01;20.53;1364;50;4947.00;522
12486;35;622154375;12486;543;13847;14370;4.19;0.25;384.99;20.53;1361;50;4948.00;523
12490;35;622154393;12490;531;13847;14370;4.22;0.25;385.03;20.53;1357;50;4949.00;523
12490;35;622154415;12490;532;13851;14379;4.25;0.26;385.03;20.52;1361;50;4950.00;528
12493;35;622154435;12493;527;13851;14379;4.25;0.26;385.22;20.52;1358;50;4951.00;528
12495;35;622154455;12495;520;13852;14379;4.29;0.26;385.20;20.52;1357;50;4952.00;527
12498;35;622154474;12498;517;13852;14379;4.30;0.26;385.17;20.52;1354;50;4953.00;527
12503;35;622154494;12503;513;13857;14385;4.32;0.26;385.24;20.52;1354;50;4954.00;528
12504;35;622154515;12504;500;13857;14385;4.34;0.26;385.33;20.52;1353;50;4955.00;528
12509;35;622154534;12509;504;13858;14385;4.31;0.26;385.35;20.52;1349;50;4956.00;527
12512;35;622154553;12512;500;13859;14385;4.31;0.26;385.34;20.52;1347;50;4957.00;526
12514;35;622154569;12514;497;13862;14389;4.32;0.26;385.38;20.53;1348;50;4958.00;527
12518;35;622154590;12518;497;13862;14390;4.34;0.26;385.49;20.53;1344;50;4959.00;528
12520;35;622154609;12520;490;13863;14390;4.36;0.26;385.49;20.54;1343;50;4960.00;527
12524;35;622154628;12524;487;13865;14391;4.36;0.26;385.71;20.54;1341;50;4961.00;526
12528;35;622154647;12528;481;13867;14391;4.38;0.27;385.71;20.66;1339;50;4962.00;524
12528;35;622154669;12528;485;13869;14391;4.45;0.27;385.71;20.67;1341;50;4963.00;522
12530;35;622154687;12530;483;13869;14391;4.50;0.27;385.79;20.67;1339;50;4964.00;522
12532;35;622154718;12532;478;13872;14391;4.52;0.28;385.76;20.69;1340;50;4965.00;519
12537;35;622154736;12537;476;13873;14391;4.53;0.28;385.92;20.70;1336;50;4966.00;518
12540;35;622154756;12540;473;13873;14391;4.56;0.28;385.95;20.70;1333;50;4967.00;518
12543;35;622154775;12543;489;13916;14461;4.63;0.28;386.05;20.65;1373;50;4968.00;545
12547;35;622154802;12547;477;13919;14462;4.68;0.29;386.05;20.66;1372;50;4969.00;543
12551;35;622154827;12551;467;13923;14462;4.72;0.29;386.04;20.67;1372;50;4970.00;539
12553;35;622154849;12553;463;13925;14462;4.80;0.29;386.10;20.67;1372;50;4971.00;537
12557;35;622154871;12557;457;13928;14462;4.86;0.30;386.12;20.67;1371;50;4972.00;534
12560;35;622154895;12560;454;13932;14462;4.92;0.30;386.10;20.69;1372;50;4973.00;530
12563;35;622154914;12563;453;13934;14462;4.92;0.30;386.16;20.69;1371;50;4974.00;528
12565;35;622154935;12565;458;13937;14462;4.89;0.30;386.18;20.70;1372;50;4975.00;525
12570;35;622154956;12570;468;13940;14463;4.89;0.30;386.22;20.71;1370;50;4976.00;523
12575;35;622154975;12575;457;13943;14464;4.80;0.29;386.37;20.71;1368;50;4977.00;521
12578;35;622154996;12578;463;13946;14464;4.73;0.29;386.37;20.72;1368;50;4978.00;518
12580;35;622155015;12580;456;13947;14468;4.75;0.29;386.46;20.72;1367;50;4979.00;521
12586;35;622155036;12586;464;13952;14468;4.74;0.29;386.65;20.73;1366;50;4980.00;516
12592;35;622155054;12592;475;13952;14468;4.70;0.29;386.68;20.73;1360;50;4981.00;516
12595;35;622155079;12595;481;13955;14468;4.69;0.29;386.77;20.87;1360;50;4982.00;513
12599;35;622155098;12599;497;13963;14474;4.68;0.28;386.87;20.87;1364;50;4983.00;511
12600;35;622155124;12600;493;13964;14474;4.69;0.28;386.91;20.87;1364;50;4984.00;510
12602;35;622155141;12602;500;13964;14474;4.69;0.28;387.03;20.87;1362;50;4985.00;510
12604;35;622155163;12604;496;13967;14477;4.70;0.28;387.08;20.88;1363;50;4986.00;510
12605;35;622155190;12605;483;13967;14477;4.74;0.29;387.06;20.88;1362;50;4987.00;510
12608;35;622155207;12608;482;13969;14477;4.72;0.29;387.10;21.01;1361;50;4988.00;508
12609;35;622155226;12609;481;13970;14478;4.73;0.29;387.12;21.02;1361;50;4989.00;508
12610;35;622155245;12610;481;13973;14479;4.68;0.28;387.13;21.03;1363;50;4990.00;506
12612;35;622155263;12612;484;13973;14479;4.66;0.28;387.17;21.03;1361;50;4991.00;506
12615;35;622155285;12615;491;13983;14492;4.65;0.28;387.18;21.02;1368;50;4992.00;509
12617;35;622155305;12617;494;13986;14492;4.61;0.28;387.23;21.03;1369;50;4993.00;506
12619;35;622155330;12619;495;13987;14492;4.60;0.28;387.35;21.03;1368;50;4994.00;505
12621;35;622155351;12621;498;13990;14494;4.61;0.28;387.42;21.04;1369;50;4995.00;504
12625;35;622155370;12625;501;13990;14494;4.61;0.28;387.48;21.04;1365;50;4996.00;504
12625;35;622155386;12625;497;13993;14498;4.66;0.28;387.48;21.04;1368;51;4997.00;505
12627;35;622155414;12627;491;13995;14498;4.66;0.28;387.57;21.05;1368;51;4998.00;503
12627;35;622155432;12627;495;13999;14502;4.64;0.28;387.57;21.05;1372;51;4999.00;503
12629;35;622155453;12629;491;13999;14502;4.62;0.28;387.68;21.05;1370;51;5000.00;503
12631;35;622155487;12631;486;14000;14502;4.64;0.28;387.73;21.17;1369;51;5001.00;502
12632;35;622155510;12632;485;14003;14502;4.65;0.28;387.75;21.19;1371;51;5002.00;499
12635;35;622155537;12635;481;14003;14502;4.66;0.28;387.82;21.19;1368;51;5003.00;499
12639;35;622155566;12639;482;14014;14514;4.70;0.29;387.86;21.19;1375;51;5004.00;500
12642;35;622155591;12642;490;14014;14514;4.68;0.29;387.86;21.19;1372;51;5005.00;500
12643;35;622155613;12643;495;14016;14514;4.73;0.29;387.89;21.20;1373;51;5006.00;498
12645;35;622155632;12645;495;14016;14514;4.76;0.29;387.96;21.20;1371;51;5007.00;498
12646;35;622155652;12646;487;14017;14514;4.81;0.29;387.98;21.21;1371;51;5008.00;497
12651;35;622155671;12651;490;14017;14514;4.85;0.30;388.01;21.21;1366;51;5009.00;497
12652;35;622155694;12652;497;14018;14515;4.86;0.30;388.00;21.21;1366;51;5010.00;497
12654;35;622155717;12654;503;14021;14515;4.88;0.30;388.03;21.23;1367;51;5011.00;494
12657;35;622155738;12657;492;14025;14521;4.89;0.30;388.10;21.22;1368;51;5012.00;496
12659;35;622155761;12659;494;14025;14522;4.85;0.29;388.07;21.22;1366;51;5013.00;497
12662;35;622155782;12662;499;14025;14522;4.82;0.29;388.12;21.22;1363;51;5014.00;497
12663;35;622155802;12663;503;14027;14522;4.82;0.29;388.15;21.35;1364;51;5015.00;495
12665;35;622155821;12665;504;14032;14526;4.82;0.29;388.12;21.36;1367;51;5016.00;494
12666;35;622155841;12666;516;14032;14526;4.83;0.29;388.10;21.36;1366;51;5017.00;494
12666;35;622155860;12666;523;14033;14526;4.82;0.29;388.10;21.36;1367;51;5018.00;493
12667;35;622155879;12667;527;14035;14527;4.82;0.29;388.11;21.36;1368;51;5019.00;492
12671;35;622155900;12671;524;14040;14531;4.82;0.29;388.20;21.37;1369;51;5020.00;491
12672;35;622155921;12672;523;14040;14531;4.79;0.29;388.17;21.37;1368;51;5021.00;491
12674;35;622155941;12674;523;14042;14534;4.80;0.29;388.17;21.37;1368;51;5022.00;492
12675;35;622155965;12675;518;14042;14534;4.74;0.29;388.20;21.37;1367;51;5023.00;492
12676;35;622155985;12676;526;14043;14534;4.71;0.29;388.23;21.37;1367;51;5024.00;491
12682;35;622156006;12682;526;14044;14534;4.63;0.28;388.38;21.37;1362;51;5025.00;490
12684;35;622156027;12684;525;14047;14538;4.63;0.28;388.40;21.37;1363;51;5026.00;491
12687;35;622156047;12687;521;14048;14538;4.61;0.28;388.46;21.37;1361;51;5027.00;490
12691;35;622156068;12691;527;14048;14538;4.61;0.28;388.53;21.37;1357;51;5028.00;490
12693;35;622156089;12693;527;14051;14538;4.58;0.28;388.56;21.50;1358;51;5029.00;487
12694;35;622156108;12694;517;14052;14539;4.60;0.28;388.63;21.51;1358;51;5030.00;487
12698;35;622156128;12698;522;14052;14540;4.56;0.28;388.68;21.51;1354;51;5031.00;488
12700;35;622156147;12700;517;14052;14540;4.53;0.28;388.72;21.51;1352;51;5032.00;488
12703;35;622156164;12703;518;14053;14541;4.53;0.28;388.82;21.50;1350;51;5033.00;488
12705;35;622156184;12705;512;14055;14541;4.50;0.27;388.86;21.63;1350;51;5034.00;486
12708;35;622156203;12708;521;14055;14541;4.44;0.27;388.91;21.63;1347;51;5035.00;486
12711;35;622156221;12711;521;14055;14541;4.33;0.26;388.96;21.63;1344;51;5036.00;486
12715;35;622156238;12715;519;14055;14541;4.29;0.26;389.03;21.63;1340;51;5037.00;486
12721;35;622156257;12721;518;14055;14541;4.22;0.26;389.14;21.63;1334;51;5038.00;486
12727;35;622156278;12727;520;14055;14541;4.15;0.25;389.19;21.63;1328;51;5039.00;486
12729;35;622156299;12729;561;14152;14771;4.50;0.28;389.22;21.49;1423;51;5040.00;619
12731;35;622156341;12731;553;14157;14772;4.52;0.29;389.22;21.48;1426;51;5041.00;615
12736;35;622156359;12736;546;14165;14772;4.58;0.29;389.30;21.47;1429;51;5042.00;607
12737;35;622156379;12737;552;14169;14772;4.64;0.29;389.29;21.46;1432;51;5043.00;603
12740;35;622156401;12740;546;14177;14772;4.68;0.29;389.30;21.45;1437;51;5044.00;595
12740;35;622156425;12740;544;14184;14772;4.72;0.30;389.30;21.45;1444;51;5045.00;588
12741;35;622156453;12741;540;14189;14772;4.73;0.30;389.33;21.44;1448;51;5046.00;583
12742;35;622156474;12742;547;14194;14772;4.73;0.30;389.36;21.44;1452;51;5047.00;578
12744;35;622156503;12744;551;14199;14773;4.74;0.30;389.45;21.43;1455;51;5048.00;574
12745;35;622156526;12745;562;14203;14774;4.74;0.30;389.44;21.43;1458;51;5049.00;571
12747;35;622156544;12747;564;14209;14774;4.71;0.30;389.39;21.43;1462;51;5050.00;565
12749;35;622156561;12749;570;14211;14775;4.66;0.29;389.43;21.43;1462;51;5051.00;564
12752;35;622156582;12752;577;14215;14775;4.63;0.29;389.49;21.43;1463;51;5052.00;560
12757;35;622156601;12757;587;14216;14775;4.57;0.29;389.51;21.43;1459;51;5053.00;559
12761;35;622156620;12761;595;14220;14775;4.52;0.28;389.55;21.42;1459;51;5054.00;555
12762;35;622156638;12762;610;14223;14779;4.50;0.28;389.57;21.42;1461;51;5055.00;556
12764;35;622156665;12764;612;14226;14779;4.45;0.28;389.67;21.42;1462;51;5056.00;553
12766;35;622156682;12766;621;14227;14779;4.37;0.27;389.78;21.42;1461;51;5057.00;552
12769;35;622156701;12769;629;14230;14782;4.32;0.27;389.81;21.42;1461;51;5058.00;552
12771;35;622156720;12771;634;14230;14782;4.29;0.27;389.78;21.42;1459;51;5059.00;552
12775;35;622156737;12775;649;14232;14782;4.22;0.26;389.83;21.42;1457;51;5060.00;550
12779;35;622156757;12779;661;14237;14786;4.15;0.26;389.79;21.41;1458;51;5061.00;549
12782;35;622156776;12782;659;14239;14787;4.12;0.25;389.75;21.41;1457;51;5062.00;548
12787;35;622156794;12787;668;14241;14787;4.07;0.25;389.73;21.41;1454;51;5063.00;546
12789;35;622156813;12789;672;14243;14791;4.02;0.25;389.69;21.41;1454;51;5064.00;548
12791;35;622156831;12791;680;14245;14791;3.97;0.24;389.71;21.41;1454;51;5065.00;546
12794;35;622156849;12794;687;14245;14791;3.91;0.24;389.79;21.41;1451;51;5066.00;546
12797;35;622156866;12797;696;14245;14792;3.85;0.24;389.76;21.41;1448;51;5067.00;547
12802;35;622156882;12802;695;14246;14792;3.75;0.23;389.82;21.41;1444;51;5068.00;546
12803;35;622156914;12803;702;14252;14798;3.76;0.23;389.79;21.40;1449;51;5069.00;546
12805;35;622156934;12805;700;14252;14798;3.72;0.23;389.81;21.40;1447;51;5070.00;546
12808;35;622156951;12808;697;14252;14799;3.66;0.22;389.82;21.40;1444;51;5071.00;547
12809;35;622156969;12809;698;14252;14799;3.64;0.22;389.81;21.40;1443;51;5072.00;547
12811;35;622156985;12811;700;14252;14799;3.62;0.22;389.76;21.40;1441;51;5073.00;547
12814;35;622157002;12814;707;14252;14799;3.56;0.22;389.76;21.40;1438;51;5074.00;547
12815;35;622157020;12815;712;14252;14799;3.51;0.21;389.74;21.40;1437;51;5075.00;547
12816;35;622157038;12816;720;14260;14811;3.51;0.21;389.73;21.39;1444;51;5076.00;551
12817;35;622157056;12817;726;14260;14811;3.48;0.21;389.73;21.39;1443;51;5077.00;551
12820;35;622157072;12820;727;14261;14811;3.45;0.21;389.65;21.39;1441;51;5078.00;550
12820;35;622157089;12820;723;14261;14811;3.43;0.21;389.65;21.39;1441;51;5079.00;550
12820;35;622157106;12820;719;14261;14811;3.45;0.21;389.65;21.39;1441;51;5080.00;550
12821;35;622157123;12821;717;14261;14811;3.45;0.21;389.66;21.39;1440;51;5081.00;550
12823;35;622157144;12823;716;14264;14815;3.45;0.21;389.62;21.38;1441;51;5082.00;551
12824;35;622157162;12824;701;14264;14815;3.48;0.21;389.63;21.38;1440;51;5083.00;551
12825;35;622157179;12825;692;14267;14819;3.56;0.22;389.60;21.38;1442;51;5084.00;552
12826;35;622157203;12826;675;14268;14821;3.60;0.22;389.64;21.38;1442;51;5085.00;553
12828;35;622157220;12828;666;14268;14821;3.67;0.22;389.65;21.38;1440;51;5086.00;553
12829;35;622157238;12829;655;14268;14821;3.72;0.23;389.62;21.38;1439;51;5087.00;553
12830;36;622157267;12830;651;14278;14834;3.83;0.23;389.63;21.36;1448;52;5088.00;556
12830;36;622157305;12830;651;14278;14834;3.91;0.24;389.63;21.36;1448;52;5089.00;556
12831;36;622157330;12831;645;14278;14834;3.97;0.24;389.61;21.36;1447;52;5090.00;556
12833;36;622157351;12833;635;14279;14835;4.00;0.24;389.59;21.36;1446;52;5091.00;556
12837;36;622157374;12837;635;14279;14836;3.98;0.24;389.57;21.36;1442;52;5092.00;557
12839;36;622157389;12839;639;14279;14836;3.98;0.24;389.55;21.36;1440;52;5093.00;557
12840;36;622157403;12840;642;14280;14839;3.98;0.24;389.53;21.36;1440;52;5094.00;559
12845;36;622157418;12845;640;14280;14839;3.93;0.24;389.50;21.36;1435;52;5095.00;559
12846;36;622157432;12846;646;14280;14839;3.94;0.24;389.48;21.36;1434;52;5096.00;559
12849;36;622157447;12849;650;14280;14839;3.91;0.24;389.47;21.36;1431;52;5097.00;559
12850;36;622157469;12850;649;14284;14845;3.93;0.24;389.45;21.35;1434;52;5098.00;561
12851;36;622157490;12851;655;14284;14845;3.91;0.24;389.44;21.35;1433;52;5099.00;561
12855;36;622157522;12855;657;14289;14864;3.86;0.24;389.44;21.35;1434;52;5100.00;575
12858;36;622157553;12858;651;14289;14864;3.90;0.24;389.39;21.35;1431;52;5101.00;575
12864;36;622157570;12864;643;14291;14868;3.93;0.24;389.38;21.34;1427;52;5102.00;577
12865;36;622157587;12865;636;14292;14869;3.97;0.24;389.38;21.34;1427;52;5103.00;577
12867;36;622157603;12867;634;14292;14869;4.04;0.25;389.42;21.34;1425;52;5104.00;577
12871;36;622157619;12871;626;14294;14870;4.05;0.25;389.38;21.34;1423;52;5105.00;576
12875;36;622157634;12875;622;14296;14870;4.11;0.25;389.37;21.34;1421;52;5106.00;574
12876;36;622157651;12876;617;14296;14870;4.18;0.25;389.37;21.34;1420;52;5107.00;574
12882;36;622157667;12882;610;14296;14870;4.23;0.26;389.43;21.34;1414;52;5108.00;574
12885;36;622157683;12885;592;14296;14870;4.28;0.26;389.40;21.34;1411;52;5109.00;574
12890;36;622157699;12890;588;14296;14870;4.31;0.26;389.41;21.34;1406;52;5110.00;574
12893;36;622157715;12893;576;14297;14870;4.38;0.26;389.58;21.34;1404;52;5111.00;573
12896;36;622157731;12896;585;14338;14940;4.41;0.27;389.63;21.28;1442;52;5112.00;602
12900;37;622157752;12900;575;14341;14941;4.47;0.27;389.78;21.27;1441;53;5113.00;600
12903;37;622157776;12903;560;14342;14941;4.53;0.27;389.81;21.27;1439;53;5114.00;599
12906;37;622157792;12906;549;14344;14941;4.57;0.28;389.81;21.27;1438;53;5115.00;597
12912;37;622157808;12912;543;14344;14941;4.56;0.28;390.10;21.27;1432;53;5116.00;597
12917;37;622157824;12917;526;14345;14941;4.55;0.28;390.19;21.27;1428;53;5117.00;596
12920;37;622157845;12920;522;14346;14941;4.55;0.28;390.23;21.27;1426;53;5118.00;595
12922;37;622157862;12922;523;14346;14941;4.57;0.28;390.29;21.27;1424;53;5119.00;595
12928;37;622157878;12928;516;14348;14942;4.53;0.27;390.25;21.27;1420;53;5120.00;594
12929;37;622157901;12929;518;14348;14943;4.59;0.28;390.36;21.27;1419;53;5121.00;595
12930;37;622157917;12930;525;14348;14943;4.62;0.28;390.35;21.27;1418;53;5122.00;595
12934;37;622157934;12934;524;14350;14947;4.59;0.28;390.48;21.27;1416;53;5123.00;597
12937;37;622157951;12937;522;14351;14947;4.64;0.28;390.47;21.27;1414;53;5124.00;596
12941;37;622157969;12941;528;14351;14947;4.64;0.28;390.52;21.27;1410;53;5125.00;596
12946;37;622157986;12946;521;14351;14947;4.61;0.28;390.49;21.27;1405;53;5126.00;596
12948;37;622158003;12948;517;14353;14953;4.63;0.28;390.49;21.26;1405;53;5127.00;600
12953;37;622158021;12953;518;14354;14953;4.60;0.28;390.52;21.27;1401;53;5128.00;599
12958;37;622158038;12958;521;14355;14953;4.52;0.27;390.60;21.27;1397;53;5129.00;598
12960;37;622158057;12960;523;14359;14959;4.51;0.27;390.63;21.28;1399;53;5130.00;600
12964;37;622158074;12964;524;14361;14959;4.50;0.27;390.69;21.28;1397;53;5131.00;598
12970;37;622158090;12970;524;14363;14959;4.48;0.27;390.73;21.42;1393;53;5132.00;596
12974;37;622158109;12974;530;14368;14960;4.46;0.27;390.80;21.72;1394;54;5133.00;592
12976;37;622158137;12976;518;14368;14961;4.45;0.27;390.89;21.72;1392;54;5134.00;593
12978;37;622158157;12978;525;14371;14961;4.48;0.27;390.91;21.72;1393;54;5135.00;590
12982;37;622158173;12982;521;14378;14974;4.51;0.27;390.94;21.72;1396;54;5136.00;596
12985;37;622158197;12985;520;14379;14974;4.48;0.27;390.97;21.73;1394;54;5137.00;595
12987;37;622158213;12987;514;14380;14974;4.51;0.27;390.94;21.73;1393;54;5138.00;594
12988;37;622158229;12988;511;14381;14975;4.52;0.27;390.95;21.74;1393;54;5139.00;594
12991;37;622158245;12991;512;14385;14975;4.49;0.27;390.94;21.76;1394;54;5140.00;590
12992;37;622158261;12992;508;14389;14979;4.55;0.28;390.93;21.77;1397;54;5141.00;590
12995;37;622158277;12995;513;14392;14979;4.57;0.28;390.95;21.78;1397;54;5142.00;587
12996;37;622158294;12996;515;14396;14983;4.57;0.28;390.93;21.78;1400;54;5143.00;587
12999;37;622158311;12999;518;14396;14983;4.56;0.28;390.94;21.78;1397;54;5144.00;587
13002;37;622158328;13002;520;14399;14983;4.54;0.28;391.01;21.80;1397;54;5145.00;584
13004;37;622158343;13004;518;14400;14983;4.49;0.27;391.06;21.80;1396;54;5146.00;583
13006;37;622158360;13006;510;14400;14983;4.47;0.27;391.08;21.80;1394;54;5147.00;583
13009;37;622158376;13009;506;14406;14995;4.43;0.27;391.13;21.80;1397;54;5148.00;589
13011;37;622158395;13011;506;14408;14995;4.43;0.27;391.13;21.81;1397;54;5149.00;587
13016;37;622158411;13016;506;14411;14995;4.42;0.27;391.19;21.82;1395;54;5150.00;584
13017;37;622158428;13017;500;14413;14995;4.46;0.27;391.18;22.08;1396;54;5151.00;582
13020;37;622158448;13020;499;14416;14995;4.49;0.27;391.24;22.09;1396;54;5152.00;579
13022;37;622158465;13022;514;14417;14995;4.48;0.27;391.26;22.10;1395;54;5153.00;578
13024;37;622158482;13024;513;14419;14996;4.48;0.27;391.21;22.11;1395;54;5154.00;577
13026;37;622158497;13026;519;14424;14998;4.46;0.27;391.28;22.11;1398;54;5155.00;574
13027;37;622158520;13027;511;14430;15004;4.41;0.27;391.29;22.12;1403;55;5156.00;574
13031;37;622158541;13031;501;14431;15005;4.39;0.27;391.39;22.12;1400;55;5157.00;574
13033;37;622158557;13033;494;14432;15005;4.36;0.27;391.39;22.12;1399;55;5158.00;573
13034;37;622158577;13034;492;14433;15005;4.39;0.27;391.38;22.12;1399;55;5159.00;572
13037;37;622158601;13037;490;14436;15010;4.39;0.27;391.50;22.12;1399;55;5160.00;574
13041;37;622158618;13041;490;14438;15010;4.39;0.27;391.72;22.13;1397;55;5161.00;572
13042;37;622158636;13042;490;14440;15010;4.39;0.27;391.73;22.25;1398;55;5162.00;570
13043;37;622158655;13043;494;14441;15011;4.43;0.27;391.81;22.25;1398;55;5163.00;570
13046;37;622158674;13046;500;14445;15015;4.43;0.27;391.87;22.25;1399;55;5164.00;570
13047;37;622158693;13047;506;14447;15015;4.40;0.27;391.95;22.25;1400;55;5165.00;568
13051;37;622158711;13051;512;14447;15018;4.36;0.27;392.12;22.25;1396;55;5166.00;571
13052;37;622158727;13052;516;14451;15018;4.33;0.26;392.12;22.26;1399;55;5167.00;567
13054;37;622158744;13054;508;14451;15018;4.30;0.26;392.20;22.26;1397;55;5168.00;567
13056;37;622158759;13056;514;14452;15018;4.29;0.26;392.28;22.26;1396;55;5169.00;566
13058;37;622158774;13058;520;14455;15022;4.31;0.26;392.33;22.26;1397;55;5170.00;567
13061;37;622158790;13061;525;14457;15022;4.33;0.26;392.38;22.26;1396;55;5171.00;565
13063;37;622158806;13063;527;14459;15022;4.36;0.27;392.47;22.28;1396;55;5172.00;563
13064;37;622158822;13064;525;14460;15022;4.40;0.27;392.46;22.29;1396;55;5173.00;562
13068;37;622158837;13068;526;14461;15023;4.39;0.27;392.50;22.30;1393;55;5174.00;562
13069;37;622158853;13069;524;14463;15025;4.39;0.27;392.52;22.30;1394;55;5175.00;562
13073;37;622158868;13073;525;14463;15025;4.39;0.27;392.71;22.30;1390;55;5176.00;562
13073;37;622158883;13073;525;14464;15026;4.37;0.27;392.71;22.30;1391;55;5177.00;562
13077;37;622158898;13077;527;14466;15026;4.35;0.27;392.72;22.32;1389;55;5178.00;560
13081;37;622158914;13081;530;14469;15026;4.33;0.26;392.86;22.46;1388;55;5179.00;557
13083;37;622158932;13083;527;14470;15026;4.33;0.26;392.88;22.46;1387;55;5180.00;556
13083;37;622158949;13083;522;14470;15026;4.35;0.27;392.88;22.46;1387;55;5181.00;556
13087;37;622158967;13087;519;14471;15026;4.35;0.27;392.87;22.47;1384;55;5182.00;555
13091;37;622158983;13091;525;14471;15026;4.30;0.26;392.92;22.47;1380;55;5183.00;555
13092;37;622159000;13092;549;14545;15153;4.44;0.28;392.95;22.38;1453;55;5184.00;608
13095;37;622159025;13095;541;14547;15154;4.45;0.28;392.97;22.39;1452;55;5185.00;607
13097;37;622159041;13097;535;14552;15154;4.46;0.28;392.98;22.39;1455;55;5186.00;602
13098;37;622159057;13098;528;14555;15154;4.53;0.28;392.97;22.40;1457;55;5187.00;599
13103;37;622159072;13103;532;14559;15154;4.51;0.28;392.94;22.40;1456;55;5188.00;595
13104;37;622159088;13104;532;14561;15154;4.52;0.28;392.93;22.40;1457;55;5189.00;593
13109;37;622159106;13109;529;14562;15154;4.50;0.28;393.00;22.40;1453;55;5190.00;592
13110;37;622159122;13110;521;14565;15154;4.49;0.28;393.03;22.41;1455;55;5191.00;589
13110;37;622159143;13110;537;14566;15155;4.51;0.28;393.03;22.41;1456;55;5192.00;589
13113;37;622159165;13113;536;14569;15156;4.51;0.28;393.05;22.41;1456;55;5193.00;587
13115;37;622159182;13115;532;14573;15156;4.53;0.28;393.06;22.42;1458;55;5194.00;583
13117;37;622159198;13117;539;14577;15157;4.52;0.28;393.05;22.43;1460;55;5195.00;580
13118;37;622159216;13118;545;14579;15157;4.47;0.28;393.06;22.43;1461;55;5196.00;578
13121;37;622159233;13121;554;14580;15157;4.45;0.28;393.08;22.43;1459;55;5197.00;577
13123;37;622159250;13123;555;14583;15157;4.40;0.27;393.20;22.55;1460;55;5198.00;574
13125;37;622159265;13125;563;14586;15161;4.38;0.27;393.19;22.56;1461;55;5199.00;575
13127;37;622159282;13127;566;14588;15161;4.38;0.27;393.21;22.56;1461;55;5200.00;573
13127;37;622159301;13127;566;14590;15161;4.39;0.27;393.21;22.57;1463;55;5201.00;571
13130;37;622159317;13130;568;14592;15164;4.37;0.27;393.19;22.57;1462;55;5202.00;572
13132;37;622159333;13132;565;14593;15164;4.37;0.27;393.17;22.57;1461;55;5203.00;571
13137;37;622159348;13137;569;14593;15164;4.35;0.27;393.15;22.57;1456;55;5204.00;571
13138;37;622159364;13138;569;14599;15168;4.38;0.27;393.15;22.57;1461;55;5205.00;569
13142;37;622159379;13142;567;14601;15169;4.36;0.27;393.24;22.58;1459;55;5206.00;568
13145;37;622159396;13145;572;14602;15169;4.35;0.27;393.24;22.58;1457;55;5207.00;567
13151;37;622159417;13151;574;14606;15173;4.35;0.27;393.27;22.70;1455;55;5208.00;567
13154;37;622159433;13154;583;14606;15173;4.30;0.26;393.26;22.70;1452;55;5209.00;567
13155;37;622159448;13155;579;14607;15173;4.26;0.26;393.27;22.71;1452;55;5210.00;566
13158;37;622159471;13158;585;14607;15174;4.22;0.26;393.26;22.71;1449;55;5211.00;567
13160;37;622159495;13160;601;14608;15174;4.19;0.26;393.21;22.71;1448;55;5212.00;566
13164;37;622159529;13164;600;14612;15180;4.21;0.26;393.15;22.71;1448;55;5213.00;568
13166;37;622159552;13166;614;14613;15180;4.19;0.26;393.13;22.71;1447;55;5214.00;567
13168;37;622159571;13168;616;14613;15180;4.15;0.25;393.09;22.71;1445;55;5215.00;567
13171;37;622159596;13171;611;14614;15181;4.12;0.25;393.05;22.71;1443;55;5216.00;567
13174;37;622159613;13174;618;14616;15181;4.09;0.25;393.04;22.72;1442;55;5217.00;565
13177;37;622159630;13177;624;14617;15181;4.08;0.25;392.99;22.84;1440;55;5218.00;564
13179;37;622159647;13179;636;14617;15181;4.02;0.25;392.97;22.84;1438;55;5219.00;564
13182;37;622159665;13182;646;14638;15217;4.12;0.25;392.94;22.80;1456;55;5220.00;579
13182;37;622159688;13182;648;14640;15217;4.11;0.25;392.94;22.81;1458;55;5221.00;577
13183;37;622159704;13183;654;14642;15217;4.09;0.25;392.91;22.80;1459;55;5222.00;575
13186;37;622159719;13186;656;14643;15217;4.05;0.25;392.84;22.80;1457;55;5223.00;574
13186;37;622159736;13186;668;14645;15217;4.03;0.25;392.84;22.80;1459;55;5224.00;572
13186;38;622159751;13186;673;14646;15217;4.01;0.25;392.84;22.80;1460;56;5225.00;571
13188;38;622159783;13188;680;14651;15221;4.01;0.25;392.82;22.79;1463;56;5226.00;570
13191;38;622159800;13191;684;14651;15221;3.93;0.24;392.79;22.79;1460;56;5227.00;570
13192;38;622159817;13192;688;14654;15225;3.91;0.24;392.78;22.79;1462;57;5228.00;571
13194;38;622159843;13194;687;14654;15226;3.87;0.24;392.87;22.79;1460;57;5229.00;572
13195;38;622159860;13195;696;14654;15226;3.83;0.23;392.85;22.79;1459;57;5230.00;572
13197;38;622159875;13197;702;14654;15226;3.78;0.23;392.83;22.79;1457;57;5231.00;572
13198;38;622159892;13198;706;14664;15239;3.76;0.23;392.80;22.77;1466;57;5232.00;575
13199;38;622159908;13199;705;14664;15239;3.73;0.23;392.80;22.77;1465;57;5233.00;575
13201;38;622159924;13201;715;14664;15239;3.71;0.23;392.78;22.77;1463;57;5234.00;575
13203;38;622159941;13203;710;14665;15240;3.71;0.23;392.75;22.77;1462;57;5235.00;575
13205;38;622159959;13205;697;14665;15241;3.71;0.23;392.72;22.77;1460;57;5236.00;576
13206;38;622159976;13206;691;14665;15241;3.73;0.23;392.74;22.77;1459;57;5237.00;576
13208;38;622159992;13208;691;14666;15244;3.76;0.23;392.72;22.77;1458;57;5238.00;578
13209;38;622160008;13209;685;14666;15244;3.77;0.23;392.71;22.77;1457;57;5239.00;578
13210;38;622160024;13210;679;14666;15244;3.79;0.23;392.70;22.77;1456;57;5240.00;578
13211;38;622160040;13211;676;14666;15244;3.80;0.23;392.70;22.77;1455;57;5241.00;578
13211;38;622160062;13211;688;14670;15250;3.88;0.24;392.70;22.76;1459;57;5242.00;580
13213;38;622160079;13213;681;14670;15250;3.88;0.24;392.66;22.76;1457;57;5243.00;580
13214;38;622160095;13214;683;14670;15250;3.89;0.24;392.67;22.76;1456;57;5244.00;580
13215;38;622160110;13215;685;14670;15250;3.89;0.24;392.67;22.76;1455;57;5245.00;580
13215;38;622160126;13215;692;14673;15254;3.84;0.23;392.67;22.76;1458;57;5246.00;581
13218;38;622160141;13218;691;14673;15255;3.81;0.23;392.62;22.76;1455;57;5247.00;582
13218;38;622160169;13218;693;14673;15255;3.82;0.23;392.62;22.76;1455;57;5248.00;582
13220;39;622160184;13220;696;14674;15256;3.79;0.23;392.60;22.76;1454;58;5249.00;582
13222;39;622160215;13222;688;14674;15256;3.76;0.23;392.56;22.76;1452;58;5250.00;582
13222;39;622160230;13222;695;14674;15256;3.81;0.23;392.56;22.76;1452;58;5251.00;582
13223;39;622160246;13223;686;14674;15256;3.85;0.23;392.55;22.76;1451;58;5252.00;582
13225;39;622160261;13225;683;14674;15256;3.86;0.23;392.59;22.76;1449;58;5253.00;582
13226;39;622160278;13226;686;14674;15256;3.92;0.24;392.59;22.76;1448;58;5254.00;582
13227;39;622160293;13227;668;14674;15256;3.98;0.24;392.58;22.76;1447;58;5255.00;582
13228;39;622160312;13228;671;14712;15326;4.16;0.25;392.58;22.70;1484;58;5256.00;614
13228;39;622160333;13228;662;14715;15327;4.16;0.25;392.58;22.69;1487;58;5257.00;612
13232;39;622160349;13232;654;14720;15327;4.16;0.25;392.55;22.69;1488;58;5258.00;607
13234;39;622160364;13234;649;14722;15327;4.17;0.25;392.57;22.68;1488;58;5259.00;605
13237;39;622160378;13237;645;14722;15327;4.14;0.25;392.66;22.68;1485;58;5260.00;605
13238;39;622160394;13238;649;14722;15327;4.13;0.25;392.65;22.68;1484;58;5261.00;605
13246;39;622160410;13246;644;14723;15327;4.05;0.25;392.78;22.68;1477;58;5262.00;604
13249;39;622160426;13249;651;14723;15327;4.02;0.24;392.95;22.68;1474;58;5263.00;604
13253;39;622160441;13253;657;14724;15328;4.00;0.24;392.97;22.68;1471;58;5264.00;604
13259;39;622160472;13259;659;14727;15330;3.92;0.24;393.13;22.68;1468;58;5265.00;603
13264;39;622160489;13264;655;14727;15330;3.88;0.24;393.17;22.68;1463;58;5266.00;603
13266;39;622160504;13266;667;14731;15334;3.84;0.23;393.15;22.67;1465;58;5267.00;603
13271;39;622160519;13271;673;14732;15334;3.78;0.23;393.33;22.67;1461;58;5268.00;602
13274;39;622160533;13274;678;14732;15334;3.73;0.23;393.36;22.67;1458;58;5269.00;602
13277;39;622160548;13277;668;14733;15334;3.66;0.22;393.36;22.67;1456;58;5270.00;601
13280;39;622160562;13280;664;14736;15340;3.70;0.23;393.36;22.67;1456;58;5271.00;604
13283;39;622160583;13283;652;14736;15340;3.71;0.23;393.41;22.67;1453;58;5272.00;604
13285;39;622160599;13285;639;14736;15340;3.76;0.23;393.37;22.67;1451;58;5273.00;604
13288;39;622160613;13288;636;14736;15343;3.80;0.23;393.35;22.67;1448;58;5274.00;607
13292;39;622160629;13292;624;14736;15343;3.84;0.23;393.42;22.67;1444;58;5275.00;607
13295;39;622160644;13295;616;14736;15343;3.87;0.24;393.48;22.67;1441;58;5276.00;607
13297;39;622160659;13297;604;14736;15344;3.89;0.24;393.49;22.67;1439;58;5277.00;608
13300;39;622160673;13300;594;14736;15345;3.90;0.24;393.60;22.67;1436;58;5278.00;609
13304;39;622160689;13304;582;14736;15345;3.92;0.24;393.71;22.67;1432;58;5279.00;609
13306;39;622160706;13306;574;14752;15371;4.04;0.25;393.72;22.64;1446;58;5280.00;619
13313;39;622160722;13313;563;14753;15371;4.09;0.25;393.74;22.64;1440;58;5281.00;618
13315;39;622160737;13315;553;14755;15371;4.15;0.25;393.83;22.64;1440;58;5282.00;616
13318;39;622160753;13318;540;14755;15372;4.24;0.26;393.87;22.64;1437;58;5283.00;617
13321;39;622160770;13321;532;14755;15372;4.31;0.26;393.97;22.64;1434;58;5284.00;617
13326;39;622160786;13326;515;14756;15376;4.38;0.27;393.97;22.64;1430;58;5285.00;620
13329;39;622160802;13329;508;14757;15376;4.43;0.27;394.08;22.64;1428;58;5286.00;619
13333;39;622160818;13333;498;14760;15379;4.49;0.27;394.11;22.63;1427;58;5287.00;619
13335;39;622160835;13335;494;14760;15380;4.56;0.28;394.08;22.63;1425;58;5288.00;620
13338;39;622160850;13338;492;14760;15380;4.59;0.28;394.16;22.63;1422;58;5289.00;620
13345;39;622160866;13345;483;14760;15380;4.62;0.28;394.28;22.63;1415;58;5290.00;620
13349;39;622160882;13349;482;14761;15380;4.66;0.29;394.38;22.64;1412;58;5291.00;619
13353;39;622160898;13353;482;14766;15392;4.72;0.29;394.60;22.63;1413;58;5292.00;626
13359;39;622160915;13359;480;14768;15392;4.77;0.29;394.56;22.63;1409;58;5293.00;624
13363;39;622160932;13363;475;14768;15392;4.78;0.29;394.63;22.63;1405;58;5294.00;624
13367;39;622160948;13367;471;14770;15392;4.80;0.29;394.71;22.64;1403;58;5295.00;622
13369;39;622160965;13369;476;14770;15392;4.86;0.30;394.74;22.64;1401;58;5296.00;622
13376;39;622160981;13376;472;14770;15392;4.84;0.30;395.03;22.64;1394;58;5297.00;622
13382;39;622160998;13382;474;14770;15393;4.84;0.30;395.06;22.64;1388;58;5298.00;623
13386;39;622161015;13386;473;14772;15393;4.85;0.30;395.10;22.65;1386;58;5299.00;621
13392;39;622161031;13392;467;14775;15399;4.83;0.30;395.28;22.64;1383;58;5300.00;624
13397;39;622161052;13397;472;14777;15400;4.81;0.29;395.33;22.65;1380;58;5301.00;623
13398;39;622161068;13398;466;14779;15400;4.86;0.30;395.34;22.78;1381;59;5302.00;621
13404;39;622161090;13404;471;14780;15400;4.87;0.30;395.39;22.79;1376;59;5303.00;620
13408;39;622161106;13408;466;14783;15404;4.92;0.30;395.44;22.79;1375;59;5304.00;621
13411;39;622161122;13411;459;14784;15404;4.90;0.30;395.50;22.79;1373;59;5305.00;620
13414;39;622161139;13414;454;14786;15404;4.87;0.30;395.54;22.80;1372;59;5306.00;618
13419;39;622161155;13419;457;14787;15405;4.88;0.30;395.63;22.81;1368;59;5307.00;618
13422;39;622161171;13422;458;14791;15409;4.88;0.30;395.64;22.80;1369;59;5308.00;618
13424;39;622161187;13424;463;14793;15409;4.83;0.30;395.64;22.80;1369;59;5309.00;616
13429;39;622161212;13429;466;14799;15415;4.75;0.29;395.77;22.81;1370;59;5310.00;616
13430;39;622161238;13430;467;14799;15415;4.73;0.29;395.75;22.81;1369;59;5311.00;616
13437;39;622161254;13437;468;14800;15415;4.64;0.28;395.82;22.81;1363;59;5312.00;615
13442;39;622161270;13442;471;14802;15415;4.53;0.28;395.93;22.82;1360;59;5313.00;613
13445;39;622161285;13445;486;14807;15419;4.46;0.27;395.96;22.82;1362;59;5314.00;612
13449;39;622161301;13449;493;14809;15419;4.41;0.27;396.05;22.83;1360;59;5315.00;610
13451;39;622161316;13451;500;14810;15419;4.32;0.26;396.05;22.83;1359;59;5316.00;609
13452;39;622161331;13452;497;14812;15419;4.27;0.26;396.05;22.84;1360;59;5317.00;607
13455;39;622161347;13455;504;14812;15420;4.23;0.26;396.04;22.84;1357;59;5318.00;608
13459;39;622161363;13459;498;14813;15421;4.20;0.26;396.06;22.85;1354;59;5319.00;608
13463;39;622161379;13463;499;14815;15421;4.21;0.25;396.14;22.87;1352;59;5320.00;606
13465;39;622161395;13465;502;14816;15422;4.26;0.26;396.14;22.86;1351;59;5321.00;606
13467;39;622161410;13467;502;14818;15422;4.30;0.26;396.17;22.88;1351;59;5322.00;604
13472;39;622161425;13472;509;14818;15422;4.29;0.26;396.20;22.88;1346;59;5323.00;604
13473;39;622161441;13473;513;14818;15422;4.30;0.26;396.19;22.88;1345;59;5324.00;604
13476;39;622161460;13476;516;14819;15422;4.27;0.26;396.28;22.89;1343;59;5325.00;603
13480;39;622161483;13480;519;14820;15422;4.23;0.26;396.36;22.89;1340;59;5326.00;602
13481;39;622161510;13481;511;14821;15422;4.27;0.26;396.46;22.90;1340;59;5327.00;601
13485;39;622161533;13485;537;14895;15549;4.38;0.27;396.59;22.79;1410;59;5328.00;654
13488;39;622161571;13488;529;14899;15550;4.41;0.27;396.58;22.80;1411;59;5329.00;651
13490;39;622161590;13490;515;14901;15550;4.48;0.28;396.61;22.80;1411;59;5330.00;649
13495;39;622161608;13495;510;14905;15550;4.54;0.28;396.61;22.80;1410;59;5331.00;645
13497;39;622161628;13497;509;14906;15550;4.60;0.28;396.64;22.81;1409;59;5332.00;644
13498;39;622161646;13498;505;14909;15550;4.67;0.29;396.63;22.94;1411;59;5333.00;641
13499;39;622161665;13499;503;14911;15550;4.72;0.29;396.72;22.94;1412;59;5334.00;639
13502;39;622161684;13502;500;14913;15550;4.72;0.29;396.72;22.94;1411;59;5335.00;637
13505;39;622161702;13505;510;14916;15551;4.70;0.29;396.90;22.95;1411;59;5336.00;635
13507;39;622161721;13507;502;14919;15552;4.68;0.29;396.93;22.96;1412;59;5337.00;633
13508;39;622161739;13508;501;14921;15552;4.65;0.29;396.91;22.96;1413;59;5338.00;631
13509;39;622161756;13509;500;14924;15553;4.63;0.28;396.91;22.96;1415;59;5339.00;629
13511;39;622161776;13511;503;14925;15553;4.64;0.29;397.00;22.96;1414;59;5340.00;628
13513;39;622161794;13513;503;14927;15553;4.63;0.28;396.99;22.97;1414;59;5341.00;626
13517;39;622161811;13517;501;14929;15553;4.60;0.28;397.09;22.98;1412;59;5342.00;624
13519;39;622161828;13519;507;14933;15557;4.61;0.28;397.08;22.98;1414;59;5343.00;624
13522;39;622161846;13522;506;14936;15557;4.60;0.28;397.18;22.99;1414;59;5344.00;621
13523;39;622161862;13523;504;14937;15557;4.60;0.28;397.27;23.00;1414;59;5345.00;620
13525;39;622161879;13525;506;14938;15560;4.60;0.28;397.29;23.01;1413;59;5346.00;622
13527;39;622161896;13527;508;14941;15560;4.61;0.28;397.38;23.01;1414;59;5347.00;619
13531;39;622161913;13531;507;14942;15560;4.58;0.28;397.41;23.01;1411;59;5348.00;618
13533;39;622161931;13533;516;14947;15564;4.62;0.28;397.41;23.13;1414;59;5349.00;617
13535;39;622161949;13535;519;14949;15565;4.63;0.28;397.45;23.14;1414;59;5350.00;616
13539;39;622161966;13539;527;14951;15565;4.61;0.28;397.46;23.15;1412;59;5351.00;614
13541;39;622161983;13541;532;14954;15569;4.60;0.28;397.44;23.14;1413;59;5352.00;615
13543;39;622162000;13543;538;14956;15569;4.58;0.28;397.46;23.15;1413;59;5353.00;613
13549;39;622162018;13549;536;14956;15569;4.53;0.28;397.40;23.15;1407;59;5354.00;613
13552;39;622162040;13552;543;14958;15571;4.49;0.27;397.39;23.15;1406;59;5355.00;613
13554;39;622162058;13554;554;14959;15571;4.46;0.27;397.42;23.16;1405;59;5356.00;612
13555;39;622162075;13555;558;14964;15577;4.48;0.27;397.43;23.16;1409;59;5357.00;613
13556;39;622162093;13556;564;14964;15577;4.46;0.27;397.43;23.16;1408;59;5358.00;613
13561;39;622162110;13561;564;14966;15577;4.43;0.27;397.54;23.17;1405;59;5359.00;611
13563;39;622162127;13563;556;14966;15578;4.45;0.27;397.49;23.17;1403;59;5360.00;612
13566;39;622162145;13566;552;14966;15578;4.41;0.27;397.53;23.17;1400;59;5361.00;612
13566;39;622162162;13566;550;14969;15578;4.37;0.27;397.53;23.29;1403;59;5362.00;609
13569;39;622162180;13569;551;14970;15578;4.37;0.27;397.55;23.30;1401;59;5363.00;608
13570;39;622162197;13570;548;14978;15590;4.40;0.27;397.55;23.29;1408;59;5364.00;612
13572;39;622162217;13572;551;14981;15590;4.41;0.27;397.53;23.30;1409;59;5365.00;609
13577;39;622162234;13577;559;14982;15590;4.42;0.27;397.52;23.30;1405;59;5366.00;608
13577;39;622162252;13577;553;14983;15590;4.45;0.27;397.52;23.30;1406;59;5367.00;607
13582;39;622162268;13582;559;14984;15590;4.45;0.27;397.65;23.30;1402;59;5368.00;606
13584;39;622162285;13584;554;14985;15590;4.46;0.27;397.63;23.31;1401;59;5369.00;605
13587;39;622162304;13587;547;14988;15594;4.41;0.27;397.64;23.30;1401;59;5370.00;606
13589;39;622162320;13589;555;14989;15594;4.39;0.27;397.63;23.31;1400;59;5371.00;605
13592;39;622162336;13592;551;14992;15598;4.39;0.27;397.67;23.30;1400;59;5372.00;606
13595;39;622162353;13595;547;14993;15599;4.32;0.26;397.63;23.30;1398;59;5373.00;606
13598;39;622162369;13598;553;14993;15599;4.27;0.26;397.62;23.30;1395;60;5374.00;606
13604;39;622162404;13604;557;14995;15599;4.23;0.26;397.60;23.42;1391;60;5375.00;604
13607;39;622162420;13607;562;15005;15612;4.26;0.26;397.53;23.40;1398;60;5376.00;607
13610;39;622162437;13610;562;15007;15612;4.28;0.26;397.54;23.40;1397;60;5377.00;605
13615;39;622162454;13615;567;15008;15612;4.27;0.26;397.55;23.41;1393;60;5378.00;604
13621;39;622162472;13621;576;15009;15613;4.28;0.26;397.46;23.41;1388;60;5379.00;604
13622;39;622162487;13622;574;15010;15614;4.30;0.26;397.45;23.41;1388;60;5380.00;604
13623;39;622162503;13623;582;15010;15614;4.27;0.26;397.43;23.41;1387;60;5381.00;604
13626;39;622162518;13626;585;15011;15617;4.29;0.26;397.42;23.41;1385;60;5382.00;606
13628;39;622162533;13628;598;15012;15617;4.26;0.26;397.46;23.41;1384;60;5383.00;605
13630;39;622162548;13630;600;15012;15617;4.24;0.26;397.41;23.41;1382;60;5384.00;605
13631;39;622162563;13631;601;15013;15617;4.25;0.26;397.41;23.41;1382;60;5385.00;604
13632;39;622162578;13632;609;15019;15623;4.27;0.26;397.48;23.41;1387;60;5386.00;604
13633;39;622162593;13633;599;15020;15623;4.26;0.26;397.46;23.41;1387;60;5387.00;603
13635;39;622162607;13635;594;15020;15623;4.26;0.26;397.44;23.41;1385;60;5388.00;603
13637;39;622162622;13637;593;15020;15623;4.27;0.26;397.45;23.41;1383;60;5389.00;603
13640;39;622162636;13640;597;15024;15627;4.26;0.26;397.46;23.41;1384;60;5390.00;603
13645;39;622162652;13645;592;15024;15628;4.21;0.26;397.51;23.41;1379;60;5391.00;604
13646;39;622162672;13646;591;15024;15628;4.21;0.26;397.51;23.41;1378;60;5392.00;604
13646;39;622162687;13646;589;15025;15629;4.20;0.26;397.51;23.41;1379;60;5393.00;604
13648;39;622162707;13648;588;15026;15629;4.20;0.26;397.56;23.41;1378;60;5394.00;603
13648;39;622162722;13648;583;15026;15629;4.23;0.26;397.56;23.41;1378;60;5395.00;603
13650;39;622162736;13650;586;15026;15629;4.24;0.26;397.54;23.41;1376;60;5396.00;603
13650;39;622162751;13650;593;15028;15629;4.26;0.26;397.54;23.42;1378;60;5397.00;601
13653;39;622162765;13653;591;15028;15629;4.28;0.26;397.53;23.42;1375;60;5398.00;601
13653;39;622162780;13653;590;15028;15629;4.31;0.26;397.53;23.42;1375;60;5399.00;601
